,Question,A,B,C,D,Answer,Subject
4,"Examine the following SVG code carefully and answer the question based on your interpretation of the rendered image.

<svg id=""Layer_1"" style=""enable-background:new 0 0 504 504;"" version=""1.1"" viewbox=""0 0 504 504"" x=""0px"" xml:space=""preserve"" y=""0px"">
 <circle cx=""255.076"" cy=""256.005"" r=""252"" style=""fill:#84DBFF;"">
 </circle>
 <path d=""M255.076,139.205c-75.6,0.0,-137.2,61.6,-137.2,137.2S179.476,413.605,255.076,413.605S392.276,352.005,392.276,276.405S330.676,139.205,255.076,139.205zM255.076,392.805c-55.6,0.0,-100.4,-44.8,-100.4,-100.4S199.476,192.005,255.076,192.005s100.4,44.8,100.4,100.4C355.476,347.605,310.676,392.805,255.076,392.805z"" style=""fill:#324A5E;"">
 </path>
 <path d=""M255.076,112.805c11.2,-13.6,26.4,-16.8,37.6,-12.4c26.8,10.0,33.2,48.4,10.0,72.4C255.076,222.405,255.076,222.405,255.076,222.405s0.0,0.0,-47.6,-49.6c-23.2,-24.0,-16.8,-62.4,10.0,-72.4C228.676,96.005,243.876,99.205,255.076,112.805z"" style=""fill:#F1543F;"">
 </path>
</svg>


Question: What shape is the main object in the image?",Square,Triangle,Rectangle,Circle,D,accessory
5,"Examine the following SVG code carefully and answer the question based on your interpretation of the rendered image.

<svg id=""Layer_1"" style=""enable-background:new 0 0 504 504;"" version=""1.1"" viewbox=""0 0 504 504"" x=""0px"" xml:space=""preserve"" y=""0px"">
 <circle cx=""255.076"" cy=""256.005"" r=""252"" style=""fill:#84DBFF;"">
 </circle>
 <path d=""M255.076,139.205c-75.6,0.0,-137.2,61.6,-137.2,137.2S179.476,413.605,255.076,413.605S392.276,352.005,392.276,276.405S330.676,139.205,255.076,139.205zM255.076,392.805c-55.6,0.0,-100.4,-44.8,-100.4,-100.4S199.476,192.005,255.076,192.005s100.4,44.8,100.4,100.4C355.476,347.605,310.676,392.805,255.076,392.805z"" style=""fill:#324A5E;"">
 </path>
 <path d=""M255.076,112.805c11.2,-13.6,26.4,-16.8,37.6,-12.4c26.8,10.0,33.2,48.4,10.0,72.4C255.076,222.405,255.076,222.405,255.076,222.405s0.0,0.0,-47.6,-49.6c-23.2,-24.0,-16.8,-62.4,10.0,-72.4C228.676,96.005,243.876,99.205,255.076,112.805z"" style=""fill:#F1543F;"">
 </path>
</svg>


Question: What color is the heart in the image?",Blue,Red,Green,Yellow,B,accessory
6,"Examine the following SVG code carefully and answer the question based on your interpretation of the rendered image.

<svg id=""Layer_1"" style=""enable-background:new 0 0 504 504;"" version=""1.1"" viewbox=""0 0 504 504"" x=""0px"" xml:space=""preserve"" y=""0px"">
 <circle cx=""255.076"" cy=""256.005"" r=""252"" style=""fill:#84DBFF;"">
 </circle>
 <path d=""M255.076,139.205c-75.6,0.0,-137.2,61.6,-137.2,137.2S179.476,413.605,255.076,413.605S392.276,352.005,392.276,276.405S330.676,139.205,255.076,139.205zM255.076,392.805c-55.6,0.0,-100.4,-44.8,-100.4,-100.4S199.476,192.005,255.076,192.005s100.4,44.8,100.4,100.4C355.476,347.605,310.676,392.805,255.076,392.805z"" style=""fill:#324A5E;"">
 </path>
 <path d=""M255.076,112.805c11.2,-13.6,26.4,-16.8,37.6,-12.4c26.8,10.0,33.2,48.4,10.0,72.4C255.076,222.405,255.076,222.405,255.076,222.405s0.0,0.0,-47.6,-49.6c-23.2,-24.0,-16.8,-62.4,10.0,-72.4C228.676,96.005,243.876,99.205,255.076,112.805z"" style=""fill:#F1543F;"">
 </path>
</svg>


Question: What is the background color of the image?",Red,Green,Blue,Yellow,C,accessory
7,"Examine the following SVG code carefully and answer the question based on your interpretation of the rendered image.

<svg id=""Layer_1"" style=""enable-background:new 0 0 504 504;"" version=""1.1"" viewbox=""0 0 504 504"" x=""0px"" xml:space=""preserve"" y=""0px"">
 <circle cx=""255.076"" cy=""256.005"" r=""252"" style=""fill:#84DBFF;"">
 </circle>
 <path d=""M255.076,139.205c-75.6,0.0,-137.2,61.6,-137.2,137.2S179.476,413.605,255.076,413.605S392.276,352.005,392.276,276.405S330.676,139.205,255.076,139.205zM255.076,392.805c-55.6,0.0,-100.4,-44.8,-100.4,-100.4S199.476,192.005,255.076,192.005s100.4,44.8,100.4,100.4C355.476,347.605,310.676,392.805,255.076,392.805z"" style=""fill:#324A5E;"">
 </path>
 <path d=""M255.076,112.805c11.2,-13.6,26.4,-16.8,37.6,-12.4c26.8,10.0,33.2,48.4,10.0,72.4C255.076,222.405,255.076,222.405,255.076,222.405s0.0,0.0,-47.6,-49.6c-23.2,-24.0,-16.8,-62.4,10.0,-72.4C228.676,96.005,243.876,99.205,255.076,112.805z"" style=""fill:#F1543F;"">
 </path>
</svg>


Question: What is the main object in the image?",ring,star,tree,house,A,accessory
8,"Examine the following SVG code carefully and answer the question based on your interpretation of the rendered image.

<svg id=""Layer_1"" style=""enable-background:new 0 0 512 512;"" version=""1.1"" viewbox=""0 0 512 512"" x=""0px"" xml:space=""preserve"" y=""0px"">
 <g>
  <path d=""M326.408,273.617c-4.783,0.0,-8.658,-3.877,-8.658,-8.658v-17.244c0.0,-11.251,-9.154,-20.405,-20.405,-20.405h-77.093c-11.251,0.0,-20.405,9.154,-20.405,20.405v17.244c0.0,4.782,-3.875,8.658,-8.658,8.658c-4.783,0.0,-8.658,-3.877,-8.658,-8.658v-17.244c0.0,-20.8,16.922,-37.722,37.722,-37.722h77.093c20.8,0.0,37.722,16.922,37.722,37.722v17.244C335.066,269.741,331.189,273.617,326.408,273.617z"" style=""fill:#F4C063;"">
  </path>
  <path d=""M385.543,273.617c-4.783,0.0,-8.658,-3.877,-8.658,-8.658V138.213c0.0,-65.115,-52.973,-118.088,-118.088,-118.088S140.709,73.098,140.709,138.213v126.746c0.0,4.782,-3.876,8.658,-8.658,8.658c-4.783,0.0,-8.658,-3.877,-8.658,-8.658V138.213C123.392,63.55,184.134,2.808,258.797,2.808s135.405,60.742,135.405,135.405v126.746C394.202,269.741,390.326,273.617,385.543,273.617z"" style=""fill:#F4C063;"">
  </path>
 </g>
 <path d=""M305.169,412.925h112.036v81.898c0.0,11.038,-8.948,19.985,-19.985,19.985H120.373c-11.038,0.0,-19.985,-8.948,-19.985,-19.985v-81.898h112.049"" style=""fill:#EC589B;"">
 </path>
 <polyline points=""305.169,402.559 417.205,402.559 417.205,442.152 100.389,442.152 100.389,402.559 212.438,402.559"" style=""fill:#D3468D;"">
 </polyline>
 <path d=""M303.261,412.925h107.428h18.524V294.0c0.0,-19.229,-15.585,-34.814,-34.825,-34.814H123.206c-19.229,0.0,-34.825,15.585,-34.825,34.814v118.925h18.524h107.44"" style=""fill:#EC589B;"">
 </path>
 <g>
  <path d=""M152.845,259.187h-29.638c-19.229,0.0,-34.825,15.585,-34.825,34.814v118.925h18.524h11.115V293.999C118.02,274.772,133.616,259.187,152.845,259.187z"" style=""fill:#D3468D;"">
  </path>
  <path d=""M118.878,412.925h10.115V514.808h-8.62c-11.038,0.0,-19.985,-8.948,-19.985,-19.985v-81.898h10.116"" style=""fill:#D3468D;"">
  </path>
 </g>
 <path d=""M285.576,359.208h-53.553c-9.764,0.0,-17.679,7.915,-17.679,17.679v68.371c0.0,9.764,7.915,17.679,17.679,17.679h53.553c9.764,0.0,17.679,-7.915,17.679,-17.679V376.888C303.256,367.123,295.34,359.208,285.576,359.208z"" style=""fill:#F4C063;"">
 </path>
 <rect height=""46.923"" style=""fill:#D8B356;"" width=""32.105"" x=""242.750"" y=""387.610"">
 </rect>
</svg>


Question: What is the primary color of the object in the image?",Blue,Green,Yellow,Pink,D,accessory
9,"Examine the following SVG code carefully and answer the question based on your interpretation of the rendered image.

<svg id=""Layer_1"" style=""enable-background:new 0 0 512 512;"" version=""1.1"" viewbox=""0 0 512 512"" x=""0px"" xml:space=""preserve"" y=""0px"">
 <g>
  <path d=""M326.408,273.617c-4.783,0.0,-8.658,-3.877,-8.658,-8.658v-17.244c0.0,-11.251,-9.154,-20.405,-20.405,-20.405h-77.093c-11.251,0.0,-20.405,9.154,-20.405,20.405v17.244c0.0,4.782,-3.875,8.658,-8.658,8.658c-4.783,0.0,-8.658,-3.877,-8.658,-8.658v-17.244c0.0,-20.8,16.922,-37.722,37.722,-37.722h77.093c20.8,0.0,37.722,16.922,37.722,37.722v17.244C335.066,269.741,331.189,273.617,326.408,273.617z"" style=""fill:#F4C063;"">
  </path>
  <path d=""M385.543,273.617c-4.783,0.0,-8.658,-3.877,-8.658,-8.658V138.213c0.0,-65.115,-52.973,-118.088,-118.088,-118.088S140.709,73.098,140.709,138.213v126.746c0.0,4.782,-3.876,8.658,-8.658,8.658c-4.783,0.0,-8.658,-3.877,-8.658,-8.658V138.213C123.392,63.55,184.134,2.808,258.797,2.808s135.405,60.742,135.405,135.405v126.746C394.202,269.741,390.326,273.617,385.543,273.617z"" style=""fill:#F4C063;"">
  </path>
 </g>
 <path d=""M305.169,412.925h112.036v81.898c0.0,11.038,-8.948,19.985,-19.985,19.985H120.373c-11.038,0.0,-19.985,-8.948,-19.985,-19.985v-81.898h112.049"" style=""fill:#EC589B;"">
 </path>
 <polyline points=""305.169,402.559 417.205,402.559 417.205,442.152 100.389,442.152 100.389,402.559 212.438,402.559"" style=""fill:#D3468D;"">
 </polyline>
 <path d=""M303.261,412.925h107.428h18.524V294.0c0.0,-19.229,-15.585,-34.814,-34.825,-34.814H123.206c-19.229,0.0,-34.825,15.585,-34.825,34.814v118.925h18.524h107.44"" style=""fill:#EC589B;"">
 </path>
 <g>
  <path d=""M152.845,259.187h-29.638c-19.229,0.0,-34.825,15.585,-34.825,34.814v118.925h18.524h11.115V293.999C118.02,274.772,133.616,259.187,152.845,259.187z"" style=""fill:#D3468D;"">
  </path>
  <path d=""M118.878,412.925h10.115V514.808h-8.62c-11.038,0.0,-19.985,-8.948,-19.985,-19.985v-81.898h10.116"" style=""fill:#D3468D;"">
  </path>
 </g>
 <path d=""M285.576,359.208h-53.553c-9.764,0.0,-17.679,7.915,-17.679,17.679v68.371c0.0,9.764,7.915,17.679,17.679,17.679h53.553c9.764,0.0,17.679,-7.915,17.679,-17.679V376.888C303.256,367.123,295.34,359.208,285.576,359.208z"" style=""fill:#F4C063;"">
 </path>
 <rect height=""46.923"" style=""fill:#D8B356;"" width=""32.105"" x=""242.750"" y=""387.610"">
 </rect>
</svg>


Question: What shape is the handle of the object?",Square,Circle,Triangle,U-shape,D,accessory
10,"Examine the following SVG code carefully and answer the question based on your interpretation of the rendered image.

<svg id=""Layer_1"" style=""enable-background:new 0 0 512 512;"" version=""1.1"" viewbox=""0 0 512 512"" x=""0px"" xml:space=""preserve"" y=""0px"">
 <g>
  <path d=""M326.408,273.617c-4.783,0.0,-8.658,-3.877,-8.658,-8.658v-17.244c0.0,-11.251,-9.154,-20.405,-20.405,-20.405h-77.093c-11.251,0.0,-20.405,9.154,-20.405,20.405v17.244c0.0,4.782,-3.875,8.658,-8.658,8.658c-4.783,0.0,-8.658,-3.877,-8.658,-8.658v-17.244c0.0,-20.8,16.922,-37.722,37.722,-37.722h77.093c20.8,0.0,37.722,16.922,37.722,37.722v17.244C335.066,269.741,331.189,273.617,326.408,273.617z"" style=""fill:#F4C063;"">
  </path>
  <path d=""M385.543,273.617c-4.783,0.0,-8.658,-3.877,-8.658,-8.658V138.213c0.0,-65.115,-52.973,-118.088,-118.088,-118.088S140.709,73.098,140.709,138.213v126.746c0.0,4.782,-3.876,8.658,-8.658,8.658c-4.783,0.0,-8.658,-3.877,-8.658,-8.658V138.213C123.392,63.55,184.134,2.808,258.797,2.808s135.405,60.742,135.405,135.405v126.746C394.202,269.741,390.326,273.617,385.543,273.617z"" style=""fill:#F4C063;"">
  </path>
 </g>
 <path d=""M305.169,412.925h112.036v81.898c0.0,11.038,-8.948,19.985,-19.985,19.985H120.373c-11.038,0.0,-19.985,-8.948,-19.985,-19.985v-81.898h112.049"" style=""fill:#EC589B;"">
 </path>
 <polyline points=""305.169,402.559 417.205,402.559 417.205,442.152 100.389,442.152 100.389,402.559 212.438,402.559"" style=""fill:#D3468D;"">
 </polyline>
 <path d=""M303.261,412.925h107.428h18.524V294.0c0.0,-19.229,-15.585,-34.814,-34.825,-34.814H123.206c-19.229,0.0,-34.825,15.585,-34.825,34.814v118.925h18.524h107.44"" style=""fill:#EC589B;"">
 </path>
 <g>
  <path d=""M152.845,259.187h-29.638c-19.229,0.0,-34.825,15.585,-34.825,34.814v118.925h18.524h11.115V293.999C118.02,274.772,133.616,259.187,152.845,259.187z"" style=""fill:#D3468D;"">
  </path>
  <path d=""M118.878,412.925h10.115V514.808h-8.62c-11.038,0.0,-19.985,-8.948,-19.985,-19.985v-81.898h10.116"" style=""fill:#D3468D;"">
  </path>
 </g>
 <path d=""M285.576,359.208h-53.553c-9.764,0.0,-17.679,7.915,-17.679,17.679v68.371c0.0,9.764,7.915,17.679,17.679,17.679h53.553c9.764,0.0,17.679,-7.915,17.679,-17.679V376.888C303.256,367.123,295.34,359.208,285.576,359.208z"" style=""fill:#F4C063;"">
 </path>
 <rect height=""46.923"" style=""fill:#D8B356;"" width=""32.105"" x=""242.750"" y=""387.610"">
 </rect>
</svg>


Question: What is the color of the buckle on the object?",Red,Yellow,Blue,Green,B,accessory
11,"Examine the following SVG code carefully and answer the question based on your interpretation of the rendered image.

<svg id=""Layer_1"" style=""enable-background:new 0 0 512 512;"" version=""1.1"" viewbox=""0 0 512 512"" x=""0px"" xml:space=""preserve"" y=""0px"">
 <g>
  <path d=""M326.408,273.617c-4.783,0.0,-8.658,-3.877,-8.658,-8.658v-17.244c0.0,-11.251,-9.154,-20.405,-20.405,-20.405h-77.093c-11.251,0.0,-20.405,9.154,-20.405,20.405v17.244c0.0,4.782,-3.875,8.658,-8.658,8.658c-4.783,0.0,-8.658,-3.877,-8.658,-8.658v-17.244c0.0,-20.8,16.922,-37.722,37.722,-37.722h77.093c20.8,0.0,37.722,16.922,37.722,37.722v17.244C335.066,269.741,331.189,273.617,326.408,273.617z"" style=""fill:#F4C063;"">
  </path>
  <path d=""M385.543,273.617c-4.783,0.0,-8.658,-3.877,-8.658,-8.658V138.213c0.0,-65.115,-52.973,-118.088,-118.088,-118.088S140.709,73.098,140.709,138.213v126.746c0.0,4.782,-3.876,8.658,-8.658,8.658c-4.783,0.0,-8.658,-3.877,-8.658,-8.658V138.213C123.392,63.55,184.134,2.808,258.797,2.808s135.405,60.742,135.405,135.405v126.746C394.202,269.741,390.326,273.617,385.543,273.617z"" style=""fill:#F4C063;"">
  </path>
 </g>
 <path d=""M305.169,412.925h112.036v81.898c0.0,11.038,-8.948,19.985,-19.985,19.985H120.373c-11.038,0.0,-19.985,-8.948,-19.985,-19.985v-81.898h112.049"" style=""fill:#EC589B;"">
 </path>
 <polyline points=""305.169,402.559 417.205,402.559 417.205,442.152 100.389,442.152 100.389,402.559 212.438,402.559"" style=""fill:#D3468D;"">
 </polyline>
 <path d=""M303.261,412.925h107.428h18.524V294.0c0.0,-19.229,-15.585,-34.814,-34.825,-34.814H123.206c-19.229,0.0,-34.825,15.585,-34.825,34.814v118.925h18.524h107.44"" style=""fill:#EC589B;"">
 </path>
 <g>
  <path d=""M152.845,259.187h-29.638c-19.229,0.0,-34.825,15.585,-34.825,34.814v118.925h18.524h11.115V293.999C118.02,274.772,133.616,259.187,152.845,259.187z"" style=""fill:#D3468D;"">
  </path>
  <path d=""M118.878,412.925h10.115V514.808h-8.62c-11.038,0.0,-19.985,-8.948,-19.985,-19.985v-81.898h10.116"" style=""fill:#D3468D;"">
  </path>
 </g>
 <path d=""M285.576,359.208h-53.553c-9.764,0.0,-17.679,7.915,-17.679,17.679v68.371c0.0,9.764,7.915,17.679,17.679,17.679h53.553c9.764,0.0,17.679,-7.915,17.679,-17.679V376.888C303.256,367.123,295.34,359.208,285.576,359.208z"" style=""fill:#F4C063;"">
 </path>
 <rect height=""46.923"" style=""fill:#D8B356;"" width=""32.105"" x=""242.750"" y=""387.610"">
 </rect>
</svg>


Question: What type of object is shown in the image?",Backpack,Suitcase,Wallet,Handbag,D,accessory
20,"Examine the following SVG code carefully and answer the question based on your interpretation of the rendered image.

<svg id=""Layer_1"" style=""enable-background:new 0 0 503.607 503.607;"" version=""1.1"" viewbox=""0 0 503.607 503.607"" x=""0px"" xml:space=""preserve"" y=""0px"">
 <g transform=""translate(1 1)"">
  <g>
   <path d=""M170.657,129.256c2.518,-8.393,6.715,-17.626,10.911,-26.859c19.305,-37.77,46.164,-57.075,80.577,-57.075c34.413,0.0,62.111,19.305,81.416,57.075c5.036,9.233,8.393,18.466,10.911,26.859h35.252C375.457,77.216,337.687,11.747,262.146,11.747c-74.702,0.0,-112.472,65.469,-127.58,117.508H170.657z"" style=""fill:#FFE100;"">
   </path>
   <path d=""M421.621,179.616c-20.144,56.236,-72.184,96.525,-134.295,100.721v33.574h-50.361v-33.574h-8.393c-65.469,0.0,-121.705,-41.967,-142.689,-100.721C64.9,224.941,10.342,355.039,10.342,456.6c0.0,0.0,16.787,41.967,243.41,41.967s243.41,-41.967,243.41,-41.967C497.162,355.039,442.605,224.941,421.621,179.616"" style=""fill:#FFE100;"">
   </path>
   <path d=""M77.49,129.256c0.0,83.095,67.987,151.082,151.082,151.082h8.393V246.764h50.361v32.734c79.738,-4.197,142.689,-69.666,142.689,-150.243H77.49z"" style=""fill:#FFE100;"">
   </path>
  </g>
  <g>
   <path d=""M421.621,179.616c-3.357,9.233,-7.554,18.466,-13.43,27.698c25.18,58.754,63.79,163.672,63.79,249.285c0.0,0.0,-15.948,40.289,-230.82,41.967c4.197,0.0,8.393,0.0,12.59,0.0c226.623,0.0,243.41,-41.967,243.41,-41.967C497.162,355.039,442.605,224.941,421.621,179.616"" style=""fill:#FFA800;"">
   </path>
   <path d=""M404.834,129.256c0.0,72.184,-50.361,131.777,-117.508,146.885v3.357c79.738,-4.197,142.689,-69.666,142.689,-150.243H404.834z"" style=""fill:#FFA800;"">
   </path>
  </g>
  <g>
   <path d=""M86.723,179.616c3.357,9.233,7.554,18.466,13.43,27.698c-25.18,57.915,-64.63,163.672,-64.63,249.285c0.0,0.0,15.948,40.289,230.82,41.967c-4.197,0.0,-8.393,0.0,-12.59,0.0c-226.623,0.0,-243.41,-41.967,-243.41,-41.967C10.342,355.039,65.739,224.941,86.723,179.616"" style=""fill:#FFFFFF;"">
   </path>
   <path d=""M102.67,129.256c0.0,72.184,50.361,131.777,117.508,146.885v3.357c-78.898,-4.197,-142.689,-69.666,-142.689,-150.243H102.67z"" style=""fill:#FFFFFF;"">
   </path>
  </g>
  <g>
   <polygon points=""278.933,246.764 245.359,246.764 245.359,213.190 262.146,196.403 278.933,213.190"" style=""fill:#FDCC00;"">
   </polygon>
   <polygon points=""245.359,313.911 278.933,313.911 278.933,347.485 262.146,364.272 245.359,347.485"" style=""fill:#FDCC00;"">
   </polygon>
  </g>
  <polygon points=""236.965,313.911 287.326,313.911 287.326,246.764 236.965,246.764"" style=""fill:#00DA6C;"">
  </polygon>
  <path d=""M390.565,137.649C390.565,137.649,389.726,137.649,390.565,137.649h-36.092c-3.357,0.0,-6.715,-2.518,-7.554,-5.875c-3.357,-9.233,-6.715,-17.626,-10.911,-26.02c-17.626,-34.413,-41.967,-52.039,-73.862,-52.039s-56.236,17.626,-73.862,52.879c-4.197,7.554,-7.554,15.948,-10.911,26.02c-0.839,3.357,-4.197,5.875,-7.554,5.875h-35.252c-2.518,0.0,-5.036,-0.839,-6.715,-3.357c-1.679,-2.518,-2.518,-5.036,-1.679,-7.554C135.405,98.2,168.978,3.354,262.146,3.354c92.328,0.0,126.741,91.489,135.134,121.705c0.839,0.839,0.839,2.518,0.839,4.197C398.959,134.292,394.762,137.649,390.565,137.649zM360.349,120.862h18.466C366.224,83.931,334.329,20.141,262.146,20.141c-71.344,0.0,-104.079,63.79,-115.829,100.721h18.466c2.518,-7.554,5.875,-15.108,9.233,-21.823c20.144,-41.128,50.361,-62.111,88.131,-62.111s67.987,20.984,88.97,62.111C354.474,105.754,357.831,113.308,360.349,120.862z"">
  </path>
  <path d=""M287.326,322.305h-50.361c-5.036,0.0,-8.393,-3.357,-8.393,-8.393V246.764c0.0,-5.036,3.357,-8.393,8.393,-8.393h50.361c5.036,0.0,8.393,3.357,8.393,8.393v67.148C295.719,318.947,292.362,322.305,287.326,322.305zM245.359,305.518h33.574v-50.361H245.359V305.518z"">
  </path>
  <path d=""M278.933,255.157H245.359c-5.036,0.0,-8.393,-3.357,-8.393,-8.393v-33.574c0.0,-2.518,0.839,-4.197,2.518,-5.875l16.787,-16.787c3.357,-3.357,8.393,-3.357,11.751,0.0l16.787,16.787c1.679,1.679,2.518,3.357,2.518,5.875v33.574C287.326,251.8,283.969,255.157,278.933,255.157zM253.752,238.37h16.787v-21.823l-8.393,-8.393l-8.393,8.393V238.37z"">
  </path>
  <path d=""M262.146,372.665c-2.518,0.0,-4.197,-0.839,-5.875,-2.518l-16.787,-16.787c-1.679,-1.679,-2.518,-3.357,-2.518,-5.875v-33.574c0.0,-5.036,3.357,-8.393,8.393,-8.393h33.574c5.036,0.0,8.393,3.357,8.393,8.393v33.574c0.0,2.518,-0.839,4.197,-2.518,5.875l-16.787,16.787C266.342,371.826,264.664,372.665,262.146,372.665zM253.752,344.128l8.393,8.393l8.393,-8.393v-21.823h-16.787V344.128z"">
  </path>
  <path d=""M253.752,506.961c-220.748,0.0,-247.607,-39.449,-250.964,-47.003c0.0,-0.839,-0.839,-1.679,-0.839,-3.357c0.0,-102.4,53.718,-229.98,76.38,-280.341c1.679,-3.357,4.197,-5.036,8.393,-5.036c3.357,0.0,6.715,2.518,7.554,5.875c20.144,56.236,74.702,94.846,134.295,94.846h8.393c5.036,0.0,8.393,3.357,8.393,8.393v25.18h33.574v-25.18c0.0,-4.197,3.357,-8.393,7.554,-8.393c57.915,-3.357,107.436,-40.289,126.741,-94.846c0.839,-3.357,4.197,-5.036,7.554,-5.875c3.357,0.0,6.715,1.679,8.393,5.036c22.662,50.361,76.38,177.941,76.38,280.341c0.0,0.839,0.0,2.518,-0.839,3.357C502.198,467.511,475.339,506.961,253.752,506.961zM18.736,454.082c5.036,5.036,41.967,36.092,235.016,36.092c190.531,0.0,229.141,-30.216,235.016,-36.092c-0.839,-88.131,-42.807,-196.407,-67.148,-253.482c-24.341,48.682,-71.344,81.416,-125.902,87.292v26.02c0.0,5.036,-3.357,8.393,-8.393,8.393h-50.361c-5.036,0.0,-8.393,-3.357,-8.393,-8.393v-25.18c-60.433,0.0,-115.83,-34.413,-142.689,-88.131C61.542,257.675,19.575,365.951,18.736,454.082z"">
  </path>
  <path d=""M236.965,288.731h-8.393c-87.292,0.0,-159.475,-71.344,-159.475,-159.475c0.0,-5.036,3.357,-8.393,8.393,-8.393h352.525c5.036,0.0,8.393,3.357,8.393,8.393c0.0,84.774,-66.308,154.439,-150.243,158.636c-2.518,0.0,-4.197,-0.839,-5.875,-2.518c-1.679,-1.679,-2.518,-4.197,-2.518,-5.875v-24.341h-33.574v25.18C245.359,285.374,242.001,288.731,236.965,288.731zM86.723,137.649c4.197,74.702,66.308,134.295,142.689,134.295v-25.18c0.0,-5.036,3.357,-8.393,8.393,-8.393h50.361c5.036,0.0,8.393,3.357,8.393,8.393v24.341c68.826,-8.393,121.705,-64.629,125.902,-133.456H86.723z"">
  </path>
 </g>
</svg>


Question: What is the primary color of the object?",Red,Blue,Green,Yellow,D,accessory
21,"Examine the following SVG code carefully and answer the question based on your interpretation of the rendered image.

<svg id=""Layer_1"" style=""enable-background:new 0 0 503.607 503.607;"" version=""1.1"" viewbox=""0 0 503.607 503.607"" x=""0px"" xml:space=""preserve"" y=""0px"">
 <g transform=""translate(1 1)"">
  <g>
   <path d=""M170.657,129.256c2.518,-8.393,6.715,-17.626,10.911,-26.859c19.305,-37.77,46.164,-57.075,80.577,-57.075c34.413,0.0,62.111,19.305,81.416,57.075c5.036,9.233,8.393,18.466,10.911,26.859h35.252C375.457,77.216,337.687,11.747,262.146,11.747c-74.702,0.0,-112.472,65.469,-127.58,117.508H170.657z"" style=""fill:#FFE100;"">
   </path>
   <path d=""M421.621,179.616c-20.144,56.236,-72.184,96.525,-134.295,100.721v33.574h-50.361v-33.574h-8.393c-65.469,0.0,-121.705,-41.967,-142.689,-100.721C64.9,224.941,10.342,355.039,10.342,456.6c0.0,0.0,16.787,41.967,243.41,41.967s243.41,-41.967,243.41,-41.967C497.162,355.039,442.605,224.941,421.621,179.616"" style=""fill:#FFE100;"">
   </path>
   <path d=""M77.49,129.256c0.0,83.095,67.987,151.082,151.082,151.082h8.393V246.764h50.361v32.734c79.738,-4.197,142.689,-69.666,142.689,-150.243H77.49z"" style=""fill:#FFE100;"">
   </path>
  </g>
  <g>
   <path d=""M421.621,179.616c-3.357,9.233,-7.554,18.466,-13.43,27.698c25.18,58.754,63.79,163.672,63.79,249.285c0.0,0.0,-15.948,40.289,-230.82,41.967c4.197,0.0,8.393,0.0,12.59,0.0c226.623,0.0,243.41,-41.967,243.41,-41.967C497.162,355.039,442.605,224.941,421.621,179.616"" style=""fill:#FFA800;"">
   </path>
   <path d=""M404.834,129.256c0.0,72.184,-50.361,131.777,-117.508,146.885v3.357c79.738,-4.197,142.689,-69.666,142.689,-150.243H404.834z"" style=""fill:#FFA800;"">
   </path>
  </g>
  <g>
   <path d=""M86.723,179.616c3.357,9.233,7.554,18.466,13.43,27.698c-25.18,57.915,-64.63,163.672,-64.63,249.285c0.0,0.0,15.948,40.289,230.82,41.967c-4.197,0.0,-8.393,0.0,-12.59,0.0c-226.623,0.0,-243.41,-41.967,-243.41,-41.967C10.342,355.039,65.739,224.941,86.723,179.616"" style=""fill:#FFFFFF;"">
   </path>
   <path d=""M102.67,129.256c0.0,72.184,50.361,131.777,117.508,146.885v3.357c-78.898,-4.197,-142.689,-69.666,-142.689,-150.243H102.67z"" style=""fill:#FFFFFF;"">
   </path>
  </g>
  <g>
   <polygon points=""278.933,246.764 245.359,246.764 245.359,213.190 262.146,196.403 278.933,213.190"" style=""fill:#FDCC00;"">
   </polygon>
   <polygon points=""245.359,313.911 278.933,313.911 278.933,347.485 262.146,364.272 245.359,347.485"" style=""fill:#FDCC00;"">
   </polygon>
  </g>
  <polygon points=""236.965,313.911 287.326,313.911 287.326,246.764 236.965,246.764"" style=""fill:#00DA6C;"">
  </polygon>
  <path d=""M390.565,137.649C390.565,137.649,389.726,137.649,390.565,137.649h-36.092c-3.357,0.0,-6.715,-2.518,-7.554,-5.875c-3.357,-9.233,-6.715,-17.626,-10.911,-26.02c-17.626,-34.413,-41.967,-52.039,-73.862,-52.039s-56.236,17.626,-73.862,52.879c-4.197,7.554,-7.554,15.948,-10.911,26.02c-0.839,3.357,-4.197,5.875,-7.554,5.875h-35.252c-2.518,0.0,-5.036,-0.839,-6.715,-3.357c-1.679,-2.518,-2.518,-5.036,-1.679,-7.554C135.405,98.2,168.978,3.354,262.146,3.354c92.328,0.0,126.741,91.489,135.134,121.705c0.839,0.839,0.839,2.518,0.839,4.197C398.959,134.292,394.762,137.649,390.565,137.649zM360.349,120.862h18.466C366.224,83.931,334.329,20.141,262.146,20.141c-71.344,0.0,-104.079,63.79,-115.829,100.721h18.466c2.518,-7.554,5.875,-15.108,9.233,-21.823c20.144,-41.128,50.361,-62.111,88.131,-62.111s67.987,20.984,88.97,62.111C354.474,105.754,357.831,113.308,360.349,120.862z"">
  </path>
  <path d=""M287.326,322.305h-50.361c-5.036,0.0,-8.393,-3.357,-8.393,-8.393V246.764c0.0,-5.036,3.357,-8.393,8.393,-8.393h50.361c5.036,0.0,8.393,3.357,8.393,8.393v67.148C295.719,318.947,292.362,322.305,287.326,322.305zM245.359,305.518h33.574v-50.361H245.359V305.518z"">
  </path>
  <path d=""M278.933,255.157H245.359c-5.036,0.0,-8.393,-3.357,-8.393,-8.393v-33.574c0.0,-2.518,0.839,-4.197,2.518,-5.875l16.787,-16.787c3.357,-3.357,8.393,-3.357,11.751,0.0l16.787,16.787c1.679,1.679,2.518,3.357,2.518,5.875v33.574C287.326,251.8,283.969,255.157,278.933,255.157zM253.752,238.37h16.787v-21.823l-8.393,-8.393l-8.393,8.393V238.37z"">
  </path>
  <path d=""M262.146,372.665c-2.518,0.0,-4.197,-0.839,-5.875,-2.518l-16.787,-16.787c-1.679,-1.679,-2.518,-3.357,-2.518,-5.875v-33.574c0.0,-5.036,3.357,-8.393,8.393,-8.393h33.574c5.036,0.0,8.393,3.357,8.393,8.393v33.574c0.0,2.518,-0.839,4.197,-2.518,5.875l-16.787,16.787C266.342,371.826,264.664,372.665,262.146,372.665zM253.752,344.128l8.393,8.393l8.393,-8.393v-21.823h-16.787V344.128z"">
  </path>
  <path d=""M253.752,506.961c-220.748,0.0,-247.607,-39.449,-250.964,-47.003c0.0,-0.839,-0.839,-1.679,-0.839,-3.357c0.0,-102.4,53.718,-229.98,76.38,-280.341c1.679,-3.357,4.197,-5.036,8.393,-5.036c3.357,0.0,6.715,2.518,7.554,5.875c20.144,56.236,74.702,94.846,134.295,94.846h8.393c5.036,0.0,8.393,3.357,8.393,8.393v25.18h33.574v-25.18c0.0,-4.197,3.357,-8.393,7.554,-8.393c57.915,-3.357,107.436,-40.289,126.741,-94.846c0.839,-3.357,4.197,-5.036,7.554,-5.875c3.357,0.0,6.715,1.679,8.393,5.036c22.662,50.361,76.38,177.941,76.38,280.341c0.0,0.839,0.0,2.518,-0.839,3.357C502.198,467.511,475.339,506.961,253.752,506.961zM18.736,454.082c5.036,5.036,41.967,36.092,235.016,36.092c190.531,0.0,229.141,-30.216,235.016,-36.092c-0.839,-88.131,-42.807,-196.407,-67.148,-253.482c-24.341,48.682,-71.344,81.416,-125.902,87.292v26.02c0.0,5.036,-3.357,8.393,-8.393,8.393h-50.361c-5.036,0.0,-8.393,-3.357,-8.393,-8.393v-25.18c-60.433,0.0,-115.83,-34.413,-142.689,-88.131C61.542,257.675,19.575,365.951,18.736,454.082z"">
  </path>
  <path d=""M236.965,288.731h-8.393c-87.292,0.0,-159.475,-71.344,-159.475,-159.475c0.0,-5.036,3.357,-8.393,8.393,-8.393h352.525c5.036,0.0,8.393,3.357,8.393,8.393c0.0,84.774,-66.308,154.439,-150.243,158.636c-2.518,0.0,-4.197,-0.839,-5.875,-2.518c-1.679,-1.679,-2.518,-4.197,-2.518,-5.875v-24.341h-33.574v25.18C245.359,285.374,242.001,288.731,236.965,288.731zM86.723,137.649c4.197,74.702,66.308,134.295,142.689,134.295v-25.18c0.0,-5.036,3.357,-8.393,8.393,-8.393h50.361c5.036,0.0,8.393,3.357,8.393,8.393v24.341c68.826,-8.393,121.705,-64.629,125.902,-133.456H86.723z"">
  </path>
 </g>
</svg>


Question: What shape is the handle of the object?",Square,Circular,Triangular,Arch,D,accessory
22,"Examine the following SVG code carefully and answer the question based on your interpretation of the rendered image.

<svg id=""Layer_1"" style=""enable-background:new 0 0 503.607 503.607;"" version=""1.1"" viewbox=""0 0 503.607 503.607"" x=""0px"" xml:space=""preserve"" y=""0px"">
 <g transform=""translate(1 1)"">
  <g>
   <path d=""M170.657,129.256c2.518,-8.393,6.715,-17.626,10.911,-26.859c19.305,-37.77,46.164,-57.075,80.577,-57.075c34.413,0.0,62.111,19.305,81.416,57.075c5.036,9.233,8.393,18.466,10.911,26.859h35.252C375.457,77.216,337.687,11.747,262.146,11.747c-74.702,0.0,-112.472,65.469,-127.58,117.508H170.657z"" style=""fill:#FFE100;"">
   </path>
   <path d=""M421.621,179.616c-20.144,56.236,-72.184,96.525,-134.295,100.721v33.574h-50.361v-33.574h-8.393c-65.469,0.0,-121.705,-41.967,-142.689,-100.721C64.9,224.941,10.342,355.039,10.342,456.6c0.0,0.0,16.787,41.967,243.41,41.967s243.41,-41.967,243.41,-41.967C497.162,355.039,442.605,224.941,421.621,179.616"" style=""fill:#FFE100;"">
   </path>
   <path d=""M77.49,129.256c0.0,83.095,67.987,151.082,151.082,151.082h8.393V246.764h50.361v32.734c79.738,-4.197,142.689,-69.666,142.689,-150.243H77.49z"" style=""fill:#FFE100;"">
   </path>
  </g>
  <g>
   <path d=""M421.621,179.616c-3.357,9.233,-7.554,18.466,-13.43,27.698c25.18,58.754,63.79,163.672,63.79,249.285c0.0,0.0,-15.948,40.289,-230.82,41.967c4.197,0.0,8.393,0.0,12.59,0.0c226.623,0.0,243.41,-41.967,243.41,-41.967C497.162,355.039,442.605,224.941,421.621,179.616"" style=""fill:#FFA800;"">
   </path>
   <path d=""M404.834,129.256c0.0,72.184,-50.361,131.777,-117.508,146.885v3.357c79.738,-4.197,142.689,-69.666,142.689,-150.243H404.834z"" style=""fill:#FFA800;"">
   </path>
  </g>
  <g>
   <path d=""M86.723,179.616c3.357,9.233,7.554,18.466,13.43,27.698c-25.18,57.915,-64.63,163.672,-64.63,249.285c0.0,0.0,15.948,40.289,230.82,41.967c-4.197,0.0,-8.393,0.0,-12.59,0.0c-226.623,0.0,-243.41,-41.967,-243.41,-41.967C10.342,355.039,65.739,224.941,86.723,179.616"" style=""fill:#FFFFFF;"">
   </path>
   <path d=""M102.67,129.256c0.0,72.184,50.361,131.777,117.508,146.885v3.357c-78.898,-4.197,-142.689,-69.666,-142.689,-150.243H102.67z"" style=""fill:#FFFFFF;"">
   </path>
  </g>
  <g>
   <polygon points=""278.933,246.764 245.359,246.764 245.359,213.190 262.146,196.403 278.933,213.190"" style=""fill:#FDCC00;"">
   </polygon>
   <polygon points=""245.359,313.911 278.933,313.911 278.933,347.485 262.146,364.272 245.359,347.485"" style=""fill:#FDCC00;"">
   </polygon>
  </g>
  <polygon points=""236.965,313.911 287.326,313.911 287.326,246.764 236.965,246.764"" style=""fill:#00DA6C;"">
  </polygon>
  <path d=""M390.565,137.649C390.565,137.649,389.726,137.649,390.565,137.649h-36.092c-3.357,0.0,-6.715,-2.518,-7.554,-5.875c-3.357,-9.233,-6.715,-17.626,-10.911,-26.02c-17.626,-34.413,-41.967,-52.039,-73.862,-52.039s-56.236,17.626,-73.862,52.879c-4.197,7.554,-7.554,15.948,-10.911,26.02c-0.839,3.357,-4.197,5.875,-7.554,5.875h-35.252c-2.518,0.0,-5.036,-0.839,-6.715,-3.357c-1.679,-2.518,-2.518,-5.036,-1.679,-7.554C135.405,98.2,168.978,3.354,262.146,3.354c92.328,0.0,126.741,91.489,135.134,121.705c0.839,0.839,0.839,2.518,0.839,4.197C398.959,134.292,394.762,137.649,390.565,137.649zM360.349,120.862h18.466C366.224,83.931,334.329,20.141,262.146,20.141c-71.344,0.0,-104.079,63.79,-115.829,100.721h18.466c2.518,-7.554,5.875,-15.108,9.233,-21.823c20.144,-41.128,50.361,-62.111,88.131,-62.111s67.987,20.984,88.97,62.111C354.474,105.754,357.831,113.308,360.349,120.862z"">
  </path>
  <path d=""M287.326,322.305h-50.361c-5.036,0.0,-8.393,-3.357,-8.393,-8.393V246.764c0.0,-5.036,3.357,-8.393,8.393,-8.393h50.361c5.036,0.0,8.393,3.357,8.393,8.393v67.148C295.719,318.947,292.362,322.305,287.326,322.305zM245.359,305.518h33.574v-50.361H245.359V305.518z"">
  </path>
  <path d=""M278.933,255.157H245.359c-5.036,0.0,-8.393,-3.357,-8.393,-8.393v-33.574c0.0,-2.518,0.839,-4.197,2.518,-5.875l16.787,-16.787c3.357,-3.357,8.393,-3.357,11.751,0.0l16.787,16.787c1.679,1.679,2.518,3.357,2.518,5.875v33.574C287.326,251.8,283.969,255.157,278.933,255.157zM253.752,238.37h16.787v-21.823l-8.393,-8.393l-8.393,8.393V238.37z"">
  </path>
  <path d=""M262.146,372.665c-2.518,0.0,-4.197,-0.839,-5.875,-2.518l-16.787,-16.787c-1.679,-1.679,-2.518,-3.357,-2.518,-5.875v-33.574c0.0,-5.036,3.357,-8.393,8.393,-8.393h33.574c5.036,0.0,8.393,3.357,8.393,8.393v33.574c0.0,2.518,-0.839,4.197,-2.518,5.875l-16.787,16.787C266.342,371.826,264.664,372.665,262.146,372.665zM253.752,344.128l8.393,8.393l8.393,-8.393v-21.823h-16.787V344.128z"">
  </path>
  <path d=""M253.752,506.961c-220.748,0.0,-247.607,-39.449,-250.964,-47.003c0.0,-0.839,-0.839,-1.679,-0.839,-3.357c0.0,-102.4,53.718,-229.98,76.38,-280.341c1.679,-3.357,4.197,-5.036,8.393,-5.036c3.357,0.0,6.715,2.518,7.554,5.875c20.144,56.236,74.702,94.846,134.295,94.846h8.393c5.036,0.0,8.393,3.357,8.393,8.393v25.18h33.574v-25.18c0.0,-4.197,3.357,-8.393,7.554,-8.393c57.915,-3.357,107.436,-40.289,126.741,-94.846c0.839,-3.357,4.197,-5.036,7.554,-5.875c3.357,0.0,6.715,1.679,8.393,5.036c22.662,50.361,76.38,177.941,76.38,280.341c0.0,0.839,0.0,2.518,-0.839,3.357C502.198,467.511,475.339,506.961,253.752,506.961zM18.736,454.082c5.036,5.036,41.967,36.092,235.016,36.092c190.531,0.0,229.141,-30.216,235.016,-36.092c-0.839,-88.131,-42.807,-196.407,-67.148,-253.482c-24.341,48.682,-71.344,81.416,-125.902,87.292v26.02c0.0,5.036,-3.357,8.393,-8.393,8.393h-50.361c-5.036,0.0,-8.393,-3.357,-8.393,-8.393v-25.18c-60.433,0.0,-115.83,-34.413,-142.689,-88.131C61.542,257.675,19.575,365.951,18.736,454.082z"">
  </path>
  <path d=""M236.965,288.731h-8.393c-87.292,0.0,-159.475,-71.344,-159.475,-159.475c0.0,-5.036,3.357,-8.393,8.393,-8.393h352.525c5.036,0.0,8.393,3.357,8.393,8.393c0.0,84.774,-66.308,154.439,-150.243,158.636c-2.518,0.0,-4.197,-0.839,-5.875,-2.518c-1.679,-1.679,-2.518,-4.197,-2.518,-5.875v-24.341h-33.574v25.18C245.359,285.374,242.001,288.731,236.965,288.731zM86.723,137.649c4.197,74.702,66.308,134.295,142.689,134.295v-25.18c0.0,-5.036,3.357,-8.393,8.393,-8.393h50.361c5.036,0.0,8.393,3.357,8.393,8.393v24.341c68.826,-8.393,121.705,-64.629,125.902,-133.456H86.723z"">
  </path>
 </g>
</svg>


Question: What color is the clasp of the object?",Green,Red,Blue,Yellow,A,accessory
23,"Examine the following SVG code carefully and answer the question based on your interpretation of the rendered image.

<svg id=""Layer_1"" style=""enable-background:new 0 0 503.607 503.607;"" version=""1.1"" viewbox=""0 0 503.607 503.607"" x=""0px"" xml:space=""preserve"" y=""0px"">
 <g transform=""translate(1 1)"">
  <g>
   <path d=""M170.657,129.256c2.518,-8.393,6.715,-17.626,10.911,-26.859c19.305,-37.77,46.164,-57.075,80.577,-57.075c34.413,0.0,62.111,19.305,81.416,57.075c5.036,9.233,8.393,18.466,10.911,26.859h35.252C375.457,77.216,337.687,11.747,262.146,11.747c-74.702,0.0,-112.472,65.469,-127.58,117.508H170.657z"" style=""fill:#FFE100;"">
   </path>
   <path d=""M421.621,179.616c-20.144,56.236,-72.184,96.525,-134.295,100.721v33.574h-50.361v-33.574h-8.393c-65.469,0.0,-121.705,-41.967,-142.689,-100.721C64.9,224.941,10.342,355.039,10.342,456.6c0.0,0.0,16.787,41.967,243.41,41.967s243.41,-41.967,243.41,-41.967C497.162,355.039,442.605,224.941,421.621,179.616"" style=""fill:#FFE100;"">
   </path>
   <path d=""M77.49,129.256c0.0,83.095,67.987,151.082,151.082,151.082h8.393V246.764h50.361v32.734c79.738,-4.197,142.689,-69.666,142.689,-150.243H77.49z"" style=""fill:#FFE100;"">
   </path>
  </g>
  <g>
   <path d=""M421.621,179.616c-3.357,9.233,-7.554,18.466,-13.43,27.698c25.18,58.754,63.79,163.672,63.79,249.285c0.0,0.0,-15.948,40.289,-230.82,41.967c4.197,0.0,8.393,0.0,12.59,0.0c226.623,0.0,243.41,-41.967,243.41,-41.967C497.162,355.039,442.605,224.941,421.621,179.616"" style=""fill:#FFA800;"">
   </path>
   <path d=""M404.834,129.256c0.0,72.184,-50.361,131.777,-117.508,146.885v3.357c79.738,-4.197,142.689,-69.666,142.689,-150.243H404.834z"" style=""fill:#FFA800;"">
   </path>
  </g>
  <g>
   <path d=""M86.723,179.616c3.357,9.233,7.554,18.466,13.43,27.698c-25.18,57.915,-64.63,163.672,-64.63,249.285c0.0,0.0,15.948,40.289,230.82,41.967c-4.197,0.0,-8.393,0.0,-12.59,0.0c-226.623,0.0,-243.41,-41.967,-243.41,-41.967C10.342,355.039,65.739,224.941,86.723,179.616"" style=""fill:#FFFFFF;"">
   </path>
   <path d=""M102.67,129.256c0.0,72.184,50.361,131.777,117.508,146.885v3.357c-78.898,-4.197,-142.689,-69.666,-142.689,-150.243H102.67z"" style=""fill:#FFFFFF;"">
   </path>
  </g>
  <g>
   <polygon points=""278.933,246.764 245.359,246.764 245.359,213.190 262.146,196.403 278.933,213.190"" style=""fill:#FDCC00;"">
   </polygon>
   <polygon points=""245.359,313.911 278.933,313.911 278.933,347.485 262.146,364.272 245.359,347.485"" style=""fill:#FDCC00;"">
   </polygon>
  </g>
  <polygon points=""236.965,313.911 287.326,313.911 287.326,246.764 236.965,246.764"" style=""fill:#00DA6C;"">
  </polygon>
  <path d=""M390.565,137.649C390.565,137.649,389.726,137.649,390.565,137.649h-36.092c-3.357,0.0,-6.715,-2.518,-7.554,-5.875c-3.357,-9.233,-6.715,-17.626,-10.911,-26.02c-17.626,-34.413,-41.967,-52.039,-73.862,-52.039s-56.236,17.626,-73.862,52.879c-4.197,7.554,-7.554,15.948,-10.911,26.02c-0.839,3.357,-4.197,5.875,-7.554,5.875h-35.252c-2.518,0.0,-5.036,-0.839,-6.715,-3.357c-1.679,-2.518,-2.518,-5.036,-1.679,-7.554C135.405,98.2,168.978,3.354,262.146,3.354c92.328,0.0,126.741,91.489,135.134,121.705c0.839,0.839,0.839,2.518,0.839,4.197C398.959,134.292,394.762,137.649,390.565,137.649zM360.349,120.862h18.466C366.224,83.931,334.329,20.141,262.146,20.141c-71.344,0.0,-104.079,63.79,-115.829,100.721h18.466c2.518,-7.554,5.875,-15.108,9.233,-21.823c20.144,-41.128,50.361,-62.111,88.131,-62.111s67.987,20.984,88.97,62.111C354.474,105.754,357.831,113.308,360.349,120.862z"">
  </path>
  <path d=""M287.326,322.305h-50.361c-5.036,0.0,-8.393,-3.357,-8.393,-8.393V246.764c0.0,-5.036,3.357,-8.393,8.393,-8.393h50.361c5.036,0.0,8.393,3.357,8.393,8.393v67.148C295.719,318.947,292.362,322.305,287.326,322.305zM245.359,305.518h33.574v-50.361H245.359V305.518z"">
  </path>
  <path d=""M278.933,255.157H245.359c-5.036,0.0,-8.393,-3.357,-8.393,-8.393v-33.574c0.0,-2.518,0.839,-4.197,2.518,-5.875l16.787,-16.787c3.357,-3.357,8.393,-3.357,11.751,0.0l16.787,16.787c1.679,1.679,2.518,3.357,2.518,5.875v33.574C287.326,251.8,283.969,255.157,278.933,255.157zM253.752,238.37h16.787v-21.823l-8.393,-8.393l-8.393,8.393V238.37z"">
  </path>
  <path d=""M262.146,372.665c-2.518,0.0,-4.197,-0.839,-5.875,-2.518l-16.787,-16.787c-1.679,-1.679,-2.518,-3.357,-2.518,-5.875v-33.574c0.0,-5.036,3.357,-8.393,8.393,-8.393h33.574c5.036,0.0,8.393,3.357,8.393,8.393v33.574c0.0,2.518,-0.839,4.197,-2.518,5.875l-16.787,16.787C266.342,371.826,264.664,372.665,262.146,372.665zM253.752,344.128l8.393,8.393l8.393,-8.393v-21.823h-16.787V344.128z"">
  </path>
  <path d=""M253.752,506.961c-220.748,0.0,-247.607,-39.449,-250.964,-47.003c0.0,-0.839,-0.839,-1.679,-0.839,-3.357c0.0,-102.4,53.718,-229.98,76.38,-280.341c1.679,-3.357,4.197,-5.036,8.393,-5.036c3.357,0.0,6.715,2.518,7.554,5.875c20.144,56.236,74.702,94.846,134.295,94.846h8.393c5.036,0.0,8.393,3.357,8.393,8.393v25.18h33.574v-25.18c0.0,-4.197,3.357,-8.393,7.554,-8.393c57.915,-3.357,107.436,-40.289,126.741,-94.846c0.839,-3.357,4.197,-5.036,7.554,-5.875c3.357,0.0,6.715,1.679,8.393,5.036c22.662,50.361,76.38,177.941,76.38,280.341c0.0,0.839,0.0,2.518,-0.839,3.357C502.198,467.511,475.339,506.961,253.752,506.961zM18.736,454.082c5.036,5.036,41.967,36.092,235.016,36.092c190.531,0.0,229.141,-30.216,235.016,-36.092c-0.839,-88.131,-42.807,-196.407,-67.148,-253.482c-24.341,48.682,-71.344,81.416,-125.902,87.292v26.02c0.0,5.036,-3.357,8.393,-8.393,8.393h-50.361c-5.036,0.0,-8.393,-3.357,-8.393,-8.393v-25.18c-60.433,0.0,-115.83,-34.413,-142.689,-88.131C61.542,257.675,19.575,365.951,18.736,454.082z"">
  </path>
  <path d=""M236.965,288.731h-8.393c-87.292,0.0,-159.475,-71.344,-159.475,-159.475c0.0,-5.036,3.357,-8.393,8.393,-8.393h352.525c5.036,0.0,8.393,3.357,8.393,8.393c0.0,84.774,-66.308,154.439,-150.243,158.636c-2.518,0.0,-4.197,-0.839,-5.875,-2.518c-1.679,-1.679,-2.518,-4.197,-2.518,-5.875v-24.341h-33.574v25.18C245.359,285.374,242.001,288.731,236.965,288.731zM86.723,137.649c4.197,74.702,66.308,134.295,142.689,134.295v-25.18c0.0,-5.036,3.357,-8.393,8.393,-8.393h50.361c5.036,0.0,8.393,3.357,8.393,8.393v24.341c68.826,-8.393,121.705,-64.629,125.902,-133.456H86.723z"">
  </path>
 </g>
</svg>


Question: What type of object is shown in the image?",Bag,Hat,Shoe,Book,A,accessory
24,"Examine the following SVG code carefully and answer the question based on your interpretation of the rendered image.

<svg id=""Layer_1"" style=""enable-background:new 0 0 512 512;"" version=""1.1"" viewbox=""0 0 512 512"" x=""0px"" xml:space=""preserve"" y=""0px"">
 <g>
  <g>
   <path d=""M483.146,270.589l-35.84,-35.84l-49.493,-49.493l-8.533,11.093c-5.973,6.827,-6.827,9.387,-6.827,19.627c0.0,17.92,12.8,34.987,30.72,40.96c-0.853,0.0,-11.093,8.533,-11.947,13.653c-21.333,-10.24,-35.84,-31.573,-35.84,-54.613c0.0,-13.653,2.56,-20.48,10.24,-30.72l9.387,-11.947l-33.28,-33.28l-6.827,5.973c-8.533,6.827,-21.333,10.24,-39.253,10.24c-33.28,0.0,-59.733,-26.453,-59.733,-59.733c0.0,-13.653,2.56,-20.48,10.24,-30.72l0.853,-0.853l10.24,-10.24L217.759,5.202C216.053,3.495,214.346,2.642,211.786,2.642H86.346l2.56,1.707c13.653,9.387,29.013,27.307,29.013,49.493c0.0,33.28,-26.453,59.733,-59.733,59.733h-25.6v179.2c3.413,0.0,7.68,0.0,11.093,0.0h5.973c33.28,0.0,59.733,26.453,59.733,59.733S82.933,412.242,49.653,412.242h-5.973c-4.267,0.0,-7.68,0.0,-11.093,0.0v42.667v51.2c0.0,5.12,3.413,8.533,8.533,8.533s8.533,-3.413,8.533,-8.533V463.442h17.067v42.667c0.0,5.12,3.413,8.533,8.533,8.533s8.533,-3.413,8.533,-8.533V463.442h17.067v42.667c0.0,5.12,3.413,8.533,8.533,8.533c5.12,0.0,8.533,-3.413,8.533,-8.533V463.442h8.533c0.0,-3.413,0.0,-7.68,0.0,-11.093v-5.973c0.0,-33.28,26.453,-59.733,59.733,-59.733c11.947,0.0,22.187,5.12,29.867,9.387l4.267,2.56v-15.36l-11.947,-5.973c-23.04,-8.533,-39.253,-33.28,-39.253,-58.88c0.0,-25.6,16.213,-49.493,38.4,-58.027l4.267,4.267v11.093c0.0,0.0,-25.6,23.893,-25.6,42.667c0.0,18.773,11.947,37.547,28.16,43.52h0.853l5.12,2.56v-88.747h2.56l25.6,25.6c9.387,0.0,22.187,0.0,23.04,0.0c23.893,0.0,42.667,-18.773,42.667,-42.667c0.0,-23.893,-18.773,-42.667,-42.667,-42.667S228.853,234.749,228.853,258.642h-8.533v-30.72c10.24,-17.067,29.867,-29.013,51.2,-29.013c33.28,0.0,59.733,26.453,59.733,59.733c0.0,33.28,-26.453,59.733,-59.733,59.733c0.0,0.0,-2.56,0.0,-5.973,0.0l48.64,48.64l35.84,35.84c1.707,1.707,4.267,2.56,5.973,2.56c2.56,0.0,4.267,-0.853,5.973,-2.56c3.413,-3.413,3.413,-8.533,0.0,-11.947L332.106,361.042l11.947,-11.947l29.867,29.867c1.707,1.707,4.267,2.56,5.973,2.56s4.267,-0.853,5.973,-2.56c3.413,-3.413,3.413,-8.533,0.0,-11.947l-29.013,-29.867l11.947,-11.947l29.867,29.867c1.707,1.707,4.267,2.56,5.973,2.56s4.267,-0.853,5.973,-2.56c3.413,-3.413,3.413,-8.533,0.0,-11.947L380.746,313.255l11.947,-11.947l29.867,29.867c1.707,1.707,4.267,2.56,5.973,2.56c2.56,0.0,4.267,-0.853,5.973,-2.56c3.413,-3.413,3.413,-8.533,0.0,-11.947l-29.867,-29.867l11.947,-11.947l29.867,29.867c1.707,1.707,4.267,2.56,5.973,2.56c2.56,0.0,4.267,-0.853,5.973,-2.56c3.413,-3.413,3.413,-8.533,0.0,-11.947l-30.72,-30.72l12.8,-11.947l30.72,30.72c1.707,1.707,4.267,2.56,5.973,2.56c2.56,0.0,4.267,-0.853,5.973,-2.56C486.559,279.122,486.559,274.002,483.146,270.589zM126.453,275.709c-33.28,0.0,-59.733,-26.453,-59.733,-59.733c0.0,-33.28,26.453,-59.733,59.733,-59.733c33.28,0.0,59.733,26.453,59.733,59.733C186.186,249.255,159.733,275.709,126.453,275.709zM203.253,53.842c-23.893,0.0,-42.667,18.773,-42.667,42.667c0.0,23.893,18.773,42.667,42.667,42.667V156.242c-33.28,0.0,-59.733,-26.453,-59.733,-59.733c0.0,-33.28,26.453,-59.733,59.733,-59.733V53.842z"">
   </path>
  </g>
 </g>
 <g>
  <g>
   <path d=""M49.653,309.842h-5.973c-4.267,0.0,-7.68,0.0,-11.093,0.0v85.333c3.413,0.0,7.68,0.0,11.093,0.0h5.973c23.893,0.0,42.667,-18.773,42.667,-42.667C92.319,328.615,73.546,309.842,49.653,309.842z"">
   </path>
  </g>
 </g>
 <g>
  <g>
   <path d=""M78.666,18.002L55.626,2.642H41.119c-5.12,0.0,-8.533,3.413,-8.533,8.533v85.333h25.6c23.893,0.0,42.667,-18.773,42.667,-42.667C100.853,38.482,89.759,25.682,78.666,18.002z"">
   </path>
  </g>
 </g>
 <g>
  <g>
   <path d=""M126.453,173.309c-23.893,0.0,-42.667,18.773,-42.667,42.667c0.0,23.893,18.773,42.667,42.667,42.667c23.893,0.0,42.667,-18.773,42.667,-42.667C169.119,192.082,150.346,173.309,126.453,173.309z"">
   </path>
  </g>
 </g>
 <g>
  <g>
   <path d=""M207.519,410.535c-5.973,-2.56,-13.653,-6.827,-21.333,-6.827c-23.893,0.0,-42.667,18.773,-42.667,42.667c-5.12,0.0,-8.533,3.413,-8.533,8.533v51.2c0.0,5.12,3.413,8.533,8.533,8.533s8.533,-3.413,8.533,-8.533V463.442h17.067v42.667c0.0,5.12,3.413,8.533,8.533,8.533s8.533,-3.413,8.533,-8.533V463.442h17.067v42.667c0.0,5.12,3.413,8.533,8.533,8.533s8.533,-3.413,8.533,-8.533v-51.2v-36.693L207.519,410.535z"">
   </path>
  </g>
 </g>
 <g>
  <g>
   <path d=""M280.053,66.642l-10.24,10.24c-5.973,6.827,-6.827,9.387,-6.827,19.627c0.0,23.893,18.773,42.667,42.667,42.667c13.653,0.0,23.04,-2.56,29.013,-6.827l5.973,-5.12L280.053,66.642z"">
   </path>
  </g>
 </g>
</svg>


Question: What shape is predominantly featured in the pattern on the object?",Squares,Triangles,Circles,Stars,C,accessory
25,"Examine the following SVG code carefully and answer the question based on your interpretation of the rendered image.

<svg id=""Layer_1"" style=""enable-background:new 0 0 512 512;"" version=""1.1"" viewbox=""0 0 512 512"" x=""0px"" xml:space=""preserve"" y=""0px"">
 <g>
  <g>
   <path d=""M483.146,270.589l-35.84,-35.84l-49.493,-49.493l-8.533,11.093c-5.973,6.827,-6.827,9.387,-6.827,19.627c0.0,17.92,12.8,34.987,30.72,40.96c-0.853,0.0,-11.093,8.533,-11.947,13.653c-21.333,-10.24,-35.84,-31.573,-35.84,-54.613c0.0,-13.653,2.56,-20.48,10.24,-30.72l9.387,-11.947l-33.28,-33.28l-6.827,5.973c-8.533,6.827,-21.333,10.24,-39.253,10.24c-33.28,0.0,-59.733,-26.453,-59.733,-59.733c0.0,-13.653,2.56,-20.48,10.24,-30.72l0.853,-0.853l10.24,-10.24L217.759,5.202C216.053,3.495,214.346,2.642,211.786,2.642H86.346l2.56,1.707c13.653,9.387,29.013,27.307,29.013,49.493c0.0,33.28,-26.453,59.733,-59.733,59.733h-25.6v179.2c3.413,0.0,7.68,0.0,11.093,0.0h5.973c33.28,0.0,59.733,26.453,59.733,59.733S82.933,412.242,49.653,412.242h-5.973c-4.267,0.0,-7.68,0.0,-11.093,0.0v42.667v51.2c0.0,5.12,3.413,8.533,8.533,8.533s8.533,-3.413,8.533,-8.533V463.442h17.067v42.667c0.0,5.12,3.413,8.533,8.533,8.533s8.533,-3.413,8.533,-8.533V463.442h17.067v42.667c0.0,5.12,3.413,8.533,8.533,8.533c5.12,0.0,8.533,-3.413,8.533,-8.533V463.442h8.533c0.0,-3.413,0.0,-7.68,0.0,-11.093v-5.973c0.0,-33.28,26.453,-59.733,59.733,-59.733c11.947,0.0,22.187,5.12,29.867,9.387l4.267,2.56v-15.36l-11.947,-5.973c-23.04,-8.533,-39.253,-33.28,-39.253,-58.88c0.0,-25.6,16.213,-49.493,38.4,-58.027l4.267,4.267v11.093c0.0,0.0,-25.6,23.893,-25.6,42.667c0.0,18.773,11.947,37.547,28.16,43.52h0.853l5.12,2.56v-88.747h2.56l25.6,25.6c9.387,0.0,22.187,0.0,23.04,0.0c23.893,0.0,42.667,-18.773,42.667,-42.667c0.0,-23.893,-18.773,-42.667,-42.667,-42.667S228.853,234.749,228.853,258.642h-8.533v-30.72c10.24,-17.067,29.867,-29.013,51.2,-29.013c33.28,0.0,59.733,26.453,59.733,59.733c0.0,33.28,-26.453,59.733,-59.733,59.733c0.0,0.0,-2.56,0.0,-5.973,0.0l48.64,48.64l35.84,35.84c1.707,1.707,4.267,2.56,5.973,2.56c2.56,0.0,4.267,-0.853,5.973,-2.56c3.413,-3.413,3.413,-8.533,0.0,-11.947L332.106,361.042l11.947,-11.947l29.867,29.867c1.707,1.707,4.267,2.56,5.973,2.56s4.267,-0.853,5.973,-2.56c3.413,-3.413,3.413,-8.533,0.0,-11.947l-29.013,-29.867l11.947,-11.947l29.867,29.867c1.707,1.707,4.267,2.56,5.973,2.56s4.267,-0.853,5.973,-2.56c3.413,-3.413,3.413,-8.533,0.0,-11.947L380.746,313.255l11.947,-11.947l29.867,29.867c1.707,1.707,4.267,2.56,5.973,2.56c2.56,0.0,4.267,-0.853,5.973,-2.56c3.413,-3.413,3.413,-8.533,0.0,-11.947l-29.867,-29.867l11.947,-11.947l29.867,29.867c1.707,1.707,4.267,2.56,5.973,2.56c2.56,0.0,4.267,-0.853,5.973,-2.56c3.413,-3.413,3.413,-8.533,0.0,-11.947l-30.72,-30.72l12.8,-11.947l30.72,30.72c1.707,1.707,4.267,2.56,5.973,2.56c2.56,0.0,4.267,-0.853,5.973,-2.56C486.559,279.122,486.559,274.002,483.146,270.589zM126.453,275.709c-33.28,0.0,-59.733,-26.453,-59.733,-59.733c0.0,-33.28,26.453,-59.733,59.733,-59.733c33.28,0.0,59.733,26.453,59.733,59.733C186.186,249.255,159.733,275.709,126.453,275.709zM203.253,53.842c-23.893,0.0,-42.667,18.773,-42.667,42.667c0.0,23.893,18.773,42.667,42.667,42.667V156.242c-33.28,0.0,-59.733,-26.453,-59.733,-59.733c0.0,-33.28,26.453,-59.733,59.733,-59.733V53.842z"">
   </path>
  </g>
 </g>
 <g>
  <g>
   <path d=""M49.653,309.842h-5.973c-4.267,0.0,-7.68,0.0,-11.093,0.0v85.333c3.413,0.0,7.68,0.0,11.093,0.0h5.973c23.893,0.0,42.667,-18.773,42.667,-42.667C92.319,328.615,73.546,309.842,49.653,309.842z"">
   </path>
  </g>
 </g>
 <g>
  <g>
   <path d=""M78.666,18.002L55.626,2.642H41.119c-5.12,0.0,-8.533,3.413,-8.533,8.533v85.333h25.6c23.893,0.0,42.667,-18.773,42.667,-42.667C100.853,38.482,89.759,25.682,78.666,18.002z"">
   </path>
  </g>
 </g>
 <g>
  <g>
   <path d=""M126.453,173.309c-23.893,0.0,-42.667,18.773,-42.667,42.667c0.0,23.893,18.773,42.667,42.667,42.667c23.893,0.0,42.667,-18.773,42.667,-42.667C169.119,192.082,150.346,173.309,126.453,173.309z"">
   </path>
  </g>
 </g>
 <g>
  <g>
   <path d=""M207.519,410.535c-5.973,-2.56,-13.653,-6.827,-21.333,-6.827c-23.893,0.0,-42.667,18.773,-42.667,42.667c-5.12,0.0,-8.533,3.413,-8.533,8.533v51.2c0.0,5.12,3.413,8.533,8.533,8.533s8.533,-3.413,8.533,-8.533V463.442h17.067v42.667c0.0,5.12,3.413,8.533,8.533,8.533s8.533,-3.413,8.533,-8.533V463.442h17.067v42.667c0.0,5.12,3.413,8.533,8.533,8.533s8.533,-3.413,8.533,-8.533v-51.2v-36.693L207.519,410.535z"">
   </path>
  </g>
 </g>
 <g>
  <g>
   <path d=""M280.053,66.642l-10.24,10.24c-5.973,6.827,-6.827,9.387,-6.827,19.627c0.0,23.893,18.773,42.667,42.667,42.667c13.653,0.0,23.04,-2.56,29.013,-6.827l5.973,-5.12L280.053,66.642z"">
   </path>
  </g>
 </g>
</svg>


Question: What is the primary color of the object?",Red,Blue,Green,Black,D,accessory
26,"Examine the following SVG code carefully and answer the question based on your interpretation of the rendered image.

<svg id=""Layer_1"" style=""enable-background:new 0 0 512 512;"" version=""1.1"" viewbox=""0 0 512 512"" x=""0px"" xml:space=""preserve"" y=""0px"">
 <g>
  <g>
   <path d=""M483.146,270.589l-35.84,-35.84l-49.493,-49.493l-8.533,11.093c-5.973,6.827,-6.827,9.387,-6.827,19.627c0.0,17.92,12.8,34.987,30.72,40.96c-0.853,0.0,-11.093,8.533,-11.947,13.653c-21.333,-10.24,-35.84,-31.573,-35.84,-54.613c0.0,-13.653,2.56,-20.48,10.24,-30.72l9.387,-11.947l-33.28,-33.28l-6.827,5.973c-8.533,6.827,-21.333,10.24,-39.253,10.24c-33.28,0.0,-59.733,-26.453,-59.733,-59.733c0.0,-13.653,2.56,-20.48,10.24,-30.72l0.853,-0.853l10.24,-10.24L217.759,5.202C216.053,3.495,214.346,2.642,211.786,2.642H86.346l2.56,1.707c13.653,9.387,29.013,27.307,29.013,49.493c0.0,33.28,-26.453,59.733,-59.733,59.733h-25.6v179.2c3.413,0.0,7.68,0.0,11.093,0.0h5.973c33.28,0.0,59.733,26.453,59.733,59.733S82.933,412.242,49.653,412.242h-5.973c-4.267,0.0,-7.68,0.0,-11.093,0.0v42.667v51.2c0.0,5.12,3.413,8.533,8.533,8.533s8.533,-3.413,8.533,-8.533V463.442h17.067v42.667c0.0,5.12,3.413,8.533,8.533,8.533s8.533,-3.413,8.533,-8.533V463.442h17.067v42.667c0.0,5.12,3.413,8.533,8.533,8.533c5.12,0.0,8.533,-3.413,8.533,-8.533V463.442h8.533c0.0,-3.413,0.0,-7.68,0.0,-11.093v-5.973c0.0,-33.28,26.453,-59.733,59.733,-59.733c11.947,0.0,22.187,5.12,29.867,9.387l4.267,2.56v-15.36l-11.947,-5.973c-23.04,-8.533,-39.253,-33.28,-39.253,-58.88c0.0,-25.6,16.213,-49.493,38.4,-58.027l4.267,4.267v11.093c0.0,0.0,-25.6,23.893,-25.6,42.667c0.0,18.773,11.947,37.547,28.16,43.52h0.853l5.12,2.56v-88.747h2.56l25.6,25.6c9.387,0.0,22.187,0.0,23.04,0.0c23.893,0.0,42.667,-18.773,42.667,-42.667c0.0,-23.893,-18.773,-42.667,-42.667,-42.667S228.853,234.749,228.853,258.642h-8.533v-30.72c10.24,-17.067,29.867,-29.013,51.2,-29.013c33.28,0.0,59.733,26.453,59.733,59.733c0.0,33.28,-26.453,59.733,-59.733,59.733c0.0,0.0,-2.56,0.0,-5.973,0.0l48.64,48.64l35.84,35.84c1.707,1.707,4.267,2.56,5.973,2.56c2.56,0.0,4.267,-0.853,5.973,-2.56c3.413,-3.413,3.413,-8.533,0.0,-11.947L332.106,361.042l11.947,-11.947l29.867,29.867c1.707,1.707,4.267,2.56,5.973,2.56s4.267,-0.853,5.973,-2.56c3.413,-3.413,3.413,-8.533,0.0,-11.947l-29.013,-29.867l11.947,-11.947l29.867,29.867c1.707,1.707,4.267,2.56,5.973,2.56s4.267,-0.853,5.973,-2.56c3.413,-3.413,3.413,-8.533,0.0,-11.947L380.746,313.255l11.947,-11.947l29.867,29.867c1.707,1.707,4.267,2.56,5.973,2.56c2.56,0.0,4.267,-0.853,5.973,-2.56c3.413,-3.413,3.413,-8.533,0.0,-11.947l-29.867,-29.867l11.947,-11.947l29.867,29.867c1.707,1.707,4.267,2.56,5.973,2.56c2.56,0.0,4.267,-0.853,5.973,-2.56c3.413,-3.413,3.413,-8.533,0.0,-11.947l-30.72,-30.72l12.8,-11.947l30.72,30.72c1.707,1.707,4.267,2.56,5.973,2.56c2.56,0.0,4.267,-0.853,5.973,-2.56C486.559,279.122,486.559,274.002,483.146,270.589zM126.453,275.709c-33.28,0.0,-59.733,-26.453,-59.733,-59.733c0.0,-33.28,26.453,-59.733,59.733,-59.733c33.28,0.0,59.733,26.453,59.733,59.733C186.186,249.255,159.733,275.709,126.453,275.709zM203.253,53.842c-23.893,0.0,-42.667,18.773,-42.667,42.667c0.0,23.893,18.773,42.667,42.667,42.667V156.242c-33.28,0.0,-59.733,-26.453,-59.733,-59.733c0.0,-33.28,26.453,-59.733,59.733,-59.733V53.842z"">
   </path>
  </g>
 </g>
 <g>
  <g>
   <path d=""M49.653,309.842h-5.973c-4.267,0.0,-7.68,0.0,-11.093,0.0v85.333c3.413,0.0,7.68,0.0,11.093,0.0h5.973c23.893,0.0,42.667,-18.773,42.667,-42.667C92.319,328.615,73.546,309.842,49.653,309.842z"">
   </path>
  </g>
 </g>
 <g>
  <g>
   <path d=""M78.666,18.002L55.626,2.642H41.119c-5.12,0.0,-8.533,3.413,-8.533,8.533v85.333h25.6c23.893,0.0,42.667,-18.773,42.667,-42.667C100.853,38.482,89.759,25.682,78.666,18.002z"">
   </path>
  </g>
 </g>
 <g>
  <g>
   <path d=""M126.453,173.309c-23.893,0.0,-42.667,18.773,-42.667,42.667c0.0,23.893,18.773,42.667,42.667,42.667c23.893,0.0,42.667,-18.773,42.667,-42.667C169.119,192.082,150.346,173.309,126.453,173.309z"">
   </path>
  </g>
 </g>
 <g>
  <g>
   <path d=""M207.519,410.535c-5.973,-2.56,-13.653,-6.827,-21.333,-6.827c-23.893,0.0,-42.667,18.773,-42.667,42.667c-5.12,0.0,-8.533,3.413,-8.533,8.533v51.2c0.0,5.12,3.413,8.533,8.533,8.533s8.533,-3.413,8.533,-8.533V463.442h17.067v42.667c0.0,5.12,3.413,8.533,8.533,8.533s8.533,-3.413,8.533,-8.533V463.442h17.067v42.667c0.0,5.12,3.413,8.533,8.533,8.533s8.533,-3.413,8.533,-8.533v-51.2v-36.693L207.519,410.535z"">
   </path>
  </g>
 </g>
 <g>
  <g>
   <path d=""M280.053,66.642l-10.24,10.24c-5.973,6.827,-6.827,9.387,-6.827,19.627c0.0,23.893,18.773,42.667,42.667,42.667c13.653,0.0,23.04,-2.56,29.013,-6.827l5.973,-5.12L280.053,66.642z"">
   </path>
  </g>
 </g>
</svg>


Question: How many fingers does the object have on one end?",Three,Four,Five,Six,D,accessory
27,"Examine the following SVG code carefully and answer the question based on your interpretation of the rendered image.

<svg id=""Layer_1"" style=""enable-background:new 0 0 512 512;"" version=""1.1"" viewbox=""0 0 512 512"" x=""0px"" xml:space=""preserve"" y=""0px"">
 <g>
  <g>
   <path d=""M483.146,270.589l-35.84,-35.84l-49.493,-49.493l-8.533,11.093c-5.973,6.827,-6.827,9.387,-6.827,19.627c0.0,17.92,12.8,34.987,30.72,40.96c-0.853,0.0,-11.093,8.533,-11.947,13.653c-21.333,-10.24,-35.84,-31.573,-35.84,-54.613c0.0,-13.653,2.56,-20.48,10.24,-30.72l9.387,-11.947l-33.28,-33.28l-6.827,5.973c-8.533,6.827,-21.333,10.24,-39.253,10.24c-33.28,0.0,-59.733,-26.453,-59.733,-59.733c0.0,-13.653,2.56,-20.48,10.24,-30.72l0.853,-0.853l10.24,-10.24L217.759,5.202C216.053,3.495,214.346,2.642,211.786,2.642H86.346l2.56,1.707c13.653,9.387,29.013,27.307,29.013,49.493c0.0,33.28,-26.453,59.733,-59.733,59.733h-25.6v179.2c3.413,0.0,7.68,0.0,11.093,0.0h5.973c33.28,0.0,59.733,26.453,59.733,59.733S82.933,412.242,49.653,412.242h-5.973c-4.267,0.0,-7.68,0.0,-11.093,0.0v42.667v51.2c0.0,5.12,3.413,8.533,8.533,8.533s8.533,-3.413,8.533,-8.533V463.442h17.067v42.667c0.0,5.12,3.413,8.533,8.533,8.533s8.533,-3.413,8.533,-8.533V463.442h17.067v42.667c0.0,5.12,3.413,8.533,8.533,8.533c5.12,0.0,8.533,-3.413,8.533,-8.533V463.442h8.533c0.0,-3.413,0.0,-7.68,0.0,-11.093v-5.973c0.0,-33.28,26.453,-59.733,59.733,-59.733c11.947,0.0,22.187,5.12,29.867,9.387l4.267,2.56v-15.36l-11.947,-5.973c-23.04,-8.533,-39.253,-33.28,-39.253,-58.88c0.0,-25.6,16.213,-49.493,38.4,-58.027l4.267,4.267v11.093c0.0,0.0,-25.6,23.893,-25.6,42.667c0.0,18.773,11.947,37.547,28.16,43.52h0.853l5.12,2.56v-88.747h2.56l25.6,25.6c9.387,0.0,22.187,0.0,23.04,0.0c23.893,0.0,42.667,-18.773,42.667,-42.667c0.0,-23.893,-18.773,-42.667,-42.667,-42.667S228.853,234.749,228.853,258.642h-8.533v-30.72c10.24,-17.067,29.867,-29.013,51.2,-29.013c33.28,0.0,59.733,26.453,59.733,59.733c0.0,33.28,-26.453,59.733,-59.733,59.733c0.0,0.0,-2.56,0.0,-5.973,0.0l48.64,48.64l35.84,35.84c1.707,1.707,4.267,2.56,5.973,2.56c2.56,0.0,4.267,-0.853,5.973,-2.56c3.413,-3.413,3.413,-8.533,0.0,-11.947L332.106,361.042l11.947,-11.947l29.867,29.867c1.707,1.707,4.267,2.56,5.973,2.56s4.267,-0.853,5.973,-2.56c3.413,-3.413,3.413,-8.533,0.0,-11.947l-29.013,-29.867l11.947,-11.947l29.867,29.867c1.707,1.707,4.267,2.56,5.973,2.56s4.267,-0.853,5.973,-2.56c3.413,-3.413,3.413,-8.533,0.0,-11.947L380.746,313.255l11.947,-11.947l29.867,29.867c1.707,1.707,4.267,2.56,5.973,2.56c2.56,0.0,4.267,-0.853,5.973,-2.56c3.413,-3.413,3.413,-8.533,0.0,-11.947l-29.867,-29.867l11.947,-11.947l29.867,29.867c1.707,1.707,4.267,2.56,5.973,2.56c2.56,0.0,4.267,-0.853,5.973,-2.56c3.413,-3.413,3.413,-8.533,0.0,-11.947l-30.72,-30.72l12.8,-11.947l30.72,30.72c1.707,1.707,4.267,2.56,5.973,2.56c2.56,0.0,4.267,-0.853,5.973,-2.56C486.559,279.122,486.559,274.002,483.146,270.589zM126.453,275.709c-33.28,0.0,-59.733,-26.453,-59.733,-59.733c0.0,-33.28,26.453,-59.733,59.733,-59.733c33.28,0.0,59.733,26.453,59.733,59.733C186.186,249.255,159.733,275.709,126.453,275.709zM203.253,53.842c-23.893,0.0,-42.667,18.773,-42.667,42.667c0.0,23.893,18.773,42.667,42.667,42.667V156.242c-33.28,0.0,-59.733,-26.453,-59.733,-59.733c0.0,-33.28,26.453,-59.733,59.733,-59.733V53.842z"">
   </path>
  </g>
 </g>
 <g>
  <g>
   <path d=""M49.653,309.842h-5.973c-4.267,0.0,-7.68,0.0,-11.093,0.0v85.333c3.413,0.0,7.68,0.0,11.093,0.0h5.973c23.893,0.0,42.667,-18.773,42.667,-42.667C92.319,328.615,73.546,309.842,49.653,309.842z"">
   </path>
  </g>
 </g>
 <g>
  <g>
   <path d=""M78.666,18.002L55.626,2.642H41.119c-5.12,0.0,-8.533,3.413,-8.533,8.533v85.333h25.6c23.893,0.0,42.667,-18.773,42.667,-42.667C100.853,38.482,89.759,25.682,78.666,18.002z"">
   </path>
  </g>
 </g>
 <g>
  <g>
   <path d=""M126.453,173.309c-23.893,0.0,-42.667,18.773,-42.667,42.667c0.0,23.893,18.773,42.667,42.667,42.667c23.893,0.0,42.667,-18.773,42.667,-42.667C169.119,192.082,150.346,173.309,126.453,173.309z"">
   </path>
  </g>
 </g>
 <g>
  <g>
   <path d=""M207.519,410.535c-5.973,-2.56,-13.653,-6.827,-21.333,-6.827c-23.893,0.0,-42.667,18.773,-42.667,42.667c-5.12,0.0,-8.533,3.413,-8.533,8.533v51.2c0.0,5.12,3.413,8.533,8.533,8.533s8.533,-3.413,8.533,-8.533V463.442h17.067v42.667c0.0,5.12,3.413,8.533,8.533,8.533s8.533,-3.413,8.533,-8.533V463.442h17.067v42.667c0.0,5.12,3.413,8.533,8.533,8.533s8.533,-3.413,8.533,-8.533v-51.2v-36.693L207.519,410.535z"">
   </path>
  </g>
 </g>
 <g>
  <g>
   <path d=""M280.053,66.642l-10.24,10.24c-5.973,6.827,-6.827,9.387,-6.827,19.627c0.0,23.893,18.773,42.667,42.667,42.667c13.653,0.0,23.04,-2.56,29.013,-6.827l5.973,-5.12L280.053,66.642z"">
   </path>
  </g>
 </g>
</svg>


Question: What is the object in the image?",scarf,hat,shoe,bag,A,accessory
32,"Examine the following SVG code carefully and answer the question based on your interpretation of the rendered image.

<svg id=""Layer_1"" style=""enable-background:new 0 0 502.492 502.492;"" version=""1.1"" viewbox=""0 0 502.492 502.492"" x=""0px"" xml:space=""preserve"" y=""0px"">
 <g>
  <g>
   <path d=""M507.454,145.082c-0.002,-0.016,-0.004,-0.031,-0.006,-0.047c-0.026,-0.225,-0.06,-0.448,-0.102,-0.671c-0.014,-0.076,-0.028,-0.151,-0.044,-0.226c-0.044,-0.199,-0.095,-0.397,-0.152,-0.592c-0.014,-0.047,-0.025,-0.095,-0.039,-0.142c-0.999,-3.219,-3.831,-5.873,-8.005,-5.873h-0.002H96.22h-0.002c-0.003,0.0,-0.006,0.0,-0.009,0.0c-0.056,0.0,-0.108,0.006,-0.163,0.007c-0.084,0.002,-0.167,0.0,-0.252,0.005c-0.067,0.003,-0.133,0.009,-0.2,0.014c-0.398,0.026,-0.782,0.077,-1.153,0.151c-3.298,0.51,-7.983,1.584,-13.791,3.506c-10.477,3.467,-20.946,8.587,-30.747,15.704C14.847,182.374,-2.285,225.624,7.959,289.482c4.747,29.61,45.537,34.257,56.129,6.109c7.523,-19.993,15.441,-45.687,23.736,-77.656v146.22c0.0,4.636,3.758,8.393,8.393,8.393h402.885c4.636,0.0,8.393,-3.758,8.393,-8.393V146.397C507.515,145.958,507.501,145.519,507.454,145.082zM463.55,154.318l-132.314,66.157v-15.796c0.0,-4.636,-3.758,-8.393,-8.393,-8.393h-0.002h-50.359h-0.002c-4.636,0.0,-8.393,3.758,-8.393,8.393v15.795l-132.312,-66.156H463.55zM280.874,234.082c0.0,-0.009,0.002,-0.017,0.002,-0.026V213.073h33.572v50.361h-33.574V234.082zM48.377,289.678c-4.472,11.885,-21.796,9.911,-23.843,-2.855c-9.258,-57.704,5.374,-94.64,35.232,-116.321c8.045,-5.842,16.677,-10.123,25.321,-13.069C71.899,216.403,59.623,259.791,48.377,289.678zM104.611,355.761V159.505l159.475,79.738v32.584c0.0,4.636,3.758,8.393,8.393,8.393h50.361c4.636,0.0,8.393,-3.758,8.393,-8.393v-32.582l159.475,-79.738v196.254H104.611z"">
   </path>
  </g>
 </g>
</svg>


Question: What shape is the main body of the object?",Circle,Triangle,Rectangle,Hexagon,C,accessory
33,"Examine the following SVG code carefully and answer the question based on your interpretation of the rendered image.

<svg id=""Layer_1"" style=""enable-background:new 0 0 502.492 502.492;"" version=""1.1"" viewbox=""0 0 502.492 502.492"" x=""0px"" xml:space=""preserve"" y=""0px"">
 <g>
  <g>
   <path d=""M507.454,145.082c-0.002,-0.016,-0.004,-0.031,-0.006,-0.047c-0.026,-0.225,-0.06,-0.448,-0.102,-0.671c-0.014,-0.076,-0.028,-0.151,-0.044,-0.226c-0.044,-0.199,-0.095,-0.397,-0.152,-0.592c-0.014,-0.047,-0.025,-0.095,-0.039,-0.142c-0.999,-3.219,-3.831,-5.873,-8.005,-5.873h-0.002H96.22h-0.002c-0.003,0.0,-0.006,0.0,-0.009,0.0c-0.056,0.0,-0.108,0.006,-0.163,0.007c-0.084,0.002,-0.167,0.0,-0.252,0.005c-0.067,0.003,-0.133,0.009,-0.2,0.014c-0.398,0.026,-0.782,0.077,-1.153,0.151c-3.298,0.51,-7.983,1.584,-13.791,3.506c-10.477,3.467,-20.946,8.587,-30.747,15.704C14.847,182.374,-2.285,225.624,7.959,289.482c4.747,29.61,45.537,34.257,56.129,6.109c7.523,-19.993,15.441,-45.687,23.736,-77.656v146.22c0.0,4.636,3.758,8.393,8.393,8.393h402.885c4.636,0.0,8.393,-3.758,8.393,-8.393V146.397C507.515,145.958,507.501,145.519,507.454,145.082zM463.55,154.318l-132.314,66.157v-15.796c0.0,-4.636,-3.758,-8.393,-8.393,-8.393h-0.002h-50.359h-0.002c-4.636,0.0,-8.393,3.758,-8.393,8.393v15.795l-132.312,-66.156H463.55zM280.874,234.082c0.0,-0.009,0.002,-0.017,0.002,-0.026V213.073h33.572v50.361h-33.574V234.082zM48.377,289.678c-4.472,11.885,-21.796,9.911,-23.843,-2.855c-9.258,-57.704,5.374,-94.64,35.232,-116.321c8.045,-5.842,16.677,-10.123,25.321,-13.069C71.899,216.403,59.623,259.791,48.377,289.678zM104.611,355.761V159.505l159.475,79.738v32.584c0.0,4.636,3.758,8.393,8.393,8.393h50.361c4.636,0.0,8.393,-3.758,8.393,-8.393v-32.582l159.475,-79.738v196.254H104.611z"">
   </path>
  </g>
 </g>
</svg>


Question: What geometric feature is present on the top flap of the object?",Circle,Triangle,Square,Pentagon,B,accessory
34,"Examine the following SVG code carefully and answer the question based on your interpretation of the rendered image.

<svg id=""Layer_1"" style=""enable-background:new 0 0 502.492 502.492;"" version=""1.1"" viewbox=""0 0 502.492 502.492"" x=""0px"" xml:space=""preserve"" y=""0px"">
 <g>
  <g>
   <path d=""M507.454,145.082c-0.002,-0.016,-0.004,-0.031,-0.006,-0.047c-0.026,-0.225,-0.06,-0.448,-0.102,-0.671c-0.014,-0.076,-0.028,-0.151,-0.044,-0.226c-0.044,-0.199,-0.095,-0.397,-0.152,-0.592c-0.014,-0.047,-0.025,-0.095,-0.039,-0.142c-0.999,-3.219,-3.831,-5.873,-8.005,-5.873h-0.002H96.22h-0.002c-0.003,0.0,-0.006,0.0,-0.009,0.0c-0.056,0.0,-0.108,0.006,-0.163,0.007c-0.084,0.002,-0.167,0.0,-0.252,0.005c-0.067,0.003,-0.133,0.009,-0.2,0.014c-0.398,0.026,-0.782,0.077,-1.153,0.151c-3.298,0.51,-7.983,1.584,-13.791,3.506c-10.477,3.467,-20.946,8.587,-30.747,15.704C14.847,182.374,-2.285,225.624,7.959,289.482c4.747,29.61,45.537,34.257,56.129,6.109c7.523,-19.993,15.441,-45.687,23.736,-77.656v146.22c0.0,4.636,3.758,8.393,8.393,8.393h402.885c4.636,0.0,8.393,-3.758,8.393,-8.393V146.397C507.515,145.958,507.501,145.519,507.454,145.082zM463.55,154.318l-132.314,66.157v-15.796c0.0,-4.636,-3.758,-8.393,-8.393,-8.393h-0.002h-50.359h-0.002c-4.636,0.0,-8.393,3.758,-8.393,8.393v15.795l-132.312,-66.156H463.55zM280.874,234.082c0.0,-0.009,0.002,-0.017,0.002,-0.026V213.073h33.572v50.361h-33.574V234.082zM48.377,289.678c-4.472,11.885,-21.796,9.911,-23.843,-2.855c-9.258,-57.704,5.374,-94.64,35.232,-116.321c8.045,-5.842,16.677,-10.123,25.321,-13.069C71.899,216.403,59.623,259.791,48.377,289.678zM104.611,355.761V159.505l159.475,79.738v32.584c0.0,4.636,3.758,8.393,8.393,8.393h50.361c4.636,0.0,8.393,-3.758,8.393,-8.393v-32.582l159.475,-79.738v196.254H104.611z"">
   </path>
  </g>
 </g>
</svg>


Question: What is the shape of the buckle on the object?",Circle,Triangle,Square,Hexagon,C,accessory
35,"Examine the following SVG code carefully and answer the question based on your interpretation of the rendered image.

<svg id=""Layer_1"" style=""enable-background:new 0 0 502.492 502.492;"" version=""1.1"" viewbox=""0 0 502.492 502.492"" x=""0px"" xml:space=""preserve"" y=""0px"">
 <g>
  <g>
   <path d=""M507.454,145.082c-0.002,-0.016,-0.004,-0.031,-0.006,-0.047c-0.026,-0.225,-0.06,-0.448,-0.102,-0.671c-0.014,-0.076,-0.028,-0.151,-0.044,-0.226c-0.044,-0.199,-0.095,-0.397,-0.152,-0.592c-0.014,-0.047,-0.025,-0.095,-0.039,-0.142c-0.999,-3.219,-3.831,-5.873,-8.005,-5.873h-0.002H96.22h-0.002c-0.003,0.0,-0.006,0.0,-0.009,0.0c-0.056,0.0,-0.108,0.006,-0.163,0.007c-0.084,0.002,-0.167,0.0,-0.252,0.005c-0.067,0.003,-0.133,0.009,-0.2,0.014c-0.398,0.026,-0.782,0.077,-1.153,0.151c-3.298,0.51,-7.983,1.584,-13.791,3.506c-10.477,3.467,-20.946,8.587,-30.747,15.704C14.847,182.374,-2.285,225.624,7.959,289.482c4.747,29.61,45.537,34.257,56.129,6.109c7.523,-19.993,15.441,-45.687,23.736,-77.656v146.22c0.0,4.636,3.758,8.393,8.393,8.393h402.885c4.636,0.0,8.393,-3.758,8.393,-8.393V146.397C507.515,145.958,507.501,145.519,507.454,145.082zM463.55,154.318l-132.314,66.157v-15.796c0.0,-4.636,-3.758,-8.393,-8.393,-8.393h-0.002h-50.359h-0.002c-4.636,0.0,-8.393,3.758,-8.393,8.393v15.795l-132.312,-66.156H463.55zM280.874,234.082c0.0,-0.009,0.002,-0.017,0.002,-0.026V213.073h33.572v50.361h-33.574V234.082zM48.377,289.678c-4.472,11.885,-21.796,9.911,-23.843,-2.855c-9.258,-57.704,5.374,-94.64,35.232,-116.321c8.045,-5.842,16.677,-10.123,25.321,-13.069C71.899,216.403,59.623,259.791,48.377,289.678zM104.611,355.761V159.505l159.475,79.738v32.584c0.0,4.636,3.758,8.393,8.393,8.393h50.361c4.636,0.0,8.393,-3.758,8.393,-8.393v-32.582l159.475,-79.738v196.254H104.611z"">
   </path>
  </g>
 </g>
</svg>


Question: What is the object in the image?",Backpack,Suitcase,Envelope,Handbag,D,accessory
44,"Examine the following SVG code carefully and answer the question based on your interpretation of the rendered image.

<svg height=""386.693px"" id=""Capa_1"" style=""enable-background:new 0 0 386.693 386.693;"" version=""1.1"" viewbox=""0 0 386.693 386.693"" width=""386.693px"" x=""0px"" xml:space=""preserve"" y=""0px"">
 <g>
  <path d=""M224.098,175.828c-1.069,-0.976,-2.185,-1.824,-3.3,-2.515v-10.91c4.902,-4.078,10.131,-13.263,10.131,-33.926c0.0,-18.956,-5.286,-72.71,-15.08,-89.65c1.185,-6.32,0.139,-15.767,-2.545,-22.238c-3.265,-7.842,-8.97,-12.548,-15.854,-13.239c-0.191,-0.052,-0.61,-0.168,-1.133,-0.168L195.522,3.169l-1.046,0.157c-7.104,0.727,-12.815,5.432,-16.062,13.274c-2.689,6.472,-3.736,15.917,-2.545,22.238c-9.806,16.928,-15.087,70.694,-15.087,89.649c0.0,20.652,5.234,29.849,10.138,33.927v10.91c-1.133,0.691,-2.236,1.528,-3.312,2.515c-14.454,13.135,-31.196,59.679,-28.838,206.819c0.059,3.973,3.341,7.203,7.437,7.203c4.02,-0.082,7.244,-3.416,7.186,-7.436c-2.951,-184.981,25.213,-196.664,24.951,-196.676c1.696,0.0,3.434,-0.68,4.758,-1.871c1.546,-1.376,2.44,-3.363,2.44,-5.449v-20.524c0.0,-1.307,0.012,-3.294,-1.679,-4.95c-1.023,-0.988,-2.086,-1.714,-3.713,-1.929c-0.883,-0.889,-4.734,-5.804,-4.734,-22.541c0.0,-30.127,8.052,-72.837,12.159,-81.261h16.458c4.531,9.196,12.258,52.621,12.258,81.261c0.0,15.012,-3.23,21.257,-4.346,22.459c-1.511,0.204,-2.754,0.825,-3.938,1.975c-1.859,1.784,-1.859,4.131,-1.859,5.234v20.263c0.0,2.085,0.895,4.072,2.44,5.46c1.15,1.022,2.591,1.667,4.414,1.795c0.372,0.261,0.849,0.622,1.244,0.976c6.285,5.71,26.583,36.703,24.051,195.763c-0.07,4.02,3.16,7.354,7.25,7.436h0.081c3.974,0.0,7.25,-3.219,7.319,-7.191C255.283,235.497,238.54,188.952,224.098,175.828zM201.685,32.593h-11.671c0.059,-3.985,0.912,-9.33,3.056,-12.601c1.203,-1.835,2.226,-2.097,2.783,-2.155c0.558,0.058,1.586,0.32,2.788,2.167C200.767,23.264,201.628,28.608,201.685,32.593zM196.677,6.225L196.677,6.225L196.677,6.225L196.677,6.225z"">
  </path>
 </g>
</svg>


Question: What is the shape of the object in the image?",Circular,Triangular,Rectangular,Elongated,D,accessory
45,"Examine the following SVG code carefully and answer the question based on your interpretation of the rendered image.

<svg height=""386.693px"" id=""Capa_1"" style=""enable-background:new 0 0 386.693 386.693;"" version=""1.1"" viewbox=""0 0 386.693 386.693"" width=""386.693px"" x=""0px"" xml:space=""preserve"" y=""0px"">
 <g>
  <path d=""M224.098,175.828c-1.069,-0.976,-2.185,-1.824,-3.3,-2.515v-10.91c4.902,-4.078,10.131,-13.263,10.131,-33.926c0.0,-18.956,-5.286,-72.71,-15.08,-89.65c1.185,-6.32,0.139,-15.767,-2.545,-22.238c-3.265,-7.842,-8.97,-12.548,-15.854,-13.239c-0.191,-0.052,-0.61,-0.168,-1.133,-0.168L195.522,3.169l-1.046,0.157c-7.104,0.727,-12.815,5.432,-16.062,13.274c-2.689,6.472,-3.736,15.917,-2.545,22.238c-9.806,16.928,-15.087,70.694,-15.087,89.649c0.0,20.652,5.234,29.849,10.138,33.927v10.91c-1.133,0.691,-2.236,1.528,-3.312,2.515c-14.454,13.135,-31.196,59.679,-28.838,206.819c0.059,3.973,3.341,7.203,7.437,7.203c4.02,-0.082,7.244,-3.416,7.186,-7.436c-2.951,-184.981,25.213,-196.664,24.951,-196.676c1.696,0.0,3.434,-0.68,4.758,-1.871c1.546,-1.376,2.44,-3.363,2.44,-5.449v-20.524c0.0,-1.307,0.012,-3.294,-1.679,-4.95c-1.023,-0.988,-2.086,-1.714,-3.713,-1.929c-0.883,-0.889,-4.734,-5.804,-4.734,-22.541c0.0,-30.127,8.052,-72.837,12.159,-81.261h16.458c4.531,9.196,12.258,52.621,12.258,81.261c0.0,15.012,-3.23,21.257,-4.346,22.459c-1.511,0.204,-2.754,0.825,-3.938,1.975c-1.859,1.784,-1.859,4.131,-1.859,5.234v20.263c0.0,2.085,0.895,4.072,2.44,5.46c1.15,1.022,2.591,1.667,4.414,1.795c0.372,0.261,0.849,0.622,1.244,0.976c6.285,5.71,26.583,36.703,24.051,195.763c-0.07,4.02,3.16,7.354,7.25,7.436h0.081c3.974,0.0,7.25,-3.219,7.319,-7.191C255.283,235.497,238.54,188.952,224.098,175.828zM201.685,32.593h-11.671c0.059,-3.985,0.912,-9.33,3.056,-12.601c1.203,-1.835,2.226,-2.097,2.783,-2.155c0.558,0.058,1.586,0.32,2.788,2.167C200.767,23.264,201.628,28.608,201.685,32.593zM196.677,6.225L196.677,6.225L196.677,6.225L196.677,6.225z"">
  </path>
 </g>
</svg>


Question: How many distinct parts does the object have?",One,Two,Three,Four,B,accessory
46,"Examine the following SVG code carefully and answer the question based on your interpretation of the rendered image.

<svg height=""386.693px"" id=""Capa_1"" style=""enable-background:new 0 0 386.693 386.693;"" version=""1.1"" viewbox=""0 0 386.693 386.693"" width=""386.693px"" x=""0px"" xml:space=""preserve"" y=""0px"">
 <g>
  <path d=""M224.098,175.828c-1.069,-0.976,-2.185,-1.824,-3.3,-2.515v-10.91c4.902,-4.078,10.131,-13.263,10.131,-33.926c0.0,-18.956,-5.286,-72.71,-15.08,-89.65c1.185,-6.32,0.139,-15.767,-2.545,-22.238c-3.265,-7.842,-8.97,-12.548,-15.854,-13.239c-0.191,-0.052,-0.61,-0.168,-1.133,-0.168L195.522,3.169l-1.046,0.157c-7.104,0.727,-12.815,5.432,-16.062,13.274c-2.689,6.472,-3.736,15.917,-2.545,22.238c-9.806,16.928,-15.087,70.694,-15.087,89.649c0.0,20.652,5.234,29.849,10.138,33.927v10.91c-1.133,0.691,-2.236,1.528,-3.312,2.515c-14.454,13.135,-31.196,59.679,-28.838,206.819c0.059,3.973,3.341,7.203,7.437,7.203c4.02,-0.082,7.244,-3.416,7.186,-7.436c-2.951,-184.981,25.213,-196.664,24.951,-196.676c1.696,0.0,3.434,-0.68,4.758,-1.871c1.546,-1.376,2.44,-3.363,2.44,-5.449v-20.524c0.0,-1.307,0.012,-3.294,-1.679,-4.95c-1.023,-0.988,-2.086,-1.714,-3.713,-1.929c-0.883,-0.889,-4.734,-5.804,-4.734,-22.541c0.0,-30.127,8.052,-72.837,12.159,-81.261h16.458c4.531,9.196,12.258,52.621,12.258,81.261c0.0,15.012,-3.23,21.257,-4.346,22.459c-1.511,0.204,-2.754,0.825,-3.938,1.975c-1.859,1.784,-1.859,4.131,-1.859,5.234v20.263c0.0,2.085,0.895,4.072,2.44,5.46c1.15,1.022,2.591,1.667,4.414,1.795c0.372,0.261,0.849,0.622,1.244,0.976c6.285,5.71,26.583,36.703,24.051,195.763c-0.07,4.02,3.16,7.354,7.25,7.436h0.081c3.974,0.0,7.25,-3.219,7.319,-7.191C255.283,235.497,238.54,188.952,224.098,175.828zM201.685,32.593h-11.671c0.059,-3.985,0.912,-9.33,3.056,-12.601c1.203,-1.835,2.226,-2.097,2.783,-2.155c0.558,0.058,1.586,0.32,2.788,2.167C200.767,23.264,201.628,28.608,201.685,32.593zM196.677,6.225L196.677,6.225L196.677,6.225L196.677,6.225z"">
  </path>
 </g>
</svg>


Question: What is the top part of the object shaped like?",Loop,Circle,Square,Triangle,A,accessory
47,"Examine the following SVG code carefully and answer the question based on your interpretation of the rendered image.

<svg height=""386.693px"" id=""Capa_1"" style=""enable-background:new 0 0 386.693 386.693;"" version=""1.1"" viewbox=""0 0 386.693 386.693"" width=""386.693px"" x=""0px"" xml:space=""preserve"" y=""0px"">
 <g>
  <path d=""M224.098,175.828c-1.069,-0.976,-2.185,-1.824,-3.3,-2.515v-10.91c4.902,-4.078,10.131,-13.263,10.131,-33.926c0.0,-18.956,-5.286,-72.71,-15.08,-89.65c1.185,-6.32,0.139,-15.767,-2.545,-22.238c-3.265,-7.842,-8.97,-12.548,-15.854,-13.239c-0.191,-0.052,-0.61,-0.168,-1.133,-0.168L195.522,3.169l-1.046,0.157c-7.104,0.727,-12.815,5.432,-16.062,13.274c-2.689,6.472,-3.736,15.917,-2.545,22.238c-9.806,16.928,-15.087,70.694,-15.087,89.649c0.0,20.652,5.234,29.849,10.138,33.927v10.91c-1.133,0.691,-2.236,1.528,-3.312,2.515c-14.454,13.135,-31.196,59.679,-28.838,206.819c0.059,3.973,3.341,7.203,7.437,7.203c4.02,-0.082,7.244,-3.416,7.186,-7.436c-2.951,-184.981,25.213,-196.664,24.951,-196.676c1.696,0.0,3.434,-0.68,4.758,-1.871c1.546,-1.376,2.44,-3.363,2.44,-5.449v-20.524c0.0,-1.307,0.012,-3.294,-1.679,-4.95c-1.023,-0.988,-2.086,-1.714,-3.713,-1.929c-0.883,-0.889,-4.734,-5.804,-4.734,-22.541c0.0,-30.127,8.052,-72.837,12.159,-81.261h16.458c4.531,9.196,12.258,52.621,12.258,81.261c0.0,15.012,-3.23,21.257,-4.346,22.459c-1.511,0.204,-2.754,0.825,-3.938,1.975c-1.859,1.784,-1.859,4.131,-1.859,5.234v20.263c0.0,2.085,0.895,4.072,2.44,5.46c1.15,1.022,2.591,1.667,4.414,1.795c0.372,0.261,0.849,0.622,1.244,0.976c6.285,5.71,26.583,36.703,24.051,195.763c-0.07,4.02,3.16,7.354,7.25,7.436h0.081c3.974,0.0,7.25,-3.219,7.319,-7.191C255.283,235.497,238.54,188.952,224.098,175.828zM201.685,32.593h-11.671c0.059,-3.985,0.912,-9.33,3.056,-12.601c1.203,-1.835,2.226,-2.097,2.783,-2.155c0.558,0.058,1.586,0.32,2.788,2.167C200.767,23.264,201.628,28.608,201.685,32.593zM196.677,6.225L196.677,6.225L196.677,6.225L196.677,6.225z"">
  </path>
 </g>
</svg>


Question: What is the object in the image?",pliers,wrench,screwdriver,tongs,D,accessory
52,"Examine the following SVG code carefully and answer the question based on your interpretation of the rendered image.

<svg id=""Layer_1"" style=""enable-background:new 0 0 502 502;"" version=""1.1"" viewbox=""0 0 502 502"" x=""0px"" xml:space=""preserve"" y=""0px"">
 <g>
  <g>
   <g>
    <path d=""M494.684,148.419H375.984l-27.375,-47.415c-1.786,-3.094,-5.088,-5.0,-8.66,-5.0h-172.53c-3.572,0.0,-6.874,1.906,-8.66,5.0L131.384,148.419H12.684c-5.522,0.0,-10.0,4.478,-10.0,10.0v194.0c0.0,5.522,4.478,10.0,10.0,10.0h118.7l27.375,47.415c1.786,3.094,5.088,5.0,8.66,5.0h172.529c3.572,0.0,6.874,-1.906,8.66,-5.0L375.984,362.419H494.684c5.522,0.0,10.0,-4.478,10.0,-10.0V158.419C504.684,152.897,500.206,148.419,494.684,148.419zM22.684,342.419V168.419h97.153L72.494,250.419c-1.786,3.094,-1.786,6.906,0.0,10.0l47.343,82.0H22.684zM361.55,347.419C361.55,347.419,361.55,347.419,361.55,347.419l-27.375,47.415H173.193l-27.375,-47.414l-53.116,-92.0l53.116,-92.0c0.0,0.0,0.0,0.0,0.0,-0.001l27.375,-47.414h160.982L361.55,163.419l53.116,92.0L361.55,347.419zM484.684,342.419h-97.153l47.343,-82.0c1.786,-3.094,1.786,-6.906,0.0,-10.0l-47.343,-82.0H484.684V342.419z"">
    </path>
    <path d=""M253.684,134.419c-66.72,0.0,-121.0,54.28,-121.0,121.0s54.28,121.0,121.0,121.0s121.0,-54.28,121.0,-121.0S320.404,134.419,253.684,134.419zM253.684,356.419c-55.691,0.0,-101.0,-45.309,-101.0,-101.0c0.0,-55.691,45.309,-101.0,101.0,-101.0c55.691,0.0,101.0,45.309,101.0,101.0C354.684,311.11,309.375,356.419,253.684,356.419z"">
    </path>
    <path d=""M288.714,175.762c-5.056,-2.225,-10.957,0.067,-13.183,5.122s0.068,10.957,5.122,13.183c7.451,3.28,14.187,7.854,20.018,13.591c1.947,1.916,4.481,2.872,7.013,2.872c2.587,0.0,5.172,-0.997,7.129,-2.986c3.874,-3.937,3.822,-10.269,-0.114,-14.142C307.133,185.958,298.391,180.023,288.714,175.762z"">
    </path>
    <path d=""M253.684,168.419c-47.972,0.0,-87.0,39.028,-87.0,87.0s39.028,87.0,87.0,87.0c5.522,0.0,10.0,-4.478,10.0,-10.0c0.0,-5.522,-4.478,-10.0,-10.0,-10.0c-36.944,0.0,-67.0,-30.056,-67.0,-67.0c0.0,-36.944,30.056,-67.0,67.0,-67.0c5.522,0.0,10.0,-4.478,10.0,-10.0C263.684,172.897,259.206,168.419,253.684,168.419z"">
    </path>
    <path d=""M253.684,211.419c-3.542,0.0,-6.646,1.846,-8.422,4.624L229.613,231.419c-3.905,3.905,-3.905,10.236,0.0,14.143c1.953,1.952,4.512,2.929,7.071,2.929c2.529,0.0,5.056,-0.958,7.0,-2.864V289.419c0.0,5.522,4.478,10.0,10.0,10.0c5.522,0.0,10.0,-4.478,10.0,-10.0v-68.0C263.684,215.897,259.206,211.419,253.684,211.419z"">
    </path>
   </g>
  </g>
 </g>
</svg>


Question: What shape is the outermost boundary of the part in the center?",Hexagon,Square,Circle,Triangle,A,accessory
53,"Examine the following SVG code carefully and answer the question based on your interpretation of the rendered image.

<svg id=""Layer_1"" style=""enable-background:new 0 0 502 502;"" version=""1.1"" viewbox=""0 0 502 502"" x=""0px"" xml:space=""preserve"" y=""0px"">
 <g>
  <g>
   <g>
    <path d=""M494.684,148.419H375.984l-27.375,-47.415c-1.786,-3.094,-5.088,-5.0,-8.66,-5.0h-172.53c-3.572,0.0,-6.874,1.906,-8.66,5.0L131.384,148.419H12.684c-5.522,0.0,-10.0,4.478,-10.0,10.0v194.0c0.0,5.522,4.478,10.0,10.0,10.0h118.7l27.375,47.415c1.786,3.094,5.088,5.0,8.66,5.0h172.529c3.572,0.0,6.874,-1.906,8.66,-5.0L375.984,362.419H494.684c5.522,0.0,10.0,-4.478,10.0,-10.0V158.419C504.684,152.897,500.206,148.419,494.684,148.419zM22.684,342.419V168.419h97.153L72.494,250.419c-1.786,3.094,-1.786,6.906,0.0,10.0l47.343,82.0H22.684zM361.55,347.419C361.55,347.419,361.55,347.419,361.55,347.419l-27.375,47.415H173.193l-27.375,-47.414l-53.116,-92.0l53.116,-92.0c0.0,0.0,0.0,0.0,0.0,-0.001l27.375,-47.414h160.982L361.55,163.419l53.116,92.0L361.55,347.419zM484.684,342.419h-97.153l47.343,-82.0c1.786,-3.094,1.786,-6.906,0.0,-10.0l-47.343,-82.0H484.684V342.419z"">
    </path>
    <path d=""M253.684,134.419c-66.72,0.0,-121.0,54.28,-121.0,121.0s54.28,121.0,121.0,121.0s121.0,-54.28,121.0,-121.0S320.404,134.419,253.684,134.419zM253.684,356.419c-55.691,0.0,-101.0,-45.309,-101.0,-101.0c0.0,-55.691,45.309,-101.0,101.0,-101.0c55.691,0.0,101.0,45.309,101.0,101.0C354.684,311.11,309.375,356.419,253.684,356.419z"">
    </path>
    <path d=""M288.714,175.762c-5.056,-2.225,-10.957,0.067,-13.183,5.122s0.068,10.957,5.122,13.183c7.451,3.28,14.187,7.854,20.018,13.591c1.947,1.916,4.481,2.872,7.013,2.872c2.587,0.0,5.172,-0.997,7.129,-2.986c3.874,-3.937,3.822,-10.269,-0.114,-14.142C307.133,185.958,298.391,180.023,288.714,175.762z"">
    </path>
    <path d=""M253.684,168.419c-47.972,0.0,-87.0,39.028,-87.0,87.0s39.028,87.0,87.0,87.0c5.522,0.0,10.0,-4.478,10.0,-10.0c0.0,-5.522,-4.478,-10.0,-10.0,-10.0c-36.944,0.0,-67.0,-30.056,-67.0,-67.0c0.0,-36.944,30.056,-67.0,67.0,-67.0c5.522,0.0,10.0,-4.478,10.0,-10.0C263.684,172.897,259.206,168.419,253.684,168.419z"">
    </path>
    <path d=""M253.684,211.419c-3.542,0.0,-6.646,1.846,-8.422,4.624L229.613,231.419c-3.905,3.905,-3.905,10.236,0.0,14.143c1.953,1.952,4.512,2.929,7.071,2.929c2.529,0.0,5.056,-0.958,7.0,-2.864V289.419c0.0,5.522,4.478,10.0,10.0,10.0c5.522,0.0,10.0,-4.478,10.0,-10.0v-68.0C263.684,215.897,259.206,211.419,253.684,211.419z"">
    </path>
   </g>
  </g>
 </g>
</svg>


Question: What number is displayed in the center of the object?",0,1,2,3,B,accessory
54,"Examine the following SVG code carefully and answer the question based on your interpretation of the rendered image.

<svg id=""Layer_1"" style=""enable-background:new 0 0 502 502;"" version=""1.1"" viewbox=""0 0 502 502"" x=""0px"" xml:space=""preserve"" y=""0px"">
 <g>
  <g>
   <g>
    <path d=""M494.684,148.419H375.984l-27.375,-47.415c-1.786,-3.094,-5.088,-5.0,-8.66,-5.0h-172.53c-3.572,0.0,-6.874,1.906,-8.66,5.0L131.384,148.419H12.684c-5.522,0.0,-10.0,4.478,-10.0,10.0v194.0c0.0,5.522,4.478,10.0,10.0,10.0h118.7l27.375,47.415c1.786,3.094,5.088,5.0,8.66,5.0h172.529c3.572,0.0,6.874,-1.906,8.66,-5.0L375.984,362.419H494.684c5.522,0.0,10.0,-4.478,10.0,-10.0V158.419C504.684,152.897,500.206,148.419,494.684,148.419zM22.684,342.419V168.419h97.153L72.494,250.419c-1.786,3.094,-1.786,6.906,0.0,10.0l47.343,82.0H22.684zM361.55,347.419C361.55,347.419,361.55,347.419,361.55,347.419l-27.375,47.415H173.193l-27.375,-47.414l-53.116,-92.0l53.116,-92.0c0.0,0.0,0.0,0.0,0.0,-0.001l27.375,-47.414h160.982L361.55,163.419l53.116,92.0L361.55,347.419zM484.684,342.419h-97.153l47.343,-82.0c1.786,-3.094,1.786,-6.906,0.0,-10.0l-47.343,-82.0H484.684V342.419z"">
    </path>
    <path d=""M253.684,134.419c-66.72,0.0,-121.0,54.28,-121.0,121.0s54.28,121.0,121.0,121.0s121.0,-54.28,121.0,-121.0S320.404,134.419,253.684,134.419zM253.684,356.419c-55.691,0.0,-101.0,-45.309,-101.0,-101.0c0.0,-55.691,45.309,-101.0,101.0,-101.0c55.691,0.0,101.0,45.309,101.0,101.0C354.684,311.11,309.375,356.419,253.684,356.419z"">
    </path>
    <path d=""M288.714,175.762c-5.056,-2.225,-10.957,0.067,-13.183,5.122s0.068,10.957,5.122,13.183c7.451,3.28,14.187,7.854,20.018,13.591c1.947,1.916,4.481,2.872,7.013,2.872c2.587,0.0,5.172,-0.997,7.129,-2.986c3.874,-3.937,3.822,-10.269,-0.114,-14.142C307.133,185.958,298.391,180.023,288.714,175.762z"">
    </path>
    <path d=""M253.684,168.419c-47.972,0.0,-87.0,39.028,-87.0,87.0s39.028,87.0,87.0,87.0c5.522,0.0,10.0,-4.478,10.0,-10.0c0.0,-5.522,-4.478,-10.0,-10.0,-10.0c-36.944,0.0,-67.0,-30.056,-67.0,-67.0c0.0,-36.944,30.056,-67.0,67.0,-67.0c5.522,0.0,10.0,-4.478,10.0,-10.0C263.684,172.897,259.206,168.419,253.684,168.419z"">
    </path>
    <path d=""M253.684,211.419c-3.542,0.0,-6.646,1.846,-8.422,4.624L229.613,231.419c-3.905,3.905,-3.905,10.236,0.0,14.143c1.953,1.952,4.512,2.929,7.071,2.929c2.529,0.0,5.056,-0.958,7.0,-2.864V289.419c0.0,5.522,4.478,10.0,10.0,10.0c5.522,0.0,10.0,-4.478,10.0,-10.0v-68.0C263.684,215.897,259.206,211.419,253.684,211.419z"">
    </path>
   </g>
  </g>
 </g>
</svg>


Question: What is the direction of the number inside the object?",Up,Down,Left,Right,A,accessory
55,"Examine the following SVG code carefully and answer the question based on your interpretation of the rendered image.

<svg id=""Layer_1"" style=""enable-background:new 0 0 502 502;"" version=""1.1"" viewbox=""0 0 502 502"" x=""0px"" xml:space=""preserve"" y=""0px"">
 <g>
  <g>
   <g>
    <path d=""M494.684,148.419H375.984l-27.375,-47.415c-1.786,-3.094,-5.088,-5.0,-8.66,-5.0h-172.53c-3.572,0.0,-6.874,1.906,-8.66,5.0L131.384,148.419H12.684c-5.522,0.0,-10.0,4.478,-10.0,10.0v194.0c0.0,5.522,4.478,10.0,10.0,10.0h118.7l27.375,47.415c1.786,3.094,5.088,5.0,8.66,5.0h172.529c3.572,0.0,6.874,-1.906,8.66,-5.0L375.984,362.419H494.684c5.522,0.0,10.0,-4.478,10.0,-10.0V158.419C504.684,152.897,500.206,148.419,494.684,148.419zM22.684,342.419V168.419h97.153L72.494,250.419c-1.786,3.094,-1.786,6.906,0.0,10.0l47.343,82.0H22.684zM361.55,347.419C361.55,347.419,361.55,347.419,361.55,347.419l-27.375,47.415H173.193l-27.375,-47.414l-53.116,-92.0l53.116,-92.0c0.0,0.0,0.0,0.0,0.0,-0.001l27.375,-47.414h160.982L361.55,163.419l53.116,92.0L361.55,347.419zM484.684,342.419h-97.153l47.343,-82.0c1.786,-3.094,1.786,-6.906,0.0,-10.0l-47.343,-82.0H484.684V342.419z"">
    </path>
    <path d=""M253.684,134.419c-66.72,0.0,-121.0,54.28,-121.0,121.0s54.28,121.0,121.0,121.0s121.0,-54.28,121.0,-121.0S320.404,134.419,253.684,134.419zM253.684,356.419c-55.691,0.0,-101.0,-45.309,-101.0,-101.0c0.0,-55.691,45.309,-101.0,101.0,-101.0c55.691,0.0,101.0,45.309,101.0,101.0C354.684,311.11,309.375,356.419,253.684,356.419z"">
    </path>
    <path d=""M288.714,175.762c-5.056,-2.225,-10.957,0.067,-13.183,5.122s0.068,10.957,5.122,13.183c7.451,3.28,14.187,7.854,20.018,13.591c1.947,1.916,4.481,2.872,7.013,2.872c2.587,0.0,5.172,-0.997,7.129,-2.986c3.874,-3.937,3.822,-10.269,-0.114,-14.142C307.133,185.958,298.391,180.023,288.714,175.762z"">
    </path>
    <path d=""M253.684,168.419c-47.972,0.0,-87.0,39.028,-87.0,87.0s39.028,87.0,87.0,87.0c5.522,0.0,10.0,-4.478,10.0,-10.0c0.0,-5.522,-4.478,-10.0,-10.0,-10.0c-36.944,0.0,-67.0,-30.056,-67.0,-67.0c0.0,-36.944,30.056,-67.0,67.0,-67.0c5.522,0.0,10.0,-4.478,10.0,-10.0C263.684,172.897,259.206,168.419,253.684,168.419z"">
    </path>
    <path d=""M253.684,211.419c-3.542,0.0,-6.646,1.846,-8.422,4.624L229.613,231.419c-3.905,3.905,-3.905,10.236,0.0,14.143c1.953,1.952,4.512,2.929,7.071,2.929c2.529,0.0,5.056,-0.958,7.0,-2.864V289.419c0.0,5.522,4.478,10.0,10.0,10.0c5.522,0.0,10.0,-4.478,10.0,-10.0v-68.0C263.684,215.897,259.206,211.419,253.684,211.419z"">
    </path>
   </g>
  </g>
 </g>
</svg>


Question: What is the primary function of the object depicted in the image?",Clock,Compass,Champion Belt,Speedometer,C,accessory
60,"Examine the following SVG code carefully and answer the question based on your interpretation of the rendered image.

<svg id=""Capa_1"" style=""enable-background:new 0 0 297 297;"" version=""1.1"" viewbox=""0 0 297 297"" x=""0px"" xml:space=""preserve"" y=""0px"">
 <g>
  <path d=""M133.365,113.554c-3.855,-3.851,-10.099,-3.848,-13.948,0.006l-8.175,8.181l-8.174,-8.181c-3.851,-3.854,-10.096,-3.855,-13.948,-0.006c-3.853,3.85,-3.855,10.094,-0.006,13.947l8.186,8.193l-8.186,8.193c-3.85,3.854,-3.847,10.098,0.006,13.947c1.927,1.925,4.449,2.886,6.972,2.886c2.525,0.0,5.051,-0.964,6.977,-2.892l8.174,-8.181l8.175,8.181c1.926,1.928,4.451,2.892,6.977,2.892c2.522,0.0,5.046,-0.962,6.972,-2.886c3.852,-3.85,3.855,-10.094,0.005,-13.947l-8.185,-8.193l8.185,-8.193C137.22,123.648,137.217,117.404,133.365,113.554z"">
  </path>
  <path d=""M212.256,193.267c5.586,12.02,13.96,24.832,23.87,29.666c3.976,1.938,8.93,2.881,15.145,2.881c17.142,0.0,39.977,-7.462,40.94,-7.779c2.518,-0.829,4.595,-2.638,5.764,-5.017c1.17,-2.38,1.332,-5.129,0.451,-7.628c-3.227,-9.153,-14.955,-39.601,-30.411,-47.143c-0.063,-0.031,-0.131,-0.057,-0.194,-0.086c0.69,-0.693,1.335,-1.404,1.904,-2.146c10.462,-13.604,7.577,-46.248,6.442,-55.929c-0.309,-2.633,-1.664,-5.03,-3.761,-6.653c-2.096,-1.622,-4.751,-2.33,-7.383,-1.97c-9.614,1.327,-41.796,6.716,-52.282,20.348c-4.286,5.574,-6.329,14.343,-7.173,23.417c-17.697,-35.15,-54.116,-59.325,-96.081,-59.325C50.213,75.904,1.987,124.13,1.987,183.405c0.0,5.447,4.416,9.862,9.862,9.862H212.256C212.262,193.269,212.251,193.267,212.256,193.267zM228.377,123.838c3.002,-3.902,15.896,-8.273,29.036,-11.026c0.628,13.427,-0.351,27.314,-3.323,31.181c-3.001,3.901,-15.891,8.273,-29.033,11.027C224.426,141.59,225.404,127.703,228.377,123.838zM22.263,173.543c4.914,-43.776,42.157,-77.914,87.225,-77.914c45.068,0.0,82.312,34.138,87.226,77.914H22.263zM251.271,206.09c-4.347,0.0,-6.072,-0.678,-6.498,-0.886c-4.42,-2.155,-11.277,-13.89,-16.605,-26.199c7.215,-1.851,16.98,-3.912,24.706,-3.912c4.345,0.0,6.07,0.676,6.493,0.883c4.421,2.158,11.279,13.894,16.606,26.205C268.395,204.108,258.664,206.09,251.271,206.09z"">
  </path>
 </g>
</svg>


Question: What shape is the main body of the object?",Circle,Square,Semi-circle,Triangle,C,accessory
61,"Examine the following SVG code carefully and answer the question based on your interpretation of the rendered image.

<svg id=""Capa_1"" style=""enable-background:new 0 0 297 297;"" version=""1.1"" viewbox=""0 0 297 297"" x=""0px"" xml:space=""preserve"" y=""0px"">
 <g>
  <path d=""M133.365,113.554c-3.855,-3.851,-10.099,-3.848,-13.948,0.006l-8.175,8.181l-8.174,-8.181c-3.851,-3.854,-10.096,-3.855,-13.948,-0.006c-3.853,3.85,-3.855,10.094,-0.006,13.947l8.186,8.193l-8.186,8.193c-3.85,3.854,-3.847,10.098,0.006,13.947c1.927,1.925,4.449,2.886,6.972,2.886c2.525,0.0,5.051,-0.964,6.977,-2.892l8.174,-8.181l8.175,8.181c1.926,1.928,4.451,2.892,6.977,2.892c2.522,0.0,5.046,-0.962,6.972,-2.886c3.852,-3.85,3.855,-10.094,0.005,-13.947l-8.185,-8.193l8.185,-8.193C137.22,123.648,137.217,117.404,133.365,113.554z"">
  </path>
  <path d=""M212.256,193.267c5.586,12.02,13.96,24.832,23.87,29.666c3.976,1.938,8.93,2.881,15.145,2.881c17.142,0.0,39.977,-7.462,40.94,-7.779c2.518,-0.829,4.595,-2.638,5.764,-5.017c1.17,-2.38,1.332,-5.129,0.451,-7.628c-3.227,-9.153,-14.955,-39.601,-30.411,-47.143c-0.063,-0.031,-0.131,-0.057,-0.194,-0.086c0.69,-0.693,1.335,-1.404,1.904,-2.146c10.462,-13.604,7.577,-46.248,6.442,-55.929c-0.309,-2.633,-1.664,-5.03,-3.761,-6.653c-2.096,-1.622,-4.751,-2.33,-7.383,-1.97c-9.614,1.327,-41.796,6.716,-52.282,20.348c-4.286,5.574,-6.329,14.343,-7.173,23.417c-17.697,-35.15,-54.116,-59.325,-96.081,-59.325C50.213,75.904,1.987,124.13,1.987,183.405c0.0,5.447,4.416,9.862,9.862,9.862H212.256C212.262,193.269,212.251,193.267,212.256,193.267zM228.377,123.838c3.002,-3.902,15.896,-8.273,29.036,-11.026c0.628,13.427,-0.351,27.314,-3.323,31.181c-3.001,3.901,-15.891,8.273,-29.033,11.027C224.426,141.59,225.404,127.703,228.377,123.838zM22.263,173.543c4.914,-43.776,42.157,-77.914,87.225,-77.914c45.068,0.0,82.312,34.138,87.226,77.914H22.263zM251.271,206.09c-4.347,0.0,-6.072,-0.678,-6.498,-0.886c-4.42,-2.155,-11.277,-13.89,-16.605,-26.199c7.215,-1.851,16.98,-3.912,24.706,-3.912c4.345,0.0,6.07,0.676,6.493,0.883c4.421,2.158,11.279,13.894,16.606,26.205C268.395,204.108,258.664,206.09,251.271,206.09z"">
  </path>
 </g>
</svg>


Question: What symbol is present inside the semi-circle?",Star,Cross,Heart,Circle,B,accessory
62,"Examine the following SVG code carefully and answer the question based on your interpretation of the rendered image.

<svg id=""Capa_1"" style=""enable-background:new 0 0 297 297;"" version=""1.1"" viewbox=""0 0 297 297"" x=""0px"" xml:space=""preserve"" y=""0px"">
 <g>
  <path d=""M133.365,113.554c-3.855,-3.851,-10.099,-3.848,-13.948,0.006l-8.175,8.181l-8.174,-8.181c-3.851,-3.854,-10.096,-3.855,-13.948,-0.006c-3.853,3.85,-3.855,10.094,-0.006,13.947l8.186,8.193l-8.186,8.193c-3.85,3.854,-3.847,10.098,0.006,13.947c1.927,1.925,4.449,2.886,6.972,2.886c2.525,0.0,5.051,-0.964,6.977,-2.892l8.174,-8.181l8.175,8.181c1.926,1.928,4.451,2.892,6.977,2.892c2.522,0.0,5.046,-0.962,6.972,-2.886c3.852,-3.85,3.855,-10.094,0.005,-13.947l-8.185,-8.193l8.185,-8.193C137.22,123.648,137.217,117.404,133.365,113.554z"">
  </path>
  <path d=""M212.256,193.267c5.586,12.02,13.96,24.832,23.87,29.666c3.976,1.938,8.93,2.881,15.145,2.881c17.142,0.0,39.977,-7.462,40.94,-7.779c2.518,-0.829,4.595,-2.638,5.764,-5.017c1.17,-2.38,1.332,-5.129,0.451,-7.628c-3.227,-9.153,-14.955,-39.601,-30.411,-47.143c-0.063,-0.031,-0.131,-0.057,-0.194,-0.086c0.69,-0.693,1.335,-1.404,1.904,-2.146c10.462,-13.604,7.577,-46.248,6.442,-55.929c-0.309,-2.633,-1.664,-5.03,-3.761,-6.653c-2.096,-1.622,-4.751,-2.33,-7.383,-1.97c-9.614,1.327,-41.796,6.716,-52.282,20.348c-4.286,5.574,-6.329,14.343,-7.173,23.417c-17.697,-35.15,-54.116,-59.325,-96.081,-59.325C50.213,75.904,1.987,124.13,1.987,183.405c0.0,5.447,4.416,9.862,9.862,9.862H212.256C212.262,193.269,212.251,193.267,212.256,193.267zM228.377,123.838c3.002,-3.902,15.896,-8.273,29.036,-11.026c0.628,13.427,-0.351,27.314,-3.323,31.181c-3.001,3.901,-15.891,8.273,-29.033,11.027C224.426,141.59,225.404,127.703,228.377,123.838zM22.263,173.543c4.914,-43.776,42.157,-77.914,87.225,-77.914c45.068,0.0,82.312,34.138,87.226,77.914H22.263zM251.271,206.09c-4.347,0.0,-6.072,-0.678,-6.498,-0.886c-4.42,-2.155,-11.277,-13.89,-16.605,-26.199c7.215,-1.851,16.98,-3.912,24.706,-3.912c4.345,0.0,6.07,0.676,6.493,0.883c4.421,2.158,11.279,13.894,16.606,26.205C268.395,204.108,258.664,206.09,251.271,206.09z"">
  </path>
 </g>
</svg>


Question: What is the shape of the object attached to the right side of the semi-circle?",Square,Triangle,Fishtail,Rectangle,C,accessory
63,"Examine the following SVG code carefully and answer the question based on your interpretation of the rendered image.

<svg id=""Capa_1"" style=""enable-background:new 0 0 297 297;"" version=""1.1"" viewbox=""0 0 297 297"" x=""0px"" xml:space=""preserve"" y=""0px"">
 <g>
  <path d=""M133.365,113.554c-3.855,-3.851,-10.099,-3.848,-13.948,0.006l-8.175,8.181l-8.174,-8.181c-3.851,-3.854,-10.096,-3.855,-13.948,-0.006c-3.853,3.85,-3.855,10.094,-0.006,13.947l8.186,8.193l-8.186,8.193c-3.85,3.854,-3.847,10.098,0.006,13.947c1.927,1.925,4.449,2.886,6.972,2.886c2.525,0.0,5.051,-0.964,6.977,-2.892l8.174,-8.181l8.175,8.181c1.926,1.928,4.451,2.892,6.977,2.892c2.522,0.0,5.046,-0.962,6.972,-2.886c3.852,-3.85,3.855,-10.094,0.005,-13.947l-8.185,-8.193l8.185,-8.193C137.22,123.648,137.217,117.404,133.365,113.554z"">
  </path>
  <path d=""M212.256,193.267c5.586,12.02,13.96,24.832,23.87,29.666c3.976,1.938,8.93,2.881,15.145,2.881c17.142,0.0,39.977,-7.462,40.94,-7.779c2.518,-0.829,4.595,-2.638,5.764,-5.017c1.17,-2.38,1.332,-5.129,0.451,-7.628c-3.227,-9.153,-14.955,-39.601,-30.411,-47.143c-0.063,-0.031,-0.131,-0.057,-0.194,-0.086c0.69,-0.693,1.335,-1.404,1.904,-2.146c10.462,-13.604,7.577,-46.248,6.442,-55.929c-0.309,-2.633,-1.664,-5.03,-3.761,-6.653c-2.096,-1.622,-4.751,-2.33,-7.383,-1.97c-9.614,1.327,-41.796,6.716,-52.282,20.348c-4.286,5.574,-6.329,14.343,-7.173,23.417c-17.697,-35.15,-54.116,-59.325,-96.081,-59.325C50.213,75.904,1.987,124.13,1.987,183.405c0.0,5.447,4.416,9.862,9.862,9.862H212.256C212.262,193.269,212.251,193.267,212.256,193.267zM228.377,123.838c3.002,-3.902,15.896,-8.273,29.036,-11.026c0.628,13.427,-0.351,27.314,-3.323,31.181c-3.001,3.901,-15.891,8.273,-29.033,11.027C224.426,141.59,225.404,127.703,228.377,123.838zM22.263,173.543c4.914,-43.776,42.157,-77.914,87.225,-77.914c45.068,0.0,82.312,34.138,87.226,77.914H22.263zM251.271,206.09c-4.347,0.0,-6.072,-0.678,-6.498,-0.886c-4.42,-2.155,-11.277,-13.89,-16.605,-26.199c7.215,-1.851,16.98,-3.912,24.706,-3.912c4.345,0.0,6.07,0.676,6.493,0.883c4.421,2.158,11.279,13.894,16.606,26.205C268.395,204.108,258.664,206.09,251.271,206.09z"">
  </path>
 </g>
</svg>


Question: What does the whole object represent?",hat,scarf,car,house,B,accessory
72,"Examine the following SVG code carefully and answer the question based on your interpretation of the rendered image.

<svg id=""Layer_1"" style=""enable-background:new 0 0 512 512;"" version=""1.1"" viewbox=""0 0 512 512"" x=""0px"" xml:space=""preserve"" y=""0px"">
 <g transform=""translate(1 1)"">
  <g>
   <path d=""M268.661,104.597c-5.12,0.0,-8.533,-3.413,-8.533,-8.533v-17.92c-14.507,-3.413,-25.6,-17.067,-25.6,-33.28c0.0,-18.773,15.36,-34.133,34.133,-34.133s34.133,15.36,34.133,34.133c0.0,5.12,-3.413,8.533,-8.533,8.533c-5.12,0.0,-8.533,-3.413,-8.533,-8.533c0.0,-9.387,-7.68,-17.067,-17.067,-17.067c-9.387,0.0,-17.067,7.68,-17.067,17.067s7.68,17.067,17.067,17.067c5.12,0.0,8.533,3.413,8.533,8.533v25.6C277.194,101.184,273.781,104.597,268.661,104.597z"" style=""fill:#FFE100;"">
   </path>
   <path d=""M268.661,155.797c-18.773,0.0,-34.133,-15.36,-34.133,-34.133s15.36,-34.133,34.133,-34.133s34.133,15.36,34.133,34.133S287.434,155.797,268.661,155.797zM268.661,104.597c-9.387,0.0,-17.067,7.68,-17.067,17.067s7.68,17.067,17.067,17.067c9.387,0.0,17.067,-7.68,17.067,-17.067S278.047,104.597,268.661,104.597z"" style=""fill:#FFE100;"">
   </path>
   <path d=""M507.594,215.53L507.594,215.53h-204.8c-4.267,0.0,-8.533,-3.413,-8.533,-8.533v-8.533h-51.2v8.533c0.0,4.267,-4.267,8.533,-8.533,8.533H21.194c-2.56,0.0,-4.267,-0.853,-5.973,-2.56s-2.56,-3.413,-2.56,-5.973c0.853,-31.573,34.133,-42.667,65.707,-42.667c1.707,0.0,2.56,0.0,2.56,0.0c109.227,-3.413,155.307,-47.787,155.307,-48.64c2.56,-2.56,5.973,-3.413,9.387,-1.707s5.12,4.267,5.12,7.68c0.0,9.387,7.68,17.067,17.067,17.067c9.387,0.0,17.067,-7.68,17.067,-17.067c0.0,-3.413,1.707,-6.827,5.12,-7.68c3.413,-1.707,6.827,-0.853,9.387,1.707c0.0,0.0,46.08,45.227,156.16,48.64c0.0,0.0,0.853,0.0,2.56,0.0c27.307,0.0,55.467,11.093,57.173,40.96c0.0,0.853,0.0,1.707,0.0,1.707C516.127,212.117,512.714,215.53,507.594,215.53zM311.327,198.464h186.027c-6.827,-15.36,-30.72,-17.067,-38.4,-17.067c-0.853,0.0,-1.707,0.0,-1.707,0.0c-87.893,-2.56,-137.387,-29.867,-157.867,-44.373c-5.973,11.093,-17.067,18.773,-30.72,18.773c-13.653,0.0,-24.747,-7.68,-30.72,-18.773c-20.48,14.507,-69.12,41.813,-157.013,44.373c-0.853,0.0,-1.707,0.0,-2.56,0.0c-6.827,0.0,-38.4,0.853,-46.08,17.067h193.707v-8.533c0.0,-4.267,4.267,-8.533,8.533,-8.533h68.267c4.267,0.0,8.533,3.413,8.533,8.533V198.464z"" style=""fill:#FFE100;"">
   </path>
  </g>
  <polygon points=""260.127,317.930 311.327,317.930 311.327,283.797 260.127,283.797"" style=""fill:#FDCC00;"">
  </polygon>
  <polygon points=""260.127,317.930 260.127,283.797 297.674,283.797 294.261,181.397 225.994,181.397 217.461,462.997 260.127,505.664 302.794,462.997 298.527,317.930"" style=""fill:#FFE100;"">
  </polygon>
  <path d=""M260.127,96.064c-5.12,0.0,-8.533,-3.413,-8.533,-8.533v-17.92c-14.507,-3.413,-25.6,-17.067,-25.6,-33.28C225.994,17.557,241.354,2.197,260.127,2.197s34.133,15.36,34.133,34.133c0.0,5.12,-3.413,8.533,-8.533,8.533s-8.533,-3.413,-8.533,-8.533c0.0,-9.387,-7.68,-17.067,-17.067,-17.067c-9.387,0.0,-17.067,7.68,-17.067,17.067s7.68,17.067,17.067,17.067c5.12,0.0,8.533,3.413,8.533,8.533v25.6C268.661,92.65,265.247,96.064,260.127,96.064z"">
  </path>
  <path d=""M260.127,147.264c-18.773,0.0,-34.133,-15.36,-34.133,-34.133S241.354,78.997,260.127,78.997s34.133,15.36,34.133,34.133S278.901,147.264,260.127,147.264zM260.127,96.064c-9.387,0.0,-17.067,7.68,-17.067,17.067S250.741,130.197,260.127,130.197c9.387,0.0,17.067,-7.68,17.067,-17.067S269.514,96.064,260.127,96.064z"">
  </path>
  <path d=""M311.327,326.464h-51.2c-5.12,0.0,-8.533,-3.413,-8.533,-8.533V283.797c0.0,-5.12,3.413,-8.533,8.533,-8.533h51.2c5.12,0.0,8.533,3.413,8.533,8.533v34.133C319.861,323.05,316.447,326.464,311.327,326.464zM268.661,309.397h34.133v-17.067h-34.133V309.397z"">
  </path>
  <path d=""M260.127,514.197c-2.56,0.0,-4.267,-0.853,-5.973,-2.56l-42.667,-42.667c-1.707,-1.707,-2.56,-4.267,-2.56,-5.973l8.533,-281.6c0.0,-4.267,4.267,-8.533,8.533,-8.533h68.267c4.267,0.0,8.533,3.413,8.533,8.533l3.413,100.693c0.0,0.853,0.0,1.707,0.0,1.707c0.0,5.12,-3.413,8.533,-8.533,8.533l0.0,0.0h-29.013V309.397h29.867c4.267,0.0,8.533,3.413,8.533,8.533l4.267,145.067c0.0,2.56,-0.853,4.267,-2.56,5.973l-42.667,42.667C264.394,513.344,262.687,514.197,260.127,514.197zM225.994,459.584l34.133,34.133l34.133,-34.133l-4.267,-133.12h-29.867c-5.12,0.0,-8.533,-3.413,-8.533,-8.533V283.797c0.0,-5.12,3.413,-8.533,8.533,-8.533h28.16l-2.56,-85.333h-51.2L225.994,459.584z"">
  </path>
  <path d=""M507.594,206.997L507.594,206.997H294.261c-4.267,0.0,-8.533,-3.413,-8.533,-8.533v-8.533h-51.2v8.533c0.0,4.267,-4.267,8.533,-8.533,8.533H12.661c-2.56,0.0,-4.267,-0.853,-5.973,-2.56c-1.707,-1.707,-2.56,-3.413,-2.56,-5.973C4.981,166.89,38.261,155.797,69.834,155.797c1.707,0.0,2.56,0.0,2.56,0.0c109.227,-3.413,155.307,-47.787,155.307,-48.64c2.56,-2.56,5.973,-3.413,9.387,-1.707s5.12,4.267,5.12,7.68c0.0,9.387,7.68,17.067,17.067,17.067s17.067,-7.68,17.067,-17.067c0.0,-3.413,1.707,-6.827,5.12,-7.68c3.413,-1.707,6.827,-0.853,9.387,1.707c0.0,0.853,46.08,45.227,156.16,48.64c0.0,0.0,0.853,0.0,2.56,0.0c30.72,0.0,64.0,11.093,65.707,40.96c0.0,0.853,0.0,1.707,0.0,1.707C516.127,203.584,512.714,206.997,507.594,206.997zM302.794,189.93h193.707c-8.533,-16.213,-39.253,-17.067,-46.08,-17.067c-1.707,0.0,-2.56,0.0,-2.56,0.0c-87.893,-2.56,-137.387,-29.867,-157.867,-44.373c-5.973,11.093,-17.067,18.773,-30.72,18.773c-13.653,0.0,-24.747,-7.68,-30.72,-18.773c-19.627,14.507,-68.267,41.813,-156.16,44.373c-0.853,0.0,-1.707,0.0,-2.56,0.0c-6.827,0.0,-38.4,0.853,-46.08,17.067h193.707V181.397c0.0,-4.267,4.267,-8.533,8.533,-8.533h68.267c4.267,0.0,8.533,3.413,8.533,8.533V189.93z"">
  </path>
 </g>
</svg>


Question: What shape is the object hanging from the hook?",Triangle,Square,Circle,Hexagon,A,accessory
73,"Examine the following SVG code carefully and answer the question based on your interpretation of the rendered image.

<svg id=""Layer_1"" style=""enable-background:new 0 0 512 512;"" version=""1.1"" viewbox=""0 0 512 512"" x=""0px"" xml:space=""preserve"" y=""0px"">
 <g transform=""translate(1 1)"">
  <g>
   <path d=""M268.661,104.597c-5.12,0.0,-8.533,-3.413,-8.533,-8.533v-17.92c-14.507,-3.413,-25.6,-17.067,-25.6,-33.28c0.0,-18.773,15.36,-34.133,34.133,-34.133s34.133,15.36,34.133,34.133c0.0,5.12,-3.413,8.533,-8.533,8.533c-5.12,0.0,-8.533,-3.413,-8.533,-8.533c0.0,-9.387,-7.68,-17.067,-17.067,-17.067c-9.387,0.0,-17.067,7.68,-17.067,17.067s7.68,17.067,17.067,17.067c5.12,0.0,8.533,3.413,8.533,8.533v25.6C277.194,101.184,273.781,104.597,268.661,104.597z"" style=""fill:#FFE100;"">
   </path>
   <path d=""M268.661,155.797c-18.773,0.0,-34.133,-15.36,-34.133,-34.133s15.36,-34.133,34.133,-34.133s34.133,15.36,34.133,34.133S287.434,155.797,268.661,155.797zM268.661,104.597c-9.387,0.0,-17.067,7.68,-17.067,17.067s7.68,17.067,17.067,17.067c9.387,0.0,17.067,-7.68,17.067,-17.067S278.047,104.597,268.661,104.597z"" style=""fill:#FFE100;"">
   </path>
   <path d=""M507.594,215.53L507.594,215.53h-204.8c-4.267,0.0,-8.533,-3.413,-8.533,-8.533v-8.533h-51.2v8.533c0.0,4.267,-4.267,8.533,-8.533,8.533H21.194c-2.56,0.0,-4.267,-0.853,-5.973,-2.56s-2.56,-3.413,-2.56,-5.973c0.853,-31.573,34.133,-42.667,65.707,-42.667c1.707,0.0,2.56,0.0,2.56,0.0c109.227,-3.413,155.307,-47.787,155.307,-48.64c2.56,-2.56,5.973,-3.413,9.387,-1.707s5.12,4.267,5.12,7.68c0.0,9.387,7.68,17.067,17.067,17.067c9.387,0.0,17.067,-7.68,17.067,-17.067c0.0,-3.413,1.707,-6.827,5.12,-7.68c3.413,-1.707,6.827,-0.853,9.387,1.707c0.0,0.0,46.08,45.227,156.16,48.64c0.0,0.0,0.853,0.0,2.56,0.0c27.307,0.0,55.467,11.093,57.173,40.96c0.0,0.853,0.0,1.707,0.0,1.707C516.127,212.117,512.714,215.53,507.594,215.53zM311.327,198.464h186.027c-6.827,-15.36,-30.72,-17.067,-38.4,-17.067c-0.853,0.0,-1.707,0.0,-1.707,0.0c-87.893,-2.56,-137.387,-29.867,-157.867,-44.373c-5.973,11.093,-17.067,18.773,-30.72,18.773c-13.653,0.0,-24.747,-7.68,-30.72,-18.773c-20.48,14.507,-69.12,41.813,-157.013,44.373c-0.853,0.0,-1.707,0.0,-2.56,0.0c-6.827,0.0,-38.4,0.853,-46.08,17.067h193.707v-8.533c0.0,-4.267,4.267,-8.533,8.533,-8.533h68.267c4.267,0.0,8.533,3.413,8.533,8.533V198.464z"" style=""fill:#FFE100;"">
   </path>
  </g>
  <polygon points=""260.127,317.930 311.327,317.930 311.327,283.797 260.127,283.797"" style=""fill:#FDCC00;"">
  </polygon>
  <polygon points=""260.127,317.930 260.127,283.797 297.674,283.797 294.261,181.397 225.994,181.397 217.461,462.997 260.127,505.664 302.794,462.997 298.527,317.930"" style=""fill:#FFE100;"">
  </polygon>
  <path d=""M260.127,96.064c-5.12,0.0,-8.533,-3.413,-8.533,-8.533v-17.92c-14.507,-3.413,-25.6,-17.067,-25.6,-33.28C225.994,17.557,241.354,2.197,260.127,2.197s34.133,15.36,34.133,34.133c0.0,5.12,-3.413,8.533,-8.533,8.533s-8.533,-3.413,-8.533,-8.533c0.0,-9.387,-7.68,-17.067,-17.067,-17.067c-9.387,0.0,-17.067,7.68,-17.067,17.067s7.68,17.067,17.067,17.067c5.12,0.0,8.533,3.413,8.533,8.533v25.6C268.661,92.65,265.247,96.064,260.127,96.064z"">
  </path>
  <path d=""M260.127,147.264c-18.773,0.0,-34.133,-15.36,-34.133,-34.133S241.354,78.997,260.127,78.997s34.133,15.36,34.133,34.133S278.901,147.264,260.127,147.264zM260.127,96.064c-9.387,0.0,-17.067,7.68,-17.067,17.067S250.741,130.197,260.127,130.197c9.387,0.0,17.067,-7.68,17.067,-17.067S269.514,96.064,260.127,96.064z"">
  </path>
  <path d=""M311.327,326.464h-51.2c-5.12,0.0,-8.533,-3.413,-8.533,-8.533V283.797c0.0,-5.12,3.413,-8.533,8.533,-8.533h51.2c5.12,0.0,8.533,3.413,8.533,8.533v34.133C319.861,323.05,316.447,326.464,311.327,326.464zM268.661,309.397h34.133v-17.067h-34.133V309.397z"">
  </path>
  <path d=""M260.127,514.197c-2.56,0.0,-4.267,-0.853,-5.973,-2.56l-42.667,-42.667c-1.707,-1.707,-2.56,-4.267,-2.56,-5.973l8.533,-281.6c0.0,-4.267,4.267,-8.533,8.533,-8.533h68.267c4.267,0.0,8.533,3.413,8.533,8.533l3.413,100.693c0.0,0.853,0.0,1.707,0.0,1.707c0.0,5.12,-3.413,8.533,-8.533,8.533l0.0,0.0h-29.013V309.397h29.867c4.267,0.0,8.533,3.413,8.533,8.533l4.267,145.067c0.0,2.56,-0.853,4.267,-2.56,5.973l-42.667,42.667C264.394,513.344,262.687,514.197,260.127,514.197zM225.994,459.584l34.133,34.133l34.133,-34.133l-4.267,-133.12h-29.867c-5.12,0.0,-8.533,-3.413,-8.533,-8.533V283.797c0.0,-5.12,3.413,-8.533,8.533,-8.533h28.16l-2.56,-85.333h-51.2L225.994,459.584z"">
  </path>
  <path d=""M507.594,206.997L507.594,206.997H294.261c-4.267,0.0,-8.533,-3.413,-8.533,-8.533v-8.533h-51.2v8.533c0.0,4.267,-4.267,8.533,-8.533,8.533H12.661c-2.56,0.0,-4.267,-0.853,-5.973,-2.56c-1.707,-1.707,-2.56,-3.413,-2.56,-5.973C4.981,166.89,38.261,155.797,69.834,155.797c1.707,0.0,2.56,0.0,2.56,0.0c109.227,-3.413,155.307,-47.787,155.307,-48.64c2.56,-2.56,5.973,-3.413,9.387,-1.707s5.12,4.267,5.12,7.68c0.0,9.387,7.68,17.067,17.067,17.067s17.067,-7.68,17.067,-17.067c0.0,-3.413,1.707,-6.827,5.12,-7.68c3.413,-1.707,6.827,-0.853,9.387,1.707c0.0,0.853,46.08,45.227,156.16,48.64c0.0,0.0,0.853,0.0,2.56,0.0c30.72,0.0,64.0,11.093,65.707,40.96c0.0,0.853,0.0,1.707,0.0,1.707C516.127,203.584,512.714,206.997,507.594,206.997zM302.794,189.93h193.707c-8.533,-16.213,-39.253,-17.067,-46.08,-17.067c-1.707,0.0,-2.56,0.0,-2.56,0.0c-87.893,-2.56,-137.387,-29.867,-157.867,-44.373c-5.973,11.093,-17.067,18.773,-30.72,18.773c-13.653,0.0,-24.747,-7.68,-30.72,-18.773c-19.627,14.507,-68.267,41.813,-156.16,44.373c-0.853,0.0,-1.707,0.0,-2.56,0.0c-6.827,0.0,-38.4,0.853,-46.08,17.067h193.707V181.397c0.0,-4.267,4.267,-8.533,8.533,-8.533h68.267c4.267,0.0,8.533,3.413,8.533,8.533V189.93z"">
  </path>
 </g>
</svg>


Question: What color is the tie in the image?",Red,Blue,Green,Yellow,D,accessory
74,"Examine the following SVG code carefully and answer the question based on your interpretation of the rendered image.

<svg id=""Layer_1"" style=""enable-background:new 0 0 512 512;"" version=""1.1"" viewbox=""0 0 512 512"" x=""0px"" xml:space=""preserve"" y=""0px"">
 <g transform=""translate(1 1)"">
  <g>
   <path d=""M268.661,104.597c-5.12,0.0,-8.533,-3.413,-8.533,-8.533v-17.92c-14.507,-3.413,-25.6,-17.067,-25.6,-33.28c0.0,-18.773,15.36,-34.133,34.133,-34.133s34.133,15.36,34.133,34.133c0.0,5.12,-3.413,8.533,-8.533,8.533c-5.12,0.0,-8.533,-3.413,-8.533,-8.533c0.0,-9.387,-7.68,-17.067,-17.067,-17.067c-9.387,0.0,-17.067,7.68,-17.067,17.067s7.68,17.067,17.067,17.067c5.12,0.0,8.533,3.413,8.533,8.533v25.6C277.194,101.184,273.781,104.597,268.661,104.597z"" style=""fill:#FFE100;"">
   </path>
   <path d=""M268.661,155.797c-18.773,0.0,-34.133,-15.36,-34.133,-34.133s15.36,-34.133,34.133,-34.133s34.133,15.36,34.133,34.133S287.434,155.797,268.661,155.797zM268.661,104.597c-9.387,0.0,-17.067,7.68,-17.067,17.067s7.68,17.067,17.067,17.067c9.387,0.0,17.067,-7.68,17.067,-17.067S278.047,104.597,268.661,104.597z"" style=""fill:#FFE100;"">
   </path>
   <path d=""M507.594,215.53L507.594,215.53h-204.8c-4.267,0.0,-8.533,-3.413,-8.533,-8.533v-8.533h-51.2v8.533c0.0,4.267,-4.267,8.533,-8.533,8.533H21.194c-2.56,0.0,-4.267,-0.853,-5.973,-2.56s-2.56,-3.413,-2.56,-5.973c0.853,-31.573,34.133,-42.667,65.707,-42.667c1.707,0.0,2.56,0.0,2.56,0.0c109.227,-3.413,155.307,-47.787,155.307,-48.64c2.56,-2.56,5.973,-3.413,9.387,-1.707s5.12,4.267,5.12,7.68c0.0,9.387,7.68,17.067,17.067,17.067c9.387,0.0,17.067,-7.68,17.067,-17.067c0.0,-3.413,1.707,-6.827,5.12,-7.68c3.413,-1.707,6.827,-0.853,9.387,1.707c0.0,0.0,46.08,45.227,156.16,48.64c0.0,0.0,0.853,0.0,2.56,0.0c27.307,0.0,55.467,11.093,57.173,40.96c0.0,0.853,0.0,1.707,0.0,1.707C516.127,212.117,512.714,215.53,507.594,215.53zM311.327,198.464h186.027c-6.827,-15.36,-30.72,-17.067,-38.4,-17.067c-0.853,0.0,-1.707,0.0,-1.707,0.0c-87.893,-2.56,-137.387,-29.867,-157.867,-44.373c-5.973,11.093,-17.067,18.773,-30.72,18.773c-13.653,0.0,-24.747,-7.68,-30.72,-18.773c-20.48,14.507,-69.12,41.813,-157.013,44.373c-0.853,0.0,-1.707,0.0,-2.56,0.0c-6.827,0.0,-38.4,0.853,-46.08,17.067h193.707v-8.533c0.0,-4.267,4.267,-8.533,8.533,-8.533h68.267c4.267,0.0,8.533,3.413,8.533,8.533V198.464z"" style=""fill:#FFE100;"">
   </path>
  </g>
  <polygon points=""260.127,317.930 311.327,317.930 311.327,283.797 260.127,283.797"" style=""fill:#FDCC00;"">
  </polygon>
  <polygon points=""260.127,317.930 260.127,283.797 297.674,283.797 294.261,181.397 225.994,181.397 217.461,462.997 260.127,505.664 302.794,462.997 298.527,317.930"" style=""fill:#FFE100;"">
  </polygon>
  <path d=""M260.127,96.064c-5.12,0.0,-8.533,-3.413,-8.533,-8.533v-17.92c-14.507,-3.413,-25.6,-17.067,-25.6,-33.28C225.994,17.557,241.354,2.197,260.127,2.197s34.133,15.36,34.133,34.133c0.0,5.12,-3.413,8.533,-8.533,8.533s-8.533,-3.413,-8.533,-8.533c0.0,-9.387,-7.68,-17.067,-17.067,-17.067c-9.387,0.0,-17.067,7.68,-17.067,17.067s7.68,17.067,17.067,17.067c5.12,0.0,8.533,3.413,8.533,8.533v25.6C268.661,92.65,265.247,96.064,260.127,96.064z"">
  </path>
  <path d=""M260.127,147.264c-18.773,0.0,-34.133,-15.36,-34.133,-34.133S241.354,78.997,260.127,78.997s34.133,15.36,34.133,34.133S278.901,147.264,260.127,147.264zM260.127,96.064c-9.387,0.0,-17.067,7.68,-17.067,17.067S250.741,130.197,260.127,130.197c9.387,0.0,17.067,-7.68,17.067,-17.067S269.514,96.064,260.127,96.064z"">
  </path>
  <path d=""M311.327,326.464h-51.2c-5.12,0.0,-8.533,-3.413,-8.533,-8.533V283.797c0.0,-5.12,3.413,-8.533,8.533,-8.533h51.2c5.12,0.0,8.533,3.413,8.533,8.533v34.133C319.861,323.05,316.447,326.464,311.327,326.464zM268.661,309.397h34.133v-17.067h-34.133V309.397z"">
  </path>
  <path d=""M260.127,514.197c-2.56,0.0,-4.267,-0.853,-5.973,-2.56l-42.667,-42.667c-1.707,-1.707,-2.56,-4.267,-2.56,-5.973l8.533,-281.6c0.0,-4.267,4.267,-8.533,8.533,-8.533h68.267c4.267,0.0,8.533,3.413,8.533,8.533l3.413,100.693c0.0,0.853,0.0,1.707,0.0,1.707c0.0,5.12,-3.413,8.533,-8.533,8.533l0.0,0.0h-29.013V309.397h29.867c4.267,0.0,8.533,3.413,8.533,8.533l4.267,145.067c0.0,2.56,-0.853,4.267,-2.56,5.973l-42.667,42.667C264.394,513.344,262.687,514.197,260.127,514.197zM225.994,459.584l34.133,34.133l34.133,-34.133l-4.267,-133.12h-29.867c-5.12,0.0,-8.533,-3.413,-8.533,-8.533V283.797c0.0,-5.12,3.413,-8.533,8.533,-8.533h28.16l-2.56,-85.333h-51.2L225.994,459.584z"">
  </path>
  <path d=""M507.594,206.997L507.594,206.997H294.261c-4.267,0.0,-8.533,-3.413,-8.533,-8.533v-8.533h-51.2v8.533c0.0,4.267,-4.267,8.533,-8.533,8.533H12.661c-2.56,0.0,-4.267,-0.853,-5.973,-2.56c-1.707,-1.707,-2.56,-3.413,-2.56,-5.973C4.981,166.89,38.261,155.797,69.834,155.797c1.707,0.0,2.56,0.0,2.56,0.0c109.227,-3.413,155.307,-47.787,155.307,-48.64c2.56,-2.56,5.973,-3.413,9.387,-1.707s5.12,4.267,5.12,7.68c0.0,9.387,7.68,17.067,17.067,17.067s17.067,-7.68,17.067,-17.067c0.0,-3.413,1.707,-6.827,5.12,-7.68c3.413,-1.707,6.827,-0.853,9.387,1.707c0.0,0.853,46.08,45.227,156.16,48.64c0.0,0.0,0.853,0.0,2.56,0.0c30.72,0.0,64.0,11.093,65.707,40.96c0.0,0.853,0.0,1.707,0.0,1.707C516.127,203.584,512.714,206.997,507.594,206.997zM302.794,189.93h193.707c-8.533,-16.213,-39.253,-17.067,-46.08,-17.067c-1.707,0.0,-2.56,0.0,-2.56,0.0c-87.893,-2.56,-137.387,-29.867,-157.867,-44.373c-5.973,11.093,-17.067,18.773,-30.72,18.773c-13.653,0.0,-24.747,-7.68,-30.72,-18.773c-19.627,14.507,-68.267,41.813,-156.16,44.373c-0.853,0.0,-1.707,0.0,-2.56,0.0c-6.827,0.0,-38.4,0.853,-46.08,17.067h193.707V181.397c0.0,-4.267,4.267,-8.533,8.533,-8.533h68.267c4.267,0.0,8.533,3.413,8.533,8.533V189.93z"">
  </path>
 </g>
</svg>


Question: What is the object used for?",Cooking,Writing,clothes,Gardening,C,accessory
75,"Examine the following SVG code carefully and answer the question based on your interpretation of the rendered image.

<svg id=""Layer_1"" style=""enable-background:new 0 0 512 512;"" version=""1.1"" viewbox=""0 0 512 512"" x=""0px"" xml:space=""preserve"" y=""0px"">
 <g transform=""translate(1 1)"">
  <g>
   <path d=""M268.661,104.597c-5.12,0.0,-8.533,-3.413,-8.533,-8.533v-17.92c-14.507,-3.413,-25.6,-17.067,-25.6,-33.28c0.0,-18.773,15.36,-34.133,34.133,-34.133s34.133,15.36,34.133,34.133c0.0,5.12,-3.413,8.533,-8.533,8.533c-5.12,0.0,-8.533,-3.413,-8.533,-8.533c0.0,-9.387,-7.68,-17.067,-17.067,-17.067c-9.387,0.0,-17.067,7.68,-17.067,17.067s7.68,17.067,17.067,17.067c5.12,0.0,8.533,3.413,8.533,8.533v25.6C277.194,101.184,273.781,104.597,268.661,104.597z"" style=""fill:#FFE100;"">
   </path>
   <path d=""M268.661,155.797c-18.773,0.0,-34.133,-15.36,-34.133,-34.133s15.36,-34.133,34.133,-34.133s34.133,15.36,34.133,34.133S287.434,155.797,268.661,155.797zM268.661,104.597c-9.387,0.0,-17.067,7.68,-17.067,17.067s7.68,17.067,17.067,17.067c9.387,0.0,17.067,-7.68,17.067,-17.067S278.047,104.597,268.661,104.597z"" style=""fill:#FFE100;"">
   </path>
   <path d=""M507.594,215.53L507.594,215.53h-204.8c-4.267,0.0,-8.533,-3.413,-8.533,-8.533v-8.533h-51.2v8.533c0.0,4.267,-4.267,8.533,-8.533,8.533H21.194c-2.56,0.0,-4.267,-0.853,-5.973,-2.56s-2.56,-3.413,-2.56,-5.973c0.853,-31.573,34.133,-42.667,65.707,-42.667c1.707,0.0,2.56,0.0,2.56,0.0c109.227,-3.413,155.307,-47.787,155.307,-48.64c2.56,-2.56,5.973,-3.413,9.387,-1.707s5.12,4.267,5.12,7.68c0.0,9.387,7.68,17.067,17.067,17.067c9.387,0.0,17.067,-7.68,17.067,-17.067c0.0,-3.413,1.707,-6.827,5.12,-7.68c3.413,-1.707,6.827,-0.853,9.387,1.707c0.0,0.0,46.08,45.227,156.16,48.64c0.0,0.0,0.853,0.0,2.56,0.0c27.307,0.0,55.467,11.093,57.173,40.96c0.0,0.853,0.0,1.707,0.0,1.707C516.127,212.117,512.714,215.53,507.594,215.53zM311.327,198.464h186.027c-6.827,-15.36,-30.72,-17.067,-38.4,-17.067c-0.853,0.0,-1.707,0.0,-1.707,0.0c-87.893,-2.56,-137.387,-29.867,-157.867,-44.373c-5.973,11.093,-17.067,18.773,-30.72,18.773c-13.653,0.0,-24.747,-7.68,-30.72,-18.773c-20.48,14.507,-69.12,41.813,-157.013,44.373c-0.853,0.0,-1.707,0.0,-2.56,0.0c-6.827,0.0,-38.4,0.853,-46.08,17.067h193.707v-8.533c0.0,-4.267,4.267,-8.533,8.533,-8.533h68.267c4.267,0.0,8.533,3.413,8.533,8.533V198.464z"" style=""fill:#FFE100;"">
   </path>
  </g>
  <polygon points=""260.127,317.930 311.327,317.930 311.327,283.797 260.127,283.797"" style=""fill:#FDCC00;"">
  </polygon>
  <polygon points=""260.127,317.930 260.127,283.797 297.674,283.797 294.261,181.397 225.994,181.397 217.461,462.997 260.127,505.664 302.794,462.997 298.527,317.930"" style=""fill:#FFE100;"">
  </polygon>
  <path d=""M260.127,96.064c-5.12,0.0,-8.533,-3.413,-8.533,-8.533v-17.92c-14.507,-3.413,-25.6,-17.067,-25.6,-33.28C225.994,17.557,241.354,2.197,260.127,2.197s34.133,15.36,34.133,34.133c0.0,5.12,-3.413,8.533,-8.533,8.533s-8.533,-3.413,-8.533,-8.533c0.0,-9.387,-7.68,-17.067,-17.067,-17.067c-9.387,0.0,-17.067,7.68,-17.067,17.067s7.68,17.067,17.067,17.067c5.12,0.0,8.533,3.413,8.533,8.533v25.6C268.661,92.65,265.247,96.064,260.127,96.064z"">
  </path>
  <path d=""M260.127,147.264c-18.773,0.0,-34.133,-15.36,-34.133,-34.133S241.354,78.997,260.127,78.997s34.133,15.36,34.133,34.133S278.901,147.264,260.127,147.264zM260.127,96.064c-9.387,0.0,-17.067,7.68,-17.067,17.067S250.741,130.197,260.127,130.197c9.387,0.0,17.067,-7.68,17.067,-17.067S269.514,96.064,260.127,96.064z"">
  </path>
  <path d=""M311.327,326.464h-51.2c-5.12,0.0,-8.533,-3.413,-8.533,-8.533V283.797c0.0,-5.12,3.413,-8.533,8.533,-8.533h51.2c5.12,0.0,8.533,3.413,8.533,8.533v34.133C319.861,323.05,316.447,326.464,311.327,326.464zM268.661,309.397h34.133v-17.067h-34.133V309.397z"">
  </path>
  <path d=""M260.127,514.197c-2.56,0.0,-4.267,-0.853,-5.973,-2.56l-42.667,-42.667c-1.707,-1.707,-2.56,-4.267,-2.56,-5.973l8.533,-281.6c0.0,-4.267,4.267,-8.533,8.533,-8.533h68.267c4.267,0.0,8.533,3.413,8.533,8.533l3.413,100.693c0.0,0.853,0.0,1.707,0.0,1.707c0.0,5.12,-3.413,8.533,-8.533,8.533l0.0,0.0h-29.013V309.397h29.867c4.267,0.0,8.533,3.413,8.533,8.533l4.267,145.067c0.0,2.56,-0.853,4.267,-2.56,5.973l-42.667,42.667C264.394,513.344,262.687,514.197,260.127,514.197zM225.994,459.584l34.133,34.133l34.133,-34.133l-4.267,-133.12h-29.867c-5.12,0.0,-8.533,-3.413,-8.533,-8.533V283.797c0.0,-5.12,3.413,-8.533,8.533,-8.533h28.16l-2.56,-85.333h-51.2L225.994,459.584z"">
  </path>
  <path d=""M507.594,206.997L507.594,206.997H294.261c-4.267,0.0,-8.533,-3.413,-8.533,-8.533v-8.533h-51.2v8.533c0.0,4.267,-4.267,8.533,-8.533,8.533H12.661c-2.56,0.0,-4.267,-0.853,-5.973,-2.56c-1.707,-1.707,-2.56,-3.413,-2.56,-5.973C4.981,166.89,38.261,155.797,69.834,155.797c1.707,0.0,2.56,0.0,2.56,0.0c109.227,-3.413,155.307,-47.787,155.307,-48.64c2.56,-2.56,5.973,-3.413,9.387,-1.707s5.12,4.267,5.12,7.68c0.0,9.387,7.68,17.067,17.067,17.067s17.067,-7.68,17.067,-17.067c0.0,-3.413,1.707,-6.827,5.12,-7.68c3.413,-1.707,6.827,-0.853,9.387,1.707c0.0,0.853,46.08,45.227,156.16,48.64c0.0,0.0,0.853,0.0,2.56,0.0c30.72,0.0,64.0,11.093,65.707,40.96c0.0,0.853,0.0,1.707,0.0,1.707C516.127,203.584,512.714,206.997,507.594,206.997zM302.794,189.93h193.707c-8.533,-16.213,-39.253,-17.067,-46.08,-17.067c-1.707,0.0,-2.56,0.0,-2.56,0.0c-87.893,-2.56,-137.387,-29.867,-157.867,-44.373c-5.973,11.093,-17.067,18.773,-30.72,18.773c-13.653,0.0,-24.747,-7.68,-30.72,-18.773c-19.627,14.507,-68.267,41.813,-156.16,44.373c-0.853,0.0,-1.707,0.0,-2.56,0.0c-6.827,0.0,-38.4,0.853,-46.08,17.067h193.707V181.397c0.0,-4.267,4.267,-8.533,8.533,-8.533h68.267c4.267,0.0,8.533,3.413,8.533,8.533V189.93z"">
  </path>
 </g>
</svg>


Question: What is the whole object in the image?",tie,lamp,book,chair,A,accessory
116,"Examine the following SVG code carefully and answer the question based on your interpretation of the rendered image.

<svg id=""Layer_1"" style=""enable-background:new 0 0 512 512;"" version=""1.1"" viewbox=""0 0 512 512"" x=""0px"" xml:space=""preserve"" y=""0px"">
 <g>
  <path d=""M259.654,89.365c-4.79,0.0,-8.678,-3.888,-8.678,-8.678V70.915c-14.952,-3.87,-26.034,-17.477,-26.034,-33.618C224.942,18.153,240.511,2.585,259.654,2.585s34.712,15.568,34.712,34.712c0.0,4.79,-3.888,8.678,-8.678,8.678c-4.79,0.0,-8.678,-3.888,-8.678,-8.678c0.0,-9.572,-7.784,-17.356,-17.356,-17.356c-9.572,0.0,-17.356,7.784,-17.356,17.356s7.784,17.356,17.356,17.356c4.79,0.0,8.678,3.888,8.678,8.678v17.356C268.332,85.477,264.444,89.365,259.654,89.365"" style=""fill:#E6E7E8;"">
  </path>
  <path d=""M355.349,176.144h46.531L259.657,90.805L117.425,176.144h46.531l0.243,-8.912c0.13,-4.703,3.975,-8.444,8.678,-8.444h52.068c4.695,0.0,8.548,3.74,8.669,8.444l0.243,8.912h51.59l0.243,-8.912c0.13,-4.703,3.975,-8.444,8.678,-8.444h52.068c4.695,0.0,8.548,3.74,8.669,8.444L355.349,176.144zM433.216,193.5H346.905c-4.703,0.0,-8.548,-3.74,-8.678,-8.444l-0.234,-8.912h-35.18l-0.243,8.912c-0.13,4.703,-3.974,8.444,-8.678,8.444h-68.478c-4.703,0.0,-8.548,-3.74,-8.678,-8.444l-0.234,-8.912h-35.18l-0.243,8.912c-0.13,4.703,-3.975,8.444,-8.678,8.444H86.097c-3.905,0.0,-7.324,-2.603,-8.366,-6.361c-1.041,-3.758,0.555,-7.749,3.896,-9.754L255.188,73.25c2.751,-1.657,6.179,-1.657,8.93,0.0L437.677,177.385c3.35,2.005,4.938,5.996,3.905,9.754C440.532,190.897,437.112,193.5,433.216,193.5L433.216,193.5z"" style=""fill:#805333;"">
  </path>
  <polygon points=""233.620,488.551 198.908,514.585 164.196,488.551 172.874,167.466 224.942,167.466"" style=""fill:#C03A2B;"">
  </polygon>
  <polygon points=""355.112,488.551 320.400,514.585 285.688,488.551 294.366,167.466 346.434,167.466"" style=""fill:#4482C3;"">
  </polygon>
  <g>
   <polygon points=""167.951,349.704 229.868,349.704 228.462,297.636 169.356,297.636"" style=""fill:#F0C419;"">
   </polygon>
   <polygon points=""165.133,453.839 232.682,453.839 231.276,401.771 166.547,401.771"" style=""fill:#F0C419;"">
   </polygon>
  </g>
  <g>
   <path d=""M190.23,427.805c0.0,4.79,3.888,8.678,8.678,8.678s8.678,-3.888,8.678,-8.678s-3.888,-8.678,-8.678,-8.678S190.23,423.015,190.23,427.805"" style=""fill:#C03A2B;"">
   </path>
   <path d=""M190.23,323.67c0.0,4.79,3.888,8.678,8.678,8.678s8.678,-3.888,8.678,-8.678s-3.888,-8.678,-8.678,-8.678S190.23,318.88,190.23,323.67"" style=""fill:#C03A2B;"">
   </path>
  </g>
 </g>
</svg>


Question: What is the color of the tie on the left?",Red,Green,Blue,Purple,A,accessory
117,"Examine the following SVG code carefully and answer the question based on your interpretation of the rendered image.

<svg id=""Layer_1"" style=""enable-background:new 0 0 512 512;"" version=""1.1"" viewbox=""0 0 512 512"" x=""0px"" xml:space=""preserve"" y=""0px"">
 <g>
  <path d=""M259.654,89.365c-4.79,0.0,-8.678,-3.888,-8.678,-8.678V70.915c-14.952,-3.87,-26.034,-17.477,-26.034,-33.618C224.942,18.153,240.511,2.585,259.654,2.585s34.712,15.568,34.712,34.712c0.0,4.79,-3.888,8.678,-8.678,8.678c-4.79,0.0,-8.678,-3.888,-8.678,-8.678c0.0,-9.572,-7.784,-17.356,-17.356,-17.356c-9.572,0.0,-17.356,7.784,-17.356,17.356s7.784,17.356,17.356,17.356c4.79,0.0,8.678,3.888,8.678,8.678v17.356C268.332,85.477,264.444,89.365,259.654,89.365"" style=""fill:#E6E7E8;"">
  </path>
  <path d=""M355.349,176.144h46.531L259.657,90.805L117.425,176.144h46.531l0.243,-8.912c0.13,-4.703,3.975,-8.444,8.678,-8.444h52.068c4.695,0.0,8.548,3.74,8.669,8.444l0.243,8.912h51.59l0.243,-8.912c0.13,-4.703,3.975,-8.444,8.678,-8.444h52.068c4.695,0.0,8.548,3.74,8.669,8.444L355.349,176.144zM433.216,193.5H346.905c-4.703,0.0,-8.548,-3.74,-8.678,-8.444l-0.234,-8.912h-35.18l-0.243,8.912c-0.13,4.703,-3.974,8.444,-8.678,8.444h-68.478c-4.703,0.0,-8.548,-3.74,-8.678,-8.444l-0.234,-8.912h-35.18l-0.243,8.912c-0.13,4.703,-3.975,8.444,-8.678,8.444H86.097c-3.905,0.0,-7.324,-2.603,-8.366,-6.361c-1.041,-3.758,0.555,-7.749,3.896,-9.754L255.188,73.25c2.751,-1.657,6.179,-1.657,8.93,0.0L437.677,177.385c3.35,2.005,4.938,5.996,3.905,9.754C440.532,190.897,437.112,193.5,433.216,193.5L433.216,193.5z"" style=""fill:#805333;"">
  </path>
  <polygon points=""233.620,488.551 198.908,514.585 164.196,488.551 172.874,167.466 224.942,167.466"" style=""fill:#C03A2B;"">
  </polygon>
  <polygon points=""355.112,488.551 320.400,514.585 285.688,488.551 294.366,167.466 346.434,167.466"" style=""fill:#4482C3;"">
  </polygon>
  <g>
   <polygon points=""167.951,349.704 229.868,349.704 228.462,297.636 169.356,297.636"" style=""fill:#F0C419;"">
   </polygon>
   <polygon points=""165.133,453.839 232.682,453.839 231.276,401.771 166.547,401.771"" style=""fill:#F0C419;"">
   </polygon>
  </g>
  <g>
   <path d=""M190.23,427.805c0.0,4.79,3.888,8.678,8.678,8.678s8.678,-3.888,8.678,-8.678s-3.888,-8.678,-8.678,-8.678S190.23,423.015,190.23,427.805"" style=""fill:#C03A2B;"">
   </path>
   <path d=""M190.23,323.67c0.0,4.79,3.888,8.678,8.678,8.678s8.678,-3.888,8.678,-8.678s-3.888,-8.678,-8.678,-8.678S190.23,318.88,190.23,323.67"" style=""fill:#C03A2B;"">
   </path>
  </g>
 </g>
</svg>


Question: What is the shape of the object holding the ties?",Circle,Triangle,Square,Rectangle,B,accessory
118,"Examine the following SVG code carefully and answer the question based on your interpretation of the rendered image.

<svg id=""Layer_1"" style=""enable-background:new 0 0 512 512;"" version=""1.1"" viewbox=""0 0 512 512"" x=""0px"" xml:space=""preserve"" y=""0px"">
 <g>
  <path d=""M259.654,89.365c-4.79,0.0,-8.678,-3.888,-8.678,-8.678V70.915c-14.952,-3.87,-26.034,-17.477,-26.034,-33.618C224.942,18.153,240.511,2.585,259.654,2.585s34.712,15.568,34.712,34.712c0.0,4.79,-3.888,8.678,-8.678,8.678c-4.79,0.0,-8.678,-3.888,-8.678,-8.678c0.0,-9.572,-7.784,-17.356,-17.356,-17.356c-9.572,0.0,-17.356,7.784,-17.356,17.356s7.784,17.356,17.356,17.356c4.79,0.0,8.678,3.888,8.678,8.678v17.356C268.332,85.477,264.444,89.365,259.654,89.365"" style=""fill:#E6E7E8;"">
  </path>
  <path d=""M355.349,176.144h46.531L259.657,90.805L117.425,176.144h46.531l0.243,-8.912c0.13,-4.703,3.975,-8.444,8.678,-8.444h52.068c4.695,0.0,8.548,3.74,8.669,8.444l0.243,8.912h51.59l0.243,-8.912c0.13,-4.703,3.975,-8.444,8.678,-8.444h52.068c4.695,0.0,8.548,3.74,8.669,8.444L355.349,176.144zM433.216,193.5H346.905c-4.703,0.0,-8.548,-3.74,-8.678,-8.444l-0.234,-8.912h-35.18l-0.243,8.912c-0.13,4.703,-3.974,8.444,-8.678,8.444h-68.478c-4.703,0.0,-8.548,-3.74,-8.678,-8.444l-0.234,-8.912h-35.18l-0.243,8.912c-0.13,4.703,-3.975,8.444,-8.678,8.444H86.097c-3.905,0.0,-7.324,-2.603,-8.366,-6.361c-1.041,-3.758,0.555,-7.749,3.896,-9.754L255.188,73.25c2.751,-1.657,6.179,-1.657,8.93,0.0L437.677,177.385c3.35,2.005,4.938,5.996,3.905,9.754C440.532,190.897,437.112,193.5,433.216,193.5L433.216,193.5z"" style=""fill:#805333;"">
  </path>
  <polygon points=""233.620,488.551 198.908,514.585 164.196,488.551 172.874,167.466 224.942,167.466"" style=""fill:#C03A2B;"">
  </polygon>
  <polygon points=""355.112,488.551 320.400,514.585 285.688,488.551 294.366,167.466 346.434,167.466"" style=""fill:#4482C3;"">
  </polygon>
  <g>
   <polygon points=""167.951,349.704 229.868,349.704 228.462,297.636 169.356,297.636"" style=""fill:#F0C419;"">
   </polygon>
   <polygon points=""165.133,453.839 232.682,453.839 231.276,401.771 166.547,401.771"" style=""fill:#F0C419;"">
   </polygon>
  </g>
  <g>
   <path d=""M190.23,427.805c0.0,4.79,3.888,8.678,8.678,8.678s8.678,-3.888,8.678,-8.678s-3.888,-8.678,-8.678,-8.678S190.23,423.015,190.23,427.805"" style=""fill:#C03A2B;"">
   </path>
   <path d=""M190.23,323.67c0.0,4.79,3.888,8.678,8.678,8.678s8.678,-3.888,8.678,-8.678s-3.888,-8.678,-8.678,-8.678S190.23,318.88,190.23,323.67"" style=""fill:#C03A2B;"">
   </path>
  </g>
 </g>
</svg>


Question: How many ties are hanging on the hanger?",One,Two,Three,Four,B,accessory
119,"Examine the following SVG code carefully and answer the question based on your interpretation of the rendered image.

<svg id=""Layer_1"" style=""enable-background:new 0 0 512 512;"" version=""1.1"" viewbox=""0 0 512 512"" x=""0px"" xml:space=""preserve"" y=""0px"">
 <g>
  <path d=""M259.654,89.365c-4.79,0.0,-8.678,-3.888,-8.678,-8.678V70.915c-14.952,-3.87,-26.034,-17.477,-26.034,-33.618C224.942,18.153,240.511,2.585,259.654,2.585s34.712,15.568,34.712,34.712c0.0,4.79,-3.888,8.678,-8.678,8.678c-4.79,0.0,-8.678,-3.888,-8.678,-8.678c0.0,-9.572,-7.784,-17.356,-17.356,-17.356c-9.572,0.0,-17.356,7.784,-17.356,17.356s7.784,17.356,17.356,17.356c4.79,0.0,8.678,3.888,8.678,8.678v17.356C268.332,85.477,264.444,89.365,259.654,89.365"" style=""fill:#E6E7E8;"">
  </path>
  <path d=""M355.349,176.144h46.531L259.657,90.805L117.425,176.144h46.531l0.243,-8.912c0.13,-4.703,3.975,-8.444,8.678,-8.444h52.068c4.695,0.0,8.548,3.74,8.669,8.444l0.243,8.912h51.59l0.243,-8.912c0.13,-4.703,3.975,-8.444,8.678,-8.444h52.068c4.695,0.0,8.548,3.74,8.669,8.444L355.349,176.144zM433.216,193.5H346.905c-4.703,0.0,-8.548,-3.74,-8.678,-8.444l-0.234,-8.912h-35.18l-0.243,8.912c-0.13,4.703,-3.974,8.444,-8.678,8.444h-68.478c-4.703,0.0,-8.548,-3.74,-8.678,-8.444l-0.234,-8.912h-35.18l-0.243,8.912c-0.13,4.703,-3.975,8.444,-8.678,8.444H86.097c-3.905,0.0,-7.324,-2.603,-8.366,-6.361c-1.041,-3.758,0.555,-7.749,3.896,-9.754L255.188,73.25c2.751,-1.657,6.179,-1.657,8.93,0.0L437.677,177.385c3.35,2.005,4.938,5.996,3.905,9.754C440.532,190.897,437.112,193.5,433.216,193.5L433.216,193.5z"" style=""fill:#805333;"">
  </path>
  <polygon points=""233.620,488.551 198.908,514.585 164.196,488.551 172.874,167.466 224.942,167.466"" style=""fill:#C03A2B;"">
  </polygon>
  <polygon points=""355.112,488.551 320.400,514.585 285.688,488.551 294.366,167.466 346.434,167.466"" style=""fill:#4482C3;"">
  </polygon>
  <g>
   <polygon points=""167.951,349.704 229.868,349.704 228.462,297.636 169.356,297.636"" style=""fill:#F0C419;"">
   </polygon>
   <polygon points=""165.133,453.839 232.682,453.839 231.276,401.771 166.547,401.771"" style=""fill:#F0C419;"">
   </polygon>
  </g>
  <g>
   <path d=""M190.23,427.805c0.0,4.79,3.888,8.678,8.678,8.678s8.678,-3.888,8.678,-8.678s-3.888,-8.678,-8.678,-8.678S190.23,423.015,190.23,427.805"" style=""fill:#C03A2B;"">
   </path>
   <path d=""M190.23,323.67c0.0,4.79,3.888,8.678,8.678,8.678s8.678,-3.888,8.678,-8.678s-3.888,-8.678,-8.678,-8.678S190.23,318.88,190.23,323.67"" style=""fill:#C03A2B;"">
   </path>
  </g>
 </g>
</svg>


Question: What is the object in the image primarily used for?",Cooking,Writing,clothes,Gardening,C,accessory
148,"Examine the following SVG code carefully and answer the question based on your interpretation of the rendered image.

<svg id=""Layer_1"" style=""enable-background:new 0 0 327.96 327.96;"" version=""1.1"" viewbox=""0 0 327.96 327.96"" x=""0px"" xml:space=""preserve"" y=""0px"">
 <g id=""XMLID_3_"">
  <g id=""XMLID_51_"">
   <g id=""XMLID_833_"">
    <path d=""M247.723,106.387h-22.223V83.225c0.0,-32.418,-26.374,-58.791,-58.792,-58.791s-58.792,26.374,-58.792,58.791v23.161H85.695V83.225c0.0,-44.671,36.343,-81.014,81.014,-81.014s81.014,36.343,81.014,81.014L247.723,106.387L247.723,106.387z"" id=""XMLID_834_"" style=""fill:#FCE98E;"">
    </path>
   </g>
   <path d=""M166.709,2.211v22.223c32.418,0.0,58.792,26.374,58.792,58.791v23.161h22.223V83.225C247.723,38.554,211.381,2.211,166.709,2.211z"" id=""XMLID_837_"" style=""fill:#FAE16E;"">
   </path>
  </g>
  <g id=""XMLID_41_"">
   <g id=""XMLID_842_"">
    <g id=""XMLID_1285_"">
     <path d=""M301.509,91.761H31.909C15.789,91.761,2.729,104.82,2.729,120.941v179.99c0.0,16.11,13.06,29.18,29.18,29.18h269.6c16.11,0.0,29.18,-13.07,29.18,-29.18V120.941C330.689,104.82,317.619,91.761,301.509,91.761z"" id=""XMLID_1286_"" style=""fill:#1DD2A5;"">
     </path>
    </g>
   </g>
   <g id=""XMLID_846_"">
    <path d=""M330.689,120.941v179.99c0.0,16.11,-13.07,29.18,-29.18,29.18h-134.8V91.761h134.8C317.619,91.761,330.689,104.82,330.689,120.941z"" id=""XMLID_845_"" style=""fill:#2CB79A;"">
    </path>
   </g>
  </g>
  <g id=""XMLID_36_"">
   <rect height=""238.35"" id=""XMLID_847_"" style=""fill:#FCE98E;"" width=""27.34"" x=""37.119"" y=""91.761"">
   </rect>
   <rect height=""238.35"" id=""XMLID_851_"" style=""fill:#FAE16E;"" width=""27.34"" x=""268.959"" y=""91.761"">
   </rect>
  </g>
  <g id=""XMLID_4_"">
   <circle cx=""213.701"" cy=""179.806"" id=""XMLID_855_"" r=""33.25"" style=""fill:#FAE16E;"">
   </circle>
   <rect height=""45.979"" id=""XMLID_32_"" style=""fill:#FCE98E;"" transform=""matrix(-0.9496 0.3134 -0.3134 -0.9496 298.5548 391.5252)"" width=""56.59"" x=""92.242"" y=""198.951"">
   </rect>
  </g>
 </g>
</svg>


Question: What is the primary color of the object?",Red,Blue,Green,Purple,C,accessory
149,"Examine the following SVG code carefully and answer the question based on your interpretation of the rendered image.

<svg id=""Layer_1"" style=""enable-background:new 0 0 327.96 327.96;"" version=""1.1"" viewbox=""0 0 327.96 327.96"" x=""0px"" xml:space=""preserve"" y=""0px"">
 <g id=""XMLID_3_"">
  <g id=""XMLID_51_"">
   <g id=""XMLID_833_"">
    <path d=""M247.723,106.387h-22.223V83.225c0.0,-32.418,-26.374,-58.791,-58.792,-58.791s-58.792,26.374,-58.792,58.791v23.161H85.695V83.225c0.0,-44.671,36.343,-81.014,81.014,-81.014s81.014,36.343,81.014,81.014L247.723,106.387L247.723,106.387z"" id=""XMLID_834_"" style=""fill:#FCE98E;"">
    </path>
   </g>
   <path d=""M166.709,2.211v22.223c32.418,0.0,58.792,26.374,58.792,58.791v23.161h22.223V83.225C247.723,38.554,211.381,2.211,166.709,2.211z"" id=""XMLID_837_"" style=""fill:#FAE16E;"">
   </path>
  </g>
  <g id=""XMLID_41_"">
   <g id=""XMLID_842_"">
    <g id=""XMLID_1285_"">
     <path d=""M301.509,91.761H31.909C15.789,91.761,2.729,104.82,2.729,120.941v179.99c0.0,16.11,13.06,29.18,29.18,29.18h269.6c16.11,0.0,29.18,-13.07,29.18,-29.18V120.941C330.689,104.82,317.619,91.761,301.509,91.761z"" id=""XMLID_1286_"" style=""fill:#1DD2A5;"">
     </path>
    </g>
   </g>
   <g id=""XMLID_846_"">
    <path d=""M330.689,120.941v179.99c0.0,16.11,-13.07,29.18,-29.18,29.18h-134.8V91.761h134.8C317.619,91.761,330.689,104.82,330.689,120.941z"" id=""XMLID_845_"" style=""fill:#2CB79A;"">
    </path>
   </g>
  </g>
  <g id=""XMLID_36_"">
   <rect height=""238.35"" id=""XMLID_847_"" style=""fill:#FCE98E;"" width=""27.34"" x=""37.119"" y=""91.761"">
   </rect>
   <rect height=""238.35"" id=""XMLID_851_"" style=""fill:#FAE16E;"" width=""27.34"" x=""268.959"" y=""91.761"">
   </rect>
  </g>
  <g id=""XMLID_4_"">
   <circle cx=""213.701"" cy=""179.806"" id=""XMLID_855_"" r=""33.25"" style=""fill:#FAE16E;"">
   </circle>
   <rect height=""45.979"" id=""XMLID_32_"" style=""fill:#FCE98E;"" transform=""matrix(-0.9496 0.3134 -0.3134 -0.9496 298.5548 391.5252)"" width=""56.59"" x=""92.242"" y=""198.951"">
   </rect>
  </g>
 </g>
</svg>


Question: What is the shape of the object's handle?",Triangle,Circle,Hexagon,Half Circle,D,accessory
150,"Examine the following SVG code carefully and answer the question based on your interpretation of the rendered image.

<svg id=""Layer_1"" style=""enable-background:new 0 0 327.96 327.96;"" version=""1.1"" viewbox=""0 0 327.96 327.96"" x=""0px"" xml:space=""preserve"" y=""0px"">
 <g id=""XMLID_3_"">
  <g id=""XMLID_51_"">
   <g id=""XMLID_833_"">
    <path d=""M247.723,106.387h-22.223V83.225c0.0,-32.418,-26.374,-58.791,-58.792,-58.791s-58.792,26.374,-58.792,58.791v23.161H85.695V83.225c0.0,-44.671,36.343,-81.014,81.014,-81.014s81.014,36.343,81.014,81.014L247.723,106.387L247.723,106.387z"" id=""XMLID_834_"" style=""fill:#FCE98E;"">
    </path>
   </g>
   <path d=""M166.709,2.211v22.223c32.418,0.0,58.792,26.374,58.792,58.791v23.161h22.223V83.225C247.723,38.554,211.381,2.211,166.709,2.211z"" id=""XMLID_837_"" style=""fill:#FAE16E;"">
   </path>
  </g>
  <g id=""XMLID_41_"">
   <g id=""XMLID_842_"">
    <g id=""XMLID_1285_"">
     <path d=""M301.509,91.761H31.909C15.789,91.761,2.729,104.82,2.729,120.941v179.99c0.0,16.11,13.06,29.18,29.18,29.18h269.6c16.11,0.0,29.18,-13.07,29.18,-29.18V120.941C330.689,104.82,317.619,91.761,301.509,91.761z"" id=""XMLID_1286_"" style=""fill:#1DD2A5;"">
     </path>
    </g>
   </g>
   <g id=""XMLID_846_"">
    <path d=""M330.689,120.941v179.99c0.0,16.11,-13.07,29.18,-29.18,29.18h-134.8V91.761h134.8C317.619,91.761,330.689,104.82,330.689,120.941z"" id=""XMLID_845_"" style=""fill:#2CB79A;"">
    </path>
   </g>
  </g>
  <g id=""XMLID_36_"">
   <rect height=""238.35"" id=""XMLID_847_"" style=""fill:#FCE98E;"" width=""27.34"" x=""37.119"" y=""91.761"">
   </rect>
   <rect height=""238.35"" id=""XMLID_851_"" style=""fill:#FAE16E;"" width=""27.34"" x=""268.959"" y=""91.761"">
   </rect>
  </g>
  <g id=""XMLID_4_"">
   <circle cx=""213.701"" cy=""179.806"" id=""XMLID_855_"" r=""33.25"" style=""fill:#FAE16E;"">
   </circle>
   <rect height=""45.979"" id=""XMLID_32_"" style=""fill:#FCE98E;"" transform=""matrix(-0.9496 0.3134 -0.3134 -0.9496 298.5548 391.5252)"" width=""56.59"" x=""92.242"" y=""198.951"">
   </rect>
  </g>
 </g>
</svg>


Question: What is the color of the handle of the object?",Yellow,Blue,Red,Green,A,accessory
151,"Examine the following SVG code carefully and answer the question based on your interpretation of the rendered image.

<svg id=""Layer_1"" style=""enable-background:new 0 0 327.96 327.96;"" version=""1.1"" viewbox=""0 0 327.96 327.96"" x=""0px"" xml:space=""preserve"" y=""0px"">
 <g id=""XMLID_3_"">
  <g id=""XMLID_51_"">
   <g id=""XMLID_833_"">
    <path d=""M247.723,106.387h-22.223V83.225c0.0,-32.418,-26.374,-58.791,-58.792,-58.791s-58.792,26.374,-58.792,58.791v23.161H85.695V83.225c0.0,-44.671,36.343,-81.014,81.014,-81.014s81.014,36.343,81.014,81.014L247.723,106.387L247.723,106.387z"" id=""XMLID_834_"" style=""fill:#FCE98E;"">
    </path>
   </g>
   <path d=""M166.709,2.211v22.223c32.418,0.0,58.792,26.374,58.792,58.791v23.161h22.223V83.225C247.723,38.554,211.381,2.211,166.709,2.211z"" id=""XMLID_837_"" style=""fill:#FAE16E;"">
   </path>
  </g>
  <g id=""XMLID_41_"">
   <g id=""XMLID_842_"">
    <g id=""XMLID_1285_"">
     <path d=""M301.509,91.761H31.909C15.789,91.761,2.729,104.82,2.729,120.941v179.99c0.0,16.11,13.06,29.18,29.18,29.18h269.6c16.11,0.0,29.18,-13.07,29.18,-29.18V120.941C330.689,104.82,317.619,91.761,301.509,91.761z"" id=""XMLID_1286_"" style=""fill:#1DD2A5;"">
     </path>
    </g>
   </g>
   <g id=""XMLID_846_"">
    <path d=""M330.689,120.941v179.99c0.0,16.11,-13.07,29.18,-29.18,29.18h-134.8V91.761h134.8C317.619,91.761,330.689,104.82,330.689,120.941z"" id=""XMLID_845_"" style=""fill:#2CB79A;"">
    </path>
   </g>
  </g>
  <g id=""XMLID_36_"">
   <rect height=""238.35"" id=""XMLID_847_"" style=""fill:#FCE98E;"" width=""27.34"" x=""37.119"" y=""91.761"">
   </rect>
   <rect height=""238.35"" id=""XMLID_851_"" style=""fill:#FAE16E;"" width=""27.34"" x=""268.959"" y=""91.761"">
   </rect>
  </g>
  <g id=""XMLID_4_"">
   <circle cx=""213.701"" cy=""179.806"" id=""XMLID_855_"" r=""33.25"" style=""fill:#FAE16E;"">
   </circle>
   <rect height=""45.979"" id=""XMLID_32_"" style=""fill:#FCE98E;"" transform=""matrix(-0.9496 0.3134 -0.3134 -0.9496 298.5548 391.5252)"" width=""56.59"" x=""92.242"" y=""198.951"">
   </rect>
  </g>
 </g>
</svg>


Question: What type of object is shown in the image?",Suitcase,Backpack,Briefcase,Handbag,A,accessory
152,"Examine the following SVG code carefully and answer the question based on your interpretation of the rendered image.

<svg id=""Layer_1"" style=""enable-background:new 0 0 512.002 512.002;"" version=""1.1"" viewbox=""0 0 512.002 512.002"" x=""0px"" xml:space=""preserve"" y=""0px"">
 <g>
  <g>
   <path d=""M338.334,511.223c-4.873,0.0,-8.828,-3.946,-8.828,-8.828v-88.276c0.0,-4.882,3.955,-8.828,8.828,-8.828s8.828,3.946,8.828,8.828v88.276C347.162,507.277,343.207,511.223,338.334,511.223"" style=""fill:#6CA1E9;"">
   </path>
   <path d=""M364.817,511.223c-4.873,0.0,-8.828,-3.946,-8.828,-8.828v-79.448c0.0,-4.882,3.955,-8.828,8.828,-8.828s8.828,3.946,8.828,8.828v79.448C373.645,507.277,369.69,511.223,364.817,511.223"" style=""fill:#6CA1E9;"">
   </path>
   <path d=""M391.3,511.223c-4.873,0.0,-8.828,-3.946,-8.828,-8.828v-70.621c0.0,-4.882,3.955,-8.828,8.828,-8.828s8.828,3.946,8.828,8.828v70.621C400.127,507.277,396.173,511.223,391.3,511.223"" style=""fill:#6CA1E9;"">
   </path>
   <path d=""M417.783,511.223c-4.873,0.0,-8.828,-3.946,-8.828,-8.828v-61.793c0.0,-4.882,3.955,-8.828,8.828,-8.828s8.828,3.946,8.828,8.828v61.793C426.61,507.277,422.655,511.223,417.783,511.223"" style=""fill:#6CA1E9;"">
   </path>
   <path d=""M444.265,511.223c-4.873,0.0,-8.828,-3.946,-8.828,-8.828v-61.793c0.0,-4.882,3.955,-8.828,8.828,-8.828s8.828,3.946,8.828,8.828v61.793C453.093,507.277,449.138,511.223,444.265,511.223"" style=""fill:#6CA1E9;"">
   </path>
  </g>
  <polygon points=""453.093,219.913 453.093,458.258 329.507,422.947 329.507,219.913"" style=""fill:#4F85BF;"">
  </polygon>
  <g>
   <path d=""M373.645,290.533c-4.873,0.0,-8.828,-3.946,-8.828,-8.828v-61.793c0.0,-4.882,3.955,-8.828,8.828,-8.828c4.873,0.0,8.828,3.946,8.828,8.828v61.793C382.472,286.587,378.517,290.533,373.645,290.533"" style=""fill:#6CA1E9;"">
   </path>
   <path d=""M408.955,325.844c-4.873,0.0,-8.828,-3.946,-8.828,-8.828v-97.103c0.0,-4.882,3.955,-8.828,8.828,-8.828s8.828,3.946,8.828,8.828v97.103C417.783,321.898,413.828,325.844,408.955,325.844"" style=""fill:#6CA1E9;"">
   </path>
   <path d=""M373.645,396.464c-4.873,0.0,-8.828,-3.946,-8.828,-8.828v-52.966c0.0,-4.882,3.955,-8.828,8.828,-8.828c4.873,0.0,8.828,3.946,8.828,8.828v52.966C382.472,392.519,378.517,396.464,373.645,396.464"" style=""fill:#6CA1E9;"">
   </path>
   <path d=""M479.613,96.327c19.483,0.0,35.275,15.793,35.275,35.275v53.001c0.0,19.5,-15.81,35.31,-35.31,35.31H38.198c-19.5,0.0,-35.31,-15.81,-35.31,-35.31v-52.966c0.0,-19.5,15.81,-35.31,35.31,-35.31c-19.5,0.0,-35.31,-15.81,-35.31,-35.31V43.361c0.0,-19.5,15.81,-35.31,35.31,-35.31h441.379c19.5,0.0,35.31,15.81,35.31,35.31V61.016c0.0,19.5,-15.81,35.31,-35.31,35.31H479.613z"" style=""fill:#6CA1E9;"">
   </path>
  </g>
  <g>
   <path d=""M91.162,105.154H38.196c-4.873,0.0,-8.828,-3.946,-8.828,-8.828s3.955,-8.828,8.828,-8.828h52.966c4.873,0.0,8.828,3.946,8.828,8.828S96.035,105.154,91.162,105.154"" style=""fill:#4F85BF;"">
   </path>
   <path d=""M479.576,105.154h-52.966c-4.873,0.0,-8.828,-3.946,-8.828,-8.828s3.955,-8.828,8.828,-8.828h52.966c4.873,0.0,8.828,3.946,8.828,8.828S484.448,105.154,479.576,105.154"" style=""fill:#4F85BF;"">
   </path>
   <path d=""M329.507,149.292H223.576c-4.873,0.0,-8.828,-3.946,-8.828,-8.828s3.955,-8.828,8.828,-8.828h105.931c4.873,0.0,8.828,3.946,8.828,8.828S334.379,149.292,329.507,149.292"" style=""fill:#4F85BF;"">
   </path>
   <path d=""M294.196,184.602H152.955c-4.873,0.0,-8.828,-3.946,-8.828,-8.828s3.955,-8.828,8.828,-8.828H294.196c4.873,0.0,8.828,3.946,8.828,8.828S299.069,184.602,294.196,184.602"" style=""fill:#4F85BF;"">
   </path>
   <path d=""M285.369,69.844H144.127c-4.873,0.0,-8.828,-3.946,-8.828,-8.828s3.955,-8.828,8.828,-8.828h141.241c4.873,0.0,8.828,3.946,8.828,8.828S290.242,69.844,285.369,69.844"" style=""fill:#4F85BF;"">
   </path>
   <path d=""M4.134,69.844h51.721c4.873,0.0,8.828,-3.946,8.828,-8.828s-3.955,-8.828,-8.828,-8.828H2.89v8.828C2.89,64.079,3.402,67.01,4.134,69.844"" style=""fill:#4F85BF;"">
   </path>
   <path d=""M513.638,34.533H391.296c-4.873,0.0,-8.828,3.946,-8.828,8.828s3.955,8.828,8.828,8.828h123.586v-8.828C514.882,40.298,514.37,37.367,513.638,34.533"" style=""fill:#4F85BF;"">
   </path>
   <path d=""M435.438,131.637c-4.873,0.0,-8.828,3.946,-8.828,8.828s3.955,8.828,8.828,8.828H514.886v-17.655H435.438z"" style=""fill:#4F85BF;"">
   </path>
   <path d=""M373.645,175.775c0.0,4.882,3.955,8.828,8.828,8.828H514.886v-17.655H382.472C377.599,166.947,373.645,170.893,373.645,175.775"" style=""fill:#4F85BF;"">
   </path>
   <path d=""M2.886,184.602h79.448c4.873,0.0,8.828,-3.946,8.828,-8.828s-3.955,-8.828,-8.828,-8.828H2.886V184.602z"" style=""fill:#4F85BF;"">
   </path>
   <path d=""M135.3,149.292c4.873,0.0,8.828,-3.946,8.828,-8.828s-3.955,-8.828,-8.828,-8.828H2.886v17.655H135.3z"" style=""fill:#4F85BF;"">
   </path>
  </g>
 </g>
</svg>


Question: What is the primary color of the object?",Red,Green,Blue,Yellow,C,accessory
153,"Examine the following SVG code carefully and answer the question based on your interpretation of the rendered image.

<svg id=""Layer_1"" style=""enable-background:new 0 0 512.002 512.002;"" version=""1.1"" viewbox=""0 0 512.002 512.002"" x=""0px"" xml:space=""preserve"" y=""0px"">
 <g>
  <g>
   <path d=""M338.334,511.223c-4.873,0.0,-8.828,-3.946,-8.828,-8.828v-88.276c0.0,-4.882,3.955,-8.828,8.828,-8.828s8.828,3.946,8.828,8.828v88.276C347.162,507.277,343.207,511.223,338.334,511.223"" style=""fill:#6CA1E9;"">
   </path>
   <path d=""M364.817,511.223c-4.873,0.0,-8.828,-3.946,-8.828,-8.828v-79.448c0.0,-4.882,3.955,-8.828,8.828,-8.828s8.828,3.946,8.828,8.828v79.448C373.645,507.277,369.69,511.223,364.817,511.223"" style=""fill:#6CA1E9;"">
   </path>
   <path d=""M391.3,511.223c-4.873,0.0,-8.828,-3.946,-8.828,-8.828v-70.621c0.0,-4.882,3.955,-8.828,8.828,-8.828s8.828,3.946,8.828,8.828v70.621C400.127,507.277,396.173,511.223,391.3,511.223"" style=""fill:#6CA1E9;"">
   </path>
   <path d=""M417.783,511.223c-4.873,0.0,-8.828,-3.946,-8.828,-8.828v-61.793c0.0,-4.882,3.955,-8.828,8.828,-8.828s8.828,3.946,8.828,8.828v61.793C426.61,507.277,422.655,511.223,417.783,511.223"" style=""fill:#6CA1E9;"">
   </path>
   <path d=""M444.265,511.223c-4.873,0.0,-8.828,-3.946,-8.828,-8.828v-61.793c0.0,-4.882,3.955,-8.828,8.828,-8.828s8.828,3.946,8.828,8.828v61.793C453.093,507.277,449.138,511.223,444.265,511.223"" style=""fill:#6CA1E9;"">
   </path>
  </g>
  <polygon points=""453.093,219.913 453.093,458.258 329.507,422.947 329.507,219.913"" style=""fill:#4F85BF;"">
  </polygon>
  <g>
   <path d=""M373.645,290.533c-4.873,0.0,-8.828,-3.946,-8.828,-8.828v-61.793c0.0,-4.882,3.955,-8.828,8.828,-8.828c4.873,0.0,8.828,3.946,8.828,8.828v61.793C382.472,286.587,378.517,290.533,373.645,290.533"" style=""fill:#6CA1E9;"">
   </path>
   <path d=""M408.955,325.844c-4.873,0.0,-8.828,-3.946,-8.828,-8.828v-97.103c0.0,-4.882,3.955,-8.828,8.828,-8.828s8.828,3.946,8.828,8.828v97.103C417.783,321.898,413.828,325.844,408.955,325.844"" style=""fill:#6CA1E9;"">
   </path>
   <path d=""M373.645,396.464c-4.873,0.0,-8.828,-3.946,-8.828,-8.828v-52.966c0.0,-4.882,3.955,-8.828,8.828,-8.828c4.873,0.0,8.828,3.946,8.828,8.828v52.966C382.472,392.519,378.517,396.464,373.645,396.464"" style=""fill:#6CA1E9;"">
   </path>
   <path d=""M479.613,96.327c19.483,0.0,35.275,15.793,35.275,35.275v53.001c0.0,19.5,-15.81,35.31,-35.31,35.31H38.198c-19.5,0.0,-35.31,-15.81,-35.31,-35.31v-52.966c0.0,-19.5,15.81,-35.31,35.31,-35.31c-19.5,0.0,-35.31,-15.81,-35.31,-35.31V43.361c0.0,-19.5,15.81,-35.31,35.31,-35.31h441.379c19.5,0.0,35.31,15.81,35.31,35.31V61.016c0.0,19.5,-15.81,35.31,-35.31,35.31H479.613z"" style=""fill:#6CA1E9;"">
   </path>
  </g>
  <g>
   <path d=""M91.162,105.154H38.196c-4.873,0.0,-8.828,-3.946,-8.828,-8.828s3.955,-8.828,8.828,-8.828h52.966c4.873,0.0,8.828,3.946,8.828,8.828S96.035,105.154,91.162,105.154"" style=""fill:#4F85BF;"">
   </path>
   <path d=""M479.576,105.154h-52.966c-4.873,0.0,-8.828,-3.946,-8.828,-8.828s3.955,-8.828,8.828,-8.828h52.966c4.873,0.0,8.828,3.946,8.828,8.828S484.448,105.154,479.576,105.154"" style=""fill:#4F85BF;"">
   </path>
   <path d=""M329.507,149.292H223.576c-4.873,0.0,-8.828,-3.946,-8.828,-8.828s3.955,-8.828,8.828,-8.828h105.931c4.873,0.0,8.828,3.946,8.828,8.828S334.379,149.292,329.507,149.292"" style=""fill:#4F85BF;"">
   </path>
   <path d=""M294.196,184.602H152.955c-4.873,0.0,-8.828,-3.946,-8.828,-8.828s3.955,-8.828,8.828,-8.828H294.196c4.873,0.0,8.828,3.946,8.828,8.828S299.069,184.602,294.196,184.602"" style=""fill:#4F85BF;"">
   </path>
   <path d=""M285.369,69.844H144.127c-4.873,0.0,-8.828,-3.946,-8.828,-8.828s3.955,-8.828,8.828,-8.828h141.241c4.873,0.0,8.828,3.946,8.828,8.828S290.242,69.844,285.369,69.844"" style=""fill:#4F85BF;"">
   </path>
   <path d=""M4.134,69.844h51.721c4.873,0.0,8.828,-3.946,8.828,-8.828s-3.955,-8.828,-8.828,-8.828H2.89v8.828C2.89,64.079,3.402,67.01,4.134,69.844"" style=""fill:#4F85BF;"">
   </path>
   <path d=""M513.638,34.533H391.296c-4.873,0.0,-8.828,3.946,-8.828,8.828s3.955,8.828,8.828,8.828h123.586v-8.828C514.882,40.298,514.37,37.367,513.638,34.533"" style=""fill:#4F85BF;"">
   </path>
   <path d=""M435.438,131.637c-4.873,0.0,-8.828,3.946,-8.828,8.828s3.955,8.828,8.828,8.828H514.886v-17.655H435.438z"" style=""fill:#4F85BF;"">
   </path>
   <path d=""M373.645,175.775c0.0,4.882,3.955,8.828,8.828,8.828H514.886v-17.655H382.472C377.599,166.947,373.645,170.893,373.645,175.775"" style=""fill:#4F85BF;"">
   </path>
   <path d=""M2.886,184.602h79.448c4.873,0.0,8.828,-3.946,8.828,-8.828s-3.955,-8.828,-8.828,-8.828H2.886V184.602z"" style=""fill:#4F85BF;"">
   </path>
   <path d=""M135.3,149.292c4.873,0.0,8.828,-3.946,8.828,-8.828s-3.955,-8.828,-8.828,-8.828H2.886v17.655H135.3z"" style=""fill:#4F85BF;"">
   </path>
  </g>
 </g>
</svg>


Question: How many vertical lines are there on the buttom part of the object?",2,3,4,5,D,accessory
154,"Examine the following SVG code carefully and answer the question based on your interpretation of the rendered image.

<svg id=""Layer_1"" style=""enable-background:new 0 0 512.002 512.002;"" version=""1.1"" viewbox=""0 0 512.002 512.002"" x=""0px"" xml:space=""preserve"" y=""0px"">
 <g>
  <g>
   <path d=""M338.334,511.223c-4.873,0.0,-8.828,-3.946,-8.828,-8.828v-88.276c0.0,-4.882,3.955,-8.828,8.828,-8.828s8.828,3.946,8.828,8.828v88.276C347.162,507.277,343.207,511.223,338.334,511.223"" style=""fill:#6CA1E9;"">
   </path>
   <path d=""M364.817,511.223c-4.873,0.0,-8.828,-3.946,-8.828,-8.828v-79.448c0.0,-4.882,3.955,-8.828,8.828,-8.828s8.828,3.946,8.828,8.828v79.448C373.645,507.277,369.69,511.223,364.817,511.223"" style=""fill:#6CA1E9;"">
   </path>
   <path d=""M391.3,511.223c-4.873,0.0,-8.828,-3.946,-8.828,-8.828v-70.621c0.0,-4.882,3.955,-8.828,8.828,-8.828s8.828,3.946,8.828,8.828v70.621C400.127,507.277,396.173,511.223,391.3,511.223"" style=""fill:#6CA1E9;"">
   </path>
   <path d=""M417.783,511.223c-4.873,0.0,-8.828,-3.946,-8.828,-8.828v-61.793c0.0,-4.882,3.955,-8.828,8.828,-8.828s8.828,3.946,8.828,8.828v61.793C426.61,507.277,422.655,511.223,417.783,511.223"" style=""fill:#6CA1E9;"">
   </path>
   <path d=""M444.265,511.223c-4.873,0.0,-8.828,-3.946,-8.828,-8.828v-61.793c0.0,-4.882,3.955,-8.828,8.828,-8.828s8.828,3.946,8.828,8.828v61.793C453.093,507.277,449.138,511.223,444.265,511.223"" style=""fill:#6CA1E9;"">
   </path>
  </g>
  <polygon points=""453.093,219.913 453.093,458.258 329.507,422.947 329.507,219.913"" style=""fill:#4F85BF;"">
  </polygon>
  <g>
   <path d=""M373.645,290.533c-4.873,0.0,-8.828,-3.946,-8.828,-8.828v-61.793c0.0,-4.882,3.955,-8.828,8.828,-8.828c4.873,0.0,8.828,3.946,8.828,8.828v61.793C382.472,286.587,378.517,290.533,373.645,290.533"" style=""fill:#6CA1E9;"">
   </path>
   <path d=""M408.955,325.844c-4.873,0.0,-8.828,-3.946,-8.828,-8.828v-97.103c0.0,-4.882,3.955,-8.828,8.828,-8.828s8.828,3.946,8.828,8.828v97.103C417.783,321.898,413.828,325.844,408.955,325.844"" style=""fill:#6CA1E9;"">
   </path>
   <path d=""M373.645,396.464c-4.873,0.0,-8.828,-3.946,-8.828,-8.828v-52.966c0.0,-4.882,3.955,-8.828,8.828,-8.828c4.873,0.0,8.828,3.946,8.828,8.828v52.966C382.472,392.519,378.517,396.464,373.645,396.464"" style=""fill:#6CA1E9;"">
   </path>
   <path d=""M479.613,96.327c19.483,0.0,35.275,15.793,35.275,35.275v53.001c0.0,19.5,-15.81,35.31,-35.31,35.31H38.198c-19.5,0.0,-35.31,-15.81,-35.31,-35.31v-52.966c0.0,-19.5,15.81,-35.31,35.31,-35.31c-19.5,0.0,-35.31,-15.81,-35.31,-35.31V43.361c0.0,-19.5,15.81,-35.31,35.31,-35.31h441.379c19.5,0.0,35.31,15.81,35.31,35.31V61.016c0.0,19.5,-15.81,35.31,-35.31,35.31H479.613z"" style=""fill:#6CA1E9;"">
   </path>
  </g>
  <g>
   <path d=""M91.162,105.154H38.196c-4.873,0.0,-8.828,-3.946,-8.828,-8.828s3.955,-8.828,8.828,-8.828h52.966c4.873,0.0,8.828,3.946,8.828,8.828S96.035,105.154,91.162,105.154"" style=""fill:#4F85BF;"">
   </path>
   <path d=""M479.576,105.154h-52.966c-4.873,0.0,-8.828,-3.946,-8.828,-8.828s3.955,-8.828,8.828,-8.828h52.966c4.873,0.0,8.828,3.946,8.828,8.828S484.448,105.154,479.576,105.154"" style=""fill:#4F85BF;"">
   </path>
   <path d=""M329.507,149.292H223.576c-4.873,0.0,-8.828,-3.946,-8.828,-8.828s3.955,-8.828,8.828,-8.828h105.931c4.873,0.0,8.828,3.946,8.828,8.828S334.379,149.292,329.507,149.292"" style=""fill:#4F85BF;"">
   </path>
   <path d=""M294.196,184.602H152.955c-4.873,0.0,-8.828,-3.946,-8.828,-8.828s3.955,-8.828,8.828,-8.828H294.196c4.873,0.0,8.828,3.946,8.828,8.828S299.069,184.602,294.196,184.602"" style=""fill:#4F85BF;"">
   </path>
   <path d=""M285.369,69.844H144.127c-4.873,0.0,-8.828,-3.946,-8.828,-8.828s3.955,-8.828,8.828,-8.828h141.241c4.873,0.0,8.828,3.946,8.828,8.828S290.242,69.844,285.369,69.844"" style=""fill:#4F85BF;"">
   </path>
   <path d=""M4.134,69.844h51.721c4.873,0.0,8.828,-3.946,8.828,-8.828s-3.955,-8.828,-8.828,-8.828H2.89v8.828C2.89,64.079,3.402,67.01,4.134,69.844"" style=""fill:#4F85BF;"">
   </path>
   <path d=""M513.638,34.533H391.296c-4.873,0.0,-8.828,3.946,-8.828,8.828s3.955,8.828,8.828,8.828h123.586v-8.828C514.882,40.298,514.37,37.367,513.638,34.533"" style=""fill:#4F85BF;"">
   </path>
   <path d=""M435.438,131.637c-4.873,0.0,-8.828,3.946,-8.828,8.828s3.955,8.828,8.828,8.828H514.886v-17.655H435.438z"" style=""fill:#4F85BF;"">
   </path>
   <path d=""M373.645,175.775c0.0,4.882,3.955,8.828,8.828,8.828H514.886v-17.655H382.472C377.599,166.947,373.645,170.893,373.645,175.775"" style=""fill:#4F85BF;"">
   </path>
   <path d=""M2.886,184.602h79.448c4.873,0.0,8.828,-3.946,8.828,-8.828s-3.955,-8.828,-8.828,-8.828H2.886V184.602z"" style=""fill:#4F85BF;"">
   </path>
   <path d=""M135.3,149.292c4.873,0.0,8.828,-3.946,8.828,-8.828s-3.955,-8.828,-8.828,-8.828H2.886v17.655H135.3z"" style=""fill:#4F85BF;"">
   </path>
  </g>
 </g>
</svg>


Question: What shape is the main body of the object?",Rectangle,Circle,Triangle,Square,A,accessory
155,"Examine the following SVG code carefully and answer the question based on your interpretation of the rendered image.

<svg id=""Layer_1"" style=""enable-background:new 0 0 512.002 512.002;"" version=""1.1"" viewbox=""0 0 512.002 512.002"" x=""0px"" xml:space=""preserve"" y=""0px"">
 <g>
  <g>
   <path d=""M338.334,511.223c-4.873,0.0,-8.828,-3.946,-8.828,-8.828v-88.276c0.0,-4.882,3.955,-8.828,8.828,-8.828s8.828,3.946,8.828,8.828v88.276C347.162,507.277,343.207,511.223,338.334,511.223"" style=""fill:#6CA1E9;"">
   </path>
   <path d=""M364.817,511.223c-4.873,0.0,-8.828,-3.946,-8.828,-8.828v-79.448c0.0,-4.882,3.955,-8.828,8.828,-8.828s8.828,3.946,8.828,8.828v79.448C373.645,507.277,369.69,511.223,364.817,511.223"" style=""fill:#6CA1E9;"">
   </path>
   <path d=""M391.3,511.223c-4.873,0.0,-8.828,-3.946,-8.828,-8.828v-70.621c0.0,-4.882,3.955,-8.828,8.828,-8.828s8.828,3.946,8.828,8.828v70.621C400.127,507.277,396.173,511.223,391.3,511.223"" style=""fill:#6CA1E9;"">
   </path>
   <path d=""M417.783,511.223c-4.873,0.0,-8.828,-3.946,-8.828,-8.828v-61.793c0.0,-4.882,3.955,-8.828,8.828,-8.828s8.828,3.946,8.828,8.828v61.793C426.61,507.277,422.655,511.223,417.783,511.223"" style=""fill:#6CA1E9;"">
   </path>
   <path d=""M444.265,511.223c-4.873,0.0,-8.828,-3.946,-8.828,-8.828v-61.793c0.0,-4.882,3.955,-8.828,8.828,-8.828s8.828,3.946,8.828,8.828v61.793C453.093,507.277,449.138,511.223,444.265,511.223"" style=""fill:#6CA1E9;"">
   </path>
  </g>
  <polygon points=""453.093,219.913 453.093,458.258 329.507,422.947 329.507,219.913"" style=""fill:#4F85BF;"">
  </polygon>
  <g>
   <path d=""M373.645,290.533c-4.873,0.0,-8.828,-3.946,-8.828,-8.828v-61.793c0.0,-4.882,3.955,-8.828,8.828,-8.828c4.873,0.0,8.828,3.946,8.828,8.828v61.793C382.472,286.587,378.517,290.533,373.645,290.533"" style=""fill:#6CA1E9;"">
   </path>
   <path d=""M408.955,325.844c-4.873,0.0,-8.828,-3.946,-8.828,-8.828v-97.103c0.0,-4.882,3.955,-8.828,8.828,-8.828s8.828,3.946,8.828,8.828v97.103C417.783,321.898,413.828,325.844,408.955,325.844"" style=""fill:#6CA1E9;"">
   </path>
   <path d=""M373.645,396.464c-4.873,0.0,-8.828,-3.946,-8.828,-8.828v-52.966c0.0,-4.882,3.955,-8.828,8.828,-8.828c4.873,0.0,8.828,3.946,8.828,8.828v52.966C382.472,392.519,378.517,396.464,373.645,396.464"" style=""fill:#6CA1E9;"">
   </path>
   <path d=""M479.613,96.327c19.483,0.0,35.275,15.793,35.275,35.275v53.001c0.0,19.5,-15.81,35.31,-35.31,35.31H38.198c-19.5,0.0,-35.31,-15.81,-35.31,-35.31v-52.966c0.0,-19.5,15.81,-35.31,35.31,-35.31c-19.5,0.0,-35.31,-15.81,-35.31,-35.31V43.361c0.0,-19.5,15.81,-35.31,35.31,-35.31h441.379c19.5,0.0,35.31,15.81,35.31,35.31V61.016c0.0,19.5,-15.81,35.31,-35.31,35.31H479.613z"" style=""fill:#6CA1E9;"">
   </path>
  </g>
  <g>
   <path d=""M91.162,105.154H38.196c-4.873,0.0,-8.828,-3.946,-8.828,-8.828s3.955,-8.828,8.828,-8.828h52.966c4.873,0.0,8.828,3.946,8.828,8.828S96.035,105.154,91.162,105.154"" style=""fill:#4F85BF;"">
   </path>
   <path d=""M479.576,105.154h-52.966c-4.873,0.0,-8.828,-3.946,-8.828,-8.828s3.955,-8.828,8.828,-8.828h52.966c4.873,0.0,8.828,3.946,8.828,8.828S484.448,105.154,479.576,105.154"" style=""fill:#4F85BF;"">
   </path>
   <path d=""M329.507,149.292H223.576c-4.873,0.0,-8.828,-3.946,-8.828,-8.828s3.955,-8.828,8.828,-8.828h105.931c4.873,0.0,8.828,3.946,8.828,8.828S334.379,149.292,329.507,149.292"" style=""fill:#4F85BF;"">
   </path>
   <path d=""M294.196,184.602H152.955c-4.873,0.0,-8.828,-3.946,-8.828,-8.828s3.955,-8.828,8.828,-8.828H294.196c4.873,0.0,8.828,3.946,8.828,8.828S299.069,184.602,294.196,184.602"" style=""fill:#4F85BF;"">
   </path>
   <path d=""M285.369,69.844H144.127c-4.873,0.0,-8.828,-3.946,-8.828,-8.828s3.955,-8.828,8.828,-8.828h141.241c4.873,0.0,8.828,3.946,8.828,8.828S290.242,69.844,285.369,69.844"" style=""fill:#4F85BF;"">
   </path>
   <path d=""M4.134,69.844h51.721c4.873,0.0,8.828,-3.946,8.828,-8.828s-3.955,-8.828,-8.828,-8.828H2.89v8.828C2.89,64.079,3.402,67.01,4.134,69.844"" style=""fill:#4F85BF;"">
   </path>
   <path d=""M513.638,34.533H391.296c-4.873,0.0,-8.828,3.946,-8.828,8.828s3.955,8.828,8.828,8.828h123.586v-8.828C514.882,40.298,514.37,37.367,513.638,34.533"" style=""fill:#4F85BF;"">
   </path>
   <path d=""M435.438,131.637c-4.873,0.0,-8.828,3.946,-8.828,8.828s3.955,8.828,8.828,8.828H514.886v-17.655H435.438z"" style=""fill:#4F85BF;"">
   </path>
   <path d=""M373.645,175.775c0.0,4.882,3.955,8.828,8.828,8.828H514.886v-17.655H382.472C377.599,166.947,373.645,170.893,373.645,175.775"" style=""fill:#4F85BF;"">
   </path>
   <path d=""M2.886,184.602h79.448c4.873,0.0,8.828,-3.946,8.828,-8.828s-3.955,-8.828,-8.828,-8.828H2.886V184.602z"" style=""fill:#4F85BF;"">
   </path>
   <path d=""M135.3,149.292c4.873,0.0,8.828,-3.946,8.828,-8.828s-3.955,-8.828,-8.828,-8.828H2.886v17.655H135.3z"" style=""fill:#4F85BF;"">
   </path>
  </g>
 </g>
</svg>


Question: What type of object is depicted in the image?",Scarf,Hat,Glove,Sock,A,accessory
156,"Examine the following SVG code carefully and answer the question based on your interpretation of the rendered image.

<svg id=""Layer_1"" style=""enable-background:new 0 0 503.816 503.816;"" version=""1.1"" viewbox=""0 0 503.816 503.816"" x=""0px"" xml:space=""preserve"" y=""0px"">
 <g transform=""translate(1 1)"">
  <g>
   <path d=""M374.472,161.826c-15.948,-32.734,-68.826,-116.669,-119.187,-116.669s-103.239,83.934,-119.187,116.669l-30.216,-15.108c0.839,-1.679,16.787,-33.574,41.967,-65.469C183.941,35.085,220.032,11.583,255.285,11.583s71.344,23.502,107.436,69.666c25.18,32.734,41.128,64.63,41.967,65.469L374.472,161.826z"" style=""fill:#FFE100;"">
   </path>
   <path d=""M403.849,147.557l-29.377,14.269c-0.839,-1.679,-1.679,-3.357,-2.518,-5.036c-10.911,48.682,-34.413,73.862,-57.915,85.613v104.918c0.0,32.734,-26.02,58.754,-58.754,58.754s-58.754,-26.02,-58.754,-58.754V243.242c-23.502,-12.59,-47.003,-36.931,-57.915,-85.613c-0.839,1.679,-1.679,3.357,-2.518,5.036l-29.377,-14.269c-11.751,17.626,-42.807,56.236,-94.846,64.63c0.0,0.0,18.466,228.302,75.541,285.377h167.869h167.869c57.075,-57.075,75.541,-285.377,75.541,-285.377C447.495,204.632,416.439,166.023,403.849,147.557"" style=""fill:#FFE100;"">
   </path>
  </g>
  <path d=""M473.514,213.026c0.0,0.0,-18.466,228.302,-75.541,285.377h25.18c57.075,-57.075,75.541,-285.377,75.541,-285.377H473.514z"" style=""fill:#FFA800;"">
  </path>
  <path d=""M37.055,213.026c0.0,0.0,18.466,228.302,75.541,285.377h-25.18C30.341,441.328,11.875,213.026,11.875,213.026H37.055z"" style=""fill:#FFFFFF;"">
  </path>
  <path d=""M255.285,406.075L255.285,406.075c-32.734,0.0,-58.754,-26.02,-58.754,-58.754v-114.99c0.0,-5.875,5.036,-10.911,10.911,-10.911h96.525c5.875,0.0,10.911,5.036,10.911,10.911v114.99C314.039,380.055,288.019,406.075,255.285,406.075"" style=""fill:#00DA6C;"">
  </path>
  <path d=""M374.472,170.219c-3.357,0.0,-5.875,-1.679,-7.554,-5.036C345.934,122.377,296.413,53.55,255.285,53.55s-90.649,68.826,-111.633,111.633c-0.839,1.679,-2.518,3.357,-5.036,4.197c-2.518,0.839,-4.197,0.839,-6.715,-0.839l-29.377,-14.269c-1.679,-0.839,-3.357,-2.518,-4.197,-5.036c-0.839,-2.518,-0.839,-4.197,0.839,-6.715c1.679,-3.357,17.626,-35.252,42.807,-67.148c75.541,-96.525,152.761,-96.525,228.302,0.0c25.18,31.895,41.128,63.79,42.807,67.148c0.839,1.679,0.839,4.197,0.839,6.715c-0.839,2.518,-2.518,4.197,-4.197,5.036L379.508,169.38C376.99,170.219,376.15,170.219,374.472,170.219zM255.285,36.764c56.236,0.0,109.115,87.292,123.384,114.151l15.108,-7.554c-5.875,-11.751,-19.305,-34.413,-36.931,-57.075c-35.252,-43.646,-68.826,-66.308,-101.561,-66.308s-66.308,22.662,-100.721,66.308c-17.626,22.662,-31.056,45.325,-36.931,57.075l15.108,7.554C147.009,124.055,199.049,36.764,255.285,36.764z"">
  </path>
  <path d=""M255.285,414.468c-36.931,0.0,-67.148,-30.216,-67.148,-67.148v-114.99c0.0,-10.072,8.393,-19.305,19.305,-19.305h96.525c10.072,0.0,19.305,8.393,19.305,19.305v114.99C322.432,384.252,292.216,414.468,255.285,414.468zM207.442,229.813c-0.839,0.0,-2.518,0.839,-2.518,2.518v114.99c0.0,27.698,22.662,50.361,50.361,50.361s50.361,-22.662,50.361,-50.361v-114.99c0.0,-0.839,-0.839,-2.518,-2.518,-2.518H207.442z"">
  </path>
  <path d=""M280.465,347.321h-50.361c-5.036,0.0,-8.393,-3.357,-8.393,-8.393c0.0,-5.036,3.357,-8.393,8.393,-8.393h50.361c5.036,0.0,8.393,3.357,8.393,8.393C288.859,343.964,285.501,347.321,280.465,347.321z"">
  </path>
  <path d=""M280.465,313.747h-50.361c-5.036,0.0,-8.393,-3.357,-8.393,-8.393c0.0,-5.036,3.357,-8.393,8.393,-8.393h50.361c5.036,0.0,8.393,3.357,8.393,8.393C288.859,310.39,285.501,313.747,280.465,313.747z"">
  </path>
  <path d=""M280.465,280.173h-50.361c-5.036,0.0,-8.393,-3.357,-8.393,-8.393s3.357,-8.393,8.393,-8.393h50.361c5.036,0.0,8.393,3.357,8.393,8.393S285.501,280.173,280.465,280.173z"">
  </path>
  <path d=""M423.154,506.796H87.416c-2.518,0.0,-4.197,-0.839,-5.875,-2.518C22.786,445.524,4.321,223.098,3.482,213.865c0.0,-4.197,2.518,-8.393,6.715,-9.233c48.682,-7.554,78.898,-46.164,88.97,-62.111c2.518,-3.357,6.715,-5.036,10.911,-2.518l22.662,10.911c1.679,-1.679,4.197,-2.518,6.715,-1.679c3.357,0.839,6.715,3.357,6.715,6.715c8.393,38.61,26.859,66.308,53.718,80.577c2.518,1.679,4.197,4.197,4.197,7.554v103.239c0.0,27.698,22.662,50.361,50.361,50.361s50.361,-22.662,50.361,-50.361V243.242c0.0,-3.357,1.679,-5.875,4.197,-7.554c26.859,-14.269,45.325,-41.967,53.718,-80.577c0.839,-3.357,3.357,-5.875,6.715,-6.715c2.518,0.0,5.036,0.839,6.715,1.679l22.662,-10.911c4.197,-1.679,8.393,-0.839,10.911,2.518c10.911,15.948,40.289,54.557,88.97,62.111c4.197,0.839,7.554,4.197,6.715,9.233c-0.839,9.233,-19.305,231.659,-78.059,290.413C428.19,505.957,425.672,506.796,423.154,506.796zM91.613,490.009h328.184c47.003,-52.039,66.308,-231.659,70.505,-270.269c-45.325,-10.072,-74.702,-42.807,-88.97,-62.111l-22.662,10.911c0.0,0.0,0.0,0.0,-0.839,0.0c-10.072,36.092,-28.538,62.951,-55.397,78.059v100.721c0.0,36.931,-30.216,67.148,-67.148,67.148s-67.148,-30.216,-67.148,-67.148v-99.043c-26.859,-15.948,-45.325,-41.967,-55.397,-78.059c0.0,0.0,0.0,0.0,-0.839,0.0l-22.662,-10.911c-13.43,19.305,-42.807,51.2,-88.97,62.111C25.304,258.35,44.609,437.97,91.613,490.009z"">
  </path>
 </g>
</svg>


Question: What is the primary color of the object?",Red,Blue,Yellow,Green,C,accessory
157,"Examine the following SVG code carefully and answer the question based on your interpretation of the rendered image.

<svg id=""Layer_1"" style=""enable-background:new 0 0 503.816 503.816;"" version=""1.1"" viewbox=""0 0 503.816 503.816"" x=""0px"" xml:space=""preserve"" y=""0px"">
 <g transform=""translate(1 1)"">
  <g>
   <path d=""M374.472,161.826c-15.948,-32.734,-68.826,-116.669,-119.187,-116.669s-103.239,83.934,-119.187,116.669l-30.216,-15.108c0.839,-1.679,16.787,-33.574,41.967,-65.469C183.941,35.085,220.032,11.583,255.285,11.583s71.344,23.502,107.436,69.666c25.18,32.734,41.128,64.63,41.967,65.469L374.472,161.826z"" style=""fill:#FFE100;"">
   </path>
   <path d=""M403.849,147.557l-29.377,14.269c-0.839,-1.679,-1.679,-3.357,-2.518,-5.036c-10.911,48.682,-34.413,73.862,-57.915,85.613v104.918c0.0,32.734,-26.02,58.754,-58.754,58.754s-58.754,-26.02,-58.754,-58.754V243.242c-23.502,-12.59,-47.003,-36.931,-57.915,-85.613c-0.839,1.679,-1.679,3.357,-2.518,5.036l-29.377,-14.269c-11.751,17.626,-42.807,56.236,-94.846,64.63c0.0,0.0,18.466,228.302,75.541,285.377h167.869h167.869c57.075,-57.075,75.541,-285.377,75.541,-285.377C447.495,204.632,416.439,166.023,403.849,147.557"" style=""fill:#FFE100;"">
   </path>
  </g>
  <path d=""M473.514,213.026c0.0,0.0,-18.466,228.302,-75.541,285.377h25.18c57.075,-57.075,75.541,-285.377,75.541,-285.377H473.514z"" style=""fill:#FFA800;"">
  </path>
  <path d=""M37.055,213.026c0.0,0.0,18.466,228.302,75.541,285.377h-25.18C30.341,441.328,11.875,213.026,11.875,213.026H37.055z"" style=""fill:#FFFFFF;"">
  </path>
  <path d=""M255.285,406.075L255.285,406.075c-32.734,0.0,-58.754,-26.02,-58.754,-58.754v-114.99c0.0,-5.875,5.036,-10.911,10.911,-10.911h96.525c5.875,0.0,10.911,5.036,10.911,10.911v114.99C314.039,380.055,288.019,406.075,255.285,406.075"" style=""fill:#00DA6C;"">
  </path>
  <path d=""M374.472,170.219c-3.357,0.0,-5.875,-1.679,-7.554,-5.036C345.934,122.377,296.413,53.55,255.285,53.55s-90.649,68.826,-111.633,111.633c-0.839,1.679,-2.518,3.357,-5.036,4.197c-2.518,0.839,-4.197,0.839,-6.715,-0.839l-29.377,-14.269c-1.679,-0.839,-3.357,-2.518,-4.197,-5.036c-0.839,-2.518,-0.839,-4.197,0.839,-6.715c1.679,-3.357,17.626,-35.252,42.807,-67.148c75.541,-96.525,152.761,-96.525,228.302,0.0c25.18,31.895,41.128,63.79,42.807,67.148c0.839,1.679,0.839,4.197,0.839,6.715c-0.839,2.518,-2.518,4.197,-4.197,5.036L379.508,169.38C376.99,170.219,376.15,170.219,374.472,170.219zM255.285,36.764c56.236,0.0,109.115,87.292,123.384,114.151l15.108,-7.554c-5.875,-11.751,-19.305,-34.413,-36.931,-57.075c-35.252,-43.646,-68.826,-66.308,-101.561,-66.308s-66.308,22.662,-100.721,66.308c-17.626,22.662,-31.056,45.325,-36.931,57.075l15.108,7.554C147.009,124.055,199.049,36.764,255.285,36.764z"">
  </path>
  <path d=""M255.285,414.468c-36.931,0.0,-67.148,-30.216,-67.148,-67.148v-114.99c0.0,-10.072,8.393,-19.305,19.305,-19.305h96.525c10.072,0.0,19.305,8.393,19.305,19.305v114.99C322.432,384.252,292.216,414.468,255.285,414.468zM207.442,229.813c-0.839,0.0,-2.518,0.839,-2.518,2.518v114.99c0.0,27.698,22.662,50.361,50.361,50.361s50.361,-22.662,50.361,-50.361v-114.99c0.0,-0.839,-0.839,-2.518,-2.518,-2.518H207.442z"">
  </path>
  <path d=""M280.465,347.321h-50.361c-5.036,0.0,-8.393,-3.357,-8.393,-8.393c0.0,-5.036,3.357,-8.393,8.393,-8.393h50.361c5.036,0.0,8.393,3.357,8.393,8.393C288.859,343.964,285.501,347.321,280.465,347.321z"">
  </path>
  <path d=""M280.465,313.747h-50.361c-5.036,0.0,-8.393,-3.357,-8.393,-8.393c0.0,-5.036,3.357,-8.393,8.393,-8.393h50.361c5.036,0.0,8.393,3.357,8.393,8.393C288.859,310.39,285.501,313.747,280.465,313.747z"">
  </path>
  <path d=""M280.465,280.173h-50.361c-5.036,0.0,-8.393,-3.357,-8.393,-8.393s3.357,-8.393,8.393,-8.393h50.361c5.036,0.0,8.393,3.357,8.393,8.393S285.501,280.173,280.465,280.173z"">
  </path>
  <path d=""M423.154,506.796H87.416c-2.518,0.0,-4.197,-0.839,-5.875,-2.518C22.786,445.524,4.321,223.098,3.482,213.865c0.0,-4.197,2.518,-8.393,6.715,-9.233c48.682,-7.554,78.898,-46.164,88.97,-62.111c2.518,-3.357,6.715,-5.036,10.911,-2.518l22.662,10.911c1.679,-1.679,4.197,-2.518,6.715,-1.679c3.357,0.839,6.715,3.357,6.715,6.715c8.393,38.61,26.859,66.308,53.718,80.577c2.518,1.679,4.197,4.197,4.197,7.554v103.239c0.0,27.698,22.662,50.361,50.361,50.361s50.361,-22.662,50.361,-50.361V243.242c0.0,-3.357,1.679,-5.875,4.197,-7.554c26.859,-14.269,45.325,-41.967,53.718,-80.577c0.839,-3.357,3.357,-5.875,6.715,-6.715c2.518,0.0,5.036,0.839,6.715,1.679l22.662,-10.911c4.197,-1.679,8.393,-0.839,10.911,2.518c10.911,15.948,40.289,54.557,88.97,62.111c4.197,0.839,7.554,4.197,6.715,9.233c-0.839,9.233,-19.305,231.659,-78.059,290.413C428.19,505.957,425.672,506.796,423.154,506.796zM91.613,490.009h328.184c47.003,-52.039,66.308,-231.659,70.505,-270.269c-45.325,-10.072,-74.702,-42.807,-88.97,-62.111l-22.662,10.911c0.0,0.0,0.0,0.0,-0.839,0.0c-10.072,36.092,-28.538,62.951,-55.397,78.059v100.721c0.0,36.931,-30.216,67.148,-67.148,67.148s-67.148,-30.216,-67.148,-67.148v-99.043c-26.859,-15.948,-45.325,-41.967,-55.397,-78.059c0.0,0.0,0.0,0.0,-0.839,0.0l-22.662,-10.911c-13.43,19.305,-42.807,51.2,-88.97,62.111C25.304,258.35,44.609,437.97,91.613,490.009z"">
  </path>
 </g>
</svg>


Question: What shape is the green element in the center of the object?",Circle,Square,Triangle,Rectangle,D,accessory
158,"Examine the following SVG code carefully and answer the question based on your interpretation of the rendered image.

<svg id=""Layer_1"" style=""enable-background:new 0 0 503.816 503.816;"" version=""1.1"" viewbox=""0 0 503.816 503.816"" x=""0px"" xml:space=""preserve"" y=""0px"">
 <g transform=""translate(1 1)"">
  <g>
   <path d=""M374.472,161.826c-15.948,-32.734,-68.826,-116.669,-119.187,-116.669s-103.239,83.934,-119.187,116.669l-30.216,-15.108c0.839,-1.679,16.787,-33.574,41.967,-65.469C183.941,35.085,220.032,11.583,255.285,11.583s71.344,23.502,107.436,69.666c25.18,32.734,41.128,64.63,41.967,65.469L374.472,161.826z"" style=""fill:#FFE100;"">
   </path>
   <path d=""M403.849,147.557l-29.377,14.269c-0.839,-1.679,-1.679,-3.357,-2.518,-5.036c-10.911,48.682,-34.413,73.862,-57.915,85.613v104.918c0.0,32.734,-26.02,58.754,-58.754,58.754s-58.754,-26.02,-58.754,-58.754V243.242c-23.502,-12.59,-47.003,-36.931,-57.915,-85.613c-0.839,1.679,-1.679,3.357,-2.518,5.036l-29.377,-14.269c-11.751,17.626,-42.807,56.236,-94.846,64.63c0.0,0.0,18.466,228.302,75.541,285.377h167.869h167.869c57.075,-57.075,75.541,-285.377,75.541,-285.377C447.495,204.632,416.439,166.023,403.849,147.557"" style=""fill:#FFE100;"">
   </path>
  </g>
  <path d=""M473.514,213.026c0.0,0.0,-18.466,228.302,-75.541,285.377h25.18c57.075,-57.075,75.541,-285.377,75.541,-285.377H473.514z"" style=""fill:#FFA800;"">
  </path>
  <path d=""M37.055,213.026c0.0,0.0,18.466,228.302,75.541,285.377h-25.18C30.341,441.328,11.875,213.026,11.875,213.026H37.055z"" style=""fill:#FFFFFF;"">
  </path>
  <path d=""M255.285,406.075L255.285,406.075c-32.734,0.0,-58.754,-26.02,-58.754,-58.754v-114.99c0.0,-5.875,5.036,-10.911,10.911,-10.911h96.525c5.875,0.0,10.911,5.036,10.911,10.911v114.99C314.039,380.055,288.019,406.075,255.285,406.075"" style=""fill:#00DA6C;"">
  </path>
  <path d=""M374.472,170.219c-3.357,0.0,-5.875,-1.679,-7.554,-5.036C345.934,122.377,296.413,53.55,255.285,53.55s-90.649,68.826,-111.633,111.633c-0.839,1.679,-2.518,3.357,-5.036,4.197c-2.518,0.839,-4.197,0.839,-6.715,-0.839l-29.377,-14.269c-1.679,-0.839,-3.357,-2.518,-4.197,-5.036c-0.839,-2.518,-0.839,-4.197,0.839,-6.715c1.679,-3.357,17.626,-35.252,42.807,-67.148c75.541,-96.525,152.761,-96.525,228.302,0.0c25.18,31.895,41.128,63.79,42.807,67.148c0.839,1.679,0.839,4.197,0.839,6.715c-0.839,2.518,-2.518,4.197,-4.197,5.036L379.508,169.38C376.99,170.219,376.15,170.219,374.472,170.219zM255.285,36.764c56.236,0.0,109.115,87.292,123.384,114.151l15.108,-7.554c-5.875,-11.751,-19.305,-34.413,-36.931,-57.075c-35.252,-43.646,-68.826,-66.308,-101.561,-66.308s-66.308,22.662,-100.721,66.308c-17.626,22.662,-31.056,45.325,-36.931,57.075l15.108,7.554C147.009,124.055,199.049,36.764,255.285,36.764z"">
  </path>
  <path d=""M255.285,414.468c-36.931,0.0,-67.148,-30.216,-67.148,-67.148v-114.99c0.0,-10.072,8.393,-19.305,19.305,-19.305h96.525c10.072,0.0,19.305,8.393,19.305,19.305v114.99C322.432,384.252,292.216,414.468,255.285,414.468zM207.442,229.813c-0.839,0.0,-2.518,0.839,-2.518,2.518v114.99c0.0,27.698,22.662,50.361,50.361,50.361s50.361,-22.662,50.361,-50.361v-114.99c0.0,-0.839,-0.839,-2.518,-2.518,-2.518H207.442z"">
  </path>
  <path d=""M280.465,347.321h-50.361c-5.036,0.0,-8.393,-3.357,-8.393,-8.393c0.0,-5.036,3.357,-8.393,8.393,-8.393h50.361c5.036,0.0,8.393,3.357,8.393,8.393C288.859,343.964,285.501,347.321,280.465,347.321z"">
  </path>
  <path d=""M280.465,313.747h-50.361c-5.036,0.0,-8.393,-3.357,-8.393,-8.393c0.0,-5.036,3.357,-8.393,8.393,-8.393h50.361c5.036,0.0,8.393,3.357,8.393,8.393C288.859,310.39,285.501,313.747,280.465,313.747z"">
  </path>
  <path d=""M280.465,280.173h-50.361c-5.036,0.0,-8.393,-3.357,-8.393,-8.393s3.357,-8.393,8.393,-8.393h50.361c5.036,0.0,8.393,3.357,8.393,8.393S285.501,280.173,280.465,280.173z"">
  </path>
  <path d=""M423.154,506.796H87.416c-2.518,0.0,-4.197,-0.839,-5.875,-2.518C22.786,445.524,4.321,223.098,3.482,213.865c0.0,-4.197,2.518,-8.393,6.715,-9.233c48.682,-7.554,78.898,-46.164,88.97,-62.111c2.518,-3.357,6.715,-5.036,10.911,-2.518l22.662,10.911c1.679,-1.679,4.197,-2.518,6.715,-1.679c3.357,0.839,6.715,3.357,6.715,6.715c8.393,38.61,26.859,66.308,53.718,80.577c2.518,1.679,4.197,4.197,4.197,7.554v103.239c0.0,27.698,22.662,50.361,50.361,50.361s50.361,-22.662,50.361,-50.361V243.242c0.0,-3.357,1.679,-5.875,4.197,-7.554c26.859,-14.269,45.325,-41.967,53.718,-80.577c0.839,-3.357,3.357,-5.875,6.715,-6.715c2.518,0.0,5.036,0.839,6.715,1.679l22.662,-10.911c4.197,-1.679,8.393,-0.839,10.911,2.518c10.911,15.948,40.289,54.557,88.97,62.111c4.197,0.839,7.554,4.197,6.715,9.233c-0.839,9.233,-19.305,231.659,-78.059,290.413C428.19,505.957,425.672,506.796,423.154,506.796zM91.613,490.009h328.184c47.003,-52.039,66.308,-231.659,70.505,-270.269c-45.325,-10.072,-74.702,-42.807,-88.97,-62.111l-22.662,10.911c0.0,0.0,0.0,0.0,-0.839,0.0c-10.072,36.092,-28.538,62.951,-55.397,78.059v100.721c0.0,36.931,-30.216,67.148,-67.148,67.148s-67.148,-30.216,-67.148,-67.148v-99.043c-26.859,-15.948,-45.325,-41.967,-55.397,-78.059c0.0,0.0,0.0,0.0,-0.839,0.0l-22.662,-10.911c-13.43,19.305,-42.807,51.2,-88.97,62.111C25.304,258.35,44.609,437.97,91.613,490.009z"">
  </path>
 </g>
</svg>


Question: How many black lines are there on the green element in the center?",One,Two,Four,Three,D,accessory
159,"Examine the following SVG code carefully and answer the question based on your interpretation of the rendered image.

<svg id=""Layer_1"" style=""enable-background:new 0 0 503.816 503.816;"" version=""1.1"" viewbox=""0 0 503.816 503.816"" x=""0px"" xml:space=""preserve"" y=""0px"">
 <g transform=""translate(1 1)"">
  <g>
   <path d=""M374.472,161.826c-15.948,-32.734,-68.826,-116.669,-119.187,-116.669s-103.239,83.934,-119.187,116.669l-30.216,-15.108c0.839,-1.679,16.787,-33.574,41.967,-65.469C183.941,35.085,220.032,11.583,255.285,11.583s71.344,23.502,107.436,69.666c25.18,32.734,41.128,64.63,41.967,65.469L374.472,161.826z"" style=""fill:#FFE100;"">
   </path>
   <path d=""M403.849,147.557l-29.377,14.269c-0.839,-1.679,-1.679,-3.357,-2.518,-5.036c-10.911,48.682,-34.413,73.862,-57.915,85.613v104.918c0.0,32.734,-26.02,58.754,-58.754,58.754s-58.754,-26.02,-58.754,-58.754V243.242c-23.502,-12.59,-47.003,-36.931,-57.915,-85.613c-0.839,1.679,-1.679,3.357,-2.518,5.036l-29.377,-14.269c-11.751,17.626,-42.807,56.236,-94.846,64.63c0.0,0.0,18.466,228.302,75.541,285.377h167.869h167.869c57.075,-57.075,75.541,-285.377,75.541,-285.377C447.495,204.632,416.439,166.023,403.849,147.557"" style=""fill:#FFE100;"">
   </path>
  </g>
  <path d=""M473.514,213.026c0.0,0.0,-18.466,228.302,-75.541,285.377h25.18c57.075,-57.075,75.541,-285.377,75.541,-285.377H473.514z"" style=""fill:#FFA800;"">
  </path>
  <path d=""M37.055,213.026c0.0,0.0,18.466,228.302,75.541,285.377h-25.18C30.341,441.328,11.875,213.026,11.875,213.026H37.055z"" style=""fill:#FFFFFF;"">
  </path>
  <path d=""M255.285,406.075L255.285,406.075c-32.734,0.0,-58.754,-26.02,-58.754,-58.754v-114.99c0.0,-5.875,5.036,-10.911,10.911,-10.911h96.525c5.875,0.0,10.911,5.036,10.911,10.911v114.99C314.039,380.055,288.019,406.075,255.285,406.075"" style=""fill:#00DA6C;"">
  </path>
  <path d=""M374.472,170.219c-3.357,0.0,-5.875,-1.679,-7.554,-5.036C345.934,122.377,296.413,53.55,255.285,53.55s-90.649,68.826,-111.633,111.633c-0.839,1.679,-2.518,3.357,-5.036,4.197c-2.518,0.839,-4.197,0.839,-6.715,-0.839l-29.377,-14.269c-1.679,-0.839,-3.357,-2.518,-4.197,-5.036c-0.839,-2.518,-0.839,-4.197,0.839,-6.715c1.679,-3.357,17.626,-35.252,42.807,-67.148c75.541,-96.525,152.761,-96.525,228.302,0.0c25.18,31.895,41.128,63.79,42.807,67.148c0.839,1.679,0.839,4.197,0.839,6.715c-0.839,2.518,-2.518,4.197,-4.197,5.036L379.508,169.38C376.99,170.219,376.15,170.219,374.472,170.219zM255.285,36.764c56.236,0.0,109.115,87.292,123.384,114.151l15.108,-7.554c-5.875,-11.751,-19.305,-34.413,-36.931,-57.075c-35.252,-43.646,-68.826,-66.308,-101.561,-66.308s-66.308,22.662,-100.721,66.308c-17.626,22.662,-31.056,45.325,-36.931,57.075l15.108,7.554C147.009,124.055,199.049,36.764,255.285,36.764z"">
  </path>
  <path d=""M255.285,414.468c-36.931,0.0,-67.148,-30.216,-67.148,-67.148v-114.99c0.0,-10.072,8.393,-19.305,19.305,-19.305h96.525c10.072,0.0,19.305,8.393,19.305,19.305v114.99C322.432,384.252,292.216,414.468,255.285,414.468zM207.442,229.813c-0.839,0.0,-2.518,0.839,-2.518,2.518v114.99c0.0,27.698,22.662,50.361,50.361,50.361s50.361,-22.662,50.361,-50.361v-114.99c0.0,-0.839,-0.839,-2.518,-2.518,-2.518H207.442z"">
  </path>
  <path d=""M280.465,347.321h-50.361c-5.036,0.0,-8.393,-3.357,-8.393,-8.393c0.0,-5.036,3.357,-8.393,8.393,-8.393h50.361c5.036,0.0,8.393,3.357,8.393,8.393C288.859,343.964,285.501,347.321,280.465,347.321z"">
  </path>
  <path d=""M280.465,313.747h-50.361c-5.036,0.0,-8.393,-3.357,-8.393,-8.393c0.0,-5.036,3.357,-8.393,8.393,-8.393h50.361c5.036,0.0,8.393,3.357,8.393,8.393C288.859,310.39,285.501,313.747,280.465,313.747z"">
  </path>
  <path d=""M280.465,280.173h-50.361c-5.036,0.0,-8.393,-3.357,-8.393,-8.393s3.357,-8.393,8.393,-8.393h50.361c5.036,0.0,8.393,3.357,8.393,8.393S285.501,280.173,280.465,280.173z"">
  </path>
  <path d=""M423.154,506.796H87.416c-2.518,0.0,-4.197,-0.839,-5.875,-2.518C22.786,445.524,4.321,223.098,3.482,213.865c0.0,-4.197,2.518,-8.393,6.715,-9.233c48.682,-7.554,78.898,-46.164,88.97,-62.111c2.518,-3.357,6.715,-5.036,10.911,-2.518l22.662,10.911c1.679,-1.679,4.197,-2.518,6.715,-1.679c3.357,0.839,6.715,3.357,6.715,6.715c8.393,38.61,26.859,66.308,53.718,80.577c2.518,1.679,4.197,4.197,4.197,7.554v103.239c0.0,27.698,22.662,50.361,50.361,50.361s50.361,-22.662,50.361,-50.361V243.242c0.0,-3.357,1.679,-5.875,4.197,-7.554c26.859,-14.269,45.325,-41.967,53.718,-80.577c0.839,-3.357,3.357,-5.875,6.715,-6.715c2.518,0.0,5.036,0.839,6.715,1.679l22.662,-10.911c4.197,-1.679,8.393,-0.839,10.911,2.518c10.911,15.948,40.289,54.557,88.97,62.111c4.197,0.839,7.554,4.197,6.715,9.233c-0.839,9.233,-19.305,231.659,-78.059,290.413C428.19,505.957,425.672,506.796,423.154,506.796zM91.613,490.009h328.184c47.003,-52.039,66.308,-231.659,70.505,-270.269c-45.325,-10.072,-74.702,-42.807,-88.97,-62.111l-22.662,10.911c0.0,0.0,0.0,0.0,-0.839,0.0c-10.072,36.092,-28.538,62.951,-55.397,78.059v100.721c0.0,36.931,-30.216,67.148,-67.148,67.148s-67.148,-30.216,-67.148,-67.148v-99.043c-26.859,-15.948,-45.325,-41.967,-55.397,-78.059c0.0,0.0,0.0,0.0,-0.839,0.0l-22.662,-10.911c-13.43,19.305,-42.807,51.2,-88.97,62.111C25.304,258.35,44.609,437.97,91.613,490.009z"">
  </path>
 </g>
</svg>


Question: What is the object in the image?",Backpack,bag,Purse,Suitcase,B,accessory
164,"Examine the following SVG code carefully and answer the question based on your interpretation of the rendered image.

<svg id=""Layer_1"" style=""enable-background:new 0 0 503.607 503.607;"" version=""1.1"" viewbox=""0 0 503.607 503.607"" x=""0px"" xml:space=""preserve"" y=""0px"">
 <g transform=""translate(1 1)"">
  <g>
   <path d=""M129.715,191.566c5.875,-34.413,31.895,-142.689,124.223,-142.689c45.325,0.0,79.738,25.18,103.239,73.862c13.429,26.859,19.305,54.557,21.823,68.826h34.413c-8.393,-64.63,-51.2,-176.262,-158.636,-176.262S104.535,126.937,95.302,191.566H129.715z"" style=""fill:#FFE100;"">
   </path>
   <path d=""M479.722,191.566H28.155c-9.233,0.0,-17.626,7.554,-17.626,17.626v132.616c0.0,10.072,8.393,17.626,17.626,17.626h158.636v-19.305c0.0,-3.357,2.518,-5.875,5.875,-5.875h121.705c3.357,0.0,5.875,2.518,5.875,5.875v19.305h158.636c10.072,0.0,17.626,-7.554,17.626,-17.626V209.193C497.348,199.121,489.794,191.566,479.722,191.566"" style=""fill:#FFE100;"">
   </path>
   <path d=""M321.086,359.435v19.305c0.0,3.357,-2.518,5.875,-5.875,5.875H193.505c-3.357,0.0,-5.875,-2.518,-5.875,-5.875v-19.305H27.315V476.104c0.0,10.072,8.393,17.626,17.626,17.626H462.935c10.072,0.0,17.626,-7.554,17.626,-17.626V359.435H321.086z"" style=""fill:#FFE100;"">
   </path>
  </g>
  <g>
   <path d=""M480.561,191.566h-25.18c10.072,0.0,17.626,7.554,17.626,17.626v132.616c0.0,10.072,-7.554,17.626,-17.626,17.626h25.18c10.072,0.0,17.626,-7.554,17.626,-17.626V209.193C498.187,199.121,490.633,191.566,480.561,191.566"" style=""fill:#FFA800;"">
   </path>
   <path d=""M456.22,359.435V476.104c0.0,10.072,-7.554,17.626,-17.626,17.626h25.18c10.072,0.0,17.626,-7.554,17.626,-17.626V359.435H456.22z"" style=""fill:#FFA800;"">
   </path>
  </g>
  <g>
   <path d=""M28.155,191.566H53.335c-9.233,0.0,-17.626,7.554,-17.626,17.626v132.616c0.0,10.072,8.393,17.626,17.626,17.626H28.155c-9.233,0.0,-17.626,-7.554,-17.626,-17.626V209.193C10.528,199.121,18.922,191.566,28.155,191.566"" style=""fill:#FFFFFF;"">
   </path>
   <path d=""M52.496,359.435V476.104c0.0,10.072,8.393,17.626,17.626,17.626h-25.18c-9.233,0.0,-17.626,-7.554,-17.626,-17.626V359.435H52.496z"" style=""fill:#FFFFFF;"">
   </path>
  </g>
  <polygon points=""270.725,418.189 253.938,443.370 237.151,418.189 237.151,384.616 270.725,384.616"" style=""fill:#FDCC00;"">
  </polygon>
  <path d=""M315.21,384.616H193.505c-3.357,0.0,-5.875,-2.518,-5.875,-5.875v-37.77c0.0,-3.357,2.518,-5.875,5.875,-5.875h121.705c3.357,0.0,5.875,2.518,5.875,5.875v37.77C321.086,382.098,318.568,384.616,315.21,384.616"" style=""fill:#00DA6C;"">
  </path>
  <path d=""M315.21,393.009H193.505c-8.393,0.0,-14.269,-6.715,-14.269,-14.269v-37.77c0.0,-8.393,6.715,-14.269,14.269,-14.269h121.705c8.393,0.0,14.269,6.715,14.269,14.269v37.77C329.479,386.294,323.604,393.009,315.21,393.009zM195.184,376.222h117.508v-33.574H195.184V376.222z"">
  </path>
  <path d=""M479.722,367.829H321.086c-5.036,0.0,-8.393,-3.357,-8.393,-8.393v-16.787H195.184v16.787c0.0,5.036,-3.357,8.393,-8.393,8.393H28.155c-14.269,0.0,-26.02,-11.751,-26.02,-26.02V209.193c0.0,-14.269,11.751,-26.02,26.02,-26.02h451.567c14.269,0.0,26.02,11.751,26.02,26.02v132.616C505.742,356.078,493.991,367.829,479.722,367.829zM329.479,351.042h150.243c5.036,0.0,9.233,-4.197,9.233,-9.233V209.193c0.0,-5.036,-4.197,-9.233,-9.233,-9.233H28.155c-5.036,0.0,-9.233,4.197,-9.233,9.233v132.616c0.0,5.036,4.197,9.233,9.233,9.233h150.243v-10.911c0.0,-8.393,6.715,-14.269,14.269,-14.269h121.705c8.393,0.0,14.269,6.715,14.269,14.269v10.911H329.479z"">
  </path>
  <path d=""M462.935,502.124H44.942c-14.269,0.0,-26.02,-11.751,-26.02,-26.02V359.435c0.0,-5.036,3.357,-8.393,8.393,-8.393h159.475c5.036,0.0,8.393,3.357,8.393,8.393v16.787h117.508v-16.787c0.0,-5.036,3.357,-8.393,8.393,-8.393h159.475c5.036,0.0,8.393,3.357,8.393,8.393V476.104C488.955,490.373,477.204,502.124,462.935,502.124zM35.709,367.829V476.104c0.0,5.036,4.197,9.233,9.233,9.233H462.935c5.036,0.0,9.233,-4.197,9.233,-9.233V367.829H329.479v10.911c0.0,8.393,-6.715,14.269,-14.269,14.269H193.505c-8.393,0.0,-14.269,-6.715,-14.269,-14.269v-10.911H35.709z"">
  </path>
  <path d=""M253.938,451.763c-2.518,0.0,-5.036,-1.679,-6.715,-3.357l-16.787,-25.18c-0.839,-1.679,-1.679,-3.357,-1.679,-5.036v-33.574c0.0,-5.036,3.357,-8.393,8.393,-8.393h33.574c5.036,0.0,8.393,3.357,8.393,8.393v33.574c0.0,1.679,-0.839,3.357,-1.679,5.036l-16.787,25.18C259.814,450.084,257.296,451.763,253.938,451.763zM245.545,415.671l8.393,12.59l8.393,-12.59v-22.662H245.545V415.671z"">
  </path>
  <path d=""M413.414,199.96C412.574,199.96,412.574,199.96,413.414,199.96h-34.413c-4.197,0.0,-7.554,-3.357,-8.393,-6.715c-2.518,-13.43,-8.393,-40.289,-20.984,-67.148c-21.823,-45.325,-53.718,-68.826,-95.685,-68.826c-85.613,0.0,-110.793,104.079,-115.83,135.974c-0.839,4.197,-4.197,6.715,-8.393,6.715H95.302c-2.518,0.0,-5.036,-0.839,-6.715,-2.518c-1.679,-1.679,-2.518,-4.197,-1.679,-6.715c9.233,-68.826,54.557,-183.816,167.03,-183.816c111.633,0.0,156.957,113.311,167.029,182.138c0.0,0.839,0.839,1.679,0.839,2.518C421.807,196.603,417.61,199.96,413.414,199.96zM385.715,183.173h17.626c-10.911,-63.79,-52.879,-159.475,-149.403,-159.475s-137.652,95.685,-148.564,159.475h17.626c8.393,-41.128,37.77,-142.689,131.777,-142.689c48.682,0.0,85.613,26.02,110.793,78.059C376.483,142.884,382.358,167.225,385.715,183.173z"">
  </path>
 </g>
</svg>


Question: What is the primary color of the object?",Red,Blue,Yellow,Green,C,accessory
165,"Examine the following SVG code carefully and answer the question based on your interpretation of the rendered image.

<svg id=""Layer_1"" style=""enable-background:new 0 0 503.607 503.607;"" version=""1.1"" viewbox=""0 0 503.607 503.607"" x=""0px"" xml:space=""preserve"" y=""0px"">
 <g transform=""translate(1 1)"">
  <g>
   <path d=""M129.715,191.566c5.875,-34.413,31.895,-142.689,124.223,-142.689c45.325,0.0,79.738,25.18,103.239,73.862c13.429,26.859,19.305,54.557,21.823,68.826h34.413c-8.393,-64.63,-51.2,-176.262,-158.636,-176.262S104.535,126.937,95.302,191.566H129.715z"" style=""fill:#FFE100;"">
   </path>
   <path d=""M479.722,191.566H28.155c-9.233,0.0,-17.626,7.554,-17.626,17.626v132.616c0.0,10.072,8.393,17.626,17.626,17.626h158.636v-19.305c0.0,-3.357,2.518,-5.875,5.875,-5.875h121.705c3.357,0.0,5.875,2.518,5.875,5.875v19.305h158.636c10.072,0.0,17.626,-7.554,17.626,-17.626V209.193C497.348,199.121,489.794,191.566,479.722,191.566"" style=""fill:#FFE100;"">
   </path>
   <path d=""M321.086,359.435v19.305c0.0,3.357,-2.518,5.875,-5.875,5.875H193.505c-3.357,0.0,-5.875,-2.518,-5.875,-5.875v-19.305H27.315V476.104c0.0,10.072,8.393,17.626,17.626,17.626H462.935c10.072,0.0,17.626,-7.554,17.626,-17.626V359.435H321.086z"" style=""fill:#FFE100;"">
   </path>
  </g>
  <g>
   <path d=""M480.561,191.566h-25.18c10.072,0.0,17.626,7.554,17.626,17.626v132.616c0.0,10.072,-7.554,17.626,-17.626,17.626h25.18c10.072,0.0,17.626,-7.554,17.626,-17.626V209.193C498.187,199.121,490.633,191.566,480.561,191.566"" style=""fill:#FFA800;"">
   </path>
   <path d=""M456.22,359.435V476.104c0.0,10.072,-7.554,17.626,-17.626,17.626h25.18c10.072,0.0,17.626,-7.554,17.626,-17.626V359.435H456.22z"" style=""fill:#FFA800;"">
   </path>
  </g>
  <g>
   <path d=""M28.155,191.566H53.335c-9.233,0.0,-17.626,7.554,-17.626,17.626v132.616c0.0,10.072,8.393,17.626,17.626,17.626H28.155c-9.233,0.0,-17.626,-7.554,-17.626,-17.626V209.193C10.528,199.121,18.922,191.566,28.155,191.566"" style=""fill:#FFFFFF;"">
   </path>
   <path d=""M52.496,359.435V476.104c0.0,10.072,8.393,17.626,17.626,17.626h-25.18c-9.233,0.0,-17.626,-7.554,-17.626,-17.626V359.435H52.496z"" style=""fill:#FFFFFF;"">
   </path>
  </g>
  <polygon points=""270.725,418.189 253.938,443.370 237.151,418.189 237.151,384.616 270.725,384.616"" style=""fill:#FDCC00;"">
  </polygon>
  <path d=""M315.21,384.616H193.505c-3.357,0.0,-5.875,-2.518,-5.875,-5.875v-37.77c0.0,-3.357,2.518,-5.875,5.875,-5.875h121.705c3.357,0.0,5.875,2.518,5.875,5.875v37.77C321.086,382.098,318.568,384.616,315.21,384.616"" style=""fill:#00DA6C;"">
  </path>
  <path d=""M315.21,393.009H193.505c-8.393,0.0,-14.269,-6.715,-14.269,-14.269v-37.77c0.0,-8.393,6.715,-14.269,14.269,-14.269h121.705c8.393,0.0,14.269,6.715,14.269,14.269v37.77C329.479,386.294,323.604,393.009,315.21,393.009zM195.184,376.222h117.508v-33.574H195.184V376.222z"">
  </path>
  <path d=""M479.722,367.829H321.086c-5.036,0.0,-8.393,-3.357,-8.393,-8.393v-16.787H195.184v16.787c0.0,5.036,-3.357,8.393,-8.393,8.393H28.155c-14.269,0.0,-26.02,-11.751,-26.02,-26.02V209.193c0.0,-14.269,11.751,-26.02,26.02,-26.02h451.567c14.269,0.0,26.02,11.751,26.02,26.02v132.616C505.742,356.078,493.991,367.829,479.722,367.829zM329.479,351.042h150.243c5.036,0.0,9.233,-4.197,9.233,-9.233V209.193c0.0,-5.036,-4.197,-9.233,-9.233,-9.233H28.155c-5.036,0.0,-9.233,4.197,-9.233,9.233v132.616c0.0,5.036,4.197,9.233,9.233,9.233h150.243v-10.911c0.0,-8.393,6.715,-14.269,14.269,-14.269h121.705c8.393,0.0,14.269,6.715,14.269,14.269v10.911H329.479z"">
  </path>
  <path d=""M462.935,502.124H44.942c-14.269,0.0,-26.02,-11.751,-26.02,-26.02V359.435c0.0,-5.036,3.357,-8.393,8.393,-8.393h159.475c5.036,0.0,8.393,3.357,8.393,8.393v16.787h117.508v-16.787c0.0,-5.036,3.357,-8.393,8.393,-8.393h159.475c5.036,0.0,8.393,3.357,8.393,8.393V476.104C488.955,490.373,477.204,502.124,462.935,502.124zM35.709,367.829V476.104c0.0,5.036,4.197,9.233,9.233,9.233H462.935c5.036,0.0,9.233,-4.197,9.233,-9.233V367.829H329.479v10.911c0.0,8.393,-6.715,14.269,-14.269,14.269H193.505c-8.393,0.0,-14.269,-6.715,-14.269,-14.269v-10.911H35.709z"">
  </path>
  <path d=""M253.938,451.763c-2.518,0.0,-5.036,-1.679,-6.715,-3.357l-16.787,-25.18c-0.839,-1.679,-1.679,-3.357,-1.679,-5.036v-33.574c0.0,-5.036,3.357,-8.393,8.393,-8.393h33.574c5.036,0.0,8.393,3.357,8.393,8.393v33.574c0.0,1.679,-0.839,3.357,-1.679,5.036l-16.787,25.18C259.814,450.084,257.296,451.763,253.938,451.763zM245.545,415.671l8.393,12.59l8.393,-12.59v-22.662H245.545V415.671z"">
  </path>
  <path d=""M413.414,199.96C412.574,199.96,412.574,199.96,413.414,199.96h-34.413c-4.197,0.0,-7.554,-3.357,-8.393,-6.715c-2.518,-13.43,-8.393,-40.289,-20.984,-67.148c-21.823,-45.325,-53.718,-68.826,-95.685,-68.826c-85.613,0.0,-110.793,104.079,-115.83,135.974c-0.839,4.197,-4.197,6.715,-8.393,6.715H95.302c-2.518,0.0,-5.036,-0.839,-6.715,-2.518c-1.679,-1.679,-2.518,-4.197,-1.679,-6.715c9.233,-68.826,54.557,-183.816,167.03,-183.816c111.633,0.0,156.957,113.311,167.029,182.138c0.0,0.839,0.839,1.679,0.839,2.518C421.807,196.603,417.61,199.96,413.414,199.96zM385.715,183.173h17.626c-10.911,-63.79,-52.879,-159.475,-149.403,-159.475s-137.652,95.685,-148.564,159.475h17.626c8.393,-41.128,37.77,-142.689,131.777,-142.689c48.682,0.0,85.613,26.02,110.793,78.059C376.483,142.884,382.358,167.225,385.715,183.173z"">
  </path>
 </g>
</svg>


Question: What shape is the main body of the object?",Circle,Square,Triangle,Rectangle,D,accessory
166,"Examine the following SVG code carefully and answer the question based on your interpretation of the rendered image.

<svg id=""Layer_1"" style=""enable-background:new 0 0 503.607 503.607;"" version=""1.1"" viewbox=""0 0 503.607 503.607"" x=""0px"" xml:space=""preserve"" y=""0px"">
 <g transform=""translate(1 1)"">
  <g>
   <path d=""M129.715,191.566c5.875,-34.413,31.895,-142.689,124.223,-142.689c45.325,0.0,79.738,25.18,103.239,73.862c13.429,26.859,19.305,54.557,21.823,68.826h34.413c-8.393,-64.63,-51.2,-176.262,-158.636,-176.262S104.535,126.937,95.302,191.566H129.715z"" style=""fill:#FFE100;"">
   </path>
   <path d=""M479.722,191.566H28.155c-9.233,0.0,-17.626,7.554,-17.626,17.626v132.616c0.0,10.072,8.393,17.626,17.626,17.626h158.636v-19.305c0.0,-3.357,2.518,-5.875,5.875,-5.875h121.705c3.357,0.0,5.875,2.518,5.875,5.875v19.305h158.636c10.072,0.0,17.626,-7.554,17.626,-17.626V209.193C497.348,199.121,489.794,191.566,479.722,191.566"" style=""fill:#FFE100;"">
   </path>
   <path d=""M321.086,359.435v19.305c0.0,3.357,-2.518,5.875,-5.875,5.875H193.505c-3.357,0.0,-5.875,-2.518,-5.875,-5.875v-19.305H27.315V476.104c0.0,10.072,8.393,17.626,17.626,17.626H462.935c10.072,0.0,17.626,-7.554,17.626,-17.626V359.435H321.086z"" style=""fill:#FFE100;"">
   </path>
  </g>
  <g>
   <path d=""M480.561,191.566h-25.18c10.072,0.0,17.626,7.554,17.626,17.626v132.616c0.0,10.072,-7.554,17.626,-17.626,17.626h25.18c10.072,0.0,17.626,-7.554,17.626,-17.626V209.193C498.187,199.121,490.633,191.566,480.561,191.566"" style=""fill:#FFA800;"">
   </path>
   <path d=""M456.22,359.435V476.104c0.0,10.072,-7.554,17.626,-17.626,17.626h25.18c10.072,0.0,17.626,-7.554,17.626,-17.626V359.435H456.22z"" style=""fill:#FFA800;"">
   </path>
  </g>
  <g>
   <path d=""M28.155,191.566H53.335c-9.233,0.0,-17.626,7.554,-17.626,17.626v132.616c0.0,10.072,8.393,17.626,17.626,17.626H28.155c-9.233,0.0,-17.626,-7.554,-17.626,-17.626V209.193C10.528,199.121,18.922,191.566,28.155,191.566"" style=""fill:#FFFFFF;"">
   </path>
   <path d=""M52.496,359.435V476.104c0.0,10.072,8.393,17.626,17.626,17.626h-25.18c-9.233,0.0,-17.626,-7.554,-17.626,-17.626V359.435H52.496z"" style=""fill:#FFFFFF;"">
   </path>
  </g>
  <polygon points=""270.725,418.189 253.938,443.370 237.151,418.189 237.151,384.616 270.725,384.616"" style=""fill:#FDCC00;"">
  </polygon>
  <path d=""M315.21,384.616H193.505c-3.357,0.0,-5.875,-2.518,-5.875,-5.875v-37.77c0.0,-3.357,2.518,-5.875,5.875,-5.875h121.705c3.357,0.0,5.875,2.518,5.875,5.875v37.77C321.086,382.098,318.568,384.616,315.21,384.616"" style=""fill:#00DA6C;"">
  </path>
  <path d=""M315.21,393.009H193.505c-8.393,0.0,-14.269,-6.715,-14.269,-14.269v-37.77c0.0,-8.393,6.715,-14.269,14.269,-14.269h121.705c8.393,0.0,14.269,6.715,14.269,14.269v37.77C329.479,386.294,323.604,393.009,315.21,393.009zM195.184,376.222h117.508v-33.574H195.184V376.222z"">
  </path>
  <path d=""M479.722,367.829H321.086c-5.036,0.0,-8.393,-3.357,-8.393,-8.393v-16.787H195.184v16.787c0.0,5.036,-3.357,8.393,-8.393,8.393H28.155c-14.269,0.0,-26.02,-11.751,-26.02,-26.02V209.193c0.0,-14.269,11.751,-26.02,26.02,-26.02h451.567c14.269,0.0,26.02,11.751,26.02,26.02v132.616C505.742,356.078,493.991,367.829,479.722,367.829zM329.479,351.042h150.243c5.036,0.0,9.233,-4.197,9.233,-9.233V209.193c0.0,-5.036,-4.197,-9.233,-9.233,-9.233H28.155c-5.036,0.0,-9.233,4.197,-9.233,9.233v132.616c0.0,5.036,4.197,9.233,9.233,9.233h150.243v-10.911c0.0,-8.393,6.715,-14.269,14.269,-14.269h121.705c8.393,0.0,14.269,6.715,14.269,14.269v10.911H329.479z"">
  </path>
  <path d=""M462.935,502.124H44.942c-14.269,0.0,-26.02,-11.751,-26.02,-26.02V359.435c0.0,-5.036,3.357,-8.393,8.393,-8.393h159.475c5.036,0.0,8.393,3.357,8.393,8.393v16.787h117.508v-16.787c0.0,-5.036,3.357,-8.393,8.393,-8.393h159.475c5.036,0.0,8.393,3.357,8.393,8.393V476.104C488.955,490.373,477.204,502.124,462.935,502.124zM35.709,367.829V476.104c0.0,5.036,4.197,9.233,9.233,9.233H462.935c5.036,0.0,9.233,-4.197,9.233,-9.233V367.829H329.479v10.911c0.0,8.393,-6.715,14.269,-14.269,14.269H193.505c-8.393,0.0,-14.269,-6.715,-14.269,-14.269v-10.911H35.709z"">
  </path>
  <path d=""M253.938,451.763c-2.518,0.0,-5.036,-1.679,-6.715,-3.357l-16.787,-25.18c-0.839,-1.679,-1.679,-3.357,-1.679,-5.036v-33.574c0.0,-5.036,3.357,-8.393,8.393,-8.393h33.574c5.036,0.0,8.393,3.357,8.393,8.393v33.574c0.0,1.679,-0.839,3.357,-1.679,5.036l-16.787,25.18C259.814,450.084,257.296,451.763,253.938,451.763zM245.545,415.671l8.393,12.59l8.393,-12.59v-22.662H245.545V415.671z"">
  </path>
  <path d=""M413.414,199.96C412.574,199.96,412.574,199.96,413.414,199.96h-34.413c-4.197,0.0,-7.554,-3.357,-8.393,-6.715c-2.518,-13.43,-8.393,-40.289,-20.984,-67.148c-21.823,-45.325,-53.718,-68.826,-95.685,-68.826c-85.613,0.0,-110.793,104.079,-115.83,135.974c-0.839,4.197,-4.197,6.715,-8.393,6.715H95.302c-2.518,0.0,-5.036,-0.839,-6.715,-2.518c-1.679,-1.679,-2.518,-4.197,-1.679,-6.715c9.233,-68.826,54.557,-183.816,167.03,-183.816c111.633,0.0,156.957,113.311,167.029,182.138c0.0,0.839,0.839,1.679,0.839,2.518C421.807,196.603,417.61,199.96,413.414,199.96zM385.715,183.173h17.626c-10.911,-63.79,-52.879,-159.475,-149.403,-159.475s-137.652,95.685,-148.564,159.475h17.626c8.393,-41.128,37.77,-142.689,131.777,-142.689c48.682,0.0,85.613,26.02,110.793,78.059C376.483,142.884,382.358,167.225,385.715,183.173z"">
  </path>
 </g>
</svg>


Question: What color is the handle of the object?",Yellow,Black,Green,Blue,A,accessory
167,"Examine the following SVG code carefully and answer the question based on your interpretation of the rendered image.

<svg id=""Layer_1"" style=""enable-background:new 0 0 503.607 503.607;"" version=""1.1"" viewbox=""0 0 503.607 503.607"" x=""0px"" xml:space=""preserve"" y=""0px"">
 <g transform=""translate(1 1)"">
  <g>
   <path d=""M129.715,191.566c5.875,-34.413,31.895,-142.689,124.223,-142.689c45.325,0.0,79.738,25.18,103.239,73.862c13.429,26.859,19.305,54.557,21.823,68.826h34.413c-8.393,-64.63,-51.2,-176.262,-158.636,-176.262S104.535,126.937,95.302,191.566H129.715z"" style=""fill:#FFE100;"">
   </path>
   <path d=""M479.722,191.566H28.155c-9.233,0.0,-17.626,7.554,-17.626,17.626v132.616c0.0,10.072,8.393,17.626,17.626,17.626h158.636v-19.305c0.0,-3.357,2.518,-5.875,5.875,-5.875h121.705c3.357,0.0,5.875,2.518,5.875,5.875v19.305h158.636c10.072,0.0,17.626,-7.554,17.626,-17.626V209.193C497.348,199.121,489.794,191.566,479.722,191.566"" style=""fill:#FFE100;"">
   </path>
   <path d=""M321.086,359.435v19.305c0.0,3.357,-2.518,5.875,-5.875,5.875H193.505c-3.357,0.0,-5.875,-2.518,-5.875,-5.875v-19.305H27.315V476.104c0.0,10.072,8.393,17.626,17.626,17.626H462.935c10.072,0.0,17.626,-7.554,17.626,-17.626V359.435H321.086z"" style=""fill:#FFE100;"">
   </path>
  </g>
  <g>
   <path d=""M480.561,191.566h-25.18c10.072,0.0,17.626,7.554,17.626,17.626v132.616c0.0,10.072,-7.554,17.626,-17.626,17.626h25.18c10.072,0.0,17.626,-7.554,17.626,-17.626V209.193C498.187,199.121,490.633,191.566,480.561,191.566"" style=""fill:#FFA800;"">
   </path>
   <path d=""M456.22,359.435V476.104c0.0,10.072,-7.554,17.626,-17.626,17.626h25.18c10.072,0.0,17.626,-7.554,17.626,-17.626V359.435H456.22z"" style=""fill:#FFA800;"">
   </path>
  </g>
  <g>
   <path d=""M28.155,191.566H53.335c-9.233,0.0,-17.626,7.554,-17.626,17.626v132.616c0.0,10.072,8.393,17.626,17.626,17.626H28.155c-9.233,0.0,-17.626,-7.554,-17.626,-17.626V209.193C10.528,199.121,18.922,191.566,28.155,191.566"" style=""fill:#FFFFFF;"">
   </path>
   <path d=""M52.496,359.435V476.104c0.0,10.072,8.393,17.626,17.626,17.626h-25.18c-9.233,0.0,-17.626,-7.554,-17.626,-17.626V359.435H52.496z"" style=""fill:#FFFFFF;"">
   </path>
  </g>
  <polygon points=""270.725,418.189 253.938,443.370 237.151,418.189 237.151,384.616 270.725,384.616"" style=""fill:#FDCC00;"">
  </polygon>
  <path d=""M315.21,384.616H193.505c-3.357,0.0,-5.875,-2.518,-5.875,-5.875v-37.77c0.0,-3.357,2.518,-5.875,5.875,-5.875h121.705c3.357,0.0,5.875,2.518,5.875,5.875v37.77C321.086,382.098,318.568,384.616,315.21,384.616"" style=""fill:#00DA6C;"">
  </path>
  <path d=""M315.21,393.009H193.505c-8.393,0.0,-14.269,-6.715,-14.269,-14.269v-37.77c0.0,-8.393,6.715,-14.269,14.269,-14.269h121.705c8.393,0.0,14.269,6.715,14.269,14.269v37.77C329.479,386.294,323.604,393.009,315.21,393.009zM195.184,376.222h117.508v-33.574H195.184V376.222z"">
  </path>
  <path d=""M479.722,367.829H321.086c-5.036,0.0,-8.393,-3.357,-8.393,-8.393v-16.787H195.184v16.787c0.0,5.036,-3.357,8.393,-8.393,8.393H28.155c-14.269,0.0,-26.02,-11.751,-26.02,-26.02V209.193c0.0,-14.269,11.751,-26.02,26.02,-26.02h451.567c14.269,0.0,26.02,11.751,26.02,26.02v132.616C505.742,356.078,493.991,367.829,479.722,367.829zM329.479,351.042h150.243c5.036,0.0,9.233,-4.197,9.233,-9.233V209.193c0.0,-5.036,-4.197,-9.233,-9.233,-9.233H28.155c-5.036,0.0,-9.233,4.197,-9.233,9.233v132.616c0.0,5.036,4.197,9.233,9.233,9.233h150.243v-10.911c0.0,-8.393,6.715,-14.269,14.269,-14.269h121.705c8.393,0.0,14.269,6.715,14.269,14.269v10.911H329.479z"">
  </path>
  <path d=""M462.935,502.124H44.942c-14.269,0.0,-26.02,-11.751,-26.02,-26.02V359.435c0.0,-5.036,3.357,-8.393,8.393,-8.393h159.475c5.036,0.0,8.393,3.357,8.393,8.393v16.787h117.508v-16.787c0.0,-5.036,3.357,-8.393,8.393,-8.393h159.475c5.036,0.0,8.393,3.357,8.393,8.393V476.104C488.955,490.373,477.204,502.124,462.935,502.124zM35.709,367.829V476.104c0.0,5.036,4.197,9.233,9.233,9.233H462.935c5.036,0.0,9.233,-4.197,9.233,-9.233V367.829H329.479v10.911c0.0,8.393,-6.715,14.269,-14.269,14.269H193.505c-8.393,0.0,-14.269,-6.715,-14.269,-14.269v-10.911H35.709z"">
  </path>
  <path d=""M253.938,451.763c-2.518,0.0,-5.036,-1.679,-6.715,-3.357l-16.787,-25.18c-0.839,-1.679,-1.679,-3.357,-1.679,-5.036v-33.574c0.0,-5.036,3.357,-8.393,8.393,-8.393h33.574c5.036,0.0,8.393,3.357,8.393,8.393v33.574c0.0,1.679,-0.839,3.357,-1.679,5.036l-16.787,25.18C259.814,450.084,257.296,451.763,253.938,451.763zM245.545,415.671l8.393,12.59l8.393,-12.59v-22.662H245.545V415.671z"">
  </path>
  <path d=""M413.414,199.96C412.574,199.96,412.574,199.96,413.414,199.96h-34.413c-4.197,0.0,-7.554,-3.357,-8.393,-6.715c-2.518,-13.43,-8.393,-40.289,-20.984,-67.148c-21.823,-45.325,-53.718,-68.826,-95.685,-68.826c-85.613,0.0,-110.793,104.079,-115.83,135.974c-0.839,4.197,-4.197,6.715,-8.393,6.715H95.302c-2.518,0.0,-5.036,-0.839,-6.715,-2.518c-1.679,-1.679,-2.518,-4.197,-1.679,-6.715c9.233,-68.826,54.557,-183.816,167.03,-183.816c111.633,0.0,156.957,113.311,167.029,182.138c0.0,0.839,0.839,1.679,0.839,2.518C421.807,196.603,417.61,199.96,413.414,199.96zM385.715,183.173h17.626c-10.911,-63.79,-52.879,-159.475,-149.403,-159.475s-137.652,95.685,-148.564,159.475h17.626c8.393,-41.128,37.77,-142.689,131.777,-142.689c48.682,0.0,85.613,26.02,110.793,78.059C376.483,142.884,382.358,167.225,385.715,183.173z"">
  </path>
 </g>
</svg>


Question: What is the object in the image?",Backpack,Suitcase,Briefcase,Handbag,C,accessory
196,"Examine the following SVG code carefully and answer the question based on your interpretation of the rendered image.

<svg id=""Layer_1"" style=""enable-background:new 0 0 512.001 512.001;"" version=""1.1"" viewbox=""0 0 512.001 512.001"" x=""0px"" xml:space=""preserve"" y=""0px"">
 <path d=""M259.601,2.983c-0.001,0.0,118.99,400.147,118.99,400.147h79.33V201.305C457.923,91.774,369.132,2.983,259.601,2.983z"" style=""fill:#4D3A2D;"">
 </path>
 <path d=""M259.6,2.983c-0.005,0.0,39.661,400.147,39.661,400.147h79.33V201.305C378.592,91.775,325.318,2.984,259.6,2.983z"" style=""fill:#261D16;"">
 </path>
 <path d=""M61.28,201.305l-0.011,201.826h79.33L259.577,2.983C150.058,2.997,61.28,91.783,61.28,201.305z"" style=""fill:#4D3A2D;"">
 </path>
 <path d=""M259.577,2.983c-65.711,0.014,-118.977,88.799,-118.977,198.322v201.826h79.332C219.93,403.13,259.592,2.983,259.577,2.983z"" style=""fill:#261D16;"">
 </path>
 <path d=""M259.596,2.983c-21.908,0.005,-39.665,88.794,-39.665,198.322v201.826h79.33V201.305C299.261,91.776,281.501,2.986,259.596,2.983z"" style=""fill:#4D3A2D;"">
 </path>
 <path d=""M457.923,380.375H61.268c-18.521,0.0,-33.535,15.014,-33.535,33.535v67.54c0.0,18.521,15.014,33.535,33.535,33.535h294.428l34.743,-22.757L425.183,514.983h32.74c18.521,0.0,33.535,-15.014,33.535,-33.535v-67.54C491.458,395.389,476.443,380.375,457.923,380.375z"" style=""fill:#735643;"">
 </path>
 <rect height=""77.722"" style=""fill:#DEDAD2;"" width=""69.484"" x=""355.692"" y=""437.261"">
 </rect>
</svg>


Question: What is the primary color of the object?",Brown,Blue,Red,Green,A,accessory
197,"Examine the following SVG code carefully and answer the question based on your interpretation of the rendered image.

<svg id=""Layer_1"" style=""enable-background:new 0 0 512.001 512.001;"" version=""1.1"" viewbox=""0 0 512.001 512.001"" x=""0px"" xml:space=""preserve"" y=""0px"">
 <path d=""M259.601,2.983c-0.001,0.0,118.99,400.147,118.99,400.147h79.33V201.305C457.923,91.774,369.132,2.983,259.601,2.983z"" style=""fill:#4D3A2D;"">
 </path>
 <path d=""M259.6,2.983c-0.005,0.0,39.661,400.147,39.661,400.147h79.33V201.305C378.592,91.775,325.318,2.984,259.6,2.983z"" style=""fill:#261D16;"">
 </path>
 <path d=""M61.28,201.305l-0.011,201.826h79.33L259.577,2.983C150.058,2.997,61.28,91.783,61.28,201.305z"" style=""fill:#4D3A2D;"">
 </path>
 <path d=""M259.577,2.983c-65.711,0.014,-118.977,88.799,-118.977,198.322v201.826h79.332C219.93,403.13,259.592,2.983,259.577,2.983z"" style=""fill:#261D16;"">
 </path>
 <path d=""M259.596,2.983c-21.908,0.005,-39.665,88.794,-39.665,198.322v201.826h79.33V201.305C299.261,91.776,281.501,2.986,259.596,2.983z"" style=""fill:#4D3A2D;"">
 </path>
 <path d=""M457.923,380.375H61.268c-18.521,0.0,-33.535,15.014,-33.535,33.535v67.54c0.0,18.521,15.014,33.535,33.535,33.535h294.428l34.743,-22.757L425.183,514.983h32.74c18.521,0.0,33.535,-15.014,33.535,-33.535v-67.54C491.458,395.389,476.443,380.375,457.923,380.375z"" style=""fill:#735643;"">
 </path>
 <rect height=""77.722"" style=""fill:#DEDAD2;"" width=""69.484"" x=""355.692"" y=""437.261"">
 </rect>
</svg>


Question: What shape is the top part of the object?",Square,Circle,Triangle,Dome,D,accessory
198,"Examine the following SVG code carefully and answer the question based on your interpretation of the rendered image.

<svg id=""Layer_1"" style=""enable-background:new 0 0 512.001 512.001;"" version=""1.1"" viewbox=""0 0 512.001 512.001"" x=""0px"" xml:space=""preserve"" y=""0px"">
 <path d=""M259.601,2.983c-0.001,0.0,118.99,400.147,118.99,400.147h79.33V201.305C457.923,91.774,369.132,2.983,259.601,2.983z"" style=""fill:#4D3A2D;"">
 </path>
 <path d=""M259.6,2.983c-0.005,0.0,39.661,400.147,39.661,400.147h79.33V201.305C378.592,91.775,325.318,2.984,259.6,2.983z"" style=""fill:#261D16;"">
 </path>
 <path d=""M61.28,201.305l-0.011,201.826h79.33L259.577,2.983C150.058,2.997,61.28,91.783,61.28,201.305z"" style=""fill:#4D3A2D;"">
 </path>
 <path d=""M259.577,2.983c-65.711,0.014,-118.977,88.799,-118.977,198.322v201.826h79.332C219.93,403.13,259.592,2.983,259.577,2.983z"" style=""fill:#261D16;"">
 </path>
 <path d=""M259.596,2.983c-21.908,0.005,-39.665,88.794,-39.665,198.322v201.826h79.33V201.305C299.261,91.776,281.501,2.986,259.596,2.983z"" style=""fill:#4D3A2D;"">
 </path>
 <path d=""M457.923,380.375H61.268c-18.521,0.0,-33.535,15.014,-33.535,33.535v67.54c0.0,18.521,15.014,33.535,33.535,33.535h294.428l34.743,-22.757L425.183,514.983h32.74c18.521,0.0,33.535,-15.014,33.535,-33.535v-67.54C491.458,395.389,476.443,380.375,457.923,380.375z"" style=""fill:#735643;"">
 </path>
 <rect height=""77.722"" style=""fill:#DEDAD2;"" width=""69.484"" x=""355.692"" y=""437.261"">
 </rect>
</svg>


Question: What is the shape of the base of the object?",Rectangular,Circular,Triangular,Hexagonal,A,accessory
199,"Examine the following SVG code carefully and answer the question based on your interpretation of the rendered image.

<svg id=""Layer_1"" style=""enable-background:new 0 0 512.001 512.001;"" version=""1.1"" viewbox=""0 0 512.001 512.001"" x=""0px"" xml:space=""preserve"" y=""0px"">
 <path d=""M259.601,2.983c-0.001,0.0,118.99,400.147,118.99,400.147h79.33V201.305C457.923,91.774,369.132,2.983,259.601,2.983z"" style=""fill:#4D3A2D;"">
 </path>
 <path d=""M259.6,2.983c-0.005,0.0,39.661,400.147,39.661,400.147h79.33V201.305C378.592,91.775,325.318,2.984,259.6,2.983z"" style=""fill:#261D16;"">
 </path>
 <path d=""M61.28,201.305l-0.011,201.826h79.33L259.577,2.983C150.058,2.997,61.28,91.783,61.28,201.305z"" style=""fill:#4D3A2D;"">
 </path>
 <path d=""M259.577,2.983c-65.711,0.014,-118.977,88.799,-118.977,198.322v201.826h79.332C219.93,403.13,259.592,2.983,259.577,2.983z"" style=""fill:#261D16;"">
 </path>
 <path d=""M259.596,2.983c-21.908,0.005,-39.665,88.794,-39.665,198.322v201.826h79.33V201.305C299.261,91.776,281.501,2.986,259.596,2.983z"" style=""fill:#4D3A2D;"">
 </path>
 <path d=""M457.923,380.375H61.268c-18.521,0.0,-33.535,15.014,-33.535,33.535v67.54c0.0,18.521,15.014,33.535,33.535,33.535h294.428l34.743,-22.757L425.183,514.983h32.74c18.521,0.0,33.535,-15.014,33.535,-33.535v-67.54C491.458,395.389,476.443,380.375,457.923,380.375z"" style=""fill:#735643;"">
 </path>
 <rect height=""77.722"" style=""fill:#DEDAD2;"" width=""69.484"" x=""355.692"" y=""437.261"">
 </rect>
</svg>


Question: What type of object is depicted in the image?",Hat,Lamp,Building,Tree,A,accessory
212,"Examine the following SVG code carefully and answer the question based on your interpretation of the rendered image.

<svg id=""Layer_1"" style=""enable-background:new 0 0 512 512;"" version=""1.1"" viewbox=""0 0 512 512"" x=""0px"" xml:space=""preserve"" y=""0px"">
 <g>
  <g>
   <path d=""M489.39,55.315H28.59C14.45,55.315,2.99,66.775,2.99,80.915v281.6C2.99,376.655,14.45,388.115,28.59,388.115h179.2v51.2H105.39c-7.074,0.0,-12.8,5.726,-12.8,12.8c0.0,7.074,5.726,12.8,12.8,12.8h307.2c7.074,0.0,12.8,-5.726,12.8,-12.8c0.0,-7.074,-5.726,-12.8,-12.8,-12.8H310.19V388.115h179.2c14.14,0.0,25.6,-11.46,25.6,-25.6V80.915C514.99,66.775,503.53,55.315,489.39,55.315zM284.59,439.315h-51.2V388.115h51.2V439.315zM489.39,362.515H28.59V80.915h460.8V362.515z"">
   </path>
  </g>
 </g>
 <g>
  <g>
   <path d=""M285.401,162.144l9.293,-18.577c3.968,-7.936,3.541,-17.357,-1.118,-24.909c-4.676,-7.552,-12.911,-12.143,-21.786,-12.143h-25.6c-8.875,0.0,-17.109,4.591,-21.777,12.143c-4.668,7.552,-5.086,16.973,-1.118,24.909l9.293,18.577c-36.463,11.349,-63.189,45.013,-63.189,85.171c-0.008,49.408,40.183,89.6,89.591,89.6s89.6,-40.192,89.6,-89.6C348.59,207.157,321.864,173.493,285.401,162.144zM271.79,132.115L258.99,157.715L246.19,132.115H271.79zM258.99,311.315c-35.345,0.0,-64.0,-28.655,-64.0,-64.0c0.0,-35.345,28.655,-64.0,64.0,-64.0c35.345,0.0,64.0,28.655,64.0,64.0C322.99,282.66,294.335,311.315,258.99,311.315z"">
   </path>
  </g>
 </g>
</svg>


Question: What shape is prominently featured in the center of the object?",Circle,Triangle,Square,Hexagon,A,accessory
213,"Examine the following SVG code carefully and answer the question based on your interpretation of the rendered image.

<svg id=""Layer_1"" style=""enable-background:new 0 0 512 512;"" version=""1.1"" viewbox=""0 0 512 512"" x=""0px"" xml:space=""preserve"" y=""0px"">
 <g>
  <g>
   <path d=""M489.39,55.315H28.59C14.45,55.315,2.99,66.775,2.99,80.915v281.6C2.99,376.655,14.45,388.115,28.59,388.115h179.2v51.2H105.39c-7.074,0.0,-12.8,5.726,-12.8,12.8c0.0,7.074,5.726,12.8,12.8,12.8h307.2c7.074,0.0,12.8,-5.726,12.8,-12.8c0.0,-7.074,-5.726,-12.8,-12.8,-12.8H310.19V388.115h179.2c14.14,0.0,25.6,-11.46,25.6,-25.6V80.915C514.99,66.775,503.53,55.315,489.39,55.315zM284.59,439.315h-51.2V388.115h51.2V439.315zM489.39,362.515H28.59V80.915h460.8V362.515z"">
   </path>
  </g>
 </g>
 <g>
  <g>
   <path d=""M285.401,162.144l9.293,-18.577c3.968,-7.936,3.541,-17.357,-1.118,-24.909c-4.676,-7.552,-12.911,-12.143,-21.786,-12.143h-25.6c-8.875,0.0,-17.109,4.591,-21.777,12.143c-4.668,7.552,-5.086,16.973,-1.118,24.909l9.293,18.577c-36.463,11.349,-63.189,45.013,-63.189,85.171c-0.008,49.408,40.183,89.6,89.591,89.6s89.6,-40.192,89.6,-89.6C348.59,207.157,321.864,173.493,285.401,162.144zM271.79,132.115L258.99,157.715L246.19,132.115H271.79zM258.99,311.315c-35.345,0.0,-64.0,-28.655,-64.0,-64.0c0.0,-35.345,28.655,-64.0,64.0,-64.0c35.345,0.0,64.0,28.655,64.0,64.0C322.99,282.66,294.335,311.315,258.99,311.315z"">
   </path>
  </g>
 </g>
</svg>


Question: What is the shape located above the circle?",Triangle,Square,Rectangle,Pentagon,A,accessory
214,"Examine the following SVG code carefully and answer the question based on your interpretation of the rendered image.

<svg id=""Layer_1"" style=""enable-background:new 0 0 512 512;"" version=""1.1"" viewbox=""0 0 512 512"" x=""0px"" xml:space=""preserve"" y=""0px"">
 <g>
  <g>
   <path d=""M489.39,55.315H28.59C14.45,55.315,2.99,66.775,2.99,80.915v281.6C2.99,376.655,14.45,388.115,28.59,388.115h179.2v51.2H105.39c-7.074,0.0,-12.8,5.726,-12.8,12.8c0.0,7.074,5.726,12.8,12.8,12.8h307.2c7.074,0.0,12.8,-5.726,12.8,-12.8c0.0,-7.074,-5.726,-12.8,-12.8,-12.8H310.19V388.115h179.2c14.14,0.0,25.6,-11.46,25.6,-25.6V80.915C514.99,66.775,503.53,55.315,489.39,55.315zM284.59,439.315h-51.2V388.115h51.2V439.315zM489.39,362.515H28.59V80.915h460.8V362.515z"">
   </path>
  </g>
 </g>
 <g>
  <g>
   <path d=""M285.401,162.144l9.293,-18.577c3.968,-7.936,3.541,-17.357,-1.118,-24.909c-4.676,-7.552,-12.911,-12.143,-21.786,-12.143h-25.6c-8.875,0.0,-17.109,4.591,-21.777,12.143c-4.668,7.552,-5.086,16.973,-1.118,24.909l9.293,18.577c-36.463,11.349,-63.189,45.013,-63.189,85.171c-0.008,49.408,40.183,89.6,89.591,89.6s89.6,-40.192,89.6,-89.6C348.59,207.157,321.864,173.493,285.401,162.144zM271.79,132.115L258.99,157.715L246.19,132.115H271.79zM258.99,311.315c-35.345,0.0,-64.0,-28.655,-64.0,-64.0c0.0,-35.345,28.655,-64.0,64.0,-64.0c35.345,0.0,64.0,28.655,64.0,64.0C322.99,282.66,294.335,311.315,258.99,311.315z"">
   </path>
  </g>
 </g>
</svg>


Question: What is the shape of the base of the object?",Circle,Triangle,Square,Line,D,accessory
215,"Examine the following SVG code carefully and answer the question based on your interpretation of the rendered image.

<svg id=""Layer_1"" style=""enable-background:new 0 0 512 512;"" version=""1.1"" viewbox=""0 0 512 512"" x=""0px"" xml:space=""preserve"" y=""0px"">
 <g>
  <g>
   <path d=""M489.39,55.315H28.59C14.45,55.315,2.99,66.775,2.99,80.915v281.6C2.99,376.655,14.45,388.115,28.59,388.115h179.2v51.2H105.39c-7.074,0.0,-12.8,5.726,-12.8,12.8c0.0,7.074,5.726,12.8,12.8,12.8h307.2c7.074,0.0,12.8,-5.726,12.8,-12.8c0.0,-7.074,-5.726,-12.8,-12.8,-12.8H310.19V388.115h179.2c14.14,0.0,25.6,-11.46,25.6,-25.6V80.915C514.99,66.775,503.53,55.315,489.39,55.315zM284.59,439.315h-51.2V388.115h51.2V439.315zM489.39,362.515H28.59V80.915h460.8V362.515z"">
   </path>
  </g>
 </g>
 <g>
  <g>
   <path d=""M285.401,162.144l9.293,-18.577c3.968,-7.936,3.541,-17.357,-1.118,-24.909c-4.676,-7.552,-12.911,-12.143,-21.786,-12.143h-25.6c-8.875,0.0,-17.109,4.591,-21.777,12.143c-4.668,7.552,-5.086,16.973,-1.118,24.909l9.293,18.577c-36.463,11.349,-63.189,45.013,-63.189,85.171c-0.008,49.408,40.183,89.6,89.591,89.6s89.6,-40.192,89.6,-89.6C348.59,207.157,321.864,173.493,285.401,162.144zM271.79,132.115L258.99,157.715L246.19,132.115H271.79zM258.99,311.315c-35.345,0.0,-64.0,-28.655,-64.0,-64.0c0.0,-35.345,28.655,-64.0,64.0,-64.0c35.345,0.0,64.0,28.655,64.0,64.0C322.99,282.66,294.335,311.315,258.99,311.315z"">
   </path>
  </g>
 </g>
</svg>


Question: What is the object in the image most likely representing?",monitor,television,camera,window,A,accessory
220,"Examine the following SVG code carefully and answer the question based on your interpretation of the rendered image.

<svg id=""Layer_1"" style=""enable-background:new 0 0 512 512;"" version=""1.1"" viewbox=""0 0 512 512"" x=""0px"" xml:space=""preserve"" y=""0px"">
 <path d=""M359.043,205.427c-9.217,0.0,-16.696,-7.473,-16.696,-16.696c0.0,-81.451,-38.229,-150.261,-83.478,-150.261s-83.478,68.809,-83.478,150.261c0.0,9.223,-7.479,16.696,-16.696,16.696s-16.696,-7.473,-16.696,-16.696C142.0,85.748,193.336,5.079,258.869,5.079s116.87,80.669,116.87,183.652C375.739,197.954,368.26,205.427,359.043,205.427z"" style=""fill:#FF9F19;"">
 </path>
 <path d=""M463.503,489.253c9.906,-11.13,16.584,-24.598,19.478,-38.957c1.892,-8.348,2.337,-17.141,1.336,-25.823L462.39,216.557c-2.783,-25.377,-24.153,-44.522,-49.753,-44.522H105.103c-25.599,0.0,-46.97,19.144,-49.753,44.633L33.423,424.362c-1.003,8.793,-0.557,17.475,1.336,25.934c2.894,14.358,9.572,27.826,19.478,38.957L463.503,489.253L463.503,489.253z"" style=""fill:#B37548;"">
 </path>
 <path d=""M482.982,450.296c-2.894,14.358,-9.572,27.826,-19.478,38.957C447.698,506.95,424.991,517.079,401.284,517.079H116.456c-23.707,0.0,-46.413,-10.129,-62.219,-27.826c-9.906,-11.13,-16.584,-24.598,-19.478,-38.957H482.982z"" style=""fill:#736056;"">
 </path>
 <path d=""M342.347,188.731c0.0,9.223,7.479,16.696,16.696,16.696c9.217,0.0,16.696,-7.473,16.696,-16.696C375.739,85.748,324.402,5.079,258.869,5.079v33.391C304.119,38.47,342.347,107.28,342.347,188.731z"" style=""fill:#F28618;"">
 </path>
 <path d=""M462.391,216.557c-2.783,-25.377,-24.153,-44.522,-49.753,-44.522H258.869v317.217h204.634c9.906,-11.13,16.584,-24.598,19.478,-38.957c1.892,-8.348,2.337,-17.141,1.336,-25.823L462.391,216.557z"" style=""fill:#A6673A;"">
 </path>
 <path d=""M258.869,517.079h142.416c23.707,0.0,46.413,-10.129,62.219,-27.826c9.906,-11.13,16.584,-24.598,19.478,-38.957H258.869V517.079z"" style=""fill:#665247;"">
 </path>
 <path d=""M258.85,305.601c-4.272,0.0,-8.544,-1.631,-11.804,-4.892l-33.391,-33.391c-3.131,-3.131,-4.892,-7.375,-4.892,-11.804v-83.478c0.0,-18.413,14.978,-33.391,33.391,-33.391h33.391c18.413,0.0,33.391,14.978,33.391,33.391v83.478c0.0,4.429,-1.761,8.674,-4.892,11.804l-33.391,33.391C267.394,303.97,263.122,305.601,258.85,305.601z"" style=""fill:#D7EBFF;"">
 </path>
 <path d=""M304.046,267.318c3.131,-3.131,4.892,-7.375,4.892,-11.804v-83.478c0.0,-18.413,-14.978,-33.391,-33.391,-33.391h-16.696v166.957c4.272,0.0,8.544,-1.631,11.804,-4.892L304.046,267.318z"" style=""fill:#C4E2FF;"">
 </path>
 <circle cx=""258.792"" cy=""255.514"" r=""16.696"" style=""fill:#A6673A;"">
 </circle>
 <path d=""M258.85,272.207c9.196,-0.03,16.641,-7.491,16.641,-16.693s-7.446,-16.663,-16.641,-16.693V272.207z"" style=""fill:#99522E;"">
 </path>
</svg>


Question: What is the primary color of the object?",Red,Blue,Green,Brown,D,accessory
221,"Examine the following SVG code carefully and answer the question based on your interpretation of the rendered image.

<svg id=""Layer_1"" style=""enable-background:new 0 0 512 512;"" version=""1.1"" viewbox=""0 0 512 512"" x=""0px"" xml:space=""preserve"" y=""0px"">
 <path d=""M359.043,205.427c-9.217,0.0,-16.696,-7.473,-16.696,-16.696c0.0,-81.451,-38.229,-150.261,-83.478,-150.261s-83.478,68.809,-83.478,150.261c0.0,9.223,-7.479,16.696,-16.696,16.696s-16.696,-7.473,-16.696,-16.696C142.0,85.748,193.336,5.079,258.869,5.079s116.87,80.669,116.87,183.652C375.739,197.954,368.26,205.427,359.043,205.427z"" style=""fill:#FF9F19;"">
 </path>
 <path d=""M463.503,489.253c9.906,-11.13,16.584,-24.598,19.478,-38.957c1.892,-8.348,2.337,-17.141,1.336,-25.823L462.39,216.557c-2.783,-25.377,-24.153,-44.522,-49.753,-44.522H105.103c-25.599,0.0,-46.97,19.144,-49.753,44.633L33.423,424.362c-1.003,8.793,-0.557,17.475,1.336,25.934c2.894,14.358,9.572,27.826,19.478,38.957L463.503,489.253L463.503,489.253z"" style=""fill:#B37548;"">
 </path>
 <path d=""M482.982,450.296c-2.894,14.358,-9.572,27.826,-19.478,38.957C447.698,506.95,424.991,517.079,401.284,517.079H116.456c-23.707,0.0,-46.413,-10.129,-62.219,-27.826c-9.906,-11.13,-16.584,-24.598,-19.478,-38.957H482.982z"" style=""fill:#736056;"">
 </path>
 <path d=""M342.347,188.731c0.0,9.223,7.479,16.696,16.696,16.696c9.217,0.0,16.696,-7.473,16.696,-16.696C375.739,85.748,324.402,5.079,258.869,5.079v33.391C304.119,38.47,342.347,107.28,342.347,188.731z"" style=""fill:#F28618;"">
 </path>
 <path d=""M462.391,216.557c-2.783,-25.377,-24.153,-44.522,-49.753,-44.522H258.869v317.217h204.634c9.906,-11.13,16.584,-24.598,19.478,-38.957c1.892,-8.348,2.337,-17.141,1.336,-25.823L462.391,216.557z"" style=""fill:#A6673A;"">
 </path>
 <path d=""M258.869,517.079h142.416c23.707,0.0,46.413,-10.129,62.219,-27.826c9.906,-11.13,16.584,-24.598,19.478,-38.957H258.869V517.079z"" style=""fill:#665247;"">
 </path>
 <path d=""M258.85,305.601c-4.272,0.0,-8.544,-1.631,-11.804,-4.892l-33.391,-33.391c-3.131,-3.131,-4.892,-7.375,-4.892,-11.804v-83.478c0.0,-18.413,14.978,-33.391,33.391,-33.391h33.391c18.413,0.0,33.391,14.978,33.391,33.391v83.478c0.0,4.429,-1.761,8.674,-4.892,11.804l-33.391,33.391C267.394,303.97,263.122,305.601,258.85,305.601z"" style=""fill:#D7EBFF;"">
 </path>
 <path d=""M304.046,267.318c3.131,-3.131,4.892,-7.375,4.892,-11.804v-83.478c0.0,-18.413,-14.978,-33.391,-33.391,-33.391h-16.696v166.957c4.272,0.0,8.544,-1.631,11.804,-4.892L304.046,267.318z"" style=""fill:#C4E2FF;"">
 </path>
 <circle cx=""258.792"" cy=""255.514"" r=""16.696"" style=""fill:#A6673A;"">
 </circle>
 <path d=""M258.85,272.207c9.196,-0.03,16.641,-7.491,16.641,-16.693s-7.446,-16.663,-16.641,-16.693V272.207z"" style=""fill:#99522E;"">
 </path>
</svg>


Question: What shape is the handle of the object?",Square,Circular,Triangular,U-shaped,D,accessory
222,"Examine the following SVG code carefully and answer the question based on your interpretation of the rendered image.

<svg id=""Layer_1"" style=""enable-background:new 0 0 512 512;"" version=""1.1"" viewbox=""0 0 512 512"" x=""0px"" xml:space=""preserve"" y=""0px"">
 <path d=""M359.043,205.427c-9.217,0.0,-16.696,-7.473,-16.696,-16.696c0.0,-81.451,-38.229,-150.261,-83.478,-150.261s-83.478,68.809,-83.478,150.261c0.0,9.223,-7.479,16.696,-16.696,16.696s-16.696,-7.473,-16.696,-16.696C142.0,85.748,193.336,5.079,258.869,5.079s116.87,80.669,116.87,183.652C375.739,197.954,368.26,205.427,359.043,205.427z"" style=""fill:#FF9F19;"">
 </path>
 <path d=""M463.503,489.253c9.906,-11.13,16.584,-24.598,19.478,-38.957c1.892,-8.348,2.337,-17.141,1.336,-25.823L462.39,216.557c-2.783,-25.377,-24.153,-44.522,-49.753,-44.522H105.103c-25.599,0.0,-46.97,19.144,-49.753,44.633L33.423,424.362c-1.003,8.793,-0.557,17.475,1.336,25.934c2.894,14.358,9.572,27.826,19.478,38.957L463.503,489.253L463.503,489.253z"" style=""fill:#B37548;"">
 </path>
 <path d=""M482.982,450.296c-2.894,14.358,-9.572,27.826,-19.478,38.957C447.698,506.95,424.991,517.079,401.284,517.079H116.456c-23.707,0.0,-46.413,-10.129,-62.219,-27.826c-9.906,-11.13,-16.584,-24.598,-19.478,-38.957H482.982z"" style=""fill:#736056;"">
 </path>
 <path d=""M342.347,188.731c0.0,9.223,7.479,16.696,16.696,16.696c9.217,0.0,16.696,-7.473,16.696,-16.696C375.739,85.748,324.402,5.079,258.869,5.079v33.391C304.119,38.47,342.347,107.28,342.347,188.731z"" style=""fill:#F28618;"">
 </path>
 <path d=""M462.391,216.557c-2.783,-25.377,-24.153,-44.522,-49.753,-44.522H258.869v317.217h204.634c9.906,-11.13,16.584,-24.598,19.478,-38.957c1.892,-8.348,2.337,-17.141,1.336,-25.823L462.391,216.557z"" style=""fill:#A6673A;"">
 </path>
 <path d=""M258.869,517.079h142.416c23.707,0.0,46.413,-10.129,62.219,-27.826c9.906,-11.13,16.584,-24.598,19.478,-38.957H258.869V517.079z"" style=""fill:#665247;"">
 </path>
 <path d=""M258.85,305.601c-4.272,0.0,-8.544,-1.631,-11.804,-4.892l-33.391,-33.391c-3.131,-3.131,-4.892,-7.375,-4.892,-11.804v-83.478c0.0,-18.413,14.978,-33.391,33.391,-33.391h33.391c18.413,0.0,33.391,14.978,33.391,33.391v83.478c0.0,4.429,-1.761,8.674,-4.892,11.804l-33.391,33.391C267.394,303.97,263.122,305.601,258.85,305.601z"" style=""fill:#D7EBFF;"">
 </path>
 <path d=""M304.046,267.318c3.131,-3.131,4.892,-7.375,4.892,-11.804v-83.478c0.0,-18.413,-14.978,-33.391,-33.391,-33.391h-16.696v166.957c4.272,0.0,8.544,-1.631,11.804,-4.892L304.046,267.318z"" style=""fill:#C4E2FF;"">
 </path>
 <circle cx=""258.792"" cy=""255.514"" r=""16.696"" style=""fill:#A6673A;"">
 </circle>
 <path d=""M258.85,272.207c9.196,-0.03,16.641,-7.491,16.641,-16.693s-7.446,-16.663,-16.641,-16.693V272.207z"" style=""fill:#99522E;"">
 </path>
</svg>


Question: What is the color of the handle of the object?",Red,Orange,Black,White,B,accessory
223,"Examine the following SVG code carefully and answer the question based on your interpretation of the rendered image.

<svg id=""Layer_1"" style=""enable-background:new 0 0 512 512;"" version=""1.1"" viewbox=""0 0 512 512"" x=""0px"" xml:space=""preserve"" y=""0px"">
 <path d=""M359.043,205.427c-9.217,0.0,-16.696,-7.473,-16.696,-16.696c0.0,-81.451,-38.229,-150.261,-83.478,-150.261s-83.478,68.809,-83.478,150.261c0.0,9.223,-7.479,16.696,-16.696,16.696s-16.696,-7.473,-16.696,-16.696C142.0,85.748,193.336,5.079,258.869,5.079s116.87,80.669,116.87,183.652C375.739,197.954,368.26,205.427,359.043,205.427z"" style=""fill:#FF9F19;"">
 </path>
 <path d=""M463.503,489.253c9.906,-11.13,16.584,-24.598,19.478,-38.957c1.892,-8.348,2.337,-17.141,1.336,-25.823L462.39,216.557c-2.783,-25.377,-24.153,-44.522,-49.753,-44.522H105.103c-25.599,0.0,-46.97,19.144,-49.753,44.633L33.423,424.362c-1.003,8.793,-0.557,17.475,1.336,25.934c2.894,14.358,9.572,27.826,19.478,38.957L463.503,489.253L463.503,489.253z"" style=""fill:#B37548;"">
 </path>
 <path d=""M482.982,450.296c-2.894,14.358,-9.572,27.826,-19.478,38.957C447.698,506.95,424.991,517.079,401.284,517.079H116.456c-23.707,0.0,-46.413,-10.129,-62.219,-27.826c-9.906,-11.13,-16.584,-24.598,-19.478,-38.957H482.982z"" style=""fill:#736056;"">
 </path>
 <path d=""M342.347,188.731c0.0,9.223,7.479,16.696,16.696,16.696c9.217,0.0,16.696,-7.473,16.696,-16.696C375.739,85.748,324.402,5.079,258.869,5.079v33.391C304.119,38.47,342.347,107.28,342.347,188.731z"" style=""fill:#F28618;"">
 </path>
 <path d=""M462.391,216.557c-2.783,-25.377,-24.153,-44.522,-49.753,-44.522H258.869v317.217h204.634c9.906,-11.13,16.584,-24.598,19.478,-38.957c1.892,-8.348,2.337,-17.141,1.336,-25.823L462.391,216.557z"" style=""fill:#A6673A;"">
 </path>
 <path d=""M258.869,517.079h142.416c23.707,0.0,46.413,-10.129,62.219,-27.826c9.906,-11.13,16.584,-24.598,19.478,-38.957H258.869V517.079z"" style=""fill:#665247;"">
 </path>
 <path d=""M258.85,305.601c-4.272,0.0,-8.544,-1.631,-11.804,-4.892l-33.391,-33.391c-3.131,-3.131,-4.892,-7.375,-4.892,-11.804v-83.478c0.0,-18.413,14.978,-33.391,33.391,-33.391h33.391c18.413,0.0,33.391,14.978,33.391,33.391v83.478c0.0,4.429,-1.761,8.674,-4.892,11.804l-33.391,33.391C267.394,303.97,263.122,305.601,258.85,305.601z"" style=""fill:#D7EBFF;"">
 </path>
 <path d=""M304.046,267.318c3.131,-3.131,4.892,-7.375,4.892,-11.804v-83.478c0.0,-18.413,-14.978,-33.391,-33.391,-33.391h-16.696v166.957c4.272,0.0,8.544,-1.631,11.804,-4.892L304.046,267.318z"" style=""fill:#C4E2FF;"">
 </path>
 <circle cx=""258.792"" cy=""255.514"" r=""16.696"" style=""fill:#A6673A;"">
 </circle>
 <path d=""M258.85,272.207c9.196,-0.03,16.641,-7.491,16.641,-16.693s-7.446,-16.663,-16.641,-16.693V272.207z"" style=""fill:#99522E;"">
 </path>
</svg>


Question: What type of object is shown in the image?",Backpack,Suitcase,Handbag,Wallet,C,accessory
224,"Examine the following SVG code carefully and answer the question based on your interpretation of the rendered image.

<svg id=""Layer_1"" style=""enable-background:new 0 0 512 512;"" version=""1.1"" viewbox=""0 0 512 512"" x=""0px"" xml:space=""preserve"" y=""0px"">
 <polygon points=""410.792,5.020 345.518,88.250 172.142,88.250 106.868,5.020"" style=""fill:#A2A9AF;"">
 </polygon>
 <path d=""M308.647,112.843c0.0,0.012,-23.792,55.143,-23.792,55.143L258.83,192.252l-26.025,-24.265l-23.792,-55.131c0.0,-0.012,-0.473,-36.738,-0.473,-36.738h100.58L308.647,112.843z"" style=""fill:#4C5870;"">
 </path>
 <g>
  <polygon points=""106.868,5.020 106.868,56.875 188.618,144.352 232.805,76.118"" style=""fill:#EBEDEC;"">
  </polygon>
  <polygon points=""410.792,5.020 410.792,56.875 329.042,144.352 284.855,76.118"" style=""fill:#EBEDEC;"">
  </polygon>
 </g>
 <polygon points=""312.091,475.445 258.830,517.020 205.569,475.445 232.804,167.980 284.856,167.980"" style=""fill:#269AF2;"">
 </polygon>
</svg>


Question: What is the primary color of the object in the image?",Red,Blue,Green,Yellow,B,accessory
225,"Examine the following SVG code carefully and answer the question based on your interpretation of the rendered image.

<svg id=""Layer_1"" style=""enable-background:new 0 0 512 512;"" version=""1.1"" viewbox=""0 0 512 512"" x=""0px"" xml:space=""preserve"" y=""0px"">
 <polygon points=""410.792,5.020 345.518,88.250 172.142,88.250 106.868,5.020"" style=""fill:#A2A9AF;"">
 </polygon>
 <path d=""M308.647,112.843c0.0,0.012,-23.792,55.143,-23.792,55.143L258.83,192.252l-26.025,-24.265l-23.792,-55.131c0.0,-0.012,-0.473,-36.738,-0.473,-36.738h100.58L308.647,112.843z"" style=""fill:#4C5870;"">
 </path>
 <g>
  <polygon points=""106.868,5.020 106.868,56.875 188.618,144.352 232.805,76.118"" style=""fill:#EBEDEC;"">
  </polygon>
  <polygon points=""410.792,5.020 410.792,56.875 329.042,144.352 284.855,76.118"" style=""fill:#EBEDEC;"">
  </polygon>
 </g>
 <polygon points=""312.091,475.445 258.830,517.020 205.569,475.445 232.804,167.980 284.856,167.980"" style=""fill:#269AF2;"">
 </polygon>
</svg>


Question: What shape is the bottom part of the object in the image?",Triangle,Square,Circle,Rectangle,A,accessory
226,"Examine the following SVG code carefully and answer the question based on your interpretation of the rendered image.

<svg id=""Layer_1"" style=""enable-background:new 0 0 512 512;"" version=""1.1"" viewbox=""0 0 512 512"" x=""0px"" xml:space=""preserve"" y=""0px"">
 <polygon points=""410.792,5.020 345.518,88.250 172.142,88.250 106.868,5.020"" style=""fill:#A2A9AF;"">
 </polygon>
 <path d=""M308.647,112.843c0.0,0.012,-23.792,55.143,-23.792,55.143L258.83,192.252l-26.025,-24.265l-23.792,-55.131c0.0,-0.012,-0.473,-36.738,-0.473,-36.738h100.58L308.647,112.843z"" style=""fill:#4C5870;"">
 </path>
 <g>
  <polygon points=""106.868,5.020 106.868,56.875 188.618,144.352 232.805,76.118"" style=""fill:#EBEDEC;"">
  </polygon>
  <polygon points=""410.792,5.020 410.792,56.875 329.042,144.352 284.855,76.118"" style=""fill:#EBEDEC;"">
  </polygon>
 </g>
 <polygon points=""312.091,475.445 258.830,517.020 205.569,475.445 232.804,167.980 284.856,167.980"" style=""fill:#269AF2;"">
 </polygon>
</svg>


Question: What is the color of the upper part of the object in the image?",Black,White,Blue,Gray,D,accessory
227,"Examine the following SVG code carefully and answer the question based on your interpretation of the rendered image.

<svg id=""Layer_1"" style=""enable-background:new 0 0 512 512;"" version=""1.1"" viewbox=""0 0 512 512"" x=""0px"" xml:space=""preserve"" y=""0px"">
 <polygon points=""410.792,5.020 345.518,88.250 172.142,88.250 106.868,5.020"" style=""fill:#A2A9AF;"">
 </polygon>
 <path d=""M308.647,112.843c0.0,0.012,-23.792,55.143,-23.792,55.143L258.83,192.252l-26.025,-24.265l-23.792,-55.131c0.0,-0.012,-0.473,-36.738,-0.473,-36.738h100.58L308.647,112.843z"" style=""fill:#4C5870;"">
 </path>
 <g>
  <polygon points=""106.868,5.020 106.868,56.875 188.618,144.352 232.805,76.118"" style=""fill:#EBEDEC;"">
  </polygon>
  <polygon points=""410.792,5.020 410.792,56.875 329.042,144.352 284.855,76.118"" style=""fill:#EBEDEC;"">
  </polygon>
 </g>
 <polygon points=""312.091,475.445 258.830,517.020 205.569,475.445 232.804,167.980 284.856,167.980"" style=""fill:#269AF2;"">
 </polygon>
</svg>


Question: What type of clothing accessory is depicted in the image?",Hat,Scarf,Tie,Belt,C,accessory
8,"Examine the following SVG code carefully and answer the question based on your interpretation of the rendered image.

<svg id=""Layer_1"" style=""enable-background:new 0 0 360 360;"" version=""1.1"" viewbox=""0 0 360 360"" x=""0px"" xml:space=""preserve"" y=""0px"">
 <g id=""XMLID_524_"">
  <path d=""M117.683,150.727c-8.271,0.0,-15.0,-6.729,-15.0,-15.0c0.0,-20.0,0.0,-90.0,-50.0,-100.0v40.0c0.0,0.0,-20.0,-20.0,-20.0,-50.0c0.0,0.0,-30.0,10.0,-30.0,49.999c0.0,35.286,23.349,70.564,63.174,78.392C73.441,175.427,93.804,190.727,117.683,190.727h35.0v-40.0H117.683z"" id=""XMLID_525_"" style=""fill:#FF5023;"">
  </path>
  <path d=""M362.683,75.726C362.683,35.727,332.683,25.727,332.683,25.727c0.0,30.0,-20.0,50.0,-20.0,50.0v-40.0c-50.0,10.0,-50.0,80.0,-50.0,100.0c0.0,8.271,-6.729,15.0,-15.0,15.0h-35.0v40.0h35.0c23.879,0.0,44.242,-15.3,51.826,-36.608C339.334,146.291,362.683,111.012,362.683,75.726z"" id=""XMLID_526_"" style=""fill:#802812;"">
  </path>
  <g id=""XMLID_527_"">
   <path d=""M317.683,230.727H202.683v-20.0h115.0c13.785,0.0,25.0,-11.215,25.0,-25.0v-25.0h20.0v25.0C362.683,210.54,342.497,230.727,317.683,230.727z"" id=""XMLID_530_"" style=""fill:#802812;"">
   </path>
  </g>
  <g id=""XMLID_531_"">
   <path d=""M362.683,320.727h-20.0v-25.0c0.0,-13.785,-11.215,-25.0,-25.0,-25.0H202.683v-20.0h115.0c24.814,0.0,45.0,20.187,45.0,45.0V320.727z"" id=""XMLID_532_"" style=""fill:#802812;"">
   </path>
  </g>
  <g id=""XMLID_533_"">
   <path d=""M312.683,340.727h-20.0v-15.0c0.0,-13.785,-11.215,-25.0,-25.0,-25.0H152.683v-20.0h115.0c24.814,0.0,45.0,20.187,45.0,45.0V340.727z"" id=""XMLID_534_"" style=""fill:#802812;"">
   </path>
  </g>
  <g id=""XMLID_535_"">
   <path d=""M162.683,230.727H47.683c-24.813,0.0,-45.0,-20.187,-45.0,-45.0v-25.0h20.0v25.0c0.0,13.785,11.215,25.0,25.0,25.0h115.0V230.727z"" id=""XMLID_536_"" style=""fill:#FF5023;"">
   </path>
  </g>
  <g id=""XMLID_782_"">
   <path d=""M22.683,320.727H2.683v-25.0c0.0,-24.813,20.187,-45.0,45.0,-45.0h115.0v20.0H47.683c-13.785,0.0,-25.0,11.215,-25.0,25.0V320.727z"" id=""XMLID_783_"" style=""fill:#FF5023;"">
   </path>
  </g>
  <g id=""XMLID_784_"">
   <path d=""M72.683,340.727H52.683v-15.0c0.0,-24.813,20.187,-45.0,45.0,-45.0h115.0v20.0H97.683c-13.785,0.0,-25.0,11.215,-25.0,25.0V340.727z"" id=""XMLID_785_"" style=""fill:#FF5023;"">
   </path>
  </g>
  <ellipse cx=""180"" cy=""227.5"" id=""XMLID_786_"" rx=""120"" ry=""90"" style=""fill:#FF9811;"" transform=""translate(2.6834784031414554,3.227279162638171) rotate(0, 0, 0)"">
  </ellipse>
  <g id=""XMLID_787_"">
   <path d=""M182.683,140.727c66.273,0.0,120.0,40.294,120.0,90.0s-53.727,90.0,-120.0,90.0"" id=""XMLID_788_"" style=""fill:#FF5023;"">
   </path>
  </g>
  <g id=""XMLID_789_"">
   <path d=""M168.211,169.671C165.598,168.365,142.683,155.611,142.683,110.727h20.0c0.0,32.394,14.106,40.835,14.707,41.178c-0.151,-0.086,-0.235,-0.123,-0.235,-0.123L168.211,169.671z"" id=""XMLID_790_"" style=""fill:#FF9811;"">
   </path>
  </g>
  <g id=""XMLID_791_"">
   <circle cx=""152.683"" cy=""100.727"" id=""XMLID_792_"" r=""20"" style=""fill:#802812;"">
   </circle>
  </g>
  <g id=""XMLID_793_"">
   <path d=""M197.155,169.671l-8.943,-17.889c0.0,0.0,-0.084,0.036,-0.235,0.123c0.6,-0.343,14.706,-8.784,14.706,-41.178h20.0C222.683,155.611,199.768,168.365,197.155,169.671z"" id=""XMLID_794_"" style=""fill:#FF5023;"">
   </path>
  </g>
  <g id=""XMLID_795_"">
   <circle cx=""212.683"" cy=""100.727"" id=""XMLID_796_"" r=""20"" style=""fill:#802812;"">
   </circle>
  </g>
 </g>
</svg>


Question: What is the primary color of the left claw of the object?",Blue,Green,Red,Orange,D,animal
9,"Examine the following SVG code carefully and answer the question based on your interpretation of the rendered image.

<svg id=""Layer_1"" style=""enable-background:new 0 0 360 360;"" version=""1.1"" viewbox=""0 0 360 360"" x=""0px"" xml:space=""preserve"" y=""0px"">
 <g id=""XMLID_524_"">
  <path d=""M117.683,150.727c-8.271,0.0,-15.0,-6.729,-15.0,-15.0c0.0,-20.0,0.0,-90.0,-50.0,-100.0v40.0c0.0,0.0,-20.0,-20.0,-20.0,-50.0c0.0,0.0,-30.0,10.0,-30.0,49.999c0.0,35.286,23.349,70.564,63.174,78.392C73.441,175.427,93.804,190.727,117.683,190.727h35.0v-40.0H117.683z"" id=""XMLID_525_"" style=""fill:#FF5023;"">
  </path>
  <path d=""M362.683,75.726C362.683,35.727,332.683,25.727,332.683,25.727c0.0,30.0,-20.0,50.0,-20.0,50.0v-40.0c-50.0,10.0,-50.0,80.0,-50.0,100.0c0.0,8.271,-6.729,15.0,-15.0,15.0h-35.0v40.0h35.0c23.879,0.0,44.242,-15.3,51.826,-36.608C339.334,146.291,362.683,111.012,362.683,75.726z"" id=""XMLID_526_"" style=""fill:#802812;"">
  </path>
  <g id=""XMLID_527_"">
   <path d=""M317.683,230.727H202.683v-20.0h115.0c13.785,0.0,25.0,-11.215,25.0,-25.0v-25.0h20.0v25.0C362.683,210.54,342.497,230.727,317.683,230.727z"" id=""XMLID_530_"" style=""fill:#802812;"">
   </path>
  </g>
  <g id=""XMLID_531_"">
   <path d=""M362.683,320.727h-20.0v-25.0c0.0,-13.785,-11.215,-25.0,-25.0,-25.0H202.683v-20.0h115.0c24.814,0.0,45.0,20.187,45.0,45.0V320.727z"" id=""XMLID_532_"" style=""fill:#802812;"">
   </path>
  </g>
  <g id=""XMLID_533_"">
   <path d=""M312.683,340.727h-20.0v-15.0c0.0,-13.785,-11.215,-25.0,-25.0,-25.0H152.683v-20.0h115.0c24.814,0.0,45.0,20.187,45.0,45.0V340.727z"" id=""XMLID_534_"" style=""fill:#802812;"">
   </path>
  </g>
  <g id=""XMLID_535_"">
   <path d=""M162.683,230.727H47.683c-24.813,0.0,-45.0,-20.187,-45.0,-45.0v-25.0h20.0v25.0c0.0,13.785,11.215,25.0,25.0,25.0h115.0V230.727z"" id=""XMLID_536_"" style=""fill:#FF5023;"">
   </path>
  </g>
  <g id=""XMLID_782_"">
   <path d=""M22.683,320.727H2.683v-25.0c0.0,-24.813,20.187,-45.0,45.0,-45.0h115.0v20.0H47.683c-13.785,0.0,-25.0,11.215,-25.0,25.0V320.727z"" id=""XMLID_783_"" style=""fill:#FF5023;"">
   </path>
  </g>
  <g id=""XMLID_784_"">
   <path d=""M72.683,340.727H52.683v-15.0c0.0,-24.813,20.187,-45.0,45.0,-45.0h115.0v20.0H97.683c-13.785,0.0,-25.0,11.215,-25.0,25.0V340.727z"" id=""XMLID_785_"" style=""fill:#FF5023;"">
   </path>
  </g>
  <ellipse cx=""180"" cy=""227.5"" id=""XMLID_786_"" rx=""120"" ry=""90"" style=""fill:#FF9811;"" transform=""translate(2.6834784031414554,3.227279162638171) rotate(0, 0, 0)"">
  </ellipse>
  <g id=""XMLID_787_"">
   <path d=""M182.683,140.727c66.273,0.0,120.0,40.294,120.0,90.0s-53.727,90.0,-120.0,90.0"" id=""XMLID_788_"" style=""fill:#FF5023;"">
   </path>
  </g>
  <g id=""XMLID_789_"">
   <path d=""M168.211,169.671C165.598,168.365,142.683,155.611,142.683,110.727h20.0c0.0,32.394,14.106,40.835,14.707,41.178c-0.151,-0.086,-0.235,-0.123,-0.235,-0.123L168.211,169.671z"" id=""XMLID_790_"" style=""fill:#FF9811;"">
   </path>
  </g>
  <g id=""XMLID_791_"">
   <circle cx=""152.683"" cy=""100.727"" id=""XMLID_792_"" r=""20"" style=""fill:#802812;"">
   </circle>
  </g>
  <g id=""XMLID_793_"">
   <path d=""M197.155,169.671l-8.943,-17.889c0.0,0.0,-0.084,0.036,-0.235,0.123c0.6,-0.343,14.706,-8.784,14.706,-41.178h20.0C222.683,155.611,199.768,168.365,197.155,169.671z"" id=""XMLID_794_"" style=""fill:#FF5023;"">
   </path>
  </g>
  <g id=""XMLID_795_"">
   <circle cx=""212.683"" cy=""100.727"" id=""XMLID_796_"" r=""20"" style=""fill:#802812;"">
   </circle>
  </g>
 </g>
</svg>


Question: How many legs does the object have?",4,6,10,8,D,animal
10,"Examine the following SVG code carefully and answer the question based on your interpretation of the rendered image.

<svg id=""Layer_1"" style=""enable-background:new 0 0 360 360;"" version=""1.1"" viewbox=""0 0 360 360"" x=""0px"" xml:space=""preserve"" y=""0px"">
 <g id=""XMLID_524_"">
  <path d=""M117.683,150.727c-8.271,0.0,-15.0,-6.729,-15.0,-15.0c0.0,-20.0,0.0,-90.0,-50.0,-100.0v40.0c0.0,0.0,-20.0,-20.0,-20.0,-50.0c0.0,0.0,-30.0,10.0,-30.0,49.999c0.0,35.286,23.349,70.564,63.174,78.392C73.441,175.427,93.804,190.727,117.683,190.727h35.0v-40.0H117.683z"" id=""XMLID_525_"" style=""fill:#FF5023;"">
  </path>
  <path d=""M362.683,75.726C362.683,35.727,332.683,25.727,332.683,25.727c0.0,30.0,-20.0,50.0,-20.0,50.0v-40.0c-50.0,10.0,-50.0,80.0,-50.0,100.0c0.0,8.271,-6.729,15.0,-15.0,15.0h-35.0v40.0h35.0c23.879,0.0,44.242,-15.3,51.826,-36.608C339.334,146.291,362.683,111.012,362.683,75.726z"" id=""XMLID_526_"" style=""fill:#802812;"">
  </path>
  <g id=""XMLID_527_"">
   <path d=""M317.683,230.727H202.683v-20.0h115.0c13.785,0.0,25.0,-11.215,25.0,-25.0v-25.0h20.0v25.0C362.683,210.54,342.497,230.727,317.683,230.727z"" id=""XMLID_530_"" style=""fill:#802812;"">
   </path>
  </g>
  <g id=""XMLID_531_"">
   <path d=""M362.683,320.727h-20.0v-25.0c0.0,-13.785,-11.215,-25.0,-25.0,-25.0H202.683v-20.0h115.0c24.814,0.0,45.0,20.187,45.0,45.0V320.727z"" id=""XMLID_532_"" style=""fill:#802812;"">
   </path>
  </g>
  <g id=""XMLID_533_"">
   <path d=""M312.683,340.727h-20.0v-15.0c0.0,-13.785,-11.215,-25.0,-25.0,-25.0H152.683v-20.0h115.0c24.814,0.0,45.0,20.187,45.0,45.0V340.727z"" id=""XMLID_534_"" style=""fill:#802812;"">
   </path>
  </g>
  <g id=""XMLID_535_"">
   <path d=""M162.683,230.727H47.683c-24.813,0.0,-45.0,-20.187,-45.0,-45.0v-25.0h20.0v25.0c0.0,13.785,11.215,25.0,25.0,25.0h115.0V230.727z"" id=""XMLID_536_"" style=""fill:#FF5023;"">
   </path>
  </g>
  <g id=""XMLID_782_"">
   <path d=""M22.683,320.727H2.683v-25.0c0.0,-24.813,20.187,-45.0,45.0,-45.0h115.0v20.0H47.683c-13.785,0.0,-25.0,11.215,-25.0,25.0V320.727z"" id=""XMLID_783_"" style=""fill:#FF5023;"">
   </path>
  </g>
  <g id=""XMLID_784_"">
   <path d=""M72.683,340.727H52.683v-15.0c0.0,-24.813,20.187,-45.0,45.0,-45.0h115.0v20.0H97.683c-13.785,0.0,-25.0,11.215,-25.0,25.0V340.727z"" id=""XMLID_785_"" style=""fill:#FF5023;"">
   </path>
  </g>
  <ellipse cx=""180"" cy=""227.5"" id=""XMLID_786_"" rx=""120"" ry=""90"" style=""fill:#FF9811;"" transform=""translate(2.6834784031414554,3.227279162638171) rotate(0, 0, 0)"">
  </ellipse>
  <g id=""XMLID_787_"">
   <path d=""M182.683,140.727c66.273,0.0,120.0,40.294,120.0,90.0s-53.727,90.0,-120.0,90.0"" id=""XMLID_788_"" style=""fill:#FF5023;"">
   </path>
  </g>
  <g id=""XMLID_789_"">
   <path d=""M168.211,169.671C165.598,168.365,142.683,155.611,142.683,110.727h20.0c0.0,32.394,14.106,40.835,14.707,41.178c-0.151,-0.086,-0.235,-0.123,-0.235,-0.123L168.211,169.671z"" id=""XMLID_790_"" style=""fill:#FF9811;"">
   </path>
  </g>
  <g id=""XMLID_791_"">
   <circle cx=""152.683"" cy=""100.727"" id=""XMLID_792_"" r=""20"" style=""fill:#802812;"">
   </circle>
  </g>
  <g id=""XMLID_793_"">
   <path d=""M197.155,169.671l-8.943,-17.889c0.0,0.0,-0.084,0.036,-0.235,0.123c0.6,-0.343,14.706,-8.784,14.706,-41.178h20.0C222.683,155.611,199.768,168.365,197.155,169.671z"" id=""XMLID_794_"" style=""fill:#FF5023;"">
   </path>
  </g>
  <g id=""XMLID_795_"">
   <circle cx=""212.683"" cy=""100.727"" id=""XMLID_796_"" r=""20"" style=""fill:#802812;"">
   </circle>
  </g>
 </g>
</svg>


Question: What shape is the main body of the object?",Circle,Square,Triangle,Rectangle,A,animal
11,"Examine the following SVG code carefully and answer the question based on your interpretation of the rendered image.

<svg id=""Layer_1"" style=""enable-background:new 0 0 360 360;"" version=""1.1"" viewbox=""0 0 360 360"" x=""0px"" xml:space=""preserve"" y=""0px"">
 <g id=""XMLID_524_"">
  <path d=""M117.683,150.727c-8.271,0.0,-15.0,-6.729,-15.0,-15.0c0.0,-20.0,0.0,-90.0,-50.0,-100.0v40.0c0.0,0.0,-20.0,-20.0,-20.0,-50.0c0.0,0.0,-30.0,10.0,-30.0,49.999c0.0,35.286,23.349,70.564,63.174,78.392C73.441,175.427,93.804,190.727,117.683,190.727h35.0v-40.0H117.683z"" id=""XMLID_525_"" style=""fill:#FF5023;"">
  </path>
  <path d=""M362.683,75.726C362.683,35.727,332.683,25.727,332.683,25.727c0.0,30.0,-20.0,50.0,-20.0,50.0v-40.0c-50.0,10.0,-50.0,80.0,-50.0,100.0c0.0,8.271,-6.729,15.0,-15.0,15.0h-35.0v40.0h35.0c23.879,0.0,44.242,-15.3,51.826,-36.608C339.334,146.291,362.683,111.012,362.683,75.726z"" id=""XMLID_526_"" style=""fill:#802812;"">
  </path>
  <g id=""XMLID_527_"">
   <path d=""M317.683,230.727H202.683v-20.0h115.0c13.785,0.0,25.0,-11.215,25.0,-25.0v-25.0h20.0v25.0C362.683,210.54,342.497,230.727,317.683,230.727z"" id=""XMLID_530_"" style=""fill:#802812;"">
   </path>
  </g>
  <g id=""XMLID_531_"">
   <path d=""M362.683,320.727h-20.0v-25.0c0.0,-13.785,-11.215,-25.0,-25.0,-25.0H202.683v-20.0h115.0c24.814,0.0,45.0,20.187,45.0,45.0V320.727z"" id=""XMLID_532_"" style=""fill:#802812;"">
   </path>
  </g>
  <g id=""XMLID_533_"">
   <path d=""M312.683,340.727h-20.0v-15.0c0.0,-13.785,-11.215,-25.0,-25.0,-25.0H152.683v-20.0h115.0c24.814,0.0,45.0,20.187,45.0,45.0V340.727z"" id=""XMLID_534_"" style=""fill:#802812;"">
   </path>
  </g>
  <g id=""XMLID_535_"">
   <path d=""M162.683,230.727H47.683c-24.813,0.0,-45.0,-20.187,-45.0,-45.0v-25.0h20.0v25.0c0.0,13.785,11.215,25.0,25.0,25.0h115.0V230.727z"" id=""XMLID_536_"" style=""fill:#FF5023;"">
   </path>
  </g>
  <g id=""XMLID_782_"">
   <path d=""M22.683,320.727H2.683v-25.0c0.0,-24.813,20.187,-45.0,45.0,-45.0h115.0v20.0H47.683c-13.785,0.0,-25.0,11.215,-25.0,25.0V320.727z"" id=""XMLID_783_"" style=""fill:#FF5023;"">
   </path>
  </g>
  <g id=""XMLID_784_"">
   <path d=""M72.683,340.727H52.683v-15.0c0.0,-24.813,20.187,-45.0,45.0,-45.0h115.0v20.0H97.683c-13.785,0.0,-25.0,11.215,-25.0,25.0V340.727z"" id=""XMLID_785_"" style=""fill:#FF5023;"">
   </path>
  </g>
  <ellipse cx=""180"" cy=""227.5"" id=""XMLID_786_"" rx=""120"" ry=""90"" style=""fill:#FF9811;"" transform=""translate(2.6834784031414554,3.227279162638171) rotate(0, 0, 0)"">
  </ellipse>
  <g id=""XMLID_787_"">
   <path d=""M182.683,140.727c66.273,0.0,120.0,40.294,120.0,90.0s-53.727,90.0,-120.0,90.0"" id=""XMLID_788_"" style=""fill:#FF5023;"">
   </path>
  </g>
  <g id=""XMLID_789_"">
   <path d=""M168.211,169.671C165.598,168.365,142.683,155.611,142.683,110.727h20.0c0.0,32.394,14.106,40.835,14.707,41.178c-0.151,-0.086,-0.235,-0.123,-0.235,-0.123L168.211,169.671z"" id=""XMLID_790_"" style=""fill:#FF9811;"">
   </path>
  </g>
  <g id=""XMLID_791_"">
   <circle cx=""152.683"" cy=""100.727"" id=""XMLID_792_"" r=""20"" style=""fill:#802812;"">
   </circle>
  </g>
  <g id=""XMLID_793_"">
   <path d=""M197.155,169.671l-8.943,-17.889c0.0,0.0,-0.084,0.036,-0.235,0.123c0.6,-0.343,14.706,-8.784,14.706,-41.178h20.0C222.683,155.611,199.768,168.365,197.155,169.671z"" id=""XMLID_794_"" style=""fill:#FF5023;"">
   </path>
  </g>
  <g id=""XMLID_795_"">
   <circle cx=""212.683"" cy=""100.727"" id=""XMLID_796_"" r=""20"" style=""fill:#802812;"">
   </circle>
  </g>
 </g>
</svg>


Question: What type of animal is represented by the object?",Fish,Bird,Crab,Turtle,C,animal
28,"Examine the following SVG code carefully and answer the question based on your interpretation of the rendered image.

<svg id=""Layer_1"" style=""enable-background:new 0 0 503.467 503.467;"" version=""1.1"" viewbox=""0 0 503.467 503.467"" x=""0px"" xml:space=""preserve"" y=""0px"">
 <g transform=""translate(15 1)"">
  <path d=""M290.637,178.035c5.12,0.0,8.533,4.267,8.533,8.533S295.757,195.102,290.637,195.102s-8.533,-4.267,-8.533,-8.533S285.517,178.035,290.637,178.035"" style=""fill:#FFF8CF;"">
  </path>
  <path d=""M196.771,186.569c0.0,-4.267,-4.267,-8.533,-8.533,-8.533c-4.267,0.0,-8.533,4.267,-8.533,8.533s4.267,8.533,8.533,8.533C192.504,195.102,196.771,190.835,196.771,186.569M299.171,186.569c0.0,-4.267,-3.413,-8.533,-8.533,-8.533s-8.533,4.267,-8.533,8.533s3.413,8.533,8.533,8.533S299.171,190.835,299.171,186.569M212.131,329.929c-21.333,-2.56,-39.253,-8.533,-53.76,-15.36c-31.573,-14.507,-47.787,-34.133,-47.787,-34.133V135.369c0.0,-70.827,57.173,-128.0,128.0,-128.0s128.0,57.173,128.0,128.0v145.067c0.0,0.0,-16.213,18.773,-47.787,34.133c-14.507,6.827,-32.427,12.8,-53.76,15.36c-8.533,0.853,-17.92,1.707,-27.307,1.707S220.664,330.782,212.131,329.929"" style=""fill:#ECF4F7;"">
  </path>
  <path d=""M188.237,178.035c4.267,0.0,8.533,4.267,8.533,8.533S192.504,195.102,188.237,195.102c-4.267,0.0,-8.533,-4.267,-8.533,-8.533S183.971,178.035,188.237,178.035"" style=""fill:#FFF8CF;"">
  </path>
 </g>
 <path d=""M314.171,507.569c-1.707,0.0,-3.413,-0.853,-4.267,-2.56c0.0,-0.853,-34.133,-87.893,-34.133,-223.573c0.0,-2.56,1.707,-4.267,4.267,-4.267s4.267,1.707,4.267,4.267c0.0,133.973,33.28,219.307,34.133,220.16c0.853,2.56,0.0,4.267,-2.56,5.12C315.024,507.569,315.024,507.569,314.171,507.569zM194.704,507.569c-0.853,0.0,-0.853,0.0,-1.707,0.0c-2.56,-0.853,-3.413,-3.413,-2.56,-5.12c0.0,-0.853,34.133,-86.187,34.133,-220.16c0.0,-2.56,1.707,-4.267,4.267,-4.267s4.267,1.707,4.267,4.267c0.0,135.68,-34.133,222.72,-34.133,223.573C198.117,506.715,196.411,507.569,194.704,507.569zM484.837,439.302c-87.04,0.0,-157.867,-70.827,-157.867,-157.867c0.0,-2.56,1.707,-4.267,4.267,-4.267s4.267,1.707,4.267,4.267c0.0,81.92,67.413,149.333,149.333,149.333c2.56,0.0,4.267,1.707,4.267,4.267C489.104,437.595,487.397,439.302,484.837,439.302zM24.037,439.302c-2.56,0.0,-4.267,-1.707,-4.267,-4.267c0.0,-2.56,1.707,-4.267,4.267,-4.267c81.92,0.0,149.333,-67.413,149.333,-149.333c0.0,-2.56,1.707,-4.267,4.267,-4.267c2.56,0.0,4.267,1.707,4.267,4.267C181.904,368.475,111.077,439.302,24.037,439.302zM442.171,345.435c-34.987,0.0,-64.0,-29.013,-64.0,-64.0V136.369C378.171,68.102,322.704,12.635,254.437,12.635S130.704,68.102,130.704,136.369v145.067c0.0,34.987,-29.013,64.0,-64.0,64.0s-64.0,-29.013,-64.0,-64.0c0.0,-2.56,1.707,-4.267,4.267,-4.267s4.267,1.707,4.267,4.267C11.237,312.155,35.984,336.902,66.704,336.902s55.467,-24.747,55.467,-55.467V136.369C122.171,63.835,181.904,4.102,254.437,4.102S386.704,63.835,386.704,136.369v145.067c0.0,30.72,24.747,55.467,55.467,55.467s55.467,-24.747,55.467,-55.467c0.0,-2.56,1.707,-4.267,4.267,-4.267c2.56,0.0,4.267,1.707,4.267,4.267C506.171,316.422,477.157,345.435,442.171,345.435zM305.637,200.369c-6.827,0.0,-12.8,-5.973,-12.8,-12.8s5.973,-12.8,12.8,-12.8s12.8,5.973,12.8,12.8S312.464,200.369,305.637,200.369zM305.637,183.302c-2.56,0.0,-4.267,1.707,-4.267,4.267s1.707,4.267,4.267,4.267s4.267,-1.707,4.267,-4.267S308.197,183.302,305.637,183.302zM203.237,200.369c-6.827,0.0,-12.8,-5.973,-12.8,-12.8s5.973,-12.8,12.8,-12.8s12.8,5.973,12.8,12.8S210.064,200.369,203.237,200.369zM203.237,183.302c-2.56,0.0,-4.267,1.707,-4.267,4.267s1.707,4.267,4.267,4.267s4.267,-1.707,4.267,-4.267S205.797,183.302,203.237,183.302z"" style=""fill:#51565F;"">
 </path>
</svg>


Question: How many eyes does the object have?",One,Two,Three,Four,B,animal
29,"Examine the following SVG code carefully and answer the question based on your interpretation of the rendered image.

<svg id=""Layer_1"" style=""enable-background:new 0 0 503.467 503.467;"" version=""1.1"" viewbox=""0 0 503.467 503.467"" x=""0px"" xml:space=""preserve"" y=""0px"">
 <g transform=""translate(15 1)"">
  <path d=""M290.637,178.035c5.12,0.0,8.533,4.267,8.533,8.533S295.757,195.102,290.637,195.102s-8.533,-4.267,-8.533,-8.533S285.517,178.035,290.637,178.035"" style=""fill:#FFF8CF;"">
  </path>
  <path d=""M196.771,186.569c0.0,-4.267,-4.267,-8.533,-8.533,-8.533c-4.267,0.0,-8.533,4.267,-8.533,8.533s4.267,8.533,8.533,8.533C192.504,195.102,196.771,190.835,196.771,186.569M299.171,186.569c0.0,-4.267,-3.413,-8.533,-8.533,-8.533s-8.533,4.267,-8.533,8.533s3.413,8.533,8.533,8.533S299.171,190.835,299.171,186.569M212.131,329.929c-21.333,-2.56,-39.253,-8.533,-53.76,-15.36c-31.573,-14.507,-47.787,-34.133,-47.787,-34.133V135.369c0.0,-70.827,57.173,-128.0,128.0,-128.0s128.0,57.173,128.0,128.0v145.067c0.0,0.0,-16.213,18.773,-47.787,34.133c-14.507,6.827,-32.427,12.8,-53.76,15.36c-8.533,0.853,-17.92,1.707,-27.307,1.707S220.664,330.782,212.131,329.929"" style=""fill:#ECF4F7;"">
  </path>
  <path d=""M188.237,178.035c4.267,0.0,8.533,4.267,8.533,8.533S192.504,195.102,188.237,195.102c-4.267,0.0,-8.533,-4.267,-8.533,-8.533S183.971,178.035,188.237,178.035"" style=""fill:#FFF8CF;"">
  </path>
 </g>
 <path d=""M314.171,507.569c-1.707,0.0,-3.413,-0.853,-4.267,-2.56c0.0,-0.853,-34.133,-87.893,-34.133,-223.573c0.0,-2.56,1.707,-4.267,4.267,-4.267s4.267,1.707,4.267,4.267c0.0,133.973,33.28,219.307,34.133,220.16c0.853,2.56,0.0,4.267,-2.56,5.12C315.024,507.569,315.024,507.569,314.171,507.569zM194.704,507.569c-0.853,0.0,-0.853,0.0,-1.707,0.0c-2.56,-0.853,-3.413,-3.413,-2.56,-5.12c0.0,-0.853,34.133,-86.187,34.133,-220.16c0.0,-2.56,1.707,-4.267,4.267,-4.267s4.267,1.707,4.267,4.267c0.0,135.68,-34.133,222.72,-34.133,223.573C198.117,506.715,196.411,507.569,194.704,507.569zM484.837,439.302c-87.04,0.0,-157.867,-70.827,-157.867,-157.867c0.0,-2.56,1.707,-4.267,4.267,-4.267s4.267,1.707,4.267,4.267c0.0,81.92,67.413,149.333,149.333,149.333c2.56,0.0,4.267,1.707,4.267,4.267C489.104,437.595,487.397,439.302,484.837,439.302zM24.037,439.302c-2.56,0.0,-4.267,-1.707,-4.267,-4.267c0.0,-2.56,1.707,-4.267,4.267,-4.267c81.92,0.0,149.333,-67.413,149.333,-149.333c0.0,-2.56,1.707,-4.267,4.267,-4.267c2.56,0.0,4.267,1.707,4.267,4.267C181.904,368.475,111.077,439.302,24.037,439.302zM442.171,345.435c-34.987,0.0,-64.0,-29.013,-64.0,-64.0V136.369C378.171,68.102,322.704,12.635,254.437,12.635S130.704,68.102,130.704,136.369v145.067c0.0,34.987,-29.013,64.0,-64.0,64.0s-64.0,-29.013,-64.0,-64.0c0.0,-2.56,1.707,-4.267,4.267,-4.267s4.267,1.707,4.267,4.267C11.237,312.155,35.984,336.902,66.704,336.902s55.467,-24.747,55.467,-55.467V136.369C122.171,63.835,181.904,4.102,254.437,4.102S386.704,63.835,386.704,136.369v145.067c0.0,30.72,24.747,55.467,55.467,55.467s55.467,-24.747,55.467,-55.467c0.0,-2.56,1.707,-4.267,4.267,-4.267c2.56,0.0,4.267,1.707,4.267,4.267C506.171,316.422,477.157,345.435,442.171,345.435zM305.637,200.369c-6.827,0.0,-12.8,-5.973,-12.8,-12.8s5.973,-12.8,12.8,-12.8s12.8,5.973,12.8,12.8S312.464,200.369,305.637,200.369zM305.637,183.302c-2.56,0.0,-4.267,1.707,-4.267,4.267s1.707,4.267,4.267,4.267s4.267,-1.707,4.267,-4.267S308.197,183.302,305.637,183.302zM203.237,200.369c-6.827,0.0,-12.8,-5.973,-12.8,-12.8s5.973,-12.8,12.8,-12.8s12.8,5.973,12.8,12.8S210.064,200.369,203.237,200.369zM203.237,183.302c-2.56,0.0,-4.267,1.707,-4.267,4.267s1.707,4.267,4.267,4.267s4.267,-1.707,4.267,-4.267S205.797,183.302,203.237,183.302z"" style=""fill:#51565F;"">
 </path>
</svg>


Question: What shape is the head of the object?",Square,Triangle,Circle,Oval,D,animal
30,"Examine the following SVG code carefully and answer the question based on your interpretation of the rendered image.

<svg id=""Layer_1"" style=""enable-background:new 0 0 503.467 503.467;"" version=""1.1"" viewbox=""0 0 503.467 503.467"" x=""0px"" xml:space=""preserve"" y=""0px"">
 <g transform=""translate(15 1)"">
  <path d=""M290.637,178.035c5.12,0.0,8.533,4.267,8.533,8.533S295.757,195.102,290.637,195.102s-8.533,-4.267,-8.533,-8.533S285.517,178.035,290.637,178.035"" style=""fill:#FFF8CF;"">
  </path>
  <path d=""M196.771,186.569c0.0,-4.267,-4.267,-8.533,-8.533,-8.533c-4.267,0.0,-8.533,4.267,-8.533,8.533s4.267,8.533,8.533,8.533C192.504,195.102,196.771,190.835,196.771,186.569M299.171,186.569c0.0,-4.267,-3.413,-8.533,-8.533,-8.533s-8.533,4.267,-8.533,8.533s3.413,8.533,8.533,8.533S299.171,190.835,299.171,186.569M212.131,329.929c-21.333,-2.56,-39.253,-8.533,-53.76,-15.36c-31.573,-14.507,-47.787,-34.133,-47.787,-34.133V135.369c0.0,-70.827,57.173,-128.0,128.0,-128.0s128.0,57.173,128.0,128.0v145.067c0.0,0.0,-16.213,18.773,-47.787,34.133c-14.507,6.827,-32.427,12.8,-53.76,15.36c-8.533,0.853,-17.92,1.707,-27.307,1.707S220.664,330.782,212.131,329.929"" style=""fill:#ECF4F7;"">
  </path>
  <path d=""M188.237,178.035c4.267,0.0,8.533,4.267,8.533,8.533S192.504,195.102,188.237,195.102c-4.267,0.0,-8.533,-4.267,-8.533,-8.533S183.971,178.035,188.237,178.035"" style=""fill:#FFF8CF;"">
  </path>
 </g>
 <path d=""M314.171,507.569c-1.707,0.0,-3.413,-0.853,-4.267,-2.56c0.0,-0.853,-34.133,-87.893,-34.133,-223.573c0.0,-2.56,1.707,-4.267,4.267,-4.267s4.267,1.707,4.267,4.267c0.0,133.973,33.28,219.307,34.133,220.16c0.853,2.56,0.0,4.267,-2.56,5.12C315.024,507.569,315.024,507.569,314.171,507.569zM194.704,507.569c-0.853,0.0,-0.853,0.0,-1.707,0.0c-2.56,-0.853,-3.413,-3.413,-2.56,-5.12c0.0,-0.853,34.133,-86.187,34.133,-220.16c0.0,-2.56,1.707,-4.267,4.267,-4.267s4.267,1.707,4.267,4.267c0.0,135.68,-34.133,222.72,-34.133,223.573C198.117,506.715,196.411,507.569,194.704,507.569zM484.837,439.302c-87.04,0.0,-157.867,-70.827,-157.867,-157.867c0.0,-2.56,1.707,-4.267,4.267,-4.267s4.267,1.707,4.267,4.267c0.0,81.92,67.413,149.333,149.333,149.333c2.56,0.0,4.267,1.707,4.267,4.267C489.104,437.595,487.397,439.302,484.837,439.302zM24.037,439.302c-2.56,0.0,-4.267,-1.707,-4.267,-4.267c0.0,-2.56,1.707,-4.267,4.267,-4.267c81.92,0.0,149.333,-67.413,149.333,-149.333c0.0,-2.56,1.707,-4.267,4.267,-4.267c2.56,0.0,4.267,1.707,4.267,4.267C181.904,368.475,111.077,439.302,24.037,439.302zM442.171,345.435c-34.987,0.0,-64.0,-29.013,-64.0,-64.0V136.369C378.171,68.102,322.704,12.635,254.437,12.635S130.704,68.102,130.704,136.369v145.067c0.0,34.987,-29.013,64.0,-64.0,64.0s-64.0,-29.013,-64.0,-64.0c0.0,-2.56,1.707,-4.267,4.267,-4.267s4.267,1.707,4.267,4.267C11.237,312.155,35.984,336.902,66.704,336.902s55.467,-24.747,55.467,-55.467V136.369C122.171,63.835,181.904,4.102,254.437,4.102S386.704,63.835,386.704,136.369v145.067c0.0,30.72,24.747,55.467,55.467,55.467s55.467,-24.747,55.467,-55.467c0.0,-2.56,1.707,-4.267,4.267,-4.267c2.56,0.0,4.267,1.707,4.267,4.267C506.171,316.422,477.157,345.435,442.171,345.435zM305.637,200.369c-6.827,0.0,-12.8,-5.973,-12.8,-12.8s5.973,-12.8,12.8,-12.8s12.8,5.973,12.8,12.8S312.464,200.369,305.637,200.369zM305.637,183.302c-2.56,0.0,-4.267,1.707,-4.267,4.267s1.707,4.267,4.267,4.267s4.267,-1.707,4.267,-4.267S308.197,183.302,305.637,183.302zM203.237,200.369c-6.827,0.0,-12.8,-5.973,-12.8,-12.8s5.973,-12.8,12.8,-12.8s12.8,5.973,12.8,12.8S210.064,200.369,203.237,200.369zM203.237,183.302c-2.56,0.0,-4.267,1.707,-4.267,4.267s1.707,4.267,4.267,4.267s4.267,-1.707,4.267,-4.267S205.797,183.302,203.237,183.302z"" style=""fill:#51565F;"">
 </path>
</svg>


Question: How many tentacles does the object have?",Four,Five,Six,Eight,C,animal
31,"Examine the following SVG code carefully and answer the question based on your interpretation of the rendered image.

<svg id=""Layer_1"" style=""enable-background:new 0 0 503.467 503.467;"" version=""1.1"" viewbox=""0 0 503.467 503.467"" x=""0px"" xml:space=""preserve"" y=""0px"">
 <g transform=""translate(15 1)"">
  <path d=""M290.637,178.035c5.12,0.0,8.533,4.267,8.533,8.533S295.757,195.102,290.637,195.102s-8.533,-4.267,-8.533,-8.533S285.517,178.035,290.637,178.035"" style=""fill:#FFF8CF;"">
  </path>
  <path d=""M196.771,186.569c0.0,-4.267,-4.267,-8.533,-8.533,-8.533c-4.267,0.0,-8.533,4.267,-8.533,8.533s4.267,8.533,8.533,8.533C192.504,195.102,196.771,190.835,196.771,186.569M299.171,186.569c0.0,-4.267,-3.413,-8.533,-8.533,-8.533s-8.533,4.267,-8.533,8.533s3.413,8.533,8.533,8.533S299.171,190.835,299.171,186.569M212.131,329.929c-21.333,-2.56,-39.253,-8.533,-53.76,-15.36c-31.573,-14.507,-47.787,-34.133,-47.787,-34.133V135.369c0.0,-70.827,57.173,-128.0,128.0,-128.0s128.0,57.173,128.0,128.0v145.067c0.0,0.0,-16.213,18.773,-47.787,34.133c-14.507,6.827,-32.427,12.8,-53.76,15.36c-8.533,0.853,-17.92,1.707,-27.307,1.707S220.664,330.782,212.131,329.929"" style=""fill:#ECF4F7;"">
  </path>
  <path d=""M188.237,178.035c4.267,0.0,8.533,4.267,8.533,8.533S192.504,195.102,188.237,195.102c-4.267,0.0,-8.533,-4.267,-8.533,-8.533S183.971,178.035,188.237,178.035"" style=""fill:#FFF8CF;"">
  </path>
 </g>
 <path d=""M314.171,507.569c-1.707,0.0,-3.413,-0.853,-4.267,-2.56c0.0,-0.853,-34.133,-87.893,-34.133,-223.573c0.0,-2.56,1.707,-4.267,4.267,-4.267s4.267,1.707,4.267,4.267c0.0,133.973,33.28,219.307,34.133,220.16c0.853,2.56,0.0,4.267,-2.56,5.12C315.024,507.569,315.024,507.569,314.171,507.569zM194.704,507.569c-0.853,0.0,-0.853,0.0,-1.707,0.0c-2.56,-0.853,-3.413,-3.413,-2.56,-5.12c0.0,-0.853,34.133,-86.187,34.133,-220.16c0.0,-2.56,1.707,-4.267,4.267,-4.267s4.267,1.707,4.267,4.267c0.0,135.68,-34.133,222.72,-34.133,223.573C198.117,506.715,196.411,507.569,194.704,507.569zM484.837,439.302c-87.04,0.0,-157.867,-70.827,-157.867,-157.867c0.0,-2.56,1.707,-4.267,4.267,-4.267s4.267,1.707,4.267,4.267c0.0,81.92,67.413,149.333,149.333,149.333c2.56,0.0,4.267,1.707,4.267,4.267C489.104,437.595,487.397,439.302,484.837,439.302zM24.037,439.302c-2.56,0.0,-4.267,-1.707,-4.267,-4.267c0.0,-2.56,1.707,-4.267,4.267,-4.267c81.92,0.0,149.333,-67.413,149.333,-149.333c0.0,-2.56,1.707,-4.267,4.267,-4.267c2.56,0.0,4.267,1.707,4.267,4.267C181.904,368.475,111.077,439.302,24.037,439.302zM442.171,345.435c-34.987,0.0,-64.0,-29.013,-64.0,-64.0V136.369C378.171,68.102,322.704,12.635,254.437,12.635S130.704,68.102,130.704,136.369v145.067c0.0,34.987,-29.013,64.0,-64.0,64.0s-64.0,-29.013,-64.0,-64.0c0.0,-2.56,1.707,-4.267,4.267,-4.267s4.267,1.707,4.267,4.267C11.237,312.155,35.984,336.902,66.704,336.902s55.467,-24.747,55.467,-55.467V136.369C122.171,63.835,181.904,4.102,254.437,4.102S386.704,63.835,386.704,136.369v145.067c0.0,30.72,24.747,55.467,55.467,55.467s55.467,-24.747,55.467,-55.467c0.0,-2.56,1.707,-4.267,4.267,-4.267c2.56,0.0,4.267,1.707,4.267,4.267C506.171,316.422,477.157,345.435,442.171,345.435zM305.637,200.369c-6.827,0.0,-12.8,-5.973,-12.8,-12.8s5.973,-12.8,12.8,-12.8s12.8,5.973,12.8,12.8S312.464,200.369,305.637,200.369zM305.637,183.302c-2.56,0.0,-4.267,1.707,-4.267,4.267s1.707,4.267,4.267,4.267s4.267,-1.707,4.267,-4.267S308.197,183.302,305.637,183.302zM203.237,200.369c-6.827,0.0,-12.8,-5.973,-12.8,-12.8s5.973,-12.8,12.8,-12.8s12.8,5.973,12.8,12.8S210.064,200.369,203.237,200.369zM203.237,183.302c-2.56,0.0,-4.267,1.707,-4.267,4.267s1.707,4.267,4.267,4.267s4.267,-1.707,4.267,-4.267S205.797,183.302,203.237,183.302z"" style=""fill:#51565F;"">
 </path>
</svg>


Question: What type of creature is represented by the object?",Fish,Octopus,Crab,Starfish,B,animal
32,"Examine the following SVG code carefully and answer the question based on your interpretation of the rendered image.

<svg id=""Layer_1"" style=""enable-background:new 0 0 512 512;"" version=""1.1"" viewbox=""0 0 512 512"" x=""0px"" xml:space=""preserve"" y=""0px"">
 <path d=""M173.594,283.974c-0.839,1.28,-20.949,31.324,-54.592,31.324c-32.364,0.0,-43.457,-21.393,-54.185,-42.082c-1.2,-2.313,-2.442,-4.709,-3.76,-7.175c-7.986,-14.95,-17.745,-24.518,-27.185,-33.769C19.474,218.155,4.584,203.562,4.584,175.668c0.0,-46.872,40.96,-85.006,91.307,-85.006c49.7,0.0,69.487,25.694,71.58,28.624L173.594,283.974z"" style=""fill:#87868A;"">
 </path>
 <path d=""M141.964,137.508c0.0,0.0,0.065,0.1,0.206,0.28c-0.507,-0.644,-12.805,-15.777,-46.279,-15.777c-16.496,0.0,-31.845,5.901,-43.222,16.615c-10.637,10.017,-16.738,23.52,-16.738,37.043c0.0,14.128,6.096,20.699,19.884,34.214c10.085,9.887,22.638,22.189,32.892,41.387c1.379,2.583,2.68,5.092,3.937,7.513c10.912,21.043,14.117,25.166,26.359,25.166c16.375,0.0,28.274,-17.007,28.387,-17.178L141.964,137.508z"" style=""fill:#D37B93;"">
 </path>
 <path d=""M347.574,283.974c0.839,1.28,20.949,31.324,54.592,31.324c32.364,0.0,43.457,-21.393,54.185,-42.082c1.2,-2.313,2.442,-4.709,3.76,-7.175c7.986,-14.95,17.745,-24.518,27.185,-33.769C501.694,218.157,516.584,203.563,516.584,175.671c0.0,-46.872,-40.96,-85.006,-91.307,-85.006c-49.7,0.0,-69.487,25.694,-71.58,28.624L347.574,283.974z"" style=""fill:#646467;"">
 </path>
 <path d=""M379.204,137.508c0.0,0.0,-0.065,0.1,-0.206,0.28c0.507,-0.644,12.805,-15.777,46.279,-15.777c16.496,0.0,31.845,5.901,43.222,16.615c10.637,10.017,16.738,23.52,16.738,37.043c0.0,14.128,-6.096,20.699,-19.884,34.214c-10.085,9.887,-22.638,22.189,-32.892,41.387c-1.379,2.583,-2.68,5.092,-3.937,7.513c-10.912,21.043,-14.117,25.166,-26.359,25.166c-16.375,0.0,-28.274,-17.007,-28.387,-17.178L379.204,137.508z"" style=""fill:#9D5B6E;"">
 </path>
 <path d=""M218.483,445.957h-69.718v-86.904h15.673c20.455,0.0,33.814,-1.558,40.843,-4.765c3.318,-1.513,4.478,-2.496,4.478,-7.572c0.0,-13.544,-26.374,-33.964,-42.132,-46.165c-3.986,-3.087,-7.752,-6.002,-11.147,-8.776c-22.107,-18.066,-42.563,-40.944,-42.563,-85.618c0.0,-50.817,17.999,-88.041,53.497,-110.641C191.594,80.124,222.94,72.319,260.584,72.319s68.99,7.805,93.169,23.198c35.498,22.6,53.497,59.825,53.497,110.641c0.0,37.228,-15.579,67.975,-43.87,86.578c-40.798,26.83,-49.596,57.471,-57.359,84.507C296.323,411.025,286.294,445.957,218.483,445.957z"" style=""fill:#87868A;"">
 </path>
 <path d=""M260.584,72.319c37.644,0.0,68.99,7.805,93.169,23.198c35.498,22.6,53.497,59.825,53.497,110.641c0.0,37.228,-15.579,67.975,-43.87,86.578c-40.798,26.83,-49.596,57.471,-57.359,84.507c-7.184,25.021,-14.548,50.672,-45.436,62.295C260.585,360.567,260.584,152.121,260.584,72.319z"" style=""fill:#646467;"">
 </path>
 <g>
  <path d=""M236.722,200.406c0.0,-10.032,-8.034,-18.165,-17.927,-18.165c-9.905,0.0,-17.94,8.132,-17.94,18.165c0.0,10.032,8.034,18.165,17.94,18.165C228.687,218.571,236.722,210.438,236.722,200.406z"" style=""fill:#333333;"">
  </path>
  <path d=""M320.313,200.406c0.0,-10.032,-8.034,-18.165,-17.927,-18.165c-9.905,0.0,-17.94,8.132,-17.94,18.165c0.0,10.032,8.034,18.165,17.94,18.165C312.279,218.571,320.313,210.438,320.313,200.406z"" style=""fill:#333333;"">
  </path>
 </g>
</svg>


Question: What color are the ears of the object?",Blue,Green,Pink,Yellow,C,animal
33,"Examine the following SVG code carefully and answer the question based on your interpretation of the rendered image.

<svg id=""Layer_1"" style=""enable-background:new 0 0 512 512;"" version=""1.1"" viewbox=""0 0 512 512"" x=""0px"" xml:space=""preserve"" y=""0px"">
 <path d=""M173.594,283.974c-0.839,1.28,-20.949,31.324,-54.592,31.324c-32.364,0.0,-43.457,-21.393,-54.185,-42.082c-1.2,-2.313,-2.442,-4.709,-3.76,-7.175c-7.986,-14.95,-17.745,-24.518,-27.185,-33.769C19.474,218.155,4.584,203.562,4.584,175.668c0.0,-46.872,40.96,-85.006,91.307,-85.006c49.7,0.0,69.487,25.694,71.58,28.624L173.594,283.974z"" style=""fill:#87868A;"">
 </path>
 <path d=""M141.964,137.508c0.0,0.0,0.065,0.1,0.206,0.28c-0.507,-0.644,-12.805,-15.777,-46.279,-15.777c-16.496,0.0,-31.845,5.901,-43.222,16.615c-10.637,10.017,-16.738,23.52,-16.738,37.043c0.0,14.128,6.096,20.699,19.884,34.214c10.085,9.887,22.638,22.189,32.892,41.387c1.379,2.583,2.68,5.092,3.937,7.513c10.912,21.043,14.117,25.166,26.359,25.166c16.375,0.0,28.274,-17.007,28.387,-17.178L141.964,137.508z"" style=""fill:#D37B93;"">
 </path>
 <path d=""M347.574,283.974c0.839,1.28,20.949,31.324,54.592,31.324c32.364,0.0,43.457,-21.393,54.185,-42.082c1.2,-2.313,2.442,-4.709,3.76,-7.175c7.986,-14.95,17.745,-24.518,27.185,-33.769C501.694,218.157,516.584,203.563,516.584,175.671c0.0,-46.872,-40.96,-85.006,-91.307,-85.006c-49.7,0.0,-69.487,25.694,-71.58,28.624L347.574,283.974z"" style=""fill:#646467;"">
 </path>
 <path d=""M379.204,137.508c0.0,0.0,-0.065,0.1,-0.206,0.28c0.507,-0.644,12.805,-15.777,46.279,-15.777c16.496,0.0,31.845,5.901,43.222,16.615c10.637,10.017,16.738,23.52,16.738,37.043c0.0,14.128,-6.096,20.699,-19.884,34.214c-10.085,9.887,-22.638,22.189,-32.892,41.387c-1.379,2.583,-2.68,5.092,-3.937,7.513c-10.912,21.043,-14.117,25.166,-26.359,25.166c-16.375,0.0,-28.274,-17.007,-28.387,-17.178L379.204,137.508z"" style=""fill:#9D5B6E;"">
 </path>
 <path d=""M218.483,445.957h-69.718v-86.904h15.673c20.455,0.0,33.814,-1.558,40.843,-4.765c3.318,-1.513,4.478,-2.496,4.478,-7.572c0.0,-13.544,-26.374,-33.964,-42.132,-46.165c-3.986,-3.087,-7.752,-6.002,-11.147,-8.776c-22.107,-18.066,-42.563,-40.944,-42.563,-85.618c0.0,-50.817,17.999,-88.041,53.497,-110.641C191.594,80.124,222.94,72.319,260.584,72.319s68.99,7.805,93.169,23.198c35.498,22.6,53.497,59.825,53.497,110.641c0.0,37.228,-15.579,67.975,-43.87,86.578c-40.798,26.83,-49.596,57.471,-57.359,84.507C296.323,411.025,286.294,445.957,218.483,445.957z"" style=""fill:#87868A;"">
 </path>
 <path d=""M260.584,72.319c37.644,0.0,68.99,7.805,93.169,23.198c35.498,22.6,53.497,59.825,53.497,110.641c0.0,37.228,-15.579,67.975,-43.87,86.578c-40.798,26.83,-49.596,57.471,-57.359,84.507c-7.184,25.021,-14.548,50.672,-45.436,62.295C260.585,360.567,260.584,152.121,260.584,72.319z"" style=""fill:#646467;"">
 </path>
 <g>
  <path d=""M236.722,200.406c0.0,-10.032,-8.034,-18.165,-17.927,-18.165c-9.905,0.0,-17.94,8.132,-17.94,18.165c0.0,10.032,8.034,18.165,17.94,18.165C228.687,218.571,236.722,210.438,236.722,200.406z"" style=""fill:#333333;"">
  </path>
  <path d=""M320.313,200.406c0.0,-10.032,-8.034,-18.165,-17.927,-18.165c-9.905,0.0,-17.94,8.132,-17.94,18.165c0.0,10.032,8.034,18.165,17.94,18.165C312.279,218.571,320.313,210.438,320.313,200.406z"" style=""fill:#333333;"">
  </path>
 </g>
</svg>


Question: How many eyes does the object have?",One,Two,Three,Four,B,animal
34,"Examine the following SVG code carefully and answer the question based on your interpretation of the rendered image.

<svg id=""Layer_1"" style=""enable-background:new 0 0 512 512;"" version=""1.1"" viewbox=""0 0 512 512"" x=""0px"" xml:space=""preserve"" y=""0px"">
 <path d=""M173.594,283.974c-0.839,1.28,-20.949,31.324,-54.592,31.324c-32.364,0.0,-43.457,-21.393,-54.185,-42.082c-1.2,-2.313,-2.442,-4.709,-3.76,-7.175c-7.986,-14.95,-17.745,-24.518,-27.185,-33.769C19.474,218.155,4.584,203.562,4.584,175.668c0.0,-46.872,40.96,-85.006,91.307,-85.006c49.7,0.0,69.487,25.694,71.58,28.624L173.594,283.974z"" style=""fill:#87868A;"">
 </path>
 <path d=""M141.964,137.508c0.0,0.0,0.065,0.1,0.206,0.28c-0.507,-0.644,-12.805,-15.777,-46.279,-15.777c-16.496,0.0,-31.845,5.901,-43.222,16.615c-10.637,10.017,-16.738,23.52,-16.738,37.043c0.0,14.128,6.096,20.699,19.884,34.214c10.085,9.887,22.638,22.189,32.892,41.387c1.379,2.583,2.68,5.092,3.937,7.513c10.912,21.043,14.117,25.166,26.359,25.166c16.375,0.0,28.274,-17.007,28.387,-17.178L141.964,137.508z"" style=""fill:#D37B93;"">
 </path>
 <path d=""M347.574,283.974c0.839,1.28,20.949,31.324,54.592,31.324c32.364,0.0,43.457,-21.393,54.185,-42.082c1.2,-2.313,2.442,-4.709,3.76,-7.175c7.986,-14.95,17.745,-24.518,27.185,-33.769C501.694,218.157,516.584,203.563,516.584,175.671c0.0,-46.872,-40.96,-85.006,-91.307,-85.006c-49.7,0.0,-69.487,25.694,-71.58,28.624L347.574,283.974z"" style=""fill:#646467;"">
 </path>
 <path d=""M379.204,137.508c0.0,0.0,-0.065,0.1,-0.206,0.28c0.507,-0.644,12.805,-15.777,46.279,-15.777c16.496,0.0,31.845,5.901,43.222,16.615c10.637,10.017,16.738,23.52,16.738,37.043c0.0,14.128,-6.096,20.699,-19.884,34.214c-10.085,9.887,-22.638,22.189,-32.892,41.387c-1.379,2.583,-2.68,5.092,-3.937,7.513c-10.912,21.043,-14.117,25.166,-26.359,25.166c-16.375,0.0,-28.274,-17.007,-28.387,-17.178L379.204,137.508z"" style=""fill:#9D5B6E;"">
 </path>
 <path d=""M218.483,445.957h-69.718v-86.904h15.673c20.455,0.0,33.814,-1.558,40.843,-4.765c3.318,-1.513,4.478,-2.496,4.478,-7.572c0.0,-13.544,-26.374,-33.964,-42.132,-46.165c-3.986,-3.087,-7.752,-6.002,-11.147,-8.776c-22.107,-18.066,-42.563,-40.944,-42.563,-85.618c0.0,-50.817,17.999,-88.041,53.497,-110.641C191.594,80.124,222.94,72.319,260.584,72.319s68.99,7.805,93.169,23.198c35.498,22.6,53.497,59.825,53.497,110.641c0.0,37.228,-15.579,67.975,-43.87,86.578c-40.798,26.83,-49.596,57.471,-57.359,84.507C296.323,411.025,286.294,445.957,218.483,445.957z"" style=""fill:#87868A;"">
 </path>
 <path d=""M260.584,72.319c37.644,0.0,68.99,7.805,93.169,23.198c35.498,22.6,53.497,59.825,53.497,110.641c0.0,37.228,-15.579,67.975,-43.87,86.578c-40.798,26.83,-49.596,57.471,-57.359,84.507c-7.184,25.021,-14.548,50.672,-45.436,62.295C260.585,360.567,260.584,152.121,260.584,72.319z"" style=""fill:#646467;"">
 </path>
 <g>
  <path d=""M236.722,200.406c0.0,-10.032,-8.034,-18.165,-17.927,-18.165c-9.905,0.0,-17.94,8.132,-17.94,18.165c0.0,10.032,8.034,18.165,17.94,18.165C228.687,218.571,236.722,210.438,236.722,200.406z"" style=""fill:#333333;"">
  </path>
  <path d=""M320.313,200.406c0.0,-10.032,-8.034,-18.165,-17.927,-18.165c-9.905,0.0,-17.94,8.132,-17.94,18.165c0.0,10.032,8.034,18.165,17.94,18.165C312.279,218.571,320.313,210.438,320.313,200.406z"" style=""fill:#333333;"">
  </path>
 </g>
</svg>


Question: What shape is the trunk of the object?",Circular,Square,Triangular,Rectangular,D,animal
35,"Examine the following SVG code carefully and answer the question based on your interpretation of the rendered image.

<svg id=""Layer_1"" style=""enable-background:new 0 0 512 512;"" version=""1.1"" viewbox=""0 0 512 512"" x=""0px"" xml:space=""preserve"" y=""0px"">
 <path d=""M173.594,283.974c-0.839,1.28,-20.949,31.324,-54.592,31.324c-32.364,0.0,-43.457,-21.393,-54.185,-42.082c-1.2,-2.313,-2.442,-4.709,-3.76,-7.175c-7.986,-14.95,-17.745,-24.518,-27.185,-33.769C19.474,218.155,4.584,203.562,4.584,175.668c0.0,-46.872,40.96,-85.006,91.307,-85.006c49.7,0.0,69.487,25.694,71.58,28.624L173.594,283.974z"" style=""fill:#87868A;"">
 </path>
 <path d=""M141.964,137.508c0.0,0.0,0.065,0.1,0.206,0.28c-0.507,-0.644,-12.805,-15.777,-46.279,-15.777c-16.496,0.0,-31.845,5.901,-43.222,16.615c-10.637,10.017,-16.738,23.52,-16.738,37.043c0.0,14.128,6.096,20.699,19.884,34.214c10.085,9.887,22.638,22.189,32.892,41.387c1.379,2.583,2.68,5.092,3.937,7.513c10.912,21.043,14.117,25.166,26.359,25.166c16.375,0.0,28.274,-17.007,28.387,-17.178L141.964,137.508z"" style=""fill:#D37B93;"">
 </path>
 <path d=""M347.574,283.974c0.839,1.28,20.949,31.324,54.592,31.324c32.364,0.0,43.457,-21.393,54.185,-42.082c1.2,-2.313,2.442,-4.709,3.76,-7.175c7.986,-14.95,17.745,-24.518,27.185,-33.769C501.694,218.157,516.584,203.563,516.584,175.671c0.0,-46.872,-40.96,-85.006,-91.307,-85.006c-49.7,0.0,-69.487,25.694,-71.58,28.624L347.574,283.974z"" style=""fill:#646467;"">
 </path>
 <path d=""M379.204,137.508c0.0,0.0,-0.065,0.1,-0.206,0.28c0.507,-0.644,12.805,-15.777,46.279,-15.777c16.496,0.0,31.845,5.901,43.222,16.615c10.637,10.017,16.738,23.52,16.738,37.043c0.0,14.128,-6.096,20.699,-19.884,34.214c-10.085,9.887,-22.638,22.189,-32.892,41.387c-1.379,2.583,-2.68,5.092,-3.937,7.513c-10.912,21.043,-14.117,25.166,-26.359,25.166c-16.375,0.0,-28.274,-17.007,-28.387,-17.178L379.204,137.508z"" style=""fill:#9D5B6E;"">
 </path>
 <path d=""M218.483,445.957h-69.718v-86.904h15.673c20.455,0.0,33.814,-1.558,40.843,-4.765c3.318,-1.513,4.478,-2.496,4.478,-7.572c0.0,-13.544,-26.374,-33.964,-42.132,-46.165c-3.986,-3.087,-7.752,-6.002,-11.147,-8.776c-22.107,-18.066,-42.563,-40.944,-42.563,-85.618c0.0,-50.817,17.999,-88.041,53.497,-110.641C191.594,80.124,222.94,72.319,260.584,72.319s68.99,7.805,93.169,23.198c35.498,22.6,53.497,59.825,53.497,110.641c0.0,37.228,-15.579,67.975,-43.87,86.578c-40.798,26.83,-49.596,57.471,-57.359,84.507C296.323,411.025,286.294,445.957,218.483,445.957z"" style=""fill:#87868A;"">
 </path>
 <path d=""M260.584,72.319c37.644,0.0,68.99,7.805,93.169,23.198c35.498,22.6,53.497,59.825,53.497,110.641c0.0,37.228,-15.579,67.975,-43.87,86.578c-40.798,26.83,-49.596,57.471,-57.359,84.507c-7.184,25.021,-14.548,50.672,-45.436,62.295C260.585,360.567,260.584,152.121,260.584,72.319z"" style=""fill:#646467;"">
 </path>
 <g>
  <path d=""M236.722,200.406c0.0,-10.032,-8.034,-18.165,-17.927,-18.165c-9.905,0.0,-17.94,8.132,-17.94,18.165c0.0,10.032,8.034,18.165,17.94,18.165C228.687,218.571,236.722,210.438,236.722,200.406z"" style=""fill:#333333;"">
  </path>
  <path d=""M320.313,200.406c0.0,-10.032,-8.034,-18.165,-17.927,-18.165c-9.905,0.0,-17.94,8.132,-17.94,18.165c0.0,10.032,8.034,18.165,17.94,18.165C312.279,218.571,320.313,210.438,320.313,200.406z"" style=""fill:#333333;"">
  </path>
 </g>
</svg>


Question: What animal does the object represent?",Lion,Elephant,Dog,Cat,B,animal
40,"Examine the following SVG code carefully and answer the question based on your interpretation of the rendered image.

<svg id=""Capa_1"" style=""enable-background:new 0 0 41.093 41.093;"" version=""1.1"" viewbox=""0 0 41.093 41.093"" x=""0px"" xml:space=""preserve"" y=""0px"">
 <g>
  <path d=""M32.175,27.4c-0.701,-1.586,-2.285,-2.699,-4.128,-2.699c-1.536,0.0,-2.892,0.775,-3.708,1.95c-2.992,-1.252,-6.331,-3.519,-8.852,-7.622c1.051,-0.827,1.739,-2.096,1.739,-3.534c0.0,-2.432,-1.936,-4.408,-4.347,-4.499C15.19,9.134,26.584,0.265,33.959,0.265c1.679,0.0,3.148,0.459,4.255,1.566C43.98,7.596,34.5,23.675,32.175,27.4zM23.701,28.054c-0.334,-0.335,-0.737,-0.632,-1.196,-0.865c-2.392,-1.215,-5.42,-3.275,-7.485,-6.543c-0.222,-0.352,-0.474,-0.666,-0.746,-0.932c-0.49,0.182,-1.013,0.296,-1.565,0.296c-0.799,0.0,-1.539,-0.226,-2.191,-0.592c-0.072,0.066,-0.143,0.133,-0.213,0.209c-1.51,1.67,-3.114,4.112,-3.599,7.269c-0.396,2.279,-2.972,5.053,-4.558,5.053c-1.585,0.0,4.954,4.359,7.332,-6.935c0.793,-2.873,4.558,-2.938,2.972,-0.131c-1.583,2.807,-5.447,9.247,-9.806,11.426c-4.359,2.18,7.53,-2.279,11.79,-9.66c0.793,-1.734,2.477,0.352,1.288,1.538c-1.189,1.187,-6.478,5.565,-6.806,8.676s0.861,-3.13,9.778,-7.49c1.585,-0.793,2.774,1.387,0.594,2.576s-9.367,5.548,-8.201,9.115c0.572,1.585,1.76,-3.666,7.408,-5.548c2.45,-0.817,4.233,-2.211,5.467,-3.529c0.107,-0.115,0.199,-0.232,0.282,-0.352c-0.448,-0.701,-0.716,-1.527,-0.716,-2.419C23.53,28.812,23.601,28.427,23.701,28.054zM12.711,18.011c0.344,0.0,0.671,-0.07,0.969,-0.194c0.156,-0.065,0.304,-0.145,0.442,-0.239c0.142,-0.096,0.272,-0.209,0.391,-0.331c0.44,-0.453,0.714,-1.07,0.714,-1.751c0.0,-1.331,-1.036,-2.409,-2.344,-2.499c-0.058,-0.004,-0.113,-0.017,-0.172,-0.017c-0.118,0.0,-0.232,0.019,-0.346,0.035c-0.169,0.023,-0.331,0.062,-0.488,0.117c-0.978,0.345,-1.683,1.268,-1.683,2.364C10.195,16.884,11.321,18.011,12.711,18.011zM30.491,28.643c-0.042,-0.18,-0.106,-0.351,-0.184,-0.513c-0.406,-0.843,-1.261,-1.429,-2.26,-1.429c-0.656,0.0,-1.248,0.257,-1.696,0.668c-0.132,0.121,-0.252,0.253,-0.356,0.399c-0.098,0.139,-0.184,0.287,-0.253,0.444c-0.134,0.308,-0.211,0.647,-0.211,1.004c0.0,1.39,1.126,2.516,2.516,2.516c1.39,0.001,2.516,-1.125,2.516,-2.515c0.0,-0.023,-0.006,-0.045,-0.007,-0.068C30.551,28.975,30.529,28.807,30.491,28.643z"" style=""fill:#030104;"">
  </path>
 </g>
</svg>


Question: What shape is the main body of the object?",Circular,Triangular,Oval,Square,C,animal
41,"Examine the following SVG code carefully and answer the question based on your interpretation of the rendered image.

<svg id=""Capa_1"" style=""enable-background:new 0 0 41.093 41.093;"" version=""1.1"" viewbox=""0 0 41.093 41.093"" x=""0px"" xml:space=""preserve"" y=""0px"">
 <g>
  <path d=""M32.175,27.4c-0.701,-1.586,-2.285,-2.699,-4.128,-2.699c-1.536,0.0,-2.892,0.775,-3.708,1.95c-2.992,-1.252,-6.331,-3.519,-8.852,-7.622c1.051,-0.827,1.739,-2.096,1.739,-3.534c0.0,-2.432,-1.936,-4.408,-4.347,-4.499C15.19,9.134,26.584,0.265,33.959,0.265c1.679,0.0,3.148,0.459,4.255,1.566C43.98,7.596,34.5,23.675,32.175,27.4zM23.701,28.054c-0.334,-0.335,-0.737,-0.632,-1.196,-0.865c-2.392,-1.215,-5.42,-3.275,-7.485,-6.543c-0.222,-0.352,-0.474,-0.666,-0.746,-0.932c-0.49,0.182,-1.013,0.296,-1.565,0.296c-0.799,0.0,-1.539,-0.226,-2.191,-0.592c-0.072,0.066,-0.143,0.133,-0.213,0.209c-1.51,1.67,-3.114,4.112,-3.599,7.269c-0.396,2.279,-2.972,5.053,-4.558,5.053c-1.585,0.0,4.954,4.359,7.332,-6.935c0.793,-2.873,4.558,-2.938,2.972,-0.131c-1.583,2.807,-5.447,9.247,-9.806,11.426c-4.359,2.18,7.53,-2.279,11.79,-9.66c0.793,-1.734,2.477,0.352,1.288,1.538c-1.189,1.187,-6.478,5.565,-6.806,8.676s0.861,-3.13,9.778,-7.49c1.585,-0.793,2.774,1.387,0.594,2.576s-9.367,5.548,-8.201,9.115c0.572,1.585,1.76,-3.666,7.408,-5.548c2.45,-0.817,4.233,-2.211,5.467,-3.529c0.107,-0.115,0.199,-0.232,0.282,-0.352c-0.448,-0.701,-0.716,-1.527,-0.716,-2.419C23.53,28.812,23.601,28.427,23.701,28.054zM12.711,18.011c0.344,0.0,0.671,-0.07,0.969,-0.194c0.156,-0.065,0.304,-0.145,0.442,-0.239c0.142,-0.096,0.272,-0.209,0.391,-0.331c0.44,-0.453,0.714,-1.07,0.714,-1.751c0.0,-1.331,-1.036,-2.409,-2.344,-2.499c-0.058,-0.004,-0.113,-0.017,-0.172,-0.017c-0.118,0.0,-0.232,0.019,-0.346,0.035c-0.169,0.023,-0.331,0.062,-0.488,0.117c-0.978,0.345,-1.683,1.268,-1.683,2.364C10.195,16.884,11.321,18.011,12.711,18.011zM30.491,28.643c-0.042,-0.18,-0.106,-0.351,-0.184,-0.513c-0.406,-0.843,-1.261,-1.429,-2.26,-1.429c-0.656,0.0,-1.248,0.257,-1.696,0.668c-0.132,0.121,-0.252,0.253,-0.356,0.399c-0.098,0.139,-0.184,0.287,-0.253,0.444c-0.134,0.308,-0.211,0.647,-0.211,1.004c0.0,1.39,1.126,2.516,2.516,2.516c1.39,0.001,2.516,-1.125,2.516,-2.515c0.0,-0.023,-0.006,-0.045,-0.007,-0.068C30.551,28.975,30.529,28.807,30.491,28.643z"" style=""fill:#030104;"">
  </path>
 </g>
</svg>


Question: How many tentacle-like appendages does the object have?",Two,Four,Six,Eight,B,animal
42,"Examine the following SVG code carefully and answer the question based on your interpretation of the rendered image.

<svg id=""Capa_1"" style=""enable-background:new 0 0 41.093 41.093;"" version=""1.1"" viewbox=""0 0 41.093 41.093"" x=""0px"" xml:space=""preserve"" y=""0px"">
 <g>
  <path d=""M32.175,27.4c-0.701,-1.586,-2.285,-2.699,-4.128,-2.699c-1.536,0.0,-2.892,0.775,-3.708,1.95c-2.992,-1.252,-6.331,-3.519,-8.852,-7.622c1.051,-0.827,1.739,-2.096,1.739,-3.534c0.0,-2.432,-1.936,-4.408,-4.347,-4.499C15.19,9.134,26.584,0.265,33.959,0.265c1.679,0.0,3.148,0.459,4.255,1.566C43.98,7.596,34.5,23.675,32.175,27.4zM23.701,28.054c-0.334,-0.335,-0.737,-0.632,-1.196,-0.865c-2.392,-1.215,-5.42,-3.275,-7.485,-6.543c-0.222,-0.352,-0.474,-0.666,-0.746,-0.932c-0.49,0.182,-1.013,0.296,-1.565,0.296c-0.799,0.0,-1.539,-0.226,-2.191,-0.592c-0.072,0.066,-0.143,0.133,-0.213,0.209c-1.51,1.67,-3.114,4.112,-3.599,7.269c-0.396,2.279,-2.972,5.053,-4.558,5.053c-1.585,0.0,4.954,4.359,7.332,-6.935c0.793,-2.873,4.558,-2.938,2.972,-0.131c-1.583,2.807,-5.447,9.247,-9.806,11.426c-4.359,2.18,7.53,-2.279,11.79,-9.66c0.793,-1.734,2.477,0.352,1.288,1.538c-1.189,1.187,-6.478,5.565,-6.806,8.676s0.861,-3.13,9.778,-7.49c1.585,-0.793,2.774,1.387,0.594,2.576s-9.367,5.548,-8.201,9.115c0.572,1.585,1.76,-3.666,7.408,-5.548c2.45,-0.817,4.233,-2.211,5.467,-3.529c0.107,-0.115,0.199,-0.232,0.282,-0.352c-0.448,-0.701,-0.716,-1.527,-0.716,-2.419C23.53,28.812,23.601,28.427,23.701,28.054zM12.711,18.011c0.344,0.0,0.671,-0.07,0.969,-0.194c0.156,-0.065,0.304,-0.145,0.442,-0.239c0.142,-0.096,0.272,-0.209,0.391,-0.331c0.44,-0.453,0.714,-1.07,0.714,-1.751c0.0,-1.331,-1.036,-2.409,-2.344,-2.499c-0.058,-0.004,-0.113,-0.017,-0.172,-0.017c-0.118,0.0,-0.232,0.019,-0.346,0.035c-0.169,0.023,-0.331,0.062,-0.488,0.117c-0.978,0.345,-1.683,1.268,-1.683,2.364C10.195,16.884,11.321,18.011,12.711,18.011zM30.491,28.643c-0.042,-0.18,-0.106,-0.351,-0.184,-0.513c-0.406,-0.843,-1.261,-1.429,-2.26,-1.429c-0.656,0.0,-1.248,0.257,-1.696,0.668c-0.132,0.121,-0.252,0.253,-0.356,0.399c-0.098,0.139,-0.184,0.287,-0.253,0.444c-0.134,0.308,-0.211,0.647,-0.211,1.004c0.0,1.39,1.126,2.516,2.516,2.516c1.39,0.001,2.516,-1.125,2.516,-2.515c0.0,-0.023,-0.006,-0.045,-0.007,-0.068C30.551,28.975,30.529,28.807,30.491,28.643z"" style=""fill:#030104;"">
  </path>
 </g>
</svg>


Question: What is the color of the object?",Red,Blue,Green,Black,D,animal
43,"Examine the following SVG code carefully and answer the question based on your interpretation of the rendered image.

<svg id=""Capa_1"" style=""enable-background:new 0 0 41.093 41.093;"" version=""1.1"" viewbox=""0 0 41.093 41.093"" x=""0px"" xml:space=""preserve"" y=""0px"">
 <g>
  <path d=""M32.175,27.4c-0.701,-1.586,-2.285,-2.699,-4.128,-2.699c-1.536,0.0,-2.892,0.775,-3.708,1.95c-2.992,-1.252,-6.331,-3.519,-8.852,-7.622c1.051,-0.827,1.739,-2.096,1.739,-3.534c0.0,-2.432,-1.936,-4.408,-4.347,-4.499C15.19,9.134,26.584,0.265,33.959,0.265c1.679,0.0,3.148,0.459,4.255,1.566C43.98,7.596,34.5,23.675,32.175,27.4zM23.701,28.054c-0.334,-0.335,-0.737,-0.632,-1.196,-0.865c-2.392,-1.215,-5.42,-3.275,-7.485,-6.543c-0.222,-0.352,-0.474,-0.666,-0.746,-0.932c-0.49,0.182,-1.013,0.296,-1.565,0.296c-0.799,0.0,-1.539,-0.226,-2.191,-0.592c-0.072,0.066,-0.143,0.133,-0.213,0.209c-1.51,1.67,-3.114,4.112,-3.599,7.269c-0.396,2.279,-2.972,5.053,-4.558,5.053c-1.585,0.0,4.954,4.359,7.332,-6.935c0.793,-2.873,4.558,-2.938,2.972,-0.131c-1.583,2.807,-5.447,9.247,-9.806,11.426c-4.359,2.18,7.53,-2.279,11.79,-9.66c0.793,-1.734,2.477,0.352,1.288,1.538c-1.189,1.187,-6.478,5.565,-6.806,8.676s0.861,-3.13,9.778,-7.49c1.585,-0.793,2.774,1.387,0.594,2.576s-9.367,5.548,-8.201,9.115c0.572,1.585,1.76,-3.666,7.408,-5.548c2.45,-0.817,4.233,-2.211,5.467,-3.529c0.107,-0.115,0.199,-0.232,0.282,-0.352c-0.448,-0.701,-0.716,-1.527,-0.716,-2.419C23.53,28.812,23.601,28.427,23.701,28.054zM12.711,18.011c0.344,0.0,0.671,-0.07,0.969,-0.194c0.156,-0.065,0.304,-0.145,0.442,-0.239c0.142,-0.096,0.272,-0.209,0.391,-0.331c0.44,-0.453,0.714,-1.07,0.714,-1.751c0.0,-1.331,-1.036,-2.409,-2.344,-2.499c-0.058,-0.004,-0.113,-0.017,-0.172,-0.017c-0.118,0.0,-0.232,0.019,-0.346,0.035c-0.169,0.023,-0.331,0.062,-0.488,0.117c-0.978,0.345,-1.683,1.268,-1.683,2.364C10.195,16.884,11.321,18.011,12.711,18.011zM30.491,28.643c-0.042,-0.18,-0.106,-0.351,-0.184,-0.513c-0.406,-0.843,-1.261,-1.429,-2.26,-1.429c-0.656,0.0,-1.248,0.257,-1.696,0.668c-0.132,0.121,-0.252,0.253,-0.356,0.399c-0.098,0.139,-0.184,0.287,-0.253,0.444c-0.134,0.308,-0.211,0.647,-0.211,1.004c0.0,1.39,1.126,2.516,2.516,2.516c1.39,0.001,2.516,-1.125,2.516,-2.515c0.0,-0.023,-0.006,-0.045,-0.007,-0.068C30.551,28.975,30.529,28.807,30.491,28.643z"" style=""fill:#030104;"">
  </path>
 </g>
</svg>


Question: What type of creature does the object resemble?",Squid,Bird,Fish,Mammal,A,animal
52,"Examine the following SVG code carefully and answer the question based on your interpretation of the rendered image.

<svg id=""Layer_1"" style=""enable-background:new 0 0 360 360;"" version=""1.1"" viewbox=""0 0 360 360"" x=""0px"" xml:space=""preserve"" y=""0px"">
 <g id=""XMLID_229_"">
  <g>
   <path d=""M341.872,185.078c0.0,13.785,-11.215,25.0,-25.0,25.0h-17.978c-3.467,-11.457,-9.85,-22.081,-18.529,-31.417c8.314,-6.404,14.751,-15.123,18.334,-25.191C338.523,145.642,361.872,110.363,361.872,75.077C361.872,35.078,331.872,25.078,331.872,25.078c0.0,30.0,-20.0,50.0,-20.0,50.0v-40.0c-50.0,10.0,-50.0,80.0,-50.0,100.0c0.0,8.271,-6.729,15.0,-15.0,15.0h-9.98c-6.539,-2.535,-13.43,-4.628,-20.601,-6.236c2.663,-6.915,4.7,-15.567,5.353,-26.322c6.1,-3.426,10.229,-9.947,10.229,-17.441c0.0,-11.045,-8.955,-20.0,-20.0,-20.0c-11.046,0.0,-20.0,8.955,-20.0,20.0c0.0,7.292,3.915,13.654,9.746,17.148c-0.758,10.686,-3.157,18.237,-5.798,23.46c-4.577,-0.397,-9.229,-0.608,-13.948,-0.608s-9.371,0.211,-13.948,0.608c-2.641,-5.223,-5.04,-12.774,-5.798,-23.46c5.831,-3.495,9.746,-9.856,9.746,-17.148c0.0,-11.045,-8.954,-20.0,-20.0,-20.0c-11.045,0.0,-20.0,8.955,-20.0,20.0c0.0,7.494,4.129,14.016,10.229,17.441c0.652,10.755,2.689,19.408,5.353,26.322c-7.171,1.608,-14.062,3.702,-20.601,6.236H116.872c-8.271,0.0,-15.0,-6.729,-15.0,-15.0c0.0,-20.0,0.0,-90.0,-50.0,-100.0v40.0c0.0,0.0,-20.0,-20.0,-20.0,-50.0c0.0,0.0,-30.0,10.0,-30.0,49.999c0.0,35.286,23.349,70.564,63.174,78.392c3.583,10.068,10.02,18.788,18.334,25.191c-8.68,9.335,-15.063,19.96,-18.529,31.417H46.872c-13.785,0.0,-25.0,-11.215,-25.0,-25.0v-25.0H1.872v25.0c0.0,24.813,20.187,45.0,45.0,45.0h15.0c0.0,6.874,1.032,13.567,2.979,20.0H46.872c-24.813,0.0,-45.0,20.187,-45.0,45.0v25.0h20.0v-25.0c0.0,-13.785,11.215,-25.0,25.0,-25.0h27.483c2.763,4.169,5.938,8.156,9.497,11.928C65.368,287.604,51.872,304.791,51.872,325.078v15.0h20.0v-15.0c0.0,-13.785,11.215,-25.0,25.0,-25.0h9.582c20.608,12.505,46.844,20.0,75.418,20.0c28.573,0.0,54.809,-7.495,75.418,-20.0H266.872c13.785,0.0,25.0,11.215,25.0,25.0v15.0h20.0v-15.0c0.0,-20.287,-13.496,-37.475,-31.98,-43.072c3.559,-3.771,6.734,-7.759,9.497,-11.928H316.872c13.785,0.0,25.0,11.215,25.0,25.0v25.0h20.0v-25.0c0.0,-24.813,-20.186,-45.0,-45.0,-45.0h-17.978c1.946,-6.433,2.978,-13.126,2.978,-20.0h15.0c24.814,0.0,45.0,-20.187,45.0,-45.0v-25.0h-20.0V185.078z"">
   </path>
  </g>
 </g>
</svg>


Question: How many claws does the object have?",1,2,3,4,B,animal
53,"Examine the following SVG code carefully and answer the question based on your interpretation of the rendered image.

<svg id=""Layer_1"" style=""enable-background:new 0 0 360 360;"" version=""1.1"" viewbox=""0 0 360 360"" x=""0px"" xml:space=""preserve"" y=""0px"">
 <g id=""XMLID_229_"">
  <g>
   <path d=""M341.872,185.078c0.0,13.785,-11.215,25.0,-25.0,25.0h-17.978c-3.467,-11.457,-9.85,-22.081,-18.529,-31.417c8.314,-6.404,14.751,-15.123,18.334,-25.191C338.523,145.642,361.872,110.363,361.872,75.077C361.872,35.078,331.872,25.078,331.872,25.078c0.0,30.0,-20.0,50.0,-20.0,50.0v-40.0c-50.0,10.0,-50.0,80.0,-50.0,100.0c0.0,8.271,-6.729,15.0,-15.0,15.0h-9.98c-6.539,-2.535,-13.43,-4.628,-20.601,-6.236c2.663,-6.915,4.7,-15.567,5.353,-26.322c6.1,-3.426,10.229,-9.947,10.229,-17.441c0.0,-11.045,-8.955,-20.0,-20.0,-20.0c-11.046,0.0,-20.0,8.955,-20.0,20.0c0.0,7.292,3.915,13.654,9.746,17.148c-0.758,10.686,-3.157,18.237,-5.798,23.46c-4.577,-0.397,-9.229,-0.608,-13.948,-0.608s-9.371,0.211,-13.948,0.608c-2.641,-5.223,-5.04,-12.774,-5.798,-23.46c5.831,-3.495,9.746,-9.856,9.746,-17.148c0.0,-11.045,-8.954,-20.0,-20.0,-20.0c-11.045,0.0,-20.0,8.955,-20.0,20.0c0.0,7.494,4.129,14.016,10.229,17.441c0.652,10.755,2.689,19.408,5.353,26.322c-7.171,1.608,-14.062,3.702,-20.601,6.236H116.872c-8.271,0.0,-15.0,-6.729,-15.0,-15.0c0.0,-20.0,0.0,-90.0,-50.0,-100.0v40.0c0.0,0.0,-20.0,-20.0,-20.0,-50.0c0.0,0.0,-30.0,10.0,-30.0,49.999c0.0,35.286,23.349,70.564,63.174,78.392c3.583,10.068,10.02,18.788,18.334,25.191c-8.68,9.335,-15.063,19.96,-18.529,31.417H46.872c-13.785,0.0,-25.0,-11.215,-25.0,-25.0v-25.0H1.872v25.0c0.0,24.813,20.187,45.0,45.0,45.0h15.0c0.0,6.874,1.032,13.567,2.979,20.0H46.872c-24.813,0.0,-45.0,20.187,-45.0,45.0v25.0h20.0v-25.0c0.0,-13.785,11.215,-25.0,25.0,-25.0h27.483c2.763,4.169,5.938,8.156,9.497,11.928C65.368,287.604,51.872,304.791,51.872,325.078v15.0h20.0v-15.0c0.0,-13.785,11.215,-25.0,25.0,-25.0h9.582c20.608,12.505,46.844,20.0,75.418,20.0c28.573,0.0,54.809,-7.495,75.418,-20.0H266.872c13.785,0.0,25.0,11.215,25.0,25.0v15.0h20.0v-15.0c0.0,-20.287,-13.496,-37.475,-31.98,-43.072c3.559,-3.771,6.734,-7.759,9.497,-11.928H316.872c13.785,0.0,25.0,11.215,25.0,25.0v25.0h20.0v-25.0c0.0,-24.813,-20.186,-45.0,-45.0,-45.0h-17.978c1.946,-6.433,2.978,-13.126,2.978,-20.0h15.0c24.814,0.0,45.0,-20.187,45.0,-45.0v-25.0h-20.0V185.078z"">
   </path>
  </g>
 </g>
</svg>


Question: How many legs does the object have?",4,6,10,8,D,animal
54,"Examine the following SVG code carefully and answer the question based on your interpretation of the rendered image.

<svg id=""Layer_1"" style=""enable-background:new 0 0 360 360;"" version=""1.1"" viewbox=""0 0 360 360"" x=""0px"" xml:space=""preserve"" y=""0px"">
 <g id=""XMLID_229_"">
  <g>
   <path d=""M341.872,185.078c0.0,13.785,-11.215,25.0,-25.0,25.0h-17.978c-3.467,-11.457,-9.85,-22.081,-18.529,-31.417c8.314,-6.404,14.751,-15.123,18.334,-25.191C338.523,145.642,361.872,110.363,361.872,75.077C361.872,35.078,331.872,25.078,331.872,25.078c0.0,30.0,-20.0,50.0,-20.0,50.0v-40.0c-50.0,10.0,-50.0,80.0,-50.0,100.0c0.0,8.271,-6.729,15.0,-15.0,15.0h-9.98c-6.539,-2.535,-13.43,-4.628,-20.601,-6.236c2.663,-6.915,4.7,-15.567,5.353,-26.322c6.1,-3.426,10.229,-9.947,10.229,-17.441c0.0,-11.045,-8.955,-20.0,-20.0,-20.0c-11.046,0.0,-20.0,8.955,-20.0,20.0c0.0,7.292,3.915,13.654,9.746,17.148c-0.758,10.686,-3.157,18.237,-5.798,23.46c-4.577,-0.397,-9.229,-0.608,-13.948,-0.608s-9.371,0.211,-13.948,0.608c-2.641,-5.223,-5.04,-12.774,-5.798,-23.46c5.831,-3.495,9.746,-9.856,9.746,-17.148c0.0,-11.045,-8.954,-20.0,-20.0,-20.0c-11.045,0.0,-20.0,8.955,-20.0,20.0c0.0,7.494,4.129,14.016,10.229,17.441c0.652,10.755,2.689,19.408,5.353,26.322c-7.171,1.608,-14.062,3.702,-20.601,6.236H116.872c-8.271,0.0,-15.0,-6.729,-15.0,-15.0c0.0,-20.0,0.0,-90.0,-50.0,-100.0v40.0c0.0,0.0,-20.0,-20.0,-20.0,-50.0c0.0,0.0,-30.0,10.0,-30.0,49.999c0.0,35.286,23.349,70.564,63.174,78.392c3.583,10.068,10.02,18.788,18.334,25.191c-8.68,9.335,-15.063,19.96,-18.529,31.417H46.872c-13.785,0.0,-25.0,-11.215,-25.0,-25.0v-25.0H1.872v25.0c0.0,24.813,20.187,45.0,45.0,45.0h15.0c0.0,6.874,1.032,13.567,2.979,20.0H46.872c-24.813,0.0,-45.0,20.187,-45.0,45.0v25.0h20.0v-25.0c0.0,-13.785,11.215,-25.0,25.0,-25.0h27.483c2.763,4.169,5.938,8.156,9.497,11.928C65.368,287.604,51.872,304.791,51.872,325.078v15.0h20.0v-15.0c0.0,-13.785,11.215,-25.0,25.0,-25.0h9.582c20.608,12.505,46.844,20.0,75.418,20.0c28.573,0.0,54.809,-7.495,75.418,-20.0H266.872c13.785,0.0,25.0,11.215,25.0,25.0v15.0h20.0v-15.0c0.0,-20.287,-13.496,-37.475,-31.98,-43.072c3.559,-3.771,6.734,-7.759,9.497,-11.928H316.872c13.785,0.0,25.0,11.215,25.0,25.0v25.0h20.0v-25.0c0.0,-24.813,-20.186,-45.0,-45.0,-45.0h-17.978c1.946,-6.433,2.978,-13.126,2.978,-20.0h15.0c24.814,0.0,45.0,-20.187,45.0,-45.0v-25.0h-20.0V185.078z"">
   </path>
  </g>
 </g>
</svg>


Question: What shape are the eyes of the object?",Square,Triangular,Hexagonal,Circular,D,animal
55,"Examine the following SVG code carefully and answer the question based on your interpretation of the rendered image.

<svg id=""Layer_1"" style=""enable-background:new 0 0 360 360;"" version=""1.1"" viewbox=""0 0 360 360"" x=""0px"" xml:space=""preserve"" y=""0px"">
 <g id=""XMLID_229_"">
  <g>
   <path d=""M341.872,185.078c0.0,13.785,-11.215,25.0,-25.0,25.0h-17.978c-3.467,-11.457,-9.85,-22.081,-18.529,-31.417c8.314,-6.404,14.751,-15.123,18.334,-25.191C338.523,145.642,361.872,110.363,361.872,75.077C361.872,35.078,331.872,25.078,331.872,25.078c0.0,30.0,-20.0,50.0,-20.0,50.0v-40.0c-50.0,10.0,-50.0,80.0,-50.0,100.0c0.0,8.271,-6.729,15.0,-15.0,15.0h-9.98c-6.539,-2.535,-13.43,-4.628,-20.601,-6.236c2.663,-6.915,4.7,-15.567,5.353,-26.322c6.1,-3.426,10.229,-9.947,10.229,-17.441c0.0,-11.045,-8.955,-20.0,-20.0,-20.0c-11.046,0.0,-20.0,8.955,-20.0,20.0c0.0,7.292,3.915,13.654,9.746,17.148c-0.758,10.686,-3.157,18.237,-5.798,23.46c-4.577,-0.397,-9.229,-0.608,-13.948,-0.608s-9.371,0.211,-13.948,0.608c-2.641,-5.223,-5.04,-12.774,-5.798,-23.46c5.831,-3.495,9.746,-9.856,9.746,-17.148c0.0,-11.045,-8.954,-20.0,-20.0,-20.0c-11.045,0.0,-20.0,8.955,-20.0,20.0c0.0,7.494,4.129,14.016,10.229,17.441c0.652,10.755,2.689,19.408,5.353,26.322c-7.171,1.608,-14.062,3.702,-20.601,6.236H116.872c-8.271,0.0,-15.0,-6.729,-15.0,-15.0c0.0,-20.0,0.0,-90.0,-50.0,-100.0v40.0c0.0,0.0,-20.0,-20.0,-20.0,-50.0c0.0,0.0,-30.0,10.0,-30.0,49.999c0.0,35.286,23.349,70.564,63.174,78.392c3.583,10.068,10.02,18.788,18.334,25.191c-8.68,9.335,-15.063,19.96,-18.529,31.417H46.872c-13.785,0.0,-25.0,-11.215,-25.0,-25.0v-25.0H1.872v25.0c0.0,24.813,20.187,45.0,45.0,45.0h15.0c0.0,6.874,1.032,13.567,2.979,20.0H46.872c-24.813,0.0,-45.0,20.187,-45.0,45.0v25.0h20.0v-25.0c0.0,-13.785,11.215,-25.0,25.0,-25.0h27.483c2.763,4.169,5.938,8.156,9.497,11.928C65.368,287.604,51.872,304.791,51.872,325.078v15.0h20.0v-15.0c0.0,-13.785,11.215,-25.0,25.0,-25.0h9.582c20.608,12.505,46.844,20.0,75.418,20.0c28.573,0.0,54.809,-7.495,75.418,-20.0H266.872c13.785,0.0,25.0,11.215,25.0,25.0v15.0h20.0v-15.0c0.0,-20.287,-13.496,-37.475,-31.98,-43.072c3.559,-3.771,6.734,-7.759,9.497,-11.928H316.872c13.785,0.0,25.0,11.215,25.0,25.0v25.0h20.0v-25.0c0.0,-24.813,-20.186,-45.0,-45.0,-45.0h-17.978c1.946,-6.433,2.978,-13.126,2.978,-20.0h15.0c24.814,0.0,45.0,-20.187,45.0,-45.0v-25.0h-20.0V185.078z"">
   </path>
  </g>
 </g>
</svg>


Question: What is the object in the image?",Crab,Spider,Lobster,Octopus,A,animal
56,"Examine the following SVG code carefully and answer the question based on your interpretation of the rendered image.

<svg id=""Layer_1"" style=""enable-background:new 0 0 487.821 487.821;"" version=""1.1"" viewbox=""0 0 487.821 487.821"" x=""0px"" xml:space=""preserve"" y=""0px"">
 <g id=""XMLID_832_"">
  <g id=""XMLID_936_"">
   <polygon points=""431.865,55.626 161.681,55.626 162.363,280.780 161.681,280.780 161.681,430.882 214.217,430.882 214.217,295.790 334.299,295.790 371.824,258.264 401.844,258.264 401.844,438.387 454.380,438.387 454.380,93.152"" style=""fill:#AFDDF3;"">
   </polygon>
  </g>
  <g id=""XMLID_831_"">
   <rect height=""150.102"" style=""fill:#5EBAE7;"" width=""45.031"" x=""116.650"" y=""280.780"">
   </rect>
  </g>
  <g id=""XMLID_925_"">
   <polygon points=""401.844,430.882 356.814,430.882 362.527,262.204 401.844,258.264"" style=""fill:#5EBAE7;"">
   </polygon>
  </g>
  <g id=""XMLID_1168_"">
   <polygon points=""236.732,55.626 56.609,55.626 11.579,102.355 11.720,289.532 11.579,289.532 11.579,408.318 41.599,415.871 41.599,280.780 169.186,280.780 236.732,205.729"" style=""fill:#AFDDF3;"">
   </polygon>
  </g>
  <g id=""XMLID_1152_"">
   <polygon points=""236.732,205.729 169.186,280.780 86.630,280.780 154.176,205.729 154.176,55.626 236.732,55.626"" style=""fill:#5EBAE7;"">
   </polygon>
  </g>
  <g id=""XMLID_146_"">
   <polygon points=""172.526,288.280 116.650,288.280 116.650,273.280 165.847,273.280 229.232,202.851 229.232,63.127 139.166,63.127 139.166,48.127 244.232,48.127 244.232,208.606"" style=""fill:#1D1D1B;"">
   </polygon>
  </g>
  <g id=""XMLID_191_"">
   <path d=""M491.9,258.264h-15.0V96.204c0.0,-18.239,-14.838,-33.078,-33.077,-33.078H251.742v-15.0h192.081c26.51,0.0,48.077,21.567,48.077,48.078L491.9,258.264L491.9,258.264z"" style=""fill:#1D1D1B;"">
   </path>
  </g>
  <g id=""XMLID_192_"">
   <polygon points=""146.671,438.382 109.150,438.382 109.150,295.790 124.150,295.790 124.150,423.382 146.671,423.382"" style=""fill:#1D1D1B;"">
   </polygon>
  </g>
  <g id=""XMLID_193_"">
   <polygon points=""386.834,438.382 349.313,438.382 349.313,273.274 364.313,273.274 364.313,423.382 386.834,423.382"" style=""fill:#1D1D1B;"">
   </polygon>
  </g>
  <g id=""XMLID_202_"">
   <polygon points=""461.880,445.887 394.345,445.887 394.345,265.764 374.931,265.764 337.405,303.290 221.717,303.290 221.717,445.887 154.181,445.887 154.181,295.790 169.181,295.790 169.181,430.887 206.717,430.887 206.717,288.290 331.192,288.290 368.718,250.764 409.345,250.764 409.345,430.887 446.880,430.887 446.880,95.423 433.130,74.797 445.610,66.477 461.880,90.881"" style=""fill:#1D1D1B;"">
   </polygon>
  </g>
  <g>
   <path d=""M146.676,123.177v79.673l-63.386,70.429h-49.19v127.581c0.0,2.45,0.399,4.807,1.125,7.016l-8.463,-0.195l-0.173,-0.002c-4.141,0.0,-7.51,-3.369,-7.51,-7.51V118.652c0.0,-30.617,24.908,-55.525,55.525,-55.525h49.551v-15.0H74.604C35.717,48.127,4.079,79.764,4.079,118.652v282.209h0.017c0.366,12.061,10.26,21.769,22.397,21.819l29.943,0.689v-0.002c0.058,0.0,0.115,0.004,0.173,0.004c12.412,0.0,22.511,-10.098,22.511,-22.51h-15.0c0.0,4.132,-3.354,7.494,-7.483,7.509l-0.101,-0.002c-4.107,-0.04,-7.437,-3.39,-7.437,-7.507V288.28h40.87l71.706,-79.673v-70.429h15.016v-15.0L146.676,123.177L146.676,123.177z"" style=""fill:#1D1D1B;"">
   </path>
   <rect height=""15"" style=""fill:#1D1D1B;"" width=""37.526"" x=""64.114"" y=""123.177"">
   </rect>
   <rect height=""15.01"" style=""fill:#1D1D1B;"" width=""15"" x=""71.625"" y=""138.183"">
   </rect>
  </g>
  <g id=""XMLID_214_"">
   <rect height=""15"" style=""fill:#1D1D1B;"" width=""75.052"" x=""259.247"" y=""78.147"">
   </rect>
  </g>
 </g>
</svg>


Question: What is the primary color used in the object?",Red,Green,Yellow,Blue,D,animal
57,"Examine the following SVG code carefully and answer the question based on your interpretation of the rendered image.

<svg id=""Layer_1"" style=""enable-background:new 0 0 487.821 487.821;"" version=""1.1"" viewbox=""0 0 487.821 487.821"" x=""0px"" xml:space=""preserve"" y=""0px"">
 <g id=""XMLID_832_"">
  <g id=""XMLID_936_"">
   <polygon points=""431.865,55.626 161.681,55.626 162.363,280.780 161.681,280.780 161.681,430.882 214.217,430.882 214.217,295.790 334.299,295.790 371.824,258.264 401.844,258.264 401.844,438.387 454.380,438.387 454.380,93.152"" style=""fill:#AFDDF3;"">
   </polygon>
  </g>
  <g id=""XMLID_831_"">
   <rect height=""150.102"" style=""fill:#5EBAE7;"" width=""45.031"" x=""116.650"" y=""280.780"">
   </rect>
  </g>
  <g id=""XMLID_925_"">
   <polygon points=""401.844,430.882 356.814,430.882 362.527,262.204 401.844,258.264"" style=""fill:#5EBAE7;"">
   </polygon>
  </g>
  <g id=""XMLID_1168_"">
   <polygon points=""236.732,55.626 56.609,55.626 11.579,102.355 11.720,289.532 11.579,289.532 11.579,408.318 41.599,415.871 41.599,280.780 169.186,280.780 236.732,205.729"" style=""fill:#AFDDF3;"">
   </polygon>
  </g>
  <g id=""XMLID_1152_"">
   <polygon points=""236.732,205.729 169.186,280.780 86.630,280.780 154.176,205.729 154.176,55.626 236.732,55.626"" style=""fill:#5EBAE7;"">
   </polygon>
  </g>
  <g id=""XMLID_146_"">
   <polygon points=""172.526,288.280 116.650,288.280 116.650,273.280 165.847,273.280 229.232,202.851 229.232,63.127 139.166,63.127 139.166,48.127 244.232,48.127 244.232,208.606"" style=""fill:#1D1D1B;"">
   </polygon>
  </g>
  <g id=""XMLID_191_"">
   <path d=""M491.9,258.264h-15.0V96.204c0.0,-18.239,-14.838,-33.078,-33.077,-33.078H251.742v-15.0h192.081c26.51,0.0,48.077,21.567,48.077,48.078L491.9,258.264L491.9,258.264z"" style=""fill:#1D1D1B;"">
   </path>
  </g>
  <g id=""XMLID_192_"">
   <polygon points=""146.671,438.382 109.150,438.382 109.150,295.790 124.150,295.790 124.150,423.382 146.671,423.382"" style=""fill:#1D1D1B;"">
   </polygon>
  </g>
  <g id=""XMLID_193_"">
   <polygon points=""386.834,438.382 349.313,438.382 349.313,273.274 364.313,273.274 364.313,423.382 386.834,423.382"" style=""fill:#1D1D1B;"">
   </polygon>
  </g>
  <g id=""XMLID_202_"">
   <polygon points=""461.880,445.887 394.345,445.887 394.345,265.764 374.931,265.764 337.405,303.290 221.717,303.290 221.717,445.887 154.181,445.887 154.181,295.790 169.181,295.790 169.181,430.887 206.717,430.887 206.717,288.290 331.192,288.290 368.718,250.764 409.345,250.764 409.345,430.887 446.880,430.887 446.880,95.423 433.130,74.797 445.610,66.477 461.880,90.881"" style=""fill:#1D1D1B;"">
   </polygon>
  </g>
  <g>
   <path d=""M146.676,123.177v79.673l-63.386,70.429h-49.19v127.581c0.0,2.45,0.399,4.807,1.125,7.016l-8.463,-0.195l-0.173,-0.002c-4.141,0.0,-7.51,-3.369,-7.51,-7.51V118.652c0.0,-30.617,24.908,-55.525,55.525,-55.525h49.551v-15.0H74.604C35.717,48.127,4.079,79.764,4.079,118.652v282.209h0.017c0.366,12.061,10.26,21.769,22.397,21.819l29.943,0.689v-0.002c0.058,0.0,0.115,0.004,0.173,0.004c12.412,0.0,22.511,-10.098,22.511,-22.51h-15.0c0.0,4.132,-3.354,7.494,-7.483,7.509l-0.101,-0.002c-4.107,-0.04,-7.437,-3.39,-7.437,-7.507V288.28h40.87l71.706,-79.673v-70.429h15.016v-15.0L146.676,123.177L146.676,123.177z"" style=""fill:#1D1D1B;"">
   </path>
   <rect height=""15"" style=""fill:#1D1D1B;"" width=""37.526"" x=""64.114"" y=""123.177"">
   </rect>
   <rect height=""15.01"" style=""fill:#1D1D1B;"" width=""15"" x=""71.625"" y=""138.183"">
   </rect>
  </g>
  <g id=""XMLID_214_"">
   <rect height=""15"" style=""fill:#1D1D1B;"" width=""75.052"" x=""259.247"" y=""78.147"">
   </rect>
  </g>
 </g>
</svg>


Question: How many legs does the object have?",Two,Three,Five,Four,D,animal
58,"Examine the following SVG code carefully and answer the question based on your interpretation of the rendered image.

<svg id=""Layer_1"" style=""enable-background:new 0 0 487.821 487.821;"" version=""1.1"" viewbox=""0 0 487.821 487.821"" x=""0px"" xml:space=""preserve"" y=""0px"">
 <g id=""XMLID_832_"">
  <g id=""XMLID_936_"">
   <polygon points=""431.865,55.626 161.681,55.626 162.363,280.780 161.681,280.780 161.681,430.882 214.217,430.882 214.217,295.790 334.299,295.790 371.824,258.264 401.844,258.264 401.844,438.387 454.380,438.387 454.380,93.152"" style=""fill:#AFDDF3;"">
   </polygon>
  </g>
  <g id=""XMLID_831_"">
   <rect height=""150.102"" style=""fill:#5EBAE7;"" width=""45.031"" x=""116.650"" y=""280.780"">
   </rect>
  </g>
  <g id=""XMLID_925_"">
   <polygon points=""401.844,430.882 356.814,430.882 362.527,262.204 401.844,258.264"" style=""fill:#5EBAE7;"">
   </polygon>
  </g>
  <g id=""XMLID_1168_"">
   <polygon points=""236.732,55.626 56.609,55.626 11.579,102.355 11.720,289.532 11.579,289.532 11.579,408.318 41.599,415.871 41.599,280.780 169.186,280.780 236.732,205.729"" style=""fill:#AFDDF3;"">
   </polygon>
  </g>
  <g id=""XMLID_1152_"">
   <polygon points=""236.732,205.729 169.186,280.780 86.630,280.780 154.176,205.729 154.176,55.626 236.732,55.626"" style=""fill:#5EBAE7;"">
   </polygon>
  </g>
  <g id=""XMLID_146_"">
   <polygon points=""172.526,288.280 116.650,288.280 116.650,273.280 165.847,273.280 229.232,202.851 229.232,63.127 139.166,63.127 139.166,48.127 244.232,48.127 244.232,208.606"" style=""fill:#1D1D1B;"">
   </polygon>
  </g>
  <g id=""XMLID_191_"">
   <path d=""M491.9,258.264h-15.0V96.204c0.0,-18.239,-14.838,-33.078,-33.077,-33.078H251.742v-15.0h192.081c26.51,0.0,48.077,21.567,48.077,48.078L491.9,258.264L491.9,258.264z"" style=""fill:#1D1D1B;"">
   </path>
  </g>
  <g id=""XMLID_192_"">
   <polygon points=""146.671,438.382 109.150,438.382 109.150,295.790 124.150,295.790 124.150,423.382 146.671,423.382"" style=""fill:#1D1D1B;"">
   </polygon>
  </g>
  <g id=""XMLID_193_"">
   <polygon points=""386.834,438.382 349.313,438.382 349.313,273.274 364.313,273.274 364.313,423.382 386.834,423.382"" style=""fill:#1D1D1B;"">
   </polygon>
  </g>
  <g id=""XMLID_202_"">
   <polygon points=""461.880,445.887 394.345,445.887 394.345,265.764 374.931,265.764 337.405,303.290 221.717,303.290 221.717,445.887 154.181,445.887 154.181,295.790 169.181,295.790 169.181,430.887 206.717,430.887 206.717,288.290 331.192,288.290 368.718,250.764 409.345,250.764 409.345,430.887 446.880,430.887 446.880,95.423 433.130,74.797 445.610,66.477 461.880,90.881"" style=""fill:#1D1D1B;"">
   </polygon>
  </g>
  <g>
   <path d=""M146.676,123.177v79.673l-63.386,70.429h-49.19v127.581c0.0,2.45,0.399,4.807,1.125,7.016l-8.463,-0.195l-0.173,-0.002c-4.141,0.0,-7.51,-3.369,-7.51,-7.51V118.652c0.0,-30.617,24.908,-55.525,55.525,-55.525h49.551v-15.0H74.604C35.717,48.127,4.079,79.764,4.079,118.652v282.209h0.017c0.366,12.061,10.26,21.769,22.397,21.819l29.943,0.689v-0.002c0.058,0.0,0.115,0.004,0.173,0.004c12.412,0.0,22.511,-10.098,22.511,-22.51h-15.0c0.0,4.132,-3.354,7.494,-7.483,7.509l-0.101,-0.002c-4.107,-0.04,-7.437,-3.39,-7.437,-7.507V288.28h40.87l71.706,-79.673v-70.429h15.016v-15.0L146.676,123.177L146.676,123.177z"" style=""fill:#1D1D1B;"">
   </path>
   <rect height=""15"" style=""fill:#1D1D1B;"" width=""37.526"" x=""64.114"" y=""123.177"">
   </rect>
   <rect height=""15.01"" style=""fill:#1D1D1B;"" width=""15"" x=""71.625"" y=""138.183"">
   </rect>
  </g>
  <g id=""XMLID_214_"">
   <rect height=""15"" style=""fill:#1D1D1B;"" width=""75.052"" x=""259.247"" y=""78.147"">
   </rect>
  </g>
 </g>
</svg>


Question: What shape is prominently featured in the design of the object?",Circle,Triangle,Square,Rectangle,D,animal
59,"Examine the following SVG code carefully and answer the question based on your interpretation of the rendered image.

<svg id=""Layer_1"" style=""enable-background:new 0 0 487.821 487.821;"" version=""1.1"" viewbox=""0 0 487.821 487.821"" x=""0px"" xml:space=""preserve"" y=""0px"">
 <g id=""XMLID_832_"">
  <g id=""XMLID_936_"">
   <polygon points=""431.865,55.626 161.681,55.626 162.363,280.780 161.681,280.780 161.681,430.882 214.217,430.882 214.217,295.790 334.299,295.790 371.824,258.264 401.844,258.264 401.844,438.387 454.380,438.387 454.380,93.152"" style=""fill:#AFDDF3;"">
   </polygon>
  </g>
  <g id=""XMLID_831_"">
   <rect height=""150.102"" style=""fill:#5EBAE7;"" width=""45.031"" x=""116.650"" y=""280.780"">
   </rect>
  </g>
  <g id=""XMLID_925_"">
   <polygon points=""401.844,430.882 356.814,430.882 362.527,262.204 401.844,258.264"" style=""fill:#5EBAE7;"">
   </polygon>
  </g>
  <g id=""XMLID_1168_"">
   <polygon points=""236.732,55.626 56.609,55.626 11.579,102.355 11.720,289.532 11.579,289.532 11.579,408.318 41.599,415.871 41.599,280.780 169.186,280.780 236.732,205.729"" style=""fill:#AFDDF3;"">
   </polygon>
  </g>
  <g id=""XMLID_1152_"">
   <polygon points=""236.732,205.729 169.186,280.780 86.630,280.780 154.176,205.729 154.176,55.626 236.732,55.626"" style=""fill:#5EBAE7;"">
   </polygon>
  </g>
  <g id=""XMLID_146_"">
   <polygon points=""172.526,288.280 116.650,288.280 116.650,273.280 165.847,273.280 229.232,202.851 229.232,63.127 139.166,63.127 139.166,48.127 244.232,48.127 244.232,208.606"" style=""fill:#1D1D1B;"">
   </polygon>
  </g>
  <g id=""XMLID_191_"">
   <path d=""M491.9,258.264h-15.0V96.204c0.0,-18.239,-14.838,-33.078,-33.077,-33.078H251.742v-15.0h192.081c26.51,0.0,48.077,21.567,48.077,48.078L491.9,258.264L491.9,258.264z"" style=""fill:#1D1D1B;"">
   </path>
  </g>
  <g id=""XMLID_192_"">
   <polygon points=""146.671,438.382 109.150,438.382 109.150,295.790 124.150,295.790 124.150,423.382 146.671,423.382"" style=""fill:#1D1D1B;"">
   </polygon>
  </g>
  <g id=""XMLID_193_"">
   <polygon points=""386.834,438.382 349.313,438.382 349.313,273.274 364.313,273.274 364.313,423.382 386.834,423.382"" style=""fill:#1D1D1B;"">
   </polygon>
  </g>
  <g id=""XMLID_202_"">
   <polygon points=""461.880,445.887 394.345,445.887 394.345,265.764 374.931,265.764 337.405,303.290 221.717,303.290 221.717,445.887 154.181,445.887 154.181,295.790 169.181,295.790 169.181,430.887 206.717,430.887 206.717,288.290 331.192,288.290 368.718,250.764 409.345,250.764 409.345,430.887 446.880,430.887 446.880,95.423 433.130,74.797 445.610,66.477 461.880,90.881"" style=""fill:#1D1D1B;"">
   </polygon>
  </g>
  <g>
   <path d=""M146.676,123.177v79.673l-63.386,70.429h-49.19v127.581c0.0,2.45,0.399,4.807,1.125,7.016l-8.463,-0.195l-0.173,-0.002c-4.141,0.0,-7.51,-3.369,-7.51,-7.51V118.652c0.0,-30.617,24.908,-55.525,55.525,-55.525h49.551v-15.0H74.604C35.717,48.127,4.079,79.764,4.079,118.652v282.209h0.017c0.366,12.061,10.26,21.769,22.397,21.819l29.943,0.689v-0.002c0.058,0.0,0.115,0.004,0.173,0.004c12.412,0.0,22.511,-10.098,22.511,-22.51h-15.0c0.0,4.132,-3.354,7.494,-7.483,7.509l-0.101,-0.002c-4.107,-0.04,-7.437,-3.39,-7.437,-7.507V288.28h40.87l71.706,-79.673v-70.429h15.016v-15.0L146.676,123.177L146.676,123.177z"" style=""fill:#1D1D1B;"">
   </path>
   <rect height=""15"" style=""fill:#1D1D1B;"" width=""37.526"" x=""64.114"" y=""123.177"">
   </rect>
   <rect height=""15.01"" style=""fill:#1D1D1B;"" width=""15"" x=""71.625"" y=""138.183"">
   </rect>
  </g>
  <g id=""XMLID_214_"">
   <rect height=""15"" style=""fill:#1D1D1B;"" width=""75.052"" x=""259.247"" y=""78.147"">
   </rect>
  </g>
 </g>
</svg>


Question: What animal does the object represent?",Elephant,Lion,Giraffe,Tiger,A,animal
72,"Examine the following SVG code carefully and answer the question based on your interpretation of the rendered image.

<svg id=""Layer_1"" style=""enable-background:new 0 0 512 512;"" version=""1.1"" viewbox=""0 0 512 512"" x=""0px"" xml:space=""preserve"" y=""0px"">
 <circle cx=""259.682"" cy=""260.348"" r=""256"" style=""fill:#273B7A;"">
 </circle>
 <path d=""M339.847,503.527c88.962,-29.31,156.355,-106.063,172.244,-200.321L372.003,163.118l-91.982,80.791l-43.036,-43.036l-84.59,-11.978l114.002,114.002l-114.002,13.178L339.847,503.527z"" style=""fill:#121149;"">
 </path>
 <ellipse cx=""164.685"" cy=""168.357"" rx=""22.462"" ry=""23.047"" style=""fill:#FEE187;"" transform=""translate(3.6815772033852885,4.347520074552762) rotate(0, 0, 0)"">
 </ellipse>
 <ellipse cx=""347.901"" cy=""168.357"" rx=""22.462"" ry=""23.047"" style=""fill:#FFC61B;"" transform=""translate(3.6815772033852885,4.347520074552762) rotate(0, 0, 0)"">
 </ellipse>
 <path d=""M259.682,391.203c4.668,-19.254,51.343,-39.091,102.103,-71.18s-15.753,-153.447,-42.593,-179.119c-26.839,-25.672,-59.511,0.0,-59.511,0.0s-32.673,-25.672,-59.511,0.0s-93.351,147.028,-42.593,179.119S255.014,371.948,259.682,391.203z"" style=""fill:#E09112;"">
 </path>
 <path d=""M319.193,140.904c-26.834,-25.667,-59.501,-0.009,-59.511,0.0v250.297c4.67,-19.253,51.345,-39.09,102.103,-71.178C412.546,287.932,346.032,166.574,319.193,140.904z"" style=""fill:#FF5419;"">
 </path>
 <path d=""M262.106,327.225c22.171,0.583,27.351,-22.373,27.351,-22.373c13.933,-11.669,-1.679,-26.839,15.241,-37.924c16.92,-11.085,14.003,-46.676,4.084,-59.511c-9.919,-12.836,-24.505,-4.668,-29.756,2.334c-5.251,7.001,-18.132,6.539,-18.132,6.539s-12.881,0.462,-18.132,-6.539c-5.251,-7.001,-19.837,-15.17,-29.756,-2.334c-9.919,12.836,-12.836,48.426,4.084,59.511c16.92,11.085,1.308,26.255,15.241,37.924c0.0,0.0,5.18,22.956,27.351,22.373H262.106z"" style=""fill:#FFEDB5;"">
 </path>
 <path d=""M308.781,207.415c-9.919,-12.836,-24.505,-4.668,-29.756,2.334c-5.251,7.003,-18.132,6.539,-18.132,6.539s-0.45,0.016,-1.212,-0.003v110.94h2.422c22.171,0.583,27.351,-22.373,27.351,-22.373c13.933,-11.669,-1.679,-26.839,15.241,-37.924C321.615,255.843,318.7,220.252,308.781,207.415z"" style=""fill:#FEE187;"">
 </path>
 <path d=""M270.818,263.951h-22.275c-3.213,0.0,-5.13,2.853,-3.351,4.987l13.89,16.66l15.0,-16.558C276.006,266.918,274.102,263.951,270.818,263.951z"" style=""fill:#59595B;"">
 </path>
 <path d=""M270.818,263.951h-11.281v21.144l14.543,-16.053C276.006,266.918,274.102,263.951,270.818,263.951z"" style=""fill:#272525;"">
 </path>
 <circle cx=""235.909"" cy=""246.471"" r=""5.265"" style=""fill:#59595B;"">
 </circle>
 <circle cx=""283.455"" cy=""246.471"" r=""5.265"">
 </circle>
</svg>


Question: What is the primary background color of the image?",Red,Green,Yellow,Blue,D,animal
73,"Examine the following SVG code carefully and answer the question based on your interpretation of the rendered image.

<svg id=""Layer_1"" style=""enable-background:new 0 0 512 512;"" version=""1.1"" viewbox=""0 0 512 512"" x=""0px"" xml:space=""preserve"" y=""0px"">
 <circle cx=""259.682"" cy=""260.348"" r=""256"" style=""fill:#273B7A;"">
 </circle>
 <path d=""M339.847,503.527c88.962,-29.31,156.355,-106.063,172.244,-200.321L372.003,163.118l-91.982,80.791l-43.036,-43.036l-84.59,-11.978l114.002,114.002l-114.002,13.178L339.847,503.527z"" style=""fill:#121149;"">
 </path>
 <ellipse cx=""164.685"" cy=""168.357"" rx=""22.462"" ry=""23.047"" style=""fill:#FEE187;"" transform=""translate(3.6815772033852885,4.347520074552762) rotate(0, 0, 0)"">
 </ellipse>
 <ellipse cx=""347.901"" cy=""168.357"" rx=""22.462"" ry=""23.047"" style=""fill:#FFC61B;"" transform=""translate(3.6815772033852885,4.347520074552762) rotate(0, 0, 0)"">
 </ellipse>
 <path d=""M259.682,391.203c4.668,-19.254,51.343,-39.091,102.103,-71.18s-15.753,-153.447,-42.593,-179.119c-26.839,-25.672,-59.511,0.0,-59.511,0.0s-32.673,-25.672,-59.511,0.0s-93.351,147.028,-42.593,179.119S255.014,371.948,259.682,391.203z"" style=""fill:#E09112;"">
 </path>
 <path d=""M319.193,140.904c-26.834,-25.667,-59.501,-0.009,-59.511,0.0v250.297c4.67,-19.253,51.345,-39.09,102.103,-71.178C412.546,287.932,346.032,166.574,319.193,140.904z"" style=""fill:#FF5419;"">
 </path>
 <path d=""M262.106,327.225c22.171,0.583,27.351,-22.373,27.351,-22.373c13.933,-11.669,-1.679,-26.839,15.241,-37.924c16.92,-11.085,14.003,-46.676,4.084,-59.511c-9.919,-12.836,-24.505,-4.668,-29.756,2.334c-5.251,7.001,-18.132,6.539,-18.132,6.539s-12.881,0.462,-18.132,-6.539c-5.251,-7.001,-19.837,-15.17,-29.756,-2.334c-9.919,12.836,-12.836,48.426,4.084,59.511c16.92,11.085,1.308,26.255,15.241,37.924c0.0,0.0,5.18,22.956,27.351,22.373H262.106z"" style=""fill:#FFEDB5;"">
 </path>
 <path d=""M308.781,207.415c-9.919,-12.836,-24.505,-4.668,-29.756,2.334c-5.251,7.003,-18.132,6.539,-18.132,6.539s-0.45,0.016,-1.212,-0.003v110.94h2.422c22.171,0.583,27.351,-22.373,27.351,-22.373c13.933,-11.669,-1.679,-26.839,15.241,-37.924C321.615,255.843,318.7,220.252,308.781,207.415z"" style=""fill:#FEE187;"">
 </path>
 <path d=""M270.818,263.951h-22.275c-3.213,0.0,-5.13,2.853,-3.351,4.987l13.89,16.66l15.0,-16.558C276.006,266.918,274.102,263.951,270.818,263.951z"" style=""fill:#59595B;"">
 </path>
 <path d=""M270.818,263.951h-11.281v21.144l14.543,-16.053C276.006,266.918,274.102,263.951,270.818,263.951z"" style=""fill:#272525;"">
 </path>
 <circle cx=""235.909"" cy=""246.471"" r=""5.265"" style=""fill:#59595B;"">
 </circle>
 <circle cx=""283.455"" cy=""246.471"" r=""5.265"">
 </circle>
</svg>


Question: What shape is the overall image?",Square,Circle,Triangle,Rectangle,B,animal
74,"Examine the following SVG code carefully and answer the question based on your interpretation of the rendered image.

<svg id=""Layer_1"" style=""enable-background:new 0 0 512 512;"" version=""1.1"" viewbox=""0 0 512 512"" x=""0px"" xml:space=""preserve"" y=""0px"">
 <circle cx=""259.682"" cy=""260.348"" r=""256"" style=""fill:#273B7A;"">
 </circle>
 <path d=""M339.847,503.527c88.962,-29.31,156.355,-106.063,172.244,-200.321L372.003,163.118l-91.982,80.791l-43.036,-43.036l-84.59,-11.978l114.002,114.002l-114.002,13.178L339.847,503.527z"" style=""fill:#121149;"">
 </path>
 <ellipse cx=""164.685"" cy=""168.357"" rx=""22.462"" ry=""23.047"" style=""fill:#FEE187;"" transform=""translate(3.6815772033852885,4.347520074552762) rotate(0, 0, 0)"">
 </ellipse>
 <ellipse cx=""347.901"" cy=""168.357"" rx=""22.462"" ry=""23.047"" style=""fill:#FFC61B;"" transform=""translate(3.6815772033852885,4.347520074552762) rotate(0, 0, 0)"">
 </ellipse>
 <path d=""M259.682,391.203c4.668,-19.254,51.343,-39.091,102.103,-71.18s-15.753,-153.447,-42.593,-179.119c-26.839,-25.672,-59.511,0.0,-59.511,0.0s-32.673,-25.672,-59.511,0.0s-93.351,147.028,-42.593,179.119S255.014,371.948,259.682,391.203z"" style=""fill:#E09112;"">
 </path>
 <path d=""M319.193,140.904c-26.834,-25.667,-59.501,-0.009,-59.511,0.0v250.297c4.67,-19.253,51.345,-39.09,102.103,-71.178C412.546,287.932,346.032,166.574,319.193,140.904z"" style=""fill:#FF5419;"">
 </path>
 <path d=""M262.106,327.225c22.171,0.583,27.351,-22.373,27.351,-22.373c13.933,-11.669,-1.679,-26.839,15.241,-37.924c16.92,-11.085,14.003,-46.676,4.084,-59.511c-9.919,-12.836,-24.505,-4.668,-29.756,2.334c-5.251,7.001,-18.132,6.539,-18.132,6.539s-12.881,0.462,-18.132,-6.539c-5.251,-7.001,-19.837,-15.17,-29.756,-2.334c-9.919,12.836,-12.836,48.426,4.084,59.511c16.92,11.085,1.308,26.255,15.241,37.924c0.0,0.0,5.18,22.956,27.351,22.373H262.106z"" style=""fill:#FFEDB5;"">
 </path>
 <path d=""M308.781,207.415c-9.919,-12.836,-24.505,-4.668,-29.756,2.334c-5.251,7.003,-18.132,6.539,-18.132,6.539s-0.45,0.016,-1.212,-0.003v110.94h2.422c22.171,0.583,27.351,-22.373,27.351,-22.373c13.933,-11.669,-1.679,-26.839,15.241,-37.924C321.615,255.843,318.7,220.252,308.781,207.415z"" style=""fill:#FEE187;"">
 </path>
 <path d=""M270.818,263.951h-22.275c-3.213,0.0,-5.13,2.853,-3.351,4.987l13.89,16.66l15.0,-16.558C276.006,266.918,274.102,263.951,270.818,263.951z"" style=""fill:#59595B;"">
 </path>
 <path d=""M270.818,263.951h-11.281v21.144l14.543,-16.053C276.006,266.918,274.102,263.951,270.818,263.951z"" style=""fill:#272525;"">
 </path>
 <circle cx=""235.909"" cy=""246.471"" r=""5.265"" style=""fill:#59595B;"">
 </circle>
 <circle cx=""283.455"" cy=""246.471"" r=""5.265"">
 </circle>
</svg>


Question: What color is the right side of the lion's mane?",Blue,Green,Orange,Yellow,C,animal
75,"Examine the following SVG code carefully and answer the question based on your interpretation of the rendered image.

<svg id=""Layer_1"" style=""enable-background:new 0 0 512 512;"" version=""1.1"" viewbox=""0 0 512 512"" x=""0px"" xml:space=""preserve"" y=""0px"">
 <circle cx=""259.682"" cy=""260.348"" r=""256"" style=""fill:#273B7A;"">
 </circle>
 <path d=""M339.847,503.527c88.962,-29.31,156.355,-106.063,172.244,-200.321L372.003,163.118l-91.982,80.791l-43.036,-43.036l-84.59,-11.978l114.002,114.002l-114.002,13.178L339.847,503.527z"" style=""fill:#121149;"">
 </path>
 <ellipse cx=""164.685"" cy=""168.357"" rx=""22.462"" ry=""23.047"" style=""fill:#FEE187;"" transform=""translate(3.6815772033852885,4.347520074552762) rotate(0, 0, 0)"">
 </ellipse>
 <ellipse cx=""347.901"" cy=""168.357"" rx=""22.462"" ry=""23.047"" style=""fill:#FFC61B;"" transform=""translate(3.6815772033852885,4.347520074552762) rotate(0, 0, 0)"">
 </ellipse>
 <path d=""M259.682,391.203c4.668,-19.254,51.343,-39.091,102.103,-71.18s-15.753,-153.447,-42.593,-179.119c-26.839,-25.672,-59.511,0.0,-59.511,0.0s-32.673,-25.672,-59.511,0.0s-93.351,147.028,-42.593,179.119S255.014,371.948,259.682,391.203z"" style=""fill:#E09112;"">
 </path>
 <path d=""M319.193,140.904c-26.834,-25.667,-59.501,-0.009,-59.511,0.0v250.297c4.67,-19.253,51.345,-39.09,102.103,-71.178C412.546,287.932,346.032,166.574,319.193,140.904z"" style=""fill:#FF5419;"">
 </path>
 <path d=""M262.106,327.225c22.171,0.583,27.351,-22.373,27.351,-22.373c13.933,-11.669,-1.679,-26.839,15.241,-37.924c16.92,-11.085,14.003,-46.676,4.084,-59.511c-9.919,-12.836,-24.505,-4.668,-29.756,2.334c-5.251,7.001,-18.132,6.539,-18.132,6.539s-12.881,0.462,-18.132,-6.539c-5.251,-7.001,-19.837,-15.17,-29.756,-2.334c-9.919,12.836,-12.836,48.426,4.084,59.511c16.92,11.085,1.308,26.255,15.241,37.924c0.0,0.0,5.18,22.956,27.351,22.373H262.106z"" style=""fill:#FFEDB5;"">
 </path>
 <path d=""M308.781,207.415c-9.919,-12.836,-24.505,-4.668,-29.756,2.334c-5.251,7.003,-18.132,6.539,-18.132,6.539s-0.45,0.016,-1.212,-0.003v110.94h2.422c22.171,0.583,27.351,-22.373,27.351,-22.373c13.933,-11.669,-1.679,-26.839,15.241,-37.924C321.615,255.843,318.7,220.252,308.781,207.415z"" style=""fill:#FEE187;"">
 </path>
 <path d=""M270.818,263.951h-22.275c-3.213,0.0,-5.13,2.853,-3.351,4.987l13.89,16.66l15.0,-16.558C276.006,266.918,274.102,263.951,270.818,263.951z"" style=""fill:#59595B;"">
 </path>
 <path d=""M270.818,263.951h-11.281v21.144l14.543,-16.053C276.006,266.918,274.102,263.951,270.818,263.951z"" style=""fill:#272525;"">
 </path>
 <circle cx=""235.909"" cy=""246.471"" r=""5.265"" style=""fill:#59595B;"">
 </circle>
 <circle cx=""283.455"" cy=""246.471"" r=""5.265"">
 </circle>
</svg>


Question: What animal is depicted in the image?",Tiger,Elephant,Lion,Bear,C,animal
84,"Examine the following SVG code carefully and answer the question based on your interpretation of the rendered image.

<svg id=""Layer_1"" style=""enable-background:new 0 0 512 512;"" version=""1.1"" viewbox=""0 0 512 512"" x=""0px"" xml:space=""preserve"" y=""0px"">
 <g>
  <g>
   <g>
    <path d=""M208.422,209.752c9.412,0.0,17.067,-7.654,17.067,-17.067s-7.654,-17.067,-17.067,-17.067c-9.412,0.0,-17.067,7.654,-17.067,17.067S199.01,209.752,208.422,209.752z"">
    </path>
    <path d=""M182.822,278.019c-4.71,0.0,-8.533,3.823,-8.533,8.533c0.0,79.991,-65.075,145.067,-145.067,145.067c-4.71,0.0,-8.533,3.823,-8.533,8.533s3.823,8.533,8.533,8.533c89.404,0.0,162.133,-72.73,162.133,-162.133C191.355,281.842,187.532,278.019,182.822,278.019z"">
    </path>
    <path d=""M379.089,141.485V286.552c0.0,37.641,30.626,68.267,68.267,68.267c37.641,0.0,68.267,-30.626,68.267,-68.267c0.0,-4.71,-3.814,-8.533,-8.533,-8.533c-4.719,0.0,-8.533,3.823,-8.533,8.533c0.0,28.237,-22.963,51.2,-51.2,51.2c-28.237,0.0,-51.2,-22.963,-51.2,-51.2V141.485C396.155,66.204,334.903,4.952,259.622,4.952S123.089,66.204,123.089,141.485V286.552c0.0,28.237,-22.963,51.2,-51.2,51.2s-51.2,-22.963,-51.2,-51.2c0.0,-4.71,-3.823,-8.533,-8.533,-8.533S3.622,281.842,3.622,286.552c0.0,37.641,30.626,68.267,68.267,68.267c37.641,0.0,68.267,-30.626,68.267,-68.267V141.485c0.0,-65.877,53.589,-119.467,119.467,-119.467S379.089,75.608,379.089,141.485z"">
    </path>
    <path d=""M234.022,278.019c-4.71,0.0,-8.533,3.823,-8.533,8.533c0.0,133.06,-33.195,217.865,-33.528,218.701c-1.741,4.378,0.393,9.344,4.762,11.085c1.041,0.418,2.108,0.614,3.166,0.614c3.388,0.0,6.588,-2.031,7.927,-5.359c1.417,-3.55,34.739,-88.44,34.739,-225.041C242.555,281.842,238.732,278.019,234.022,278.019z"">
    </path>
    <path d=""M490.022,431.619c-79.991,0.0,-145.067,-65.075,-145.067,-145.067c0.0,-4.71,-3.814,-8.533,-8.533,-8.533c-4.719,0.0,-8.533,3.823,-8.533,8.533c0.0,89.404,72.73,162.133,162.133,162.133c4.719,0.0,8.533,-3.823,8.533,-8.533S494.741,431.619,490.022,431.619z"">
    </path>
    <path d=""M293.755,286.552c0.0,-4.71,-3.814,-8.533,-8.533,-8.533c-4.719,0.0,-8.533,3.823,-8.533,8.533c0.0,136.602,33.323,221.491,34.739,225.041c1.331,3.328,4.54,5.359,7.927,5.359c1.05,0.0,2.125,-0.196,3.166,-0.614c4.378,-1.741,6.502,-6.707,4.762,-11.085C326.95,504.417,293.755,419.612,293.755,286.552z"">
    </path>
    <path d=""M293.755,192.685c0.0,9.412,7.654,17.067,17.067,17.067s17.067,-7.654,17.067,-17.067s-7.654,-17.067,-17.067,-17.067S293.755,183.273,293.755,192.685z"">
    </path>
   </g>
  </g>
 </g>
</svg>


Question: How many eyes does the object have?",One,Two,Three,Four,B,animal
85,"Examine the following SVG code carefully and answer the question based on your interpretation of the rendered image.

<svg id=""Layer_1"" style=""enable-background:new 0 0 512 512;"" version=""1.1"" viewbox=""0 0 512 512"" x=""0px"" xml:space=""preserve"" y=""0px"">
 <g>
  <g>
   <g>
    <path d=""M208.422,209.752c9.412,0.0,17.067,-7.654,17.067,-17.067s-7.654,-17.067,-17.067,-17.067c-9.412,0.0,-17.067,7.654,-17.067,17.067S199.01,209.752,208.422,209.752z"">
    </path>
    <path d=""M182.822,278.019c-4.71,0.0,-8.533,3.823,-8.533,8.533c0.0,79.991,-65.075,145.067,-145.067,145.067c-4.71,0.0,-8.533,3.823,-8.533,8.533s3.823,8.533,8.533,8.533c89.404,0.0,162.133,-72.73,162.133,-162.133C191.355,281.842,187.532,278.019,182.822,278.019z"">
    </path>
    <path d=""M379.089,141.485V286.552c0.0,37.641,30.626,68.267,68.267,68.267c37.641,0.0,68.267,-30.626,68.267,-68.267c0.0,-4.71,-3.814,-8.533,-8.533,-8.533c-4.719,0.0,-8.533,3.823,-8.533,8.533c0.0,28.237,-22.963,51.2,-51.2,51.2c-28.237,0.0,-51.2,-22.963,-51.2,-51.2V141.485C396.155,66.204,334.903,4.952,259.622,4.952S123.089,66.204,123.089,141.485V286.552c0.0,28.237,-22.963,51.2,-51.2,51.2s-51.2,-22.963,-51.2,-51.2c0.0,-4.71,-3.823,-8.533,-8.533,-8.533S3.622,281.842,3.622,286.552c0.0,37.641,30.626,68.267,68.267,68.267c37.641,0.0,68.267,-30.626,68.267,-68.267V141.485c0.0,-65.877,53.589,-119.467,119.467,-119.467S379.089,75.608,379.089,141.485z"">
    </path>
    <path d=""M234.022,278.019c-4.71,0.0,-8.533,3.823,-8.533,8.533c0.0,133.06,-33.195,217.865,-33.528,218.701c-1.741,4.378,0.393,9.344,4.762,11.085c1.041,0.418,2.108,0.614,3.166,0.614c3.388,0.0,6.588,-2.031,7.927,-5.359c1.417,-3.55,34.739,-88.44,34.739,-225.041C242.555,281.842,238.732,278.019,234.022,278.019z"">
    </path>
    <path d=""M490.022,431.619c-79.991,0.0,-145.067,-65.075,-145.067,-145.067c0.0,-4.71,-3.814,-8.533,-8.533,-8.533c-4.719,0.0,-8.533,3.823,-8.533,8.533c0.0,89.404,72.73,162.133,162.133,162.133c4.719,0.0,8.533,-3.823,8.533,-8.533S494.741,431.619,490.022,431.619z"">
    </path>
    <path d=""M293.755,286.552c0.0,-4.71,-3.814,-8.533,-8.533,-8.533c-4.719,0.0,-8.533,3.823,-8.533,8.533c0.0,136.602,33.323,221.491,34.739,225.041c1.331,3.328,4.54,5.359,7.927,5.359c1.05,0.0,2.125,-0.196,3.166,-0.614c4.378,-1.741,6.502,-6.707,4.762,-11.085C326.95,504.417,293.755,419.612,293.755,286.552z"">
    </path>
    <path d=""M293.755,192.685c0.0,9.412,7.654,17.067,17.067,17.067s17.067,-7.654,17.067,-17.067s-7.654,-17.067,-17.067,-17.067S293.755,183.273,293.755,192.685z"">
    </path>
   </g>
  </g>
 </g>
</svg>


Question: How many tentacles does the object have?",Four,Five,Seven,Six,D,animal
86,"Examine the following SVG code carefully and answer the question based on your interpretation of the rendered image.

<svg id=""Layer_1"" style=""enable-background:new 0 0 512 512;"" version=""1.1"" viewbox=""0 0 512 512"" x=""0px"" xml:space=""preserve"" y=""0px"">
 <g>
  <g>
   <g>
    <path d=""M208.422,209.752c9.412,0.0,17.067,-7.654,17.067,-17.067s-7.654,-17.067,-17.067,-17.067c-9.412,0.0,-17.067,7.654,-17.067,17.067S199.01,209.752,208.422,209.752z"">
    </path>
    <path d=""M182.822,278.019c-4.71,0.0,-8.533,3.823,-8.533,8.533c0.0,79.991,-65.075,145.067,-145.067,145.067c-4.71,0.0,-8.533,3.823,-8.533,8.533s3.823,8.533,8.533,8.533c89.404,0.0,162.133,-72.73,162.133,-162.133C191.355,281.842,187.532,278.019,182.822,278.019z"">
    </path>
    <path d=""M379.089,141.485V286.552c0.0,37.641,30.626,68.267,68.267,68.267c37.641,0.0,68.267,-30.626,68.267,-68.267c0.0,-4.71,-3.814,-8.533,-8.533,-8.533c-4.719,0.0,-8.533,3.823,-8.533,8.533c0.0,28.237,-22.963,51.2,-51.2,51.2c-28.237,0.0,-51.2,-22.963,-51.2,-51.2V141.485C396.155,66.204,334.903,4.952,259.622,4.952S123.089,66.204,123.089,141.485V286.552c0.0,28.237,-22.963,51.2,-51.2,51.2s-51.2,-22.963,-51.2,-51.2c0.0,-4.71,-3.823,-8.533,-8.533,-8.533S3.622,281.842,3.622,286.552c0.0,37.641,30.626,68.267,68.267,68.267c37.641,0.0,68.267,-30.626,68.267,-68.267V141.485c0.0,-65.877,53.589,-119.467,119.467,-119.467S379.089,75.608,379.089,141.485z"">
    </path>
    <path d=""M234.022,278.019c-4.71,0.0,-8.533,3.823,-8.533,8.533c0.0,133.06,-33.195,217.865,-33.528,218.701c-1.741,4.378,0.393,9.344,4.762,11.085c1.041,0.418,2.108,0.614,3.166,0.614c3.388,0.0,6.588,-2.031,7.927,-5.359c1.417,-3.55,34.739,-88.44,34.739,-225.041C242.555,281.842,238.732,278.019,234.022,278.019z"">
    </path>
    <path d=""M490.022,431.619c-79.991,0.0,-145.067,-65.075,-145.067,-145.067c0.0,-4.71,-3.814,-8.533,-8.533,-8.533c-4.719,0.0,-8.533,3.823,-8.533,8.533c0.0,89.404,72.73,162.133,162.133,162.133c4.719,0.0,8.533,-3.823,8.533,-8.533S494.741,431.619,490.022,431.619z"">
    </path>
    <path d=""M293.755,286.552c0.0,-4.71,-3.814,-8.533,-8.533,-8.533c-4.719,0.0,-8.533,3.823,-8.533,8.533c0.0,136.602,33.323,221.491,34.739,225.041c1.331,3.328,4.54,5.359,7.927,5.359c1.05,0.0,2.125,-0.196,3.166,-0.614c4.378,-1.741,6.502,-6.707,4.762,-11.085C326.95,504.417,293.755,419.612,293.755,286.552z"">
    </path>
    <path d=""M293.755,192.685c0.0,9.412,7.654,17.067,17.067,17.067s17.067,-7.654,17.067,-17.067s-7.654,-17.067,-17.067,-17.067S293.755,183.273,293.755,192.685z"">
    </path>
   </g>
  </g>
 </g>
</svg>


Question: What shape is the head of the object?",Square,Triangle,Circle,Oval,D,animal
87,"Examine the following SVG code carefully and answer the question based on your interpretation of the rendered image.

<svg id=""Layer_1"" style=""enable-background:new 0 0 512 512;"" version=""1.1"" viewbox=""0 0 512 512"" x=""0px"" xml:space=""preserve"" y=""0px"">
 <g>
  <g>
   <g>
    <path d=""M208.422,209.752c9.412,0.0,17.067,-7.654,17.067,-17.067s-7.654,-17.067,-17.067,-17.067c-9.412,0.0,-17.067,7.654,-17.067,17.067S199.01,209.752,208.422,209.752z"">
    </path>
    <path d=""M182.822,278.019c-4.71,0.0,-8.533,3.823,-8.533,8.533c0.0,79.991,-65.075,145.067,-145.067,145.067c-4.71,0.0,-8.533,3.823,-8.533,8.533s3.823,8.533,8.533,8.533c89.404,0.0,162.133,-72.73,162.133,-162.133C191.355,281.842,187.532,278.019,182.822,278.019z"">
    </path>
    <path d=""M379.089,141.485V286.552c0.0,37.641,30.626,68.267,68.267,68.267c37.641,0.0,68.267,-30.626,68.267,-68.267c0.0,-4.71,-3.814,-8.533,-8.533,-8.533c-4.719,0.0,-8.533,3.823,-8.533,8.533c0.0,28.237,-22.963,51.2,-51.2,51.2c-28.237,0.0,-51.2,-22.963,-51.2,-51.2V141.485C396.155,66.204,334.903,4.952,259.622,4.952S123.089,66.204,123.089,141.485V286.552c0.0,28.237,-22.963,51.2,-51.2,51.2s-51.2,-22.963,-51.2,-51.2c0.0,-4.71,-3.823,-8.533,-8.533,-8.533S3.622,281.842,3.622,286.552c0.0,37.641,30.626,68.267,68.267,68.267c37.641,0.0,68.267,-30.626,68.267,-68.267V141.485c0.0,-65.877,53.589,-119.467,119.467,-119.467S379.089,75.608,379.089,141.485z"">
    </path>
    <path d=""M234.022,278.019c-4.71,0.0,-8.533,3.823,-8.533,8.533c0.0,133.06,-33.195,217.865,-33.528,218.701c-1.741,4.378,0.393,9.344,4.762,11.085c1.041,0.418,2.108,0.614,3.166,0.614c3.388,0.0,6.588,-2.031,7.927,-5.359c1.417,-3.55,34.739,-88.44,34.739,-225.041C242.555,281.842,238.732,278.019,234.022,278.019z"">
    </path>
    <path d=""M490.022,431.619c-79.991,0.0,-145.067,-65.075,-145.067,-145.067c0.0,-4.71,-3.814,-8.533,-8.533,-8.533c-4.719,0.0,-8.533,3.823,-8.533,8.533c0.0,89.404,72.73,162.133,162.133,162.133c4.719,0.0,8.533,-3.823,8.533,-8.533S494.741,431.619,490.022,431.619z"">
    </path>
    <path d=""M293.755,286.552c0.0,-4.71,-3.814,-8.533,-8.533,-8.533c-4.719,0.0,-8.533,3.823,-8.533,8.533c0.0,136.602,33.323,221.491,34.739,225.041c1.331,3.328,4.54,5.359,7.927,5.359c1.05,0.0,2.125,-0.196,3.166,-0.614c4.378,-1.741,6.502,-6.707,4.762,-11.085C326.95,504.417,293.755,419.612,293.755,286.552z"">
    </path>
    <path d=""M293.755,192.685c0.0,9.412,7.654,17.067,17.067,17.067s17.067,-7.654,17.067,-17.067s-7.654,-17.067,-17.067,-17.067S293.755,183.273,293.755,192.685z"">
    </path>
   </g>
  </g>
 </g>
</svg>


Question: What is the object in the image?",cat,tree,octopus,car,C,animal
112,"Examine the following SVG code carefully and answer the question based on your interpretation of the rendered image.

<svg height=""205.572px"" id=""Capa_1"" style=""enable-background:new 0 0 205.572 205.572;"" version=""1.1"" viewbox=""0 0 205.572 205.572"" width=""205.572px"" x=""0px"" xml:space=""preserve"" y=""0px"">
 <g>
  <g id=""r2Th6c.tif"">
   <g>
    <g>
     <path d=""M131.929,156.733c-4.474,7.084,-8.267,13.635,-8.896,21.525c-0.233,2.824,-0.99,5.611,-1.152,8.435c-0.143,2.626,0.64,5.002,2.574,7.089c1.468,1.574,2.447,3.631,3.479,5.57c0.812,1.514,0.259,2.641,-1.482,2.697c-3.098,0.096,-6.221,0.0,-9.313,-0.311c-1.528,-0.157,-2.407,-1.066,-1.843,-3.047c0.939,-3.311,0.432,-6.402,-2.397,-8.825c-0.949,-0.812,-1.117,-1.889,-0.716,-3.184c1.127,-3.58,2.168,-7.181,3.118,-10.812c2.609,-10.003,5.367,-19.971,7.637,-30.051c1.331,-5.916,1.95,-12.0,2.702,-18.027c0.604,-4.945,-0.3,-5.896,-5.51,-5.891c-11.18,0.016,-22.298,-0.771,-33.228,-3.138c-4.908,-1.057,-9.691,-2.727,-14.513,-4.194c-2.471,-0.746,-4.867,-1.762,-7.348,-2.453c-3.15,-0.878,-6.124,-0.919,-8.158,2.382c-1.28,2.082,-3.046,3.895,-4.083,6.078c-2.48,5.251,-5.121,10.507,-6.833,16.026c-1.747,5.642,-2.46,11.604,-3.613,17.423c-0.074,0.376,-0.005,0.787,-0.104,1.157c-2.455,9.572,0.488,18.423,3.682,27.219c1.658,4.56,4.118,8.47,8.292,11.379c1.759,1.225,2.689,3.737,3.76,5.794c0.589,1.122,-0.282,2.133,-1.374,2.347c-3.748,0.716,-7.513,0.619,-11.07,-0.833c-0.716,-0.3,-1.574,-1.757,-1.409,-2.438c0.625,-2.549,-0.805,-3.956,-2.422,-5.281c-3.095,-2.528,-4.207,-5.87,-4.987,-9.709c-1.825,-8.988,-4.128,-17.874,-6.261,-26.802c-0.046,-0.192,-0.353,-0.31,-0.759,-0.64c-1.648,2.61,-1.663,5.561,-2.194,8.399c-1.482,7.906,0.165,15.767,0.145,23.652c-0.005,3.332,1.726,6.17,4.167,8.511c3.123,2.996,3.529,3.743,5.324,9.171c-4.883,1.661,-9.48,1.255,-14.229,-0.792c1.863,-5.353,0.005,-9.231,-3.524,-12.553c-1.478,-1.396,-2.247,-3.017,-2.643,-5.032c-0.502,-2.554,-1.485,-5.012,-2.915,-7.327c0.0,2.863,0.0,5.723,0.0,8.587c-0.127,0.025,-0.256,0.045,-0.381,0.076c-0.333,-2.453,-0.665,-4.9,-0.998,-7.354c-0.229,2.747,-1.871,4.891,-3.501,7.942c1.645,-7.262,0.485,-13.609,-0.66,-20.048c-1.059,-5.977,-1.569,-12.081,-1.836,-18.154c-0.289,-6.586,0.564,-13.258,-0.14,-19.778c-0.858,-7.952,0.774,-15.66,1.016,-23.485c0.201,-6.833,0.473,-13.701,1.371,-20.467c0.66,-4.954,2.143,-9.849,3.725,-14.612c1.064,-3.217,3.301,-5.87,6.312,-7.683c3.879,-2.341,7.774,-4.535,12.286,-5.622c2.585,-0.625,4.951,-2.196,7.368,-3.438c5.7,-2.922,11.624,-4.436,18.024,-2.965c4.789,1.104,9.661,1.978,14.31,3.511c10.789,3.552,21.881,3.857,33.05,3.697c0.889,-0.011,1.782,-0.287,2.65,-0.526c5.995,-1.627,11.961,-3.339,17.979,-4.882c3.012,-0.774,5.408,-2.199,7.338,-4.72c2.122,-2.767,4.585,-5.273,6.901,-7.894c2.549,-2.897,5.103,-5.794,7.743,-8.788c-0.035,0.676,4.438,-5.06,5.987,-6.611c6.597,-6.617,14.396,-11.418,23.023,-14.871c2.676,-1.071,4.748,-2.381,5.835,-5.21c0.965,-2.501,2.985,-4.169,5.661,-5.542c0.0,2.272,0.0,4.327,0.0,6.093c5.073,2.534,9.466,0.724,14.143,-0.987c0.3,2.643,-1.325,3.994,-2.417,5.367c-1.315,1.658,-1.244,2.963,-0.604,4.918c1.163,3.537,1.818,7.254,2.523,10.931c0.184,0.947,0.062,2.204,-0.446,2.991c-2.244,3.499,-1.731,7.264,-1.102,10.941c0.543,3.166,1.401,6.327,2.569,9.318c0.924,2.372,0.66,4.501,-0.016,6.733c-0.188,0.612,-0.538,1.175,-0.828,1.757c-3.315,6.645,-2.229,6.337,-10.231,6.312c-3.621,-0.01,-5.54,-1.513,-6.119,-5.226c-0.655,-4.169,-3.341,-6.822,-5.916,-9.828c-2.173,1.229,-2.387,3.329,-2.712,5.086c-2.229,11.902,-6.22,23.206,-11.06,34.266c-0.965,2.191,-1.036,4.776,-1.482,7.183c-0.563,3.057,-1.011,6.137,-1.636,9.178c-1.122,5.469,-3.519,10.309,-7.718,14.071c-1.955,1.747,-2.778,3.854,-3.377,6.332c-2.245,9.293,-4.642,18.545,-7.099,27.787c-1.32,4.976,-3.088,9.841,-4.251,14.853c-0.695,3.001,-0.838,6.175,-0.833,9.277c0.011,3.859,0.138,7.77,0.803,11.558c0.351,2.026,1.554,4.266,3.062,5.662c2.64,2.453,3.103,5.84,5.062,8.506c-3.85,2.193,-8.968,2.255,-14.229,0.335c-0.29,-2.098,-0.406,-4.286,-0.944,-6.378c-0.432,-1.686,-1.447,-3.209,-2.052,-4.859c-0.376,-1.011,-0.752,-2.153,-0.655,-3.194c0.803,-9.028,1.752,-18.053,2.569,-27.086C132.076,161.379,131.929,159.429,131.929,156.733zM19.089,142.205c1.186,-2.012,2.298,-3.565,3.072,-5.271c2.519,-5.545,2.709,-11.517,3.07,-17.469c0.186,-3.066,-0.312,-5.92,-1.528,-8.683c-1.706,-3.88,-3.443,-7.749,-5.165,-11.624c-0.927,6.982,0.62,13.919,0.566,20.906C19.048,127.164,19.089,134.273,19.089,142.205z"">
     </path>
    </g>
   </g>
  </g>
 </g>
</svg>


Question: What is the primary color of the object in the image?",Black,Blue,Red,Green,A,animal
113,"Examine the following SVG code carefully and answer the question based on your interpretation of the rendered image.

<svg height=""205.572px"" id=""Capa_1"" style=""enable-background:new 0 0 205.572 205.572;"" version=""1.1"" viewbox=""0 0 205.572 205.572"" width=""205.572px"" x=""0px"" xml:space=""preserve"" y=""0px"">
 <g>
  <g id=""r2Th6c.tif"">
   <g>
    <g>
     <path d=""M131.929,156.733c-4.474,7.084,-8.267,13.635,-8.896,21.525c-0.233,2.824,-0.99,5.611,-1.152,8.435c-0.143,2.626,0.64,5.002,2.574,7.089c1.468,1.574,2.447,3.631,3.479,5.57c0.812,1.514,0.259,2.641,-1.482,2.697c-3.098,0.096,-6.221,0.0,-9.313,-0.311c-1.528,-0.157,-2.407,-1.066,-1.843,-3.047c0.939,-3.311,0.432,-6.402,-2.397,-8.825c-0.949,-0.812,-1.117,-1.889,-0.716,-3.184c1.127,-3.58,2.168,-7.181,3.118,-10.812c2.609,-10.003,5.367,-19.971,7.637,-30.051c1.331,-5.916,1.95,-12.0,2.702,-18.027c0.604,-4.945,-0.3,-5.896,-5.51,-5.891c-11.18,0.016,-22.298,-0.771,-33.228,-3.138c-4.908,-1.057,-9.691,-2.727,-14.513,-4.194c-2.471,-0.746,-4.867,-1.762,-7.348,-2.453c-3.15,-0.878,-6.124,-0.919,-8.158,2.382c-1.28,2.082,-3.046,3.895,-4.083,6.078c-2.48,5.251,-5.121,10.507,-6.833,16.026c-1.747,5.642,-2.46,11.604,-3.613,17.423c-0.074,0.376,-0.005,0.787,-0.104,1.157c-2.455,9.572,0.488,18.423,3.682,27.219c1.658,4.56,4.118,8.47,8.292,11.379c1.759,1.225,2.689,3.737,3.76,5.794c0.589,1.122,-0.282,2.133,-1.374,2.347c-3.748,0.716,-7.513,0.619,-11.07,-0.833c-0.716,-0.3,-1.574,-1.757,-1.409,-2.438c0.625,-2.549,-0.805,-3.956,-2.422,-5.281c-3.095,-2.528,-4.207,-5.87,-4.987,-9.709c-1.825,-8.988,-4.128,-17.874,-6.261,-26.802c-0.046,-0.192,-0.353,-0.31,-0.759,-0.64c-1.648,2.61,-1.663,5.561,-2.194,8.399c-1.482,7.906,0.165,15.767,0.145,23.652c-0.005,3.332,1.726,6.17,4.167,8.511c3.123,2.996,3.529,3.743,5.324,9.171c-4.883,1.661,-9.48,1.255,-14.229,-0.792c1.863,-5.353,0.005,-9.231,-3.524,-12.553c-1.478,-1.396,-2.247,-3.017,-2.643,-5.032c-0.502,-2.554,-1.485,-5.012,-2.915,-7.327c0.0,2.863,0.0,5.723,0.0,8.587c-0.127,0.025,-0.256,0.045,-0.381,0.076c-0.333,-2.453,-0.665,-4.9,-0.998,-7.354c-0.229,2.747,-1.871,4.891,-3.501,7.942c1.645,-7.262,0.485,-13.609,-0.66,-20.048c-1.059,-5.977,-1.569,-12.081,-1.836,-18.154c-0.289,-6.586,0.564,-13.258,-0.14,-19.778c-0.858,-7.952,0.774,-15.66,1.016,-23.485c0.201,-6.833,0.473,-13.701,1.371,-20.467c0.66,-4.954,2.143,-9.849,3.725,-14.612c1.064,-3.217,3.301,-5.87,6.312,-7.683c3.879,-2.341,7.774,-4.535,12.286,-5.622c2.585,-0.625,4.951,-2.196,7.368,-3.438c5.7,-2.922,11.624,-4.436,18.024,-2.965c4.789,1.104,9.661,1.978,14.31,3.511c10.789,3.552,21.881,3.857,33.05,3.697c0.889,-0.011,1.782,-0.287,2.65,-0.526c5.995,-1.627,11.961,-3.339,17.979,-4.882c3.012,-0.774,5.408,-2.199,7.338,-4.72c2.122,-2.767,4.585,-5.273,6.901,-7.894c2.549,-2.897,5.103,-5.794,7.743,-8.788c-0.035,0.676,4.438,-5.06,5.987,-6.611c6.597,-6.617,14.396,-11.418,23.023,-14.871c2.676,-1.071,4.748,-2.381,5.835,-5.21c0.965,-2.501,2.985,-4.169,5.661,-5.542c0.0,2.272,0.0,4.327,0.0,6.093c5.073,2.534,9.466,0.724,14.143,-0.987c0.3,2.643,-1.325,3.994,-2.417,5.367c-1.315,1.658,-1.244,2.963,-0.604,4.918c1.163,3.537,1.818,7.254,2.523,10.931c0.184,0.947,0.062,2.204,-0.446,2.991c-2.244,3.499,-1.731,7.264,-1.102,10.941c0.543,3.166,1.401,6.327,2.569,9.318c0.924,2.372,0.66,4.501,-0.016,6.733c-0.188,0.612,-0.538,1.175,-0.828,1.757c-3.315,6.645,-2.229,6.337,-10.231,6.312c-3.621,-0.01,-5.54,-1.513,-6.119,-5.226c-0.655,-4.169,-3.341,-6.822,-5.916,-9.828c-2.173,1.229,-2.387,3.329,-2.712,5.086c-2.229,11.902,-6.22,23.206,-11.06,34.266c-0.965,2.191,-1.036,4.776,-1.482,7.183c-0.563,3.057,-1.011,6.137,-1.636,9.178c-1.122,5.469,-3.519,10.309,-7.718,14.071c-1.955,1.747,-2.778,3.854,-3.377,6.332c-2.245,9.293,-4.642,18.545,-7.099,27.787c-1.32,4.976,-3.088,9.841,-4.251,14.853c-0.695,3.001,-0.838,6.175,-0.833,9.277c0.011,3.859,0.138,7.77,0.803,11.558c0.351,2.026,1.554,4.266,3.062,5.662c2.64,2.453,3.103,5.84,5.062,8.506c-3.85,2.193,-8.968,2.255,-14.229,0.335c-0.29,-2.098,-0.406,-4.286,-0.944,-6.378c-0.432,-1.686,-1.447,-3.209,-2.052,-4.859c-0.376,-1.011,-0.752,-2.153,-0.655,-3.194c0.803,-9.028,1.752,-18.053,2.569,-27.086C132.076,161.379,131.929,159.429,131.929,156.733zM19.089,142.205c1.186,-2.012,2.298,-3.565,3.072,-5.271c2.519,-5.545,2.709,-11.517,3.07,-17.469c0.186,-3.066,-0.312,-5.92,-1.528,-8.683c-1.706,-3.88,-3.443,-7.749,-5.165,-11.624c-0.927,6.982,0.62,13.919,0.566,20.906C19.048,127.164,19.089,134.273,19.089,142.205z"">
     </path>
    </g>
   </g>
  </g>
 </g>
</svg>


Question: How many legs does the object in the image have?",Two,Three,Five,Four,D,animal
114,"Examine the following SVG code carefully and answer the question based on your interpretation of the rendered image.

<svg height=""205.572px"" id=""Capa_1"" style=""enable-background:new 0 0 205.572 205.572;"" version=""1.1"" viewbox=""0 0 205.572 205.572"" width=""205.572px"" x=""0px"" xml:space=""preserve"" y=""0px"">
 <g>
  <g id=""r2Th6c.tif"">
   <g>
    <g>
     <path d=""M131.929,156.733c-4.474,7.084,-8.267,13.635,-8.896,21.525c-0.233,2.824,-0.99,5.611,-1.152,8.435c-0.143,2.626,0.64,5.002,2.574,7.089c1.468,1.574,2.447,3.631,3.479,5.57c0.812,1.514,0.259,2.641,-1.482,2.697c-3.098,0.096,-6.221,0.0,-9.313,-0.311c-1.528,-0.157,-2.407,-1.066,-1.843,-3.047c0.939,-3.311,0.432,-6.402,-2.397,-8.825c-0.949,-0.812,-1.117,-1.889,-0.716,-3.184c1.127,-3.58,2.168,-7.181,3.118,-10.812c2.609,-10.003,5.367,-19.971,7.637,-30.051c1.331,-5.916,1.95,-12.0,2.702,-18.027c0.604,-4.945,-0.3,-5.896,-5.51,-5.891c-11.18,0.016,-22.298,-0.771,-33.228,-3.138c-4.908,-1.057,-9.691,-2.727,-14.513,-4.194c-2.471,-0.746,-4.867,-1.762,-7.348,-2.453c-3.15,-0.878,-6.124,-0.919,-8.158,2.382c-1.28,2.082,-3.046,3.895,-4.083,6.078c-2.48,5.251,-5.121,10.507,-6.833,16.026c-1.747,5.642,-2.46,11.604,-3.613,17.423c-0.074,0.376,-0.005,0.787,-0.104,1.157c-2.455,9.572,0.488,18.423,3.682,27.219c1.658,4.56,4.118,8.47,8.292,11.379c1.759,1.225,2.689,3.737,3.76,5.794c0.589,1.122,-0.282,2.133,-1.374,2.347c-3.748,0.716,-7.513,0.619,-11.07,-0.833c-0.716,-0.3,-1.574,-1.757,-1.409,-2.438c0.625,-2.549,-0.805,-3.956,-2.422,-5.281c-3.095,-2.528,-4.207,-5.87,-4.987,-9.709c-1.825,-8.988,-4.128,-17.874,-6.261,-26.802c-0.046,-0.192,-0.353,-0.31,-0.759,-0.64c-1.648,2.61,-1.663,5.561,-2.194,8.399c-1.482,7.906,0.165,15.767,0.145,23.652c-0.005,3.332,1.726,6.17,4.167,8.511c3.123,2.996,3.529,3.743,5.324,9.171c-4.883,1.661,-9.48,1.255,-14.229,-0.792c1.863,-5.353,0.005,-9.231,-3.524,-12.553c-1.478,-1.396,-2.247,-3.017,-2.643,-5.032c-0.502,-2.554,-1.485,-5.012,-2.915,-7.327c0.0,2.863,0.0,5.723,0.0,8.587c-0.127,0.025,-0.256,0.045,-0.381,0.076c-0.333,-2.453,-0.665,-4.9,-0.998,-7.354c-0.229,2.747,-1.871,4.891,-3.501,7.942c1.645,-7.262,0.485,-13.609,-0.66,-20.048c-1.059,-5.977,-1.569,-12.081,-1.836,-18.154c-0.289,-6.586,0.564,-13.258,-0.14,-19.778c-0.858,-7.952,0.774,-15.66,1.016,-23.485c0.201,-6.833,0.473,-13.701,1.371,-20.467c0.66,-4.954,2.143,-9.849,3.725,-14.612c1.064,-3.217,3.301,-5.87,6.312,-7.683c3.879,-2.341,7.774,-4.535,12.286,-5.622c2.585,-0.625,4.951,-2.196,7.368,-3.438c5.7,-2.922,11.624,-4.436,18.024,-2.965c4.789,1.104,9.661,1.978,14.31,3.511c10.789,3.552,21.881,3.857,33.05,3.697c0.889,-0.011,1.782,-0.287,2.65,-0.526c5.995,-1.627,11.961,-3.339,17.979,-4.882c3.012,-0.774,5.408,-2.199,7.338,-4.72c2.122,-2.767,4.585,-5.273,6.901,-7.894c2.549,-2.897,5.103,-5.794,7.743,-8.788c-0.035,0.676,4.438,-5.06,5.987,-6.611c6.597,-6.617,14.396,-11.418,23.023,-14.871c2.676,-1.071,4.748,-2.381,5.835,-5.21c0.965,-2.501,2.985,-4.169,5.661,-5.542c0.0,2.272,0.0,4.327,0.0,6.093c5.073,2.534,9.466,0.724,14.143,-0.987c0.3,2.643,-1.325,3.994,-2.417,5.367c-1.315,1.658,-1.244,2.963,-0.604,4.918c1.163,3.537,1.818,7.254,2.523,10.931c0.184,0.947,0.062,2.204,-0.446,2.991c-2.244,3.499,-1.731,7.264,-1.102,10.941c0.543,3.166,1.401,6.327,2.569,9.318c0.924,2.372,0.66,4.501,-0.016,6.733c-0.188,0.612,-0.538,1.175,-0.828,1.757c-3.315,6.645,-2.229,6.337,-10.231,6.312c-3.621,-0.01,-5.54,-1.513,-6.119,-5.226c-0.655,-4.169,-3.341,-6.822,-5.916,-9.828c-2.173,1.229,-2.387,3.329,-2.712,5.086c-2.229,11.902,-6.22,23.206,-11.06,34.266c-0.965,2.191,-1.036,4.776,-1.482,7.183c-0.563,3.057,-1.011,6.137,-1.636,9.178c-1.122,5.469,-3.519,10.309,-7.718,14.071c-1.955,1.747,-2.778,3.854,-3.377,6.332c-2.245,9.293,-4.642,18.545,-7.099,27.787c-1.32,4.976,-3.088,9.841,-4.251,14.853c-0.695,3.001,-0.838,6.175,-0.833,9.277c0.011,3.859,0.138,7.77,0.803,11.558c0.351,2.026,1.554,4.266,3.062,5.662c2.64,2.453,3.103,5.84,5.062,8.506c-3.85,2.193,-8.968,2.255,-14.229,0.335c-0.29,-2.098,-0.406,-4.286,-0.944,-6.378c-0.432,-1.686,-1.447,-3.209,-2.052,-4.859c-0.376,-1.011,-0.752,-2.153,-0.655,-3.194c0.803,-9.028,1.752,-18.053,2.569,-27.086C132.076,161.379,131.929,159.429,131.929,156.733zM19.089,142.205c1.186,-2.012,2.298,-3.565,3.072,-5.271c2.519,-5.545,2.709,-11.517,3.07,-17.469c0.186,-3.066,-0.312,-5.92,-1.528,-8.683c-1.706,-3.88,-3.443,-7.749,-5.165,-11.624c-0.927,6.982,0.62,13.919,0.566,20.906C19.048,127.164,19.089,134.273,19.089,142.205z"">
     </path>
    </g>
   </g>
  </g>
 </g>
</svg>


Question: What is the shape of the object’s head?",Round,Square,Triangular,Horse-like,D,animal
115,"Examine the following SVG code carefully and answer the question based on your interpretation of the rendered image.

<svg height=""205.572px"" id=""Capa_1"" style=""enable-background:new 0 0 205.572 205.572;"" version=""1.1"" viewbox=""0 0 205.572 205.572"" width=""205.572px"" x=""0px"" xml:space=""preserve"" y=""0px"">
 <g>
  <g id=""r2Th6c.tif"">
   <g>
    <g>
     <path d=""M131.929,156.733c-4.474,7.084,-8.267,13.635,-8.896,21.525c-0.233,2.824,-0.99,5.611,-1.152,8.435c-0.143,2.626,0.64,5.002,2.574,7.089c1.468,1.574,2.447,3.631,3.479,5.57c0.812,1.514,0.259,2.641,-1.482,2.697c-3.098,0.096,-6.221,0.0,-9.313,-0.311c-1.528,-0.157,-2.407,-1.066,-1.843,-3.047c0.939,-3.311,0.432,-6.402,-2.397,-8.825c-0.949,-0.812,-1.117,-1.889,-0.716,-3.184c1.127,-3.58,2.168,-7.181,3.118,-10.812c2.609,-10.003,5.367,-19.971,7.637,-30.051c1.331,-5.916,1.95,-12.0,2.702,-18.027c0.604,-4.945,-0.3,-5.896,-5.51,-5.891c-11.18,0.016,-22.298,-0.771,-33.228,-3.138c-4.908,-1.057,-9.691,-2.727,-14.513,-4.194c-2.471,-0.746,-4.867,-1.762,-7.348,-2.453c-3.15,-0.878,-6.124,-0.919,-8.158,2.382c-1.28,2.082,-3.046,3.895,-4.083,6.078c-2.48,5.251,-5.121,10.507,-6.833,16.026c-1.747,5.642,-2.46,11.604,-3.613,17.423c-0.074,0.376,-0.005,0.787,-0.104,1.157c-2.455,9.572,0.488,18.423,3.682,27.219c1.658,4.56,4.118,8.47,8.292,11.379c1.759,1.225,2.689,3.737,3.76,5.794c0.589,1.122,-0.282,2.133,-1.374,2.347c-3.748,0.716,-7.513,0.619,-11.07,-0.833c-0.716,-0.3,-1.574,-1.757,-1.409,-2.438c0.625,-2.549,-0.805,-3.956,-2.422,-5.281c-3.095,-2.528,-4.207,-5.87,-4.987,-9.709c-1.825,-8.988,-4.128,-17.874,-6.261,-26.802c-0.046,-0.192,-0.353,-0.31,-0.759,-0.64c-1.648,2.61,-1.663,5.561,-2.194,8.399c-1.482,7.906,0.165,15.767,0.145,23.652c-0.005,3.332,1.726,6.17,4.167,8.511c3.123,2.996,3.529,3.743,5.324,9.171c-4.883,1.661,-9.48,1.255,-14.229,-0.792c1.863,-5.353,0.005,-9.231,-3.524,-12.553c-1.478,-1.396,-2.247,-3.017,-2.643,-5.032c-0.502,-2.554,-1.485,-5.012,-2.915,-7.327c0.0,2.863,0.0,5.723,0.0,8.587c-0.127,0.025,-0.256,0.045,-0.381,0.076c-0.333,-2.453,-0.665,-4.9,-0.998,-7.354c-0.229,2.747,-1.871,4.891,-3.501,7.942c1.645,-7.262,0.485,-13.609,-0.66,-20.048c-1.059,-5.977,-1.569,-12.081,-1.836,-18.154c-0.289,-6.586,0.564,-13.258,-0.14,-19.778c-0.858,-7.952,0.774,-15.66,1.016,-23.485c0.201,-6.833,0.473,-13.701,1.371,-20.467c0.66,-4.954,2.143,-9.849,3.725,-14.612c1.064,-3.217,3.301,-5.87,6.312,-7.683c3.879,-2.341,7.774,-4.535,12.286,-5.622c2.585,-0.625,4.951,-2.196,7.368,-3.438c5.7,-2.922,11.624,-4.436,18.024,-2.965c4.789,1.104,9.661,1.978,14.31,3.511c10.789,3.552,21.881,3.857,33.05,3.697c0.889,-0.011,1.782,-0.287,2.65,-0.526c5.995,-1.627,11.961,-3.339,17.979,-4.882c3.012,-0.774,5.408,-2.199,7.338,-4.72c2.122,-2.767,4.585,-5.273,6.901,-7.894c2.549,-2.897,5.103,-5.794,7.743,-8.788c-0.035,0.676,4.438,-5.06,5.987,-6.611c6.597,-6.617,14.396,-11.418,23.023,-14.871c2.676,-1.071,4.748,-2.381,5.835,-5.21c0.965,-2.501,2.985,-4.169,5.661,-5.542c0.0,2.272,0.0,4.327,0.0,6.093c5.073,2.534,9.466,0.724,14.143,-0.987c0.3,2.643,-1.325,3.994,-2.417,5.367c-1.315,1.658,-1.244,2.963,-0.604,4.918c1.163,3.537,1.818,7.254,2.523,10.931c0.184,0.947,0.062,2.204,-0.446,2.991c-2.244,3.499,-1.731,7.264,-1.102,10.941c0.543,3.166,1.401,6.327,2.569,9.318c0.924,2.372,0.66,4.501,-0.016,6.733c-0.188,0.612,-0.538,1.175,-0.828,1.757c-3.315,6.645,-2.229,6.337,-10.231,6.312c-3.621,-0.01,-5.54,-1.513,-6.119,-5.226c-0.655,-4.169,-3.341,-6.822,-5.916,-9.828c-2.173,1.229,-2.387,3.329,-2.712,5.086c-2.229,11.902,-6.22,23.206,-11.06,34.266c-0.965,2.191,-1.036,4.776,-1.482,7.183c-0.563,3.057,-1.011,6.137,-1.636,9.178c-1.122,5.469,-3.519,10.309,-7.718,14.071c-1.955,1.747,-2.778,3.854,-3.377,6.332c-2.245,9.293,-4.642,18.545,-7.099,27.787c-1.32,4.976,-3.088,9.841,-4.251,14.853c-0.695,3.001,-0.838,6.175,-0.833,9.277c0.011,3.859,0.138,7.77,0.803,11.558c0.351,2.026,1.554,4.266,3.062,5.662c2.64,2.453,3.103,5.84,5.062,8.506c-3.85,2.193,-8.968,2.255,-14.229,0.335c-0.29,-2.098,-0.406,-4.286,-0.944,-6.378c-0.432,-1.686,-1.447,-3.209,-2.052,-4.859c-0.376,-1.011,-0.752,-2.153,-0.655,-3.194c0.803,-9.028,1.752,-18.053,2.569,-27.086C132.076,161.379,131.929,159.429,131.929,156.733zM19.089,142.205c1.186,-2.012,2.298,-3.565,3.072,-5.271c2.519,-5.545,2.709,-11.517,3.07,-17.469c0.186,-3.066,-0.312,-5.92,-1.528,-8.683c-1.706,-3.88,-3.443,-7.749,-5.165,-11.624c-0.927,6.982,0.62,13.919,0.566,20.906C19.048,127.164,19.089,134.273,19.089,142.205z"">
     </path>
    </g>
   </g>
  </g>
 </g>
</svg>


Question: What type of animal is represented by the object in the image?",Horse,Cat,Dog,Elephant,A,animal
132,"Examine the following SVG code carefully and answer the question based on your interpretation of the rendered image.

<svg id=""Layer_1"" style=""enable-background:new 0 0 508 508;"" version=""1.1"" viewbox=""0 0 508 508"" x=""0px"" xml:space=""preserve"" y=""0px"">
 <circle cx=""258.157"" cy=""258.117"" r=""254"" style=""fill:#FFD05B;"">
 </circle>
 <path d=""M96.557,454.117c44.0,36.4,100.0,58.0,161.6,58.0s117.6,-21.6,161.6,-58.0H96.557z"" style=""fill:#F9B54C;"">
 </path>
 <path d=""M191.757,243.317c0.0,0.0,14.8,74.8,11.6,97.6c0.0,0.0,-14.4,13.6,-1.6,19.6l27.6,-1.6c0.0,0.0,6.0,-118.8,-10.8,-126.4C201.357,224.917,191.757,243.317,191.757,243.317z"" style=""fill:#2B3B4E;"">
 </path>
 <path d=""M146.557,304.517c0.0,0.0,12.0,0.0,9.6,-23.6c0.0,0.0,42.0,-36.8,59.6,-36.0c0.0,0.0,16.8,80.0,6.0,104.4c0.0,0.0,-11.2,23.2,11.2,17.2l31.6,0.8c0.0,0.0,6.4,-12.0,-13.6,-23.6c0.0,0.0,12.4,-73.6,35.2,-96.8c0.0,0.0,26.0,6.4,34.8,0.4c0.0,0.0,40.4,29.6,45.2,51.6c0.0,0.0,19.6,45.2,36.8,49.2c0.0,0.0,48.4,21.6,47.6,-54.8l-13.2,-4.8c0.0,0.0,0.8,40.4,-17.2,43.6c0.0,0.0,-23.6,-12.8,-11.2,-56.0c0.0,0.0,-2.0,-30.8,13.2,-48.8c0.0,0.0,15.6,-63.2,-25.2,-90.0c0.0,0.0,-12.4,-7.2,-27.2,8.8c0.0,0.0,-65.6,-76.8,-123.6,-84.4c0.0,0.0,-64.0,-9.2,-119.6,27.6c0.0,0.0,-40.4,30.0,-40.4,57.2c0.0,0.0,4.4,48.8,20.0,67.2l0.8,4.8c0.0,0.0,-34.4,-2.4,-40.0,18.8c0.0,0.0,0.8,32.8,5.6,36.8c0.0,0.0,10.8,2.4,16.4,-14.0l35.2,-5.2c0.0,0.0,-21.6,15.2,-10.4,24.8L146.557,304.517z"" style=""fill:#324A5E;"">
 </path>
 <circle cx=""403.757"" cy=""233.717"" r=""6"" style=""fill:#2B3B4E;"">
 </circle>
 <path d=""M353.357,201.717c2.0,-14.8,-2.4,-30.0,-1.6,-45.2c0.4,-4.4,0.8,-9.2,3.2,-13.2c4.4,-9.2,14.8,-15.6,24.8,-15.6c28.4,0.0,31.2,10.0,32.0,11.6c4.0,10.8,7.6,22.0,7.6,33.6c0.0,28.8,-9.6,39.6,-14.8,46.0c-9.6,12.0,-20.8,24.4,-35.6,28.4c-6.4,1.6,-13.2,1.2,-20.0,1.2c-7.2,0.0,-12.4,-7.6,-13.6,-11.6c-1.6,-4.4,-2.4,-10.0,0.8,-13.2c2.4,-2.4,14.8,-11.6,16.0,-16.4C352.157,205.317,352.957,203.717,353.357,201.717z"" style=""fill:#E6E9EE;"">
 </path>
 <g>
  <path d=""M251.357,196.117c10.0,-9.6,20.8,-19.6,24.0,-33.2c-8.4,7.6,-16.0,16.0,-23.6,24.8c7.6,-10.8,15.6,-22.4,17.6,-35.6c-3.2,1.6,-4.8,4.8,-6.4,8.0c-5.2,10.4,-12.4,20.0,-21.2,27.6c6.4,-12.8,11.6,-26.4,15.2,-40.0c-7.2,12.0,-14.0,24.0,-19.6,36.8c1.2,-8.8,-2.0,-18.0,-7.2,-25.2s-12.4,-12.8,-20.0,-17.6c-8.0,-5.2,-16.8,-9.6,-26.4,-10.8c18.8,9.2,33.6,26.0,40.0,45.6c2.0,6.4,3.2,12.8,5.6,19.2c3.2,9.6,9.2,18.8,8.4,28.8c-0.4,-5.2,2.8,-10.4,6.4,-14.0c3.6,-3.6,8.4,-6.4,12.8,-9.6c11.6,-8.4,20.8,-20.0,26.4,-33.2c-2.4,-0.8,-5.2,0.0,-7.2,1.6C273.357,170.517,258.957,190.117,251.357,196.117z"" style=""fill:#2B3B4E;"">
  </path>
  <path d=""M236.957,216.917c0.0,0.0,6.8,15.6,-21.2,28.0C215.757,244.917,242.557,239.717,236.957,216.917z"" style=""fill:#2B3B4E;"">
  </path>
 </g>
 <g>
  <path d=""M174.157,372.517h140.4c4.8,0.0,8.4,-3.6,8.4,-8.0s-4.0,-8.0,-8.4,-8.0H174.157c-4.8,0.0,-8.4,3.6,-8.4,8.0S169.357,372.517,174.157,372.517z"" style=""fill:#FF7058;"">
  </path>
  <path d=""M314.557,439.317H174.157c-4.8,0.0,-8.4,3.6,-8.4,8.0s4.0,8.0,8.4,8.0h140.4c4.8,0.0,8.4,-3.6,8.4,-8.0S319.357,439.317,314.557,439.317z"" style=""fill:#FF7058;"">
  </path>
 </g>
 <rect height=""66.8"" style=""fill:#E6E9EE;"" width=""140.4"" x=""174.157"" y=""372.517"">
 </rect>
 <path d=""M308.957,446.117L288.157,364.517c-0.4,-0.8,-1.2,-1.6,-2.4,-1.6c-1.2,0.0,-2.0,0.8,-2.4,1.6l-18.4,72.4l-18.4,-72.4c-0.4,-0.8,-1.2,-1.6,-2.4,-1.6s-2.0,0.8,-2.4,1.6l-18.4,72.4l-18.4,-72.4c-0.4,-0.8,-1.2,-1.6,-2.4,-1.6s-2.0,0.8,-2.4,1.6L179.357,446.117c-0.4,1.2,0.4,2.4,1.6,2.8c1.2,0.4,2.4,-0.4,2.8,-1.6l18.4,-72.4l18.4,72.4l0.0,0.0l0.0,0.0c0.0,0.0,0.0,0.0,0.0,0.4l0.0,0.0c0.0,0.0,0.0,0.4,0.4,0.4l0.0,0.0c0.0,0.0,0.0,0.0,0.4,0.4l0.0,0.0c0.0,0.0,0.0,0.0,0.4,0.0l0.0,0.0c0.0,0.0,0.0,0.0,0.4,0.0l0.0,0.0l0.0,0.0h0.4l0.0,0.0l0.0,0.0l0.0,0.0h0.4l0.0,0.0l0.0,0.0c0.0,0.0,0.0,0.0,0.4,0.0c0.0,0.0,0.0,0.0,0.4,0.0l0.0,0.0l0.0,0.0l0.0,0.0l0.0,0.0l0.0,0.0l0.0,0.0l0.0,0.0c0.0,0.0,0.0,0.0,0.0,-0.4l0.0,0.0l18.4,-72.4l18.4,72.4l0.0,0.0l0.0,0.0c0.0,0.0,0.0,0.0,0.0,0.4l0.0,0.0c0.0,0.0,0.0,0.4,0.4,0.4l0.0,0.0c0.0,0.0,0.0,0.0,0.4,0.4l0.0,0.0c0.0,0.0,0.0,0.0,0.4,0.0l0.0,0.0c0.0,0.0,0.0,0.0,0.4,0.0l0.0,0.0l0.0,0.0h0.4l0.0,0.0l0.0,0.0l0.0,0.0h0.4l0.0,0.0l0.0,0.0c0.0,0.0,0.0,0.0,0.4,0.0c0.0,0.0,0.0,0.0,0.4,0.0c0.0,0.0,0.0,0.0,0.4,0.0l0.0,0.0l0.0,0.0l0.0,0.0l0.0,0.0l0.0,0.0l0.0,0.0c0.0,0.0,0.0,0.0,0.0,-0.4l0.0,0.0l18.4,-72.4l18.4,72.4c0.4,2.4,2.8,1.6,2.8,1.6C308.557,448.517,309.357,447.317,308.957,446.117z"" style=""fill:#54C0EB;"">
 </path>
 <path d=""M89.357,130.517c0.0,0.0,-12.4,22.8,-12.4,46.8c0.0,0.0,15.6,-44.0,22.4,-42.0L89.357,130.517z"" style=""fill:#324A5E;"">
 </path>
</svg>


Question: What color is the background of the image?",Blue,Yellow,Green,Red,B,animal
133,"Examine the following SVG code carefully and answer the question based on your interpretation of the rendered image.

<svg id=""Layer_1"" style=""enable-background:new 0 0 508 508;"" version=""1.1"" viewbox=""0 0 508 508"" x=""0px"" xml:space=""preserve"" y=""0px"">
 <circle cx=""258.157"" cy=""258.117"" r=""254"" style=""fill:#FFD05B;"">
 </circle>
 <path d=""M96.557,454.117c44.0,36.4,100.0,58.0,161.6,58.0s117.6,-21.6,161.6,-58.0H96.557z"" style=""fill:#F9B54C;"">
 </path>
 <path d=""M191.757,243.317c0.0,0.0,14.8,74.8,11.6,97.6c0.0,0.0,-14.4,13.6,-1.6,19.6l27.6,-1.6c0.0,0.0,6.0,-118.8,-10.8,-126.4C201.357,224.917,191.757,243.317,191.757,243.317z"" style=""fill:#2B3B4E;"">
 </path>
 <path d=""M146.557,304.517c0.0,0.0,12.0,0.0,9.6,-23.6c0.0,0.0,42.0,-36.8,59.6,-36.0c0.0,0.0,16.8,80.0,6.0,104.4c0.0,0.0,-11.2,23.2,11.2,17.2l31.6,0.8c0.0,0.0,6.4,-12.0,-13.6,-23.6c0.0,0.0,12.4,-73.6,35.2,-96.8c0.0,0.0,26.0,6.4,34.8,0.4c0.0,0.0,40.4,29.6,45.2,51.6c0.0,0.0,19.6,45.2,36.8,49.2c0.0,0.0,48.4,21.6,47.6,-54.8l-13.2,-4.8c0.0,0.0,0.8,40.4,-17.2,43.6c0.0,0.0,-23.6,-12.8,-11.2,-56.0c0.0,0.0,-2.0,-30.8,13.2,-48.8c0.0,0.0,15.6,-63.2,-25.2,-90.0c0.0,0.0,-12.4,-7.2,-27.2,8.8c0.0,0.0,-65.6,-76.8,-123.6,-84.4c0.0,0.0,-64.0,-9.2,-119.6,27.6c0.0,0.0,-40.4,30.0,-40.4,57.2c0.0,0.0,4.4,48.8,20.0,67.2l0.8,4.8c0.0,0.0,-34.4,-2.4,-40.0,18.8c0.0,0.0,0.8,32.8,5.6,36.8c0.0,0.0,10.8,2.4,16.4,-14.0l35.2,-5.2c0.0,0.0,-21.6,15.2,-10.4,24.8L146.557,304.517z"" style=""fill:#324A5E;"">
 </path>
 <circle cx=""403.757"" cy=""233.717"" r=""6"" style=""fill:#2B3B4E;"">
 </circle>
 <path d=""M353.357,201.717c2.0,-14.8,-2.4,-30.0,-1.6,-45.2c0.4,-4.4,0.8,-9.2,3.2,-13.2c4.4,-9.2,14.8,-15.6,24.8,-15.6c28.4,0.0,31.2,10.0,32.0,11.6c4.0,10.8,7.6,22.0,7.6,33.6c0.0,28.8,-9.6,39.6,-14.8,46.0c-9.6,12.0,-20.8,24.4,-35.6,28.4c-6.4,1.6,-13.2,1.2,-20.0,1.2c-7.2,0.0,-12.4,-7.6,-13.6,-11.6c-1.6,-4.4,-2.4,-10.0,0.8,-13.2c2.4,-2.4,14.8,-11.6,16.0,-16.4C352.157,205.317,352.957,203.717,353.357,201.717z"" style=""fill:#E6E9EE;"">
 </path>
 <g>
  <path d=""M251.357,196.117c10.0,-9.6,20.8,-19.6,24.0,-33.2c-8.4,7.6,-16.0,16.0,-23.6,24.8c7.6,-10.8,15.6,-22.4,17.6,-35.6c-3.2,1.6,-4.8,4.8,-6.4,8.0c-5.2,10.4,-12.4,20.0,-21.2,27.6c6.4,-12.8,11.6,-26.4,15.2,-40.0c-7.2,12.0,-14.0,24.0,-19.6,36.8c1.2,-8.8,-2.0,-18.0,-7.2,-25.2s-12.4,-12.8,-20.0,-17.6c-8.0,-5.2,-16.8,-9.6,-26.4,-10.8c18.8,9.2,33.6,26.0,40.0,45.6c2.0,6.4,3.2,12.8,5.6,19.2c3.2,9.6,9.2,18.8,8.4,28.8c-0.4,-5.2,2.8,-10.4,6.4,-14.0c3.6,-3.6,8.4,-6.4,12.8,-9.6c11.6,-8.4,20.8,-20.0,26.4,-33.2c-2.4,-0.8,-5.2,0.0,-7.2,1.6C273.357,170.517,258.957,190.117,251.357,196.117z"" style=""fill:#2B3B4E;"">
  </path>
  <path d=""M236.957,216.917c0.0,0.0,6.8,15.6,-21.2,28.0C215.757,244.917,242.557,239.717,236.957,216.917z"" style=""fill:#2B3B4E;"">
  </path>
 </g>
 <g>
  <path d=""M174.157,372.517h140.4c4.8,0.0,8.4,-3.6,8.4,-8.0s-4.0,-8.0,-8.4,-8.0H174.157c-4.8,0.0,-8.4,3.6,-8.4,8.0S169.357,372.517,174.157,372.517z"" style=""fill:#FF7058;"">
  </path>
  <path d=""M314.557,439.317H174.157c-4.8,0.0,-8.4,3.6,-8.4,8.0s4.0,8.0,8.4,8.0h140.4c4.8,0.0,8.4,-3.6,8.4,-8.0S319.357,439.317,314.557,439.317z"" style=""fill:#FF7058;"">
  </path>
 </g>
 <rect height=""66.8"" style=""fill:#E6E9EE;"" width=""140.4"" x=""174.157"" y=""372.517"">
 </rect>
 <path d=""M308.957,446.117L288.157,364.517c-0.4,-0.8,-1.2,-1.6,-2.4,-1.6c-1.2,0.0,-2.0,0.8,-2.4,1.6l-18.4,72.4l-18.4,-72.4c-0.4,-0.8,-1.2,-1.6,-2.4,-1.6s-2.0,0.8,-2.4,1.6l-18.4,72.4l-18.4,-72.4c-0.4,-0.8,-1.2,-1.6,-2.4,-1.6s-2.0,0.8,-2.4,1.6L179.357,446.117c-0.4,1.2,0.4,2.4,1.6,2.8c1.2,0.4,2.4,-0.4,2.8,-1.6l18.4,-72.4l18.4,72.4l0.0,0.0l0.0,0.0c0.0,0.0,0.0,0.0,0.0,0.4l0.0,0.0c0.0,0.0,0.0,0.4,0.4,0.4l0.0,0.0c0.0,0.0,0.0,0.0,0.4,0.4l0.0,0.0c0.0,0.0,0.0,0.0,0.4,0.0l0.0,0.0c0.0,0.0,0.0,0.0,0.4,0.0l0.0,0.0l0.0,0.0h0.4l0.0,0.0l0.0,0.0l0.0,0.0h0.4l0.0,0.0l0.0,0.0c0.0,0.0,0.0,0.0,0.4,0.0c0.0,0.0,0.0,0.0,0.4,0.0l0.0,0.0l0.0,0.0l0.0,0.0l0.0,0.0l0.0,0.0l0.0,0.0l0.0,0.0c0.0,0.0,0.0,0.0,0.0,-0.4l0.0,0.0l18.4,-72.4l18.4,72.4l0.0,0.0l0.0,0.0c0.0,0.0,0.0,0.0,0.0,0.4l0.0,0.0c0.0,0.0,0.0,0.4,0.4,0.4l0.0,0.0c0.0,0.0,0.0,0.0,0.4,0.4l0.0,0.0c0.0,0.0,0.0,0.0,0.4,0.0l0.0,0.0c0.0,0.0,0.0,0.0,0.4,0.0l0.0,0.0l0.0,0.0h0.4l0.0,0.0l0.0,0.0l0.0,0.0h0.4l0.0,0.0l0.0,0.0c0.0,0.0,0.0,0.0,0.4,0.0c0.0,0.0,0.0,0.0,0.4,0.0c0.0,0.0,0.0,0.0,0.4,0.0l0.0,0.0l0.0,0.0l0.0,0.0l0.0,0.0l0.0,0.0l0.0,0.0c0.0,0.0,0.0,0.0,0.0,-0.4l0.0,0.0l18.4,-72.4l18.4,72.4c0.4,2.4,2.8,1.6,2.8,1.6C308.557,448.517,309.357,447.317,308.957,446.117z"" style=""fill:#54C0EB;"">
 </path>
 <path d=""M89.357,130.517c0.0,0.0,-12.4,22.8,-12.4,46.8c0.0,0.0,15.6,-44.0,22.4,-42.0L89.357,130.517z"" style=""fill:#324A5E;"">
 </path>
</svg>


Question: What is the elephant standing on?",ball,drum,box,chair,B,animal
134,"Examine the following SVG code carefully and answer the question based on your interpretation of the rendered image.

<svg id=""Layer_1"" style=""enable-background:new 0 0 508 508;"" version=""1.1"" viewbox=""0 0 508 508"" x=""0px"" xml:space=""preserve"" y=""0px"">
 <circle cx=""258.157"" cy=""258.117"" r=""254"" style=""fill:#FFD05B;"">
 </circle>
 <path d=""M96.557,454.117c44.0,36.4,100.0,58.0,161.6,58.0s117.6,-21.6,161.6,-58.0H96.557z"" style=""fill:#F9B54C;"">
 </path>
 <path d=""M191.757,243.317c0.0,0.0,14.8,74.8,11.6,97.6c0.0,0.0,-14.4,13.6,-1.6,19.6l27.6,-1.6c0.0,0.0,6.0,-118.8,-10.8,-126.4C201.357,224.917,191.757,243.317,191.757,243.317z"" style=""fill:#2B3B4E;"">
 </path>
 <path d=""M146.557,304.517c0.0,0.0,12.0,0.0,9.6,-23.6c0.0,0.0,42.0,-36.8,59.6,-36.0c0.0,0.0,16.8,80.0,6.0,104.4c0.0,0.0,-11.2,23.2,11.2,17.2l31.6,0.8c0.0,0.0,6.4,-12.0,-13.6,-23.6c0.0,0.0,12.4,-73.6,35.2,-96.8c0.0,0.0,26.0,6.4,34.8,0.4c0.0,0.0,40.4,29.6,45.2,51.6c0.0,0.0,19.6,45.2,36.8,49.2c0.0,0.0,48.4,21.6,47.6,-54.8l-13.2,-4.8c0.0,0.0,0.8,40.4,-17.2,43.6c0.0,0.0,-23.6,-12.8,-11.2,-56.0c0.0,0.0,-2.0,-30.8,13.2,-48.8c0.0,0.0,15.6,-63.2,-25.2,-90.0c0.0,0.0,-12.4,-7.2,-27.2,8.8c0.0,0.0,-65.6,-76.8,-123.6,-84.4c0.0,0.0,-64.0,-9.2,-119.6,27.6c0.0,0.0,-40.4,30.0,-40.4,57.2c0.0,0.0,4.4,48.8,20.0,67.2l0.8,4.8c0.0,0.0,-34.4,-2.4,-40.0,18.8c0.0,0.0,0.8,32.8,5.6,36.8c0.0,0.0,10.8,2.4,16.4,-14.0l35.2,-5.2c0.0,0.0,-21.6,15.2,-10.4,24.8L146.557,304.517z"" style=""fill:#324A5E;"">
 </path>
 <circle cx=""403.757"" cy=""233.717"" r=""6"" style=""fill:#2B3B4E;"">
 </circle>
 <path d=""M353.357,201.717c2.0,-14.8,-2.4,-30.0,-1.6,-45.2c0.4,-4.4,0.8,-9.2,3.2,-13.2c4.4,-9.2,14.8,-15.6,24.8,-15.6c28.4,0.0,31.2,10.0,32.0,11.6c4.0,10.8,7.6,22.0,7.6,33.6c0.0,28.8,-9.6,39.6,-14.8,46.0c-9.6,12.0,-20.8,24.4,-35.6,28.4c-6.4,1.6,-13.2,1.2,-20.0,1.2c-7.2,0.0,-12.4,-7.6,-13.6,-11.6c-1.6,-4.4,-2.4,-10.0,0.8,-13.2c2.4,-2.4,14.8,-11.6,16.0,-16.4C352.157,205.317,352.957,203.717,353.357,201.717z"" style=""fill:#E6E9EE;"">
 </path>
 <g>
  <path d=""M251.357,196.117c10.0,-9.6,20.8,-19.6,24.0,-33.2c-8.4,7.6,-16.0,16.0,-23.6,24.8c7.6,-10.8,15.6,-22.4,17.6,-35.6c-3.2,1.6,-4.8,4.8,-6.4,8.0c-5.2,10.4,-12.4,20.0,-21.2,27.6c6.4,-12.8,11.6,-26.4,15.2,-40.0c-7.2,12.0,-14.0,24.0,-19.6,36.8c1.2,-8.8,-2.0,-18.0,-7.2,-25.2s-12.4,-12.8,-20.0,-17.6c-8.0,-5.2,-16.8,-9.6,-26.4,-10.8c18.8,9.2,33.6,26.0,40.0,45.6c2.0,6.4,3.2,12.8,5.6,19.2c3.2,9.6,9.2,18.8,8.4,28.8c-0.4,-5.2,2.8,-10.4,6.4,-14.0c3.6,-3.6,8.4,-6.4,12.8,-9.6c11.6,-8.4,20.8,-20.0,26.4,-33.2c-2.4,-0.8,-5.2,0.0,-7.2,1.6C273.357,170.517,258.957,190.117,251.357,196.117z"" style=""fill:#2B3B4E;"">
  </path>
  <path d=""M236.957,216.917c0.0,0.0,6.8,15.6,-21.2,28.0C215.757,244.917,242.557,239.717,236.957,216.917z"" style=""fill:#2B3B4E;"">
  </path>
 </g>
 <g>
  <path d=""M174.157,372.517h140.4c4.8,0.0,8.4,-3.6,8.4,-8.0s-4.0,-8.0,-8.4,-8.0H174.157c-4.8,0.0,-8.4,3.6,-8.4,8.0S169.357,372.517,174.157,372.517z"" style=""fill:#FF7058;"">
  </path>
  <path d=""M314.557,439.317H174.157c-4.8,0.0,-8.4,3.6,-8.4,8.0s4.0,8.0,8.4,8.0h140.4c4.8,0.0,8.4,-3.6,8.4,-8.0S319.357,439.317,314.557,439.317z"" style=""fill:#FF7058;"">
  </path>
 </g>
 <rect height=""66.8"" style=""fill:#E6E9EE;"" width=""140.4"" x=""174.157"" y=""372.517"">
 </rect>
 <path d=""M308.957,446.117L288.157,364.517c-0.4,-0.8,-1.2,-1.6,-2.4,-1.6c-1.2,0.0,-2.0,0.8,-2.4,1.6l-18.4,72.4l-18.4,-72.4c-0.4,-0.8,-1.2,-1.6,-2.4,-1.6s-2.0,0.8,-2.4,1.6l-18.4,72.4l-18.4,-72.4c-0.4,-0.8,-1.2,-1.6,-2.4,-1.6s-2.0,0.8,-2.4,1.6L179.357,446.117c-0.4,1.2,0.4,2.4,1.6,2.8c1.2,0.4,2.4,-0.4,2.8,-1.6l18.4,-72.4l18.4,72.4l0.0,0.0l0.0,0.0c0.0,0.0,0.0,0.0,0.0,0.4l0.0,0.0c0.0,0.0,0.0,0.4,0.4,0.4l0.0,0.0c0.0,0.0,0.0,0.0,0.4,0.4l0.0,0.0c0.0,0.0,0.0,0.0,0.4,0.0l0.0,0.0c0.0,0.0,0.0,0.0,0.4,0.0l0.0,0.0l0.0,0.0h0.4l0.0,0.0l0.0,0.0l0.0,0.0h0.4l0.0,0.0l0.0,0.0c0.0,0.0,0.0,0.0,0.4,0.0c0.0,0.0,0.0,0.0,0.4,0.0l0.0,0.0l0.0,0.0l0.0,0.0l0.0,0.0l0.0,0.0l0.0,0.0l0.0,0.0c0.0,0.0,0.0,0.0,0.0,-0.4l0.0,0.0l18.4,-72.4l18.4,72.4l0.0,0.0l0.0,0.0c0.0,0.0,0.0,0.0,0.0,0.4l0.0,0.0c0.0,0.0,0.0,0.4,0.4,0.4l0.0,0.0c0.0,0.0,0.0,0.0,0.4,0.4l0.0,0.0c0.0,0.0,0.0,0.0,0.4,0.0l0.0,0.0c0.0,0.0,0.0,0.0,0.4,0.0l0.0,0.0l0.0,0.0h0.4l0.0,0.0l0.0,0.0l0.0,0.0h0.4l0.0,0.0l0.0,0.0c0.0,0.0,0.0,0.0,0.4,0.0c0.0,0.0,0.0,0.0,0.4,0.0c0.0,0.0,0.0,0.0,0.4,0.0l0.0,0.0l0.0,0.0l0.0,0.0l0.0,0.0l0.0,0.0l0.0,0.0c0.0,0.0,0.0,0.0,0.0,-0.4l0.0,0.0l18.4,-72.4l18.4,72.4c0.4,2.4,2.8,1.6,2.8,1.6C308.557,448.517,309.357,447.317,308.957,446.117z"" style=""fill:#54C0EB;"">
 </path>
 <path d=""M89.357,130.517c0.0,0.0,-12.4,22.8,-12.4,46.8c0.0,0.0,15.6,-44.0,22.4,-42.0L89.357,130.517z"" style=""fill:#324A5E;"">
 </path>
</svg>


Question: How many legs of the elephant are touching the drum?",One,Two,Three,Four,A,animal
135,"Examine the following SVG code carefully and answer the question based on your interpretation of the rendered image.

<svg id=""Layer_1"" style=""enable-background:new 0 0 508 508;"" version=""1.1"" viewbox=""0 0 508 508"" x=""0px"" xml:space=""preserve"" y=""0px"">
 <circle cx=""258.157"" cy=""258.117"" r=""254"" style=""fill:#FFD05B;"">
 </circle>
 <path d=""M96.557,454.117c44.0,36.4,100.0,58.0,161.6,58.0s117.6,-21.6,161.6,-58.0H96.557z"" style=""fill:#F9B54C;"">
 </path>
 <path d=""M191.757,243.317c0.0,0.0,14.8,74.8,11.6,97.6c0.0,0.0,-14.4,13.6,-1.6,19.6l27.6,-1.6c0.0,0.0,6.0,-118.8,-10.8,-126.4C201.357,224.917,191.757,243.317,191.757,243.317z"" style=""fill:#2B3B4E;"">
 </path>
 <path d=""M146.557,304.517c0.0,0.0,12.0,0.0,9.6,-23.6c0.0,0.0,42.0,-36.8,59.6,-36.0c0.0,0.0,16.8,80.0,6.0,104.4c0.0,0.0,-11.2,23.2,11.2,17.2l31.6,0.8c0.0,0.0,6.4,-12.0,-13.6,-23.6c0.0,0.0,12.4,-73.6,35.2,-96.8c0.0,0.0,26.0,6.4,34.8,0.4c0.0,0.0,40.4,29.6,45.2,51.6c0.0,0.0,19.6,45.2,36.8,49.2c0.0,0.0,48.4,21.6,47.6,-54.8l-13.2,-4.8c0.0,0.0,0.8,40.4,-17.2,43.6c0.0,0.0,-23.6,-12.8,-11.2,-56.0c0.0,0.0,-2.0,-30.8,13.2,-48.8c0.0,0.0,15.6,-63.2,-25.2,-90.0c0.0,0.0,-12.4,-7.2,-27.2,8.8c0.0,0.0,-65.6,-76.8,-123.6,-84.4c0.0,0.0,-64.0,-9.2,-119.6,27.6c0.0,0.0,-40.4,30.0,-40.4,57.2c0.0,0.0,4.4,48.8,20.0,67.2l0.8,4.8c0.0,0.0,-34.4,-2.4,-40.0,18.8c0.0,0.0,0.8,32.8,5.6,36.8c0.0,0.0,10.8,2.4,16.4,-14.0l35.2,-5.2c0.0,0.0,-21.6,15.2,-10.4,24.8L146.557,304.517z"" style=""fill:#324A5E;"">
 </path>
 <circle cx=""403.757"" cy=""233.717"" r=""6"" style=""fill:#2B3B4E;"">
 </circle>
 <path d=""M353.357,201.717c2.0,-14.8,-2.4,-30.0,-1.6,-45.2c0.4,-4.4,0.8,-9.2,3.2,-13.2c4.4,-9.2,14.8,-15.6,24.8,-15.6c28.4,0.0,31.2,10.0,32.0,11.6c4.0,10.8,7.6,22.0,7.6,33.6c0.0,28.8,-9.6,39.6,-14.8,46.0c-9.6,12.0,-20.8,24.4,-35.6,28.4c-6.4,1.6,-13.2,1.2,-20.0,1.2c-7.2,0.0,-12.4,-7.6,-13.6,-11.6c-1.6,-4.4,-2.4,-10.0,0.8,-13.2c2.4,-2.4,14.8,-11.6,16.0,-16.4C352.157,205.317,352.957,203.717,353.357,201.717z"" style=""fill:#E6E9EE;"">
 </path>
 <g>
  <path d=""M251.357,196.117c10.0,-9.6,20.8,-19.6,24.0,-33.2c-8.4,7.6,-16.0,16.0,-23.6,24.8c7.6,-10.8,15.6,-22.4,17.6,-35.6c-3.2,1.6,-4.8,4.8,-6.4,8.0c-5.2,10.4,-12.4,20.0,-21.2,27.6c6.4,-12.8,11.6,-26.4,15.2,-40.0c-7.2,12.0,-14.0,24.0,-19.6,36.8c1.2,-8.8,-2.0,-18.0,-7.2,-25.2s-12.4,-12.8,-20.0,-17.6c-8.0,-5.2,-16.8,-9.6,-26.4,-10.8c18.8,9.2,33.6,26.0,40.0,45.6c2.0,6.4,3.2,12.8,5.6,19.2c3.2,9.6,9.2,18.8,8.4,28.8c-0.4,-5.2,2.8,-10.4,6.4,-14.0c3.6,-3.6,8.4,-6.4,12.8,-9.6c11.6,-8.4,20.8,-20.0,26.4,-33.2c-2.4,-0.8,-5.2,0.0,-7.2,1.6C273.357,170.517,258.957,190.117,251.357,196.117z"" style=""fill:#2B3B4E;"">
  </path>
  <path d=""M236.957,216.917c0.0,0.0,6.8,15.6,-21.2,28.0C215.757,244.917,242.557,239.717,236.957,216.917z"" style=""fill:#2B3B4E;"">
  </path>
 </g>
 <g>
  <path d=""M174.157,372.517h140.4c4.8,0.0,8.4,-3.6,8.4,-8.0s-4.0,-8.0,-8.4,-8.0H174.157c-4.8,0.0,-8.4,3.6,-8.4,8.0S169.357,372.517,174.157,372.517z"" style=""fill:#FF7058;"">
  </path>
  <path d=""M314.557,439.317H174.157c-4.8,0.0,-8.4,3.6,-8.4,8.0s4.0,8.0,8.4,8.0h140.4c4.8,0.0,8.4,-3.6,8.4,-8.0S319.357,439.317,314.557,439.317z"" style=""fill:#FF7058;"">
  </path>
 </g>
 <rect height=""66.8"" style=""fill:#E6E9EE;"" width=""140.4"" x=""174.157"" y=""372.517"">
 </rect>
 <path d=""M308.957,446.117L288.157,364.517c-0.4,-0.8,-1.2,-1.6,-2.4,-1.6c-1.2,0.0,-2.0,0.8,-2.4,1.6l-18.4,72.4l-18.4,-72.4c-0.4,-0.8,-1.2,-1.6,-2.4,-1.6s-2.0,0.8,-2.4,1.6l-18.4,72.4l-18.4,-72.4c-0.4,-0.8,-1.2,-1.6,-2.4,-1.6s-2.0,0.8,-2.4,1.6L179.357,446.117c-0.4,1.2,0.4,2.4,1.6,2.8c1.2,0.4,2.4,-0.4,2.8,-1.6l18.4,-72.4l18.4,72.4l0.0,0.0l0.0,0.0c0.0,0.0,0.0,0.0,0.0,0.4l0.0,0.0c0.0,0.0,0.0,0.4,0.4,0.4l0.0,0.0c0.0,0.0,0.0,0.0,0.4,0.4l0.0,0.0c0.0,0.0,0.0,0.0,0.4,0.0l0.0,0.0c0.0,0.0,0.0,0.0,0.4,0.0l0.0,0.0l0.0,0.0h0.4l0.0,0.0l0.0,0.0l0.0,0.0h0.4l0.0,0.0l0.0,0.0c0.0,0.0,0.0,0.0,0.4,0.0c0.0,0.0,0.0,0.0,0.4,0.0l0.0,0.0l0.0,0.0l0.0,0.0l0.0,0.0l0.0,0.0l0.0,0.0l0.0,0.0c0.0,0.0,0.0,0.0,0.0,-0.4l0.0,0.0l18.4,-72.4l18.4,72.4l0.0,0.0l0.0,0.0c0.0,0.0,0.0,0.0,0.0,0.4l0.0,0.0c0.0,0.0,0.0,0.4,0.4,0.4l0.0,0.0c0.0,0.0,0.0,0.0,0.4,0.4l0.0,0.0c0.0,0.0,0.0,0.0,0.4,0.0l0.0,0.0c0.0,0.0,0.0,0.0,0.4,0.0l0.0,0.0l0.0,0.0h0.4l0.0,0.0l0.0,0.0l0.0,0.0h0.4l0.0,0.0l0.0,0.0c0.0,0.0,0.0,0.0,0.4,0.0c0.0,0.0,0.0,0.0,0.4,0.0c0.0,0.0,0.0,0.0,0.4,0.0l0.0,0.0l0.0,0.0l0.0,0.0l0.0,0.0l0.0,0.0l0.0,0.0c0.0,0.0,0.0,0.0,0.0,-0.4l0.0,0.0l18.4,-72.4l18.4,72.4c0.4,2.4,2.8,1.6,2.8,1.6C308.557,448.517,309.357,447.317,308.957,446.117z"" style=""fill:#54C0EB;"">
 </path>
 <path d=""M89.357,130.517c0.0,0.0,-12.4,22.8,-12.4,46.8c0.0,0.0,15.6,-44.0,22.4,-42.0L89.357,130.517z"" style=""fill:#324A5E;"">
 </path>
</svg>


Question: What animal is depicted in the image?",Lion,Elephant,Giraffe,Tiger,B,animal
136,"Examine the following SVG code carefully and answer the question based on your interpretation of the rendered image.

<svg id=""Layer_1"" style=""enable-background:new 0 0 512.001 512.001;"" version=""1.1"" viewbox=""0 0 512.001 512.001"" x=""0px"" xml:space=""preserve"" y=""0px"">
 <g>
  <path d=""M489.621,272.568c0.0,-38.78,6.566,-74.375,17.512,-102.277c-29.167,0.0,-72.017,102.277,-72.017,102.277s39.422,102.277,72.018,102.277C496.187,346.943,489.621,311.349,489.621,272.568z"" style=""fill:#0D96BC;"">
  </path>
  <path d=""M306.981,249.247c-27.831,0.0,-50.391,-22.561,-50.391,-50.391s22.561,-50.391,50.391,-50.391V249.247z"" style=""fill:#0D96BC;"">
  </path>
  <path d=""M326.355,360.382c-26.007,9.908,-55.122,-3.143,-65.029,-29.151c-9.908,-26.007,3.143,-55.122,29.151,-65.029L326.355,360.382z"" style=""fill:#0D96BC;"">
  </path>
  <polygon points=""215.534,279.271 110.558,206.872 156.835,128.925 265.746,206.466"" style=""fill:#0D96BC;"">
  </polygon>
  <polygon points=""190.852,391.164 85.876,318.764 132.154,240.817 241.064,318.359"" style=""fill:#0D96BC;"">
  </polygon>
 </g>
 <g>
  <path d=""M141.41,361.341c106.24,0.0,224.114,-46.646,280.316,-71.988H24.379C42.764,314.694,84.353,361.341,141.41,361.341z"" style=""fill:#75CCDC;"">
  </path>
  <path d=""M141.41,185.486c-41.56,0.0,-74.916,24.752,-97.075,47.991h319.433C302.366,210.239,218.8,185.486,141.41,185.486z"" style=""fill:#75CCDC;"">
  </path>
 </g>
 <path d=""M363.768,233.478H44.335C24.73,254.038,13.889,273.414,13.889,273.414s3.636,6.492,10.491,15.94h397.345c20.959,-9.451,33.344,-15.94,33.344,-15.94S418.093,254.038,363.768,233.478z"" style=""fill:#FCCB41;"">
 </path>
 <path d=""M498.178,273.365c0.0,-35.925,5.97,-70.924,16.807,-98.552c1.231,-3.139,0.831,-6.685,-1.069,-9.471c-1.899,-2.786,-5.054,-4.453,-8.427,-4.453c-14.226,0.0,-29.083,13.041,-46.755,41.041c-10.611,16.813,-20.19,35.932,-26.418,49.148c-16.061,-7.385,-38.377,-17.086,-64.94,-27.139c-15.065,-5.702,-31.999,-11.683,-50.198,-17.427v-58.048c0.0,-5.633,-4.567,-10.199,-10.199,-10.199c-27.524,0.0,-50.803,18.453,-58.157,43.633l-86.073,-61.282c-2.322,-1.654,-5.232,-2.259,-8.023,-1.671c-2.79,0.59,-5.206,2.32,-6.662,4.772l-32.356,54.499c-33.863,7.732,-60.833,29.426,-78.755,48.223c-20.262,21.249,-31.497,41.157,-31.965,41.994c-1.732,3.095,-1.731,6.868,0.001,9.964c0.161,0.287,4.009,7.125,11.132,16.943c0.001,0.001,0.001,0.002,0.002,0.004c20.646,28.457,64.377,76.197,125.286,76.197c1.148,0.0,2.3,-0.012,3.45,-0.022l40.156,28.012c1.724,1.202,3.762,1.834,5.836,1.834c0.605,0.0,1.212,-0.054,1.815,-0.163c2.671,-0.483,5.038,-2.011,6.581,-4.246l22.679,-32.883c14.393,-2.498,28.67,-5.527,42.678,-8.932c11.583,12.165,27.401,18.784,43.696,18.783c7.248,0.0,14.59,-1.307,21.685,-4.009c2.528,-0.963,4.569,-2.89,5.676,-5.359c1.107,-2.468,1.187,-5.275,0.224,-7.802l-7.603,-19.956c38.96,-12.885,73.023,-27.047,97.635,-38.144c2.083,-0.938,4.076,-1.847,5.985,-2.723c5.9,13.257,15.161,32.618,25.758,49.518c17.045,27.182,32.69,40.395,47.83,40.395c3.373,0.0,6.526,-1.667,8.427,-4.453s2.3,-6.332,1.069,-9.471C504.147,344.29,498.178,309.29,498.178,273.365zM296.781,159.974v40.374c-9.581,-2.766,-19.43,-5.419,-29.475,-7.901C269.842,176.691,281.56,163.969,296.781,159.974zM159.948,143.66l52.903,37.666c-23.777,-3.761,-47.877,-6.04,-71.441,-6.04c-0.081,0.0,-0.16,0.004,-0.242,0.004L159.948,143.66zM141.41,195.685c54.216,0.0,111.774,12.616,160.998,27.593H70.488C89.111,208.463,113.317,195.685,141.41,195.685zM48.764,243.677h313.133c29.859,11.365,54.424,22.376,70.022,29.741c-3.657,1.728,-7.805,3.655,-12.392,5.737H29.655c-1.515,-2.196,-2.792,-4.135,-3.817,-5.737C29.843,267.162,37.687,255.784,48.764,243.677zM188.277,376.932l-10.137,-7.072c5.392,-0.475,10.792,-1.046,16.189,-1.703L188.277,376.932zM312.732,353.27c-8.139,0.896,-16.292,-0.739,-23.408,-4.587c6.589,-1.838,13.092,-3.741,19.491,-5.696L312.732,353.27zM141.41,351.142c-5.072,0.0,-10.015,-0.414,-14.826,-1.17c2.665,-4.618,1.33,-10.571,-3.17,-13.571c-4.688,-3.124,-11.019,-1.859,-14.143,2.828l-3.432,5.148c-25.244,-9.67,-45.764,-28.127,-60.326,-44.823h325.768C308.891,324.067,221.786,351.142,141.41,351.142zM450.339,287.199c5.906,-2.891,9.203,-4.615,9.465,-4.752c3.36,-1.761,5.465,-5.24,5.465,-9.034c0.0,-3.793,-2.105,-7.273,-5.465,-9.033c-0.426,-0.223,-3.575,-1.865,-9.056,-4.558c5.979,-12.697,15.156,-31.03,25.239,-47.005c3.899,-6.18,7.386,-11.148,10.476,-15.145c-5.716,23.287,-8.684,48.944,-8.684,75.692c0.0,27.757,3.196,54.34,9.341,78.318C476.762,339.193,463.948,317.986,450.339,287.199z"">
 </path>
 <path d=""M68.394,273.843c6.758,0.0,12.256,-5.498,12.256,-12.256s-5.498,-12.256,-12.256,-12.256c-6.758,0.0,-12.256,5.498,-12.256,12.256C56.138,268.345,61.636,273.843,68.394,273.843z"">
 </path>
 <path d=""M125.535,329.327c1.465,0.732,3.021,1.08,4.555,1.08c3.74,0.0,7.342,-2.065,9.129,-5.638l1.029,-2.057c2.52,-5.037,0.479,-11.164,-4.559,-13.684c-5.034,-2.518,-11.165,-0.48,-13.684,4.559l-1.029,2.057C118.456,320.68,120.496,326.806,125.535,329.327z"">
 </path>
</svg>


Question: What is the primary color of the body of the object?",Red,Blue,Green,Yellow,B,animal
137,"Examine the following SVG code carefully and answer the question based on your interpretation of the rendered image.

<svg id=""Layer_1"" style=""enable-background:new 0 0 512.001 512.001;"" version=""1.1"" viewbox=""0 0 512.001 512.001"" x=""0px"" xml:space=""preserve"" y=""0px"">
 <g>
  <path d=""M489.621,272.568c0.0,-38.78,6.566,-74.375,17.512,-102.277c-29.167,0.0,-72.017,102.277,-72.017,102.277s39.422,102.277,72.018,102.277C496.187,346.943,489.621,311.349,489.621,272.568z"" style=""fill:#0D96BC;"">
  </path>
  <path d=""M306.981,249.247c-27.831,0.0,-50.391,-22.561,-50.391,-50.391s22.561,-50.391,50.391,-50.391V249.247z"" style=""fill:#0D96BC;"">
  </path>
  <path d=""M326.355,360.382c-26.007,9.908,-55.122,-3.143,-65.029,-29.151c-9.908,-26.007,3.143,-55.122,29.151,-65.029L326.355,360.382z"" style=""fill:#0D96BC;"">
  </path>
  <polygon points=""215.534,279.271 110.558,206.872 156.835,128.925 265.746,206.466"" style=""fill:#0D96BC;"">
  </polygon>
  <polygon points=""190.852,391.164 85.876,318.764 132.154,240.817 241.064,318.359"" style=""fill:#0D96BC;"">
  </polygon>
 </g>
 <g>
  <path d=""M141.41,361.341c106.24,0.0,224.114,-46.646,280.316,-71.988H24.379C42.764,314.694,84.353,361.341,141.41,361.341z"" style=""fill:#75CCDC;"">
  </path>
  <path d=""M141.41,185.486c-41.56,0.0,-74.916,24.752,-97.075,47.991h319.433C302.366,210.239,218.8,185.486,141.41,185.486z"" style=""fill:#75CCDC;"">
  </path>
 </g>
 <path d=""M363.768,233.478H44.335C24.73,254.038,13.889,273.414,13.889,273.414s3.636,6.492,10.491,15.94h397.345c20.959,-9.451,33.344,-15.94,33.344,-15.94S418.093,254.038,363.768,233.478z"" style=""fill:#FCCB41;"">
 </path>
 <path d=""M498.178,273.365c0.0,-35.925,5.97,-70.924,16.807,-98.552c1.231,-3.139,0.831,-6.685,-1.069,-9.471c-1.899,-2.786,-5.054,-4.453,-8.427,-4.453c-14.226,0.0,-29.083,13.041,-46.755,41.041c-10.611,16.813,-20.19,35.932,-26.418,49.148c-16.061,-7.385,-38.377,-17.086,-64.94,-27.139c-15.065,-5.702,-31.999,-11.683,-50.198,-17.427v-58.048c0.0,-5.633,-4.567,-10.199,-10.199,-10.199c-27.524,0.0,-50.803,18.453,-58.157,43.633l-86.073,-61.282c-2.322,-1.654,-5.232,-2.259,-8.023,-1.671c-2.79,0.59,-5.206,2.32,-6.662,4.772l-32.356,54.499c-33.863,7.732,-60.833,29.426,-78.755,48.223c-20.262,21.249,-31.497,41.157,-31.965,41.994c-1.732,3.095,-1.731,6.868,0.001,9.964c0.161,0.287,4.009,7.125,11.132,16.943c0.001,0.001,0.001,0.002,0.002,0.004c20.646,28.457,64.377,76.197,125.286,76.197c1.148,0.0,2.3,-0.012,3.45,-0.022l40.156,28.012c1.724,1.202,3.762,1.834,5.836,1.834c0.605,0.0,1.212,-0.054,1.815,-0.163c2.671,-0.483,5.038,-2.011,6.581,-4.246l22.679,-32.883c14.393,-2.498,28.67,-5.527,42.678,-8.932c11.583,12.165,27.401,18.784,43.696,18.783c7.248,0.0,14.59,-1.307,21.685,-4.009c2.528,-0.963,4.569,-2.89,5.676,-5.359c1.107,-2.468,1.187,-5.275,0.224,-7.802l-7.603,-19.956c38.96,-12.885,73.023,-27.047,97.635,-38.144c2.083,-0.938,4.076,-1.847,5.985,-2.723c5.9,13.257,15.161,32.618,25.758,49.518c17.045,27.182,32.69,40.395,47.83,40.395c3.373,0.0,6.526,-1.667,8.427,-4.453s2.3,-6.332,1.069,-9.471C504.147,344.29,498.178,309.29,498.178,273.365zM296.781,159.974v40.374c-9.581,-2.766,-19.43,-5.419,-29.475,-7.901C269.842,176.691,281.56,163.969,296.781,159.974zM159.948,143.66l52.903,37.666c-23.777,-3.761,-47.877,-6.04,-71.441,-6.04c-0.081,0.0,-0.16,0.004,-0.242,0.004L159.948,143.66zM141.41,195.685c54.216,0.0,111.774,12.616,160.998,27.593H70.488C89.111,208.463,113.317,195.685,141.41,195.685zM48.764,243.677h313.133c29.859,11.365,54.424,22.376,70.022,29.741c-3.657,1.728,-7.805,3.655,-12.392,5.737H29.655c-1.515,-2.196,-2.792,-4.135,-3.817,-5.737C29.843,267.162,37.687,255.784,48.764,243.677zM188.277,376.932l-10.137,-7.072c5.392,-0.475,10.792,-1.046,16.189,-1.703L188.277,376.932zM312.732,353.27c-8.139,0.896,-16.292,-0.739,-23.408,-4.587c6.589,-1.838,13.092,-3.741,19.491,-5.696L312.732,353.27zM141.41,351.142c-5.072,0.0,-10.015,-0.414,-14.826,-1.17c2.665,-4.618,1.33,-10.571,-3.17,-13.571c-4.688,-3.124,-11.019,-1.859,-14.143,2.828l-3.432,5.148c-25.244,-9.67,-45.764,-28.127,-60.326,-44.823h325.768C308.891,324.067,221.786,351.142,141.41,351.142zM450.339,287.199c5.906,-2.891,9.203,-4.615,9.465,-4.752c3.36,-1.761,5.465,-5.24,5.465,-9.034c0.0,-3.793,-2.105,-7.273,-5.465,-9.033c-0.426,-0.223,-3.575,-1.865,-9.056,-4.558c5.979,-12.697,15.156,-31.03,25.239,-47.005c3.899,-6.18,7.386,-11.148,10.476,-15.145c-5.716,23.287,-8.684,48.944,-8.684,75.692c0.0,27.757,3.196,54.34,9.341,78.318C476.762,339.193,463.948,317.986,450.339,287.199z"">
 </path>
 <path d=""M68.394,273.843c6.758,0.0,12.256,-5.498,12.256,-12.256s-5.498,-12.256,-12.256,-12.256c-6.758,0.0,-12.256,5.498,-12.256,12.256C56.138,268.345,61.636,273.843,68.394,273.843z"">
 </path>
 <path d=""M125.535,329.327c1.465,0.732,3.021,1.08,4.555,1.08c3.74,0.0,7.342,-2.065,9.129,-5.638l1.029,-2.057c2.52,-5.037,0.479,-11.164,-4.559,-13.684c-5.034,-2.518,-11.165,-0.48,-13.684,4.559l-1.029,2.057C118.456,320.68,120.496,326.806,125.535,329.327z"">
 </path>
</svg>


Question: How many fins are visible on the object?",One,Two,Three,Four,C,animal
138,"Examine the following SVG code carefully and answer the question based on your interpretation of the rendered image.

<svg id=""Layer_1"" style=""enable-background:new 0 0 512.001 512.001;"" version=""1.1"" viewbox=""0 0 512.001 512.001"" x=""0px"" xml:space=""preserve"" y=""0px"">
 <g>
  <path d=""M489.621,272.568c0.0,-38.78,6.566,-74.375,17.512,-102.277c-29.167,0.0,-72.017,102.277,-72.017,102.277s39.422,102.277,72.018,102.277C496.187,346.943,489.621,311.349,489.621,272.568z"" style=""fill:#0D96BC;"">
  </path>
  <path d=""M306.981,249.247c-27.831,0.0,-50.391,-22.561,-50.391,-50.391s22.561,-50.391,50.391,-50.391V249.247z"" style=""fill:#0D96BC;"">
  </path>
  <path d=""M326.355,360.382c-26.007,9.908,-55.122,-3.143,-65.029,-29.151c-9.908,-26.007,3.143,-55.122,29.151,-65.029L326.355,360.382z"" style=""fill:#0D96BC;"">
  </path>
  <polygon points=""215.534,279.271 110.558,206.872 156.835,128.925 265.746,206.466"" style=""fill:#0D96BC;"">
  </polygon>
  <polygon points=""190.852,391.164 85.876,318.764 132.154,240.817 241.064,318.359"" style=""fill:#0D96BC;"">
  </polygon>
 </g>
 <g>
  <path d=""M141.41,361.341c106.24,0.0,224.114,-46.646,280.316,-71.988H24.379C42.764,314.694,84.353,361.341,141.41,361.341z"" style=""fill:#75CCDC;"">
  </path>
  <path d=""M141.41,185.486c-41.56,0.0,-74.916,24.752,-97.075,47.991h319.433C302.366,210.239,218.8,185.486,141.41,185.486z"" style=""fill:#75CCDC;"">
  </path>
 </g>
 <path d=""M363.768,233.478H44.335C24.73,254.038,13.889,273.414,13.889,273.414s3.636,6.492,10.491,15.94h397.345c20.959,-9.451,33.344,-15.94,33.344,-15.94S418.093,254.038,363.768,233.478z"" style=""fill:#FCCB41;"">
 </path>
 <path d=""M498.178,273.365c0.0,-35.925,5.97,-70.924,16.807,-98.552c1.231,-3.139,0.831,-6.685,-1.069,-9.471c-1.899,-2.786,-5.054,-4.453,-8.427,-4.453c-14.226,0.0,-29.083,13.041,-46.755,41.041c-10.611,16.813,-20.19,35.932,-26.418,49.148c-16.061,-7.385,-38.377,-17.086,-64.94,-27.139c-15.065,-5.702,-31.999,-11.683,-50.198,-17.427v-58.048c0.0,-5.633,-4.567,-10.199,-10.199,-10.199c-27.524,0.0,-50.803,18.453,-58.157,43.633l-86.073,-61.282c-2.322,-1.654,-5.232,-2.259,-8.023,-1.671c-2.79,0.59,-5.206,2.32,-6.662,4.772l-32.356,54.499c-33.863,7.732,-60.833,29.426,-78.755,48.223c-20.262,21.249,-31.497,41.157,-31.965,41.994c-1.732,3.095,-1.731,6.868,0.001,9.964c0.161,0.287,4.009,7.125,11.132,16.943c0.001,0.001,0.001,0.002,0.002,0.004c20.646,28.457,64.377,76.197,125.286,76.197c1.148,0.0,2.3,-0.012,3.45,-0.022l40.156,28.012c1.724,1.202,3.762,1.834,5.836,1.834c0.605,0.0,1.212,-0.054,1.815,-0.163c2.671,-0.483,5.038,-2.011,6.581,-4.246l22.679,-32.883c14.393,-2.498,28.67,-5.527,42.678,-8.932c11.583,12.165,27.401,18.784,43.696,18.783c7.248,0.0,14.59,-1.307,21.685,-4.009c2.528,-0.963,4.569,-2.89,5.676,-5.359c1.107,-2.468,1.187,-5.275,0.224,-7.802l-7.603,-19.956c38.96,-12.885,73.023,-27.047,97.635,-38.144c2.083,-0.938,4.076,-1.847,5.985,-2.723c5.9,13.257,15.161,32.618,25.758,49.518c17.045,27.182,32.69,40.395,47.83,40.395c3.373,0.0,6.526,-1.667,8.427,-4.453s2.3,-6.332,1.069,-9.471C504.147,344.29,498.178,309.29,498.178,273.365zM296.781,159.974v40.374c-9.581,-2.766,-19.43,-5.419,-29.475,-7.901C269.842,176.691,281.56,163.969,296.781,159.974zM159.948,143.66l52.903,37.666c-23.777,-3.761,-47.877,-6.04,-71.441,-6.04c-0.081,0.0,-0.16,0.004,-0.242,0.004L159.948,143.66zM141.41,195.685c54.216,0.0,111.774,12.616,160.998,27.593H70.488C89.111,208.463,113.317,195.685,141.41,195.685zM48.764,243.677h313.133c29.859,11.365,54.424,22.376,70.022,29.741c-3.657,1.728,-7.805,3.655,-12.392,5.737H29.655c-1.515,-2.196,-2.792,-4.135,-3.817,-5.737C29.843,267.162,37.687,255.784,48.764,243.677zM188.277,376.932l-10.137,-7.072c5.392,-0.475,10.792,-1.046,16.189,-1.703L188.277,376.932zM312.732,353.27c-8.139,0.896,-16.292,-0.739,-23.408,-4.587c6.589,-1.838,13.092,-3.741,19.491,-5.696L312.732,353.27zM141.41,351.142c-5.072,0.0,-10.015,-0.414,-14.826,-1.17c2.665,-4.618,1.33,-10.571,-3.17,-13.571c-4.688,-3.124,-11.019,-1.859,-14.143,2.828l-3.432,5.148c-25.244,-9.67,-45.764,-28.127,-60.326,-44.823h325.768C308.891,324.067,221.786,351.142,141.41,351.142zM450.339,287.199c5.906,-2.891,9.203,-4.615,9.465,-4.752c3.36,-1.761,5.465,-5.24,5.465,-9.034c0.0,-3.793,-2.105,-7.273,-5.465,-9.033c-0.426,-0.223,-3.575,-1.865,-9.056,-4.558c5.979,-12.697,15.156,-31.03,25.239,-47.005c3.899,-6.18,7.386,-11.148,10.476,-15.145c-5.716,23.287,-8.684,48.944,-8.684,75.692c0.0,27.757,3.196,54.34,9.341,78.318C476.762,339.193,463.948,317.986,450.339,287.199z"">
 </path>
 <path d=""M68.394,273.843c6.758,0.0,12.256,-5.498,12.256,-12.256s-5.498,-12.256,-12.256,-12.256c-6.758,0.0,-12.256,5.498,-12.256,12.256C56.138,268.345,61.636,273.843,68.394,273.843z"">
 </path>
 <path d=""M125.535,329.327c1.465,0.732,3.021,1.08,4.555,1.08c3.74,0.0,7.342,-2.065,9.129,-5.638l1.029,-2.057c2.52,-5.037,0.479,-11.164,-4.559,-13.684c-5.034,-2.518,-11.165,-0.48,-13.684,4.559l-1.029,2.057C118.456,320.68,120.496,326.806,125.535,329.327z"">
 </path>
</svg>


Question: What shape is the tail of the object?",Square,Circular,Triangular,Crescent,D,animal
139,"Examine the following SVG code carefully and answer the question based on your interpretation of the rendered image.

<svg id=""Layer_1"" style=""enable-background:new 0 0 512.001 512.001;"" version=""1.1"" viewbox=""0 0 512.001 512.001"" x=""0px"" xml:space=""preserve"" y=""0px"">
 <g>
  <path d=""M489.621,272.568c0.0,-38.78,6.566,-74.375,17.512,-102.277c-29.167,0.0,-72.017,102.277,-72.017,102.277s39.422,102.277,72.018,102.277C496.187,346.943,489.621,311.349,489.621,272.568z"" style=""fill:#0D96BC;"">
  </path>
  <path d=""M306.981,249.247c-27.831,0.0,-50.391,-22.561,-50.391,-50.391s22.561,-50.391,50.391,-50.391V249.247z"" style=""fill:#0D96BC;"">
  </path>
  <path d=""M326.355,360.382c-26.007,9.908,-55.122,-3.143,-65.029,-29.151c-9.908,-26.007,3.143,-55.122,29.151,-65.029L326.355,360.382z"" style=""fill:#0D96BC;"">
  </path>
  <polygon points=""215.534,279.271 110.558,206.872 156.835,128.925 265.746,206.466"" style=""fill:#0D96BC;"">
  </polygon>
  <polygon points=""190.852,391.164 85.876,318.764 132.154,240.817 241.064,318.359"" style=""fill:#0D96BC;"">
  </polygon>
 </g>
 <g>
  <path d=""M141.41,361.341c106.24,0.0,224.114,-46.646,280.316,-71.988H24.379C42.764,314.694,84.353,361.341,141.41,361.341z"" style=""fill:#75CCDC;"">
  </path>
  <path d=""M141.41,185.486c-41.56,0.0,-74.916,24.752,-97.075,47.991h319.433C302.366,210.239,218.8,185.486,141.41,185.486z"" style=""fill:#75CCDC;"">
  </path>
 </g>
 <path d=""M363.768,233.478H44.335C24.73,254.038,13.889,273.414,13.889,273.414s3.636,6.492,10.491,15.94h397.345c20.959,-9.451,33.344,-15.94,33.344,-15.94S418.093,254.038,363.768,233.478z"" style=""fill:#FCCB41;"">
 </path>
 <path d=""M498.178,273.365c0.0,-35.925,5.97,-70.924,16.807,-98.552c1.231,-3.139,0.831,-6.685,-1.069,-9.471c-1.899,-2.786,-5.054,-4.453,-8.427,-4.453c-14.226,0.0,-29.083,13.041,-46.755,41.041c-10.611,16.813,-20.19,35.932,-26.418,49.148c-16.061,-7.385,-38.377,-17.086,-64.94,-27.139c-15.065,-5.702,-31.999,-11.683,-50.198,-17.427v-58.048c0.0,-5.633,-4.567,-10.199,-10.199,-10.199c-27.524,0.0,-50.803,18.453,-58.157,43.633l-86.073,-61.282c-2.322,-1.654,-5.232,-2.259,-8.023,-1.671c-2.79,0.59,-5.206,2.32,-6.662,4.772l-32.356,54.499c-33.863,7.732,-60.833,29.426,-78.755,48.223c-20.262,21.249,-31.497,41.157,-31.965,41.994c-1.732,3.095,-1.731,6.868,0.001,9.964c0.161,0.287,4.009,7.125,11.132,16.943c0.001,0.001,0.001,0.002,0.002,0.004c20.646,28.457,64.377,76.197,125.286,76.197c1.148,0.0,2.3,-0.012,3.45,-0.022l40.156,28.012c1.724,1.202,3.762,1.834,5.836,1.834c0.605,0.0,1.212,-0.054,1.815,-0.163c2.671,-0.483,5.038,-2.011,6.581,-4.246l22.679,-32.883c14.393,-2.498,28.67,-5.527,42.678,-8.932c11.583,12.165,27.401,18.784,43.696,18.783c7.248,0.0,14.59,-1.307,21.685,-4.009c2.528,-0.963,4.569,-2.89,5.676,-5.359c1.107,-2.468,1.187,-5.275,0.224,-7.802l-7.603,-19.956c38.96,-12.885,73.023,-27.047,97.635,-38.144c2.083,-0.938,4.076,-1.847,5.985,-2.723c5.9,13.257,15.161,32.618,25.758,49.518c17.045,27.182,32.69,40.395,47.83,40.395c3.373,0.0,6.526,-1.667,8.427,-4.453s2.3,-6.332,1.069,-9.471C504.147,344.29,498.178,309.29,498.178,273.365zM296.781,159.974v40.374c-9.581,-2.766,-19.43,-5.419,-29.475,-7.901C269.842,176.691,281.56,163.969,296.781,159.974zM159.948,143.66l52.903,37.666c-23.777,-3.761,-47.877,-6.04,-71.441,-6.04c-0.081,0.0,-0.16,0.004,-0.242,0.004L159.948,143.66zM141.41,195.685c54.216,0.0,111.774,12.616,160.998,27.593H70.488C89.111,208.463,113.317,195.685,141.41,195.685zM48.764,243.677h313.133c29.859,11.365,54.424,22.376,70.022,29.741c-3.657,1.728,-7.805,3.655,-12.392,5.737H29.655c-1.515,-2.196,-2.792,-4.135,-3.817,-5.737C29.843,267.162,37.687,255.784,48.764,243.677zM188.277,376.932l-10.137,-7.072c5.392,-0.475,10.792,-1.046,16.189,-1.703L188.277,376.932zM312.732,353.27c-8.139,0.896,-16.292,-0.739,-23.408,-4.587c6.589,-1.838,13.092,-3.741,19.491,-5.696L312.732,353.27zM141.41,351.142c-5.072,0.0,-10.015,-0.414,-14.826,-1.17c2.665,-4.618,1.33,-10.571,-3.17,-13.571c-4.688,-3.124,-11.019,-1.859,-14.143,2.828l-3.432,5.148c-25.244,-9.67,-45.764,-28.127,-60.326,-44.823h325.768C308.891,324.067,221.786,351.142,141.41,351.142zM450.339,287.199c5.906,-2.891,9.203,-4.615,9.465,-4.752c3.36,-1.761,5.465,-5.24,5.465,-9.034c0.0,-3.793,-2.105,-7.273,-5.465,-9.033c-0.426,-0.223,-3.575,-1.865,-9.056,-4.558c5.979,-12.697,15.156,-31.03,25.239,-47.005c3.899,-6.18,7.386,-11.148,10.476,-15.145c-5.716,23.287,-8.684,48.944,-8.684,75.692c0.0,27.757,3.196,54.34,9.341,78.318C476.762,339.193,463.948,317.986,450.339,287.199z"">
 </path>
 <path d=""M68.394,273.843c6.758,0.0,12.256,-5.498,12.256,-12.256s-5.498,-12.256,-12.256,-12.256c-6.758,0.0,-12.256,5.498,-12.256,12.256C56.138,268.345,61.636,273.843,68.394,273.843z"">
 </path>
 <path d=""M125.535,329.327c1.465,0.732,3.021,1.08,4.555,1.08c3.74,0.0,7.342,-2.065,9.129,-5.638l1.029,-2.057c2.52,-5.037,0.479,-11.164,-4.559,-13.684c-5.034,-2.518,-11.165,-0.48,-13.684,4.559l-1.029,2.057C118.456,320.68,120.496,326.806,125.535,329.327z"">
 </path>
</svg>


Question: What type of object is depicted in the image?",Bird,Fish,Mammal,Reptile,B,animal
140,"Examine the following SVG code carefully and answer the question based on your interpretation of the rendered image.

<svg id=""Capa_1"" style=""enable-background:new 0 0 297 297;"" version=""1.1"" viewbox=""0 0 297 297"" x=""0px"" xml:space=""preserve"" y=""0px"">
 <g>
  <path d=""M45.75,210.017c24.105,24.106,56.998,31.399,74.46,33.602c1.475,0.185,2.508,-0.5,2.993,-0.927c0.492,-0.434,1.318,-1.391,1.318,-2.921V123.462c-0.009,-0.454,-0.409,-16.122,-11.829,-33.815C97.332,65.849,68.889,48.99,30.435,40.892c-0.284,-0.06,-0.567,-0.088,-0.845,-0.088c-1.682,0.0,-3.199,1.052,-3.716,2.681C17.596,69.611,-5.434,158.833,45.75,210.017z"">
  </path>
  <path d=""M287.217,285.481c1.825,-0.731,2.953,-2.531,2.807,-4.48c-2.475,-33.007,-19.57,-49.491,-27.805,-55.592c-26.873,24.017,-60.783,31.458,-79.221,33.752c-0.79,0.098,-1.583,0.147,-2.371,0.147c-1.224,0.0,-2.438,-0.124,-3.629,-0.353v23.39c0.0,1.624,0.855,3.109,2.231,3.876C219.281,308.557,268.092,293.146,287.217,285.481z"">
  </path>
  <path d=""M188.869,89.581c-11.462,17.722,-11.862,33.427,-11.871,33.881v116.561c0.0,1.439,0.776,2.34,1.239,2.748c0.457,0.403,1.437,1.053,2.831,0.879c17.519,-2.18,50.519,-9.448,74.702,-33.632c51.251,-51.25,28.126,-140.566,19.816,-166.719c-0.567,-1.789,-2.353,-2.857,-4.154,-2.477C232.835,48.885,204.286,65.746,188.869,89.581z"">
  </path>
  <path d=""M161.367,104.449c0.0,-5.541,-4.508,-10.049,-10.049,-10.049h-1.117c-5.541,0.0,-10.049,4.507,-10.049,10.049v185.344c0.0,5.541,4.507,10.049,10.049,10.049h1.117c5.541,0.0,10.049,-4.508,10.049,-10.049V104.449z"">
  </path>
  <path d=""M126.844,88.489c3.724,-4.679,12.303,-8.035,18.388,-9.233L128.193,28.139c-0.843,-2.529,-2.655,-4.619,-5.038,-5.811L86.309,3.906c-4.968,-2.484,-11.0,-0.471,-13.482,4.493c-2.482,4.964,-0.47,11.001,4.493,13.482l33.123,16.561L126.844,88.489z"">
  </path>
  <path d=""M174.677,88.49l16.4,-50.047l33.123,-16.561c4.963,-2.482,6.975,-8.518,4.493,-13.482c-2.483,-4.963,-8.518,-6.975,-13.482,-4.493l-36.846,18.423c-2.383,1.192,-4.196,3.282,-5.038,5.811l-17.039,51.117C162.374,80.455,170.952,83.81,174.677,88.49z"">
  </path>
  <path d=""M14.653,285.622c19.012,7.566,67.534,22.786,107.384,0.74c1.532,-0.847,2.484,-2.508,2.484,-4.333V258.882c-1.26,0.255,-2.545,0.397,-3.842,0.397c-0.806,0.0,-1.616,-0.05,-2.424,-0.151c-18.38,-2.319,-52.179,-9.786,-78.966,-33.73c-8.25,6.073,-25.185,22.377,-27.765,55.236C11.356,282.77,12.644,284.821,14.653,285.622z"">
  </path>
 </g>
</svg>


Question: What shape are the wings of the object in the image?",Circular,Triangular,Leaf-like,Square,C,animal
141,"Examine the following SVG code carefully and answer the question based on your interpretation of the rendered image.

<svg id=""Capa_1"" style=""enable-background:new 0 0 297 297;"" version=""1.1"" viewbox=""0 0 297 297"" x=""0px"" xml:space=""preserve"" y=""0px"">
 <g>
  <path d=""M45.75,210.017c24.105,24.106,56.998,31.399,74.46,33.602c1.475,0.185,2.508,-0.5,2.993,-0.927c0.492,-0.434,1.318,-1.391,1.318,-2.921V123.462c-0.009,-0.454,-0.409,-16.122,-11.829,-33.815C97.332,65.849,68.889,48.99,30.435,40.892c-0.284,-0.06,-0.567,-0.088,-0.845,-0.088c-1.682,0.0,-3.199,1.052,-3.716,2.681C17.596,69.611,-5.434,158.833,45.75,210.017z"">
  </path>
  <path d=""M287.217,285.481c1.825,-0.731,2.953,-2.531,2.807,-4.48c-2.475,-33.007,-19.57,-49.491,-27.805,-55.592c-26.873,24.017,-60.783,31.458,-79.221,33.752c-0.79,0.098,-1.583,0.147,-2.371,0.147c-1.224,0.0,-2.438,-0.124,-3.629,-0.353v23.39c0.0,1.624,0.855,3.109,2.231,3.876C219.281,308.557,268.092,293.146,287.217,285.481z"">
  </path>
  <path d=""M188.869,89.581c-11.462,17.722,-11.862,33.427,-11.871,33.881v116.561c0.0,1.439,0.776,2.34,1.239,2.748c0.457,0.403,1.437,1.053,2.831,0.879c17.519,-2.18,50.519,-9.448,74.702,-33.632c51.251,-51.25,28.126,-140.566,19.816,-166.719c-0.567,-1.789,-2.353,-2.857,-4.154,-2.477C232.835,48.885,204.286,65.746,188.869,89.581z"">
  </path>
  <path d=""M161.367,104.449c0.0,-5.541,-4.508,-10.049,-10.049,-10.049h-1.117c-5.541,0.0,-10.049,4.507,-10.049,10.049v185.344c0.0,5.541,4.507,10.049,10.049,10.049h1.117c5.541,0.0,10.049,-4.508,10.049,-10.049V104.449z"">
  </path>
  <path d=""M126.844,88.489c3.724,-4.679,12.303,-8.035,18.388,-9.233L128.193,28.139c-0.843,-2.529,-2.655,-4.619,-5.038,-5.811L86.309,3.906c-4.968,-2.484,-11.0,-0.471,-13.482,4.493c-2.482,4.964,-0.47,11.001,4.493,13.482l33.123,16.561L126.844,88.489z"">
  </path>
  <path d=""M174.677,88.49l16.4,-50.047l33.123,-16.561c4.963,-2.482,6.975,-8.518,4.493,-13.482c-2.483,-4.963,-8.518,-6.975,-13.482,-4.493l-36.846,18.423c-2.383,1.192,-4.196,3.282,-5.038,5.811l-17.039,51.117C162.374,80.455,170.952,83.81,174.677,88.49z"">
  </path>
  <path d=""M14.653,285.622c19.012,7.566,67.534,22.786,107.384,0.74c1.532,-0.847,2.484,-2.508,2.484,-4.333V258.882c-1.26,0.255,-2.545,0.397,-3.842,0.397c-0.806,0.0,-1.616,-0.05,-2.424,-0.151c-18.38,-2.319,-52.179,-9.786,-78.966,-33.73c-8.25,6.073,-25.185,22.377,-27.765,55.236C11.356,282.77,12.644,284.821,14.653,285.622z"">
  </path>
 </g>
</svg>


Question: How many wings does the object in the image have?",One,Two,Three,Four,D,animal
142,"Examine the following SVG code carefully and answer the question based on your interpretation of the rendered image.

<svg id=""Capa_1"" style=""enable-background:new 0 0 297 297;"" version=""1.1"" viewbox=""0 0 297 297"" x=""0px"" xml:space=""preserve"" y=""0px"">
 <g>
  <path d=""M45.75,210.017c24.105,24.106,56.998,31.399,74.46,33.602c1.475,0.185,2.508,-0.5,2.993,-0.927c0.492,-0.434,1.318,-1.391,1.318,-2.921V123.462c-0.009,-0.454,-0.409,-16.122,-11.829,-33.815C97.332,65.849,68.889,48.99,30.435,40.892c-0.284,-0.06,-0.567,-0.088,-0.845,-0.088c-1.682,0.0,-3.199,1.052,-3.716,2.681C17.596,69.611,-5.434,158.833,45.75,210.017z"">
  </path>
  <path d=""M287.217,285.481c1.825,-0.731,2.953,-2.531,2.807,-4.48c-2.475,-33.007,-19.57,-49.491,-27.805,-55.592c-26.873,24.017,-60.783,31.458,-79.221,33.752c-0.79,0.098,-1.583,0.147,-2.371,0.147c-1.224,0.0,-2.438,-0.124,-3.629,-0.353v23.39c0.0,1.624,0.855,3.109,2.231,3.876C219.281,308.557,268.092,293.146,287.217,285.481z"">
  </path>
  <path d=""M188.869,89.581c-11.462,17.722,-11.862,33.427,-11.871,33.881v116.561c0.0,1.439,0.776,2.34,1.239,2.748c0.457,0.403,1.437,1.053,2.831,0.879c17.519,-2.18,50.519,-9.448,74.702,-33.632c51.251,-51.25,28.126,-140.566,19.816,-166.719c-0.567,-1.789,-2.353,-2.857,-4.154,-2.477C232.835,48.885,204.286,65.746,188.869,89.581z"">
  </path>
  <path d=""M161.367,104.449c0.0,-5.541,-4.508,-10.049,-10.049,-10.049h-1.117c-5.541,0.0,-10.049,4.507,-10.049,10.049v185.344c0.0,5.541,4.507,10.049,10.049,10.049h1.117c5.541,0.0,10.049,-4.508,10.049,-10.049V104.449z"">
  </path>
  <path d=""M126.844,88.489c3.724,-4.679,12.303,-8.035,18.388,-9.233L128.193,28.139c-0.843,-2.529,-2.655,-4.619,-5.038,-5.811L86.309,3.906c-4.968,-2.484,-11.0,-0.471,-13.482,4.493c-2.482,4.964,-0.47,11.001,4.493,13.482l33.123,16.561L126.844,88.489z"">
  </path>
  <path d=""M174.677,88.49l16.4,-50.047l33.123,-16.561c4.963,-2.482,6.975,-8.518,4.493,-13.482c-2.483,-4.963,-8.518,-6.975,-13.482,-4.493l-36.846,18.423c-2.383,1.192,-4.196,3.282,-5.038,5.811l-17.039,51.117C162.374,80.455,170.952,83.81,174.677,88.49z"">
  </path>
  <path d=""M14.653,285.622c19.012,7.566,67.534,22.786,107.384,0.74c1.532,-0.847,2.484,-2.508,2.484,-4.333V258.882c-1.26,0.255,-2.545,0.397,-3.842,0.397c-0.806,0.0,-1.616,-0.05,-2.424,-0.151c-18.38,-2.319,-52.179,-9.786,-78.966,-33.73c-8.25,6.073,-25.185,22.377,-27.765,55.236C11.356,282.77,12.644,284.821,14.653,285.622z"">
  </path>
 </g>
</svg>


Question: What is the color of the object in the image?",Red,Blue,Green,Black,D,animal
143,"Examine the following SVG code carefully and answer the question based on your interpretation of the rendered image.

<svg id=""Capa_1"" style=""enable-background:new 0 0 297 297;"" version=""1.1"" viewbox=""0 0 297 297"" x=""0px"" xml:space=""preserve"" y=""0px"">
 <g>
  <path d=""M45.75,210.017c24.105,24.106,56.998,31.399,74.46,33.602c1.475,0.185,2.508,-0.5,2.993,-0.927c0.492,-0.434,1.318,-1.391,1.318,-2.921V123.462c-0.009,-0.454,-0.409,-16.122,-11.829,-33.815C97.332,65.849,68.889,48.99,30.435,40.892c-0.284,-0.06,-0.567,-0.088,-0.845,-0.088c-1.682,0.0,-3.199,1.052,-3.716,2.681C17.596,69.611,-5.434,158.833,45.75,210.017z"">
  </path>
  <path d=""M287.217,285.481c1.825,-0.731,2.953,-2.531,2.807,-4.48c-2.475,-33.007,-19.57,-49.491,-27.805,-55.592c-26.873,24.017,-60.783,31.458,-79.221,33.752c-0.79,0.098,-1.583,0.147,-2.371,0.147c-1.224,0.0,-2.438,-0.124,-3.629,-0.353v23.39c0.0,1.624,0.855,3.109,2.231,3.876C219.281,308.557,268.092,293.146,287.217,285.481z"">
  </path>
  <path d=""M188.869,89.581c-11.462,17.722,-11.862,33.427,-11.871,33.881v116.561c0.0,1.439,0.776,2.34,1.239,2.748c0.457,0.403,1.437,1.053,2.831,0.879c17.519,-2.18,50.519,-9.448,74.702,-33.632c51.251,-51.25,28.126,-140.566,19.816,-166.719c-0.567,-1.789,-2.353,-2.857,-4.154,-2.477C232.835,48.885,204.286,65.746,188.869,89.581z"">
  </path>
  <path d=""M161.367,104.449c0.0,-5.541,-4.508,-10.049,-10.049,-10.049h-1.117c-5.541,0.0,-10.049,4.507,-10.049,10.049v185.344c0.0,5.541,4.507,10.049,10.049,10.049h1.117c5.541,0.0,10.049,-4.508,10.049,-10.049V104.449z"">
  </path>
  <path d=""M126.844,88.489c3.724,-4.679,12.303,-8.035,18.388,-9.233L128.193,28.139c-0.843,-2.529,-2.655,-4.619,-5.038,-5.811L86.309,3.906c-4.968,-2.484,-11.0,-0.471,-13.482,4.493c-2.482,4.964,-0.47,11.001,4.493,13.482l33.123,16.561L126.844,88.489z"">
  </path>
  <path d=""M174.677,88.49l16.4,-50.047l33.123,-16.561c4.963,-2.482,6.975,-8.518,4.493,-13.482c-2.483,-4.963,-8.518,-6.975,-13.482,-4.493l-36.846,18.423c-2.383,1.192,-4.196,3.282,-5.038,5.811l-17.039,51.117C162.374,80.455,170.952,83.81,174.677,88.49z"">
  </path>
  <path d=""M14.653,285.622c19.012,7.566,67.534,22.786,107.384,0.74c1.532,-0.847,2.484,-2.508,2.484,-4.333V258.882c-1.26,0.255,-2.545,0.397,-3.842,0.397c-0.806,0.0,-1.616,-0.05,-2.424,-0.151c-18.38,-2.319,-52.179,-9.786,-78.966,-33.73c-8.25,6.073,-25.185,22.377,-27.765,55.236C11.356,282.77,12.644,284.821,14.653,285.622z"">
  </path>
 </g>
</svg>


Question: What is the object in the image?",flower,butterfly,bird,leaf,B,animal
160,"Examine the following SVG code carefully and answer the question based on your interpretation of the rendered image.

<svg id=""Layer_1"" style=""enable-background:new 0 0 489.989 489.989;"" version=""1.1"" viewbox=""0 0 489.989 489.989"" x=""0px"" xml:space=""preserve"" y=""0px"">
 <g id=""XMLID_1232_"">
  <g id=""XMLID_1067_"">
   <polygon points=""253.416,412.890 275.338,449.428 253.416,485.965 311.876,485.965 341.107,456.735 341.107,442.120 311.876,412.890"" style=""fill:#9D9D9C;"">
   </polygon>
  </g>
  <g id=""XMLID_976_"">
   <polygon points=""107.266,266.740 48.806,281.355 26.883,317.892 26.883,332.507 194.956,332.507"" style=""fill:#9D9D9C;"">
   </polygon>
  </g>
  <g id=""XMLID_973_"">
   <path d=""M224.186,325.2c-72.645,0.0,-131.535,-58.89,-131.535,-131.535V76.745L19.576,33.406V10.977h160.765l58.46,175.38h116.92c0.0,0.0,122.997,11.203,124.228,131.535c0.0,0.0,-0.547,113.265,-109.613,124.228l36.538,-51.152l-36.538,-58.46L224.186,325.2z"" style=""fill:#9D9D9C;"">
   </path>
  </g>
  <g id=""XMLID_972_"">
   <path d=""M180.341,10.977l58.46,175.38h116.92c0.0,0.0,122.997,11.203,124.228,131.535c0.0,0.0,-0.547,113.265,-109.613,124.228l36.538,-51.152l-36.538,-58.46h-146.15L107.266,10.977H180.341"" style=""fill:#B2B2B2;"">
   </path>
  </g>
  <g id=""XMLID_535_"">
   <rect height=""15"" style=""fill:#FFFFFF;"" width=""14.615"" x=""129.188"" y=""32.707"">
   </rect>
  </g>
  <path d=""M348.413,178.857H244.206L185.747,3.477H12.076v34.2l29.23,17.335v21.732h15.0V63.909l6.923,4.106v45.268h15.0V76.911l6.922,4.105V186.357c0.0,26.357,6.674,51.183,18.416,72.883H92.651c-40.4,0.0,-73.268,32.868,-73.268,73.268v7.5h219.417h102.305c28.1,0.0,50.961,22.86,50.961,50.96c0.0,25.805,-19.284,47.176,-44.195,50.497c-3.76,-20.492,-21.74,-36.074,-43.302,-36.074h-64.399l26.422,44.037l-26.422,44.038h64.399c21.854,0.0,40.033,-16.005,43.451,-36.908c0.13,-0.014,0.263,-0.018,0.393,-0.033v0.402c76.664,0.0,139.035,-62.371,139.035,-139.035S425.078,178.857,348.413,178.857zM304.569,478.465h-37.907l17.423,-29.038l-17.422,-29.037h37.906c16.011,0.0,29.037,13.026,29.037,29.037C333.607,465.439,320.581,478.465,304.569,478.465zM34.864,325.007c3.692,-28.599,28.2,-50.768,57.787,-50.768h20.189c15.157,21.659,35.746,39.249,59.78,50.768H34.864zM390.578,434.548c10.257,-11.63,16.488,-26.892,16.488,-43.581c0.0,-31.369,-22.019,-57.676,-51.408,-64.322c-2.999,-37.666,-34.587,-67.405,-73.012,-67.405h-21.922v15.0h21.922c29.586,0.0,54.075,22.171,57.768,50.768H238.801c-76.452,0.0,-138.65,-62.198,-138.65,-138.65V72.473L78.228,59.472V40.207h-15.0v10.368l-6.923,-4.106v-13.57h-15.0v4.674l-14.23,-8.439V18.477h147.859l58.46,175.38h115.019c68.393,0.0,124.035,55.642,124.035,124.035C472.449,371.487,438.276,417.253,390.578,434.548z"" style=""fill:#1D1D1B;"">
  </path>
 </g>
</svg>


Question: What is the primary color of the object?",Red,Blue,Gray,Green,C,animal
161,"Examine the following SVG code carefully and answer the question based on your interpretation of the rendered image.

<svg id=""Layer_1"" style=""enable-background:new 0 0 489.989 489.989;"" version=""1.1"" viewbox=""0 0 489.989 489.989"" x=""0px"" xml:space=""preserve"" y=""0px"">
 <g id=""XMLID_1232_"">
  <g id=""XMLID_1067_"">
   <polygon points=""253.416,412.890 275.338,449.428 253.416,485.965 311.876,485.965 341.107,456.735 341.107,442.120 311.876,412.890"" style=""fill:#9D9D9C;"">
   </polygon>
  </g>
  <g id=""XMLID_976_"">
   <polygon points=""107.266,266.740 48.806,281.355 26.883,317.892 26.883,332.507 194.956,332.507"" style=""fill:#9D9D9C;"">
   </polygon>
  </g>
  <g id=""XMLID_973_"">
   <path d=""M224.186,325.2c-72.645,0.0,-131.535,-58.89,-131.535,-131.535V76.745L19.576,33.406V10.977h160.765l58.46,175.38h116.92c0.0,0.0,122.997,11.203,124.228,131.535c0.0,0.0,-0.547,113.265,-109.613,124.228l36.538,-51.152l-36.538,-58.46L224.186,325.2z"" style=""fill:#9D9D9C;"">
   </path>
  </g>
  <g id=""XMLID_972_"">
   <path d=""M180.341,10.977l58.46,175.38h116.92c0.0,0.0,122.997,11.203,124.228,131.535c0.0,0.0,-0.547,113.265,-109.613,124.228l36.538,-51.152l-36.538,-58.46h-146.15L107.266,10.977H180.341"" style=""fill:#B2B2B2;"">
   </path>
  </g>
  <g id=""XMLID_535_"">
   <rect height=""15"" style=""fill:#FFFFFF;"" width=""14.615"" x=""129.188"" y=""32.707"">
   </rect>
  </g>
  <path d=""M348.413,178.857H244.206L185.747,3.477H12.076v34.2l29.23,17.335v21.732h15.0V63.909l6.923,4.106v45.268h15.0V76.911l6.922,4.105V186.357c0.0,26.357,6.674,51.183,18.416,72.883H92.651c-40.4,0.0,-73.268,32.868,-73.268,73.268v7.5h219.417h102.305c28.1,0.0,50.961,22.86,50.961,50.96c0.0,25.805,-19.284,47.176,-44.195,50.497c-3.76,-20.492,-21.74,-36.074,-43.302,-36.074h-64.399l26.422,44.037l-26.422,44.038h64.399c21.854,0.0,40.033,-16.005,43.451,-36.908c0.13,-0.014,0.263,-0.018,0.393,-0.033v0.402c76.664,0.0,139.035,-62.371,139.035,-139.035S425.078,178.857,348.413,178.857zM304.569,478.465h-37.907l17.423,-29.038l-17.422,-29.037h37.906c16.011,0.0,29.037,13.026,29.037,29.037C333.607,465.439,320.581,478.465,304.569,478.465zM34.864,325.007c3.692,-28.599,28.2,-50.768,57.787,-50.768h20.189c15.157,21.659,35.746,39.249,59.78,50.768H34.864zM390.578,434.548c10.257,-11.63,16.488,-26.892,16.488,-43.581c0.0,-31.369,-22.019,-57.676,-51.408,-64.322c-2.999,-37.666,-34.587,-67.405,-73.012,-67.405h-21.922v15.0h21.922c29.586,0.0,54.075,22.171,57.768,50.768H238.801c-76.452,0.0,-138.65,-62.198,-138.65,-138.65V72.473L78.228,59.472V40.207h-15.0v10.368l-6.923,-4.106v-13.57h-15.0v4.674l-14.23,-8.439V18.477h147.859l58.46,175.38h115.019c68.393,0.0,124.035,55.642,124.035,124.035C472.449,371.487,438.276,417.253,390.578,434.548z"" style=""fill:#1D1D1B;"">
  </path>
 </g>
</svg>


Question: What shape is the tail of the object?",Triangle,Circle,Square,Hexagon,A,animal
162,"Examine the following SVG code carefully and answer the question based on your interpretation of the rendered image.

<svg id=""Layer_1"" style=""enable-background:new 0 0 489.989 489.989;"" version=""1.1"" viewbox=""0 0 489.989 489.989"" x=""0px"" xml:space=""preserve"" y=""0px"">
 <g id=""XMLID_1232_"">
  <g id=""XMLID_1067_"">
   <polygon points=""253.416,412.890 275.338,449.428 253.416,485.965 311.876,485.965 341.107,456.735 341.107,442.120 311.876,412.890"" style=""fill:#9D9D9C;"">
   </polygon>
  </g>
  <g id=""XMLID_976_"">
   <polygon points=""107.266,266.740 48.806,281.355 26.883,317.892 26.883,332.507 194.956,332.507"" style=""fill:#9D9D9C;"">
   </polygon>
  </g>
  <g id=""XMLID_973_"">
   <path d=""M224.186,325.2c-72.645,0.0,-131.535,-58.89,-131.535,-131.535V76.745L19.576,33.406V10.977h160.765l58.46,175.38h116.92c0.0,0.0,122.997,11.203,124.228,131.535c0.0,0.0,-0.547,113.265,-109.613,124.228l36.538,-51.152l-36.538,-58.46L224.186,325.2z"" style=""fill:#9D9D9C;"">
   </path>
  </g>
  <g id=""XMLID_972_"">
   <path d=""M180.341,10.977l58.46,175.38h116.92c0.0,0.0,122.997,11.203,124.228,131.535c0.0,0.0,-0.547,113.265,-109.613,124.228l36.538,-51.152l-36.538,-58.46h-146.15L107.266,10.977H180.341"" style=""fill:#B2B2B2;"">
   </path>
  </g>
  <g id=""XMLID_535_"">
   <rect height=""15"" style=""fill:#FFFFFF;"" width=""14.615"" x=""129.188"" y=""32.707"">
   </rect>
  </g>
  <path d=""M348.413,178.857H244.206L185.747,3.477H12.076v34.2l29.23,17.335v21.732h15.0V63.909l6.923,4.106v45.268h15.0V76.911l6.922,4.105V186.357c0.0,26.357,6.674,51.183,18.416,72.883H92.651c-40.4,0.0,-73.268,32.868,-73.268,73.268v7.5h219.417h102.305c28.1,0.0,50.961,22.86,50.961,50.96c0.0,25.805,-19.284,47.176,-44.195,50.497c-3.76,-20.492,-21.74,-36.074,-43.302,-36.074h-64.399l26.422,44.037l-26.422,44.038h64.399c21.854,0.0,40.033,-16.005,43.451,-36.908c0.13,-0.014,0.263,-0.018,0.393,-0.033v0.402c76.664,0.0,139.035,-62.371,139.035,-139.035S425.078,178.857,348.413,178.857zM304.569,478.465h-37.907l17.423,-29.038l-17.422,-29.037h37.906c16.011,0.0,29.037,13.026,29.037,29.037C333.607,465.439,320.581,478.465,304.569,478.465zM34.864,325.007c3.692,-28.599,28.2,-50.768,57.787,-50.768h20.189c15.157,21.659,35.746,39.249,59.78,50.768H34.864zM390.578,434.548c10.257,-11.63,16.488,-26.892,16.488,-43.581c0.0,-31.369,-22.019,-57.676,-51.408,-64.322c-2.999,-37.666,-34.587,-67.405,-73.012,-67.405h-21.922v15.0h21.922c29.586,0.0,54.075,22.171,57.768,50.768H238.801c-76.452,0.0,-138.65,-62.198,-138.65,-138.65V72.473L78.228,59.472V40.207h-15.0v10.368l-6.923,-4.106v-13.57h-15.0v4.674l-14.23,-8.439V18.477h147.859l58.46,175.38h115.019c68.393,0.0,124.035,55.642,124.035,124.035C472.449,371.487,438.276,417.253,390.578,434.548z"" style=""fill:#1D1D1B;"">
  </path>
 </g>
</svg>


Question: How many legs does the object have?",Two,One,Three,Four,A,animal
163,"Examine the following SVG code carefully and answer the question based on your interpretation of the rendered image.

<svg id=""Layer_1"" style=""enable-background:new 0 0 489.989 489.989;"" version=""1.1"" viewbox=""0 0 489.989 489.989"" x=""0px"" xml:space=""preserve"" y=""0px"">
 <g id=""XMLID_1232_"">
  <g id=""XMLID_1067_"">
   <polygon points=""253.416,412.890 275.338,449.428 253.416,485.965 311.876,485.965 341.107,456.735 341.107,442.120 311.876,412.890"" style=""fill:#9D9D9C;"">
   </polygon>
  </g>
  <g id=""XMLID_976_"">
   <polygon points=""107.266,266.740 48.806,281.355 26.883,317.892 26.883,332.507 194.956,332.507"" style=""fill:#9D9D9C;"">
   </polygon>
  </g>
  <g id=""XMLID_973_"">
   <path d=""M224.186,325.2c-72.645,0.0,-131.535,-58.89,-131.535,-131.535V76.745L19.576,33.406V10.977h160.765l58.46,175.38h116.92c0.0,0.0,122.997,11.203,124.228,131.535c0.0,0.0,-0.547,113.265,-109.613,124.228l36.538,-51.152l-36.538,-58.46L224.186,325.2z"" style=""fill:#9D9D9C;"">
   </path>
  </g>
  <g id=""XMLID_972_"">
   <path d=""M180.341,10.977l58.46,175.38h116.92c0.0,0.0,122.997,11.203,124.228,131.535c0.0,0.0,-0.547,113.265,-109.613,124.228l36.538,-51.152l-36.538,-58.46h-146.15L107.266,10.977H180.341"" style=""fill:#B2B2B2;"">
   </path>
  </g>
  <g id=""XMLID_535_"">
   <rect height=""15"" style=""fill:#FFFFFF;"" width=""14.615"" x=""129.188"" y=""32.707"">
   </rect>
  </g>
  <path d=""M348.413,178.857H244.206L185.747,3.477H12.076v34.2l29.23,17.335v21.732h15.0V63.909l6.923,4.106v45.268h15.0V76.911l6.922,4.105V186.357c0.0,26.357,6.674,51.183,18.416,72.883H92.651c-40.4,0.0,-73.268,32.868,-73.268,73.268v7.5h219.417h102.305c28.1,0.0,50.961,22.86,50.961,50.96c0.0,25.805,-19.284,47.176,-44.195,50.497c-3.76,-20.492,-21.74,-36.074,-43.302,-36.074h-64.399l26.422,44.037l-26.422,44.038h64.399c21.854,0.0,40.033,-16.005,43.451,-36.908c0.13,-0.014,0.263,-0.018,0.393,-0.033v0.402c76.664,0.0,139.035,-62.371,139.035,-139.035S425.078,178.857,348.413,178.857zM304.569,478.465h-37.907l17.423,-29.038l-17.422,-29.037h37.906c16.011,0.0,29.037,13.026,29.037,29.037C333.607,465.439,320.581,478.465,304.569,478.465zM34.864,325.007c3.692,-28.599,28.2,-50.768,57.787,-50.768h20.189c15.157,21.659,35.746,39.249,59.78,50.768H34.864zM390.578,434.548c10.257,-11.63,16.488,-26.892,16.488,-43.581c0.0,-31.369,-22.019,-57.676,-51.408,-64.322c-2.999,-37.666,-34.587,-67.405,-73.012,-67.405h-21.922v15.0h21.922c29.586,0.0,54.075,22.171,57.768,50.768H238.801c-76.452,0.0,-138.65,-62.198,-138.65,-138.65V72.473L78.228,59.472V40.207h-15.0v10.368l-6.923,-4.106v-13.57h-15.0v4.674l-14.23,-8.439V18.477h147.859l58.46,175.38h115.019c68.393,0.0,124.035,55.642,124.035,124.035C472.449,371.487,438.276,417.253,390.578,434.548z"" style=""fill:#1D1D1B;"">
  </path>
 </g>
</svg>


Question: What animal does the object resemble?",Dog,Cat,Seal,Bird,C,animal
164,"Examine the following SVG code carefully and answer the question based on your interpretation of the rendered image.

<svg id=""Layer_1"" style=""enable-background:new 0 0 512 512;"" version=""1.1"" viewbox=""0 0 512 512"" x=""0px"" xml:space=""preserve"" y=""0px"">
 <path d=""M103.683,486.756h38.957V362.547c-4.909,0.0,-37.949,-0.091,-38.957,-0.091V486.756z"" style=""fill:#FBB071;"">
 </path>
 <path d=""M376.379,326.038v160.718h38.957V325.909C404.93,325.909,389.128,326.038,376.379,326.038z"" style=""fill:#FF835D;"">
 </path>
 <path d=""M382.659,133.657c0.0,0.0,-33.036,179.565,-39.672,197.62v33.476c11.935,-0.628,23.172,-3.203,33.391,-7.503c15.799,-6.646,29.165,-17.396,38.957,-31.342c11.285,-16.072,17.82,-36.393,17.82,-59.602v-52.924l24.21,-40.224l-24.21,-39.726L382.659,133.657z"" style=""fill:#FAE8AC;"">
 </path>
 <path d=""M324.593,306.149l-174.224,-9.874c0.718,2.292,21.121,34.186,24.356,40.082l129.306,24.336L324.593,306.149z"" style=""fill:#FDF3D3;"">
 </path>
 <path d=""M159.134,196.621L71.486,208.695c-20.854,-13.981,-34.586,-37.763,-34.586,-64.757c0.0,-43.03,34.883,-77.913,77.913,-77.913l20.045,-16.411l-20.045,-16.981C53.341,32.634,3.509,82.466,3.509,143.938c0.0,45.64,27.474,84.857,66.783,102.034v96.088H31.335v144.696h38.957V378.234c11.577,0.0,22.777,-0.955,33.391,-2.866c14.209,-2.558,27.361,-6.834,38.957,-12.821c12.836,-6.627,23.762,-15.353,32.086,-26.19c6.875,-8.951,11.97,-19.344,14.908,-31.172c1.888,-7.599,2.892,-15.785,2.892,-24.573v-7.484L159.134,196.621z"" style=""fill:#F6D76F;"">
 </path>
 <path d=""M144.291,66.025c9.22,0.0,16.696,-7.475,16.696,-16.696s-7.475,-16.696,-16.696,-16.696h-29.478V66.025H144.291z"" style=""fill:#325763;"">
 </path>
 <path d=""M433.155,214.06c25.45,0.0,46.249,-19.87,47.754,-44.119l13.482,-4.494C506.006,158.237,515.509,145.675,515.509,133.431l-40.905,-27.073l-41.449,27.073V214.06z"" style=""fill:#F6D76F;"">
 </path>
 <polygon points=""159.134,273.128 192.525,273.128 203.719,229.370 192.525,192.021 159.134,196.621"" style=""fill:#325763;"">
 </polygon>
 <path d=""M493.248,99.576L470.987,80.495h-37.832V47.104c-18.442,0.0,-33.391,14.949,-33.391,33.391l-73.673,93.125l-16.363,12.24l-17.028,-7.64l-33.391,4.6l0.0,0.0l-17.26,11.693l-16.131,-7.092l-33.391,4.6v88.592c0.0,8.787,-1.004,16.974,-2.892,24.573l114.398,21.526v160.045h38.957V331.277c13.315,-1.018,25.297,-5.585,34.861,-13.515c14.136,-11.72,21.916,-29.997,21.916,-51.456V150.761l33.391,-17.33H515.509V102.756L493.248,99.576z"" style=""fill:#FBB071;"">
 </path>
 <g>
  <polygon points=""326.090,273.128 326.090,173.620 292.699,178.220 292.699,273.128"" style=""fill:#05232E;"">
  </polygon>
  <polygon points=""225.916,273.128 259.308,273.128 259.308,182.820 225.916,187.421"" style=""fill:#05232E;"">
  </polygon>
 </g>
</svg>


Question: What is the primary color of the tail of the object?",Blue,Yellow,Orange,Green,B,animal
165,"Examine the following SVG code carefully and answer the question based on your interpretation of the rendered image.

<svg id=""Layer_1"" style=""enable-background:new 0 0 512 512;"" version=""1.1"" viewbox=""0 0 512 512"" x=""0px"" xml:space=""preserve"" y=""0px"">
 <path d=""M103.683,486.756h38.957V362.547c-4.909,0.0,-37.949,-0.091,-38.957,-0.091V486.756z"" style=""fill:#FBB071;"">
 </path>
 <path d=""M376.379,326.038v160.718h38.957V325.909C404.93,325.909,389.128,326.038,376.379,326.038z"" style=""fill:#FF835D;"">
 </path>
 <path d=""M382.659,133.657c0.0,0.0,-33.036,179.565,-39.672,197.62v33.476c11.935,-0.628,23.172,-3.203,33.391,-7.503c15.799,-6.646,29.165,-17.396,38.957,-31.342c11.285,-16.072,17.82,-36.393,17.82,-59.602v-52.924l24.21,-40.224l-24.21,-39.726L382.659,133.657z"" style=""fill:#FAE8AC;"">
 </path>
 <path d=""M324.593,306.149l-174.224,-9.874c0.718,2.292,21.121,34.186,24.356,40.082l129.306,24.336L324.593,306.149z"" style=""fill:#FDF3D3;"">
 </path>
 <path d=""M159.134,196.621L71.486,208.695c-20.854,-13.981,-34.586,-37.763,-34.586,-64.757c0.0,-43.03,34.883,-77.913,77.913,-77.913l20.045,-16.411l-20.045,-16.981C53.341,32.634,3.509,82.466,3.509,143.938c0.0,45.64,27.474,84.857,66.783,102.034v96.088H31.335v144.696h38.957V378.234c11.577,0.0,22.777,-0.955,33.391,-2.866c14.209,-2.558,27.361,-6.834,38.957,-12.821c12.836,-6.627,23.762,-15.353,32.086,-26.19c6.875,-8.951,11.97,-19.344,14.908,-31.172c1.888,-7.599,2.892,-15.785,2.892,-24.573v-7.484L159.134,196.621z"" style=""fill:#F6D76F;"">
 </path>
 <path d=""M144.291,66.025c9.22,0.0,16.696,-7.475,16.696,-16.696s-7.475,-16.696,-16.696,-16.696h-29.478V66.025H144.291z"" style=""fill:#325763;"">
 </path>
 <path d=""M433.155,214.06c25.45,0.0,46.249,-19.87,47.754,-44.119l13.482,-4.494C506.006,158.237,515.509,145.675,515.509,133.431l-40.905,-27.073l-41.449,27.073V214.06z"" style=""fill:#F6D76F;"">
 </path>
 <polygon points=""159.134,273.128 192.525,273.128 203.719,229.370 192.525,192.021 159.134,196.621"" style=""fill:#325763;"">
 </polygon>
 <path d=""M493.248,99.576L470.987,80.495h-37.832V47.104c-18.442,0.0,-33.391,14.949,-33.391,33.391l-73.673,93.125l-16.363,12.24l-17.028,-7.64l-33.391,4.6l0.0,0.0l-17.26,11.693l-16.131,-7.092l-33.391,4.6v88.592c0.0,8.787,-1.004,16.974,-2.892,24.573l114.398,21.526v160.045h38.957V331.277c13.315,-1.018,25.297,-5.585,34.861,-13.515c14.136,-11.72,21.916,-29.997,21.916,-51.456V150.761l33.391,-17.33H515.509V102.756L493.248,99.576z"" style=""fill:#FBB071;"">
 </path>
 <g>
  <polygon points=""326.090,273.128 326.090,173.620 292.699,178.220 292.699,273.128"" style=""fill:#05232E;"">
  </polygon>
  <polygon points=""225.916,273.128 259.308,273.128 259.308,182.820 225.916,187.421"" style=""fill:#05232E;"">
  </polygon>
 </g>
</svg>


Question: How many legs does the object have?",Two,Three,Four,Five,C,animal
166,"Examine the following SVG code carefully and answer the question based on your interpretation of the rendered image.

<svg id=""Layer_1"" style=""enable-background:new 0 0 512 512;"" version=""1.1"" viewbox=""0 0 512 512"" x=""0px"" xml:space=""preserve"" y=""0px"">
 <path d=""M103.683,486.756h38.957V362.547c-4.909,0.0,-37.949,-0.091,-38.957,-0.091V486.756z"" style=""fill:#FBB071;"">
 </path>
 <path d=""M376.379,326.038v160.718h38.957V325.909C404.93,325.909,389.128,326.038,376.379,326.038z"" style=""fill:#FF835D;"">
 </path>
 <path d=""M382.659,133.657c0.0,0.0,-33.036,179.565,-39.672,197.62v33.476c11.935,-0.628,23.172,-3.203,33.391,-7.503c15.799,-6.646,29.165,-17.396,38.957,-31.342c11.285,-16.072,17.82,-36.393,17.82,-59.602v-52.924l24.21,-40.224l-24.21,-39.726L382.659,133.657z"" style=""fill:#FAE8AC;"">
 </path>
 <path d=""M324.593,306.149l-174.224,-9.874c0.718,2.292,21.121,34.186,24.356,40.082l129.306,24.336L324.593,306.149z"" style=""fill:#FDF3D3;"">
 </path>
 <path d=""M159.134,196.621L71.486,208.695c-20.854,-13.981,-34.586,-37.763,-34.586,-64.757c0.0,-43.03,34.883,-77.913,77.913,-77.913l20.045,-16.411l-20.045,-16.981C53.341,32.634,3.509,82.466,3.509,143.938c0.0,45.64,27.474,84.857,66.783,102.034v96.088H31.335v144.696h38.957V378.234c11.577,0.0,22.777,-0.955,33.391,-2.866c14.209,-2.558,27.361,-6.834,38.957,-12.821c12.836,-6.627,23.762,-15.353,32.086,-26.19c6.875,-8.951,11.97,-19.344,14.908,-31.172c1.888,-7.599,2.892,-15.785,2.892,-24.573v-7.484L159.134,196.621z"" style=""fill:#F6D76F;"">
 </path>
 <path d=""M144.291,66.025c9.22,0.0,16.696,-7.475,16.696,-16.696s-7.475,-16.696,-16.696,-16.696h-29.478V66.025H144.291z"" style=""fill:#325763;"">
 </path>
 <path d=""M433.155,214.06c25.45,0.0,46.249,-19.87,47.754,-44.119l13.482,-4.494C506.006,158.237,515.509,145.675,515.509,133.431l-40.905,-27.073l-41.449,27.073V214.06z"" style=""fill:#F6D76F;"">
 </path>
 <polygon points=""159.134,273.128 192.525,273.128 203.719,229.370 192.525,192.021 159.134,196.621"" style=""fill:#325763;"">
 </polygon>
 <path d=""M493.248,99.576L470.987,80.495h-37.832V47.104c-18.442,0.0,-33.391,14.949,-33.391,33.391l-73.673,93.125l-16.363,12.24l-17.028,-7.64l-33.391,4.6l0.0,0.0l-17.26,11.693l-16.131,-7.092l-33.391,4.6v88.592c0.0,8.787,-1.004,16.974,-2.892,24.573l114.398,21.526v160.045h38.957V331.277c13.315,-1.018,25.297,-5.585,34.861,-13.515c14.136,-11.72,21.916,-29.997,21.916,-51.456V150.761l33.391,-17.33H515.509V102.756L493.248,99.576z"" style=""fill:#FBB071;"">
 </path>
 <g>
  <polygon points=""326.090,273.128 326.090,173.620 292.699,178.220 292.699,273.128"" style=""fill:#05232E;"">
  </polygon>
  <polygon points=""225.916,273.128 259.308,273.128 259.308,182.820 225.916,187.421"" style=""fill:#05232E;"">
  </polygon>
 </g>
</svg>


Question: What shape is the object’s head?",Square,Circle,Triangle,Hexagon,A,animal
167,"Examine the following SVG code carefully and answer the question based on your interpretation of the rendered image.

<svg id=""Layer_1"" style=""enable-background:new 0 0 512 512;"" version=""1.1"" viewbox=""0 0 512 512"" x=""0px"" xml:space=""preserve"" y=""0px"">
 <path d=""M103.683,486.756h38.957V362.547c-4.909,0.0,-37.949,-0.091,-38.957,-0.091V486.756z"" style=""fill:#FBB071;"">
 </path>
 <path d=""M376.379,326.038v160.718h38.957V325.909C404.93,325.909,389.128,326.038,376.379,326.038z"" style=""fill:#FF835D;"">
 </path>
 <path d=""M382.659,133.657c0.0,0.0,-33.036,179.565,-39.672,197.62v33.476c11.935,-0.628,23.172,-3.203,33.391,-7.503c15.799,-6.646,29.165,-17.396,38.957,-31.342c11.285,-16.072,17.82,-36.393,17.82,-59.602v-52.924l24.21,-40.224l-24.21,-39.726L382.659,133.657z"" style=""fill:#FAE8AC;"">
 </path>
 <path d=""M324.593,306.149l-174.224,-9.874c0.718,2.292,21.121,34.186,24.356,40.082l129.306,24.336L324.593,306.149z"" style=""fill:#FDF3D3;"">
 </path>
 <path d=""M159.134,196.621L71.486,208.695c-20.854,-13.981,-34.586,-37.763,-34.586,-64.757c0.0,-43.03,34.883,-77.913,77.913,-77.913l20.045,-16.411l-20.045,-16.981C53.341,32.634,3.509,82.466,3.509,143.938c0.0,45.64,27.474,84.857,66.783,102.034v96.088H31.335v144.696h38.957V378.234c11.577,0.0,22.777,-0.955,33.391,-2.866c14.209,-2.558,27.361,-6.834,38.957,-12.821c12.836,-6.627,23.762,-15.353,32.086,-26.19c6.875,-8.951,11.97,-19.344,14.908,-31.172c1.888,-7.599,2.892,-15.785,2.892,-24.573v-7.484L159.134,196.621z"" style=""fill:#F6D76F;"">
 </path>
 <path d=""M144.291,66.025c9.22,0.0,16.696,-7.475,16.696,-16.696s-7.475,-16.696,-16.696,-16.696h-29.478V66.025H144.291z"" style=""fill:#325763;"">
 </path>
 <path d=""M433.155,214.06c25.45,0.0,46.249,-19.87,47.754,-44.119l13.482,-4.494C506.006,158.237,515.509,145.675,515.509,133.431l-40.905,-27.073l-41.449,27.073V214.06z"" style=""fill:#F6D76F;"">
 </path>
 <polygon points=""159.134,273.128 192.525,273.128 203.719,229.370 192.525,192.021 159.134,196.621"" style=""fill:#325763;"">
 </polygon>
 <path d=""M493.248,99.576L470.987,80.495h-37.832V47.104c-18.442,0.0,-33.391,14.949,-33.391,33.391l-73.673,93.125l-16.363,12.24l-17.028,-7.64l-33.391,4.6l0.0,0.0l-17.26,11.693l-16.131,-7.092l-33.391,4.6v88.592c0.0,8.787,-1.004,16.974,-2.892,24.573l114.398,21.526v160.045h38.957V331.277c13.315,-1.018,25.297,-5.585,34.861,-13.515c14.136,-11.72,21.916,-29.997,21.916,-51.456V150.761l33.391,-17.33H515.509V102.756L493.248,99.576z"" style=""fill:#FBB071;"">
 </path>
 <g>
  <polygon points=""326.090,273.128 326.090,173.620 292.699,178.220 292.699,273.128"" style=""fill:#05232E;"">
  </polygon>
  <polygon points=""225.916,273.128 259.308,273.128 259.308,182.820 225.916,187.421"" style=""fill:#05232E;"">
  </polygon>
 </g>
</svg>


Question: What animal does the object resemble?",Dog,Cat,Horse,Tiger,D,animal
188,"Examine the following SVG code carefully and answer the question based on your interpretation of the rendered image.

<svg id=""Layer_1"" style=""enable-background:new 0 0 512.001 512.001;"" version=""1.1"" viewbox=""0 0 512.001 512.001"" x=""0px"" xml:space=""preserve"" y=""0px"">
 <g>
  <g>
   <path d=""M394.269,191.085l-20.226,-45.339c-4.775,-10.705,-13.968,-18.726,-25.222,-22.009c-16.515,-4.818,-34.174,1.462,-43.941,15.624l-6.089,8.829c-5.072,7.353,-13.432,11.744,-22.365,11.744h-27.372c-8.932,0.0,-17.293,-4.39,-22.365,-11.744l-6.089,-8.829c-9.767,-14.161,-27.423,-20.44,-43.942,-15.624c-11.252,3.283,-20.445,11.304,-25.221,22.008l-20.229,45.34c-11.487,25.75,-3.928,55.776,18.383,73.016c2.808,2.169,6.653,2.41,9.708,0.603l15.967,-9.436l-1.216,6.349c-5.562,29.05,4.196,59.103,25.524,79.372c2.035,26.554,24.276,47.542,51.344,47.542h23.638c27.066,0.0,49.307,-20.989,51.344,-47.542c21.328,-20.271,31.087,-50.323,25.524,-79.374l-1.216,-6.348l15.967,9.436c3.055,1.805,6.901,1.566,9.708,-0.603C398.198,246.86,405.757,216.836,394.269,191.085zM274.56,371.198h-23.638c-17.352,0.0,-31.714,-13.001,-33.883,-29.771l45.703,-30.88l45.703,30.88C306.274,358.197,291.912,371.198,274.56,371.198zM262.74,288.079L243.986,270.094c-0.185,-0.177,-0.617,-0.592,-0.298,-1.386c0.319,-0.794,0.918,-0.794,1.174,-0.794h35.759c0.257,0.0,0.855,0.0,1.175,0.794c0.318,0.794,-0.114,1.208,-0.299,1.384L262.74,288.079zM369.595,246.587l-27.098,-16.012c-2.933,-1.733,-6.611,-1.587,-9.396,0.373c-2.787,1.961,-4.166,5.372,-3.526,8.718l4.828,25.21c4.23,22.091,-2.603,44.913,-17.932,61.053l-39.984,-27.016l17.009,-16.309c5.511,-5.285,7.232,-13.278,4.383,-20.362c-2.847,-7.085,-9.622,-11.663,-17.258,-11.663h-35.759c-7.634,0.0,-14.41,4.577,-17.257,11.661c-2.849,7.084,-1.129,15.078,4.382,20.363l17.009,16.309l-39.984,27.016c-15.329,-16.141,-22.162,-38.962,-17.932,-61.053l4.828,-25.21c0.641,-3.347,-0.738,-6.758,-3.526,-8.718c-1.491,-1.049,-3.237,-1.579,-4.988,-1.579c-1.52,0.0,-3.045,0.4,-4.408,1.205l-27.098,16.012c-12.57,-12.636,-16.275,-31.788,-8.845,-48.441l20.229,-45.34c2.696,-6.045,7.888,-10.575,14.243,-12.43c9.329,-2.72,19.301,0.826,24.82,8.824l6.089,8.829c8.307,12.045,22.002,19.237,36.634,19.237h27.372c14.631,0.0,28.327,-7.192,36.634,-19.237l6.089,-8.828c5.516,-7.998,15.485,-11.547,24.818,-8.824c6.356,1.854,11.548,6.385,14.244,12.43l20.229,45.339C385.87,214.799,382.165,233.952,369.595,246.587z"">
   </path>
  </g>
 </g>
 <g>
  <g>
   <path d=""M496.668,290.385c-10.824,-56.935,-29.842,-109.913,-50.269,-155.117l22.809,-42.005c7.277,-13.401,6.14,-29.322,-2.965,-41.55c-9.125,-12.251,-24.086,-17.91,-39.039,-14.77c-12.882,2.704,-22.536,6.462,-28.017,8.928c-11.226,-16.276,-27.26,-28.928,-45.797,-35.96c-20.643,-7.832,-43.584,-8.408,-64.595,-1.619l-29.009,9.372l-29.009,-9.372c-21.009,-6.788,-43.95,-6.213,-64.595,1.619c-18.535,7.032,-34.571,19.685,-45.797,35.96c-5.482,-2.467,-15.136,-6.224,-28.018,-8.928c-14.953,-3.139,-29.914,2.52,-39.037,14.771c-9.108,12.228,-10.242,28.149,-2.965,41.55l22.809,42.005c-20.427,45.203,-39.445,98.183,-50.269,155.117c-7.281,38.298,12.109,77.134,47.151,94.442c100.891,49.833,167.206,95.721,181.943,125.897c1.454,2.976,4.476,4.864,7.788,4.864c3.312,0.0,6.334,-1.887,7.788,-4.864c14.737,-30.175,81.053,-76.063,181.942,-125.897C484.56,367.519,503.948,328.682,496.668,290.385zM430.766,53.907c8.391,-1.761,16.457,1.289,21.575,8.16c5.1,6.848,5.71,15.418,1.635,22.924l-16.701,30.758c-9.825,-20.326,-19.738,-38.77,-29.021,-54.916C413.073,58.8,420.791,56.001,430.766,53.907zM65.597,84.991c-4.076,-7.506,-3.465,-16.076,1.635,-22.923c5.117,-6.871,13.183,-9.922,21.573,-8.16c9.979,2.095,17.694,4.894,22.514,6.928c-9.284,16.145,-19.196,34.588,-29.021,54.915L65.597,84.991zM441.84,369.286c-67.854,33.516,-151.2,80.397,-182.054,121.378C228.931,449.682,145.586,402.8,77.732,369.286c-28.087,-13.873,-43.63,-44.987,-37.797,-75.663c18.106,-95.254,59.877,-179.429,91.728,-233.269c9.252,-15.638,23.694,-27.796,40.667,-34.236c9.125,-3.462,18.796,-5.2,28.474,-5.2c8.325,0.0,16.655,1.286,24.645,3.868l31.672,10.233c1.731,0.559,3.598,0.559,5.329,0.0l31.672,-10.233c17.276,-5.582,36.141,-5.109,53.119,1.332c16.974,6.439,31.416,18.598,40.667,34.236c31.853,53.84,73.622,138.015,91.73,233.268C485.47,324.299,469.926,355.412,441.84,369.286z"">
   </path>
  </g>
 </g>
 <g>
  <g>
   <path d=""M213.011,202.018l-14.749,-6.413c-4.391,-1.909,-9.497,0.104,-11.404,4.493c-1.908,4.39,0.103,9.496,4.493,11.405l14.749,6.413c1.126,0.489,2.297,0.721,3.451,0.721c3.347,0.0,6.534,-1.95,7.953,-5.213C219.412,209.033,217.401,203.927,213.011,202.018z"">
   </path>
  </g>
 </g>
 <g>
  <g>
   <path d=""M335.668,200.099c-1.908,-4.389,-7.016,-6.402,-11.404,-4.492l-14.748,6.413c-4.39,1.909,-6.401,7.015,-4.493,11.404c1.42,3.265,4.606,5.213,7.953,5.213c1.153,0.0,2.326,-0.232,3.451,-0.721l14.748,-6.413C335.565,209.593,337.576,204.488,335.668,200.099z"">
   </path>
  </g>
 </g>
</svg>


Question: What shape are the ears of the object in the image?",Square,Circular,Triangular,Oval,D,animal
189,"Examine the following SVG code carefully and answer the question based on your interpretation of the rendered image.

<svg id=""Layer_1"" style=""enable-background:new 0 0 512.001 512.001;"" version=""1.1"" viewbox=""0 0 512.001 512.001"" x=""0px"" xml:space=""preserve"" y=""0px"">
 <g>
  <g>
   <path d=""M394.269,191.085l-20.226,-45.339c-4.775,-10.705,-13.968,-18.726,-25.222,-22.009c-16.515,-4.818,-34.174,1.462,-43.941,15.624l-6.089,8.829c-5.072,7.353,-13.432,11.744,-22.365,11.744h-27.372c-8.932,0.0,-17.293,-4.39,-22.365,-11.744l-6.089,-8.829c-9.767,-14.161,-27.423,-20.44,-43.942,-15.624c-11.252,3.283,-20.445,11.304,-25.221,22.008l-20.229,45.34c-11.487,25.75,-3.928,55.776,18.383,73.016c2.808,2.169,6.653,2.41,9.708,0.603l15.967,-9.436l-1.216,6.349c-5.562,29.05,4.196,59.103,25.524,79.372c2.035,26.554,24.276,47.542,51.344,47.542h23.638c27.066,0.0,49.307,-20.989,51.344,-47.542c21.328,-20.271,31.087,-50.323,25.524,-79.374l-1.216,-6.348l15.967,9.436c3.055,1.805,6.901,1.566,9.708,-0.603C398.198,246.86,405.757,216.836,394.269,191.085zM274.56,371.198h-23.638c-17.352,0.0,-31.714,-13.001,-33.883,-29.771l45.703,-30.88l45.703,30.88C306.274,358.197,291.912,371.198,274.56,371.198zM262.74,288.079L243.986,270.094c-0.185,-0.177,-0.617,-0.592,-0.298,-1.386c0.319,-0.794,0.918,-0.794,1.174,-0.794h35.759c0.257,0.0,0.855,0.0,1.175,0.794c0.318,0.794,-0.114,1.208,-0.299,1.384L262.74,288.079zM369.595,246.587l-27.098,-16.012c-2.933,-1.733,-6.611,-1.587,-9.396,0.373c-2.787,1.961,-4.166,5.372,-3.526,8.718l4.828,25.21c4.23,22.091,-2.603,44.913,-17.932,61.053l-39.984,-27.016l17.009,-16.309c5.511,-5.285,7.232,-13.278,4.383,-20.362c-2.847,-7.085,-9.622,-11.663,-17.258,-11.663h-35.759c-7.634,0.0,-14.41,4.577,-17.257,11.661c-2.849,7.084,-1.129,15.078,4.382,20.363l17.009,16.309l-39.984,27.016c-15.329,-16.141,-22.162,-38.962,-17.932,-61.053l4.828,-25.21c0.641,-3.347,-0.738,-6.758,-3.526,-8.718c-1.491,-1.049,-3.237,-1.579,-4.988,-1.579c-1.52,0.0,-3.045,0.4,-4.408,1.205l-27.098,16.012c-12.57,-12.636,-16.275,-31.788,-8.845,-48.441l20.229,-45.34c2.696,-6.045,7.888,-10.575,14.243,-12.43c9.329,-2.72,19.301,0.826,24.82,8.824l6.089,8.829c8.307,12.045,22.002,19.237,36.634,19.237h27.372c14.631,0.0,28.327,-7.192,36.634,-19.237l6.089,-8.828c5.516,-7.998,15.485,-11.547,24.818,-8.824c6.356,1.854,11.548,6.385,14.244,12.43l20.229,45.339C385.87,214.799,382.165,233.952,369.595,246.587z"">
   </path>
  </g>
 </g>
 <g>
  <g>
   <path d=""M496.668,290.385c-10.824,-56.935,-29.842,-109.913,-50.269,-155.117l22.809,-42.005c7.277,-13.401,6.14,-29.322,-2.965,-41.55c-9.125,-12.251,-24.086,-17.91,-39.039,-14.77c-12.882,2.704,-22.536,6.462,-28.017,8.928c-11.226,-16.276,-27.26,-28.928,-45.797,-35.96c-20.643,-7.832,-43.584,-8.408,-64.595,-1.619l-29.009,9.372l-29.009,-9.372c-21.009,-6.788,-43.95,-6.213,-64.595,1.619c-18.535,7.032,-34.571,19.685,-45.797,35.96c-5.482,-2.467,-15.136,-6.224,-28.018,-8.928c-14.953,-3.139,-29.914,2.52,-39.037,14.771c-9.108,12.228,-10.242,28.149,-2.965,41.55l22.809,42.005c-20.427,45.203,-39.445,98.183,-50.269,155.117c-7.281,38.298,12.109,77.134,47.151,94.442c100.891,49.833,167.206,95.721,181.943,125.897c1.454,2.976,4.476,4.864,7.788,4.864c3.312,0.0,6.334,-1.887,7.788,-4.864c14.737,-30.175,81.053,-76.063,181.942,-125.897C484.56,367.519,503.948,328.682,496.668,290.385zM430.766,53.907c8.391,-1.761,16.457,1.289,21.575,8.16c5.1,6.848,5.71,15.418,1.635,22.924l-16.701,30.758c-9.825,-20.326,-19.738,-38.77,-29.021,-54.916C413.073,58.8,420.791,56.001,430.766,53.907zM65.597,84.991c-4.076,-7.506,-3.465,-16.076,1.635,-22.923c5.117,-6.871,13.183,-9.922,21.573,-8.16c9.979,2.095,17.694,4.894,22.514,6.928c-9.284,16.145,-19.196,34.588,-29.021,54.915L65.597,84.991zM441.84,369.286c-67.854,33.516,-151.2,80.397,-182.054,121.378C228.931,449.682,145.586,402.8,77.732,369.286c-28.087,-13.873,-43.63,-44.987,-37.797,-75.663c18.106,-95.254,59.877,-179.429,91.728,-233.269c9.252,-15.638,23.694,-27.796,40.667,-34.236c9.125,-3.462,18.796,-5.2,28.474,-5.2c8.325,0.0,16.655,1.286,24.645,3.868l31.672,10.233c1.731,0.559,3.598,0.559,5.329,0.0l31.672,-10.233c17.276,-5.582,36.141,-5.109,53.119,1.332c16.974,6.439,31.416,18.598,40.667,34.236c31.853,53.84,73.622,138.015,91.73,233.268C485.47,324.299,469.926,355.412,441.84,369.286z"">
   </path>
  </g>
 </g>
 <g>
  <g>
   <path d=""M213.011,202.018l-14.749,-6.413c-4.391,-1.909,-9.497,0.104,-11.404,4.493c-1.908,4.39,0.103,9.496,4.493,11.405l14.749,6.413c1.126,0.489,2.297,0.721,3.451,0.721c3.347,0.0,6.534,-1.95,7.953,-5.213C219.412,209.033,217.401,203.927,213.011,202.018z"">
   </path>
  </g>
 </g>
 <g>
  <g>
   <path d=""M335.668,200.099c-1.908,-4.389,-7.016,-6.402,-11.404,-4.492l-14.748,6.413c-4.39,1.909,-6.401,7.015,-4.493,11.404c1.42,3.265,4.606,5.213,7.953,5.213c1.153,0.0,2.326,-0.232,3.451,-0.721l14.748,-6.413C335.565,209.593,337.576,204.488,335.668,200.099z"">
   </path>
  </g>
 </g>
</svg>


Question: What is the shape of the nose of the object in the image?",Triangle,Heart,Circle,Square,A,animal
190,"Examine the following SVG code carefully and answer the question based on your interpretation of the rendered image.

<svg id=""Layer_1"" style=""enable-background:new 0 0 512.001 512.001;"" version=""1.1"" viewbox=""0 0 512.001 512.001"" x=""0px"" xml:space=""preserve"" y=""0px"">
 <g>
  <g>
   <path d=""M394.269,191.085l-20.226,-45.339c-4.775,-10.705,-13.968,-18.726,-25.222,-22.009c-16.515,-4.818,-34.174,1.462,-43.941,15.624l-6.089,8.829c-5.072,7.353,-13.432,11.744,-22.365,11.744h-27.372c-8.932,0.0,-17.293,-4.39,-22.365,-11.744l-6.089,-8.829c-9.767,-14.161,-27.423,-20.44,-43.942,-15.624c-11.252,3.283,-20.445,11.304,-25.221,22.008l-20.229,45.34c-11.487,25.75,-3.928,55.776,18.383,73.016c2.808,2.169,6.653,2.41,9.708,0.603l15.967,-9.436l-1.216,6.349c-5.562,29.05,4.196,59.103,25.524,79.372c2.035,26.554,24.276,47.542,51.344,47.542h23.638c27.066,0.0,49.307,-20.989,51.344,-47.542c21.328,-20.271,31.087,-50.323,25.524,-79.374l-1.216,-6.348l15.967,9.436c3.055,1.805,6.901,1.566,9.708,-0.603C398.198,246.86,405.757,216.836,394.269,191.085zM274.56,371.198h-23.638c-17.352,0.0,-31.714,-13.001,-33.883,-29.771l45.703,-30.88l45.703,30.88C306.274,358.197,291.912,371.198,274.56,371.198zM262.74,288.079L243.986,270.094c-0.185,-0.177,-0.617,-0.592,-0.298,-1.386c0.319,-0.794,0.918,-0.794,1.174,-0.794h35.759c0.257,0.0,0.855,0.0,1.175,0.794c0.318,0.794,-0.114,1.208,-0.299,1.384L262.74,288.079zM369.595,246.587l-27.098,-16.012c-2.933,-1.733,-6.611,-1.587,-9.396,0.373c-2.787,1.961,-4.166,5.372,-3.526,8.718l4.828,25.21c4.23,22.091,-2.603,44.913,-17.932,61.053l-39.984,-27.016l17.009,-16.309c5.511,-5.285,7.232,-13.278,4.383,-20.362c-2.847,-7.085,-9.622,-11.663,-17.258,-11.663h-35.759c-7.634,0.0,-14.41,4.577,-17.257,11.661c-2.849,7.084,-1.129,15.078,4.382,20.363l17.009,16.309l-39.984,27.016c-15.329,-16.141,-22.162,-38.962,-17.932,-61.053l4.828,-25.21c0.641,-3.347,-0.738,-6.758,-3.526,-8.718c-1.491,-1.049,-3.237,-1.579,-4.988,-1.579c-1.52,0.0,-3.045,0.4,-4.408,1.205l-27.098,16.012c-12.57,-12.636,-16.275,-31.788,-8.845,-48.441l20.229,-45.34c2.696,-6.045,7.888,-10.575,14.243,-12.43c9.329,-2.72,19.301,0.826,24.82,8.824l6.089,8.829c8.307,12.045,22.002,19.237,36.634,19.237h27.372c14.631,0.0,28.327,-7.192,36.634,-19.237l6.089,-8.828c5.516,-7.998,15.485,-11.547,24.818,-8.824c6.356,1.854,11.548,6.385,14.244,12.43l20.229,45.339C385.87,214.799,382.165,233.952,369.595,246.587z"">
   </path>
  </g>
 </g>
 <g>
  <g>
   <path d=""M496.668,290.385c-10.824,-56.935,-29.842,-109.913,-50.269,-155.117l22.809,-42.005c7.277,-13.401,6.14,-29.322,-2.965,-41.55c-9.125,-12.251,-24.086,-17.91,-39.039,-14.77c-12.882,2.704,-22.536,6.462,-28.017,8.928c-11.226,-16.276,-27.26,-28.928,-45.797,-35.96c-20.643,-7.832,-43.584,-8.408,-64.595,-1.619l-29.009,9.372l-29.009,-9.372c-21.009,-6.788,-43.95,-6.213,-64.595,1.619c-18.535,7.032,-34.571,19.685,-45.797,35.96c-5.482,-2.467,-15.136,-6.224,-28.018,-8.928c-14.953,-3.139,-29.914,2.52,-39.037,14.771c-9.108,12.228,-10.242,28.149,-2.965,41.55l22.809,42.005c-20.427,45.203,-39.445,98.183,-50.269,155.117c-7.281,38.298,12.109,77.134,47.151,94.442c100.891,49.833,167.206,95.721,181.943,125.897c1.454,2.976,4.476,4.864,7.788,4.864c3.312,0.0,6.334,-1.887,7.788,-4.864c14.737,-30.175,81.053,-76.063,181.942,-125.897C484.56,367.519,503.948,328.682,496.668,290.385zM430.766,53.907c8.391,-1.761,16.457,1.289,21.575,8.16c5.1,6.848,5.71,15.418,1.635,22.924l-16.701,30.758c-9.825,-20.326,-19.738,-38.77,-29.021,-54.916C413.073,58.8,420.791,56.001,430.766,53.907zM65.597,84.991c-4.076,-7.506,-3.465,-16.076,1.635,-22.923c5.117,-6.871,13.183,-9.922,21.573,-8.16c9.979,2.095,17.694,4.894,22.514,6.928c-9.284,16.145,-19.196,34.588,-29.021,54.915L65.597,84.991zM441.84,369.286c-67.854,33.516,-151.2,80.397,-182.054,121.378C228.931,449.682,145.586,402.8,77.732,369.286c-28.087,-13.873,-43.63,-44.987,-37.797,-75.663c18.106,-95.254,59.877,-179.429,91.728,-233.269c9.252,-15.638,23.694,-27.796,40.667,-34.236c9.125,-3.462,18.796,-5.2,28.474,-5.2c8.325,0.0,16.655,1.286,24.645,3.868l31.672,10.233c1.731,0.559,3.598,0.559,5.329,0.0l31.672,-10.233c17.276,-5.582,36.141,-5.109,53.119,1.332c16.974,6.439,31.416,18.598,40.667,34.236c31.853,53.84,73.622,138.015,91.73,233.268C485.47,324.299,469.926,355.412,441.84,369.286z"">
   </path>
  </g>
 </g>
 <g>
  <g>
   <path d=""M213.011,202.018l-14.749,-6.413c-4.391,-1.909,-9.497,0.104,-11.404,4.493c-1.908,4.39,0.103,9.496,4.493,11.405l14.749,6.413c1.126,0.489,2.297,0.721,3.451,0.721c3.347,0.0,6.534,-1.95,7.953,-5.213C219.412,209.033,217.401,203.927,213.011,202.018z"">
   </path>
  </g>
 </g>
 <g>
  <g>
   <path d=""M335.668,200.099c-1.908,-4.389,-7.016,-6.402,-11.404,-4.492l-14.748,6.413c-4.39,1.909,-6.401,7.015,-4.493,11.404c1.42,3.265,4.606,5.213,7.953,5.213c1.153,0.0,2.326,-0.232,3.451,-0.721l14.748,-6.413C335.565,209.593,337.576,204.488,335.668,200.099z"">
   </path>
  </g>
 </g>
</svg>


Question: How many eyes does the object in the image have?",Two,One,Three,Four,A,animal
191,"Examine the following SVG code carefully and answer the question based on your interpretation of the rendered image.

<svg id=""Layer_1"" style=""enable-background:new 0 0 512.001 512.001;"" version=""1.1"" viewbox=""0 0 512.001 512.001"" x=""0px"" xml:space=""preserve"" y=""0px"">
 <g>
  <g>
   <path d=""M394.269,191.085l-20.226,-45.339c-4.775,-10.705,-13.968,-18.726,-25.222,-22.009c-16.515,-4.818,-34.174,1.462,-43.941,15.624l-6.089,8.829c-5.072,7.353,-13.432,11.744,-22.365,11.744h-27.372c-8.932,0.0,-17.293,-4.39,-22.365,-11.744l-6.089,-8.829c-9.767,-14.161,-27.423,-20.44,-43.942,-15.624c-11.252,3.283,-20.445,11.304,-25.221,22.008l-20.229,45.34c-11.487,25.75,-3.928,55.776,18.383,73.016c2.808,2.169,6.653,2.41,9.708,0.603l15.967,-9.436l-1.216,6.349c-5.562,29.05,4.196,59.103,25.524,79.372c2.035,26.554,24.276,47.542,51.344,47.542h23.638c27.066,0.0,49.307,-20.989,51.344,-47.542c21.328,-20.271,31.087,-50.323,25.524,-79.374l-1.216,-6.348l15.967,9.436c3.055,1.805,6.901,1.566,9.708,-0.603C398.198,246.86,405.757,216.836,394.269,191.085zM274.56,371.198h-23.638c-17.352,0.0,-31.714,-13.001,-33.883,-29.771l45.703,-30.88l45.703,30.88C306.274,358.197,291.912,371.198,274.56,371.198zM262.74,288.079L243.986,270.094c-0.185,-0.177,-0.617,-0.592,-0.298,-1.386c0.319,-0.794,0.918,-0.794,1.174,-0.794h35.759c0.257,0.0,0.855,0.0,1.175,0.794c0.318,0.794,-0.114,1.208,-0.299,1.384L262.74,288.079zM369.595,246.587l-27.098,-16.012c-2.933,-1.733,-6.611,-1.587,-9.396,0.373c-2.787,1.961,-4.166,5.372,-3.526,8.718l4.828,25.21c4.23,22.091,-2.603,44.913,-17.932,61.053l-39.984,-27.016l17.009,-16.309c5.511,-5.285,7.232,-13.278,4.383,-20.362c-2.847,-7.085,-9.622,-11.663,-17.258,-11.663h-35.759c-7.634,0.0,-14.41,4.577,-17.257,11.661c-2.849,7.084,-1.129,15.078,4.382,20.363l17.009,16.309l-39.984,27.016c-15.329,-16.141,-22.162,-38.962,-17.932,-61.053l4.828,-25.21c0.641,-3.347,-0.738,-6.758,-3.526,-8.718c-1.491,-1.049,-3.237,-1.579,-4.988,-1.579c-1.52,0.0,-3.045,0.4,-4.408,1.205l-27.098,16.012c-12.57,-12.636,-16.275,-31.788,-8.845,-48.441l20.229,-45.34c2.696,-6.045,7.888,-10.575,14.243,-12.43c9.329,-2.72,19.301,0.826,24.82,8.824l6.089,8.829c8.307,12.045,22.002,19.237,36.634,19.237h27.372c14.631,0.0,28.327,-7.192,36.634,-19.237l6.089,-8.828c5.516,-7.998,15.485,-11.547,24.818,-8.824c6.356,1.854,11.548,6.385,14.244,12.43l20.229,45.339C385.87,214.799,382.165,233.952,369.595,246.587z"">
   </path>
  </g>
 </g>
 <g>
  <g>
   <path d=""M496.668,290.385c-10.824,-56.935,-29.842,-109.913,-50.269,-155.117l22.809,-42.005c7.277,-13.401,6.14,-29.322,-2.965,-41.55c-9.125,-12.251,-24.086,-17.91,-39.039,-14.77c-12.882,2.704,-22.536,6.462,-28.017,8.928c-11.226,-16.276,-27.26,-28.928,-45.797,-35.96c-20.643,-7.832,-43.584,-8.408,-64.595,-1.619l-29.009,9.372l-29.009,-9.372c-21.009,-6.788,-43.95,-6.213,-64.595,1.619c-18.535,7.032,-34.571,19.685,-45.797,35.96c-5.482,-2.467,-15.136,-6.224,-28.018,-8.928c-14.953,-3.139,-29.914,2.52,-39.037,14.771c-9.108,12.228,-10.242,28.149,-2.965,41.55l22.809,42.005c-20.427,45.203,-39.445,98.183,-50.269,155.117c-7.281,38.298,12.109,77.134,47.151,94.442c100.891,49.833,167.206,95.721,181.943,125.897c1.454,2.976,4.476,4.864,7.788,4.864c3.312,0.0,6.334,-1.887,7.788,-4.864c14.737,-30.175,81.053,-76.063,181.942,-125.897C484.56,367.519,503.948,328.682,496.668,290.385zM430.766,53.907c8.391,-1.761,16.457,1.289,21.575,8.16c5.1,6.848,5.71,15.418,1.635,22.924l-16.701,30.758c-9.825,-20.326,-19.738,-38.77,-29.021,-54.916C413.073,58.8,420.791,56.001,430.766,53.907zM65.597,84.991c-4.076,-7.506,-3.465,-16.076,1.635,-22.923c5.117,-6.871,13.183,-9.922,21.573,-8.16c9.979,2.095,17.694,4.894,22.514,6.928c-9.284,16.145,-19.196,34.588,-29.021,54.915L65.597,84.991zM441.84,369.286c-67.854,33.516,-151.2,80.397,-182.054,121.378C228.931,449.682,145.586,402.8,77.732,369.286c-28.087,-13.873,-43.63,-44.987,-37.797,-75.663c18.106,-95.254,59.877,-179.429,91.728,-233.269c9.252,-15.638,23.694,-27.796,40.667,-34.236c9.125,-3.462,18.796,-5.2,28.474,-5.2c8.325,0.0,16.655,1.286,24.645,3.868l31.672,10.233c1.731,0.559,3.598,0.559,5.329,0.0l31.672,-10.233c17.276,-5.582,36.141,-5.109,53.119,1.332c16.974,6.439,31.416,18.598,40.667,34.236c31.853,53.84,73.622,138.015,91.73,233.268C485.47,324.299,469.926,355.412,441.84,369.286z"">
   </path>
  </g>
 </g>
 <g>
  <g>
   <path d=""M213.011,202.018l-14.749,-6.413c-4.391,-1.909,-9.497,0.104,-11.404,4.493c-1.908,4.39,0.103,9.496,4.493,11.405l14.749,6.413c1.126,0.489,2.297,0.721,3.451,0.721c3.347,0.0,6.534,-1.95,7.953,-5.213C219.412,209.033,217.401,203.927,213.011,202.018z"">
   </path>
  </g>
 </g>
 <g>
  <g>
   <path d=""M335.668,200.099c-1.908,-4.389,-7.016,-6.402,-11.404,-4.492l-14.748,6.413c-4.39,1.909,-6.401,7.015,-4.493,11.404c1.42,3.265,4.606,5.213,7.953,5.213c1.153,0.0,2.326,-0.232,3.451,-0.721l14.748,-6.413C335.565,209.593,337.576,204.488,335.668,200.099z"">
   </path>
  </g>
 </g>
</svg>


Question: What animal does the object in the image represent?",Lion,Elephant,Dog,Cat,A,animal
220,"Examine the following SVG code carefully and answer the question based on your interpretation of the rendered image.

<svg id=""Layer_1"" style=""enable-background:new 0 0 512 512;"" version=""1.1"" viewbox=""0 0 512 512"" x=""0px"" xml:space=""preserve"" y=""0px"">
 <path d=""M117.704,50.806c28.661,18.264,-8.417,94.413,-40.008,76.416L50.725,82.514c-12.654,-23.299,7.81,-50.677,33.741,-45.235C104.392,41.465,117.704,50.806,117.704,50.806z"" style=""fill:#E2C688;"">
 </path>
 <path d=""M434.707,37.279c25.942,-5.442,46.395,21.936,33.753,45.235l-26.971,44.709c-52.324,4.043,-82.651,-35.854,-40.785,-77.72C400.703,49.502,414.78,41.465,434.707,37.279z"" style=""fill:#FFE8B0;"">
 </path>
 <path d=""M495.945,292.481c6.818,35.87,-11.231,71.859,-43.967,88.03C386.864,412.685,281.444,470.179,259.592,514.923c-21.852,-44.744,-127.272,-102.239,-192.397,-134.413c-32.736,-16.171,-50.784,-52.16,-43.967,-88.03c11.614,-61.047,32.473,-117.68,54.468,-165.259c13.539,-29.267,27.509,-55.102,40.008,-76.416c0.526,-0.885,1.041,-1.77,1.555,-2.643C141.195,11.109,185.831,-5.851,226.808,7.389l32.784,10.585l32.772,-10.585c40.977,-13.24,85.626,3.72,107.549,40.774c0.263,0.443,0.526,0.885,0.789,1.34c12.702,21.565,26.971,47.854,40.785,77.72C463.484,174.801,484.343,231.434,495.945,292.481z"" style=""fill:#F7B239;"">
 </path>
 <g>
  <polygon points=""259.591,17.974 259.586,17.973 259.590,17.974"" style=""fill:#E09B2D;"">
  </polygon>
  <path d=""M139.171,380.511c-20.49,-16.171,-31.785,-52.16,-27.519,-88.03c7.268,-61.047,20.325,-117.68,34.091,-165.259c8.474,-29.267,17.217,-55.102,25.041,-76.416c0.329,-0.885,0.652,-1.77,0.974,-2.643c9.021,-24.345,24.173,-40.013,40.781,-44.145c-36.691,-5.675,-73.871,11.36,-93.279,44.145c-0.514,0.873,-1.029,1.758,-1.555,2.643c-12.499,21.314,-26.469,47.148,-40.008,76.416c-21.995,47.579,-42.855,104.212,-54.468,165.259c-6.818,35.87,11.231,71.859,43.967,88.03C132.314,412.682,237.721,470.168,259.586,514.911C245.901,470.169,179.929,412.682,139.171,380.511z"" style=""fill:#E09B2D;"">
  </path>
 </g>
 <path d=""M390.584,191.689l-20.931,-46.921c-3.863,-8.647,-11.327,-15.166,-20.429,-17.821c-2.99,-0.873,-6.028,-1.292,-9.03,-1.292c-10.418,0.0,-20.429,5.059,-26.552,13.946l-4.667,6.768c-7.944,11.519,-21.042,18.397,-35.035,18.397h-11.297h-11.286c-13.993,0.0,-27.091,-6.879,-35.035,-18.397l-4.667,-6.768c-7.894,-11.446,-22.235,-16.553,-35.583,-12.654c-4.557,1.328,-8.695,3.624,-12.176,6.662c-3.492,3.038,-6.327,6.841,-8.253,11.159l-20.931,46.921c-6.651,14.908,-6.069,31.526,0.66,45.509c5.755,11.959,20.497,16.455,31.923,9.702l17.364,-10.263l-4.988,26.086c-5.43,28.335,4.629,57.423,26.397,76.356c0.0,7.882,2.057,15.274,5.657,21.684c7.595,13.527,22.079,22.653,38.692,22.653h24.459c16.613,0.0,31.097,-9.126,38.692,-22.653c3.6,-6.411,5.657,-13.802,5.657,-21.684c17.869,-15.537,27.844,-37.927,27.844,-61.118c0.0,-5.059,-0.478,-10.155,-1.447,-15.238l-4.999,-26.086l17.379,10.268c11.246,6.644,25.905,2.479,31.686,-9.235c3.673,-7.444,5.596,-15.656,5.596,-23.974C395.285,206.293,393.754,198.794,390.584,191.689z"" style=""fill:#FFE8B0;"">
 </path>
 <path d=""M281.157,258.585c9.257,0.0,13.791,11.291,7.105,17.702l-25.62,24.567l-25.619,-24.567c-6.686,-6.411,-2.141,-17.702,7.117,-17.702L281.157,258.585L281.157,258.585z"" style=""fill:#4D4D4D;"">
 </path>
 <path d=""M319.227,339.079c0.0,7.882,-2.057,4.653,-5.657,11.064l-37.164,-17.351c-8.724,-4.073,-18.804,-4.073,-27.527,0.001l-37.153,17.35c-3.6,-6.411,-5.657,-3.182,-5.657,-11.064l56.573,-38.226L319.227,339.079z"" style=""fill:#E2C688;"">
 </path>
 <g>
  <path d=""M207.595,216.558c-1.194,0.0,-2.409,-0.24,-3.573,-0.746l-15.263,-6.638c-4.544,-1.976,-6.624,-7.261,-4.649,-11.804c1.975,-4.543,7.259,-6.626,11.804,-4.648l15.263,6.638c4.544,1.976,6.624,7.261,4.649,11.804C214.357,214.541,211.059,216.558,207.595,216.558z"" style=""fill:#4D4D4D;"">
  </path>
  <path d=""M314.639,216.558c-3.464,0.0,-6.761,-2.017,-8.231,-5.395c-1.975,-4.543,0.105,-9.828,4.649,-11.804l15.263,-6.638c4.543,-1.977,9.828,0.105,11.804,4.648c1.975,4.543,-0.105,9.828,-4.649,11.804l-15.263,6.638C317.047,216.319,315.833,216.558,314.639,216.558z"" style=""fill:#4D4D4D;"">
  </path>
 </g>
</svg>


Question: What shape are the ears of the object in the image?",Square,Circular,Triangular,Hexagonal,C,animal
221,"Examine the following SVG code carefully and answer the question based on your interpretation of the rendered image.

<svg id=""Layer_1"" style=""enable-background:new 0 0 512 512;"" version=""1.1"" viewbox=""0 0 512 512"" x=""0px"" xml:space=""preserve"" y=""0px"">
 <path d=""M117.704,50.806c28.661,18.264,-8.417,94.413,-40.008,76.416L50.725,82.514c-12.654,-23.299,7.81,-50.677,33.741,-45.235C104.392,41.465,117.704,50.806,117.704,50.806z"" style=""fill:#E2C688;"">
 </path>
 <path d=""M434.707,37.279c25.942,-5.442,46.395,21.936,33.753,45.235l-26.971,44.709c-52.324,4.043,-82.651,-35.854,-40.785,-77.72C400.703,49.502,414.78,41.465,434.707,37.279z"" style=""fill:#FFE8B0;"">
 </path>
 <path d=""M495.945,292.481c6.818,35.87,-11.231,71.859,-43.967,88.03C386.864,412.685,281.444,470.179,259.592,514.923c-21.852,-44.744,-127.272,-102.239,-192.397,-134.413c-32.736,-16.171,-50.784,-52.16,-43.967,-88.03c11.614,-61.047,32.473,-117.68,54.468,-165.259c13.539,-29.267,27.509,-55.102,40.008,-76.416c0.526,-0.885,1.041,-1.77,1.555,-2.643C141.195,11.109,185.831,-5.851,226.808,7.389l32.784,10.585l32.772,-10.585c40.977,-13.24,85.626,3.72,107.549,40.774c0.263,0.443,0.526,0.885,0.789,1.34c12.702,21.565,26.971,47.854,40.785,77.72C463.484,174.801,484.343,231.434,495.945,292.481z"" style=""fill:#F7B239;"">
 </path>
 <g>
  <polygon points=""259.591,17.974 259.586,17.973 259.590,17.974"" style=""fill:#E09B2D;"">
  </polygon>
  <path d=""M139.171,380.511c-20.49,-16.171,-31.785,-52.16,-27.519,-88.03c7.268,-61.047,20.325,-117.68,34.091,-165.259c8.474,-29.267,17.217,-55.102,25.041,-76.416c0.329,-0.885,0.652,-1.77,0.974,-2.643c9.021,-24.345,24.173,-40.013,40.781,-44.145c-36.691,-5.675,-73.871,11.36,-93.279,44.145c-0.514,0.873,-1.029,1.758,-1.555,2.643c-12.499,21.314,-26.469,47.148,-40.008,76.416c-21.995,47.579,-42.855,104.212,-54.468,165.259c-6.818,35.87,11.231,71.859,43.967,88.03C132.314,412.682,237.721,470.168,259.586,514.911C245.901,470.169,179.929,412.682,139.171,380.511z"" style=""fill:#E09B2D;"">
  </path>
 </g>
 <path d=""M390.584,191.689l-20.931,-46.921c-3.863,-8.647,-11.327,-15.166,-20.429,-17.821c-2.99,-0.873,-6.028,-1.292,-9.03,-1.292c-10.418,0.0,-20.429,5.059,-26.552,13.946l-4.667,6.768c-7.944,11.519,-21.042,18.397,-35.035,18.397h-11.297h-11.286c-13.993,0.0,-27.091,-6.879,-35.035,-18.397l-4.667,-6.768c-7.894,-11.446,-22.235,-16.553,-35.583,-12.654c-4.557,1.328,-8.695,3.624,-12.176,6.662c-3.492,3.038,-6.327,6.841,-8.253,11.159l-20.931,46.921c-6.651,14.908,-6.069,31.526,0.66,45.509c5.755,11.959,20.497,16.455,31.923,9.702l17.364,-10.263l-4.988,26.086c-5.43,28.335,4.629,57.423,26.397,76.356c0.0,7.882,2.057,15.274,5.657,21.684c7.595,13.527,22.079,22.653,38.692,22.653h24.459c16.613,0.0,31.097,-9.126,38.692,-22.653c3.6,-6.411,5.657,-13.802,5.657,-21.684c17.869,-15.537,27.844,-37.927,27.844,-61.118c0.0,-5.059,-0.478,-10.155,-1.447,-15.238l-4.999,-26.086l17.379,10.268c11.246,6.644,25.905,2.479,31.686,-9.235c3.673,-7.444,5.596,-15.656,5.596,-23.974C395.285,206.293,393.754,198.794,390.584,191.689z"" style=""fill:#FFE8B0;"">
 </path>
 <path d=""M281.157,258.585c9.257,0.0,13.791,11.291,7.105,17.702l-25.62,24.567l-25.619,-24.567c-6.686,-6.411,-2.141,-17.702,7.117,-17.702L281.157,258.585L281.157,258.585z"" style=""fill:#4D4D4D;"">
 </path>
 <path d=""M319.227,339.079c0.0,7.882,-2.057,4.653,-5.657,11.064l-37.164,-17.351c-8.724,-4.073,-18.804,-4.073,-27.527,0.001l-37.153,17.35c-3.6,-6.411,-5.657,-3.182,-5.657,-11.064l56.573,-38.226L319.227,339.079z"" style=""fill:#E2C688;"">
 </path>
 <g>
  <path d=""M207.595,216.558c-1.194,0.0,-2.409,-0.24,-3.573,-0.746l-15.263,-6.638c-4.544,-1.976,-6.624,-7.261,-4.649,-11.804c1.975,-4.543,7.259,-6.626,11.804,-4.648l15.263,6.638c4.544,1.976,6.624,7.261,4.649,11.804C214.357,214.541,211.059,216.558,207.595,216.558z"" style=""fill:#4D4D4D;"">
  </path>
  <path d=""M314.639,216.558c-3.464,0.0,-6.761,-2.017,-8.231,-5.395c-1.975,-4.543,0.105,-9.828,4.649,-11.804l15.263,-6.638c4.543,-1.977,9.828,0.105,11.804,4.648c1.975,4.543,-0.105,9.828,-4.649,11.804l-15.263,6.638C317.047,216.319,315.833,216.558,314.639,216.558z"" style=""fill:#4D4D4D;"">
  </path>
 </g>
</svg>


Question: What is the color of the mane of the object in the image?",Blue,Green,Yellow,Red,C,animal
222,"Examine the following SVG code carefully and answer the question based on your interpretation of the rendered image.

<svg id=""Layer_1"" style=""enable-background:new 0 0 512 512;"" version=""1.1"" viewbox=""0 0 512 512"" x=""0px"" xml:space=""preserve"" y=""0px"">
 <path d=""M117.704,50.806c28.661,18.264,-8.417,94.413,-40.008,76.416L50.725,82.514c-12.654,-23.299,7.81,-50.677,33.741,-45.235C104.392,41.465,117.704,50.806,117.704,50.806z"" style=""fill:#E2C688;"">
 </path>
 <path d=""M434.707,37.279c25.942,-5.442,46.395,21.936,33.753,45.235l-26.971,44.709c-52.324,4.043,-82.651,-35.854,-40.785,-77.72C400.703,49.502,414.78,41.465,434.707,37.279z"" style=""fill:#FFE8B0;"">
 </path>
 <path d=""M495.945,292.481c6.818,35.87,-11.231,71.859,-43.967,88.03C386.864,412.685,281.444,470.179,259.592,514.923c-21.852,-44.744,-127.272,-102.239,-192.397,-134.413c-32.736,-16.171,-50.784,-52.16,-43.967,-88.03c11.614,-61.047,32.473,-117.68,54.468,-165.259c13.539,-29.267,27.509,-55.102,40.008,-76.416c0.526,-0.885,1.041,-1.77,1.555,-2.643C141.195,11.109,185.831,-5.851,226.808,7.389l32.784,10.585l32.772,-10.585c40.977,-13.24,85.626,3.72,107.549,40.774c0.263,0.443,0.526,0.885,0.789,1.34c12.702,21.565,26.971,47.854,40.785,77.72C463.484,174.801,484.343,231.434,495.945,292.481z"" style=""fill:#F7B239;"">
 </path>
 <g>
  <polygon points=""259.591,17.974 259.586,17.973 259.590,17.974"" style=""fill:#E09B2D;"">
  </polygon>
  <path d=""M139.171,380.511c-20.49,-16.171,-31.785,-52.16,-27.519,-88.03c7.268,-61.047,20.325,-117.68,34.091,-165.259c8.474,-29.267,17.217,-55.102,25.041,-76.416c0.329,-0.885,0.652,-1.77,0.974,-2.643c9.021,-24.345,24.173,-40.013,40.781,-44.145c-36.691,-5.675,-73.871,11.36,-93.279,44.145c-0.514,0.873,-1.029,1.758,-1.555,2.643c-12.499,21.314,-26.469,47.148,-40.008,76.416c-21.995,47.579,-42.855,104.212,-54.468,165.259c-6.818,35.87,11.231,71.859,43.967,88.03C132.314,412.682,237.721,470.168,259.586,514.911C245.901,470.169,179.929,412.682,139.171,380.511z"" style=""fill:#E09B2D;"">
  </path>
 </g>
 <path d=""M390.584,191.689l-20.931,-46.921c-3.863,-8.647,-11.327,-15.166,-20.429,-17.821c-2.99,-0.873,-6.028,-1.292,-9.03,-1.292c-10.418,0.0,-20.429,5.059,-26.552,13.946l-4.667,6.768c-7.944,11.519,-21.042,18.397,-35.035,18.397h-11.297h-11.286c-13.993,0.0,-27.091,-6.879,-35.035,-18.397l-4.667,-6.768c-7.894,-11.446,-22.235,-16.553,-35.583,-12.654c-4.557,1.328,-8.695,3.624,-12.176,6.662c-3.492,3.038,-6.327,6.841,-8.253,11.159l-20.931,46.921c-6.651,14.908,-6.069,31.526,0.66,45.509c5.755,11.959,20.497,16.455,31.923,9.702l17.364,-10.263l-4.988,26.086c-5.43,28.335,4.629,57.423,26.397,76.356c0.0,7.882,2.057,15.274,5.657,21.684c7.595,13.527,22.079,22.653,38.692,22.653h24.459c16.613,0.0,31.097,-9.126,38.692,-22.653c3.6,-6.411,5.657,-13.802,5.657,-21.684c17.869,-15.537,27.844,-37.927,27.844,-61.118c0.0,-5.059,-0.478,-10.155,-1.447,-15.238l-4.999,-26.086l17.379,10.268c11.246,6.644,25.905,2.479,31.686,-9.235c3.673,-7.444,5.596,-15.656,5.596,-23.974C395.285,206.293,393.754,198.794,390.584,191.689z"" style=""fill:#FFE8B0;"">
 </path>
 <path d=""M281.157,258.585c9.257,0.0,13.791,11.291,7.105,17.702l-25.62,24.567l-25.619,-24.567c-6.686,-6.411,-2.141,-17.702,7.117,-17.702L281.157,258.585L281.157,258.585z"" style=""fill:#4D4D4D;"">
 </path>
 <path d=""M319.227,339.079c0.0,7.882,-2.057,4.653,-5.657,11.064l-37.164,-17.351c-8.724,-4.073,-18.804,-4.073,-27.527,0.001l-37.153,17.35c-3.6,-6.411,-5.657,-3.182,-5.657,-11.064l56.573,-38.226L319.227,339.079z"" style=""fill:#E2C688;"">
 </path>
 <g>
  <path d=""M207.595,216.558c-1.194,0.0,-2.409,-0.24,-3.573,-0.746l-15.263,-6.638c-4.544,-1.976,-6.624,-7.261,-4.649,-11.804c1.975,-4.543,7.259,-6.626,11.804,-4.648l15.263,6.638c4.544,1.976,6.624,7.261,4.649,11.804C214.357,214.541,211.059,216.558,207.595,216.558z"" style=""fill:#4D4D4D;"">
  </path>
  <path d=""M314.639,216.558c-3.464,0.0,-6.761,-2.017,-8.231,-5.395c-1.975,-4.543,0.105,-9.828,4.649,-11.804l15.263,-6.638c4.543,-1.977,9.828,0.105,11.804,4.648c1.975,4.543,-0.105,9.828,-4.649,11.804l-15.263,6.638C317.047,216.319,315.833,216.558,314.639,216.558z"" style=""fill:#4D4D4D;"">
  </path>
 </g>
</svg>


Question: What is the shape of the nose of the object in the image?",Triangular,Circular,Square,Hexagonal,A,animal
223,"Examine the following SVG code carefully and answer the question based on your interpretation of the rendered image.

<svg id=""Layer_1"" style=""enable-background:new 0 0 512 512;"" version=""1.1"" viewbox=""0 0 512 512"" x=""0px"" xml:space=""preserve"" y=""0px"">
 <path d=""M117.704,50.806c28.661,18.264,-8.417,94.413,-40.008,76.416L50.725,82.514c-12.654,-23.299,7.81,-50.677,33.741,-45.235C104.392,41.465,117.704,50.806,117.704,50.806z"" style=""fill:#E2C688;"">
 </path>
 <path d=""M434.707,37.279c25.942,-5.442,46.395,21.936,33.753,45.235l-26.971,44.709c-52.324,4.043,-82.651,-35.854,-40.785,-77.72C400.703,49.502,414.78,41.465,434.707,37.279z"" style=""fill:#FFE8B0;"">
 </path>
 <path d=""M495.945,292.481c6.818,35.87,-11.231,71.859,-43.967,88.03C386.864,412.685,281.444,470.179,259.592,514.923c-21.852,-44.744,-127.272,-102.239,-192.397,-134.413c-32.736,-16.171,-50.784,-52.16,-43.967,-88.03c11.614,-61.047,32.473,-117.68,54.468,-165.259c13.539,-29.267,27.509,-55.102,40.008,-76.416c0.526,-0.885,1.041,-1.77,1.555,-2.643C141.195,11.109,185.831,-5.851,226.808,7.389l32.784,10.585l32.772,-10.585c40.977,-13.24,85.626,3.72,107.549,40.774c0.263,0.443,0.526,0.885,0.789,1.34c12.702,21.565,26.971,47.854,40.785,77.72C463.484,174.801,484.343,231.434,495.945,292.481z"" style=""fill:#F7B239;"">
 </path>
 <g>
  <polygon points=""259.591,17.974 259.586,17.973 259.590,17.974"" style=""fill:#E09B2D;"">
  </polygon>
  <path d=""M139.171,380.511c-20.49,-16.171,-31.785,-52.16,-27.519,-88.03c7.268,-61.047,20.325,-117.68,34.091,-165.259c8.474,-29.267,17.217,-55.102,25.041,-76.416c0.329,-0.885,0.652,-1.77,0.974,-2.643c9.021,-24.345,24.173,-40.013,40.781,-44.145c-36.691,-5.675,-73.871,11.36,-93.279,44.145c-0.514,0.873,-1.029,1.758,-1.555,2.643c-12.499,21.314,-26.469,47.148,-40.008,76.416c-21.995,47.579,-42.855,104.212,-54.468,165.259c-6.818,35.87,11.231,71.859,43.967,88.03C132.314,412.682,237.721,470.168,259.586,514.911C245.901,470.169,179.929,412.682,139.171,380.511z"" style=""fill:#E09B2D;"">
  </path>
 </g>
 <path d=""M390.584,191.689l-20.931,-46.921c-3.863,-8.647,-11.327,-15.166,-20.429,-17.821c-2.99,-0.873,-6.028,-1.292,-9.03,-1.292c-10.418,0.0,-20.429,5.059,-26.552,13.946l-4.667,6.768c-7.944,11.519,-21.042,18.397,-35.035,18.397h-11.297h-11.286c-13.993,0.0,-27.091,-6.879,-35.035,-18.397l-4.667,-6.768c-7.894,-11.446,-22.235,-16.553,-35.583,-12.654c-4.557,1.328,-8.695,3.624,-12.176,6.662c-3.492,3.038,-6.327,6.841,-8.253,11.159l-20.931,46.921c-6.651,14.908,-6.069,31.526,0.66,45.509c5.755,11.959,20.497,16.455,31.923,9.702l17.364,-10.263l-4.988,26.086c-5.43,28.335,4.629,57.423,26.397,76.356c0.0,7.882,2.057,15.274,5.657,21.684c7.595,13.527,22.079,22.653,38.692,22.653h24.459c16.613,0.0,31.097,-9.126,38.692,-22.653c3.6,-6.411,5.657,-13.802,5.657,-21.684c17.869,-15.537,27.844,-37.927,27.844,-61.118c0.0,-5.059,-0.478,-10.155,-1.447,-15.238l-4.999,-26.086l17.379,10.268c11.246,6.644,25.905,2.479,31.686,-9.235c3.673,-7.444,5.596,-15.656,5.596,-23.974C395.285,206.293,393.754,198.794,390.584,191.689z"" style=""fill:#FFE8B0;"">
 </path>
 <path d=""M281.157,258.585c9.257,0.0,13.791,11.291,7.105,17.702l-25.62,24.567l-25.619,-24.567c-6.686,-6.411,-2.141,-17.702,7.117,-17.702L281.157,258.585L281.157,258.585z"" style=""fill:#4D4D4D;"">
 </path>
 <path d=""M319.227,339.079c0.0,7.882,-2.057,4.653,-5.657,11.064l-37.164,-17.351c-8.724,-4.073,-18.804,-4.073,-27.527,0.001l-37.153,17.35c-3.6,-6.411,-5.657,-3.182,-5.657,-11.064l56.573,-38.226L319.227,339.079z"" style=""fill:#E2C688;"">
 </path>
 <g>
  <path d=""M207.595,216.558c-1.194,0.0,-2.409,-0.24,-3.573,-0.746l-15.263,-6.638c-4.544,-1.976,-6.624,-7.261,-4.649,-11.804c1.975,-4.543,7.259,-6.626,11.804,-4.648l15.263,6.638c4.544,1.976,6.624,7.261,4.649,11.804C214.357,214.541,211.059,216.558,207.595,216.558z"" style=""fill:#4D4D4D;"">
  </path>
  <path d=""M314.639,216.558c-3.464,0.0,-6.761,-2.017,-8.231,-5.395c-1.975,-4.543,0.105,-9.828,4.649,-11.804l15.263,-6.638c4.543,-1.977,9.828,0.105,11.804,4.648c1.975,4.543,-0.105,9.828,-4.649,11.804l-15.263,6.638C317.047,216.319,315.833,216.558,314.639,216.558z"" style=""fill:#4D4D4D;"">
  </path>
 </g>
</svg>


Question: What animal does the object in the image represent?",Tiger,Lion,Bear,Elephant,B,animal
232,"Examine the following SVG code carefully and answer the question based on your interpretation of the rendered image.

<svg id=""Layer_1"" style=""enable-background:new 0 0 489.993 489.993;"" version=""1.1"" viewbox=""0 0 489.993 489.993"" x=""0px"" xml:space=""preserve"" y=""0px"">
 <g id=""XMLID_1223_"">
  <g id=""XMLID_1391_"">
   <path d=""M370.912,493.911H125.915V164.696c0.0,-67.654,54.844,-122.498,122.498,-122.498l0.0,0.0c67.654,0.0,122.498,54.844,122.498,122.498L370.912,493.911z"" style=""fill:#878787;"">
   </path>
  </g>
  <g id=""XMLID_1226_"">
   <path d=""M171.852,493.911c0.0,-42.284,34.278,-76.561,76.561,-76.561s76.561,34.278,76.561,76.561"" style=""fill:#B2B2B2;"">
   </path>
  </g>
  <g id=""XMLID_1435_"">
   <path d=""M192.492,356.1L192.492,356.1c-7.171,0.0,-12.984,-5.813,-12.984,-12.984V258.898c0.0,-5.514,4.47,-9.984,9.984,-9.984h3.0c5.514,0.0,9.984,4.47,9.984,9.984v87.218C202.476,351.63,198.006,356.1,192.492,356.1z"" style=""fill:#FFFFFF;"">
   </path>
  </g>
  <g id=""XMLID_1225_"">
   <path d=""M304.334,356.1L304.334,356.1c7.171,0.0,12.984,-5.813,12.984,-12.984V258.898c0.0,-5.514,-4.47,-9.984,-9.984,-9.984h-3.0c-5.514,0.0,-9.984,4.47,-9.984,9.984v87.218C294.35,351.63,298.82,356.1,304.334,356.1z"" style=""fill:#FFFFFF;"">
   </path>
  </g>
  <g id=""XMLID_895_"">
   <polygon points=""248.413,195.321 271.382,172.353 279.038,157.040 248.413,141.728 217.789,157.040 225.445,172.353"" style=""fill:#BE1622;"">
   </polygon>
  </g>
  <g id=""XMLID_1413_"">
   <circle cx=""248.413"" cy=""233.602"" r=""45.937"" style=""fill:#DADADA;"">
   </circle>
  </g>
  <g id=""XMLID_1412_"">
   <circle cx=""294.350"" cy=""210.633"" r=""45.937"" style=""fill:#B2B2B2;"">
   </circle>
  </g>
  <g id=""XMLID_1414_"">
   <circle cx=""202.476"" cy=""210.633"" r=""45.937"" style=""fill:#B2B2B2;"">
   </circle>
  </g>
  <g id=""XMLID_933_"">
   <rect height=""30.625"" style=""fill:#1D1D1B;"" width=""15"" x=""240.913"" y=""440.317"">
   </rect>
  </g>
  <g id=""XMLID_935_"">
   <rect height=""15.313"" style=""fill:#1D1D1B;"" width=""15"" x=""217.945"" y=""440.317"">
   </rect>
  </g>
  <g id=""XMLID_934_"">
   <rect height=""15.313"" style=""fill:#1D1D1B;"" width=""15"" x=""263.882"" y=""440.317"">
   </rect>
  </g>
  <g id=""XMLID_823_"">
   <rect height=""15"" style=""fill:#FFFFFF;"" width=""15.313"" x=""194.821"" y=""111.260"">
   </rect>
  </g>
  <g id=""XMLID_824_"">
   <rect height=""15"" style=""fill:#FFFFFF;"" width=""15.313"" x=""286.694"" y=""111.260"">
   </rect>
  </g>
  <path d=""M424.504,202.821v-15.0h-46.093v-23.125c0.0,-68.294,-52.937,-124.458,-119.934,-129.611l18.208,-18.208L266.078,6.27l-10.165,10.166V3.918h-15.0v12.517L230.748,6.27l-10.607,10.607l18.208,18.208c-66.997,5.154,-119.934,61.317,-119.934,129.611v23.125H72.323v15.0h46.093v15.624H72.323v15.0h46.093v260.465h15.0V233.445h20.75c4.02,8.479,10.208,15.731,17.843,21.051v78.636c0.0,16.8,13.668,30.468,30.469,30.468h7.5v-97.47c8.347,12.895,22.747,20.91,38.437,20.91c15.691,0.0,30.091,-8.014,38.436,-20.91v97.47h7.5c16.801,0.0,30.469,-13.668,30.469,-30.468v-78.636c7.635,-5.319,13.823,-12.572,17.843,-21.051h20.75v260.465h15.0V233.445h46.093v-15.0h-46.093v-15.624H424.504zM133.415,164.696c0.0,-63.41,51.588,-114.998,114.998,-114.998s114.998,51.588,114.998,114.998v23.125h-20.75c-8.574,-18.085,-27.003,-30.625,-48.311,-30.625c-1.74,0.0,-3.458,0.09,-5.156,0.253l-40.78,-24.467l-40.781,24.467c-1.698,-0.163,-3.416,-0.253,-5.156,-0.253c-21.309,0.0,-39.737,12.54,-48.311,30.625h-20.75L133.415,164.696L133.415,164.696zM269.698,163.246c-8.823,4.609,-16.206,11.602,-21.285,20.129c-5.079,-8.527,-12.462,-15.52,-21.285,-20.129l21.285,-12.771L269.698,163.246zM133.415,218.445v-15.624h16.201c-0.375,2.551,-0.577,5.159,-0.577,7.813s0.201,5.26,0.577,7.812h-16.201V218.445zM164.839,218.445c-0.523,-2.523,-0.799,-5.135,-0.799,-7.812c0.0,-2.676,0.277,-5.289,0.8,-7.813h29.981v-15.0h-23.256c7.008,-9.471,18.254,-15.625,30.913,-15.625c21.194,0.0,38.437,17.243,38.437,38.438c0.0,21.194,-17.242,38.437,-38.437,38.437c-12.659,0.0,-23.906,-6.154,-30.913,-15.625h23.257v-15.0H164.839zM187.008,333.132v-71.353c2.58,0.782,5.242,1.369,7.969,1.754v83.124C190.228,344.014,187.008,338.941,187.008,333.132zM248.413,272.039c-9.854,0.0,-18.949,-4.704,-24.681,-12.39c10.326,-4.495,18.963,-12.157,24.681,-21.757c5.718,9.6,14.355,17.262,24.681,21.757C267.362,267.335,258.268,272.039,248.413,272.039zM309.819,333.132c0.0,5.81,-3.22,10.882,-7.969,13.525v-83.124c2.727,-0.385,5.389,-0.973,7.969,-1.754V333.132zM294.35,249.07c-21.194,0.0,-38.436,-17.242,-38.436,-38.437c0.0,-21.194,17.242,-38.438,38.436,-38.438c12.659,0.0,23.905,6.154,30.913,15.625h-23.256v15.0h29.981c0.523,2.523,0.8,5.136,0.8,7.813c0.0,2.676,-0.277,5.288,-0.799,7.812h-29.982v15.0h23.257C318.255,242.916,307.009,249.07,294.35,249.07zM363.411,218.445h-16.201c0.375,-2.551,0.577,-5.158,0.577,-7.812c0.0,-2.654,-0.201,-5.261,-0.577,-7.813h16.201V218.445z"" style=""fill:#1D1D1B;"">
  </path>
 </g>
</svg>


Question: What shape is prominently featured on the nose of the object?",Circle,Square,Triangle,Diamond,D,animal
233,"Examine the following SVG code carefully and answer the question based on your interpretation of the rendered image.

<svg id=""Layer_1"" style=""enable-background:new 0 0 489.993 489.993;"" version=""1.1"" viewbox=""0 0 489.993 489.993"" x=""0px"" xml:space=""preserve"" y=""0px"">
 <g id=""XMLID_1223_"">
  <g id=""XMLID_1391_"">
   <path d=""M370.912,493.911H125.915V164.696c0.0,-67.654,54.844,-122.498,122.498,-122.498l0.0,0.0c67.654,0.0,122.498,54.844,122.498,122.498L370.912,493.911z"" style=""fill:#878787;"">
   </path>
  </g>
  <g id=""XMLID_1226_"">
   <path d=""M171.852,493.911c0.0,-42.284,34.278,-76.561,76.561,-76.561s76.561,34.278,76.561,76.561"" style=""fill:#B2B2B2;"">
   </path>
  </g>
  <g id=""XMLID_1435_"">
   <path d=""M192.492,356.1L192.492,356.1c-7.171,0.0,-12.984,-5.813,-12.984,-12.984V258.898c0.0,-5.514,4.47,-9.984,9.984,-9.984h3.0c5.514,0.0,9.984,4.47,9.984,9.984v87.218C202.476,351.63,198.006,356.1,192.492,356.1z"" style=""fill:#FFFFFF;"">
   </path>
  </g>
  <g id=""XMLID_1225_"">
   <path d=""M304.334,356.1L304.334,356.1c7.171,0.0,12.984,-5.813,12.984,-12.984V258.898c0.0,-5.514,-4.47,-9.984,-9.984,-9.984h-3.0c-5.514,0.0,-9.984,4.47,-9.984,9.984v87.218C294.35,351.63,298.82,356.1,304.334,356.1z"" style=""fill:#FFFFFF;"">
   </path>
  </g>
  <g id=""XMLID_895_"">
   <polygon points=""248.413,195.321 271.382,172.353 279.038,157.040 248.413,141.728 217.789,157.040 225.445,172.353"" style=""fill:#BE1622;"">
   </polygon>
  </g>
  <g id=""XMLID_1413_"">
   <circle cx=""248.413"" cy=""233.602"" r=""45.937"" style=""fill:#DADADA;"">
   </circle>
  </g>
  <g id=""XMLID_1412_"">
   <circle cx=""294.350"" cy=""210.633"" r=""45.937"" style=""fill:#B2B2B2;"">
   </circle>
  </g>
  <g id=""XMLID_1414_"">
   <circle cx=""202.476"" cy=""210.633"" r=""45.937"" style=""fill:#B2B2B2;"">
   </circle>
  </g>
  <g id=""XMLID_933_"">
   <rect height=""30.625"" style=""fill:#1D1D1B;"" width=""15"" x=""240.913"" y=""440.317"">
   </rect>
  </g>
  <g id=""XMLID_935_"">
   <rect height=""15.313"" style=""fill:#1D1D1B;"" width=""15"" x=""217.945"" y=""440.317"">
   </rect>
  </g>
  <g id=""XMLID_934_"">
   <rect height=""15.313"" style=""fill:#1D1D1B;"" width=""15"" x=""263.882"" y=""440.317"">
   </rect>
  </g>
  <g id=""XMLID_823_"">
   <rect height=""15"" style=""fill:#FFFFFF;"" width=""15.313"" x=""194.821"" y=""111.260"">
   </rect>
  </g>
  <g id=""XMLID_824_"">
   <rect height=""15"" style=""fill:#FFFFFF;"" width=""15.313"" x=""286.694"" y=""111.260"">
   </rect>
  </g>
  <path d=""M424.504,202.821v-15.0h-46.093v-23.125c0.0,-68.294,-52.937,-124.458,-119.934,-129.611l18.208,-18.208L266.078,6.27l-10.165,10.166V3.918h-15.0v12.517L230.748,6.27l-10.607,10.607l18.208,18.208c-66.997,5.154,-119.934,61.317,-119.934,129.611v23.125H72.323v15.0h46.093v15.624H72.323v15.0h46.093v260.465h15.0V233.445h20.75c4.02,8.479,10.208,15.731,17.843,21.051v78.636c0.0,16.8,13.668,30.468,30.469,30.468h7.5v-97.47c8.347,12.895,22.747,20.91,38.437,20.91c15.691,0.0,30.091,-8.014,38.436,-20.91v97.47h7.5c16.801,0.0,30.469,-13.668,30.469,-30.468v-78.636c7.635,-5.319,13.823,-12.572,17.843,-21.051h20.75v260.465h15.0V233.445h46.093v-15.0h-46.093v-15.624H424.504zM133.415,164.696c0.0,-63.41,51.588,-114.998,114.998,-114.998s114.998,51.588,114.998,114.998v23.125h-20.75c-8.574,-18.085,-27.003,-30.625,-48.311,-30.625c-1.74,0.0,-3.458,0.09,-5.156,0.253l-40.78,-24.467l-40.781,24.467c-1.698,-0.163,-3.416,-0.253,-5.156,-0.253c-21.309,0.0,-39.737,12.54,-48.311,30.625h-20.75L133.415,164.696L133.415,164.696zM269.698,163.246c-8.823,4.609,-16.206,11.602,-21.285,20.129c-5.079,-8.527,-12.462,-15.52,-21.285,-20.129l21.285,-12.771L269.698,163.246zM133.415,218.445v-15.624h16.201c-0.375,2.551,-0.577,5.159,-0.577,7.813s0.201,5.26,0.577,7.812h-16.201V218.445zM164.839,218.445c-0.523,-2.523,-0.799,-5.135,-0.799,-7.812c0.0,-2.676,0.277,-5.289,0.8,-7.813h29.981v-15.0h-23.256c7.008,-9.471,18.254,-15.625,30.913,-15.625c21.194,0.0,38.437,17.243,38.437,38.438c0.0,21.194,-17.242,38.437,-38.437,38.437c-12.659,0.0,-23.906,-6.154,-30.913,-15.625h23.257v-15.0H164.839zM187.008,333.132v-71.353c2.58,0.782,5.242,1.369,7.969,1.754v83.124C190.228,344.014,187.008,338.941,187.008,333.132zM248.413,272.039c-9.854,0.0,-18.949,-4.704,-24.681,-12.39c10.326,-4.495,18.963,-12.157,24.681,-21.757c5.718,9.6,14.355,17.262,24.681,21.757C267.362,267.335,258.268,272.039,248.413,272.039zM309.819,333.132c0.0,5.81,-3.22,10.882,-7.969,13.525v-83.124c2.727,-0.385,5.389,-0.973,7.969,-1.754V333.132zM294.35,249.07c-21.194,0.0,-38.436,-17.242,-38.436,-38.437c0.0,-21.194,17.242,-38.438,38.436,-38.438c12.659,0.0,23.905,6.154,30.913,15.625h-23.256v15.0h29.981c0.523,2.523,0.8,5.136,0.8,7.813c0.0,2.676,-0.277,5.288,-0.799,7.812h-29.982v15.0h23.257C318.255,242.916,307.009,249.07,294.35,249.07zM363.411,218.445h-16.201c0.375,-2.551,0.577,-5.158,0.577,-7.812c0.0,-2.654,-0.201,-5.261,-0.577,-7.813h16.201V218.445z"" style=""fill:#1D1D1B;"">
  </path>
 </g>
</svg>


Question: How many whiskers are on each side of the object's face?",One,Two,Four,Three,D,animal
234,"Examine the following SVG code carefully and answer the question based on your interpretation of the rendered image.

<svg id=""Layer_1"" style=""enable-background:new 0 0 489.993 489.993;"" version=""1.1"" viewbox=""0 0 489.993 489.993"" x=""0px"" xml:space=""preserve"" y=""0px"">
 <g id=""XMLID_1223_"">
  <g id=""XMLID_1391_"">
   <path d=""M370.912,493.911H125.915V164.696c0.0,-67.654,54.844,-122.498,122.498,-122.498l0.0,0.0c67.654,0.0,122.498,54.844,122.498,122.498L370.912,493.911z"" style=""fill:#878787;"">
   </path>
  </g>
  <g id=""XMLID_1226_"">
   <path d=""M171.852,493.911c0.0,-42.284,34.278,-76.561,76.561,-76.561s76.561,34.278,76.561,76.561"" style=""fill:#B2B2B2;"">
   </path>
  </g>
  <g id=""XMLID_1435_"">
   <path d=""M192.492,356.1L192.492,356.1c-7.171,0.0,-12.984,-5.813,-12.984,-12.984V258.898c0.0,-5.514,4.47,-9.984,9.984,-9.984h3.0c5.514,0.0,9.984,4.47,9.984,9.984v87.218C202.476,351.63,198.006,356.1,192.492,356.1z"" style=""fill:#FFFFFF;"">
   </path>
  </g>
  <g id=""XMLID_1225_"">
   <path d=""M304.334,356.1L304.334,356.1c7.171,0.0,12.984,-5.813,12.984,-12.984V258.898c0.0,-5.514,-4.47,-9.984,-9.984,-9.984h-3.0c-5.514,0.0,-9.984,4.47,-9.984,9.984v87.218C294.35,351.63,298.82,356.1,304.334,356.1z"" style=""fill:#FFFFFF;"">
   </path>
  </g>
  <g id=""XMLID_895_"">
   <polygon points=""248.413,195.321 271.382,172.353 279.038,157.040 248.413,141.728 217.789,157.040 225.445,172.353"" style=""fill:#BE1622;"">
   </polygon>
  </g>
  <g id=""XMLID_1413_"">
   <circle cx=""248.413"" cy=""233.602"" r=""45.937"" style=""fill:#DADADA;"">
   </circle>
  </g>
  <g id=""XMLID_1412_"">
   <circle cx=""294.350"" cy=""210.633"" r=""45.937"" style=""fill:#B2B2B2;"">
   </circle>
  </g>
  <g id=""XMLID_1414_"">
   <circle cx=""202.476"" cy=""210.633"" r=""45.937"" style=""fill:#B2B2B2;"">
   </circle>
  </g>
  <g id=""XMLID_933_"">
   <rect height=""30.625"" style=""fill:#1D1D1B;"" width=""15"" x=""240.913"" y=""440.317"">
   </rect>
  </g>
  <g id=""XMLID_935_"">
   <rect height=""15.313"" style=""fill:#1D1D1B;"" width=""15"" x=""217.945"" y=""440.317"">
   </rect>
  </g>
  <g id=""XMLID_934_"">
   <rect height=""15.313"" style=""fill:#1D1D1B;"" width=""15"" x=""263.882"" y=""440.317"">
   </rect>
  </g>
  <g id=""XMLID_823_"">
   <rect height=""15"" style=""fill:#FFFFFF;"" width=""15.313"" x=""194.821"" y=""111.260"">
   </rect>
  </g>
  <g id=""XMLID_824_"">
   <rect height=""15"" style=""fill:#FFFFFF;"" width=""15.313"" x=""286.694"" y=""111.260"">
   </rect>
  </g>
  <path d=""M424.504,202.821v-15.0h-46.093v-23.125c0.0,-68.294,-52.937,-124.458,-119.934,-129.611l18.208,-18.208L266.078,6.27l-10.165,10.166V3.918h-15.0v12.517L230.748,6.27l-10.607,10.607l18.208,18.208c-66.997,5.154,-119.934,61.317,-119.934,129.611v23.125H72.323v15.0h46.093v15.624H72.323v15.0h46.093v260.465h15.0V233.445h20.75c4.02,8.479,10.208,15.731,17.843,21.051v78.636c0.0,16.8,13.668,30.468,30.469,30.468h7.5v-97.47c8.347,12.895,22.747,20.91,38.437,20.91c15.691,0.0,30.091,-8.014,38.436,-20.91v97.47h7.5c16.801,0.0,30.469,-13.668,30.469,-30.468v-78.636c7.635,-5.319,13.823,-12.572,17.843,-21.051h20.75v260.465h15.0V233.445h46.093v-15.0h-46.093v-15.624H424.504zM133.415,164.696c0.0,-63.41,51.588,-114.998,114.998,-114.998s114.998,51.588,114.998,114.998v23.125h-20.75c-8.574,-18.085,-27.003,-30.625,-48.311,-30.625c-1.74,0.0,-3.458,0.09,-5.156,0.253l-40.78,-24.467l-40.781,24.467c-1.698,-0.163,-3.416,-0.253,-5.156,-0.253c-21.309,0.0,-39.737,12.54,-48.311,30.625h-20.75L133.415,164.696L133.415,164.696zM269.698,163.246c-8.823,4.609,-16.206,11.602,-21.285,20.129c-5.079,-8.527,-12.462,-15.52,-21.285,-20.129l21.285,-12.771L269.698,163.246zM133.415,218.445v-15.624h16.201c-0.375,2.551,-0.577,5.159,-0.577,7.813s0.201,5.26,0.577,7.812h-16.201V218.445zM164.839,218.445c-0.523,-2.523,-0.799,-5.135,-0.799,-7.812c0.0,-2.676,0.277,-5.289,0.8,-7.813h29.981v-15.0h-23.256c7.008,-9.471,18.254,-15.625,30.913,-15.625c21.194,0.0,38.437,17.243,38.437,38.438c0.0,21.194,-17.242,38.437,-38.437,38.437c-12.659,0.0,-23.906,-6.154,-30.913,-15.625h23.257v-15.0H164.839zM187.008,333.132v-71.353c2.58,0.782,5.242,1.369,7.969,1.754v83.124C190.228,344.014,187.008,338.941,187.008,333.132zM248.413,272.039c-9.854,0.0,-18.949,-4.704,-24.681,-12.39c10.326,-4.495,18.963,-12.157,24.681,-21.757c5.718,9.6,14.355,17.262,24.681,21.757C267.362,267.335,258.268,272.039,248.413,272.039zM309.819,333.132c0.0,5.81,-3.22,10.882,-7.969,13.525v-83.124c2.727,-0.385,5.389,-0.973,7.969,-1.754V333.132zM294.35,249.07c-21.194,0.0,-38.436,-17.242,-38.436,-38.437c0.0,-21.194,17.242,-38.438,38.436,-38.438c12.659,0.0,23.905,6.154,30.913,15.625h-23.256v15.0h29.981c0.523,2.523,0.8,5.136,0.8,7.813c0.0,2.676,-0.277,5.288,-0.799,7.812h-29.982v15.0h23.257C318.255,242.916,307.009,249.07,294.35,249.07zM363.411,218.445h-16.201c0.375,-2.551,0.577,-5.158,0.577,-7.812c0.0,-2.654,-0.201,-5.261,-0.577,-7.813h16.201V218.445z"" style=""fill:#1D1D1B;"">
  </path>
 </g>
</svg>


Question: What color is the object primarily?",Black,White,Gray,Red,C,animal
235,"Examine the following SVG code carefully and answer the question based on your interpretation of the rendered image.

<svg id=""Layer_1"" style=""enable-background:new 0 0 489.993 489.993;"" version=""1.1"" viewbox=""0 0 489.993 489.993"" x=""0px"" xml:space=""preserve"" y=""0px"">
 <g id=""XMLID_1223_"">
  <g id=""XMLID_1391_"">
   <path d=""M370.912,493.911H125.915V164.696c0.0,-67.654,54.844,-122.498,122.498,-122.498l0.0,0.0c67.654,0.0,122.498,54.844,122.498,122.498L370.912,493.911z"" style=""fill:#878787;"">
   </path>
  </g>
  <g id=""XMLID_1226_"">
   <path d=""M171.852,493.911c0.0,-42.284,34.278,-76.561,76.561,-76.561s76.561,34.278,76.561,76.561"" style=""fill:#B2B2B2;"">
   </path>
  </g>
  <g id=""XMLID_1435_"">
   <path d=""M192.492,356.1L192.492,356.1c-7.171,0.0,-12.984,-5.813,-12.984,-12.984V258.898c0.0,-5.514,4.47,-9.984,9.984,-9.984h3.0c5.514,0.0,9.984,4.47,9.984,9.984v87.218C202.476,351.63,198.006,356.1,192.492,356.1z"" style=""fill:#FFFFFF;"">
   </path>
  </g>
  <g id=""XMLID_1225_"">
   <path d=""M304.334,356.1L304.334,356.1c7.171,0.0,12.984,-5.813,12.984,-12.984V258.898c0.0,-5.514,-4.47,-9.984,-9.984,-9.984h-3.0c-5.514,0.0,-9.984,4.47,-9.984,9.984v87.218C294.35,351.63,298.82,356.1,304.334,356.1z"" style=""fill:#FFFFFF;"">
   </path>
  </g>
  <g id=""XMLID_895_"">
   <polygon points=""248.413,195.321 271.382,172.353 279.038,157.040 248.413,141.728 217.789,157.040 225.445,172.353"" style=""fill:#BE1622;"">
   </polygon>
  </g>
  <g id=""XMLID_1413_"">
   <circle cx=""248.413"" cy=""233.602"" r=""45.937"" style=""fill:#DADADA;"">
   </circle>
  </g>
  <g id=""XMLID_1412_"">
   <circle cx=""294.350"" cy=""210.633"" r=""45.937"" style=""fill:#B2B2B2;"">
   </circle>
  </g>
  <g id=""XMLID_1414_"">
   <circle cx=""202.476"" cy=""210.633"" r=""45.937"" style=""fill:#B2B2B2;"">
   </circle>
  </g>
  <g id=""XMLID_933_"">
   <rect height=""30.625"" style=""fill:#1D1D1B;"" width=""15"" x=""240.913"" y=""440.317"">
   </rect>
  </g>
  <g id=""XMLID_935_"">
   <rect height=""15.313"" style=""fill:#1D1D1B;"" width=""15"" x=""217.945"" y=""440.317"">
   </rect>
  </g>
  <g id=""XMLID_934_"">
   <rect height=""15.313"" style=""fill:#1D1D1B;"" width=""15"" x=""263.882"" y=""440.317"">
   </rect>
  </g>
  <g id=""XMLID_823_"">
   <rect height=""15"" style=""fill:#FFFFFF;"" width=""15.313"" x=""194.821"" y=""111.260"">
   </rect>
  </g>
  <g id=""XMLID_824_"">
   <rect height=""15"" style=""fill:#FFFFFF;"" width=""15.313"" x=""286.694"" y=""111.260"">
   </rect>
  </g>
  <path d=""M424.504,202.821v-15.0h-46.093v-23.125c0.0,-68.294,-52.937,-124.458,-119.934,-129.611l18.208,-18.208L266.078,6.27l-10.165,10.166V3.918h-15.0v12.517L230.748,6.27l-10.607,10.607l18.208,18.208c-66.997,5.154,-119.934,61.317,-119.934,129.611v23.125H72.323v15.0h46.093v15.624H72.323v15.0h46.093v260.465h15.0V233.445h20.75c4.02,8.479,10.208,15.731,17.843,21.051v78.636c0.0,16.8,13.668,30.468,30.469,30.468h7.5v-97.47c8.347,12.895,22.747,20.91,38.437,20.91c15.691,0.0,30.091,-8.014,38.436,-20.91v97.47h7.5c16.801,0.0,30.469,-13.668,30.469,-30.468v-78.636c7.635,-5.319,13.823,-12.572,17.843,-21.051h20.75v260.465h15.0V233.445h46.093v-15.0h-46.093v-15.624H424.504zM133.415,164.696c0.0,-63.41,51.588,-114.998,114.998,-114.998s114.998,51.588,114.998,114.998v23.125h-20.75c-8.574,-18.085,-27.003,-30.625,-48.311,-30.625c-1.74,0.0,-3.458,0.09,-5.156,0.253l-40.78,-24.467l-40.781,24.467c-1.698,-0.163,-3.416,-0.253,-5.156,-0.253c-21.309,0.0,-39.737,12.54,-48.311,30.625h-20.75L133.415,164.696L133.415,164.696zM269.698,163.246c-8.823,4.609,-16.206,11.602,-21.285,20.129c-5.079,-8.527,-12.462,-15.52,-21.285,-20.129l21.285,-12.771L269.698,163.246zM133.415,218.445v-15.624h16.201c-0.375,2.551,-0.577,5.159,-0.577,7.813s0.201,5.26,0.577,7.812h-16.201V218.445zM164.839,218.445c-0.523,-2.523,-0.799,-5.135,-0.799,-7.812c0.0,-2.676,0.277,-5.289,0.8,-7.813h29.981v-15.0h-23.256c7.008,-9.471,18.254,-15.625,30.913,-15.625c21.194,0.0,38.437,17.243,38.437,38.438c0.0,21.194,-17.242,38.437,-38.437,38.437c-12.659,0.0,-23.906,-6.154,-30.913,-15.625h23.257v-15.0H164.839zM187.008,333.132v-71.353c2.58,0.782,5.242,1.369,7.969,1.754v83.124C190.228,344.014,187.008,338.941,187.008,333.132zM248.413,272.039c-9.854,0.0,-18.949,-4.704,-24.681,-12.39c10.326,-4.495,18.963,-12.157,24.681,-21.757c5.718,9.6,14.355,17.262,24.681,21.757C267.362,267.335,258.268,272.039,248.413,272.039zM309.819,333.132c0.0,5.81,-3.22,10.882,-7.969,13.525v-83.124c2.727,-0.385,5.389,-0.973,7.969,-1.754V333.132zM294.35,249.07c-21.194,0.0,-38.436,-17.242,-38.436,-38.437c0.0,-21.194,17.242,-38.438,38.436,-38.438c12.659,0.0,23.905,6.154,30.913,15.625h-23.256v15.0h29.981c0.523,2.523,0.8,5.136,0.8,7.813c0.0,2.676,-0.277,5.288,-0.799,7.812h-29.982v15.0h23.257C318.255,242.916,307.009,249.07,294.35,249.07zM363.411,218.445h-16.201c0.375,-2.551,0.577,-5.158,0.577,-7.812c0.0,-2.654,-0.201,-5.261,-0.577,-7.813h16.201V218.445z"" style=""fill:#1D1D1B;"">
  </path>
 </g>
</svg>


Question: What type of animal does the object resemble?",Cat,Dog,Seal,Rabbit,C,animal
252,"Examine the following SVG code carefully and answer the question based on your interpretation of the rendered image.

<svg id=""Capa_1"" style=""enable-background:new 0 0 297.5 297.5;"" version=""1.1"" viewbox=""0 0 297.5 297.5"" x=""0px"" xml:space=""preserve"" y=""0px"">
 <g>
  <g id=""XMLID_45_"">
   <g>
    <path d=""M171.93,221.409h-32.92c-12.809,0.0,-21.51,-4.73,-26.569,-14.46c-1.11,-2.141,-1.94,-4.32,-2.56,-6.36h32.78c12.83,0.0,21.56,4.75,26.691,14.51C170.47,217.219,171.31,219.379,171.93,221.409z"" style=""fill:#EA5B2C;"">
    </path>
    <path d=""M139.009,243.889h32.92c-0.569,1.87,-1.329,3.851,-2.31,5.8c-5.09,10.11,-13.91,15.02,-26.96,15.02h-32.771c0.561,-1.88,1.311,-3.87,2.29,-5.83C117.2,248.789,125.97,243.889,139.009,243.889z"" style=""fill:#EA5B2C;"">
    </path>
    <path d=""M245.43,153.239l33.15,-11.051c-2.87,21.16,-12.84,40.091,-27.43,54.25c1.23,-4.64,1.88,-9.5,1.88,-14.489C253.03,171.819,250.389,162.029,245.43,153.239z"" style=""fill:#EA5B2C;"">
    </path>
    <path d=""M278.99,120.419l-47.55,15.85c-9.07,-7.84,-20.03,-13.08,-31.851,-15.29L240.1,53.469C261.54,68.679,276.3,92.799,278.99,120.419z"" style=""fill:#EA5B2C;"">
    </path>
    <path d=""M222.139,43.519l-45.76,76.261h-51.34V36.469h61.75C199.3,36.469,211.24,38.979,222.139,43.519z"" style=""fill:#EA5B2C;"">
    </path>
    <path d=""M104.52,36.469v83.311h-8.99c-29.351,0.0,-50.32,-15.12,-62.3,-44.96C27.46,60.469,25.1,45.869,24.139,36.469H104.52zM74.25,61.839c0.0,-2.7,-1.09,-5.34,-3.01,-7.25c-1.89,-1.91,-4.54,-3.01,-7.25,-3.01c-2.7,0.0,-5.34,1.1,-7.25,3.01c-1.91,1.91,-3.01,4.55,-3.01,7.25s1.1,5.35,3.01,7.25c1.92,1.91,4.55,3.01,7.25,3.01s5.35,-1.1,7.25,-3.01C73.16,67.189,74.25,64.539,74.25,61.839z"" style=""fill:#E1757B;"">
    </path>
    <path d=""M299.95,129.549c0.0,60.45,-47.28,110.021,-106.67,113.41c-0.86,4.52,-2.43,10.2,-5.33,15.95c-8.54,16.97,-24.63,26.319,-45.29,26.319H97.85c-5.671,0.0,-10.261,-4.59,-10.261,-10.26c0.0,-1.3,0.17,-13.1,6.221,-25.24c3.51,-7.06,8.35,-12.779,14.27,-17.08c-5.92,-4.3,-10.76,-10.02,-14.27,-17.069c-6.051,-12.15,-6.221,-23.94,-6.221,-25.24c0.0,-5.67,4.59,-10.26,10.261,-10.26h44.81c20.66,0.0,36.75,9.34,45.29,26.31c2.87,5.7,4.439,11.33,5.3,15.83c22.16,-2.8,39.26,-19.79,39.26,-40.27c0.0,-22.57,-21.0,-41.65,-45.85,-41.65h-65.79l-13.85,27.69c-1.79,3.6,-5.42,5.68,-9.181,5.68c-1.54,0.0,-3.109,-0.35,-4.58,-1.09c-5.069,-2.53,-7.12,-8.7,-4.59,-13.76l9.26,-18.52H95.53c-38.22,0.0,-66.42,-20.191,-81.57,-58.39C3.08,54.439,2.95,27.349,2.95,26.209c0.0,-5.67,4.6,-10.26,10.26,-10.26h173.58C249.19,15.949,299.95,66.909,299.95,129.549zM231.44,136.269l47.55,-15.85c-2.69,-27.62,-17.45,-51.74,-38.89,-66.95l-40.511,67.51C211.41,123.189,222.37,128.429,231.44,136.269zM278.58,142.189L245.43,153.239c4.96,8.79,7.6,18.58,7.6,28.71c0.0,4.989,-0.65,9.85,-1.88,14.489C265.74,182.279,275.71,163.349,278.58,142.189zM176.38,119.779l45.76,-76.261c-10.899,-4.54,-22.84,-7.05,-35.35,-7.05h-61.75v83.311H176.38zM139.009,221.409h32.92c-0.619,-2.03,-1.46,-4.19,-2.579,-6.311c-5.131,-9.76,-13.86,-14.51,-26.691,-14.51h-32.78c0.62,2.04,1.45,4.22,2.56,6.36C117.5,216.679,126.2,221.409,139.009,221.409zM171.93,243.889h-32.92c-13.04,0.0,-21.809,4.9,-26.83,14.99c-0.979,1.96,-1.729,3.95,-2.29,5.83h32.771c13.05,0.0,21.87,-4.91,26.96,-15.02C170.6,247.739,171.36,245.759,171.93,243.889zM104.52,119.779V36.469H24.139c0.961,9.4,3.32,24.0,9.091,38.351c11.98,29.84,32.949,44.96,62.3,44.96H104.52z"">
    </path>
    <path d=""M71.24,54.589c1.92,1.91,3.01,4.55,3.01,7.25s-1.09,5.35,-3.01,7.25c-1.9,1.91,-4.55,3.01,-7.25,3.01s-5.33,-1.1,-7.25,-3.01c-1.91,-1.9,-3.01,-4.55,-3.01,-7.25s1.1,-5.34,3.01,-7.25c1.91,-1.91,4.55,-3.01,7.25,-3.01C66.7,51.579,69.35,52.679,71.24,54.589z"">
    </path>
   </g>
  </g>
 </g>
</svg>


Question: What is the primary color of the object in the image?",Orange,Green,Blue,Purple,A,animal
253,"Examine the following SVG code carefully and answer the question based on your interpretation of the rendered image.

<svg id=""Capa_1"" style=""enable-background:new 0 0 297.5 297.5;"" version=""1.1"" viewbox=""0 0 297.5 297.5"" x=""0px"" xml:space=""preserve"" y=""0px"">
 <g>
  <g id=""XMLID_45_"">
   <g>
    <path d=""M171.93,221.409h-32.92c-12.809,0.0,-21.51,-4.73,-26.569,-14.46c-1.11,-2.141,-1.94,-4.32,-2.56,-6.36h32.78c12.83,0.0,21.56,4.75,26.691,14.51C170.47,217.219,171.31,219.379,171.93,221.409z"" style=""fill:#EA5B2C;"">
    </path>
    <path d=""M139.009,243.889h32.92c-0.569,1.87,-1.329,3.851,-2.31,5.8c-5.09,10.11,-13.91,15.02,-26.96,15.02h-32.771c0.561,-1.88,1.311,-3.87,2.29,-5.83C117.2,248.789,125.97,243.889,139.009,243.889z"" style=""fill:#EA5B2C;"">
    </path>
    <path d=""M245.43,153.239l33.15,-11.051c-2.87,21.16,-12.84,40.091,-27.43,54.25c1.23,-4.64,1.88,-9.5,1.88,-14.489C253.03,171.819,250.389,162.029,245.43,153.239z"" style=""fill:#EA5B2C;"">
    </path>
    <path d=""M278.99,120.419l-47.55,15.85c-9.07,-7.84,-20.03,-13.08,-31.851,-15.29L240.1,53.469C261.54,68.679,276.3,92.799,278.99,120.419z"" style=""fill:#EA5B2C;"">
    </path>
    <path d=""M222.139,43.519l-45.76,76.261h-51.34V36.469h61.75C199.3,36.469,211.24,38.979,222.139,43.519z"" style=""fill:#EA5B2C;"">
    </path>
    <path d=""M104.52,36.469v83.311h-8.99c-29.351,0.0,-50.32,-15.12,-62.3,-44.96C27.46,60.469,25.1,45.869,24.139,36.469H104.52zM74.25,61.839c0.0,-2.7,-1.09,-5.34,-3.01,-7.25c-1.89,-1.91,-4.54,-3.01,-7.25,-3.01c-2.7,0.0,-5.34,1.1,-7.25,3.01c-1.91,1.91,-3.01,4.55,-3.01,7.25s1.1,5.35,3.01,7.25c1.92,1.91,4.55,3.01,7.25,3.01s5.35,-1.1,7.25,-3.01C73.16,67.189,74.25,64.539,74.25,61.839z"" style=""fill:#E1757B;"">
    </path>
    <path d=""M299.95,129.549c0.0,60.45,-47.28,110.021,-106.67,113.41c-0.86,4.52,-2.43,10.2,-5.33,15.95c-8.54,16.97,-24.63,26.319,-45.29,26.319H97.85c-5.671,0.0,-10.261,-4.59,-10.261,-10.26c0.0,-1.3,0.17,-13.1,6.221,-25.24c3.51,-7.06,8.35,-12.779,14.27,-17.08c-5.92,-4.3,-10.76,-10.02,-14.27,-17.069c-6.051,-12.15,-6.221,-23.94,-6.221,-25.24c0.0,-5.67,4.59,-10.26,10.261,-10.26h44.81c20.66,0.0,36.75,9.34,45.29,26.31c2.87,5.7,4.439,11.33,5.3,15.83c22.16,-2.8,39.26,-19.79,39.26,-40.27c0.0,-22.57,-21.0,-41.65,-45.85,-41.65h-65.79l-13.85,27.69c-1.79,3.6,-5.42,5.68,-9.181,5.68c-1.54,0.0,-3.109,-0.35,-4.58,-1.09c-5.069,-2.53,-7.12,-8.7,-4.59,-13.76l9.26,-18.52H95.53c-38.22,0.0,-66.42,-20.191,-81.57,-58.39C3.08,54.439,2.95,27.349,2.95,26.209c0.0,-5.67,4.6,-10.26,10.26,-10.26h173.58C249.19,15.949,299.95,66.909,299.95,129.549zM231.44,136.269l47.55,-15.85c-2.69,-27.62,-17.45,-51.74,-38.89,-66.95l-40.511,67.51C211.41,123.189,222.37,128.429,231.44,136.269zM278.58,142.189L245.43,153.239c4.96,8.79,7.6,18.58,7.6,28.71c0.0,4.989,-0.65,9.85,-1.88,14.489C265.74,182.279,275.71,163.349,278.58,142.189zM176.38,119.779l45.76,-76.261c-10.899,-4.54,-22.84,-7.05,-35.35,-7.05h-61.75v83.311H176.38zM139.009,221.409h32.92c-0.619,-2.03,-1.46,-4.19,-2.579,-6.311c-5.131,-9.76,-13.86,-14.51,-26.691,-14.51h-32.78c0.62,2.04,1.45,4.22,2.56,6.36C117.5,216.679,126.2,221.409,139.009,221.409zM171.93,243.889h-32.92c-13.04,0.0,-21.809,4.9,-26.83,14.99c-0.979,1.96,-1.729,3.95,-2.29,5.83h32.771c13.05,0.0,21.87,-4.91,26.96,-15.02C170.6,247.739,171.36,245.759,171.93,243.889zM104.52,119.779V36.469H24.139c0.961,9.4,3.32,24.0,9.091,38.351c11.98,29.84,32.949,44.96,62.3,44.96H104.52z"">
    </path>
    <path d=""M71.24,54.589c1.92,1.91,3.01,4.55,3.01,7.25s-1.09,5.35,-3.01,7.25c-1.9,1.91,-4.55,3.01,-7.25,3.01s-5.33,-1.1,-7.25,-3.01c-1.91,-1.9,-3.01,-4.55,-3.01,-7.25s1.1,-5.34,3.01,-7.25c1.91,-1.91,4.55,-3.01,7.25,-3.01C66.7,51.579,69.35,52.679,71.24,54.589z"">
    </path>
   </g>
  </g>
 </g>
</svg>


Question: What shape is prominently featured in the tail of the object?",Circle,Triangle,Square,Crescent,D,animal
254,"Examine the following SVG code carefully and answer the question based on your interpretation of the rendered image.

<svg id=""Capa_1"" style=""enable-background:new 0 0 297.5 297.5;"" version=""1.1"" viewbox=""0 0 297.5 297.5"" x=""0px"" xml:space=""preserve"" y=""0px"">
 <g>
  <g id=""XMLID_45_"">
   <g>
    <path d=""M171.93,221.409h-32.92c-12.809,0.0,-21.51,-4.73,-26.569,-14.46c-1.11,-2.141,-1.94,-4.32,-2.56,-6.36h32.78c12.83,0.0,21.56,4.75,26.691,14.51C170.47,217.219,171.31,219.379,171.93,221.409z"" style=""fill:#EA5B2C;"">
    </path>
    <path d=""M139.009,243.889h32.92c-0.569,1.87,-1.329,3.851,-2.31,5.8c-5.09,10.11,-13.91,15.02,-26.96,15.02h-32.771c0.561,-1.88,1.311,-3.87,2.29,-5.83C117.2,248.789,125.97,243.889,139.009,243.889z"" style=""fill:#EA5B2C;"">
    </path>
    <path d=""M245.43,153.239l33.15,-11.051c-2.87,21.16,-12.84,40.091,-27.43,54.25c1.23,-4.64,1.88,-9.5,1.88,-14.489C253.03,171.819,250.389,162.029,245.43,153.239z"" style=""fill:#EA5B2C;"">
    </path>
    <path d=""M278.99,120.419l-47.55,15.85c-9.07,-7.84,-20.03,-13.08,-31.851,-15.29L240.1,53.469C261.54,68.679,276.3,92.799,278.99,120.419z"" style=""fill:#EA5B2C;"">
    </path>
    <path d=""M222.139,43.519l-45.76,76.261h-51.34V36.469h61.75C199.3,36.469,211.24,38.979,222.139,43.519z"" style=""fill:#EA5B2C;"">
    </path>
    <path d=""M104.52,36.469v83.311h-8.99c-29.351,0.0,-50.32,-15.12,-62.3,-44.96C27.46,60.469,25.1,45.869,24.139,36.469H104.52zM74.25,61.839c0.0,-2.7,-1.09,-5.34,-3.01,-7.25c-1.89,-1.91,-4.54,-3.01,-7.25,-3.01c-2.7,0.0,-5.34,1.1,-7.25,3.01c-1.91,1.91,-3.01,4.55,-3.01,7.25s1.1,5.35,3.01,7.25c1.92,1.91,4.55,3.01,7.25,3.01s5.35,-1.1,7.25,-3.01C73.16,67.189,74.25,64.539,74.25,61.839z"" style=""fill:#E1757B;"">
    </path>
    <path d=""M299.95,129.549c0.0,60.45,-47.28,110.021,-106.67,113.41c-0.86,4.52,-2.43,10.2,-5.33,15.95c-8.54,16.97,-24.63,26.319,-45.29,26.319H97.85c-5.671,0.0,-10.261,-4.59,-10.261,-10.26c0.0,-1.3,0.17,-13.1,6.221,-25.24c3.51,-7.06,8.35,-12.779,14.27,-17.08c-5.92,-4.3,-10.76,-10.02,-14.27,-17.069c-6.051,-12.15,-6.221,-23.94,-6.221,-25.24c0.0,-5.67,4.59,-10.26,10.261,-10.26h44.81c20.66,0.0,36.75,9.34,45.29,26.31c2.87,5.7,4.439,11.33,5.3,15.83c22.16,-2.8,39.26,-19.79,39.26,-40.27c0.0,-22.57,-21.0,-41.65,-45.85,-41.65h-65.79l-13.85,27.69c-1.79,3.6,-5.42,5.68,-9.181,5.68c-1.54,0.0,-3.109,-0.35,-4.58,-1.09c-5.069,-2.53,-7.12,-8.7,-4.59,-13.76l9.26,-18.52H95.53c-38.22,0.0,-66.42,-20.191,-81.57,-58.39C3.08,54.439,2.95,27.349,2.95,26.209c0.0,-5.67,4.6,-10.26,10.26,-10.26h173.58C249.19,15.949,299.95,66.909,299.95,129.549zM231.44,136.269l47.55,-15.85c-2.69,-27.62,-17.45,-51.74,-38.89,-66.95l-40.511,67.51C211.41,123.189,222.37,128.429,231.44,136.269zM278.58,142.189L245.43,153.239c4.96,8.79,7.6,18.58,7.6,28.71c0.0,4.989,-0.65,9.85,-1.88,14.489C265.74,182.279,275.71,163.349,278.58,142.189zM176.38,119.779l45.76,-76.261c-10.899,-4.54,-22.84,-7.05,-35.35,-7.05h-61.75v83.311H176.38zM139.009,221.409h32.92c-0.619,-2.03,-1.46,-4.19,-2.579,-6.311c-5.131,-9.76,-13.86,-14.51,-26.691,-14.51h-32.78c0.62,2.04,1.45,4.22,2.56,6.36C117.5,216.679,126.2,221.409,139.009,221.409zM171.93,243.889h-32.92c-13.04,0.0,-21.809,4.9,-26.83,14.99c-0.979,1.96,-1.729,3.95,-2.29,5.83h32.771c13.05,0.0,21.87,-4.91,26.96,-15.02C170.6,247.739,171.36,245.759,171.93,243.889zM104.52,119.779V36.469H24.139c0.961,9.4,3.32,24.0,9.091,38.351c11.98,29.84,32.949,44.96,62.3,44.96H104.52z"">
    </path>
    <path d=""M71.24,54.589c1.92,1.91,3.01,4.55,3.01,7.25s-1.09,5.35,-3.01,7.25c-1.9,1.91,-4.55,3.01,-7.25,3.01s-5.33,-1.1,-7.25,-3.01c-1.91,-1.9,-3.01,-4.55,-3.01,-7.25s1.1,-5.34,3.01,-7.25c1.91,-1.91,4.55,-3.01,7.25,-3.01C66.7,51.579,69.35,52.679,71.24,54.589z"">
    </path>
   </g>
  </g>
 </g>
</svg>


Question: How many black lines are there on the body of the object?",One,Two,Four,Three,D,animal
255,"Examine the following SVG code carefully and answer the question based on your interpretation of the rendered image.

<svg id=""Capa_1"" style=""enable-background:new 0 0 297.5 297.5;"" version=""1.1"" viewbox=""0 0 297.5 297.5"" x=""0px"" xml:space=""preserve"" y=""0px"">
 <g>
  <g id=""XMLID_45_"">
   <g>
    <path d=""M171.93,221.409h-32.92c-12.809,0.0,-21.51,-4.73,-26.569,-14.46c-1.11,-2.141,-1.94,-4.32,-2.56,-6.36h32.78c12.83,0.0,21.56,4.75,26.691,14.51C170.47,217.219,171.31,219.379,171.93,221.409z"" style=""fill:#EA5B2C;"">
    </path>
    <path d=""M139.009,243.889h32.92c-0.569,1.87,-1.329,3.851,-2.31,5.8c-5.09,10.11,-13.91,15.02,-26.96,15.02h-32.771c0.561,-1.88,1.311,-3.87,2.29,-5.83C117.2,248.789,125.97,243.889,139.009,243.889z"" style=""fill:#EA5B2C;"">
    </path>
    <path d=""M245.43,153.239l33.15,-11.051c-2.87,21.16,-12.84,40.091,-27.43,54.25c1.23,-4.64,1.88,-9.5,1.88,-14.489C253.03,171.819,250.389,162.029,245.43,153.239z"" style=""fill:#EA5B2C;"">
    </path>
    <path d=""M278.99,120.419l-47.55,15.85c-9.07,-7.84,-20.03,-13.08,-31.851,-15.29L240.1,53.469C261.54,68.679,276.3,92.799,278.99,120.419z"" style=""fill:#EA5B2C;"">
    </path>
    <path d=""M222.139,43.519l-45.76,76.261h-51.34V36.469h61.75C199.3,36.469,211.24,38.979,222.139,43.519z"" style=""fill:#EA5B2C;"">
    </path>
    <path d=""M104.52,36.469v83.311h-8.99c-29.351,0.0,-50.32,-15.12,-62.3,-44.96C27.46,60.469,25.1,45.869,24.139,36.469H104.52zM74.25,61.839c0.0,-2.7,-1.09,-5.34,-3.01,-7.25c-1.89,-1.91,-4.54,-3.01,-7.25,-3.01c-2.7,0.0,-5.34,1.1,-7.25,3.01c-1.91,1.91,-3.01,4.55,-3.01,7.25s1.1,5.35,3.01,7.25c1.92,1.91,4.55,3.01,7.25,3.01s5.35,-1.1,7.25,-3.01C73.16,67.189,74.25,64.539,74.25,61.839z"" style=""fill:#E1757B;"">
    </path>
    <path d=""M299.95,129.549c0.0,60.45,-47.28,110.021,-106.67,113.41c-0.86,4.52,-2.43,10.2,-5.33,15.95c-8.54,16.97,-24.63,26.319,-45.29,26.319H97.85c-5.671,0.0,-10.261,-4.59,-10.261,-10.26c0.0,-1.3,0.17,-13.1,6.221,-25.24c3.51,-7.06,8.35,-12.779,14.27,-17.08c-5.92,-4.3,-10.76,-10.02,-14.27,-17.069c-6.051,-12.15,-6.221,-23.94,-6.221,-25.24c0.0,-5.67,4.59,-10.26,10.261,-10.26h44.81c20.66,0.0,36.75,9.34,45.29,26.31c2.87,5.7,4.439,11.33,5.3,15.83c22.16,-2.8,39.26,-19.79,39.26,-40.27c0.0,-22.57,-21.0,-41.65,-45.85,-41.65h-65.79l-13.85,27.69c-1.79,3.6,-5.42,5.68,-9.181,5.68c-1.54,0.0,-3.109,-0.35,-4.58,-1.09c-5.069,-2.53,-7.12,-8.7,-4.59,-13.76l9.26,-18.52H95.53c-38.22,0.0,-66.42,-20.191,-81.57,-58.39C3.08,54.439,2.95,27.349,2.95,26.209c0.0,-5.67,4.6,-10.26,10.26,-10.26h173.58C249.19,15.949,299.95,66.909,299.95,129.549zM231.44,136.269l47.55,-15.85c-2.69,-27.62,-17.45,-51.74,-38.89,-66.95l-40.511,67.51C211.41,123.189,222.37,128.429,231.44,136.269zM278.58,142.189L245.43,153.239c4.96,8.79,7.6,18.58,7.6,28.71c0.0,4.989,-0.65,9.85,-1.88,14.489C265.74,182.279,275.71,163.349,278.58,142.189zM176.38,119.779l45.76,-76.261c-10.899,-4.54,-22.84,-7.05,-35.35,-7.05h-61.75v83.311H176.38zM139.009,221.409h32.92c-0.619,-2.03,-1.46,-4.19,-2.579,-6.311c-5.131,-9.76,-13.86,-14.51,-26.691,-14.51h-32.78c0.62,2.04,1.45,4.22,2.56,6.36C117.5,216.679,126.2,221.409,139.009,221.409zM171.93,243.889h-32.92c-13.04,0.0,-21.809,4.9,-26.83,14.99c-0.979,1.96,-1.729,3.95,-2.29,5.83h32.771c13.05,0.0,21.87,-4.91,26.96,-15.02C170.6,247.739,171.36,245.759,171.93,243.889zM104.52,119.779V36.469H24.139c0.961,9.4,3.32,24.0,9.091,38.351c11.98,29.84,32.949,44.96,62.3,44.96H104.52z"">
    </path>
    <path d=""M71.24,54.589c1.92,1.91,3.01,4.55,3.01,7.25s-1.09,5.35,-3.01,7.25c-1.9,1.91,-4.55,3.01,-7.25,3.01s-5.33,-1.1,-7.25,-3.01c-1.91,-1.9,-3.01,-4.55,-3.01,-7.25s1.1,-5.34,3.01,-7.25c1.91,-1.91,4.55,-3.01,7.25,-3.01C66.7,51.579,69.35,52.679,71.24,54.589z"">
    </path>
   </g>
  </g>
 </g>
</svg>


Question: What type of object is depicted in the image?",Fish,Shrimp,Crab,Lobster,B,animal
268,"Examine the following SVG code carefully and answer the question based on your interpretation of the rendered image.

<svg id=""Capa_1"" style=""enable-background:new 0 0 421.82 421.82;"" version=""1.1"" viewbox=""0 0 421.82 421.82"" x=""0px"" xml:space=""preserve"" y=""0px"">
 <g>
  <path d=""M343.817,144.538v70.99c0.0,22.04,-17.87,39.91,-39.91,39.91H28.787c-6.89,0.0,-13.14,-2.8,-17.66,-7.31C6.617,243.608,3.817,237.358,3.817,230.468c0.0,-10.45,6.5,-19.79,16.3,-23.42l35.46,-13.13l15.17,-5.61l40.83,-15.12l18.28,-6.77l51.32,-19.0l26.67,-9.87l43.91,-16.26l37.48,-13.88c0.03,-0.01,0.06,-0.02,0.09,-0.04l0.64,-0.23c0.05,-0.02,0.08,-0.03,0.08,-0.03C316.117,97.458,343.817,116.738,343.817,144.538z"" style=""fill:#9BC9CC;"">
  </path>
  <path d=""M343.817,198.528v17.0c0.0,22.04,-17.87,39.91,-39.91,39.91H28.787c-6.89,0.0,-13.14,-2.8,-17.66,-7.31C6.617,243.608,3.817,237.358,3.817,230.468c0.0,-2.96,0.52,-5.83,1.49,-8.5c1.25,3.48,3.26,6.6,5.82,9.16c4.52,4.51,10.77,7.31,17.66,7.31h275.12C325.947,238.438,343.817,220.568,343.817,198.528z"" style=""fill:#85B4B5;"">
  </path>
  <path d=""M326.457,154.018v52.0c0.0,2.04,-0.31,4.02,-0.9,5.87c-2.38,7.54,-9.22,13.11,-17.43,13.59c-0.38,0.03,-0.78,0.04,-1.17,0.04c-5.38,0.0,-10.26,-2.18,-13.79,-5.71c-2.09,-2.09,-3.7,-4.65,-4.67,-7.51c-0.68,-1.97,-1.04,-4.08,-1.04,-6.28v-52.0c0.0,-10.77,8.73,-19.5,19.5,-19.5c5.38,0.0,10.26,2.18,13.79,5.71S326.457,148.638,326.457,154.018z"" style=""fill:#4D4D4D;"">
  </path>
  <path d=""M425.637,240.708l-0.017,0.007c-10.838,4.117,-22.961,-1.331,-27.079,-12.169l-26.534,-69.828l-45.55,21.17l-34.58,16.07l-4.42,-9.51v-11.59l39.0,-18.13l46.93,-21.81c2.65,-1.23,5.69,-1.3,8.39,-0.21c2.7,1.1,4.82,3.27,5.86,6.0L425.637,240.708z"" style=""fill:#808080;"">
  </path>
  <path d=""M379.787,289.618L379.787,289.618c-11.586,0.503,-21.385,-8.484,-21.884,-20.07l-3.216,-74.63l-28.23,3.26l-39.0,4.51v-21.14l39.0,-4.5l37.03,-4.28c2.9,-0.34,5.81,0.55,8.02,2.44c2.22,1.89,3.55,4.62,3.68,7.54L379.787,289.618z"" style=""fill:#808080;"">
  </path>
  <path d=""M347.087,239.908l-65.87,84.29l-0.004,-0.003c-9.138,-7.139,-10.757,-20.335,-3.616,-29.471l46.0,-58.856l-15.47,-10.39l-19.63,-13.18c-0.68,-1.97,-1.04,-4.08,-1.04,-6.28v-19.72l38.1,25.59l19.11,12.83c2.42,1.63,4.06,4.19,4.52,7.07C349.647,234.668,348.887,237.608,347.087,239.908z"" style=""fill:#808080;"">
  </path>
  <g>
   <circle cx=""291.817"" cy=""172.438"" r=""14.912"" style=""fill:#FFFFFF;"">
   </circle>
   <circle cx=""291.817"" cy=""172.438"" r=""9.124"" style=""fill:#4D4D4D;"">
   </circle>
  </g>
  <g>
   <circle cx=""321.817"" cy=""151.169"" r=""14.912"" style=""fill:#FFFFFF;"">
   </circle>
   <circle cx=""321.817"" cy=""151.169"" r=""9.124"" style=""fill:#4D4D4D;"">
   </circle>
  </g>
  <path d=""M289.237,107.408c-4.71,1.88,-28.42,13.2,-28.42,51.03c0.0,0.0,-11.86,-11.86,-9.06,-37.15L289.237,107.408z"" style=""fill:#85B4B5;"">
  </path>
  <path d=""M181.177,147.418c-1.59,23.22,9.33,34.14,9.33,34.14c0.0,-23.62,9.25,-36.91,17.34,-44.01L181.177,147.418z"" style=""fill:#85B4B5;"">
  </path>
  <path d=""M129.857,166.418c-4.94,7.76,-8.84,18.74,-8.84,34.07c0.0,0.0,-8.77,-8.77,-9.44,-27.3L129.857,166.418z"" style=""fill:#85B4B5;"">
  </path>
  <path d=""M70.747,188.308c-3.52,7.27,-6.0,16.73,-6.0,28.96c0.0,0.0,-7.52,-7.52,-9.17,-23.35L70.747,188.308z"" style=""fill:#85B4B5;"">
  </path>
 </g>
</svg>


Question: What is the primary color of the object?",Red,Blue,Green,Yellow,B,animal
269,"Examine the following SVG code carefully and answer the question based on your interpretation of the rendered image.

<svg id=""Capa_1"" style=""enable-background:new 0 0 421.82 421.82;"" version=""1.1"" viewbox=""0 0 421.82 421.82"" x=""0px"" xml:space=""preserve"" y=""0px"">
 <g>
  <path d=""M343.817,144.538v70.99c0.0,22.04,-17.87,39.91,-39.91,39.91H28.787c-6.89,0.0,-13.14,-2.8,-17.66,-7.31C6.617,243.608,3.817,237.358,3.817,230.468c0.0,-10.45,6.5,-19.79,16.3,-23.42l35.46,-13.13l15.17,-5.61l40.83,-15.12l18.28,-6.77l51.32,-19.0l26.67,-9.87l43.91,-16.26l37.48,-13.88c0.03,-0.01,0.06,-0.02,0.09,-0.04l0.64,-0.23c0.05,-0.02,0.08,-0.03,0.08,-0.03C316.117,97.458,343.817,116.738,343.817,144.538z"" style=""fill:#9BC9CC;"">
  </path>
  <path d=""M343.817,198.528v17.0c0.0,22.04,-17.87,39.91,-39.91,39.91H28.787c-6.89,0.0,-13.14,-2.8,-17.66,-7.31C6.617,243.608,3.817,237.358,3.817,230.468c0.0,-2.96,0.52,-5.83,1.49,-8.5c1.25,3.48,3.26,6.6,5.82,9.16c4.52,4.51,10.77,7.31,17.66,7.31h275.12C325.947,238.438,343.817,220.568,343.817,198.528z"" style=""fill:#85B4B5;"">
  </path>
  <path d=""M326.457,154.018v52.0c0.0,2.04,-0.31,4.02,-0.9,5.87c-2.38,7.54,-9.22,13.11,-17.43,13.59c-0.38,0.03,-0.78,0.04,-1.17,0.04c-5.38,0.0,-10.26,-2.18,-13.79,-5.71c-2.09,-2.09,-3.7,-4.65,-4.67,-7.51c-0.68,-1.97,-1.04,-4.08,-1.04,-6.28v-52.0c0.0,-10.77,8.73,-19.5,19.5,-19.5c5.38,0.0,10.26,2.18,13.79,5.71S326.457,148.638,326.457,154.018z"" style=""fill:#4D4D4D;"">
  </path>
  <path d=""M425.637,240.708l-0.017,0.007c-10.838,4.117,-22.961,-1.331,-27.079,-12.169l-26.534,-69.828l-45.55,21.17l-34.58,16.07l-4.42,-9.51v-11.59l39.0,-18.13l46.93,-21.81c2.65,-1.23,5.69,-1.3,8.39,-0.21c2.7,1.1,4.82,3.27,5.86,6.0L425.637,240.708z"" style=""fill:#808080;"">
  </path>
  <path d=""M379.787,289.618L379.787,289.618c-11.586,0.503,-21.385,-8.484,-21.884,-20.07l-3.216,-74.63l-28.23,3.26l-39.0,4.51v-21.14l39.0,-4.5l37.03,-4.28c2.9,-0.34,5.81,0.55,8.02,2.44c2.22,1.89,3.55,4.62,3.68,7.54L379.787,289.618z"" style=""fill:#808080;"">
  </path>
  <path d=""M347.087,239.908l-65.87,84.29l-0.004,-0.003c-9.138,-7.139,-10.757,-20.335,-3.616,-29.471l46.0,-58.856l-15.47,-10.39l-19.63,-13.18c-0.68,-1.97,-1.04,-4.08,-1.04,-6.28v-19.72l38.1,25.59l19.11,12.83c2.42,1.63,4.06,4.19,4.52,7.07C349.647,234.668,348.887,237.608,347.087,239.908z"" style=""fill:#808080;"">
  </path>
  <g>
   <circle cx=""291.817"" cy=""172.438"" r=""14.912"" style=""fill:#FFFFFF;"">
   </circle>
   <circle cx=""291.817"" cy=""172.438"" r=""9.124"" style=""fill:#4D4D4D;"">
   </circle>
  </g>
  <g>
   <circle cx=""321.817"" cy=""151.169"" r=""14.912"" style=""fill:#FFFFFF;"">
   </circle>
   <circle cx=""321.817"" cy=""151.169"" r=""9.124"" style=""fill:#4D4D4D;"">
   </circle>
  </g>
  <path d=""M289.237,107.408c-4.71,1.88,-28.42,13.2,-28.42,51.03c0.0,0.0,-11.86,-11.86,-9.06,-37.15L289.237,107.408z"" style=""fill:#85B4B5;"">
  </path>
  <path d=""M181.177,147.418c-1.59,23.22,9.33,34.14,9.33,34.14c0.0,-23.62,9.25,-36.91,17.34,-44.01L181.177,147.418z"" style=""fill:#85B4B5;"">
  </path>
  <path d=""M129.857,166.418c-4.94,7.76,-8.84,18.74,-8.84,34.07c0.0,0.0,-8.77,-8.77,-9.44,-27.3L129.857,166.418z"" style=""fill:#85B4B5;"">
  </path>
  <path d=""M70.747,188.308c-3.52,7.27,-6.0,16.73,-6.0,28.96c0.0,0.0,-7.52,-7.52,-9.17,-23.35L70.747,188.308z"" style=""fill:#85B4B5;"">
  </path>
 </g>
</svg>


Question: How many legs does the object have?",Two,Four,Six,Eight,A,animal
270,"Examine the following SVG code carefully and answer the question based on your interpretation of the rendered image.

<svg id=""Capa_1"" style=""enable-background:new 0 0 421.82 421.82;"" version=""1.1"" viewbox=""0 0 421.82 421.82"" x=""0px"" xml:space=""preserve"" y=""0px"">
 <g>
  <path d=""M343.817,144.538v70.99c0.0,22.04,-17.87,39.91,-39.91,39.91H28.787c-6.89,0.0,-13.14,-2.8,-17.66,-7.31C6.617,243.608,3.817,237.358,3.817,230.468c0.0,-10.45,6.5,-19.79,16.3,-23.42l35.46,-13.13l15.17,-5.61l40.83,-15.12l18.28,-6.77l51.32,-19.0l26.67,-9.87l43.91,-16.26l37.48,-13.88c0.03,-0.01,0.06,-0.02,0.09,-0.04l0.64,-0.23c0.05,-0.02,0.08,-0.03,0.08,-0.03C316.117,97.458,343.817,116.738,343.817,144.538z"" style=""fill:#9BC9CC;"">
  </path>
  <path d=""M343.817,198.528v17.0c0.0,22.04,-17.87,39.91,-39.91,39.91H28.787c-6.89,0.0,-13.14,-2.8,-17.66,-7.31C6.617,243.608,3.817,237.358,3.817,230.468c0.0,-2.96,0.52,-5.83,1.49,-8.5c1.25,3.48,3.26,6.6,5.82,9.16c4.52,4.51,10.77,7.31,17.66,7.31h275.12C325.947,238.438,343.817,220.568,343.817,198.528z"" style=""fill:#85B4B5;"">
  </path>
  <path d=""M326.457,154.018v52.0c0.0,2.04,-0.31,4.02,-0.9,5.87c-2.38,7.54,-9.22,13.11,-17.43,13.59c-0.38,0.03,-0.78,0.04,-1.17,0.04c-5.38,0.0,-10.26,-2.18,-13.79,-5.71c-2.09,-2.09,-3.7,-4.65,-4.67,-7.51c-0.68,-1.97,-1.04,-4.08,-1.04,-6.28v-52.0c0.0,-10.77,8.73,-19.5,19.5,-19.5c5.38,0.0,10.26,2.18,13.79,5.71S326.457,148.638,326.457,154.018z"" style=""fill:#4D4D4D;"">
  </path>
  <path d=""M425.637,240.708l-0.017,0.007c-10.838,4.117,-22.961,-1.331,-27.079,-12.169l-26.534,-69.828l-45.55,21.17l-34.58,16.07l-4.42,-9.51v-11.59l39.0,-18.13l46.93,-21.81c2.65,-1.23,5.69,-1.3,8.39,-0.21c2.7,1.1,4.82,3.27,5.86,6.0L425.637,240.708z"" style=""fill:#808080;"">
  </path>
  <path d=""M379.787,289.618L379.787,289.618c-11.586,0.503,-21.385,-8.484,-21.884,-20.07l-3.216,-74.63l-28.23,3.26l-39.0,4.51v-21.14l39.0,-4.5l37.03,-4.28c2.9,-0.34,5.81,0.55,8.02,2.44c2.22,1.89,3.55,4.62,3.68,7.54L379.787,289.618z"" style=""fill:#808080;"">
  </path>
  <path d=""M347.087,239.908l-65.87,84.29l-0.004,-0.003c-9.138,-7.139,-10.757,-20.335,-3.616,-29.471l46.0,-58.856l-15.47,-10.39l-19.63,-13.18c-0.68,-1.97,-1.04,-4.08,-1.04,-6.28v-19.72l38.1,25.59l19.11,12.83c2.42,1.63,4.06,4.19,4.52,7.07C349.647,234.668,348.887,237.608,347.087,239.908z"" style=""fill:#808080;"">
  </path>
  <g>
   <circle cx=""291.817"" cy=""172.438"" r=""14.912"" style=""fill:#FFFFFF;"">
   </circle>
   <circle cx=""291.817"" cy=""172.438"" r=""9.124"" style=""fill:#4D4D4D;"">
   </circle>
  </g>
  <g>
   <circle cx=""321.817"" cy=""151.169"" r=""14.912"" style=""fill:#FFFFFF;"">
   </circle>
   <circle cx=""321.817"" cy=""151.169"" r=""9.124"" style=""fill:#4D4D4D;"">
   </circle>
  </g>
  <path d=""M289.237,107.408c-4.71,1.88,-28.42,13.2,-28.42,51.03c0.0,0.0,-11.86,-11.86,-9.06,-37.15L289.237,107.408z"" style=""fill:#85B4B5;"">
  </path>
  <path d=""M181.177,147.418c-1.59,23.22,9.33,34.14,9.33,34.14c0.0,-23.62,9.25,-36.91,17.34,-44.01L181.177,147.418z"" style=""fill:#85B4B5;"">
  </path>
  <path d=""M129.857,166.418c-4.94,7.76,-8.84,18.74,-8.84,34.07c0.0,0.0,-8.77,-8.77,-9.44,-27.3L129.857,166.418z"" style=""fill:#85B4B5;"">
  </path>
  <path d=""M70.747,188.308c-3.52,7.27,-6.0,16.73,-6.0,28.96c0.0,0.0,-7.52,-7.52,-9.17,-23.35L70.747,188.308z"" style=""fill:#85B4B5;"">
  </path>
 </g>
</svg>


Question: What shape is the main body of the object?",Circular,Triangular,Rectangular,Conical,D,animal
271,"Examine the following SVG code carefully and answer the question based on your interpretation of the rendered image.

<svg id=""Capa_1"" style=""enable-background:new 0 0 421.82 421.82;"" version=""1.1"" viewbox=""0 0 421.82 421.82"" x=""0px"" xml:space=""preserve"" y=""0px"">
 <g>
  <path d=""M343.817,144.538v70.99c0.0,22.04,-17.87,39.91,-39.91,39.91H28.787c-6.89,0.0,-13.14,-2.8,-17.66,-7.31C6.617,243.608,3.817,237.358,3.817,230.468c0.0,-10.45,6.5,-19.79,16.3,-23.42l35.46,-13.13l15.17,-5.61l40.83,-15.12l18.28,-6.77l51.32,-19.0l26.67,-9.87l43.91,-16.26l37.48,-13.88c0.03,-0.01,0.06,-0.02,0.09,-0.04l0.64,-0.23c0.05,-0.02,0.08,-0.03,0.08,-0.03C316.117,97.458,343.817,116.738,343.817,144.538z"" style=""fill:#9BC9CC;"">
  </path>
  <path d=""M343.817,198.528v17.0c0.0,22.04,-17.87,39.91,-39.91,39.91H28.787c-6.89,0.0,-13.14,-2.8,-17.66,-7.31C6.617,243.608,3.817,237.358,3.817,230.468c0.0,-2.96,0.52,-5.83,1.49,-8.5c1.25,3.48,3.26,6.6,5.82,9.16c4.52,4.51,10.77,7.31,17.66,7.31h275.12C325.947,238.438,343.817,220.568,343.817,198.528z"" style=""fill:#85B4B5;"">
  </path>
  <path d=""M326.457,154.018v52.0c0.0,2.04,-0.31,4.02,-0.9,5.87c-2.38,7.54,-9.22,13.11,-17.43,13.59c-0.38,0.03,-0.78,0.04,-1.17,0.04c-5.38,0.0,-10.26,-2.18,-13.79,-5.71c-2.09,-2.09,-3.7,-4.65,-4.67,-7.51c-0.68,-1.97,-1.04,-4.08,-1.04,-6.28v-52.0c0.0,-10.77,8.73,-19.5,19.5,-19.5c5.38,0.0,10.26,2.18,13.79,5.71S326.457,148.638,326.457,154.018z"" style=""fill:#4D4D4D;"">
  </path>
  <path d=""M425.637,240.708l-0.017,0.007c-10.838,4.117,-22.961,-1.331,-27.079,-12.169l-26.534,-69.828l-45.55,21.17l-34.58,16.07l-4.42,-9.51v-11.59l39.0,-18.13l46.93,-21.81c2.65,-1.23,5.69,-1.3,8.39,-0.21c2.7,1.1,4.82,3.27,5.86,6.0L425.637,240.708z"" style=""fill:#808080;"">
  </path>
  <path d=""M379.787,289.618L379.787,289.618c-11.586,0.503,-21.385,-8.484,-21.884,-20.07l-3.216,-74.63l-28.23,3.26l-39.0,4.51v-21.14l39.0,-4.5l37.03,-4.28c2.9,-0.34,5.81,0.55,8.02,2.44c2.22,1.89,3.55,4.62,3.68,7.54L379.787,289.618z"" style=""fill:#808080;"">
  </path>
  <path d=""M347.087,239.908l-65.87,84.29l-0.004,-0.003c-9.138,-7.139,-10.757,-20.335,-3.616,-29.471l46.0,-58.856l-15.47,-10.39l-19.63,-13.18c-0.68,-1.97,-1.04,-4.08,-1.04,-6.28v-19.72l38.1,25.59l19.11,12.83c2.42,1.63,4.06,4.19,4.52,7.07C349.647,234.668,348.887,237.608,347.087,239.908z"" style=""fill:#808080;"">
  </path>
  <g>
   <circle cx=""291.817"" cy=""172.438"" r=""14.912"" style=""fill:#FFFFFF;"">
   </circle>
   <circle cx=""291.817"" cy=""172.438"" r=""9.124"" style=""fill:#4D4D4D;"">
   </circle>
  </g>
  <g>
   <circle cx=""321.817"" cy=""151.169"" r=""14.912"" style=""fill:#FFFFFF;"">
   </circle>
   <circle cx=""321.817"" cy=""151.169"" r=""9.124"" style=""fill:#4D4D4D;"">
   </circle>
  </g>
  <path d=""M289.237,107.408c-4.71,1.88,-28.42,13.2,-28.42,51.03c0.0,0.0,-11.86,-11.86,-9.06,-37.15L289.237,107.408z"" style=""fill:#85B4B5;"">
  </path>
  <path d=""M181.177,147.418c-1.59,23.22,9.33,34.14,9.33,34.14c0.0,-23.62,9.25,-36.91,17.34,-44.01L181.177,147.418z"" style=""fill:#85B4B5;"">
  </path>
  <path d=""M129.857,166.418c-4.94,7.76,-8.84,18.74,-8.84,34.07c0.0,0.0,-8.77,-8.77,-9.44,-27.3L129.857,166.418z"" style=""fill:#85B4B5;"">
  </path>
  <path d=""M70.747,188.308c-3.52,7.27,-6.0,16.73,-6.0,28.96c0.0,0.0,-7.52,-7.52,-9.17,-23.35L70.747,188.308z"" style=""fill:#85B4B5;"">
  </path>
 </g>
</svg>


Question: What type of object is depicted in the image?",instrument,furniture,insect,vehicle,C,animal
292,"Examine the following SVG code carefully and answer the question based on your interpretation of the rendered image.

<svg id=""Layer_1"" style=""enable-background:new 0 0 215.325 215.325;"" version=""1.1"" viewbox=""0 0 215.325 215.325"" x=""0px"" xml:space=""preserve"" y=""0px"">
 <g>
  <g>
   <path d=""M190.803,114.283c-0.949,-1.808,-3.19,-2.497,-4.99,-1.548l-16.18,8.512h-36.065v-18.475h35.044c7.144,0.0,12.957,-5.802,12.957,-12.932v-7.731c0.051,-0.111,0.129,-0.201,0.17,-0.319c0.556,-1.627,13.502,-40.056,3.255,-57.217C174.992,7.812,162.215,2.476,161.674,2.256c-1.241,-0.498,-2.663,-0.296,-3.717,0.556c-1.046,0.844,-1.548,2.194,-1.31,3.522c2.273,12.684,5.024,31.419,5.829,44.183c-12.1,-10.691,-17.975,-23.842,-17.82,-40.08c0.018,-2.042,-1.62,-3.713,-3.659,-3.731c-0.014,0.0,-0.025,0.0,-0.036,0.0c-2.024,0.0,-3.677,1.631,-3.695,3.659c-0.198,20.604,8.011,36.841,25.096,49.643c0.075,0.056,0.164,0.076,0.243,0.126c-0.108,1.433,-0.296,2.575,-0.589,3.324c-2.784,7.115,-3.228,11.272,-3.159,13.452h-28.984h-0.033h-9.412c1.273,-2.183,2.055,-4.686,2.055,-7.39c0.0,-4.458,-2.023,-8.412,-5.153,-11.123l9.046,-14.774l6.224,7.39c1.306,1.551,3.641,1.761,5.207,0.444c1.559,-1.314,1.761,-3.644,0.444,-5.207l-9.526,-11.308c-0.765,-0.909,-1.927,-1.396,-3.103,-1.302c-1.183,0.09,-2.252,0.743,-2.872,1.754l-12.037,19.66c-0.973,-0.202,-1.979,-0.312,-3.011,-0.312c-1.09,0.0,-2.145,0.136,-3.168,0.361l-12.07,-19.709c-0.621,-1.01,-1.689,-1.663,-2.872,-1.754c-1.223,-0.094,-2.342,0.397,-3.103,1.302l-9.52,11.305c-1.317,1.563,-1.115,3.893,0.444,5.207c1.573,1.321,3.901,1.111,5.207,-0.444l6.221,-7.39l9.113,14.877c-3.059,2.709,-5.028,6.621,-5.028,11.02c0.0,2.704,0.783,5.207,2.055,7.39h-9.445c-0.006,0.0,-0.01,0.003,-0.016,0.003c-0.006,0.0,-0.01,-0.003,-0.016,-0.003H57.378c0.071,-2.182,-0.371,-6.339,-3.157,-13.452c-0.27,-0.69,-0.444,-1.744,-0.555,-3.019c0.286,-0.117,0.572,-0.238,0.83,-0.43C71.581,47.204,79.79,30.966,79.592,10.363c-0.018,-2.028,-1.67,-3.659,-3.695,-3.659c-0.011,0.0,-0.025,0.0,-0.036,0.0c-2.039,0.018,-3.677,1.689,-3.659,3.731c0.158,16.521,-5.947,29.837,-18.48,40.627c0.761,-12.77,3.565,-31.869,5.869,-44.73c0.238,-1.328,-0.263,-2.677,-1.31,-3.522c-1.046,-0.852,-2.472,-1.053,-3.717,-0.556c-0.541,0.22,-13.318,5.557,-23.32,22.317c-9.118,15.27,0.118,47.357,2.657,55.394c-0.038,0.214,-0.128,0.41,-0.128,0.636v9.237c0.0,7.13,5.813,12.932,12.957,12.932h35.109v18.475H48.011l-16.18,-8.512c-1.801,-0.949,-4.038,-0.26,-4.99,1.548c-0.952,1.808,-0.256,4.041,1.548,4.99l16.988,8.938c0.531,0.282,1.122,0.426,1.721,0.426h34.741v3.695v3.695H55.3c-1.028,0.0,-2.013,0.429,-2.714,1.187l-10.41,11.258c-1.386,1.498,-1.292,3.836,0.206,5.221c0.711,0.657,1.609,0.981,2.508,0.981c0.992,0.0,1.985,-0.401,2.714,-1.187l9.313,-10.071H81.84v3.695v7.39H55.3c-1.028,0.0,-2.013,0.429,-2.714,1.187l-10.41,11.258c-1.386,1.498,-1.292,3.836,0.206,5.221c0.711,0.657,1.609,0.981,2.508,0.981c0.992,0.0,1.985,-0.401,2.714,-1.187l9.313,-10.071H81.84v7.39v25.864c0.0,12.225,11.604,22.169,25.864,22.169c14.26,0.0,25.864,-9.944,25.864,-22.169v-33.222h24.364l9.313,10.075c0.729,0.787,1.721,1.187,2.714,1.187c0.899,0.0,1.797,-0.325,2.508,-0.981c1.498,-1.386,1.591,-3.724,0.206,-5.221l-10.41,-11.262c-0.7,-0.758,-1.682,-1.187,-2.714,-1.187h-25.98v-11.291h24.364l9.313,10.071c0.729,0.787,1.721,1.187,2.714,1.187c0.899,0.0,1.797,-0.325,2.508,-0.981c1.498,-1.386,1.591,-3.724,0.206,-5.221l-10.41,-11.258c-0.7,-0.758,-1.685,-1.187,-2.714,-1.187h-25.98v-7.217h36.978c0.599,0.0,1.191,-0.144,1.721,-0.426l16.988,-8.938C191.059,118.324,191.756,116.09,190.803,114.283zM178.651,28.36c6.545,10.963,0.576,36.75,-3.097,48.546h-9.307c-0.024,-0.214,-0.287,-3.254,2.654,-10.759c3.157,-8.072,-1.072,-37.606,-3.597,-53.039C169.187,16.088,174.224,20.945,178.651,28.36zM133.568,84.297h40.612v5.543c0.0,3.056,-2.497,5.542,-5.568,5.542h-35.044V84.297zM37.587,28.361c4.428,-7.419,9.465,-12.276,13.347,-15.256c-2.526,15.437,-6.755,44.97,-3.597,53.042c2.948,7.523,2.67,10.587,2.692,10.587c0.004,0.0,0.004,-0.004,0.004,-0.004c-0.016,0.059,0.002,0.117,-0.01,0.177h-9.34C37.011,65.111,31.042,39.324,37.587,28.361zM46.73,95.382c-3.071,0.0,-5.568,-2.486,-5.568,-5.542v-5.543h40.644v11.085H46.73zM107.704,62.127c4.074,0.0,7.39,3.316,7.39,7.39c0.0,4.074,-3.316,7.39,-7.39,7.39c-4.074,0.0,-7.39,-3.315,-7.39,-7.39C100.314,65.443,103.63,62.127,107.704,62.127zM126.178,195.144c0.001,8.152,-8.288,14.78,-18.474,14.78c-10.186,0.0,-18.475,-6.628,-18.475,-14.78v-25.864h36.949V195.144zM126.178,161.891H89.229v-7.39h36.949V161.891zM126.178,147.111H89.229v-7.39h36.949V147.111zM126.179,132.331h-36.95V84.297h36.917v14.78c0.0,0.057,0.03,0.105,0.033,0.161V132.331z"">
   </path>
  </g>
 </g>
</svg>


Question: What shape are the claws of the object in the image?",Circular,Triangular,Rectangular,Crescent,D,animal
293,"Examine the following SVG code carefully and answer the question based on your interpretation of the rendered image.

<svg id=""Layer_1"" style=""enable-background:new 0 0 215.325 215.325;"" version=""1.1"" viewbox=""0 0 215.325 215.325"" x=""0px"" xml:space=""preserve"" y=""0px"">
 <g>
  <g>
   <path d=""M190.803,114.283c-0.949,-1.808,-3.19,-2.497,-4.99,-1.548l-16.18,8.512h-36.065v-18.475h35.044c7.144,0.0,12.957,-5.802,12.957,-12.932v-7.731c0.051,-0.111,0.129,-0.201,0.17,-0.319c0.556,-1.627,13.502,-40.056,3.255,-57.217C174.992,7.812,162.215,2.476,161.674,2.256c-1.241,-0.498,-2.663,-0.296,-3.717,0.556c-1.046,0.844,-1.548,2.194,-1.31,3.522c2.273,12.684,5.024,31.419,5.829,44.183c-12.1,-10.691,-17.975,-23.842,-17.82,-40.08c0.018,-2.042,-1.62,-3.713,-3.659,-3.731c-0.014,0.0,-0.025,0.0,-0.036,0.0c-2.024,0.0,-3.677,1.631,-3.695,3.659c-0.198,20.604,8.011,36.841,25.096,49.643c0.075,0.056,0.164,0.076,0.243,0.126c-0.108,1.433,-0.296,2.575,-0.589,3.324c-2.784,7.115,-3.228,11.272,-3.159,13.452h-28.984h-0.033h-9.412c1.273,-2.183,2.055,-4.686,2.055,-7.39c0.0,-4.458,-2.023,-8.412,-5.153,-11.123l9.046,-14.774l6.224,7.39c1.306,1.551,3.641,1.761,5.207,0.444c1.559,-1.314,1.761,-3.644,0.444,-5.207l-9.526,-11.308c-0.765,-0.909,-1.927,-1.396,-3.103,-1.302c-1.183,0.09,-2.252,0.743,-2.872,1.754l-12.037,19.66c-0.973,-0.202,-1.979,-0.312,-3.011,-0.312c-1.09,0.0,-2.145,0.136,-3.168,0.361l-12.07,-19.709c-0.621,-1.01,-1.689,-1.663,-2.872,-1.754c-1.223,-0.094,-2.342,0.397,-3.103,1.302l-9.52,11.305c-1.317,1.563,-1.115,3.893,0.444,5.207c1.573,1.321,3.901,1.111,5.207,-0.444l6.221,-7.39l9.113,14.877c-3.059,2.709,-5.028,6.621,-5.028,11.02c0.0,2.704,0.783,5.207,2.055,7.39h-9.445c-0.006,0.0,-0.01,0.003,-0.016,0.003c-0.006,0.0,-0.01,-0.003,-0.016,-0.003H57.378c0.071,-2.182,-0.371,-6.339,-3.157,-13.452c-0.27,-0.69,-0.444,-1.744,-0.555,-3.019c0.286,-0.117,0.572,-0.238,0.83,-0.43C71.581,47.204,79.79,30.966,79.592,10.363c-0.018,-2.028,-1.67,-3.659,-3.695,-3.659c-0.011,0.0,-0.025,0.0,-0.036,0.0c-2.039,0.018,-3.677,1.689,-3.659,3.731c0.158,16.521,-5.947,29.837,-18.48,40.627c0.761,-12.77,3.565,-31.869,5.869,-44.73c0.238,-1.328,-0.263,-2.677,-1.31,-3.522c-1.046,-0.852,-2.472,-1.053,-3.717,-0.556c-0.541,0.22,-13.318,5.557,-23.32,22.317c-9.118,15.27,0.118,47.357,2.657,55.394c-0.038,0.214,-0.128,0.41,-0.128,0.636v9.237c0.0,7.13,5.813,12.932,12.957,12.932h35.109v18.475H48.011l-16.18,-8.512c-1.801,-0.949,-4.038,-0.26,-4.99,1.548c-0.952,1.808,-0.256,4.041,1.548,4.99l16.988,8.938c0.531,0.282,1.122,0.426,1.721,0.426h34.741v3.695v3.695H55.3c-1.028,0.0,-2.013,0.429,-2.714,1.187l-10.41,11.258c-1.386,1.498,-1.292,3.836,0.206,5.221c0.711,0.657,1.609,0.981,2.508,0.981c0.992,0.0,1.985,-0.401,2.714,-1.187l9.313,-10.071H81.84v3.695v7.39H55.3c-1.028,0.0,-2.013,0.429,-2.714,1.187l-10.41,11.258c-1.386,1.498,-1.292,3.836,0.206,5.221c0.711,0.657,1.609,0.981,2.508,0.981c0.992,0.0,1.985,-0.401,2.714,-1.187l9.313,-10.071H81.84v7.39v25.864c0.0,12.225,11.604,22.169,25.864,22.169c14.26,0.0,25.864,-9.944,25.864,-22.169v-33.222h24.364l9.313,10.075c0.729,0.787,1.721,1.187,2.714,1.187c0.899,0.0,1.797,-0.325,2.508,-0.981c1.498,-1.386,1.591,-3.724,0.206,-5.221l-10.41,-11.262c-0.7,-0.758,-1.682,-1.187,-2.714,-1.187h-25.98v-11.291h24.364l9.313,10.071c0.729,0.787,1.721,1.187,2.714,1.187c0.899,0.0,1.797,-0.325,2.508,-0.981c1.498,-1.386,1.591,-3.724,0.206,-5.221l-10.41,-11.258c-0.7,-0.758,-1.685,-1.187,-2.714,-1.187h-25.98v-7.217h36.978c0.599,0.0,1.191,-0.144,1.721,-0.426l16.988,-8.938C191.059,118.324,191.756,116.09,190.803,114.283zM178.651,28.36c6.545,10.963,0.576,36.75,-3.097,48.546h-9.307c-0.024,-0.214,-0.287,-3.254,2.654,-10.759c3.157,-8.072,-1.072,-37.606,-3.597,-53.039C169.187,16.088,174.224,20.945,178.651,28.36zM133.568,84.297h40.612v5.543c0.0,3.056,-2.497,5.542,-5.568,5.542h-35.044V84.297zM37.587,28.361c4.428,-7.419,9.465,-12.276,13.347,-15.256c-2.526,15.437,-6.755,44.97,-3.597,53.042c2.948,7.523,2.67,10.587,2.692,10.587c0.004,0.0,0.004,-0.004,0.004,-0.004c-0.016,0.059,0.002,0.117,-0.01,0.177h-9.34C37.011,65.111,31.042,39.324,37.587,28.361zM46.73,95.382c-3.071,0.0,-5.568,-2.486,-5.568,-5.542v-5.543h40.644v11.085H46.73zM107.704,62.127c4.074,0.0,7.39,3.316,7.39,7.39c0.0,4.074,-3.316,7.39,-7.39,7.39c-4.074,0.0,-7.39,-3.315,-7.39,-7.39C100.314,65.443,103.63,62.127,107.704,62.127zM126.178,195.144c0.001,8.152,-8.288,14.78,-18.474,14.78c-10.186,0.0,-18.475,-6.628,-18.475,-14.78v-25.864h36.949V195.144zM126.178,161.891H89.229v-7.39h36.949V161.891zM126.178,147.111H89.229v-7.39h36.949V147.111zM126.179,132.331h-36.95V84.297h36.917v14.78c0.0,0.057,0.03,0.105,0.033,0.161V132.331z"">
   </path>
  </g>
 </g>
</svg>


Question: How many legs does the object in the image have?",Four,Six,Ten,Eight,D,animal
294,"Examine the following SVG code carefully and answer the question based on your interpretation of the rendered image.

<svg id=""Layer_1"" style=""enable-background:new 0 0 215.325 215.325;"" version=""1.1"" viewbox=""0 0 215.325 215.325"" x=""0px"" xml:space=""preserve"" y=""0px"">
 <g>
  <g>
   <path d=""M190.803,114.283c-0.949,-1.808,-3.19,-2.497,-4.99,-1.548l-16.18,8.512h-36.065v-18.475h35.044c7.144,0.0,12.957,-5.802,12.957,-12.932v-7.731c0.051,-0.111,0.129,-0.201,0.17,-0.319c0.556,-1.627,13.502,-40.056,3.255,-57.217C174.992,7.812,162.215,2.476,161.674,2.256c-1.241,-0.498,-2.663,-0.296,-3.717,0.556c-1.046,0.844,-1.548,2.194,-1.31,3.522c2.273,12.684,5.024,31.419,5.829,44.183c-12.1,-10.691,-17.975,-23.842,-17.82,-40.08c0.018,-2.042,-1.62,-3.713,-3.659,-3.731c-0.014,0.0,-0.025,0.0,-0.036,0.0c-2.024,0.0,-3.677,1.631,-3.695,3.659c-0.198,20.604,8.011,36.841,25.096,49.643c0.075,0.056,0.164,0.076,0.243,0.126c-0.108,1.433,-0.296,2.575,-0.589,3.324c-2.784,7.115,-3.228,11.272,-3.159,13.452h-28.984h-0.033h-9.412c1.273,-2.183,2.055,-4.686,2.055,-7.39c0.0,-4.458,-2.023,-8.412,-5.153,-11.123l9.046,-14.774l6.224,7.39c1.306,1.551,3.641,1.761,5.207,0.444c1.559,-1.314,1.761,-3.644,0.444,-5.207l-9.526,-11.308c-0.765,-0.909,-1.927,-1.396,-3.103,-1.302c-1.183,0.09,-2.252,0.743,-2.872,1.754l-12.037,19.66c-0.973,-0.202,-1.979,-0.312,-3.011,-0.312c-1.09,0.0,-2.145,0.136,-3.168,0.361l-12.07,-19.709c-0.621,-1.01,-1.689,-1.663,-2.872,-1.754c-1.223,-0.094,-2.342,0.397,-3.103,1.302l-9.52,11.305c-1.317,1.563,-1.115,3.893,0.444,5.207c1.573,1.321,3.901,1.111,5.207,-0.444l6.221,-7.39l9.113,14.877c-3.059,2.709,-5.028,6.621,-5.028,11.02c0.0,2.704,0.783,5.207,2.055,7.39h-9.445c-0.006,0.0,-0.01,0.003,-0.016,0.003c-0.006,0.0,-0.01,-0.003,-0.016,-0.003H57.378c0.071,-2.182,-0.371,-6.339,-3.157,-13.452c-0.27,-0.69,-0.444,-1.744,-0.555,-3.019c0.286,-0.117,0.572,-0.238,0.83,-0.43C71.581,47.204,79.79,30.966,79.592,10.363c-0.018,-2.028,-1.67,-3.659,-3.695,-3.659c-0.011,0.0,-0.025,0.0,-0.036,0.0c-2.039,0.018,-3.677,1.689,-3.659,3.731c0.158,16.521,-5.947,29.837,-18.48,40.627c0.761,-12.77,3.565,-31.869,5.869,-44.73c0.238,-1.328,-0.263,-2.677,-1.31,-3.522c-1.046,-0.852,-2.472,-1.053,-3.717,-0.556c-0.541,0.22,-13.318,5.557,-23.32,22.317c-9.118,15.27,0.118,47.357,2.657,55.394c-0.038,0.214,-0.128,0.41,-0.128,0.636v9.237c0.0,7.13,5.813,12.932,12.957,12.932h35.109v18.475H48.011l-16.18,-8.512c-1.801,-0.949,-4.038,-0.26,-4.99,1.548c-0.952,1.808,-0.256,4.041,1.548,4.99l16.988,8.938c0.531,0.282,1.122,0.426,1.721,0.426h34.741v3.695v3.695H55.3c-1.028,0.0,-2.013,0.429,-2.714,1.187l-10.41,11.258c-1.386,1.498,-1.292,3.836,0.206,5.221c0.711,0.657,1.609,0.981,2.508,0.981c0.992,0.0,1.985,-0.401,2.714,-1.187l9.313,-10.071H81.84v3.695v7.39H55.3c-1.028,0.0,-2.013,0.429,-2.714,1.187l-10.41,11.258c-1.386,1.498,-1.292,3.836,0.206,5.221c0.711,0.657,1.609,0.981,2.508,0.981c0.992,0.0,1.985,-0.401,2.714,-1.187l9.313,-10.071H81.84v7.39v25.864c0.0,12.225,11.604,22.169,25.864,22.169c14.26,0.0,25.864,-9.944,25.864,-22.169v-33.222h24.364l9.313,10.075c0.729,0.787,1.721,1.187,2.714,1.187c0.899,0.0,1.797,-0.325,2.508,-0.981c1.498,-1.386,1.591,-3.724,0.206,-5.221l-10.41,-11.262c-0.7,-0.758,-1.682,-1.187,-2.714,-1.187h-25.98v-11.291h24.364l9.313,10.071c0.729,0.787,1.721,1.187,2.714,1.187c0.899,0.0,1.797,-0.325,2.508,-0.981c1.498,-1.386,1.591,-3.724,0.206,-5.221l-10.41,-11.258c-0.7,-0.758,-1.685,-1.187,-2.714,-1.187h-25.98v-7.217h36.978c0.599,0.0,1.191,-0.144,1.721,-0.426l16.988,-8.938C191.059,118.324,191.756,116.09,190.803,114.283zM178.651,28.36c6.545,10.963,0.576,36.75,-3.097,48.546h-9.307c-0.024,-0.214,-0.287,-3.254,2.654,-10.759c3.157,-8.072,-1.072,-37.606,-3.597,-53.039C169.187,16.088,174.224,20.945,178.651,28.36zM133.568,84.297h40.612v5.543c0.0,3.056,-2.497,5.542,-5.568,5.542h-35.044V84.297zM37.587,28.361c4.428,-7.419,9.465,-12.276,13.347,-15.256c-2.526,15.437,-6.755,44.97,-3.597,53.042c2.948,7.523,2.67,10.587,2.692,10.587c0.004,0.0,0.004,-0.004,0.004,-0.004c-0.016,0.059,0.002,0.117,-0.01,0.177h-9.34C37.011,65.111,31.042,39.324,37.587,28.361zM46.73,95.382c-3.071,0.0,-5.568,-2.486,-5.568,-5.542v-5.543h40.644v11.085H46.73zM107.704,62.127c4.074,0.0,7.39,3.316,7.39,7.39c0.0,4.074,-3.316,7.39,-7.39,7.39c-4.074,0.0,-7.39,-3.315,-7.39,-7.39C100.314,65.443,103.63,62.127,107.704,62.127zM126.178,195.144c0.001,8.152,-8.288,14.78,-18.474,14.78c-10.186,0.0,-18.475,-6.628,-18.475,-14.78v-25.864h36.949V195.144zM126.178,161.891H89.229v-7.39h36.949V161.891zM126.178,147.111H89.229v-7.39h36.949V147.111zM126.179,132.331h-36.95V84.297h36.917v14.78c0.0,0.057,0.03,0.105,0.033,0.161V132.331z"">
   </path>
  </g>
 </g>
</svg>


Question: What is the shape of the tail of the object in the image?",Square,Circular,Triangular,Rectangular,B,animal
295,"Examine the following SVG code carefully and answer the question based on your interpretation of the rendered image.

<svg id=""Layer_1"" style=""enable-background:new 0 0 215.325 215.325;"" version=""1.1"" viewbox=""0 0 215.325 215.325"" x=""0px"" xml:space=""preserve"" y=""0px"">
 <g>
  <g>
   <path d=""M190.803,114.283c-0.949,-1.808,-3.19,-2.497,-4.99,-1.548l-16.18,8.512h-36.065v-18.475h35.044c7.144,0.0,12.957,-5.802,12.957,-12.932v-7.731c0.051,-0.111,0.129,-0.201,0.17,-0.319c0.556,-1.627,13.502,-40.056,3.255,-57.217C174.992,7.812,162.215,2.476,161.674,2.256c-1.241,-0.498,-2.663,-0.296,-3.717,0.556c-1.046,0.844,-1.548,2.194,-1.31,3.522c2.273,12.684,5.024,31.419,5.829,44.183c-12.1,-10.691,-17.975,-23.842,-17.82,-40.08c0.018,-2.042,-1.62,-3.713,-3.659,-3.731c-0.014,0.0,-0.025,0.0,-0.036,0.0c-2.024,0.0,-3.677,1.631,-3.695,3.659c-0.198,20.604,8.011,36.841,25.096,49.643c0.075,0.056,0.164,0.076,0.243,0.126c-0.108,1.433,-0.296,2.575,-0.589,3.324c-2.784,7.115,-3.228,11.272,-3.159,13.452h-28.984h-0.033h-9.412c1.273,-2.183,2.055,-4.686,2.055,-7.39c0.0,-4.458,-2.023,-8.412,-5.153,-11.123l9.046,-14.774l6.224,7.39c1.306,1.551,3.641,1.761,5.207,0.444c1.559,-1.314,1.761,-3.644,0.444,-5.207l-9.526,-11.308c-0.765,-0.909,-1.927,-1.396,-3.103,-1.302c-1.183,0.09,-2.252,0.743,-2.872,1.754l-12.037,19.66c-0.973,-0.202,-1.979,-0.312,-3.011,-0.312c-1.09,0.0,-2.145,0.136,-3.168,0.361l-12.07,-19.709c-0.621,-1.01,-1.689,-1.663,-2.872,-1.754c-1.223,-0.094,-2.342,0.397,-3.103,1.302l-9.52,11.305c-1.317,1.563,-1.115,3.893,0.444,5.207c1.573,1.321,3.901,1.111,5.207,-0.444l6.221,-7.39l9.113,14.877c-3.059,2.709,-5.028,6.621,-5.028,11.02c0.0,2.704,0.783,5.207,2.055,7.39h-9.445c-0.006,0.0,-0.01,0.003,-0.016,0.003c-0.006,0.0,-0.01,-0.003,-0.016,-0.003H57.378c0.071,-2.182,-0.371,-6.339,-3.157,-13.452c-0.27,-0.69,-0.444,-1.744,-0.555,-3.019c0.286,-0.117,0.572,-0.238,0.83,-0.43C71.581,47.204,79.79,30.966,79.592,10.363c-0.018,-2.028,-1.67,-3.659,-3.695,-3.659c-0.011,0.0,-0.025,0.0,-0.036,0.0c-2.039,0.018,-3.677,1.689,-3.659,3.731c0.158,16.521,-5.947,29.837,-18.48,40.627c0.761,-12.77,3.565,-31.869,5.869,-44.73c0.238,-1.328,-0.263,-2.677,-1.31,-3.522c-1.046,-0.852,-2.472,-1.053,-3.717,-0.556c-0.541,0.22,-13.318,5.557,-23.32,22.317c-9.118,15.27,0.118,47.357,2.657,55.394c-0.038,0.214,-0.128,0.41,-0.128,0.636v9.237c0.0,7.13,5.813,12.932,12.957,12.932h35.109v18.475H48.011l-16.18,-8.512c-1.801,-0.949,-4.038,-0.26,-4.99,1.548c-0.952,1.808,-0.256,4.041,1.548,4.99l16.988,8.938c0.531,0.282,1.122,0.426,1.721,0.426h34.741v3.695v3.695H55.3c-1.028,0.0,-2.013,0.429,-2.714,1.187l-10.41,11.258c-1.386,1.498,-1.292,3.836,0.206,5.221c0.711,0.657,1.609,0.981,2.508,0.981c0.992,0.0,1.985,-0.401,2.714,-1.187l9.313,-10.071H81.84v3.695v7.39H55.3c-1.028,0.0,-2.013,0.429,-2.714,1.187l-10.41,11.258c-1.386,1.498,-1.292,3.836,0.206,5.221c0.711,0.657,1.609,0.981,2.508,0.981c0.992,0.0,1.985,-0.401,2.714,-1.187l9.313,-10.071H81.84v7.39v25.864c0.0,12.225,11.604,22.169,25.864,22.169c14.26,0.0,25.864,-9.944,25.864,-22.169v-33.222h24.364l9.313,10.075c0.729,0.787,1.721,1.187,2.714,1.187c0.899,0.0,1.797,-0.325,2.508,-0.981c1.498,-1.386,1.591,-3.724,0.206,-5.221l-10.41,-11.262c-0.7,-0.758,-1.682,-1.187,-2.714,-1.187h-25.98v-11.291h24.364l9.313,10.071c0.729,0.787,1.721,1.187,2.714,1.187c0.899,0.0,1.797,-0.325,2.508,-0.981c1.498,-1.386,1.591,-3.724,0.206,-5.221l-10.41,-11.258c-0.7,-0.758,-1.685,-1.187,-2.714,-1.187h-25.98v-7.217h36.978c0.599,0.0,1.191,-0.144,1.721,-0.426l16.988,-8.938C191.059,118.324,191.756,116.09,190.803,114.283zM178.651,28.36c6.545,10.963,0.576,36.75,-3.097,48.546h-9.307c-0.024,-0.214,-0.287,-3.254,2.654,-10.759c3.157,-8.072,-1.072,-37.606,-3.597,-53.039C169.187,16.088,174.224,20.945,178.651,28.36zM133.568,84.297h40.612v5.543c0.0,3.056,-2.497,5.542,-5.568,5.542h-35.044V84.297zM37.587,28.361c4.428,-7.419,9.465,-12.276,13.347,-15.256c-2.526,15.437,-6.755,44.97,-3.597,53.042c2.948,7.523,2.67,10.587,2.692,10.587c0.004,0.0,0.004,-0.004,0.004,-0.004c-0.016,0.059,0.002,0.117,-0.01,0.177h-9.34C37.011,65.111,31.042,39.324,37.587,28.361zM46.73,95.382c-3.071,0.0,-5.568,-2.486,-5.568,-5.542v-5.543h40.644v11.085H46.73zM107.704,62.127c4.074,0.0,7.39,3.316,7.39,7.39c0.0,4.074,-3.316,7.39,-7.39,7.39c-4.074,0.0,-7.39,-3.315,-7.39,-7.39C100.314,65.443,103.63,62.127,107.704,62.127zM126.178,195.144c0.001,8.152,-8.288,14.78,-18.474,14.78c-10.186,0.0,-18.475,-6.628,-18.475,-14.78v-25.864h36.949V195.144zM126.178,161.891H89.229v-7.39h36.949V161.891zM126.178,147.111H89.229v-7.39h36.949V147.111zM126.179,132.331h-36.95V84.297h36.917v14.78c0.0,0.057,0.03,0.105,0.033,0.161V132.331z"">
   </path>
  </g>
 </g>
</svg>


Question: What type of animal is represented in the image?",Crab,Lobster,Spider,Scorpion,B,animal
308,"Examine the following SVG code carefully and answer the question based on your interpretation of the rendered image.

<svg id=""Layer_1"" style=""enable-background:new 0 0 512.005 512.005;"" version=""1.1"" viewbox=""0 0 512.005 512.005"" x=""0px"" xml:space=""preserve"" y=""0px"">
 <g>
  <g>
   <path d=""M357.598,139.196c-0.88,-0.663,-1.767,-1.318,-2.659,-1.967c-4.767,-3.46,-11.437,-2.405,-14.899,2.364c-3.461,4.766,-2.402,11.437,2.364,14.898c0.789,0.573,1.575,1.153,2.353,1.74c1.923,1.45,4.177,2.15,6.413,2.15c3.234,0.0,6.43,-1.466,8.526,-4.246C363.24,149.431,362.302,142.742,357.598,139.196z"">
   </path>
  </g>
 </g>
 <g>
  <g>
   <path d=""M303.567,317.821c-5.89,0.0,-10.667,4.776,-10.667,10.667v5.74c0.0,6.346,-5.168,11.509,-11.52,11.509c-3.073,0.0,-5.964,-1.198,-8.138,-3.373c-2.01,-2.01,-3.172,-4.632,-3.339,-7.444c11.049,-6.19,26.889,-17.407,26.889,-30.857c0.0,-17.442,-16.511,-31.104,-37.589,-31.104s-37.589,13.663,-37.589,31.104c0.0,13.449,15.839,24.666,26.887,30.856c-0.36,6.023,-5.362,10.818,-11.474,10.818c-3.081,0.0,-5.974,-1.198,-8.148,-3.373c-2.174,-2.174,-3.372,-5.063,-3.372,-8.136v-3.243c0.0,-5.89,-4.776,-10.667,-10.667,-10.667s-10.667,4.776,-10.667,10.667v3.243c0.0,8.771,3.417,17.017,9.619,23.221c6.203,6.205,14.455,9.621,23.234,9.621c8.535,0.0,16.32,-3.276,22.166,-8.632c6.071,5.576,13.892,8.632,22.185,8.632c18.115,0.0,32.853,-14.734,32.853,-32.842v-5.74C314.234,322.597,309.458,317.821,303.567,317.821zM242.973,303.602c0.439,-4.489,7.237,-9.311,16.233,-9.311c8.996,0.0,15.793,4.822,16.233,9.311c-1.346,2.853,-8.476,8.398,-16.241,12.822C251.442,312.013,244.322,306.47,242.973,303.602z"">
   </path>
  </g>
 </g>
 <g>
  <g>
   <path d=""M214.843,229.928c-5.89,0.0,-10.667,4.776,-10.667,10.667c0.0,5.023,-4.086,9.109,-9.109,9.109c-5.018,0.0,-9.099,-4.086,-9.099,-9.109c0.0,-5.89,-4.776,-10.667,-10.667,-10.667s-10.667,4.776,-10.667,10.667c0.0,16.786,13.652,30.442,30.432,30.442c16.787,0.0,30.442,-13.655,30.442,-30.442C225.51,234.705,220.733,229.928,214.843,229.928z"">
   </path>
  </g>
 </g>
 <g>
  <g>
   <path d=""M343.108,229.928c-5.89,0.0,-10.667,4.776,-10.667,10.667c0.0,5.023,-4.081,9.109,-9.099,9.109c-5.023,0.0,-9.109,-4.086,-9.109,-9.109c0.0,-5.89,-4.776,-10.667,-10.667,-10.667s-10.667,4.776,-10.667,10.667c0.0,16.786,13.656,30.442,30.442,30.442c16.781,0.0,30.432,-13.655,30.432,-30.442C353.775,234.705,348.998,229.928,343.108,229.928z"">
   </path>
  </g>
 </g>
 <g>
  <g>
   <path d=""M514.009,353.814c-17.376,-33.57,-45.723,-56.036,-82.337,-65.443c0.163,-2.725,0.257,-5.473,0.257,-8.235c0.0,-41.09,-17.76,-83.985,-48.728,-117.687c-3.985,-4.338,-10.734,-4.624,-15.071,-0.638c-4.338,3.985,-4.624,10.734,-0.638,15.071c27.393,29.812,43.102,67.446,43.102,103.254c0.0,1.455,-0.034,2.903,-0.087,4.346c-35.011,-4.048,-63.791,3.611,-65.126,3.975c-5.683,1.548,-9.037,7.41,-7.489,13.094c1.548,5.683,7.404,9.037,13.094,7.489c0.284,-0.078,25.853,-6.884,56.651,-3.412c-0.999,4.143,-2.243,8.184,-3.744,12.099c-22.522,-3.875,-43.72,-2.13,-58.216,0.233c-5.814,0.948,-9.759,6.43,-8.813,12.244c0.948,5.815,6.424,9.765,12.244,8.813c9.381,-1.531,26.008,-3.352,44.193,-1.259c-24.495,35.481,-73.343,56.266,-134.1,56.266c-60.759,0.0,-109.607,-20.786,-134.1,-56.266c18.184,-2.095,34.812,-0.271,44.193,1.259c5.827,0.945,11.297,-2.998,12.244,-8.813c0.947,-5.813,-2.998,-11.296,-8.813,-12.244c-14.498,-2.364,-35.697,-4.108,-58.216,-0.233c-1.5,-3.912,-2.743,-7.953,-3.743,-12.094c30.652,-3.429,56.381,3.334,56.666,3.411c5.679,1.542,11.533,-1.812,13.079,-7.492c1.548,-5.684,-1.805,-11.547,-7.489,-13.094c-1.334,-0.365,-30.116,-8.022,-65.126,-3.975c-0.053,-1.442,-0.087,-2.89,-0.087,-4.344c0.0,-71.104,66.131,-153.758,151.39,-153.758c21.102,0.0,41.813,5.022,61.559,14.927c5.264,2.641,11.675,0.514,14.317,-4.752c2.642,-5.266,0.513,-11.675,-4.752,-14.317c-22.74,-11.407,-46.67,-17.191,-71.124,-17.191c-45.102,0.0,-88.556,19.76,-122.356,55.641c-32.009,33.979,-50.368,77.518,-50.368,119.45c0.0,2.762,0.094,5.509,0.256,8.235c-36.615,9.409,-64.961,31.874,-82.337,65.443c-2.708,5.231,-0.662,11.667,4.57,14.376c1.568,0.812,3.243,1.196,4.895,1.196c3.858,0.0,7.584,-2.102,9.482,-5.765c14.328,-27.682,36.655,-45.804,66.451,-54.002c1.059,4.56,2.37,9.023,3.932,13.375c-31.86,10.954,-55.181,33.726,-67.832,66.484c-2.123,5.495,0.611,11.67,6.108,13.793c1.264,0.489,2.562,0.72,3.841,0.72c4.28,0.0,8.318,-2.595,9.952,-6.827c10.706,-27.719,29.87,-46.09,57.024,-54.719c26.83,45.822,84.466,72.913,156.385,72.913c71.917,0.0,129.553,-27.09,156.385,-72.914c27.152,8.627,46.317,26.998,57.023,54.719c1.634,4.232,5.671,6.827,9.952,6.827c1.278,0.0,2.577,-0.231,3.841,-0.72c5.495,-2.122,8.23,-8.296,6.108,-13.793c-12.652,-32.759,-35.974,-55.532,-67.831,-66.485c1.562,-4.351,2.872,-8.814,3.931,-13.374c29.795,8.196,52.121,26.32,66.451,54.002c1.896,3.665,5.622,5.765,9.482,5.765c1.652,0.0,3.327,-0.384,4.895,-1.196C514.671,365.481,516.717,359.045,514.009,353.814z"">
   </path>
  </g>
 </g>
</svg>


Question: What shape is the nose of the object?",Square,Triangle,Circle,Heart,D,animal
309,"Examine the following SVG code carefully and answer the question based on your interpretation of the rendered image.

<svg id=""Layer_1"" style=""enable-background:new 0 0 512.005 512.005;"" version=""1.1"" viewbox=""0 0 512.005 512.005"" x=""0px"" xml:space=""preserve"" y=""0px"">
 <g>
  <g>
   <path d=""M357.598,139.196c-0.88,-0.663,-1.767,-1.318,-2.659,-1.967c-4.767,-3.46,-11.437,-2.405,-14.899,2.364c-3.461,4.766,-2.402,11.437,2.364,14.898c0.789,0.573,1.575,1.153,2.353,1.74c1.923,1.45,4.177,2.15,6.413,2.15c3.234,0.0,6.43,-1.466,8.526,-4.246C363.24,149.431,362.302,142.742,357.598,139.196z"">
   </path>
  </g>
 </g>
 <g>
  <g>
   <path d=""M303.567,317.821c-5.89,0.0,-10.667,4.776,-10.667,10.667v5.74c0.0,6.346,-5.168,11.509,-11.52,11.509c-3.073,0.0,-5.964,-1.198,-8.138,-3.373c-2.01,-2.01,-3.172,-4.632,-3.339,-7.444c11.049,-6.19,26.889,-17.407,26.889,-30.857c0.0,-17.442,-16.511,-31.104,-37.589,-31.104s-37.589,13.663,-37.589,31.104c0.0,13.449,15.839,24.666,26.887,30.856c-0.36,6.023,-5.362,10.818,-11.474,10.818c-3.081,0.0,-5.974,-1.198,-8.148,-3.373c-2.174,-2.174,-3.372,-5.063,-3.372,-8.136v-3.243c0.0,-5.89,-4.776,-10.667,-10.667,-10.667s-10.667,4.776,-10.667,10.667v3.243c0.0,8.771,3.417,17.017,9.619,23.221c6.203,6.205,14.455,9.621,23.234,9.621c8.535,0.0,16.32,-3.276,22.166,-8.632c6.071,5.576,13.892,8.632,22.185,8.632c18.115,0.0,32.853,-14.734,32.853,-32.842v-5.74C314.234,322.597,309.458,317.821,303.567,317.821zM242.973,303.602c0.439,-4.489,7.237,-9.311,16.233,-9.311c8.996,0.0,15.793,4.822,16.233,9.311c-1.346,2.853,-8.476,8.398,-16.241,12.822C251.442,312.013,244.322,306.47,242.973,303.602z"">
   </path>
  </g>
 </g>
 <g>
  <g>
   <path d=""M214.843,229.928c-5.89,0.0,-10.667,4.776,-10.667,10.667c0.0,5.023,-4.086,9.109,-9.109,9.109c-5.018,0.0,-9.099,-4.086,-9.099,-9.109c0.0,-5.89,-4.776,-10.667,-10.667,-10.667s-10.667,4.776,-10.667,10.667c0.0,16.786,13.652,30.442,30.432,30.442c16.787,0.0,30.442,-13.655,30.442,-30.442C225.51,234.705,220.733,229.928,214.843,229.928z"">
   </path>
  </g>
 </g>
 <g>
  <g>
   <path d=""M343.108,229.928c-5.89,0.0,-10.667,4.776,-10.667,10.667c0.0,5.023,-4.081,9.109,-9.099,9.109c-5.023,0.0,-9.109,-4.086,-9.109,-9.109c0.0,-5.89,-4.776,-10.667,-10.667,-10.667s-10.667,4.776,-10.667,10.667c0.0,16.786,13.656,30.442,30.442,30.442c16.781,0.0,30.432,-13.655,30.432,-30.442C353.775,234.705,348.998,229.928,343.108,229.928z"">
   </path>
  </g>
 </g>
 <g>
  <g>
   <path d=""M514.009,353.814c-17.376,-33.57,-45.723,-56.036,-82.337,-65.443c0.163,-2.725,0.257,-5.473,0.257,-8.235c0.0,-41.09,-17.76,-83.985,-48.728,-117.687c-3.985,-4.338,-10.734,-4.624,-15.071,-0.638c-4.338,3.985,-4.624,10.734,-0.638,15.071c27.393,29.812,43.102,67.446,43.102,103.254c0.0,1.455,-0.034,2.903,-0.087,4.346c-35.011,-4.048,-63.791,3.611,-65.126,3.975c-5.683,1.548,-9.037,7.41,-7.489,13.094c1.548,5.683,7.404,9.037,13.094,7.489c0.284,-0.078,25.853,-6.884,56.651,-3.412c-0.999,4.143,-2.243,8.184,-3.744,12.099c-22.522,-3.875,-43.72,-2.13,-58.216,0.233c-5.814,0.948,-9.759,6.43,-8.813,12.244c0.948,5.815,6.424,9.765,12.244,8.813c9.381,-1.531,26.008,-3.352,44.193,-1.259c-24.495,35.481,-73.343,56.266,-134.1,56.266c-60.759,0.0,-109.607,-20.786,-134.1,-56.266c18.184,-2.095,34.812,-0.271,44.193,1.259c5.827,0.945,11.297,-2.998,12.244,-8.813c0.947,-5.813,-2.998,-11.296,-8.813,-12.244c-14.498,-2.364,-35.697,-4.108,-58.216,-0.233c-1.5,-3.912,-2.743,-7.953,-3.743,-12.094c30.652,-3.429,56.381,3.334,56.666,3.411c5.679,1.542,11.533,-1.812,13.079,-7.492c1.548,-5.684,-1.805,-11.547,-7.489,-13.094c-1.334,-0.365,-30.116,-8.022,-65.126,-3.975c-0.053,-1.442,-0.087,-2.89,-0.087,-4.344c0.0,-71.104,66.131,-153.758,151.39,-153.758c21.102,0.0,41.813,5.022,61.559,14.927c5.264,2.641,11.675,0.514,14.317,-4.752c2.642,-5.266,0.513,-11.675,-4.752,-14.317c-22.74,-11.407,-46.67,-17.191,-71.124,-17.191c-45.102,0.0,-88.556,19.76,-122.356,55.641c-32.009,33.979,-50.368,77.518,-50.368,119.45c0.0,2.762,0.094,5.509,0.256,8.235c-36.615,9.409,-64.961,31.874,-82.337,65.443c-2.708,5.231,-0.662,11.667,4.57,14.376c1.568,0.812,3.243,1.196,4.895,1.196c3.858,0.0,7.584,-2.102,9.482,-5.765c14.328,-27.682,36.655,-45.804,66.451,-54.002c1.059,4.56,2.37,9.023,3.932,13.375c-31.86,10.954,-55.181,33.726,-67.832,66.484c-2.123,5.495,0.611,11.67,6.108,13.793c1.264,0.489,2.562,0.72,3.841,0.72c4.28,0.0,8.318,-2.595,9.952,-6.827c10.706,-27.719,29.87,-46.09,57.024,-54.719c26.83,45.822,84.466,72.913,156.385,72.913c71.917,0.0,129.553,-27.09,156.385,-72.914c27.152,8.627,46.317,26.998,57.023,54.719c1.634,4.232,5.671,6.827,9.952,6.827c1.278,0.0,2.577,-0.231,3.841,-0.72c5.495,-2.122,8.23,-8.296,6.108,-13.793c-12.652,-32.759,-35.974,-55.532,-67.831,-66.485c1.562,-4.351,2.872,-8.814,3.931,-13.374c29.795,8.196,52.121,26.32,66.451,54.002c1.896,3.665,5.622,5.765,9.482,5.765c1.652,0.0,3.327,-0.384,4.895,-1.196C514.671,365.481,516.717,359.045,514.009,353.814z"">
   </path>
  </g>
 </g>
</svg>


Question: How many whiskers are on each side of the object’s face?",One,Two,Three,Four,C,animal
310,"Examine the following SVG code carefully and answer the question based on your interpretation of the rendered image.

<svg id=""Layer_1"" style=""enable-background:new 0 0 512.005 512.005;"" version=""1.1"" viewbox=""0 0 512.005 512.005"" x=""0px"" xml:space=""preserve"" y=""0px"">
 <g>
  <g>
   <path d=""M357.598,139.196c-0.88,-0.663,-1.767,-1.318,-2.659,-1.967c-4.767,-3.46,-11.437,-2.405,-14.899,2.364c-3.461,4.766,-2.402,11.437,2.364,14.898c0.789,0.573,1.575,1.153,2.353,1.74c1.923,1.45,4.177,2.15,6.413,2.15c3.234,0.0,6.43,-1.466,8.526,-4.246C363.24,149.431,362.302,142.742,357.598,139.196z"">
   </path>
  </g>
 </g>
 <g>
  <g>
   <path d=""M303.567,317.821c-5.89,0.0,-10.667,4.776,-10.667,10.667v5.74c0.0,6.346,-5.168,11.509,-11.52,11.509c-3.073,0.0,-5.964,-1.198,-8.138,-3.373c-2.01,-2.01,-3.172,-4.632,-3.339,-7.444c11.049,-6.19,26.889,-17.407,26.889,-30.857c0.0,-17.442,-16.511,-31.104,-37.589,-31.104s-37.589,13.663,-37.589,31.104c0.0,13.449,15.839,24.666,26.887,30.856c-0.36,6.023,-5.362,10.818,-11.474,10.818c-3.081,0.0,-5.974,-1.198,-8.148,-3.373c-2.174,-2.174,-3.372,-5.063,-3.372,-8.136v-3.243c0.0,-5.89,-4.776,-10.667,-10.667,-10.667s-10.667,4.776,-10.667,10.667v3.243c0.0,8.771,3.417,17.017,9.619,23.221c6.203,6.205,14.455,9.621,23.234,9.621c8.535,0.0,16.32,-3.276,22.166,-8.632c6.071,5.576,13.892,8.632,22.185,8.632c18.115,0.0,32.853,-14.734,32.853,-32.842v-5.74C314.234,322.597,309.458,317.821,303.567,317.821zM242.973,303.602c0.439,-4.489,7.237,-9.311,16.233,-9.311c8.996,0.0,15.793,4.822,16.233,9.311c-1.346,2.853,-8.476,8.398,-16.241,12.822C251.442,312.013,244.322,306.47,242.973,303.602z"">
   </path>
  </g>
 </g>
 <g>
  <g>
   <path d=""M214.843,229.928c-5.89,0.0,-10.667,4.776,-10.667,10.667c0.0,5.023,-4.086,9.109,-9.109,9.109c-5.018,0.0,-9.099,-4.086,-9.099,-9.109c0.0,-5.89,-4.776,-10.667,-10.667,-10.667s-10.667,4.776,-10.667,10.667c0.0,16.786,13.652,30.442,30.432,30.442c16.787,0.0,30.442,-13.655,30.442,-30.442C225.51,234.705,220.733,229.928,214.843,229.928z"">
   </path>
  </g>
 </g>
 <g>
  <g>
   <path d=""M343.108,229.928c-5.89,0.0,-10.667,4.776,-10.667,10.667c0.0,5.023,-4.081,9.109,-9.099,9.109c-5.023,0.0,-9.109,-4.086,-9.109,-9.109c0.0,-5.89,-4.776,-10.667,-10.667,-10.667s-10.667,4.776,-10.667,10.667c0.0,16.786,13.656,30.442,30.442,30.442c16.781,0.0,30.432,-13.655,30.432,-30.442C353.775,234.705,348.998,229.928,343.108,229.928z"">
   </path>
  </g>
 </g>
 <g>
  <g>
   <path d=""M514.009,353.814c-17.376,-33.57,-45.723,-56.036,-82.337,-65.443c0.163,-2.725,0.257,-5.473,0.257,-8.235c0.0,-41.09,-17.76,-83.985,-48.728,-117.687c-3.985,-4.338,-10.734,-4.624,-15.071,-0.638c-4.338,3.985,-4.624,10.734,-0.638,15.071c27.393,29.812,43.102,67.446,43.102,103.254c0.0,1.455,-0.034,2.903,-0.087,4.346c-35.011,-4.048,-63.791,3.611,-65.126,3.975c-5.683,1.548,-9.037,7.41,-7.489,13.094c1.548,5.683,7.404,9.037,13.094,7.489c0.284,-0.078,25.853,-6.884,56.651,-3.412c-0.999,4.143,-2.243,8.184,-3.744,12.099c-22.522,-3.875,-43.72,-2.13,-58.216,0.233c-5.814,0.948,-9.759,6.43,-8.813,12.244c0.948,5.815,6.424,9.765,12.244,8.813c9.381,-1.531,26.008,-3.352,44.193,-1.259c-24.495,35.481,-73.343,56.266,-134.1,56.266c-60.759,0.0,-109.607,-20.786,-134.1,-56.266c18.184,-2.095,34.812,-0.271,44.193,1.259c5.827,0.945,11.297,-2.998,12.244,-8.813c0.947,-5.813,-2.998,-11.296,-8.813,-12.244c-14.498,-2.364,-35.697,-4.108,-58.216,-0.233c-1.5,-3.912,-2.743,-7.953,-3.743,-12.094c30.652,-3.429,56.381,3.334,56.666,3.411c5.679,1.542,11.533,-1.812,13.079,-7.492c1.548,-5.684,-1.805,-11.547,-7.489,-13.094c-1.334,-0.365,-30.116,-8.022,-65.126,-3.975c-0.053,-1.442,-0.087,-2.89,-0.087,-4.344c0.0,-71.104,66.131,-153.758,151.39,-153.758c21.102,0.0,41.813,5.022,61.559,14.927c5.264,2.641,11.675,0.514,14.317,-4.752c2.642,-5.266,0.513,-11.675,-4.752,-14.317c-22.74,-11.407,-46.67,-17.191,-71.124,-17.191c-45.102,0.0,-88.556,19.76,-122.356,55.641c-32.009,33.979,-50.368,77.518,-50.368,119.45c0.0,2.762,0.094,5.509,0.256,8.235c-36.615,9.409,-64.961,31.874,-82.337,65.443c-2.708,5.231,-0.662,11.667,4.57,14.376c1.568,0.812,3.243,1.196,4.895,1.196c3.858,0.0,7.584,-2.102,9.482,-5.765c14.328,-27.682,36.655,-45.804,66.451,-54.002c1.059,4.56,2.37,9.023,3.932,13.375c-31.86,10.954,-55.181,33.726,-67.832,66.484c-2.123,5.495,0.611,11.67,6.108,13.793c1.264,0.489,2.562,0.72,3.841,0.72c4.28,0.0,8.318,-2.595,9.952,-6.827c10.706,-27.719,29.87,-46.09,57.024,-54.719c26.83,45.822,84.466,72.913,156.385,72.913c71.917,0.0,129.553,-27.09,156.385,-72.914c27.152,8.627,46.317,26.998,57.023,54.719c1.634,4.232,5.671,6.827,9.952,6.827c1.278,0.0,2.577,-0.231,3.841,-0.72c5.495,-2.122,8.23,-8.296,6.108,-13.793c-12.652,-32.759,-35.974,-55.532,-67.831,-66.485c1.562,-4.351,2.872,-8.814,3.931,-13.374c29.795,8.196,52.121,26.32,66.451,54.002c1.896,3.665,5.622,5.765,9.482,5.765c1.652,0.0,3.327,-0.384,4.895,-1.196C514.671,365.481,516.717,359.045,514.009,353.814z"">
   </path>
  </g>
 </g>
</svg>


Question: What is the expression of the object?",Sad,Angry,Happy,Surprised,C,animal
311,"Examine the following SVG code carefully and answer the question based on your interpretation of the rendered image.

<svg id=""Layer_1"" style=""enable-background:new 0 0 512.005 512.005;"" version=""1.1"" viewbox=""0 0 512.005 512.005"" x=""0px"" xml:space=""preserve"" y=""0px"">
 <g>
  <g>
   <path d=""M357.598,139.196c-0.88,-0.663,-1.767,-1.318,-2.659,-1.967c-4.767,-3.46,-11.437,-2.405,-14.899,2.364c-3.461,4.766,-2.402,11.437,2.364,14.898c0.789,0.573,1.575,1.153,2.353,1.74c1.923,1.45,4.177,2.15,6.413,2.15c3.234,0.0,6.43,-1.466,8.526,-4.246C363.24,149.431,362.302,142.742,357.598,139.196z"">
   </path>
  </g>
 </g>
 <g>
  <g>
   <path d=""M303.567,317.821c-5.89,0.0,-10.667,4.776,-10.667,10.667v5.74c0.0,6.346,-5.168,11.509,-11.52,11.509c-3.073,0.0,-5.964,-1.198,-8.138,-3.373c-2.01,-2.01,-3.172,-4.632,-3.339,-7.444c11.049,-6.19,26.889,-17.407,26.889,-30.857c0.0,-17.442,-16.511,-31.104,-37.589,-31.104s-37.589,13.663,-37.589,31.104c0.0,13.449,15.839,24.666,26.887,30.856c-0.36,6.023,-5.362,10.818,-11.474,10.818c-3.081,0.0,-5.974,-1.198,-8.148,-3.373c-2.174,-2.174,-3.372,-5.063,-3.372,-8.136v-3.243c0.0,-5.89,-4.776,-10.667,-10.667,-10.667s-10.667,4.776,-10.667,10.667v3.243c0.0,8.771,3.417,17.017,9.619,23.221c6.203,6.205,14.455,9.621,23.234,9.621c8.535,0.0,16.32,-3.276,22.166,-8.632c6.071,5.576,13.892,8.632,22.185,8.632c18.115,0.0,32.853,-14.734,32.853,-32.842v-5.74C314.234,322.597,309.458,317.821,303.567,317.821zM242.973,303.602c0.439,-4.489,7.237,-9.311,16.233,-9.311c8.996,0.0,15.793,4.822,16.233,9.311c-1.346,2.853,-8.476,8.398,-16.241,12.822C251.442,312.013,244.322,306.47,242.973,303.602z"">
   </path>
  </g>
 </g>
 <g>
  <g>
   <path d=""M214.843,229.928c-5.89,0.0,-10.667,4.776,-10.667,10.667c0.0,5.023,-4.086,9.109,-9.109,9.109c-5.018,0.0,-9.099,-4.086,-9.099,-9.109c0.0,-5.89,-4.776,-10.667,-10.667,-10.667s-10.667,4.776,-10.667,10.667c0.0,16.786,13.652,30.442,30.432,30.442c16.787,0.0,30.442,-13.655,30.442,-30.442C225.51,234.705,220.733,229.928,214.843,229.928z"">
   </path>
  </g>
 </g>
 <g>
  <g>
   <path d=""M343.108,229.928c-5.89,0.0,-10.667,4.776,-10.667,10.667c0.0,5.023,-4.081,9.109,-9.099,9.109c-5.023,0.0,-9.109,-4.086,-9.109,-9.109c0.0,-5.89,-4.776,-10.667,-10.667,-10.667s-10.667,4.776,-10.667,10.667c0.0,16.786,13.656,30.442,30.442,30.442c16.781,0.0,30.432,-13.655,30.432,-30.442C353.775,234.705,348.998,229.928,343.108,229.928z"">
   </path>
  </g>
 </g>
 <g>
  <g>
   <path d=""M514.009,353.814c-17.376,-33.57,-45.723,-56.036,-82.337,-65.443c0.163,-2.725,0.257,-5.473,0.257,-8.235c0.0,-41.09,-17.76,-83.985,-48.728,-117.687c-3.985,-4.338,-10.734,-4.624,-15.071,-0.638c-4.338,3.985,-4.624,10.734,-0.638,15.071c27.393,29.812,43.102,67.446,43.102,103.254c0.0,1.455,-0.034,2.903,-0.087,4.346c-35.011,-4.048,-63.791,3.611,-65.126,3.975c-5.683,1.548,-9.037,7.41,-7.489,13.094c1.548,5.683,7.404,9.037,13.094,7.489c0.284,-0.078,25.853,-6.884,56.651,-3.412c-0.999,4.143,-2.243,8.184,-3.744,12.099c-22.522,-3.875,-43.72,-2.13,-58.216,0.233c-5.814,0.948,-9.759,6.43,-8.813,12.244c0.948,5.815,6.424,9.765,12.244,8.813c9.381,-1.531,26.008,-3.352,44.193,-1.259c-24.495,35.481,-73.343,56.266,-134.1,56.266c-60.759,0.0,-109.607,-20.786,-134.1,-56.266c18.184,-2.095,34.812,-0.271,44.193,1.259c5.827,0.945,11.297,-2.998,12.244,-8.813c0.947,-5.813,-2.998,-11.296,-8.813,-12.244c-14.498,-2.364,-35.697,-4.108,-58.216,-0.233c-1.5,-3.912,-2.743,-7.953,-3.743,-12.094c30.652,-3.429,56.381,3.334,56.666,3.411c5.679,1.542,11.533,-1.812,13.079,-7.492c1.548,-5.684,-1.805,-11.547,-7.489,-13.094c-1.334,-0.365,-30.116,-8.022,-65.126,-3.975c-0.053,-1.442,-0.087,-2.89,-0.087,-4.344c0.0,-71.104,66.131,-153.758,151.39,-153.758c21.102,0.0,41.813,5.022,61.559,14.927c5.264,2.641,11.675,0.514,14.317,-4.752c2.642,-5.266,0.513,-11.675,-4.752,-14.317c-22.74,-11.407,-46.67,-17.191,-71.124,-17.191c-45.102,0.0,-88.556,19.76,-122.356,55.641c-32.009,33.979,-50.368,77.518,-50.368,119.45c0.0,2.762,0.094,5.509,0.256,8.235c-36.615,9.409,-64.961,31.874,-82.337,65.443c-2.708,5.231,-0.662,11.667,4.57,14.376c1.568,0.812,3.243,1.196,4.895,1.196c3.858,0.0,7.584,-2.102,9.482,-5.765c14.328,-27.682,36.655,-45.804,66.451,-54.002c1.059,4.56,2.37,9.023,3.932,13.375c-31.86,10.954,-55.181,33.726,-67.832,66.484c-2.123,5.495,0.611,11.67,6.108,13.793c1.264,0.489,2.562,0.72,3.841,0.72c4.28,0.0,8.318,-2.595,9.952,-6.827c10.706,-27.719,29.87,-46.09,57.024,-54.719c26.83,45.822,84.466,72.913,156.385,72.913c71.917,0.0,129.553,-27.09,156.385,-72.914c27.152,8.627,46.317,26.998,57.023,54.719c1.634,4.232,5.671,6.827,9.952,6.827c1.278,0.0,2.577,-0.231,3.841,-0.72c5.495,-2.122,8.23,-8.296,6.108,-13.793c-12.652,-32.759,-35.974,-55.532,-67.831,-66.485c1.562,-4.351,2.872,-8.814,3.931,-13.374c29.795,8.196,52.121,26.32,66.451,54.002c1.896,3.665,5.622,5.765,9.482,5.765c1.652,0.0,3.327,-0.384,4.895,-1.196C514.671,365.481,516.717,359.045,514.009,353.814z"">
   </path>
  </g>
 </g>
</svg>


Question: What animal does the object represent?",Dog,Cat,Seal,Rabbit,C,animal
324,"Examine the following SVG code carefully and answer the question based on your interpretation of the rendered image.

<svg id=""Layer_1"" style=""enable-background:new 0 0 512 512;"" version=""1.1"" viewbox=""0 0 512 512"" x=""0px"" xml:space=""preserve"" y=""0px"">
 <g>
  <path d=""M162.559,165.744H68.46c-9.024,0.0,-16.34,-7.316,-16.34,-16.34c0.0,-9.024,7.316,-16.34,16.34,-16.34h94.099c9.024,0.0,16.34,7.316,16.34,16.34C178.9,158.428,171.583,165.744,162.559,165.744z"" style=""fill:#DE5153;"">
  </path>
  <path d=""M142.828,92.016H20.762C11.738,92.016,4.422,84.7,4.422,75.676s7.316,-16.34,16.34,-16.34h122.065c9.024,0.0,16.34,7.316,16.34,16.34S151.852,92.016,142.828,92.016z"" style=""fill:#DE5153;"">
  </path>
 </g>
 <path d=""M315.852,460.475h-98.182c-9.024,0.0,-16.34,-7.316,-16.34,-16.34c0.0,-63.148,51.374,-114.522,114.522,-114.522c32.557,0.0,54.301,-33.635,41.29,-63.109c-13.959,-31.775,-45.506,-27.03,-66.857,-27.03c-90.318,0.0,-163.798,-73.48,-163.798,-163.798c0.0,-9.024,7.316,-16.34,16.34,-16.34H315.852c110.594,0.0,200.57,89.975,200.57,200.57S426.446,460.475,315.852,460.475z"" style=""fill:#FC5B5D;"">
 </path>
 <g>
  <path d=""M315.852,59.335v180.214c16.112,1.212,32.327,6.551,41.29,26.955c13.011,29.474,-8.733,63.109,-41.29,63.109v130.863C426.446,460.475,516.422,370.5,516.422,259.905S426.446,59.335,315.852,59.335z"" style=""fill:#DE5153;"">
  </path>
  <path d=""M332.192,459.807V326.534c-12.071,4.714,-16.153,1.878,-32.681,4.25v129.692C316.659,460.475,322.055,460.628,332.192,459.807z"" style=""fill:#DE5153;"">
  </path>
  <path d=""M299.512,59.335v180.138c16.997,0.0,22.996,-0.702,32.681,3.081V60.004c-5.391,-0.437,-10.839,-0.669,-16.34,-0.669L299.512,59.335z"" style=""fill:#DE5153;"">
  </path>
 </g>
 <g>
  <path d=""M332.192,326.534c-6.754,2.637,-11.008,2.911,-16.34,3.057v130.885c6.046,-0.038,10.373,-0.184,16.34,-0.668V326.534z"" style=""fill:#C74C4E;"">
  </path>
  <path d=""M332.192,60.004c-5.391,-0.437,-10.839,-0.669,-16.34,-0.669v180.141c6.18,0.173,10.617,0.842,16.34,3.077V60.004z"" style=""fill:#C74C4E;"">
  </path>
  <path d=""M357.142,266.504c1.385,3.137,2.379,6.397,3.003,9.742h155.608c0.859,-10.605,0.924,-21.283,0.0,-32.681H334.577C344.451,248.09,352.586,256.134,357.142,266.504z"" style=""fill:#C74C4E;"">
  </path>
 </g>
 <circle cx=""214.549"" cy=""149.406"" r=""21.616"" style=""fill:#555C5E;"">
 </circle>
</svg>


Question: What is the primary color of the object?",Blue,Green,Red,Yellow,C,animal
325,"Examine the following SVG code carefully and answer the question based on your interpretation of the rendered image.

<svg id=""Layer_1"" style=""enable-background:new 0 0 512 512;"" version=""1.1"" viewbox=""0 0 512 512"" x=""0px"" xml:space=""preserve"" y=""0px"">
 <g>
  <path d=""M162.559,165.744H68.46c-9.024,0.0,-16.34,-7.316,-16.34,-16.34c0.0,-9.024,7.316,-16.34,16.34,-16.34h94.099c9.024,0.0,16.34,7.316,16.34,16.34C178.9,158.428,171.583,165.744,162.559,165.744z"" style=""fill:#DE5153;"">
  </path>
  <path d=""M142.828,92.016H20.762C11.738,92.016,4.422,84.7,4.422,75.676s7.316,-16.34,16.34,-16.34h122.065c9.024,0.0,16.34,7.316,16.34,16.34S151.852,92.016,142.828,92.016z"" style=""fill:#DE5153;"">
  </path>
 </g>
 <path d=""M315.852,460.475h-98.182c-9.024,0.0,-16.34,-7.316,-16.34,-16.34c0.0,-63.148,51.374,-114.522,114.522,-114.522c32.557,0.0,54.301,-33.635,41.29,-63.109c-13.959,-31.775,-45.506,-27.03,-66.857,-27.03c-90.318,0.0,-163.798,-73.48,-163.798,-163.798c0.0,-9.024,7.316,-16.34,16.34,-16.34H315.852c110.594,0.0,200.57,89.975,200.57,200.57S426.446,460.475,315.852,460.475z"" style=""fill:#FC5B5D;"">
 </path>
 <g>
  <path d=""M315.852,59.335v180.214c16.112,1.212,32.327,6.551,41.29,26.955c13.011,29.474,-8.733,63.109,-41.29,63.109v130.863C426.446,460.475,516.422,370.5,516.422,259.905S426.446,59.335,315.852,59.335z"" style=""fill:#DE5153;"">
  </path>
  <path d=""M332.192,459.807V326.534c-12.071,4.714,-16.153,1.878,-32.681,4.25v129.692C316.659,460.475,322.055,460.628,332.192,459.807z"" style=""fill:#DE5153;"">
  </path>
  <path d=""M299.512,59.335v180.138c16.997,0.0,22.996,-0.702,32.681,3.081V60.004c-5.391,-0.437,-10.839,-0.669,-16.34,-0.669L299.512,59.335z"" style=""fill:#DE5153;"">
  </path>
 </g>
 <g>
  <path d=""M332.192,326.534c-6.754,2.637,-11.008,2.911,-16.34,3.057v130.885c6.046,-0.038,10.373,-0.184,16.34,-0.668V326.534z"" style=""fill:#C74C4E;"">
  </path>
  <path d=""M332.192,60.004c-5.391,-0.437,-10.839,-0.669,-16.34,-0.669v180.141c6.18,0.173,10.617,0.842,16.34,3.077V60.004z"" style=""fill:#C74C4E;"">
  </path>
  <path d=""M357.142,266.504c1.385,3.137,2.379,6.397,3.003,9.742h155.608c0.859,-10.605,0.924,-21.283,0.0,-32.681H334.577C344.451,248.09,352.586,256.134,357.142,266.504z"" style=""fill:#C74C4E;"">
  </path>
 </g>
 <circle cx=""214.549"" cy=""149.406"" r=""21.616"" style=""fill:#555C5E;"">
 </circle>
</svg>


Question: How many antennae does the object have?",One,Two,Three,Four,B,animal
326,"Examine the following SVG code carefully and answer the question based on your interpretation of the rendered image.

<svg id=""Layer_1"" style=""enable-background:new 0 0 512 512;"" version=""1.1"" viewbox=""0 0 512 512"" x=""0px"" xml:space=""preserve"" y=""0px"">
 <g>
  <path d=""M162.559,165.744H68.46c-9.024,0.0,-16.34,-7.316,-16.34,-16.34c0.0,-9.024,7.316,-16.34,16.34,-16.34h94.099c9.024,0.0,16.34,7.316,16.34,16.34C178.9,158.428,171.583,165.744,162.559,165.744z"" style=""fill:#DE5153;"">
  </path>
  <path d=""M142.828,92.016H20.762C11.738,92.016,4.422,84.7,4.422,75.676s7.316,-16.34,16.34,-16.34h122.065c9.024,0.0,16.34,7.316,16.34,16.34S151.852,92.016,142.828,92.016z"" style=""fill:#DE5153;"">
  </path>
 </g>
 <path d=""M315.852,460.475h-98.182c-9.024,0.0,-16.34,-7.316,-16.34,-16.34c0.0,-63.148,51.374,-114.522,114.522,-114.522c32.557,0.0,54.301,-33.635,41.29,-63.109c-13.959,-31.775,-45.506,-27.03,-66.857,-27.03c-90.318,0.0,-163.798,-73.48,-163.798,-163.798c0.0,-9.024,7.316,-16.34,16.34,-16.34H315.852c110.594,0.0,200.57,89.975,200.57,200.57S426.446,460.475,315.852,460.475z"" style=""fill:#FC5B5D;"">
 </path>
 <g>
  <path d=""M315.852,59.335v180.214c16.112,1.212,32.327,6.551,41.29,26.955c13.011,29.474,-8.733,63.109,-41.29,63.109v130.863C426.446,460.475,516.422,370.5,516.422,259.905S426.446,59.335,315.852,59.335z"" style=""fill:#DE5153;"">
  </path>
  <path d=""M332.192,459.807V326.534c-12.071,4.714,-16.153,1.878,-32.681,4.25v129.692C316.659,460.475,322.055,460.628,332.192,459.807z"" style=""fill:#DE5153;"">
  </path>
  <path d=""M299.512,59.335v180.138c16.997,0.0,22.996,-0.702,32.681,3.081V60.004c-5.391,-0.437,-10.839,-0.669,-16.34,-0.669L299.512,59.335z"" style=""fill:#DE5153;"">
  </path>
 </g>
 <g>
  <path d=""M332.192,326.534c-6.754,2.637,-11.008,2.911,-16.34,3.057v130.885c6.046,-0.038,10.373,-0.184,16.34,-0.668V326.534z"" style=""fill:#C74C4E;"">
  </path>
  <path d=""M332.192,60.004c-5.391,-0.437,-10.839,-0.669,-16.34,-0.669v180.141c6.18,0.173,10.617,0.842,16.34,3.077V60.004z"" style=""fill:#C74C4E;"">
  </path>
  <path d=""M357.142,266.504c1.385,3.137,2.379,6.397,3.003,9.742h155.608c0.859,-10.605,0.924,-21.283,0.0,-32.681H334.577C344.451,248.09,352.586,256.134,357.142,266.504z"" style=""fill:#C74C4E;"">
  </path>
 </g>
 <circle cx=""214.549"" cy=""149.406"" r=""21.616"" style=""fill:#555C5E;"">
 </circle>
</svg>


Question: What shape is the eye of the object?",Square,Triangle,Circle,Hexagon,C,animal
327,"Examine the following SVG code carefully and answer the question based on your interpretation of the rendered image.

<svg id=""Layer_1"" style=""enable-background:new 0 0 512 512;"" version=""1.1"" viewbox=""0 0 512 512"" x=""0px"" xml:space=""preserve"" y=""0px"">
 <g>
  <path d=""M162.559,165.744H68.46c-9.024,0.0,-16.34,-7.316,-16.34,-16.34c0.0,-9.024,7.316,-16.34,16.34,-16.34h94.099c9.024,0.0,16.34,7.316,16.34,16.34C178.9,158.428,171.583,165.744,162.559,165.744z"" style=""fill:#DE5153;"">
  </path>
  <path d=""M142.828,92.016H20.762C11.738,92.016,4.422,84.7,4.422,75.676s7.316,-16.34,16.34,-16.34h122.065c9.024,0.0,16.34,7.316,16.34,16.34S151.852,92.016,142.828,92.016z"" style=""fill:#DE5153;"">
  </path>
 </g>
 <path d=""M315.852,460.475h-98.182c-9.024,0.0,-16.34,-7.316,-16.34,-16.34c0.0,-63.148,51.374,-114.522,114.522,-114.522c32.557,0.0,54.301,-33.635,41.29,-63.109c-13.959,-31.775,-45.506,-27.03,-66.857,-27.03c-90.318,0.0,-163.798,-73.48,-163.798,-163.798c0.0,-9.024,7.316,-16.34,16.34,-16.34H315.852c110.594,0.0,200.57,89.975,200.57,200.57S426.446,460.475,315.852,460.475z"" style=""fill:#FC5B5D;"">
 </path>
 <g>
  <path d=""M315.852,59.335v180.214c16.112,1.212,32.327,6.551,41.29,26.955c13.011,29.474,-8.733,63.109,-41.29,63.109v130.863C426.446,460.475,516.422,370.5,516.422,259.905S426.446,59.335,315.852,59.335z"" style=""fill:#DE5153;"">
  </path>
  <path d=""M332.192,459.807V326.534c-12.071,4.714,-16.153,1.878,-32.681,4.25v129.692C316.659,460.475,322.055,460.628,332.192,459.807z"" style=""fill:#DE5153;"">
  </path>
  <path d=""M299.512,59.335v180.138c16.997,0.0,22.996,-0.702,32.681,3.081V60.004c-5.391,-0.437,-10.839,-0.669,-16.34,-0.669L299.512,59.335z"" style=""fill:#DE5153;"">
  </path>
 </g>
 <g>
  <path d=""M332.192,326.534c-6.754,2.637,-11.008,2.911,-16.34,3.057v130.885c6.046,-0.038,10.373,-0.184,16.34,-0.668V326.534z"" style=""fill:#C74C4E;"">
  </path>
  <path d=""M332.192,60.004c-5.391,-0.437,-10.839,-0.669,-16.34,-0.669v180.141c6.18,0.173,10.617,0.842,16.34,3.077V60.004z"" style=""fill:#C74C4E;"">
  </path>
  <path d=""M357.142,266.504c1.385,3.137,2.379,6.397,3.003,9.742h155.608c0.859,-10.605,0.924,-21.283,0.0,-32.681H334.577C344.451,248.09,352.586,256.134,357.142,266.504z"" style=""fill:#C74C4E;"">
  </path>
 </g>
 <circle cx=""214.549"" cy=""149.406"" r=""21.616"" style=""fill:#555C5E;"">
 </circle>
</svg>


Question: What type of object is depicted in the image?",Fish,Shrimp,Crab,Lobster,B,animal
348,"Examine the following SVG code carefully and answer the question based on your interpretation of the rendered image.

<svg id=""Layer_1"" style=""enable-background:new 0 0 505.918 505.918;"" version=""1.1"" viewbox=""0 0 505.918 505.918"" x=""0px"" xml:space=""preserve"" y=""0px"">
 <g>
  <polygon points=""433.021,312.129 495.421,188.929 464.221,70.529 433.021,74.529"" style=""fill:#493011;"">
  </polygon>
  <path d=""M36.221,321.729c-28.0,-12.8,-40.0,-45.6,-27.2,-73.6s45.6,-40.0,72.8,-27.2"" style=""fill:#493011;"">
  </path>
 </g>
 <path d=""M233.021,327.329h-143.2c-37.6,0.0,-68.0,-30.4,-68.0,-68.0l0.0,0.0c0.0,-37.6,30.4,-68.0,68.0,-68.0h71.2"" style=""fill:#EAAC0F;"">
 </path>
 <path d=""M185.021,327.329h-95.2c-37.6,0.0,-68.0,-30.4,-68.0,-68.0l0.0,0.0"" style=""fill:#FFD215;"">
 </path>
 <path d=""M434.621,191.329c0.0,80.0,-68.0,152.0,-152.0,152.0s-152.0,-72.0,-152.0,-152.0H434.621z"" style=""fill:#FFC114;"">
 </path>
 <path d=""M265.021,191.329v168.0c96.0,-0.8,169.6,-80.0,169.6,-168.0H265.021z"" style=""fill:#EAAC0F;"">
 </path>
 <path d=""M265.021,191.329v115.2c64.0,-0.8,116.8,-51.2,116.8,-115.2H265.021z"" style=""fill:#FFC114;"">
 </path>
 <g>
  <path d=""M265.021,191.329v71.2c40.0,0.0,73.6,-31.2,73.6,-71.2L265.021,191.329L265.021,191.329z"" style=""fill:#EAAC0F;"">
  </path>
  <polygon points=""321.021,305.729 337.821,299.329 354.621,305.729 340.221,404.929 337.821,425.729 321.021,451.329"" style=""fill:#EAAC0F;"">
  </polygon>
 </g>
 <polygon points=""321.021,288.129 344.221,294.529 368.221,300.129 355.421,384.929 333.021,402.529 321.021,384.929"" style=""fill:#FFC114;"">
 </polygon>
 <polygon points=""369.021,471.329 321.021,471.329 321.021,432.929 355.421,448.929"" style=""fill:#C16A02;"">
 </polygon>
 <circle cx=""362.621"" cy=""318.529"" r=""44.8"" style=""fill:#FFD215;"">
 </circle>
 <g>
  <path d=""M393.821,286.529c17.6,17.6,17.6,45.6,0.0,63.2s-45.6,17.6,-63.2,0.0"" style=""fill:#EAAC0F;"">
  </path>
  <polygon points=""33.021,305.729 52.221,299.329 70.621,305.729 57.021,404.929 52.221,425.729 33.021,451.329"" style=""fill:#EAAC0F;"">
  </polygon>
 </g>
 <polygon points=""33.021,288.129 58.621,294.529 84.221,300.129 72.221,384.929 47.421,402.529 33.021,384.929"" style=""fill:#FFC114;"">
 </polygon>
 <polygon points=""85.821,471.329 33.021,471.329 33.021,432.929 70.621,448.929"" style=""fill:#C16A02;"">
 </polygon>
 <circle cx=""80.221"" cy=""318.529"" r=""44.8"" style=""fill:#FFD215;"">
 </circle>
 <path d=""M111.421,286.529c17.6,17.6,17.6,45.6,0.0,63.2s-45.6,17.6,-63.2,0.0"" style=""fill:#EAAC0F;"">
 </path>
 <polygon points=""433.021,312.129 250.621,188.929 341.021,65.729 433.021,74.529"" style=""fill:#603D16;"">
 </polygon>
 <polygon points=""433.021,312.129 250.621,188.929 358.621,167.329 433.021,74.529"" style=""fill:#493011;"">
 </polygon>
 <polygon points=""479.421,144.129 397.821,137.729 423.421,109.729 467.421,114.529"" style=""fill:#EAAC0F;"">
 </polygon>
 <polygon points=""479.421,144.129 397.821,137.729 447.421,128.129 467.421,114.529"" style=""fill:#CE9006;"">
 </polygon>
 <polygon points=""397.021,137.729 423.421,229.729 509.821,184.929 504.221,140.929"" style=""fill:#EAAC0F;"">
 </polygon>
 <polygon points=""428.221,172.129 423.421,229.729 509.821,184.929 504.221,140.929"" style=""fill:#CE9006;"">
 </polygon>
 <polygon points=""502.621,143.329 476.221,143.329 496.221,160.129"" style=""fill:#603D16;"">
 </polygon>
 <polyline points=""502.621,143.329 486.621,143.329 496.221,160.129"" style=""fill:#493011;"">
 </polyline>
 <g>
  <polygon points=""387.421,118.529 402.621,98.529 381.821,92.929"" style=""fill:#EAAC0F;"">
  </polygon>
  <polygon points=""459.421,104.929 443.421,98.529 457.821,92.929"" style=""fill:#EAAC0F;"">
  </polygon>
 </g>
 <g>
  <circle cx=""163.421"" cy=""252.929"" r=""6.4"" style=""fill:#493011;"">
  </circle>
  <circle cx=""189.021"" cy=""252.929"" r=""6.4"" style=""fill:#493011;"">
  </circle>
  <circle cx=""215.421"" cy=""252.929"" r=""6.4"" style=""fill:#493011;"">
  </circle>
 </g>
 <path d=""M180.221,113.729c-28.0,0.0,-51.2,-23.2,-51.2,-51.2c0.0,-8.0,1.6,-15.2,4.8,-21.6c-17.6,8.0,-30.4,25.6,-30.4,46.4c0.0,28.0,23.2,51.2,51.2,51.2c20.8,0.0,38.4,-12.0,46.4,-30.4C194.621,112.129,187.421,113.729,180.221,113.729z"" style=""fill:#A1B7B6;"">
 </path>
</svg>


Question: What shape is prominently used in the mane of the object?",Circle,Triangle,Square,Hexagon,B,animal
349,"Examine the following SVG code carefully and answer the question based on your interpretation of the rendered image.

<svg id=""Layer_1"" style=""enable-background:new 0 0 505.918 505.918;"" version=""1.1"" viewbox=""0 0 505.918 505.918"" x=""0px"" xml:space=""preserve"" y=""0px"">
 <g>
  <polygon points=""433.021,312.129 495.421,188.929 464.221,70.529 433.021,74.529"" style=""fill:#493011;"">
  </polygon>
  <path d=""M36.221,321.729c-28.0,-12.8,-40.0,-45.6,-27.2,-73.6s45.6,-40.0,72.8,-27.2"" style=""fill:#493011;"">
  </path>
 </g>
 <path d=""M233.021,327.329h-143.2c-37.6,0.0,-68.0,-30.4,-68.0,-68.0l0.0,0.0c0.0,-37.6,30.4,-68.0,68.0,-68.0h71.2"" style=""fill:#EAAC0F;"">
 </path>
 <path d=""M185.021,327.329h-95.2c-37.6,0.0,-68.0,-30.4,-68.0,-68.0l0.0,0.0"" style=""fill:#FFD215;"">
 </path>
 <path d=""M434.621,191.329c0.0,80.0,-68.0,152.0,-152.0,152.0s-152.0,-72.0,-152.0,-152.0H434.621z"" style=""fill:#FFC114;"">
 </path>
 <path d=""M265.021,191.329v168.0c96.0,-0.8,169.6,-80.0,169.6,-168.0H265.021z"" style=""fill:#EAAC0F;"">
 </path>
 <path d=""M265.021,191.329v115.2c64.0,-0.8,116.8,-51.2,116.8,-115.2H265.021z"" style=""fill:#FFC114;"">
 </path>
 <g>
  <path d=""M265.021,191.329v71.2c40.0,0.0,73.6,-31.2,73.6,-71.2L265.021,191.329L265.021,191.329z"" style=""fill:#EAAC0F;"">
  </path>
  <polygon points=""321.021,305.729 337.821,299.329 354.621,305.729 340.221,404.929 337.821,425.729 321.021,451.329"" style=""fill:#EAAC0F;"">
  </polygon>
 </g>
 <polygon points=""321.021,288.129 344.221,294.529 368.221,300.129 355.421,384.929 333.021,402.529 321.021,384.929"" style=""fill:#FFC114;"">
 </polygon>
 <polygon points=""369.021,471.329 321.021,471.329 321.021,432.929 355.421,448.929"" style=""fill:#C16A02;"">
 </polygon>
 <circle cx=""362.621"" cy=""318.529"" r=""44.8"" style=""fill:#FFD215;"">
 </circle>
 <g>
  <path d=""M393.821,286.529c17.6,17.6,17.6,45.6,0.0,63.2s-45.6,17.6,-63.2,0.0"" style=""fill:#EAAC0F;"">
  </path>
  <polygon points=""33.021,305.729 52.221,299.329 70.621,305.729 57.021,404.929 52.221,425.729 33.021,451.329"" style=""fill:#EAAC0F;"">
  </polygon>
 </g>
 <polygon points=""33.021,288.129 58.621,294.529 84.221,300.129 72.221,384.929 47.421,402.529 33.021,384.929"" style=""fill:#FFC114;"">
 </polygon>
 <polygon points=""85.821,471.329 33.021,471.329 33.021,432.929 70.621,448.929"" style=""fill:#C16A02;"">
 </polygon>
 <circle cx=""80.221"" cy=""318.529"" r=""44.8"" style=""fill:#FFD215;"">
 </circle>
 <path d=""M111.421,286.529c17.6,17.6,17.6,45.6,0.0,63.2s-45.6,17.6,-63.2,0.0"" style=""fill:#EAAC0F;"">
 </path>
 <polygon points=""433.021,312.129 250.621,188.929 341.021,65.729 433.021,74.529"" style=""fill:#603D16;"">
 </polygon>
 <polygon points=""433.021,312.129 250.621,188.929 358.621,167.329 433.021,74.529"" style=""fill:#493011;"">
 </polygon>
 <polygon points=""479.421,144.129 397.821,137.729 423.421,109.729 467.421,114.529"" style=""fill:#EAAC0F;"">
 </polygon>
 <polygon points=""479.421,144.129 397.821,137.729 447.421,128.129 467.421,114.529"" style=""fill:#CE9006;"">
 </polygon>
 <polygon points=""397.021,137.729 423.421,229.729 509.821,184.929 504.221,140.929"" style=""fill:#EAAC0F;"">
 </polygon>
 <polygon points=""428.221,172.129 423.421,229.729 509.821,184.929 504.221,140.929"" style=""fill:#CE9006;"">
 </polygon>
 <polygon points=""502.621,143.329 476.221,143.329 496.221,160.129"" style=""fill:#603D16;"">
 </polygon>
 <polyline points=""502.621,143.329 486.621,143.329 496.221,160.129"" style=""fill:#493011;"">
 </polyline>
 <g>
  <polygon points=""387.421,118.529 402.621,98.529 381.821,92.929"" style=""fill:#EAAC0F;"">
  </polygon>
  <polygon points=""459.421,104.929 443.421,98.529 457.821,92.929"" style=""fill:#EAAC0F;"">
  </polygon>
 </g>
 <g>
  <circle cx=""163.421"" cy=""252.929"" r=""6.4"" style=""fill:#493011;"">
  </circle>
  <circle cx=""189.021"" cy=""252.929"" r=""6.4"" style=""fill:#493011;"">
  </circle>
  <circle cx=""215.421"" cy=""252.929"" r=""6.4"" style=""fill:#493011;"">
  </circle>
 </g>
 <path d=""M180.221,113.729c-28.0,0.0,-51.2,-23.2,-51.2,-51.2c0.0,-8.0,1.6,-15.2,4.8,-21.6c-17.6,8.0,-30.4,25.6,-30.4,46.4c0.0,28.0,23.2,51.2,51.2,51.2c20.8,0.0,38.4,-12.0,46.4,-30.4C194.621,112.129,187.421,113.729,180.221,113.729z"" style=""fill:#A1B7B6;"">
 </path>
</svg>


Question: What color is the body of the object?",Blue,Green,Yellow,Red,C,animal
350,"Examine the following SVG code carefully and answer the question based on your interpretation of the rendered image.

<svg id=""Layer_1"" style=""enable-background:new 0 0 505.918 505.918;"" version=""1.1"" viewbox=""0 0 505.918 505.918"" x=""0px"" xml:space=""preserve"" y=""0px"">
 <g>
  <polygon points=""433.021,312.129 495.421,188.929 464.221,70.529 433.021,74.529"" style=""fill:#493011;"">
  </polygon>
  <path d=""M36.221,321.729c-28.0,-12.8,-40.0,-45.6,-27.2,-73.6s45.6,-40.0,72.8,-27.2"" style=""fill:#493011;"">
  </path>
 </g>
 <path d=""M233.021,327.329h-143.2c-37.6,0.0,-68.0,-30.4,-68.0,-68.0l0.0,0.0c0.0,-37.6,30.4,-68.0,68.0,-68.0h71.2"" style=""fill:#EAAC0F;"">
 </path>
 <path d=""M185.021,327.329h-95.2c-37.6,0.0,-68.0,-30.4,-68.0,-68.0l0.0,0.0"" style=""fill:#FFD215;"">
 </path>
 <path d=""M434.621,191.329c0.0,80.0,-68.0,152.0,-152.0,152.0s-152.0,-72.0,-152.0,-152.0H434.621z"" style=""fill:#FFC114;"">
 </path>
 <path d=""M265.021,191.329v168.0c96.0,-0.8,169.6,-80.0,169.6,-168.0H265.021z"" style=""fill:#EAAC0F;"">
 </path>
 <path d=""M265.021,191.329v115.2c64.0,-0.8,116.8,-51.2,116.8,-115.2H265.021z"" style=""fill:#FFC114;"">
 </path>
 <g>
  <path d=""M265.021,191.329v71.2c40.0,0.0,73.6,-31.2,73.6,-71.2L265.021,191.329L265.021,191.329z"" style=""fill:#EAAC0F;"">
  </path>
  <polygon points=""321.021,305.729 337.821,299.329 354.621,305.729 340.221,404.929 337.821,425.729 321.021,451.329"" style=""fill:#EAAC0F;"">
  </polygon>
 </g>
 <polygon points=""321.021,288.129 344.221,294.529 368.221,300.129 355.421,384.929 333.021,402.529 321.021,384.929"" style=""fill:#FFC114;"">
 </polygon>
 <polygon points=""369.021,471.329 321.021,471.329 321.021,432.929 355.421,448.929"" style=""fill:#C16A02;"">
 </polygon>
 <circle cx=""362.621"" cy=""318.529"" r=""44.8"" style=""fill:#FFD215;"">
 </circle>
 <g>
  <path d=""M393.821,286.529c17.6,17.6,17.6,45.6,0.0,63.2s-45.6,17.6,-63.2,0.0"" style=""fill:#EAAC0F;"">
  </path>
  <polygon points=""33.021,305.729 52.221,299.329 70.621,305.729 57.021,404.929 52.221,425.729 33.021,451.329"" style=""fill:#EAAC0F;"">
  </polygon>
 </g>
 <polygon points=""33.021,288.129 58.621,294.529 84.221,300.129 72.221,384.929 47.421,402.529 33.021,384.929"" style=""fill:#FFC114;"">
 </polygon>
 <polygon points=""85.821,471.329 33.021,471.329 33.021,432.929 70.621,448.929"" style=""fill:#C16A02;"">
 </polygon>
 <circle cx=""80.221"" cy=""318.529"" r=""44.8"" style=""fill:#FFD215;"">
 </circle>
 <path d=""M111.421,286.529c17.6,17.6,17.6,45.6,0.0,63.2s-45.6,17.6,-63.2,0.0"" style=""fill:#EAAC0F;"">
 </path>
 <polygon points=""433.021,312.129 250.621,188.929 341.021,65.729 433.021,74.529"" style=""fill:#603D16;"">
 </polygon>
 <polygon points=""433.021,312.129 250.621,188.929 358.621,167.329 433.021,74.529"" style=""fill:#493011;"">
 </polygon>
 <polygon points=""479.421,144.129 397.821,137.729 423.421,109.729 467.421,114.529"" style=""fill:#EAAC0F;"">
 </polygon>
 <polygon points=""479.421,144.129 397.821,137.729 447.421,128.129 467.421,114.529"" style=""fill:#CE9006;"">
 </polygon>
 <polygon points=""397.021,137.729 423.421,229.729 509.821,184.929 504.221,140.929"" style=""fill:#EAAC0F;"">
 </polygon>
 <polygon points=""428.221,172.129 423.421,229.729 509.821,184.929 504.221,140.929"" style=""fill:#CE9006;"">
 </polygon>
 <polygon points=""502.621,143.329 476.221,143.329 496.221,160.129"" style=""fill:#603D16;"">
 </polygon>
 <polyline points=""502.621,143.329 486.621,143.329 496.221,160.129"" style=""fill:#493011;"">
 </polyline>
 <g>
  <polygon points=""387.421,118.529 402.621,98.529 381.821,92.929"" style=""fill:#EAAC0F;"">
  </polygon>
  <polygon points=""459.421,104.929 443.421,98.529 457.821,92.929"" style=""fill:#EAAC0F;"">
  </polygon>
 </g>
 <g>
  <circle cx=""163.421"" cy=""252.929"" r=""6.4"" style=""fill:#493011;"">
  </circle>
  <circle cx=""189.021"" cy=""252.929"" r=""6.4"" style=""fill:#493011;"">
  </circle>
  <circle cx=""215.421"" cy=""252.929"" r=""6.4"" style=""fill:#493011;"">
  </circle>
 </g>
 <path d=""M180.221,113.729c-28.0,0.0,-51.2,-23.2,-51.2,-51.2c0.0,-8.0,1.6,-15.2,4.8,-21.6c-17.6,8.0,-30.4,25.6,-30.4,46.4c0.0,28.0,23.2,51.2,51.2,51.2c20.8,0.0,38.4,-12.0,46.4,-30.4C194.621,112.129,187.421,113.729,180.221,113.729z"" style=""fill:#A1B7B6;"">
 </path>
</svg>


Question: How many legs does the object have?",Two,Four,Six,Eight,B,animal
351,"Examine the following SVG code carefully and answer the question based on your interpretation of the rendered image.

<svg id=""Layer_1"" style=""enable-background:new 0 0 505.918 505.918;"" version=""1.1"" viewbox=""0 0 505.918 505.918"" x=""0px"" xml:space=""preserve"" y=""0px"">
 <g>
  <polygon points=""433.021,312.129 495.421,188.929 464.221,70.529 433.021,74.529"" style=""fill:#493011;"">
  </polygon>
  <path d=""M36.221,321.729c-28.0,-12.8,-40.0,-45.6,-27.2,-73.6s45.6,-40.0,72.8,-27.2"" style=""fill:#493011;"">
  </path>
 </g>
 <path d=""M233.021,327.329h-143.2c-37.6,0.0,-68.0,-30.4,-68.0,-68.0l0.0,0.0c0.0,-37.6,30.4,-68.0,68.0,-68.0h71.2"" style=""fill:#EAAC0F;"">
 </path>
 <path d=""M185.021,327.329h-95.2c-37.6,0.0,-68.0,-30.4,-68.0,-68.0l0.0,0.0"" style=""fill:#FFD215;"">
 </path>
 <path d=""M434.621,191.329c0.0,80.0,-68.0,152.0,-152.0,152.0s-152.0,-72.0,-152.0,-152.0H434.621z"" style=""fill:#FFC114;"">
 </path>
 <path d=""M265.021,191.329v168.0c96.0,-0.8,169.6,-80.0,169.6,-168.0H265.021z"" style=""fill:#EAAC0F;"">
 </path>
 <path d=""M265.021,191.329v115.2c64.0,-0.8,116.8,-51.2,116.8,-115.2H265.021z"" style=""fill:#FFC114;"">
 </path>
 <g>
  <path d=""M265.021,191.329v71.2c40.0,0.0,73.6,-31.2,73.6,-71.2L265.021,191.329L265.021,191.329z"" style=""fill:#EAAC0F;"">
  </path>
  <polygon points=""321.021,305.729 337.821,299.329 354.621,305.729 340.221,404.929 337.821,425.729 321.021,451.329"" style=""fill:#EAAC0F;"">
  </polygon>
 </g>
 <polygon points=""321.021,288.129 344.221,294.529 368.221,300.129 355.421,384.929 333.021,402.529 321.021,384.929"" style=""fill:#FFC114;"">
 </polygon>
 <polygon points=""369.021,471.329 321.021,471.329 321.021,432.929 355.421,448.929"" style=""fill:#C16A02;"">
 </polygon>
 <circle cx=""362.621"" cy=""318.529"" r=""44.8"" style=""fill:#FFD215;"">
 </circle>
 <g>
  <path d=""M393.821,286.529c17.6,17.6,17.6,45.6,0.0,63.2s-45.6,17.6,-63.2,0.0"" style=""fill:#EAAC0F;"">
  </path>
  <polygon points=""33.021,305.729 52.221,299.329 70.621,305.729 57.021,404.929 52.221,425.729 33.021,451.329"" style=""fill:#EAAC0F;"">
  </polygon>
 </g>
 <polygon points=""33.021,288.129 58.621,294.529 84.221,300.129 72.221,384.929 47.421,402.529 33.021,384.929"" style=""fill:#FFC114;"">
 </polygon>
 <polygon points=""85.821,471.329 33.021,471.329 33.021,432.929 70.621,448.929"" style=""fill:#C16A02;"">
 </polygon>
 <circle cx=""80.221"" cy=""318.529"" r=""44.8"" style=""fill:#FFD215;"">
 </circle>
 <path d=""M111.421,286.529c17.6,17.6,17.6,45.6,0.0,63.2s-45.6,17.6,-63.2,0.0"" style=""fill:#EAAC0F;"">
 </path>
 <polygon points=""433.021,312.129 250.621,188.929 341.021,65.729 433.021,74.529"" style=""fill:#603D16;"">
 </polygon>
 <polygon points=""433.021,312.129 250.621,188.929 358.621,167.329 433.021,74.529"" style=""fill:#493011;"">
 </polygon>
 <polygon points=""479.421,144.129 397.821,137.729 423.421,109.729 467.421,114.529"" style=""fill:#EAAC0F;"">
 </polygon>
 <polygon points=""479.421,144.129 397.821,137.729 447.421,128.129 467.421,114.529"" style=""fill:#CE9006;"">
 </polygon>
 <polygon points=""397.021,137.729 423.421,229.729 509.821,184.929 504.221,140.929"" style=""fill:#EAAC0F;"">
 </polygon>
 <polygon points=""428.221,172.129 423.421,229.729 509.821,184.929 504.221,140.929"" style=""fill:#CE9006;"">
 </polygon>
 <polygon points=""502.621,143.329 476.221,143.329 496.221,160.129"" style=""fill:#603D16;"">
 </polygon>
 <polyline points=""502.621,143.329 486.621,143.329 496.221,160.129"" style=""fill:#493011;"">
 </polyline>
 <g>
  <polygon points=""387.421,118.529 402.621,98.529 381.821,92.929"" style=""fill:#EAAC0F;"">
  </polygon>
  <polygon points=""459.421,104.929 443.421,98.529 457.821,92.929"" style=""fill:#EAAC0F;"">
  </polygon>
 </g>
 <g>
  <circle cx=""163.421"" cy=""252.929"" r=""6.4"" style=""fill:#493011;"">
  </circle>
  <circle cx=""189.021"" cy=""252.929"" r=""6.4"" style=""fill:#493011;"">
  </circle>
  <circle cx=""215.421"" cy=""252.929"" r=""6.4"" style=""fill:#493011;"">
  </circle>
 </g>
 <path d=""M180.221,113.729c-28.0,0.0,-51.2,-23.2,-51.2,-51.2c0.0,-8.0,1.6,-15.2,4.8,-21.6c-17.6,8.0,-30.4,25.6,-30.4,46.4c0.0,28.0,23.2,51.2,51.2,51.2c20.8,0.0,38.4,-12.0,46.4,-30.4C194.621,112.129,187.421,113.729,180.221,113.729z"" style=""fill:#A1B7B6;"">
 </path>
</svg>


Question: What animal does the object represent?",Lion,Elephant,Tiger,Bear,A,animal
372,"Examine the following SVG code carefully and answer the question based on your interpretation of the rendered image.

<svg id=""Layer_1"" style=""enable-background:new 0 0 408.333 408.333;"" version=""1.1"" viewbox=""0 0 408.333 408.333"" x=""0px"" xml:space=""preserve"" y=""0px"">
 <g id=""XMLID_230_"">
  <g>
   <path d=""M314.269,167.994c41.82,-8.912,73.109,-49.495,73.109,-84.871c0.0,-70.0,-40.0,-80.0,-40.0,-80.0c0.0,71.666,-19.216,85.621,-20.0,86.666V33.123c-50.0,10.0,-50.0,96.666,-50.0,116.667c0.0,7.415,-5.414,13.575,-12.494,14.773c-5.775,-44.153,-20.583,-71.803,-33.729,-88.309c5.77,-6.311,12.488,-17.252,15.099,-35.229c6.586,-3.272,11.124,-10.049,11.124,-17.902c0.0,-11.045,-8.955,-20.0,-20.0,-20.0c-11.046,0.0,-20.0,8.955,-20.0,20.0c0.0,6.912,3.506,13.003,8.837,16.596c-1.916,11.42,-5.84,18.233,-8.98,22.042c-5.889,-4.981,-9.856,-6.971,-9.856,-6.971s-3.968,1.99,-9.856,6.971c-3.141,-3.809,-7.064,-10.622,-8.98,-22.042c5.33,-3.593,8.837,-9.685,8.837,-16.596c0.0,-11.045,-8.955,-20.0,-20.0,-20.0c-11.046,0.0,-20.0,8.955,-20.0,20.0c0.0,7.854,4.537,14.63,11.124,17.902c2.61,17.977,9.329,28.917,15.099,35.229c-13.146,16.506,-27.953,44.156,-33.729,88.309c-7.08,-1.198,-12.494,-7.358,-12.494,-14.773c0.0,-20.0,0.0,-106.667,-50.0,-116.667v56.666c-0.784,-1.045,-20.0,-15.0,-20.0,-86.666c0.0,0.0,-40.0,10.0,-40.0,80.0c0.0,35.377,31.289,75.96,73.109,84.871c7.002,19.898,25.135,34.588,46.893,36.558c0.0,0.08,-0.002,0.157,-0.002,0.237v15.0h-21.0c-13.785,0.0,-25.0,-11.215,-25.0,-25.0h-20.0c0.0,24.813,20.187,45.0,45.0,45.0h21.0v15.0h-21.0c-24.813,0.0,-45.0,20.187,-45.0,45.0h20.0c0.0,-13.785,11.215,-25.0,25.0,-25.0h21.0c0.0,8.095,3.213,15.436,8.425,20.833c-5.212,5.397,-8.425,12.737,-8.425,20.833c0.0,10.41,5.304,19.578,13.355,24.958L137.379,388.123c0.0,0.0,19.213,23.333,70.0,23.333c50.787,0.0,70.0,-23.333,70.0,-23.333l-23.354,-46.709c8.051,-5.38,13.354,-14.548,13.354,-24.958c0.0,-8.096,-3.213,-15.436,-8.425,-20.833c5.212,-5.397,8.425,-12.738,8.425,-20.833h21.0c13.785,0.0,25.0,11.215,25.0,25.0h20.0c0.0,-24.813,-20.186,-45.0,-45.0,-45.0h-21.0v-15.0h21.0c24.814,0.0,45.0,-20.187,45.0,-45.0h-20.0c0.0,13.785,-11.215,25.0,-25.0,25.0h-21.0v-15.0c0.0,-0.08,-0.002,-0.158,-0.002,-0.237C289.136,202.582,307.267,187.893,314.269,167.994z"">
   </path>
  </g>
 </g>
</svg>


Question: What is the shape of the object’s claws?",Crescent,Triangular,Circular,Square,A,animal
373,"Examine the following SVG code carefully and answer the question based on your interpretation of the rendered image.

<svg id=""Layer_1"" style=""enable-background:new 0 0 408.333 408.333;"" version=""1.1"" viewbox=""0 0 408.333 408.333"" x=""0px"" xml:space=""preserve"" y=""0px"">
 <g id=""XMLID_230_"">
  <g>
   <path d=""M314.269,167.994c41.82,-8.912,73.109,-49.495,73.109,-84.871c0.0,-70.0,-40.0,-80.0,-40.0,-80.0c0.0,71.666,-19.216,85.621,-20.0,86.666V33.123c-50.0,10.0,-50.0,96.666,-50.0,116.667c0.0,7.415,-5.414,13.575,-12.494,14.773c-5.775,-44.153,-20.583,-71.803,-33.729,-88.309c5.77,-6.311,12.488,-17.252,15.099,-35.229c6.586,-3.272,11.124,-10.049,11.124,-17.902c0.0,-11.045,-8.955,-20.0,-20.0,-20.0c-11.046,0.0,-20.0,8.955,-20.0,20.0c0.0,6.912,3.506,13.003,8.837,16.596c-1.916,11.42,-5.84,18.233,-8.98,22.042c-5.889,-4.981,-9.856,-6.971,-9.856,-6.971s-3.968,1.99,-9.856,6.971c-3.141,-3.809,-7.064,-10.622,-8.98,-22.042c5.33,-3.593,8.837,-9.685,8.837,-16.596c0.0,-11.045,-8.955,-20.0,-20.0,-20.0c-11.046,0.0,-20.0,8.955,-20.0,20.0c0.0,7.854,4.537,14.63,11.124,17.902c2.61,17.977,9.329,28.917,15.099,35.229c-13.146,16.506,-27.953,44.156,-33.729,88.309c-7.08,-1.198,-12.494,-7.358,-12.494,-14.773c0.0,-20.0,0.0,-106.667,-50.0,-116.667v56.666c-0.784,-1.045,-20.0,-15.0,-20.0,-86.666c0.0,0.0,-40.0,10.0,-40.0,80.0c0.0,35.377,31.289,75.96,73.109,84.871c7.002,19.898,25.135,34.588,46.893,36.558c0.0,0.08,-0.002,0.157,-0.002,0.237v15.0h-21.0c-13.785,0.0,-25.0,-11.215,-25.0,-25.0h-20.0c0.0,24.813,20.187,45.0,45.0,45.0h21.0v15.0h-21.0c-24.813,0.0,-45.0,20.187,-45.0,45.0h20.0c0.0,-13.785,11.215,-25.0,25.0,-25.0h21.0c0.0,8.095,3.213,15.436,8.425,20.833c-5.212,5.397,-8.425,12.737,-8.425,20.833c0.0,10.41,5.304,19.578,13.355,24.958L137.379,388.123c0.0,0.0,19.213,23.333,70.0,23.333c50.787,0.0,70.0,-23.333,70.0,-23.333l-23.354,-46.709c8.051,-5.38,13.354,-14.548,13.354,-24.958c0.0,-8.096,-3.213,-15.436,-8.425,-20.833c5.212,-5.397,8.425,-12.738,8.425,-20.833h21.0c13.785,0.0,25.0,11.215,25.0,25.0h20.0c0.0,-24.813,-20.186,-45.0,-45.0,-45.0h-21.0v-15.0h21.0c24.814,0.0,45.0,-20.187,45.0,-45.0h-20.0c0.0,13.785,-11.215,25.0,-25.0,25.0h-21.0v-15.0c0.0,-0.08,-0.002,-0.158,-0.002,-0.237C289.136,202.582,307.267,187.893,314.269,167.994z"">
   </path>
  </g>
 </g>
</svg>


Question: How many legs does the object have?",4,6,8,10,D,animal
374,"Examine the following SVG code carefully and answer the question based on your interpretation of the rendered image.

<svg id=""Layer_1"" style=""enable-background:new 0 0 408.333 408.333;"" version=""1.1"" viewbox=""0 0 408.333 408.333"" x=""0px"" xml:space=""preserve"" y=""0px"">
 <g id=""XMLID_230_"">
  <g>
   <path d=""M314.269,167.994c41.82,-8.912,73.109,-49.495,73.109,-84.871c0.0,-70.0,-40.0,-80.0,-40.0,-80.0c0.0,71.666,-19.216,85.621,-20.0,86.666V33.123c-50.0,10.0,-50.0,96.666,-50.0,116.667c0.0,7.415,-5.414,13.575,-12.494,14.773c-5.775,-44.153,-20.583,-71.803,-33.729,-88.309c5.77,-6.311,12.488,-17.252,15.099,-35.229c6.586,-3.272,11.124,-10.049,11.124,-17.902c0.0,-11.045,-8.955,-20.0,-20.0,-20.0c-11.046,0.0,-20.0,8.955,-20.0,20.0c0.0,6.912,3.506,13.003,8.837,16.596c-1.916,11.42,-5.84,18.233,-8.98,22.042c-5.889,-4.981,-9.856,-6.971,-9.856,-6.971s-3.968,1.99,-9.856,6.971c-3.141,-3.809,-7.064,-10.622,-8.98,-22.042c5.33,-3.593,8.837,-9.685,8.837,-16.596c0.0,-11.045,-8.955,-20.0,-20.0,-20.0c-11.046,0.0,-20.0,8.955,-20.0,20.0c0.0,7.854,4.537,14.63,11.124,17.902c2.61,17.977,9.329,28.917,15.099,35.229c-13.146,16.506,-27.953,44.156,-33.729,88.309c-7.08,-1.198,-12.494,-7.358,-12.494,-14.773c0.0,-20.0,0.0,-106.667,-50.0,-116.667v56.666c-0.784,-1.045,-20.0,-15.0,-20.0,-86.666c0.0,0.0,-40.0,10.0,-40.0,80.0c0.0,35.377,31.289,75.96,73.109,84.871c7.002,19.898,25.135,34.588,46.893,36.558c0.0,0.08,-0.002,0.157,-0.002,0.237v15.0h-21.0c-13.785,0.0,-25.0,-11.215,-25.0,-25.0h-20.0c0.0,24.813,20.187,45.0,45.0,45.0h21.0v15.0h-21.0c-24.813,0.0,-45.0,20.187,-45.0,45.0h20.0c0.0,-13.785,11.215,-25.0,25.0,-25.0h21.0c0.0,8.095,3.213,15.436,8.425,20.833c-5.212,5.397,-8.425,12.737,-8.425,20.833c0.0,10.41,5.304,19.578,13.355,24.958L137.379,388.123c0.0,0.0,19.213,23.333,70.0,23.333c50.787,0.0,70.0,-23.333,70.0,-23.333l-23.354,-46.709c8.051,-5.38,13.354,-14.548,13.354,-24.958c0.0,-8.096,-3.213,-15.436,-8.425,-20.833c5.212,-5.397,8.425,-12.738,8.425,-20.833h21.0c13.785,0.0,25.0,11.215,25.0,25.0h20.0c0.0,-24.813,-20.186,-45.0,-45.0,-45.0h-21.0v-15.0h21.0c24.814,0.0,45.0,-20.187,45.0,-45.0h-20.0c0.0,13.785,-11.215,25.0,-25.0,25.0h-21.0v-15.0c0.0,-0.08,-0.002,-0.158,-0.002,-0.237C289.136,202.582,307.267,187.893,314.269,167.994z"">
   </path>
  </g>
 </g>
</svg>


Question: What is the shape of the object’s tail?",Triangular,Square,Round,Hexagonal,A,animal
375,"Examine the following SVG code carefully and answer the question based on your interpretation of the rendered image.

<svg id=""Layer_1"" style=""enable-background:new 0 0 408.333 408.333;"" version=""1.1"" viewbox=""0 0 408.333 408.333"" x=""0px"" xml:space=""preserve"" y=""0px"">
 <g id=""XMLID_230_"">
  <g>
   <path d=""M314.269,167.994c41.82,-8.912,73.109,-49.495,73.109,-84.871c0.0,-70.0,-40.0,-80.0,-40.0,-80.0c0.0,71.666,-19.216,85.621,-20.0,86.666V33.123c-50.0,10.0,-50.0,96.666,-50.0,116.667c0.0,7.415,-5.414,13.575,-12.494,14.773c-5.775,-44.153,-20.583,-71.803,-33.729,-88.309c5.77,-6.311,12.488,-17.252,15.099,-35.229c6.586,-3.272,11.124,-10.049,11.124,-17.902c0.0,-11.045,-8.955,-20.0,-20.0,-20.0c-11.046,0.0,-20.0,8.955,-20.0,20.0c0.0,6.912,3.506,13.003,8.837,16.596c-1.916,11.42,-5.84,18.233,-8.98,22.042c-5.889,-4.981,-9.856,-6.971,-9.856,-6.971s-3.968,1.99,-9.856,6.971c-3.141,-3.809,-7.064,-10.622,-8.98,-22.042c5.33,-3.593,8.837,-9.685,8.837,-16.596c0.0,-11.045,-8.955,-20.0,-20.0,-20.0c-11.046,0.0,-20.0,8.955,-20.0,20.0c0.0,7.854,4.537,14.63,11.124,17.902c2.61,17.977,9.329,28.917,15.099,35.229c-13.146,16.506,-27.953,44.156,-33.729,88.309c-7.08,-1.198,-12.494,-7.358,-12.494,-14.773c0.0,-20.0,0.0,-106.667,-50.0,-116.667v56.666c-0.784,-1.045,-20.0,-15.0,-20.0,-86.666c0.0,0.0,-40.0,10.0,-40.0,80.0c0.0,35.377,31.289,75.96,73.109,84.871c7.002,19.898,25.135,34.588,46.893,36.558c0.0,0.08,-0.002,0.157,-0.002,0.237v15.0h-21.0c-13.785,0.0,-25.0,-11.215,-25.0,-25.0h-20.0c0.0,24.813,20.187,45.0,45.0,45.0h21.0v15.0h-21.0c-24.813,0.0,-45.0,20.187,-45.0,45.0h20.0c0.0,-13.785,11.215,-25.0,25.0,-25.0h21.0c0.0,8.095,3.213,15.436,8.425,20.833c-5.212,5.397,-8.425,12.737,-8.425,20.833c0.0,10.41,5.304,19.578,13.355,24.958L137.379,388.123c0.0,0.0,19.213,23.333,70.0,23.333c50.787,0.0,70.0,-23.333,70.0,-23.333l-23.354,-46.709c8.051,-5.38,13.354,-14.548,13.354,-24.958c0.0,-8.096,-3.213,-15.436,-8.425,-20.833c5.212,-5.397,8.425,-12.738,8.425,-20.833h21.0c13.785,0.0,25.0,11.215,25.0,25.0h20.0c0.0,-24.813,-20.186,-45.0,-45.0,-45.0h-21.0v-15.0h21.0c24.814,0.0,45.0,-20.187,45.0,-45.0h-20.0c0.0,13.785,-11.215,25.0,-25.0,25.0h-21.0v-15.0c0.0,-0.08,-0.002,-0.158,-0.002,-0.237C289.136,202.582,307.267,187.893,314.269,167.994z"">
   </path>
  </g>
 </g>
</svg>


Question: What type of animal is represented by the object?",Crab,Lobster,Shrimp,Fish,B,animal
36,"Examine the following SVG code carefully and answer the question based on your interpretation of the rendered image.

<svg id=""Capa_1"" style=""enable-background:new 0 0 226.696 226.696;"" version=""1.1"" viewbox=""0 0 226.696 226.696"" x=""0px"" xml:space=""preserve"" y=""0px"">
 <g>
  <path d=""M199.026,25.832h-16.475V9.344c0.0,-2.205,-0.97,-4.297,-2.652,-5.723c-1.682,-1.425,-3.908,-2.038,-6.08,-1.675L29.834,25.934c-3.617,0.603,-6.268,3.731,-6.268,7.398v187.708c0.0,4.142,3.358,7.5,7.5,7.5h167.959c4.143,0.0,7.5,-3.358,7.5,-7.5V33.332C206.526,29.19,203.168,25.832,199.026,25.832zM38.567,39.686l128.984,-21.489v172.513L38.567,212.188V39.686zM191.526,213.54h-69.757l54.514,-9.078c3.617,-0.602,6.269,-3.731,6.269,-7.398V40.832h8.975V213.54z"">
  </path>
  <path d=""M140.652,51.847l-77.484,12.0c-4.093,0.634,-6.897,4.466,-6.264,8.559c0.574,3.705,3.767,6.353,7.402,6.353c0.381,0.0,0.769,-0.029,1.157,-0.089l77.483,-12.0c4.094,-0.634,6.898,-4.466,6.265,-8.56C148.577,54.018,144.746,51.213,140.652,51.847z"">
  </path>
 </g>
</svg>


Question: What shape is the object in the image?",Circle,Triangle,Hexagon,Parallelogramm,D,book
37,"Examine the following SVG code carefully and answer the question based on your interpretation of the rendered image.

<svg id=""Capa_1"" style=""enable-background:new 0 0 226.696 226.696;"" version=""1.1"" viewbox=""0 0 226.696 226.696"" x=""0px"" xml:space=""preserve"" y=""0px"">
 <g>
  <path d=""M199.026,25.832h-16.475V9.344c0.0,-2.205,-0.97,-4.297,-2.652,-5.723c-1.682,-1.425,-3.908,-2.038,-6.08,-1.675L29.834,25.934c-3.617,0.603,-6.268,3.731,-6.268,7.398v187.708c0.0,4.142,3.358,7.5,7.5,7.5h167.959c4.143,0.0,7.5,-3.358,7.5,-7.5V33.332C206.526,29.19,203.168,25.832,199.026,25.832zM38.567,39.686l128.984,-21.489v172.513L38.567,212.188V39.686zM191.526,213.54h-69.757l54.514,-9.078c3.617,-0.602,6.269,-3.731,6.269,-7.398V40.832h8.975V213.54z"">
  </path>
  <path d=""M140.652,51.847l-77.484,12.0c-4.093,0.634,-6.897,4.466,-6.264,8.559c0.574,3.705,3.767,6.353,7.402,6.353c0.381,0.0,0.769,-0.029,1.157,-0.089l77.483,-12.0c4.094,-0.634,6.898,-4.466,6.265,-8.56C148.577,54.018,144.746,51.213,140.652,51.847z"">
  </path>
 </g>
</svg>


Question: What is the orientation of the handle on the object?",Vertical,Horizontal,Diagonal,Circular,A,book
38,"Examine the following SVG code carefully and answer the question based on your interpretation of the rendered image.

<svg id=""Capa_1"" style=""enable-background:new 0 0 226.696 226.696;"" version=""1.1"" viewbox=""0 0 226.696 226.696"" x=""0px"" xml:space=""preserve"" y=""0px"">
 <g>
  <path d=""M199.026,25.832h-16.475V9.344c0.0,-2.205,-0.97,-4.297,-2.652,-5.723c-1.682,-1.425,-3.908,-2.038,-6.08,-1.675L29.834,25.934c-3.617,0.603,-6.268,3.731,-6.268,7.398v187.708c0.0,4.142,3.358,7.5,7.5,7.5h167.959c4.143,0.0,7.5,-3.358,7.5,-7.5V33.332C206.526,29.19,203.168,25.832,199.026,25.832zM38.567,39.686l128.984,-21.489v172.513L38.567,212.188V39.686zM191.526,213.54h-69.757l54.514,-9.078c3.617,-0.602,6.269,-3.731,6.269,-7.398V40.832h8.975V213.54z"">
  </path>
  <path d=""M140.652,51.847l-77.484,12.0c-4.093,0.634,-6.897,4.466,-6.264,8.559c0.574,3.705,3.767,6.353,7.402,6.353c0.381,0.0,0.769,-0.029,1.157,-0.089l77.483,-12.0c4.094,-0.634,6.898,-4.466,6.265,-8.56C148.577,54.018,144.746,51.213,140.652,51.847z"">
  </path>
 </g>
</svg>


Question: How many sides does the object have?",4,3,5,6,A,book
39,"Examine the following SVG code carefully and answer the question based on your interpretation of the rendered image.

<svg id=""Capa_1"" style=""enable-background:new 0 0 226.696 226.696;"" version=""1.1"" viewbox=""0 0 226.696 226.696"" x=""0px"" xml:space=""preserve"" y=""0px"">
 <g>
  <path d=""M199.026,25.832h-16.475V9.344c0.0,-2.205,-0.97,-4.297,-2.652,-5.723c-1.682,-1.425,-3.908,-2.038,-6.08,-1.675L29.834,25.934c-3.617,0.603,-6.268,3.731,-6.268,7.398v187.708c0.0,4.142,3.358,7.5,7.5,7.5h167.959c4.143,0.0,7.5,-3.358,7.5,-7.5V33.332C206.526,29.19,203.168,25.832,199.026,25.832zM38.567,39.686l128.984,-21.489v172.513L38.567,212.188V39.686zM191.526,213.54h-69.757l54.514,-9.078c3.617,-0.602,6.269,-3.731,6.269,-7.398V40.832h8.975V213.54z"">
  </path>
  <path d=""M140.652,51.847l-77.484,12.0c-4.093,0.634,-6.897,4.466,-6.264,8.559c0.574,3.705,3.767,6.353,7.402,6.353c0.381,0.0,0.769,-0.029,1.157,-0.089l77.483,-12.0c4.094,-0.634,6.898,-4.466,6.265,-8.56C148.577,54.018,144.746,51.213,140.652,51.847z"">
  </path>
 </g>
</svg>


Question: What is the object in the image?",Window,Door,Book,Mirror,C,book
40,"Examine the following SVG code carefully and answer the question based on your interpretation of the rendered image.

<svg id=""Layer_1"" style=""enable-background:new 0 0 512 512;"" version=""1.1"" viewbox=""0 0 512 512"" x=""0px"" xml:space=""preserve"" y=""0px"">
 <g>
  <g>
   <path d=""M453.047,36.481h-18.519c-4.513,0.0,-8.17,3.657,-8.17,8.17s3.657,8.17,8.17,8.17h10.349V499.46c-50.588,0.0,-319.875,0.0,-370.383,-0.001V52.821h34.86v8.17c0.0,13.515,10.996,24.511,24.511,24.511c13.515,0.0,24.511,-10.996,24.511,-24.511v-8.17h34.86v8.17c0.0,13.515,10.996,24.511,24.511,24.511c13.515,0.0,24.511,-10.996,24.511,-24.511v-8.17h34.86v8.17c0.0,13.515,10.996,24.511,24.511,24.511s24.511,-10.996,24.511,-24.511v-8.17h34.86v8.17c0.0,13.515,10.996,24.511,24.511,24.511s24.511,-10.996,24.511,-24.511V28.311C410.017,14.796,399.021,3.8,385.506,3.8s-24.511,10.996,-24.511,24.511v8.17h-34.86v-8.17C326.136,14.796,315.14,3.8,301.625,3.8S277.115,14.796,277.115,28.311v8.17h-34.86v-8.17C242.255,14.796,231.259,3.8,217.745,3.8c-13.515,0.0,-24.511,10.996,-24.511,24.511v8.17h-34.86v-8.17C158.374,14.796,147.378,3.8,133.864,3.8c-13.515,0.0,-24.511,10.996,-24.511,24.511v8.17h-43.03c-4.513,0.0,-8.17,3.657,-8.17,8.17v462.978c0.0,2.167,0.861,4.244,2.392,5.778c2.393,2.392,3.724,2.392,10.121,2.392L453.047,515.8c4.513,0.0,8.17,-3.657,8.17,-8.17V44.651C461.217,40.138,457.56,36.481,453.047,36.481zM377.336,28.311c0.0,-4.506,3.665,-8.17,8.17,-8.17c4.506,0.0,8.17,3.665,8.17,8.17v32.681c0.0,4.506,-3.665,8.17,-8.17,8.17c-4.506,0.0,-8.17,-3.665,-8.17,-8.17V28.311zM293.455,28.311c0.0,-4.506,3.665,-8.17,8.17,-8.17c4.506,0.0,8.17,3.665,8.17,8.17v32.681c0.0,4.506,-3.665,8.17,-8.17,8.17c-4.506,0.0,-8.17,-3.665,-8.17,-8.17V28.311zM209.574,28.311c0.0,-4.506,3.665,-8.17,8.17,-8.17s8.17,3.665,8.17,8.17v32.681c0.0,4.506,-3.665,8.17,-8.17,8.17s-8.17,-3.665,-8.17,-8.17V28.311zM125.694,28.311c0.0,-4.506,3.665,-8.17,8.17,-8.17c4.506,0.0,8.17,3.665,8.17,8.17v32.681c0.0,4.506,-3.665,8.17,-8.17,8.17c-4.506,0.0,-8.17,-3.665,-8.17,-8.17V28.311z"">
   </path>
  </g>
 </g>
 <g>
  <g>
   <path d=""M366.442,306.098H152.928c-4.513,0.0,-8.17,3.657,-8.17,8.17s3.657,8.17,8.17,8.17h213.515c4.513,0.0,8.17,-3.657,8.17,-8.17S370.956,306.098,366.442,306.098z"">
   </path>
  </g>
 </g>
 <g>
  <g>
   <path d=""M366.442,262.523H152.928c-4.513,0.0,-8.17,3.657,-8.17,8.17s3.657,8.17,8.17,8.17h213.515c4.513,0.0,8.17,-3.657,8.17,-8.17S370.956,262.523,366.442,262.523z"">
   </path>
  </g>
 </g>
 <g>
  <g>
   <path d=""M366.442,218.949H152.928c-4.513,0.0,-8.17,3.657,-8.17,8.17s3.657,8.17,8.17,8.17h213.515c4.513,0.0,8.17,-3.657,8.17,-8.17S370.956,218.949,366.442,218.949z"">
   </path>
  </g>
 </g>
 <g>
  <g>
   <path d=""M366.442,349.672H152.928c-4.513,0.0,-8.17,3.657,-8.17,8.17s3.657,8.17,8.17,8.17h213.515c4.513,0.0,8.17,-3.657,8.17,-8.17S370.956,349.672,366.442,349.672z"">
   </path>
  </g>
 </g>
 <g>
  <g>
   <path d=""M284.74,393.247H152.928c-4.513,0.0,-8.17,3.657,-8.17,8.17c0.0,4.513,3.657,8.17,8.17,8.17h131.813c4.513,0.0,8.17,-3.657,8.17,-8.17C292.91,396.904,289.254,393.247,284.74,393.247z"">
   </path>
  </g>
 </g>
 <g>
  <g>
   <path d=""M420.366,112.736H98.982c-4.512,0.0,-8.17,3.657,-8.17,8.17c0.0,4.513,3.657,8.17,8.17,8.17h321.383c4.513,0.0,8.17,-3.657,8.17,-8.17C428.536,116.393,424.879,112.736,420.366,112.736z"">
   </path>
  </g>
 </g>
</svg>


Question: What shape is the object in the image?",Circle,Square,Rectangle,Triangle,C,book
41,"Examine the following SVG code carefully and answer the question based on your interpretation of the rendered image.

<svg id=""Layer_1"" style=""enable-background:new 0 0 512 512;"" version=""1.1"" viewbox=""0 0 512 512"" x=""0px"" xml:space=""preserve"" y=""0px"">
 <g>
  <g>
   <path d=""M453.047,36.481h-18.519c-4.513,0.0,-8.17,3.657,-8.17,8.17s3.657,8.17,8.17,8.17h10.349V499.46c-50.588,0.0,-319.875,0.0,-370.383,-0.001V52.821h34.86v8.17c0.0,13.515,10.996,24.511,24.511,24.511c13.515,0.0,24.511,-10.996,24.511,-24.511v-8.17h34.86v8.17c0.0,13.515,10.996,24.511,24.511,24.511c13.515,0.0,24.511,-10.996,24.511,-24.511v-8.17h34.86v8.17c0.0,13.515,10.996,24.511,24.511,24.511s24.511,-10.996,24.511,-24.511v-8.17h34.86v8.17c0.0,13.515,10.996,24.511,24.511,24.511s24.511,-10.996,24.511,-24.511V28.311C410.017,14.796,399.021,3.8,385.506,3.8s-24.511,10.996,-24.511,24.511v8.17h-34.86v-8.17C326.136,14.796,315.14,3.8,301.625,3.8S277.115,14.796,277.115,28.311v8.17h-34.86v-8.17C242.255,14.796,231.259,3.8,217.745,3.8c-13.515,0.0,-24.511,10.996,-24.511,24.511v8.17h-34.86v-8.17C158.374,14.796,147.378,3.8,133.864,3.8c-13.515,0.0,-24.511,10.996,-24.511,24.511v8.17h-43.03c-4.513,0.0,-8.17,3.657,-8.17,8.17v462.978c0.0,2.167,0.861,4.244,2.392,5.778c2.393,2.392,3.724,2.392,10.121,2.392L453.047,515.8c4.513,0.0,8.17,-3.657,8.17,-8.17V44.651C461.217,40.138,457.56,36.481,453.047,36.481zM377.336,28.311c0.0,-4.506,3.665,-8.17,8.17,-8.17c4.506,0.0,8.17,3.665,8.17,8.17v32.681c0.0,4.506,-3.665,8.17,-8.17,8.17c-4.506,0.0,-8.17,-3.665,-8.17,-8.17V28.311zM293.455,28.311c0.0,-4.506,3.665,-8.17,8.17,-8.17c4.506,0.0,8.17,3.665,8.17,8.17v32.681c0.0,4.506,-3.665,8.17,-8.17,8.17c-4.506,0.0,-8.17,-3.665,-8.17,-8.17V28.311zM209.574,28.311c0.0,-4.506,3.665,-8.17,8.17,-8.17s8.17,3.665,8.17,8.17v32.681c0.0,4.506,-3.665,8.17,-8.17,8.17s-8.17,-3.665,-8.17,-8.17V28.311zM125.694,28.311c0.0,-4.506,3.665,-8.17,8.17,-8.17c4.506,0.0,8.17,3.665,8.17,8.17v32.681c0.0,4.506,-3.665,8.17,-8.17,8.17c-4.506,0.0,-8.17,-3.665,-8.17,-8.17V28.311z"">
   </path>
  </g>
 </g>
 <g>
  <g>
   <path d=""M366.442,306.098H152.928c-4.513,0.0,-8.17,3.657,-8.17,8.17s3.657,8.17,8.17,8.17h213.515c4.513,0.0,8.17,-3.657,8.17,-8.17S370.956,306.098,366.442,306.098z"">
   </path>
  </g>
 </g>
 <g>
  <g>
   <path d=""M366.442,262.523H152.928c-4.513,0.0,-8.17,3.657,-8.17,8.17s3.657,8.17,8.17,8.17h213.515c4.513,0.0,8.17,-3.657,8.17,-8.17S370.956,262.523,366.442,262.523z"">
   </path>
  </g>
 </g>
 <g>
  <g>
   <path d=""M366.442,218.949H152.928c-4.513,0.0,-8.17,3.657,-8.17,8.17s3.657,8.17,8.17,8.17h213.515c4.513,0.0,8.17,-3.657,8.17,-8.17S370.956,218.949,366.442,218.949z"">
   </path>
  </g>
 </g>
 <g>
  <g>
   <path d=""M366.442,349.672H152.928c-4.513,0.0,-8.17,3.657,-8.17,8.17s3.657,8.17,8.17,8.17h213.515c4.513,0.0,8.17,-3.657,8.17,-8.17S370.956,349.672,366.442,349.672z"">
   </path>
  </g>
 </g>
 <g>
  <g>
   <path d=""M284.74,393.247H152.928c-4.513,0.0,-8.17,3.657,-8.17,8.17c0.0,4.513,3.657,8.17,8.17,8.17h131.813c4.513,0.0,8.17,-3.657,8.17,-8.17C292.91,396.904,289.254,393.247,284.74,393.247z"">
   </path>
  </g>
 </g>
 <g>
  <g>
   <path d=""M420.366,112.736H98.982c-4.512,0.0,-8.17,3.657,-8.17,8.17c0.0,4.513,3.657,8.17,8.17,8.17h321.383c4.513,0.0,8.17,-3.657,8.17,-8.17C428.536,116.393,424.879,112.736,420.366,112.736z"">
   </path>
  </g>
 </g>
</svg>


Question: How many rings are at the top of the object in the image?",Two,Three,Four,Five,C,book
42,"Examine the following SVG code carefully and answer the question based on your interpretation of the rendered image.

<svg id=""Layer_1"" style=""enable-background:new 0 0 512 512;"" version=""1.1"" viewbox=""0 0 512 512"" x=""0px"" xml:space=""preserve"" y=""0px"">
 <g>
  <g>
   <path d=""M453.047,36.481h-18.519c-4.513,0.0,-8.17,3.657,-8.17,8.17s3.657,8.17,8.17,8.17h10.349V499.46c-50.588,0.0,-319.875,0.0,-370.383,-0.001V52.821h34.86v8.17c0.0,13.515,10.996,24.511,24.511,24.511c13.515,0.0,24.511,-10.996,24.511,-24.511v-8.17h34.86v8.17c0.0,13.515,10.996,24.511,24.511,24.511c13.515,0.0,24.511,-10.996,24.511,-24.511v-8.17h34.86v8.17c0.0,13.515,10.996,24.511,24.511,24.511s24.511,-10.996,24.511,-24.511v-8.17h34.86v8.17c0.0,13.515,10.996,24.511,24.511,24.511s24.511,-10.996,24.511,-24.511V28.311C410.017,14.796,399.021,3.8,385.506,3.8s-24.511,10.996,-24.511,24.511v8.17h-34.86v-8.17C326.136,14.796,315.14,3.8,301.625,3.8S277.115,14.796,277.115,28.311v8.17h-34.86v-8.17C242.255,14.796,231.259,3.8,217.745,3.8c-13.515,0.0,-24.511,10.996,-24.511,24.511v8.17h-34.86v-8.17C158.374,14.796,147.378,3.8,133.864,3.8c-13.515,0.0,-24.511,10.996,-24.511,24.511v8.17h-43.03c-4.513,0.0,-8.17,3.657,-8.17,8.17v462.978c0.0,2.167,0.861,4.244,2.392,5.778c2.393,2.392,3.724,2.392,10.121,2.392L453.047,515.8c4.513,0.0,8.17,-3.657,8.17,-8.17V44.651C461.217,40.138,457.56,36.481,453.047,36.481zM377.336,28.311c0.0,-4.506,3.665,-8.17,8.17,-8.17c4.506,0.0,8.17,3.665,8.17,8.17v32.681c0.0,4.506,-3.665,8.17,-8.17,8.17c-4.506,0.0,-8.17,-3.665,-8.17,-8.17V28.311zM293.455,28.311c0.0,-4.506,3.665,-8.17,8.17,-8.17c4.506,0.0,8.17,3.665,8.17,8.17v32.681c0.0,4.506,-3.665,8.17,-8.17,8.17c-4.506,0.0,-8.17,-3.665,-8.17,-8.17V28.311zM209.574,28.311c0.0,-4.506,3.665,-8.17,8.17,-8.17s8.17,3.665,8.17,8.17v32.681c0.0,4.506,-3.665,8.17,-8.17,8.17s-8.17,-3.665,-8.17,-8.17V28.311zM125.694,28.311c0.0,-4.506,3.665,-8.17,8.17,-8.17c4.506,0.0,8.17,3.665,8.17,8.17v32.681c0.0,4.506,-3.665,8.17,-8.17,8.17c-4.506,0.0,-8.17,-3.665,-8.17,-8.17V28.311z"">
   </path>
  </g>
 </g>
 <g>
  <g>
   <path d=""M366.442,306.098H152.928c-4.513,0.0,-8.17,3.657,-8.17,8.17s3.657,8.17,8.17,8.17h213.515c4.513,0.0,8.17,-3.657,8.17,-8.17S370.956,306.098,366.442,306.098z"">
   </path>
  </g>
 </g>
 <g>
  <g>
   <path d=""M366.442,262.523H152.928c-4.513,0.0,-8.17,3.657,-8.17,8.17s3.657,8.17,8.17,8.17h213.515c4.513,0.0,8.17,-3.657,8.17,-8.17S370.956,262.523,366.442,262.523z"">
   </path>
  </g>
 </g>
 <g>
  <g>
   <path d=""M366.442,218.949H152.928c-4.513,0.0,-8.17,3.657,-8.17,8.17s3.657,8.17,8.17,8.17h213.515c4.513,0.0,8.17,-3.657,8.17,-8.17S370.956,218.949,366.442,218.949z"">
   </path>
  </g>
 </g>
 <g>
  <g>
   <path d=""M366.442,349.672H152.928c-4.513,0.0,-8.17,3.657,-8.17,8.17s3.657,8.17,8.17,8.17h213.515c4.513,0.0,8.17,-3.657,8.17,-8.17S370.956,349.672,366.442,349.672z"">
   </path>
  </g>
 </g>
 <g>
  <g>
   <path d=""M284.74,393.247H152.928c-4.513,0.0,-8.17,3.657,-8.17,8.17c0.0,4.513,3.657,8.17,8.17,8.17h131.813c4.513,0.0,8.17,-3.657,8.17,-8.17C292.91,396.904,289.254,393.247,284.74,393.247z"">
   </path>
  </g>
 </g>
 <g>
  <g>
   <path d=""M420.366,112.736H98.982c-4.512,0.0,-8.17,3.657,-8.17,8.17c0.0,4.513,3.657,8.17,8.17,8.17h321.383c4.513,0.0,8.17,-3.657,8.17,-8.17C428.536,116.393,424.879,112.736,420.366,112.736z"">
   </path>
  </g>
 </g>
</svg>


Question: What is the primary color of the object in the image?",White,Blue,Black,Green,A,book
43,"Examine the following SVG code carefully and answer the question based on your interpretation of the rendered image.

<svg id=""Layer_1"" style=""enable-background:new 0 0 512 512;"" version=""1.1"" viewbox=""0 0 512 512"" x=""0px"" xml:space=""preserve"" y=""0px"">
 <g>
  <g>
   <path d=""M453.047,36.481h-18.519c-4.513,0.0,-8.17,3.657,-8.17,8.17s3.657,8.17,8.17,8.17h10.349V499.46c-50.588,0.0,-319.875,0.0,-370.383,-0.001V52.821h34.86v8.17c0.0,13.515,10.996,24.511,24.511,24.511c13.515,0.0,24.511,-10.996,24.511,-24.511v-8.17h34.86v8.17c0.0,13.515,10.996,24.511,24.511,24.511c13.515,0.0,24.511,-10.996,24.511,-24.511v-8.17h34.86v8.17c0.0,13.515,10.996,24.511,24.511,24.511s24.511,-10.996,24.511,-24.511v-8.17h34.86v8.17c0.0,13.515,10.996,24.511,24.511,24.511s24.511,-10.996,24.511,-24.511V28.311C410.017,14.796,399.021,3.8,385.506,3.8s-24.511,10.996,-24.511,24.511v8.17h-34.86v-8.17C326.136,14.796,315.14,3.8,301.625,3.8S277.115,14.796,277.115,28.311v8.17h-34.86v-8.17C242.255,14.796,231.259,3.8,217.745,3.8c-13.515,0.0,-24.511,10.996,-24.511,24.511v8.17h-34.86v-8.17C158.374,14.796,147.378,3.8,133.864,3.8c-13.515,0.0,-24.511,10.996,-24.511,24.511v8.17h-43.03c-4.513,0.0,-8.17,3.657,-8.17,8.17v462.978c0.0,2.167,0.861,4.244,2.392,5.778c2.393,2.392,3.724,2.392,10.121,2.392L453.047,515.8c4.513,0.0,8.17,-3.657,8.17,-8.17V44.651C461.217,40.138,457.56,36.481,453.047,36.481zM377.336,28.311c0.0,-4.506,3.665,-8.17,8.17,-8.17c4.506,0.0,8.17,3.665,8.17,8.17v32.681c0.0,4.506,-3.665,8.17,-8.17,8.17c-4.506,0.0,-8.17,-3.665,-8.17,-8.17V28.311zM293.455,28.311c0.0,-4.506,3.665,-8.17,8.17,-8.17c4.506,0.0,8.17,3.665,8.17,8.17v32.681c0.0,4.506,-3.665,8.17,-8.17,8.17c-4.506,0.0,-8.17,-3.665,-8.17,-8.17V28.311zM209.574,28.311c0.0,-4.506,3.665,-8.17,8.17,-8.17s8.17,3.665,8.17,8.17v32.681c0.0,4.506,-3.665,8.17,-8.17,8.17s-8.17,-3.665,-8.17,-8.17V28.311zM125.694,28.311c0.0,-4.506,3.665,-8.17,8.17,-8.17c4.506,0.0,8.17,3.665,8.17,8.17v32.681c0.0,4.506,-3.665,8.17,-8.17,8.17c-4.506,0.0,-8.17,-3.665,-8.17,-8.17V28.311z"">
   </path>
  </g>
 </g>
 <g>
  <g>
   <path d=""M366.442,306.098H152.928c-4.513,0.0,-8.17,3.657,-8.17,8.17s3.657,8.17,8.17,8.17h213.515c4.513,0.0,8.17,-3.657,8.17,-8.17S370.956,306.098,366.442,306.098z"">
   </path>
  </g>
 </g>
 <g>
  <g>
   <path d=""M366.442,262.523H152.928c-4.513,0.0,-8.17,3.657,-8.17,8.17s3.657,8.17,8.17,8.17h213.515c4.513,0.0,8.17,-3.657,8.17,-8.17S370.956,262.523,366.442,262.523z"">
   </path>
  </g>
 </g>
 <g>
  <g>
   <path d=""M366.442,218.949H152.928c-4.513,0.0,-8.17,3.657,-8.17,8.17s3.657,8.17,8.17,8.17h213.515c4.513,0.0,8.17,-3.657,8.17,-8.17S370.956,218.949,366.442,218.949z"">
   </path>
  </g>
 </g>
 <g>
  <g>
   <path d=""M366.442,349.672H152.928c-4.513,0.0,-8.17,3.657,-8.17,8.17s3.657,8.17,8.17,8.17h213.515c4.513,0.0,8.17,-3.657,8.17,-8.17S370.956,349.672,366.442,349.672z"">
   </path>
  </g>
 </g>
 <g>
  <g>
   <path d=""M284.74,393.247H152.928c-4.513,0.0,-8.17,3.657,-8.17,8.17c0.0,4.513,3.657,8.17,8.17,8.17h131.813c4.513,0.0,8.17,-3.657,8.17,-8.17C292.91,396.904,289.254,393.247,284.74,393.247z"">
   </path>
  </g>
 </g>
 <g>
  <g>
   <path d=""M420.366,112.736H98.982c-4.512,0.0,-8.17,3.657,-8.17,8.17c0.0,4.513,3.657,8.17,8.17,8.17h321.383c4.513,0.0,8.17,-3.657,8.17,-8.17C428.536,116.393,424.879,112.736,420.366,112.736z"">
   </path>
  </g>
 </g>
</svg>


Question: What is the object in the image most likely used for?",Writing,Cooking,Reading,Drawing,A,book
52,"Examine the following SVG code carefully and answer the question based on your interpretation of the rendered image.

<svg id=""Layer_1"" style=""enable-background:new 0 0 512 512;"" version=""1.1"" viewbox=""0 0 512 512"" x=""0px"" xml:space=""preserve"" y=""0px"">
 <g>
  <g>
   <path d=""M415.481,2.619H103.219C82.251,2.619,65.194,19.677,65.194,40.644v435.951c0.0,20.966,17.057,38.025,38.025,38.025h312.263c20.968,0.0,38.025,-17.058,38.025,-38.025V40.644C453.506,19.677,436.449,2.619,415.481,2.619zM314.432,23.017h47.93v56.838L346.04,63.871c-3.926,-3.843,-10.186,-3.888,-14.164,-0.106l-17.445,16.585V23.017zM433.108,476.594c0.0,9.719,-7.907,17.626,-17.626,17.626H103.219c-9.719,0.0,-17.626,-7.907,-17.626,-17.626V40.644c0.0,-9.719,7.907,-17.626,17.626,-17.626h190.815v81.101c0.0,4.079,2.429,7.765,6.178,9.372c3.748,1.608,8.094,0.829,11.049,-1.98l27.54,-26.18l26.625,26.074c1.945,1.904,4.521,2.912,7.138,2.912c1.332,0.0,2.674,-0.261,3.95,-0.797c3.785,-1.592,6.247,-5.296,6.247,-9.403v-81.1h32.721c9.719,0.0,17.626,7.907,17.626,17.626V476.594z"">
   </path>
  </g>
 </g>
 <g>
  <g>
   <path d=""M110.442,145.612c-5.632,0.0,-10.199,4.567,-10.199,10.199v313.116c0.0,5.632,4.567,10.199,10.199,10.199c5.632,0.0,10.199,-4.567,10.199,-10.199V155.811C120.641,150.179,116.074,145.612,110.442,145.612z"">
   </path>
  </g>
 </g>
 <g>
  <g>
   <path d=""M110.442,98.695c-5.632,0.0,-10.199,4.567,-10.199,10.199v10.199c0.0,5.632,4.567,10.199,10.199,10.199c5.632,0.0,10.199,-4.567,10.199,-10.199v-10.199C120.641,103.263,116.074,98.695,110.442,98.695z"">
   </path>
  </g>
 </g>
 <g>
  <g>
   <path d=""M324.115,133.373h-129.53c-18.278,0.0,-33.147,14.869,-33.147,33.147v31.21c0.0,18.278,14.869,33.147,33.147,33.147h129.53c18.278,0.0,33.147,-14.869,33.147,-33.147v-31.21C357.262,148.242,342.393,133.373,324.115,133.373zM336.864,197.73c0.0,7.03,-5.719,12.749,-12.749,12.749h-129.53c-7.03,0.0,-12.749,-5.719,-12.749,-12.749v-31.21c0.0,-7.03,5.719,-12.749,12.749,-12.749h129.53c7.03,0.0,12.749,5.719,12.749,12.749V197.73z"">
   </path>
  </g>
 </g>
 <g>
  <g>
   <path d=""M310.346,172.13H208.354c-5.632,0.0,-10.199,4.567,-10.199,10.199s4.567,10.199,10.199,10.199h101.992c5.632,0.0,10.199,-4.567,10.199,-10.199S315.978,172.13,310.346,172.13z"">
   </path>
  </g>
 </g>
</svg>


Question: What shape is the object in the image?",Circle,Triangle,Rectangle,Hexagon,C,book
53,"Examine the following SVG code carefully and answer the question based on your interpretation of the rendered image.

<svg id=""Layer_1"" style=""enable-background:new 0 0 512 512;"" version=""1.1"" viewbox=""0 0 512 512"" x=""0px"" xml:space=""preserve"" y=""0px"">
 <g>
  <g>
   <path d=""M415.481,2.619H103.219C82.251,2.619,65.194,19.677,65.194,40.644v435.951c0.0,20.966,17.057,38.025,38.025,38.025h312.263c20.968,0.0,38.025,-17.058,38.025,-38.025V40.644C453.506,19.677,436.449,2.619,415.481,2.619zM314.432,23.017h47.93v56.838L346.04,63.871c-3.926,-3.843,-10.186,-3.888,-14.164,-0.106l-17.445,16.585V23.017zM433.108,476.594c0.0,9.719,-7.907,17.626,-17.626,17.626H103.219c-9.719,0.0,-17.626,-7.907,-17.626,-17.626V40.644c0.0,-9.719,7.907,-17.626,17.626,-17.626h190.815v81.101c0.0,4.079,2.429,7.765,6.178,9.372c3.748,1.608,8.094,0.829,11.049,-1.98l27.54,-26.18l26.625,26.074c1.945,1.904,4.521,2.912,7.138,2.912c1.332,0.0,2.674,-0.261,3.95,-0.797c3.785,-1.592,6.247,-5.296,6.247,-9.403v-81.1h32.721c9.719,0.0,17.626,7.907,17.626,17.626V476.594z"">
   </path>
  </g>
 </g>
 <g>
  <g>
   <path d=""M110.442,145.612c-5.632,0.0,-10.199,4.567,-10.199,10.199v313.116c0.0,5.632,4.567,10.199,10.199,10.199c5.632,0.0,10.199,-4.567,10.199,-10.199V155.811C120.641,150.179,116.074,145.612,110.442,145.612z"">
   </path>
  </g>
 </g>
 <g>
  <g>
   <path d=""M110.442,98.695c-5.632,0.0,-10.199,4.567,-10.199,10.199v10.199c0.0,5.632,4.567,10.199,10.199,10.199c5.632,0.0,10.199,-4.567,10.199,-10.199v-10.199C120.641,103.263,116.074,98.695,110.442,98.695z"">
   </path>
  </g>
 </g>
 <g>
  <g>
   <path d=""M324.115,133.373h-129.53c-18.278,0.0,-33.147,14.869,-33.147,33.147v31.21c0.0,18.278,14.869,33.147,33.147,33.147h129.53c18.278,0.0,33.147,-14.869,33.147,-33.147v-31.21C357.262,148.242,342.393,133.373,324.115,133.373zM336.864,197.73c0.0,7.03,-5.719,12.749,-12.749,12.749h-129.53c-7.03,0.0,-12.749,-5.719,-12.749,-12.749v-31.21c0.0,-7.03,5.719,-12.749,12.749,-12.749h129.53c7.03,0.0,12.749,5.719,12.749,12.749V197.73z"">
   </path>
  </g>
 </g>
 <g>
  <g>
   <path d=""M310.346,172.13H208.354c-5.632,0.0,-10.199,4.567,-10.199,10.199s4.567,10.199,10.199,10.199h101.992c5.632,0.0,10.199,-4.567,10.199,-10.199S315.978,172.13,310.346,172.13z"">
   </path>
  </g>
 </g>
</svg>


Question: What is located at the top right corner of the object?",bookmark,circle,triangle,square,A,book
54,"Examine the following SVG code carefully and answer the question based on your interpretation of the rendered image.

<svg id=""Layer_1"" style=""enable-background:new 0 0 512 512;"" version=""1.1"" viewbox=""0 0 512 512"" x=""0px"" xml:space=""preserve"" y=""0px"">
 <g>
  <g>
   <path d=""M415.481,2.619H103.219C82.251,2.619,65.194,19.677,65.194,40.644v435.951c0.0,20.966,17.057,38.025,38.025,38.025h312.263c20.968,0.0,38.025,-17.058,38.025,-38.025V40.644C453.506,19.677,436.449,2.619,415.481,2.619zM314.432,23.017h47.93v56.838L346.04,63.871c-3.926,-3.843,-10.186,-3.888,-14.164,-0.106l-17.445,16.585V23.017zM433.108,476.594c0.0,9.719,-7.907,17.626,-17.626,17.626H103.219c-9.719,0.0,-17.626,-7.907,-17.626,-17.626V40.644c0.0,-9.719,7.907,-17.626,17.626,-17.626h190.815v81.101c0.0,4.079,2.429,7.765,6.178,9.372c3.748,1.608,8.094,0.829,11.049,-1.98l27.54,-26.18l26.625,26.074c1.945,1.904,4.521,2.912,7.138,2.912c1.332,0.0,2.674,-0.261,3.95,-0.797c3.785,-1.592,6.247,-5.296,6.247,-9.403v-81.1h32.721c9.719,0.0,17.626,7.907,17.626,17.626V476.594z"">
   </path>
  </g>
 </g>
 <g>
  <g>
   <path d=""M110.442,145.612c-5.632,0.0,-10.199,4.567,-10.199,10.199v313.116c0.0,5.632,4.567,10.199,10.199,10.199c5.632,0.0,10.199,-4.567,10.199,-10.199V155.811C120.641,150.179,116.074,145.612,110.442,145.612z"">
   </path>
  </g>
 </g>
 <g>
  <g>
   <path d=""M110.442,98.695c-5.632,0.0,-10.199,4.567,-10.199,10.199v10.199c0.0,5.632,4.567,10.199,10.199,10.199c5.632,0.0,10.199,-4.567,10.199,-10.199v-10.199C120.641,103.263,116.074,98.695,110.442,98.695z"">
   </path>
  </g>
 </g>
 <g>
  <g>
   <path d=""M324.115,133.373h-129.53c-18.278,0.0,-33.147,14.869,-33.147,33.147v31.21c0.0,18.278,14.869,33.147,33.147,33.147h129.53c18.278,0.0,33.147,-14.869,33.147,-33.147v-31.21C357.262,148.242,342.393,133.373,324.115,133.373zM336.864,197.73c0.0,7.03,-5.719,12.749,-12.749,12.749h-129.53c-7.03,0.0,-12.749,-5.719,-12.749,-12.749v-31.21c0.0,-7.03,5.719,-12.749,12.749,-12.749h129.53c7.03,0.0,12.749,5.719,12.749,12.749V197.73z"">
   </path>
  </g>
 </g>
 <g>
  <g>
   <path d=""M310.346,172.13H208.354c-5.632,0.0,-10.199,4.567,-10.199,10.199s4.567,10.199,10.199,10.199h101.992c5.632,0.0,10.199,-4.567,10.199,-10.199S315.978,172.13,310.346,172.13z"">
   </path>
  </g>
 </g>
</svg>


Question: What is the shape of the icon in the middle of the object?",Circle,Square,Triangle,Rectangle,D,book
55,"Examine the following SVG code carefully and answer the question based on your interpretation of the rendered image.

<svg id=""Layer_1"" style=""enable-background:new 0 0 512 512;"" version=""1.1"" viewbox=""0 0 512 512"" x=""0px"" xml:space=""preserve"" y=""0px"">
 <g>
  <g>
   <path d=""M415.481,2.619H103.219C82.251,2.619,65.194,19.677,65.194,40.644v435.951c0.0,20.966,17.057,38.025,38.025,38.025h312.263c20.968,0.0,38.025,-17.058,38.025,-38.025V40.644C453.506,19.677,436.449,2.619,415.481,2.619zM314.432,23.017h47.93v56.838L346.04,63.871c-3.926,-3.843,-10.186,-3.888,-14.164,-0.106l-17.445,16.585V23.017zM433.108,476.594c0.0,9.719,-7.907,17.626,-17.626,17.626H103.219c-9.719,0.0,-17.626,-7.907,-17.626,-17.626V40.644c0.0,-9.719,7.907,-17.626,17.626,-17.626h190.815v81.101c0.0,4.079,2.429,7.765,6.178,9.372c3.748,1.608,8.094,0.829,11.049,-1.98l27.54,-26.18l26.625,26.074c1.945,1.904,4.521,2.912,7.138,2.912c1.332,0.0,2.674,-0.261,3.95,-0.797c3.785,-1.592,6.247,-5.296,6.247,-9.403v-81.1h32.721c9.719,0.0,17.626,7.907,17.626,17.626V476.594z"">
   </path>
  </g>
 </g>
 <g>
  <g>
   <path d=""M110.442,145.612c-5.632,0.0,-10.199,4.567,-10.199,10.199v313.116c0.0,5.632,4.567,10.199,10.199,10.199c5.632,0.0,10.199,-4.567,10.199,-10.199V155.811C120.641,150.179,116.074,145.612,110.442,145.612z"">
   </path>
  </g>
 </g>
 <g>
  <g>
   <path d=""M110.442,98.695c-5.632,0.0,-10.199,4.567,-10.199,10.199v10.199c0.0,5.632,4.567,10.199,10.199,10.199c5.632,0.0,10.199,-4.567,10.199,-10.199v-10.199C120.641,103.263,116.074,98.695,110.442,98.695z"">
   </path>
  </g>
 </g>
 <g>
  <g>
   <path d=""M324.115,133.373h-129.53c-18.278,0.0,-33.147,14.869,-33.147,33.147v31.21c0.0,18.278,14.869,33.147,33.147,33.147h129.53c18.278,0.0,33.147,-14.869,33.147,-33.147v-31.21C357.262,148.242,342.393,133.373,324.115,133.373zM336.864,197.73c0.0,7.03,-5.719,12.749,-12.749,12.749h-129.53c-7.03,0.0,-12.749,-5.719,-12.749,-12.749v-31.21c0.0,-7.03,5.719,-12.749,12.749,-12.749h129.53c7.03,0.0,12.749,5.719,12.749,12.749V197.73z"">
   </path>
  </g>
 </g>
 <g>
  <g>
   <path d=""M310.346,172.13H208.354c-5.632,0.0,-10.199,4.567,-10.199,10.199s4.567,10.199,10.199,10.199h101.992c5.632,0.0,10.199,-4.567,10.199,-10.199S315.978,172.13,310.346,172.13z"">
   </path>
  </g>
 </g>
</svg>


Question: What is the object in the image most likely to represent?",phone,notebook,computer,clock,B,book
56,"Examine the following SVG code carefully and answer the question based on your interpretation of the rendered image.

<svg id=""Layer_1"" style=""enable-background:new 0 0 512 512;"" version=""1.1"" viewbox=""0 0 512 512"" x=""0px"" xml:space=""preserve"" y=""0px"">
 <path d=""M158.25,410.353h69.398v96.807l-34.685,-15.408l-34.713,15.408V410.353L158.25,410.353z"" style=""fill:#FF4328;"">
 </path>
 <path d=""M144.605,430.224H69.311c-5.941,0.0,-10.756,-4.816,-10.756,-10.756V23.126c0.0,-5.941,4.816,-10.756,10.756,-10.756h75.294c5.941,0.0,10.756,4.816,10.756,10.756v396.342C155.361,425.409,150.545,430.224,144.605,430.224z"" style=""fill:#391B10;"">
 </path>
 <path d=""M112.064,12.37h339.096c5.941,0.0,10.756,4.816,10.756,10.756v396.342c0.0,5.941,-4.816,10.756,-10.756,10.756H112.064V12.37L112.064,12.37z"" style=""fill:#874328;"">
 </path>
 <path d=""M246.415,171.219c3.481,-15.416,17.317,-26.934,33.853,-26.934c16.538,0.0,30.378,11.518,33.853,26.934c5.41,-3.468,11.852,-5.482,18.768,-5.482c19.162,0.0,34.699,15.462,34.699,34.535c0.0,19.072,-15.536,34.535,-34.699,34.535c-5.354,0.0,-10.431,-1.21,-14.959,-3.369v66.871h-75.32v-66.871c-4.529,2.159,-9.603,3.369,-14.964,3.369c-19.162,0.0,-34.699,-15.463,-34.699,-34.535c0.0,-19.073,15.536,-34.535,34.699,-34.535C234.56,165.737,241.005,167.751,246.415,171.219L246.415,171.219z"" style=""fill:#CAEEC5;"">
 </path>
 <path d=""M317.932,232.264v43.229v22.816h-75.32V284.345v-52.081v-1.036h75.32V232.264z"" style=""fill:#97BAA8;"">
 </path>
 <path d=""M451.159,3.765H144.605h-32.541H69.311C58.635,3.765,49.949,12.451,49.949,23.126v396.342c0.0,10.677,8.686,19.361,19.361,19.361h42.753h32.541h5.04v68.331c0.0,2.912,1.473,5.627,3.914,7.214c1.418,0.922,3.05,1.391,4.691,1.391c1.185,0.0,2.374,-0.245,3.49,-0.741l31.22,-13.858l31.192,13.857c2.662,1.183,5.741,0.939,8.183,-0.648c2.443,-1.589,3.915,-4.303,3.915,-7.215v-68.331h214.908c10.676,0.0,19.361,-8.685,19.361,-19.361V23.126C470.521,12.451,461.835,3.765,451.159,3.765zM67.159,419.468V23.126c0.0,-1.186,0.965,-2.151,2.151,-2.151h34.148v400.644H69.311C68.124,421.619,67.159,420.653,67.159,419.468zM219.044,493.921l-22.586,-10.033c-2.223,-0.988,-4.761,-0.99,-6.985,-0.001l-22.616,10.039v-55.097h52.187V493.921zM453.311,419.468c0.0,1.186,-0.965,2.151,-2.151,2.151H120.669V20.975h330.491c1.186,0.0,2.151,0.965,2.151,2.151V419.468zM332.891,157.132c-4.784,0.0,-9.491,0.781,-13.954,2.293c-7.248,-14.205,-22.176,-23.743,-38.667,-23.743c-16.789,0.0,-31.528,9.37,-38.713,23.728c-4.449,-1.502,-9.14,-2.277,-13.908,-2.277c-23.878,0.0,-43.304,19.353,-43.304,43.14c0.0,23.788,19.426,43.14,43.304,43.14c2.148,0.0,4.27,-0.154,6.359,-0.458v55.354c0.0,4.752,3.853,8.605,8.605,8.605h75.32c4.752,0.0,8.605,-3.853,8.605,-8.605V242.955c2.087,0.304,4.207,0.458,6.354,0.458c23.878,0.0,43.304,-19.353,43.304,-43.14C376.194,176.484,356.769,157.132,332.891,157.132zM332.891,226.203c-3.947,0.0,-7.733,-0.852,-11.254,-2.531c-2.665,-1.271,-5.798,-1.086,-8.295,0.489c-2.499,1.577,-4.013,4.324,-4.013,7.278v58.265h-58.11v-58.265c0.0,-2.954,-1.514,-5.701,-4.012,-7.278c-2.498,-1.575,-5.629,-1.762,-8.295,-0.49c-3.525,1.68,-7.313,2.532,-11.262,2.532c-14.388,0.0,-26.094,-11.632,-26.094,-25.93c0.0,-14.298,11.706,-25.93,26.094,-25.93c5.033,0.0,9.916,1.425,14.123,4.123c2.361,1.513,5.314,1.778,7.91,0.716c2.595,-1.065,4.509,-3.329,5.128,-6.067c2.646,-11.719,13.353,-20.224,25.459,-20.224c12.111,0.0,22.818,8.504,25.459,20.222c0.617,2.737,2.531,5.002,5.128,6.069c2.597,1.064,5.549,0.797,7.912,-0.717c4.207,-2.697,9.09,-4.122,14.123,-4.122c14.388,0.0,26.094,11.633,26.094,25.93C358.984,214.57,347.278,226.203,332.891,226.203z"">
 </path>
</svg>


Question: What is the primary color of the object in the image?",Blue,Green,Red,Brown,D,book
57,"Examine the following SVG code carefully and answer the question based on your interpretation of the rendered image.

<svg id=""Layer_1"" style=""enable-background:new 0 0 512 512;"" version=""1.1"" viewbox=""0 0 512 512"" x=""0px"" xml:space=""preserve"" y=""0px"">
 <path d=""M158.25,410.353h69.398v96.807l-34.685,-15.408l-34.713,15.408V410.353L158.25,410.353z"" style=""fill:#FF4328;"">
 </path>
 <path d=""M144.605,430.224H69.311c-5.941,0.0,-10.756,-4.816,-10.756,-10.756V23.126c0.0,-5.941,4.816,-10.756,10.756,-10.756h75.294c5.941,0.0,10.756,4.816,10.756,10.756v396.342C155.361,425.409,150.545,430.224,144.605,430.224z"" style=""fill:#391B10;"">
 </path>
 <path d=""M112.064,12.37h339.096c5.941,0.0,10.756,4.816,10.756,10.756v396.342c0.0,5.941,-4.816,10.756,-10.756,10.756H112.064V12.37L112.064,12.37z"" style=""fill:#874328;"">
 </path>
 <path d=""M246.415,171.219c3.481,-15.416,17.317,-26.934,33.853,-26.934c16.538,0.0,30.378,11.518,33.853,26.934c5.41,-3.468,11.852,-5.482,18.768,-5.482c19.162,0.0,34.699,15.462,34.699,34.535c0.0,19.072,-15.536,34.535,-34.699,34.535c-5.354,0.0,-10.431,-1.21,-14.959,-3.369v66.871h-75.32v-66.871c-4.529,2.159,-9.603,3.369,-14.964,3.369c-19.162,0.0,-34.699,-15.463,-34.699,-34.535c0.0,-19.073,15.536,-34.535,34.699,-34.535C234.56,165.737,241.005,167.751,246.415,171.219L246.415,171.219z"" style=""fill:#CAEEC5;"">
 </path>
 <path d=""M317.932,232.264v43.229v22.816h-75.32V284.345v-52.081v-1.036h75.32V232.264z"" style=""fill:#97BAA8;"">
 </path>
 <path d=""M451.159,3.765H144.605h-32.541H69.311C58.635,3.765,49.949,12.451,49.949,23.126v396.342c0.0,10.677,8.686,19.361,19.361,19.361h42.753h32.541h5.04v68.331c0.0,2.912,1.473,5.627,3.914,7.214c1.418,0.922,3.05,1.391,4.691,1.391c1.185,0.0,2.374,-0.245,3.49,-0.741l31.22,-13.858l31.192,13.857c2.662,1.183,5.741,0.939,8.183,-0.648c2.443,-1.589,3.915,-4.303,3.915,-7.215v-68.331h214.908c10.676,0.0,19.361,-8.685,19.361,-19.361V23.126C470.521,12.451,461.835,3.765,451.159,3.765zM67.159,419.468V23.126c0.0,-1.186,0.965,-2.151,2.151,-2.151h34.148v400.644H69.311C68.124,421.619,67.159,420.653,67.159,419.468zM219.044,493.921l-22.586,-10.033c-2.223,-0.988,-4.761,-0.99,-6.985,-0.001l-22.616,10.039v-55.097h52.187V493.921zM453.311,419.468c0.0,1.186,-0.965,2.151,-2.151,2.151H120.669V20.975h330.491c1.186,0.0,2.151,0.965,2.151,2.151V419.468zM332.891,157.132c-4.784,0.0,-9.491,0.781,-13.954,2.293c-7.248,-14.205,-22.176,-23.743,-38.667,-23.743c-16.789,0.0,-31.528,9.37,-38.713,23.728c-4.449,-1.502,-9.14,-2.277,-13.908,-2.277c-23.878,0.0,-43.304,19.353,-43.304,43.14c0.0,23.788,19.426,43.14,43.304,43.14c2.148,0.0,4.27,-0.154,6.359,-0.458v55.354c0.0,4.752,3.853,8.605,8.605,8.605h75.32c4.752,0.0,8.605,-3.853,8.605,-8.605V242.955c2.087,0.304,4.207,0.458,6.354,0.458c23.878,0.0,43.304,-19.353,43.304,-43.14C376.194,176.484,356.769,157.132,332.891,157.132zM332.891,226.203c-3.947,0.0,-7.733,-0.852,-11.254,-2.531c-2.665,-1.271,-5.798,-1.086,-8.295,0.489c-2.499,1.577,-4.013,4.324,-4.013,7.278v58.265h-58.11v-58.265c0.0,-2.954,-1.514,-5.701,-4.012,-7.278c-2.498,-1.575,-5.629,-1.762,-8.295,-0.49c-3.525,1.68,-7.313,2.532,-11.262,2.532c-14.388,0.0,-26.094,-11.632,-26.094,-25.93c0.0,-14.298,11.706,-25.93,26.094,-25.93c5.033,0.0,9.916,1.425,14.123,4.123c2.361,1.513,5.314,1.778,7.91,0.716c2.595,-1.065,4.509,-3.329,5.128,-6.067c2.646,-11.719,13.353,-20.224,25.459,-20.224c12.111,0.0,22.818,8.504,25.459,20.222c0.617,2.737,2.531,5.002,5.128,6.069c2.597,1.064,5.549,0.797,7.912,-0.717c4.207,-2.697,9.09,-4.122,14.123,-4.122c14.388,0.0,26.094,11.633,26.094,25.93C358.984,214.57,347.278,226.203,332.891,226.203z"">
 </path>
</svg>


Question: What shape is prominently featured on the cover of the object?",Star,Circle,Hat,Heart,C,book
58,"Examine the following SVG code carefully and answer the question based on your interpretation of the rendered image.

<svg id=""Layer_1"" style=""enable-background:new 0 0 512 512;"" version=""1.1"" viewbox=""0 0 512 512"" x=""0px"" xml:space=""preserve"" y=""0px"">
 <path d=""M158.25,410.353h69.398v96.807l-34.685,-15.408l-34.713,15.408V410.353L158.25,410.353z"" style=""fill:#FF4328;"">
 </path>
 <path d=""M144.605,430.224H69.311c-5.941,0.0,-10.756,-4.816,-10.756,-10.756V23.126c0.0,-5.941,4.816,-10.756,10.756,-10.756h75.294c5.941,0.0,10.756,4.816,10.756,10.756v396.342C155.361,425.409,150.545,430.224,144.605,430.224z"" style=""fill:#391B10;"">
 </path>
 <path d=""M112.064,12.37h339.096c5.941,0.0,10.756,4.816,10.756,10.756v396.342c0.0,5.941,-4.816,10.756,-10.756,10.756H112.064V12.37L112.064,12.37z"" style=""fill:#874328;"">
 </path>
 <path d=""M246.415,171.219c3.481,-15.416,17.317,-26.934,33.853,-26.934c16.538,0.0,30.378,11.518,33.853,26.934c5.41,-3.468,11.852,-5.482,18.768,-5.482c19.162,0.0,34.699,15.462,34.699,34.535c0.0,19.072,-15.536,34.535,-34.699,34.535c-5.354,0.0,-10.431,-1.21,-14.959,-3.369v66.871h-75.32v-66.871c-4.529,2.159,-9.603,3.369,-14.964,3.369c-19.162,0.0,-34.699,-15.463,-34.699,-34.535c0.0,-19.073,15.536,-34.535,34.699,-34.535C234.56,165.737,241.005,167.751,246.415,171.219L246.415,171.219z"" style=""fill:#CAEEC5;"">
 </path>
 <path d=""M317.932,232.264v43.229v22.816h-75.32V284.345v-52.081v-1.036h75.32V232.264z"" style=""fill:#97BAA8;"">
 </path>
 <path d=""M451.159,3.765H144.605h-32.541H69.311C58.635,3.765,49.949,12.451,49.949,23.126v396.342c0.0,10.677,8.686,19.361,19.361,19.361h42.753h32.541h5.04v68.331c0.0,2.912,1.473,5.627,3.914,7.214c1.418,0.922,3.05,1.391,4.691,1.391c1.185,0.0,2.374,-0.245,3.49,-0.741l31.22,-13.858l31.192,13.857c2.662,1.183,5.741,0.939,8.183,-0.648c2.443,-1.589,3.915,-4.303,3.915,-7.215v-68.331h214.908c10.676,0.0,19.361,-8.685,19.361,-19.361V23.126C470.521,12.451,461.835,3.765,451.159,3.765zM67.159,419.468V23.126c0.0,-1.186,0.965,-2.151,2.151,-2.151h34.148v400.644H69.311C68.124,421.619,67.159,420.653,67.159,419.468zM219.044,493.921l-22.586,-10.033c-2.223,-0.988,-4.761,-0.99,-6.985,-0.001l-22.616,10.039v-55.097h52.187V493.921zM453.311,419.468c0.0,1.186,-0.965,2.151,-2.151,2.151H120.669V20.975h330.491c1.186,0.0,2.151,0.965,2.151,2.151V419.468zM332.891,157.132c-4.784,0.0,-9.491,0.781,-13.954,2.293c-7.248,-14.205,-22.176,-23.743,-38.667,-23.743c-16.789,0.0,-31.528,9.37,-38.713,23.728c-4.449,-1.502,-9.14,-2.277,-13.908,-2.277c-23.878,0.0,-43.304,19.353,-43.304,43.14c0.0,23.788,19.426,43.14,43.304,43.14c2.148,0.0,4.27,-0.154,6.359,-0.458v55.354c0.0,4.752,3.853,8.605,8.605,8.605h75.32c4.752,0.0,8.605,-3.853,8.605,-8.605V242.955c2.087,0.304,4.207,0.458,6.354,0.458c23.878,0.0,43.304,-19.353,43.304,-43.14C376.194,176.484,356.769,157.132,332.891,157.132zM332.891,226.203c-3.947,0.0,-7.733,-0.852,-11.254,-2.531c-2.665,-1.271,-5.798,-1.086,-8.295,0.489c-2.499,1.577,-4.013,4.324,-4.013,7.278v58.265h-58.11v-58.265c0.0,-2.954,-1.514,-5.701,-4.012,-7.278c-2.498,-1.575,-5.629,-1.762,-8.295,-0.49c-3.525,1.68,-7.313,2.532,-11.262,2.532c-14.388,0.0,-26.094,-11.632,-26.094,-25.93c0.0,-14.298,11.706,-25.93,26.094,-25.93c5.033,0.0,9.916,1.425,14.123,4.123c2.361,1.513,5.314,1.778,7.91,0.716c2.595,-1.065,4.509,-3.329,5.128,-6.067c2.646,-11.719,13.353,-20.224,25.459,-20.224c12.111,0.0,22.818,8.504,25.459,20.222c0.617,2.737,2.531,5.002,5.128,6.069c2.597,1.064,5.549,0.797,7.912,-0.717c4.207,-2.697,9.09,-4.122,14.123,-4.122c14.388,0.0,26.094,11.633,26.094,25.93C358.984,214.57,347.278,226.203,332.891,226.203z"">
 </path>
</svg>


Question: What color is the bookmark attached to the object?",Blue,Green,Yellow,Red,D,book
59,"Examine the following SVG code carefully and answer the question based on your interpretation of the rendered image.

<svg id=""Layer_1"" style=""enable-background:new 0 0 512 512;"" version=""1.1"" viewbox=""0 0 512 512"" x=""0px"" xml:space=""preserve"" y=""0px"">
 <path d=""M158.25,410.353h69.398v96.807l-34.685,-15.408l-34.713,15.408V410.353L158.25,410.353z"" style=""fill:#FF4328;"">
 </path>
 <path d=""M144.605,430.224H69.311c-5.941,0.0,-10.756,-4.816,-10.756,-10.756V23.126c0.0,-5.941,4.816,-10.756,10.756,-10.756h75.294c5.941,0.0,10.756,4.816,10.756,10.756v396.342C155.361,425.409,150.545,430.224,144.605,430.224z"" style=""fill:#391B10;"">
 </path>
 <path d=""M112.064,12.37h339.096c5.941,0.0,10.756,4.816,10.756,10.756v396.342c0.0,5.941,-4.816,10.756,-10.756,10.756H112.064V12.37L112.064,12.37z"" style=""fill:#874328;"">
 </path>
 <path d=""M246.415,171.219c3.481,-15.416,17.317,-26.934,33.853,-26.934c16.538,0.0,30.378,11.518,33.853,26.934c5.41,-3.468,11.852,-5.482,18.768,-5.482c19.162,0.0,34.699,15.462,34.699,34.535c0.0,19.072,-15.536,34.535,-34.699,34.535c-5.354,0.0,-10.431,-1.21,-14.959,-3.369v66.871h-75.32v-66.871c-4.529,2.159,-9.603,3.369,-14.964,3.369c-19.162,0.0,-34.699,-15.463,-34.699,-34.535c0.0,-19.073,15.536,-34.535,34.699,-34.535C234.56,165.737,241.005,167.751,246.415,171.219L246.415,171.219z"" style=""fill:#CAEEC5;"">
 </path>
 <path d=""M317.932,232.264v43.229v22.816h-75.32V284.345v-52.081v-1.036h75.32V232.264z"" style=""fill:#97BAA8;"">
 </path>
 <path d=""M451.159,3.765H144.605h-32.541H69.311C58.635,3.765,49.949,12.451,49.949,23.126v396.342c0.0,10.677,8.686,19.361,19.361,19.361h42.753h32.541h5.04v68.331c0.0,2.912,1.473,5.627,3.914,7.214c1.418,0.922,3.05,1.391,4.691,1.391c1.185,0.0,2.374,-0.245,3.49,-0.741l31.22,-13.858l31.192,13.857c2.662,1.183,5.741,0.939,8.183,-0.648c2.443,-1.589,3.915,-4.303,3.915,-7.215v-68.331h214.908c10.676,0.0,19.361,-8.685,19.361,-19.361V23.126C470.521,12.451,461.835,3.765,451.159,3.765zM67.159,419.468V23.126c0.0,-1.186,0.965,-2.151,2.151,-2.151h34.148v400.644H69.311C68.124,421.619,67.159,420.653,67.159,419.468zM219.044,493.921l-22.586,-10.033c-2.223,-0.988,-4.761,-0.99,-6.985,-0.001l-22.616,10.039v-55.097h52.187V493.921zM453.311,419.468c0.0,1.186,-0.965,2.151,-2.151,2.151H120.669V20.975h330.491c1.186,0.0,2.151,0.965,2.151,2.151V419.468zM332.891,157.132c-4.784,0.0,-9.491,0.781,-13.954,2.293c-7.248,-14.205,-22.176,-23.743,-38.667,-23.743c-16.789,0.0,-31.528,9.37,-38.713,23.728c-4.449,-1.502,-9.14,-2.277,-13.908,-2.277c-23.878,0.0,-43.304,19.353,-43.304,43.14c0.0,23.788,19.426,43.14,43.304,43.14c2.148,0.0,4.27,-0.154,6.359,-0.458v55.354c0.0,4.752,3.853,8.605,8.605,8.605h75.32c4.752,0.0,8.605,-3.853,8.605,-8.605V242.955c2.087,0.304,4.207,0.458,6.354,0.458c23.878,0.0,43.304,-19.353,43.304,-43.14C376.194,176.484,356.769,157.132,332.891,157.132zM332.891,226.203c-3.947,0.0,-7.733,-0.852,-11.254,-2.531c-2.665,-1.271,-5.798,-1.086,-8.295,0.489c-2.499,1.577,-4.013,4.324,-4.013,7.278v58.265h-58.11v-58.265c0.0,-2.954,-1.514,-5.701,-4.012,-7.278c-2.498,-1.575,-5.629,-1.762,-8.295,-0.49c-3.525,1.68,-7.313,2.532,-11.262,2.532c-14.388,0.0,-26.094,-11.632,-26.094,-25.93c0.0,-14.298,11.706,-25.93,26.094,-25.93c5.033,0.0,9.916,1.425,14.123,4.123c2.361,1.513,5.314,1.778,7.91,0.716c2.595,-1.065,4.509,-3.329,5.128,-6.067c2.646,-11.719,13.353,-20.224,25.459,-20.224c12.111,0.0,22.818,8.504,25.459,20.222c0.617,2.737,2.531,5.002,5.128,6.069c2.597,1.064,5.549,0.797,7.912,-0.717c4.207,-2.697,9.09,-4.122,14.123,-4.122c14.388,0.0,26.094,11.633,26.094,25.93C358.984,214.57,347.278,226.203,332.891,226.203z"">
 </path>
</svg>


Question: What type of object is shown in the image?",Notebook,Cookbook,Diary,Novel,B,book
60,"Examine the following SVG code carefully and answer the question based on your interpretation of the rendered image.

<svg id=""Layer_1"" style=""enable-background:new 0 0 512 512;"" version=""1.1"" viewbox=""0 0 512 512"" x=""0px"" xml:space=""preserve"" y=""0px"">
 <path d=""M260.02,328.247c-34.337,0.0,-62.27,27.933,-62.27,62.27s27.933,62.27,62.27,62.27s62.27,-27.933,62.27,-62.27S294.357,328.247,260.02,328.247z"" style=""fill:#BF3C1A;"">
 </path>
 <path d=""M260.02,452.788c34.337,0.0,62.27,-27.933,62.27,-62.27s-27.933,-62.27,-62.27,-62.27"" style=""fill:#802812;"">
 </path>
 <path d=""M280.777,394.67V176.031c0.0,-61.041,-49.661,-110.703,-110.703,-110.703H4.02v329.342H280.777z"" style=""fill:#DEDDE0;"">
 </path>
 <g>
  <rect height=""41.514"" style=""fill:#401409;"" width=""96.865"" x=""93.966"" y=""176.031"">
  </rect>
  <rect height=""41.514"" style=""fill:#401409;"" width=""96.865"" x=""93.966"" y=""259.058"">
  </rect>
 </g>
 <path d=""M516.02,394.67V65.328H349.966c-37.025,0.0,-69.838,18.289,-89.946,46.286v283.056H516.02z"" style=""fill:#ACABB1;"">
 </path>
 <g>
  <rect height=""41.514"" style=""fill:#401409;"" width=""96.865"" x=""329.209"" y=""176.031"">
  </rect>
  <rect height=""41.514"" style=""fill:#401409;"" width=""96.865"" x=""329.209"" y=""259.058"">
  </rect>
 </g>
 <rect height=""41.514"" style=""fill:#FF5023;"" width=""512"" x=""4.0199210083354355"" y=""369.761"">
 </rect>
 <rect height=""41.514"" style=""fill:#BF3C1A;"" width=""256"" x=""260.020"" y=""369.761"">
 </rect>
</svg>


Question: What is the primary color of the left page of the object?",Gray,Blue,White,Black,A,book
61,"Examine the following SVG code carefully and answer the question based on your interpretation of the rendered image.

<svg id=""Layer_1"" style=""enable-background:new 0 0 512 512;"" version=""1.1"" viewbox=""0 0 512 512"" x=""0px"" xml:space=""preserve"" y=""0px"">
 <path d=""M260.02,328.247c-34.337,0.0,-62.27,27.933,-62.27,62.27s27.933,62.27,62.27,62.27s62.27,-27.933,62.27,-62.27S294.357,328.247,260.02,328.247z"" style=""fill:#BF3C1A;"">
 </path>
 <path d=""M260.02,452.788c34.337,0.0,62.27,-27.933,62.27,-62.27s-27.933,-62.27,-62.27,-62.27"" style=""fill:#802812;"">
 </path>
 <path d=""M280.777,394.67V176.031c0.0,-61.041,-49.661,-110.703,-110.703,-110.703H4.02v329.342H280.777z"" style=""fill:#DEDDE0;"">
 </path>
 <g>
  <rect height=""41.514"" style=""fill:#401409;"" width=""96.865"" x=""93.966"" y=""176.031"">
  </rect>
  <rect height=""41.514"" style=""fill:#401409;"" width=""96.865"" x=""93.966"" y=""259.058"">
  </rect>
 </g>
 <path d=""M516.02,394.67V65.328H349.966c-37.025,0.0,-69.838,18.289,-89.946,46.286v283.056H516.02z"" style=""fill:#ACABB1;"">
 </path>
 <g>
  <rect height=""41.514"" style=""fill:#401409;"" width=""96.865"" x=""329.209"" y=""176.031"">
  </rect>
  <rect height=""41.514"" style=""fill:#401409;"" width=""96.865"" x=""329.209"" y=""259.058"">
  </rect>
 </g>
 <rect height=""41.514"" style=""fill:#FF5023;"" width=""512"" x=""4.0199210083354355"" y=""369.761"">
 </rect>
 <rect height=""41.514"" style=""fill:#BF3C1A;"" width=""256"" x=""260.020"" y=""369.761"">
 </rect>
</svg>


Question: How many rectangular shapes are present on each page of the object?",1,2,3,4,B,book
62,"Examine the following SVG code carefully and answer the question based on your interpretation of the rendered image.

<svg id=""Layer_1"" style=""enable-background:new 0 0 512 512;"" version=""1.1"" viewbox=""0 0 512 512"" x=""0px"" xml:space=""preserve"" y=""0px"">
 <path d=""M260.02,328.247c-34.337,0.0,-62.27,27.933,-62.27,62.27s27.933,62.27,62.27,62.27s62.27,-27.933,62.27,-62.27S294.357,328.247,260.02,328.247z"" style=""fill:#BF3C1A;"">
 </path>
 <path d=""M260.02,452.788c34.337,0.0,62.27,-27.933,62.27,-62.27s-27.933,-62.27,-62.27,-62.27"" style=""fill:#802812;"">
 </path>
 <path d=""M280.777,394.67V176.031c0.0,-61.041,-49.661,-110.703,-110.703,-110.703H4.02v329.342H280.777z"" style=""fill:#DEDDE0;"">
 </path>
 <g>
  <rect height=""41.514"" style=""fill:#401409;"" width=""96.865"" x=""93.966"" y=""176.031"">
  </rect>
  <rect height=""41.514"" style=""fill:#401409;"" width=""96.865"" x=""93.966"" y=""259.058"">
  </rect>
 </g>
 <path d=""M516.02,394.67V65.328H349.966c-37.025,0.0,-69.838,18.289,-89.946,46.286v283.056H516.02z"" style=""fill:#ACABB1;"">
 </path>
 <g>
  <rect height=""41.514"" style=""fill:#401409;"" width=""96.865"" x=""329.209"" y=""176.031"">
  </rect>
  <rect height=""41.514"" style=""fill:#401409;"" width=""96.865"" x=""329.209"" y=""259.058"">
  </rect>
 </g>
 <rect height=""41.514"" style=""fill:#FF5023;"" width=""512"" x=""4.0199210083354355"" y=""369.761"">
 </rect>
 <rect height=""41.514"" style=""fill:#BF3C1A;"" width=""256"" x=""260.020"" y=""369.761"">
 </rect>
</svg>


Question: What color is the horizontal band at the bottom of the object?",Orange,Green,Blue,Yellow,A,book
63,"Examine the following SVG code carefully and answer the question based on your interpretation of the rendered image.

<svg id=""Layer_1"" style=""enable-background:new 0 0 512 512;"" version=""1.1"" viewbox=""0 0 512 512"" x=""0px"" xml:space=""preserve"" y=""0px"">
 <path d=""M260.02,328.247c-34.337,0.0,-62.27,27.933,-62.27,62.27s27.933,62.27,62.27,62.27s62.27,-27.933,62.27,-62.27S294.357,328.247,260.02,328.247z"" style=""fill:#BF3C1A;"">
 </path>
 <path d=""M260.02,452.788c34.337,0.0,62.27,-27.933,62.27,-62.27s-27.933,-62.27,-62.27,-62.27"" style=""fill:#802812;"">
 </path>
 <path d=""M280.777,394.67V176.031c0.0,-61.041,-49.661,-110.703,-110.703,-110.703H4.02v329.342H280.777z"" style=""fill:#DEDDE0;"">
 </path>
 <g>
  <rect height=""41.514"" style=""fill:#401409;"" width=""96.865"" x=""93.966"" y=""176.031"">
  </rect>
  <rect height=""41.514"" style=""fill:#401409;"" width=""96.865"" x=""93.966"" y=""259.058"">
  </rect>
 </g>
 <path d=""M516.02,394.67V65.328H349.966c-37.025,0.0,-69.838,18.289,-89.946,46.286v283.056H516.02z"" style=""fill:#ACABB1;"">
 </path>
 <g>
  <rect height=""41.514"" style=""fill:#401409;"" width=""96.865"" x=""329.209"" y=""176.031"">
  </rect>
  <rect height=""41.514"" style=""fill:#401409;"" width=""96.865"" x=""329.209"" y=""259.058"">
  </rect>
 </g>
 <rect height=""41.514"" style=""fill:#FF5023;"" width=""512"" x=""4.0199210083354355"" y=""369.761"">
 </rect>
 <rect height=""41.514"" style=""fill:#BF3C1A;"" width=""256"" x=""260.020"" y=""369.761"">
 </rect>
</svg>


Question: What is the object in the image?",book,laptop,window,door,A,book
84,"Examine the following SVG code carefully and answer the question based on your interpretation of the rendered image.

<svg id=""Layer_1"" style=""enable-background:new 0 0 512 512;"" version=""1.1"" viewbox=""0 0 512 512"" x=""0px"" xml:space=""preserve"" y=""0px"">
 <rect height=""486.4"" style=""fill:#E9EBEF;"" width=""384"" x=""43.387"" y=""15.641"">
 </rect>
 <rect height=""61.798"" style=""fill:#A0BF7C;"" transform=""matrix(0.7071 -0.7071 0.7071 0.7071 -44.373 319.0352)"" width=""338.634"" x=""198.593"" y=""185.023"">
 </rect>
 <polygon points=""225.847,313.301 270.527,357.981 199.658,385.245"" style=""fill:#BFA779;"">
 </polygon>
 <path d=""M509.486,99.942l-25.6,-25.6C478.894,69.341,472.341,66.841,465.787,66.841s-13.107,2.5,-18.099,7.501l-5.308,5.299H440.187V28.441c0.0,-14.14,-11.46,-25.6,-25.6,-25.6H56.187C42.047,2.841,30.587,14.301,30.587,28.441V66.841H17.787C10.713,66.841,4.987,72.567,4.987,79.641c0.0,7.074,5.726,12.8,12.8,12.8h12.8v25.6H17.787C10.713,118.041,4.987,123.767,4.987,130.841c0.0,7.074,5.726,12.8,12.8,12.8h12.8v25.6H17.787c-7.074,0.0,-12.8,5.726,-12.8,12.8S10.713,194.841,17.787,194.841h12.8v25.6H17.787c-7.074,0.0,-12.8,5.726,-12.8,12.8s5.726,12.8,12.8,12.8h12.8v25.6H17.787c-7.074,0.0,-12.8,5.726,-12.8,12.8s5.726,12.8,12.8,12.8h12.8V322.841H17.787C10.713,322.841,4.987,328.567,4.987,335.641s5.726,12.8,12.8,12.8h12.8v25.6H17.787C10.713,374.041,4.987,379.767,4.987,386.841c0.0,7.074,5.726,12.8,12.8,12.8h12.8v25.6H17.787c-7.074,0.0,-12.8,5.726,-12.8,12.8c0.0,7.074,5.726,12.8,12.8,12.8h12.8v38.4c0.0,14.14,11.46,25.6,25.6,25.6h358.4c14.14,0.0,25.6,-11.46,25.6,-25.6V205.448l69.299,-69.299C519.487,126.148,519.487,109.934,509.486,99.942zM414.587,489.241H56.187V450.841H68.987c7.074,0.0,12.8,-5.726,12.8,-12.8c0.0,-7.074,-5.726,-12.8,-12.8,-12.8H56.187v-25.6H68.987c7.074,0.0,12.8,-5.726,12.8,-12.8c0.0,-7.074,-5.726,-12.8,-12.8,-12.8H56.187v-25.6H68.987c7.074,0.0,12.8,-5.726,12.8,-12.8S76.061,322.841,68.987,322.841H56.187v-25.6H68.987c7.074,0.0,12.8,-5.726,12.8,-12.8s-5.726,-12.8,-12.8,-12.8H56.187v-25.6H68.987c7.074,0.0,12.8,-5.726,12.8,-12.8s-5.726,-12.8,-12.8,-12.8H56.187V194.841H68.987c7.074,0.0,12.8,-5.726,12.8,-12.8s-5.726,-12.8,-12.8,-12.8H56.187v-25.6H68.987c7.074,0.0,12.8,-5.726,12.8,-12.8c0.0,-7.074,-5.726,-12.8,-12.8,-12.8H56.187V92.441H68.987c7.074,0.0,12.8,-5.726,12.8,-12.8C81.787,72.567,76.061,66.841,68.987,66.841H56.187V28.441h358.4v51.2H388.987c-3.396,0.0,-6.647,1.348,-9.054,3.746l-76.8,76.8l18.099,18.099l73.054,-73.045h22.494L217.288,304.742c-1.946,1.946,-3.567,4.19,-4.796,6.656l-25.6,51.2c-4.932,9.856,-2.995,21.76,4.796,29.551c4.915,4.915,11.469,7.501,18.108,7.501c3.883,0.0,7.799,-0.887,11.443,-2.705l51.2,-25.6c2.458,-1.229,4.71,-2.85,6.656,-4.796L414.587,231.048V489.241zM229.354,334.907l19.567,19.558L209.787,374.041L229.354,334.907zM270.041,339.387l-25.6,-25.6L465.787,92.441l25.6,25.6L270.041,339.387z"" style=""fill:#573A32;"">
 </path>
</svg>


Question: What color is the pencil in the image?",Red,Blue,Yellow,Green,D,book
85,"Examine the following SVG code carefully and answer the question based on your interpretation of the rendered image.

<svg id=""Layer_1"" style=""enable-background:new 0 0 512 512;"" version=""1.1"" viewbox=""0 0 512 512"" x=""0px"" xml:space=""preserve"" y=""0px"">
 <rect height=""486.4"" style=""fill:#E9EBEF;"" width=""384"" x=""43.387"" y=""15.641"">
 </rect>
 <rect height=""61.798"" style=""fill:#A0BF7C;"" transform=""matrix(0.7071 -0.7071 0.7071 0.7071 -44.373 319.0352)"" width=""338.634"" x=""198.593"" y=""185.023"">
 </rect>
 <polygon points=""225.847,313.301 270.527,357.981 199.658,385.245"" style=""fill:#BFA779;"">
 </polygon>
 <path d=""M509.486,99.942l-25.6,-25.6C478.894,69.341,472.341,66.841,465.787,66.841s-13.107,2.5,-18.099,7.501l-5.308,5.299H440.187V28.441c0.0,-14.14,-11.46,-25.6,-25.6,-25.6H56.187C42.047,2.841,30.587,14.301,30.587,28.441V66.841H17.787C10.713,66.841,4.987,72.567,4.987,79.641c0.0,7.074,5.726,12.8,12.8,12.8h12.8v25.6H17.787C10.713,118.041,4.987,123.767,4.987,130.841c0.0,7.074,5.726,12.8,12.8,12.8h12.8v25.6H17.787c-7.074,0.0,-12.8,5.726,-12.8,12.8S10.713,194.841,17.787,194.841h12.8v25.6H17.787c-7.074,0.0,-12.8,5.726,-12.8,12.8s5.726,12.8,12.8,12.8h12.8v25.6H17.787c-7.074,0.0,-12.8,5.726,-12.8,12.8s5.726,12.8,12.8,12.8h12.8V322.841H17.787C10.713,322.841,4.987,328.567,4.987,335.641s5.726,12.8,12.8,12.8h12.8v25.6H17.787C10.713,374.041,4.987,379.767,4.987,386.841c0.0,7.074,5.726,12.8,12.8,12.8h12.8v25.6H17.787c-7.074,0.0,-12.8,5.726,-12.8,12.8c0.0,7.074,5.726,12.8,12.8,12.8h12.8v38.4c0.0,14.14,11.46,25.6,25.6,25.6h358.4c14.14,0.0,25.6,-11.46,25.6,-25.6V205.448l69.299,-69.299C519.487,126.148,519.487,109.934,509.486,99.942zM414.587,489.241H56.187V450.841H68.987c7.074,0.0,12.8,-5.726,12.8,-12.8c0.0,-7.074,-5.726,-12.8,-12.8,-12.8H56.187v-25.6H68.987c7.074,0.0,12.8,-5.726,12.8,-12.8c0.0,-7.074,-5.726,-12.8,-12.8,-12.8H56.187v-25.6H68.987c7.074,0.0,12.8,-5.726,12.8,-12.8S76.061,322.841,68.987,322.841H56.187v-25.6H68.987c7.074,0.0,12.8,-5.726,12.8,-12.8s-5.726,-12.8,-12.8,-12.8H56.187v-25.6H68.987c7.074,0.0,12.8,-5.726,12.8,-12.8s-5.726,-12.8,-12.8,-12.8H56.187V194.841H68.987c7.074,0.0,12.8,-5.726,12.8,-12.8s-5.726,-12.8,-12.8,-12.8H56.187v-25.6H68.987c7.074,0.0,12.8,-5.726,12.8,-12.8c0.0,-7.074,-5.726,-12.8,-12.8,-12.8H56.187V92.441H68.987c7.074,0.0,12.8,-5.726,12.8,-12.8C81.787,72.567,76.061,66.841,68.987,66.841H56.187V28.441h358.4v51.2H388.987c-3.396,0.0,-6.647,1.348,-9.054,3.746l-76.8,76.8l18.099,18.099l73.054,-73.045h22.494L217.288,304.742c-1.946,1.946,-3.567,4.19,-4.796,6.656l-25.6,51.2c-4.932,9.856,-2.995,21.76,4.796,29.551c4.915,4.915,11.469,7.501,18.108,7.501c3.883,0.0,7.799,-0.887,11.443,-2.705l51.2,-25.6c2.458,-1.229,4.71,-2.85,6.656,-4.796L414.587,231.048V489.241zM229.354,334.907l19.567,19.558L209.787,374.041L229.354,334.907zM270.041,339.387l-25.6,-25.6L465.787,92.441l25.6,25.6L270.041,339.387z"" style=""fill:#573A32;"">
 </path>
</svg>


Question: What is the shape of the object the pencil is resting on?",Circle,Triangle,Square,Rectangle,D,book
86,"Examine the following SVG code carefully and answer the question based on your interpretation of the rendered image.

<svg id=""Layer_1"" style=""enable-background:new 0 0 512 512;"" version=""1.1"" viewbox=""0 0 512 512"" x=""0px"" xml:space=""preserve"" y=""0px"">
 <rect height=""486.4"" style=""fill:#E9EBEF;"" width=""384"" x=""43.387"" y=""15.641"">
 </rect>
 <rect height=""61.798"" style=""fill:#A0BF7C;"" transform=""matrix(0.7071 -0.7071 0.7071 0.7071 -44.373 319.0352)"" width=""338.634"" x=""198.593"" y=""185.023"">
 </rect>
 <polygon points=""225.847,313.301 270.527,357.981 199.658,385.245"" style=""fill:#BFA779;"">
 </polygon>
 <path d=""M509.486,99.942l-25.6,-25.6C478.894,69.341,472.341,66.841,465.787,66.841s-13.107,2.5,-18.099,7.501l-5.308,5.299H440.187V28.441c0.0,-14.14,-11.46,-25.6,-25.6,-25.6H56.187C42.047,2.841,30.587,14.301,30.587,28.441V66.841H17.787C10.713,66.841,4.987,72.567,4.987,79.641c0.0,7.074,5.726,12.8,12.8,12.8h12.8v25.6H17.787C10.713,118.041,4.987,123.767,4.987,130.841c0.0,7.074,5.726,12.8,12.8,12.8h12.8v25.6H17.787c-7.074,0.0,-12.8,5.726,-12.8,12.8S10.713,194.841,17.787,194.841h12.8v25.6H17.787c-7.074,0.0,-12.8,5.726,-12.8,12.8s5.726,12.8,12.8,12.8h12.8v25.6H17.787c-7.074,0.0,-12.8,5.726,-12.8,12.8s5.726,12.8,12.8,12.8h12.8V322.841H17.787C10.713,322.841,4.987,328.567,4.987,335.641s5.726,12.8,12.8,12.8h12.8v25.6H17.787C10.713,374.041,4.987,379.767,4.987,386.841c0.0,7.074,5.726,12.8,12.8,12.8h12.8v25.6H17.787c-7.074,0.0,-12.8,5.726,-12.8,12.8c0.0,7.074,5.726,12.8,12.8,12.8h12.8v38.4c0.0,14.14,11.46,25.6,25.6,25.6h358.4c14.14,0.0,25.6,-11.46,25.6,-25.6V205.448l69.299,-69.299C519.487,126.148,519.487,109.934,509.486,99.942zM414.587,489.241H56.187V450.841H68.987c7.074,0.0,12.8,-5.726,12.8,-12.8c0.0,-7.074,-5.726,-12.8,-12.8,-12.8H56.187v-25.6H68.987c7.074,0.0,12.8,-5.726,12.8,-12.8c0.0,-7.074,-5.726,-12.8,-12.8,-12.8H56.187v-25.6H68.987c7.074,0.0,12.8,-5.726,12.8,-12.8S76.061,322.841,68.987,322.841H56.187v-25.6H68.987c7.074,0.0,12.8,-5.726,12.8,-12.8s-5.726,-12.8,-12.8,-12.8H56.187v-25.6H68.987c7.074,0.0,12.8,-5.726,12.8,-12.8s-5.726,-12.8,-12.8,-12.8H56.187V194.841H68.987c7.074,0.0,12.8,-5.726,12.8,-12.8s-5.726,-12.8,-12.8,-12.8H56.187v-25.6H68.987c7.074,0.0,12.8,-5.726,12.8,-12.8c0.0,-7.074,-5.726,-12.8,-12.8,-12.8H56.187V92.441H68.987c7.074,0.0,12.8,-5.726,12.8,-12.8C81.787,72.567,76.061,66.841,68.987,66.841H56.187V28.441h358.4v51.2H388.987c-3.396,0.0,-6.647,1.348,-9.054,3.746l-76.8,76.8l18.099,18.099l73.054,-73.045h22.494L217.288,304.742c-1.946,1.946,-3.567,4.19,-4.796,6.656l-25.6,51.2c-4.932,9.856,-2.995,21.76,4.796,29.551c4.915,4.915,11.469,7.501,18.108,7.501c3.883,0.0,7.799,-0.887,11.443,-2.705l51.2,-25.6c2.458,-1.229,4.71,-2.85,6.656,-4.796L414.587,231.048V489.241zM229.354,334.907l19.567,19.558L209.787,374.041L229.354,334.907zM270.041,339.387l-25.6,-25.6L465.787,92.441l25.6,25.6L270.041,339.387z"" style=""fill:#573A32;"">
 </path>
</svg>


Question: What is the color of the border of the notebook?",Brown,Black,Blue,Red,A,book
87,"Examine the following SVG code carefully and answer the question based on your interpretation of the rendered image.

<svg id=""Layer_1"" style=""enable-background:new 0 0 512 512;"" version=""1.1"" viewbox=""0 0 512 512"" x=""0px"" xml:space=""preserve"" y=""0px"">
 <rect height=""486.4"" style=""fill:#E9EBEF;"" width=""384"" x=""43.387"" y=""15.641"">
 </rect>
 <rect height=""61.798"" style=""fill:#A0BF7C;"" transform=""matrix(0.7071 -0.7071 0.7071 0.7071 -44.373 319.0352)"" width=""338.634"" x=""198.593"" y=""185.023"">
 </rect>
 <polygon points=""225.847,313.301 270.527,357.981 199.658,385.245"" style=""fill:#BFA779;"">
 </polygon>
 <path d=""M509.486,99.942l-25.6,-25.6C478.894,69.341,472.341,66.841,465.787,66.841s-13.107,2.5,-18.099,7.501l-5.308,5.299H440.187V28.441c0.0,-14.14,-11.46,-25.6,-25.6,-25.6H56.187C42.047,2.841,30.587,14.301,30.587,28.441V66.841H17.787C10.713,66.841,4.987,72.567,4.987,79.641c0.0,7.074,5.726,12.8,12.8,12.8h12.8v25.6H17.787C10.713,118.041,4.987,123.767,4.987,130.841c0.0,7.074,5.726,12.8,12.8,12.8h12.8v25.6H17.787c-7.074,0.0,-12.8,5.726,-12.8,12.8S10.713,194.841,17.787,194.841h12.8v25.6H17.787c-7.074,0.0,-12.8,5.726,-12.8,12.8s5.726,12.8,12.8,12.8h12.8v25.6H17.787c-7.074,0.0,-12.8,5.726,-12.8,12.8s5.726,12.8,12.8,12.8h12.8V322.841H17.787C10.713,322.841,4.987,328.567,4.987,335.641s5.726,12.8,12.8,12.8h12.8v25.6H17.787C10.713,374.041,4.987,379.767,4.987,386.841c0.0,7.074,5.726,12.8,12.8,12.8h12.8v25.6H17.787c-7.074,0.0,-12.8,5.726,-12.8,12.8c0.0,7.074,5.726,12.8,12.8,12.8h12.8v38.4c0.0,14.14,11.46,25.6,25.6,25.6h358.4c14.14,0.0,25.6,-11.46,25.6,-25.6V205.448l69.299,-69.299C519.487,126.148,519.487,109.934,509.486,99.942zM414.587,489.241H56.187V450.841H68.987c7.074,0.0,12.8,-5.726,12.8,-12.8c0.0,-7.074,-5.726,-12.8,-12.8,-12.8H56.187v-25.6H68.987c7.074,0.0,12.8,-5.726,12.8,-12.8c0.0,-7.074,-5.726,-12.8,-12.8,-12.8H56.187v-25.6H68.987c7.074,0.0,12.8,-5.726,12.8,-12.8S76.061,322.841,68.987,322.841H56.187v-25.6H68.987c7.074,0.0,12.8,-5.726,12.8,-12.8s-5.726,-12.8,-12.8,-12.8H56.187v-25.6H68.987c7.074,0.0,12.8,-5.726,12.8,-12.8s-5.726,-12.8,-12.8,-12.8H56.187V194.841H68.987c7.074,0.0,12.8,-5.726,12.8,-12.8s-5.726,-12.8,-12.8,-12.8H56.187v-25.6H68.987c7.074,0.0,12.8,-5.726,12.8,-12.8c0.0,-7.074,-5.726,-12.8,-12.8,-12.8H56.187V92.441H68.987c7.074,0.0,12.8,-5.726,12.8,-12.8C81.787,72.567,76.061,66.841,68.987,66.841H56.187V28.441h358.4v51.2H388.987c-3.396,0.0,-6.647,1.348,-9.054,3.746l-76.8,76.8l18.099,18.099l73.054,-73.045h22.494L217.288,304.742c-1.946,1.946,-3.567,4.19,-4.796,6.656l-25.6,51.2c-4.932,9.856,-2.995,21.76,4.796,29.551c4.915,4.915,11.469,7.501,18.108,7.501c3.883,0.0,7.799,-0.887,11.443,-2.705l51.2,-25.6c2.458,-1.229,4.71,-2.85,6.656,-4.796L414.587,231.048V489.241zM229.354,334.907l19.567,19.558L209.787,374.041L229.354,334.907zM270.041,339.387l-25.6,-25.6L465.787,92.441l25.6,25.6L270.041,339.387z"" style=""fill:#573A32;"">
 </path>
</svg>


Question: What is the object in the image?",notebook,chair,tablet,phone,A,book
140,"Examine the following SVG code carefully and answer the question based on your interpretation of the rendered image.

<svg id=""Layer_1"" style=""enable-background:new 0 0 512 512;"" version=""1.1"" viewbox=""0 0 512 512"" x=""0px"" xml:space=""preserve"" y=""0px"">
 <g>
  <g>
   <path d=""M409.735,2.74h-20.983C388.61,2.738,388.471,2.719,388.329,2.719s-0.281,0.019,-0.423,0.021H196.752C196.61,2.738,196.471,2.719,196.329,2.719H89.662C77.88,2.719,68.329,12.27,68.329,24.052v24.987c-24.858,8.784,-42.667,32.474,-42.667,60.346s17.808,51.562,42.667,60.346v28.641C43.47,207.157,25.662,230.847,25.662,258.719s17.808,51.562,42.667,60.346v28.641c-24.858,8.784,-42.667,32.474,-42.667,60.346c0.0,27.872,17.808,51.562,42.667,60.346v24.987c0.0,11.782,9.551,21.333,21.333,21.333h106.667c0.001,0.0,0.003,0.0,0.004,0.0s0.003,0.0,0.004,0.0h213.397c47.089,0.0,85.269,-38.181,85.269,-85.269V88.01C495.004,40.921,456.823,2.74,409.735,2.74zM174.995,472.052h-64.0V450.719c0.0,-11.782,-9.551,-21.333,-21.333,-21.333c-11.791,0.0,-21.333,-9.542,-21.333,-21.333S77.871,386.719,89.662,386.719s21.333,9.542,21.333,21.333c0.0,11.782,9.551,21.333,21.333,21.333c11.782,0.0,21.333,-9.551,21.333,-21.333c0.0,-27.872,-17.808,-51.562,-42.667,-60.346v-46.321c0.0,-11.782,-9.551,-21.333,-21.333,-21.333c-11.791,0.0,-21.333,-9.542,-21.333,-21.333s9.542,-21.333,21.333,-21.333s21.333,9.542,21.333,21.333c0.0,11.782,9.551,21.333,21.333,21.333c11.782,0.0,21.333,-9.551,21.333,-21.333c0.0,-27.872,-17.808,-51.562,-42.667,-60.346v-46.321c0.0,-11.782,-9.551,-21.333,-21.333,-21.333c-11.791,0.0,-21.333,-9.542,-21.333,-21.333s9.542,-21.333,21.333,-21.333s21.333,9.542,21.333,21.333c0.0,11.782,9.551,21.333,21.333,21.333c11.782,0.0,21.333,-9.551,21.333,-21.333c0.0,-27.872,-17.808,-51.562,-42.667,-60.346v-3.654h64.0V472.052zM217.671,45.407h149.325v426.645H217.671V45.407zM452.337,429.45c0.0,23.525,-19.078,42.603,-42.603,42.603h-0.073V45.407h0.073c23.525,0.0,42.603,19.078,42.603,42.603V429.45z"">
   </path>
  </g>
 </g>
</svg>


Question: What shape are the holes on the left side of the object?",Square,Triangle,Hexagon,Circle,D,book
141,"Examine the following SVG code carefully and answer the question based on your interpretation of the rendered image.

<svg id=""Layer_1"" style=""enable-background:new 0 0 512 512;"" version=""1.1"" viewbox=""0 0 512 512"" x=""0px"" xml:space=""preserve"" y=""0px"">
 <g>
  <g>
   <path d=""M409.735,2.74h-20.983C388.61,2.738,388.471,2.719,388.329,2.719s-0.281,0.019,-0.423,0.021H196.752C196.61,2.738,196.471,2.719,196.329,2.719H89.662C77.88,2.719,68.329,12.27,68.329,24.052v24.987c-24.858,8.784,-42.667,32.474,-42.667,60.346s17.808,51.562,42.667,60.346v28.641C43.47,207.157,25.662,230.847,25.662,258.719s17.808,51.562,42.667,60.346v28.641c-24.858,8.784,-42.667,32.474,-42.667,60.346c0.0,27.872,17.808,51.562,42.667,60.346v24.987c0.0,11.782,9.551,21.333,21.333,21.333h106.667c0.001,0.0,0.003,0.0,0.004,0.0s0.003,0.0,0.004,0.0h213.397c47.089,0.0,85.269,-38.181,85.269,-85.269V88.01C495.004,40.921,456.823,2.74,409.735,2.74zM174.995,472.052h-64.0V450.719c0.0,-11.782,-9.551,-21.333,-21.333,-21.333c-11.791,0.0,-21.333,-9.542,-21.333,-21.333S77.871,386.719,89.662,386.719s21.333,9.542,21.333,21.333c0.0,11.782,9.551,21.333,21.333,21.333c11.782,0.0,21.333,-9.551,21.333,-21.333c0.0,-27.872,-17.808,-51.562,-42.667,-60.346v-46.321c0.0,-11.782,-9.551,-21.333,-21.333,-21.333c-11.791,0.0,-21.333,-9.542,-21.333,-21.333s9.542,-21.333,21.333,-21.333s21.333,9.542,21.333,21.333c0.0,11.782,9.551,21.333,21.333,21.333c11.782,0.0,21.333,-9.551,21.333,-21.333c0.0,-27.872,-17.808,-51.562,-42.667,-60.346v-46.321c0.0,-11.782,-9.551,-21.333,-21.333,-21.333c-11.791,0.0,-21.333,-9.542,-21.333,-21.333s9.542,-21.333,21.333,-21.333s21.333,9.542,21.333,21.333c0.0,11.782,9.551,21.333,21.333,21.333c11.782,0.0,21.333,-9.551,21.333,-21.333c0.0,-27.872,-17.808,-51.562,-42.667,-60.346v-3.654h64.0V472.052zM217.671,45.407h149.325v426.645H217.671V45.407zM452.337,429.45c0.0,23.525,-19.078,42.603,-42.603,42.603h-0.073V45.407h0.073c23.525,0.0,42.603,19.078,42.603,42.603V429.45z"">
   </path>
  </g>
 </g>
</svg>


Question: How many holes are visible on the left side of the object?",Two,Three,Four,Five,B,book
142,"Examine the following SVG code carefully and answer the question based on your interpretation of the rendered image.

<svg id=""Layer_1"" style=""enable-background:new 0 0 512 512;"" version=""1.1"" viewbox=""0 0 512 512"" x=""0px"" xml:space=""preserve"" y=""0px"">
 <g>
  <g>
   <path d=""M409.735,2.74h-20.983C388.61,2.738,388.471,2.719,388.329,2.719s-0.281,0.019,-0.423,0.021H196.752C196.61,2.738,196.471,2.719,196.329,2.719H89.662C77.88,2.719,68.329,12.27,68.329,24.052v24.987c-24.858,8.784,-42.667,32.474,-42.667,60.346s17.808,51.562,42.667,60.346v28.641C43.47,207.157,25.662,230.847,25.662,258.719s17.808,51.562,42.667,60.346v28.641c-24.858,8.784,-42.667,32.474,-42.667,60.346c0.0,27.872,17.808,51.562,42.667,60.346v24.987c0.0,11.782,9.551,21.333,21.333,21.333h106.667c0.001,0.0,0.003,0.0,0.004,0.0s0.003,0.0,0.004,0.0h213.397c47.089,0.0,85.269,-38.181,85.269,-85.269V88.01C495.004,40.921,456.823,2.74,409.735,2.74zM174.995,472.052h-64.0V450.719c0.0,-11.782,-9.551,-21.333,-21.333,-21.333c-11.791,0.0,-21.333,-9.542,-21.333,-21.333S77.871,386.719,89.662,386.719s21.333,9.542,21.333,21.333c0.0,11.782,9.551,21.333,21.333,21.333c11.782,0.0,21.333,-9.551,21.333,-21.333c0.0,-27.872,-17.808,-51.562,-42.667,-60.346v-46.321c0.0,-11.782,-9.551,-21.333,-21.333,-21.333c-11.791,0.0,-21.333,-9.542,-21.333,-21.333s9.542,-21.333,21.333,-21.333s21.333,9.542,21.333,21.333c0.0,11.782,9.551,21.333,21.333,21.333c11.782,0.0,21.333,-9.551,21.333,-21.333c0.0,-27.872,-17.808,-51.562,-42.667,-60.346v-46.321c0.0,-11.782,-9.551,-21.333,-21.333,-21.333c-11.791,0.0,-21.333,-9.542,-21.333,-21.333s9.542,-21.333,21.333,-21.333s21.333,9.542,21.333,21.333c0.0,11.782,9.551,21.333,21.333,21.333c11.782,0.0,21.333,-9.551,21.333,-21.333c0.0,-27.872,-17.808,-51.562,-42.667,-60.346v-3.654h64.0V472.052zM217.671,45.407h149.325v426.645H217.671V45.407zM452.337,429.45c0.0,23.525,-19.078,42.603,-42.603,42.603h-0.073V45.407h0.073c23.525,0.0,42.603,19.078,42.603,42.603V429.45z"">
   </path>
  </g>
 </g>
</svg>


Question: What is the primary color of the object?",Red,Blue,White,Green,C,book
143,"Examine the following SVG code carefully and answer the question based on your interpretation of the rendered image.

<svg id=""Layer_1"" style=""enable-background:new 0 0 512 512;"" version=""1.1"" viewbox=""0 0 512 512"" x=""0px"" xml:space=""preserve"" y=""0px"">
 <g>
  <g>
   <path d=""M409.735,2.74h-20.983C388.61,2.738,388.471,2.719,388.329,2.719s-0.281,0.019,-0.423,0.021H196.752C196.61,2.738,196.471,2.719,196.329,2.719H89.662C77.88,2.719,68.329,12.27,68.329,24.052v24.987c-24.858,8.784,-42.667,32.474,-42.667,60.346s17.808,51.562,42.667,60.346v28.641C43.47,207.157,25.662,230.847,25.662,258.719s17.808,51.562,42.667,60.346v28.641c-24.858,8.784,-42.667,32.474,-42.667,60.346c0.0,27.872,17.808,51.562,42.667,60.346v24.987c0.0,11.782,9.551,21.333,21.333,21.333h106.667c0.001,0.0,0.003,0.0,0.004,0.0s0.003,0.0,0.004,0.0h213.397c47.089,0.0,85.269,-38.181,85.269,-85.269V88.01C495.004,40.921,456.823,2.74,409.735,2.74zM174.995,472.052h-64.0V450.719c0.0,-11.782,-9.551,-21.333,-21.333,-21.333c-11.791,0.0,-21.333,-9.542,-21.333,-21.333S77.871,386.719,89.662,386.719s21.333,9.542,21.333,21.333c0.0,11.782,9.551,21.333,21.333,21.333c11.782,0.0,21.333,-9.551,21.333,-21.333c0.0,-27.872,-17.808,-51.562,-42.667,-60.346v-46.321c0.0,-11.782,-9.551,-21.333,-21.333,-21.333c-11.791,0.0,-21.333,-9.542,-21.333,-21.333s9.542,-21.333,21.333,-21.333s21.333,9.542,21.333,21.333c0.0,11.782,9.551,21.333,21.333,21.333c11.782,0.0,21.333,-9.551,21.333,-21.333c0.0,-27.872,-17.808,-51.562,-42.667,-60.346v-46.321c0.0,-11.782,-9.551,-21.333,-21.333,-21.333c-11.791,0.0,-21.333,-9.542,-21.333,-21.333s9.542,-21.333,21.333,-21.333s21.333,9.542,21.333,21.333c0.0,11.782,9.551,21.333,21.333,21.333c11.782,0.0,21.333,-9.551,21.333,-21.333c0.0,-27.872,-17.808,-51.562,-42.667,-60.346v-3.654h64.0V472.052zM217.671,45.407h149.325v426.645H217.671V45.407zM452.337,429.45c0.0,23.525,-19.078,42.603,-42.603,42.603h-0.073V45.407h0.073c23.525,0.0,42.603,19.078,42.603,42.603V429.45z"">
   </path>
  </g>
 </g>
</svg>


Question: What is the object in the image most likely used for?",Cooking,Writing,Wearing,Gardening,C,book
144,"Examine the following SVG code carefully and answer the question based on your interpretation of the rendered image.

<svg height=""380px"" id=""Capa_1"" style=""enable-background:new 0 0 380 380;"" version=""1.1"" viewbox=""0 0 380 380"" width=""380px"" x=""0px"" xml:space=""preserve"" y=""0px"">
 <g>
  <path d=""M350.033,21.92C337.349,9.371,320.454,2.461,302.464,2.461H45.958C29.999,2.461,17.499,14.763,17.499,30.467v323.536c0.0,15.691,12.767,28.458,28.459,28.458h256.506c37.119,0.0,67.318,-30.2,67.318,-67.324V69.333C369.783,51.358,362.769,34.522,350.033,21.92zM351.732,315.137c0.0,27.169,-22.102,49.271,-49.268,49.271H45.958c-5.74,0.0,-10.407,-4.668,-10.407,-10.403V343.561c0.052,0.0,0.099,0.008,0.15,0.008h30.656V62.259c0.0,-5.983,4.849,-10.832,10.832,-10.832c5.983,0.0,10.832,4.849,10.832,10.832v281.31h185.095c29.912,0.0,54.164,-24.248,54.164,-54.162V27.19c14.609,8.477,24.449,24.189,24.449,42.143v245.804H351.732z"">
  </path>
 </g>
</svg>


Question: What is the shape of the object in the image?",Circle,Oval,Triangle,Rectangle,D,book
145,"Examine the following SVG code carefully and answer the question based on your interpretation of the rendered image.

<svg height=""380px"" id=""Capa_1"" style=""enable-background:new 0 0 380 380;"" version=""1.1"" viewbox=""0 0 380 380"" width=""380px"" x=""0px"" xml:space=""preserve"" y=""0px"">
 <g>
  <path d=""M350.033,21.92C337.349,9.371,320.454,2.461,302.464,2.461H45.958C29.999,2.461,17.499,14.763,17.499,30.467v323.536c0.0,15.691,12.767,28.458,28.459,28.458h256.506c37.119,0.0,67.318,-30.2,67.318,-67.324V69.333C369.783,51.358,362.769,34.522,350.033,21.92zM351.732,315.137c0.0,27.169,-22.102,49.271,-49.268,49.271H45.958c-5.74,0.0,-10.407,-4.668,-10.407,-10.403V343.561c0.052,0.0,0.099,0.008,0.15,0.008h30.656V62.259c0.0,-5.983,4.849,-10.832,10.832,-10.832c5.983,0.0,10.832,4.849,10.832,10.832v281.31h185.095c29.912,0.0,54.164,-24.248,54.164,-54.162V27.19c14.609,8.477,24.449,24.189,24.449,42.143v245.804H351.732z"">
  </path>
 </g>
</svg>


Question: What is the color of the object in the image?",Red,Blue,Green,Black,D,book
146,"Examine the following SVG code carefully and answer the question based on your interpretation of the rendered image.

<svg height=""380px"" id=""Capa_1"" style=""enable-background:new 0 0 380 380;"" version=""1.1"" viewbox=""0 0 380 380"" width=""380px"" x=""0px"" xml:space=""preserve"" y=""0px"">
 <g>
  <path d=""M350.033,21.92C337.349,9.371,320.454,2.461,302.464,2.461H45.958C29.999,2.461,17.499,14.763,17.499,30.467v323.536c0.0,15.691,12.767,28.458,28.459,28.458h256.506c37.119,0.0,67.318,-30.2,67.318,-67.324V69.333C369.783,51.358,362.769,34.522,350.033,21.92zM351.732,315.137c0.0,27.169,-22.102,49.271,-49.268,49.271H45.958c-5.74,0.0,-10.407,-4.668,-10.407,-10.403V343.561c0.052,0.0,0.099,0.008,0.15,0.008h30.656V62.259c0.0,-5.983,4.849,-10.832,10.832,-10.832c5.983,0.0,10.832,4.849,10.832,10.832v281.31h185.095c29.912,0.0,54.164,-24.248,54.164,-54.162V27.19c14.609,8.477,24.449,24.189,24.449,42.143v245.804H351.732z"">
  </path>
 </g>
</svg>


Question: What is the orientation of the curved line in the image?",Horizontal,Vertical,Diagonal,Circular,B,book
147,"Examine the following SVG code carefully and answer the question based on your interpretation of the rendered image.

<svg height=""380px"" id=""Capa_1"" style=""enable-background:new 0 0 380 380;"" version=""1.1"" viewbox=""0 0 380 380"" width=""380px"" x=""0px"" xml:space=""preserve"" y=""0px"">
 <g>
  <path d=""M350.033,21.92C337.349,9.371,320.454,2.461,302.464,2.461H45.958C29.999,2.461,17.499,14.763,17.499,30.467v323.536c0.0,15.691,12.767,28.458,28.459,28.458h256.506c37.119,0.0,67.318,-30.2,67.318,-67.324V69.333C369.783,51.358,362.769,34.522,350.033,21.92zM351.732,315.137c0.0,27.169,-22.102,49.271,-49.268,49.271H45.958c-5.74,0.0,-10.407,-4.668,-10.407,-10.403V343.561c0.052,0.0,0.099,0.008,0.15,0.008h30.656V62.259c0.0,-5.983,4.849,-10.832,10.832,-10.832c5.983,0.0,10.832,4.849,10.832,10.832v281.31h185.095c29.912,0.0,54.164,-24.248,54.164,-54.162V27.19c14.609,8.477,24.449,24.189,24.449,42.143v245.804H351.732z"">
  </path>
 </g>
</svg>


Question: What does the object in the image represent?",book,computer,car,tree,A,book
148,"Examine the following SVG code carefully and answer the question based on your interpretation of the rendered image.

<svg id=""Layer_1"" style=""enable-background:new 0 0 503.322 503.322;"" version=""1.1"" viewbox=""0 0 503.322 503.322"" x=""0px"" xml:space=""preserve"" y=""0px"">
 <g>
  <g>
   <g>
    <path d=""M125.194,446.444h-43.39c-4.79,0.0,-8.678,3.879,-8.678,8.678c0.0,4.799,3.888,8.678,8.678,8.678h43.39c4.79,0.0,8.678,-3.879,8.678,-8.678C133.872,450.323,129.984,446.444,125.194,446.444z"">
    </path>
    <path d=""M376.855,446.444H159.905c-4.79,0.0,-8.678,3.879,-8.678,8.678c0.0,4.799,3.888,8.678,8.678,8.678h216.949c4.79,0.0,8.678,-3.879,8.678,-8.678C385.533,450.323,381.645,446.444,376.855,446.444z"">
    </path>
    <path d=""M188.833,151.394h133.059c1.597,0.0,2.898,-1.293,2.898,-2.89V84.86c0.0,-1.597,-1.302,-2.89,-2.898,-2.89H188.833c-1.597,0.0,-2.89,1.293,-2.89,2.89v63.644C185.944,150.101,187.237,151.394,188.833,151.394z"">
    </path>
    <path d=""M435.023,3.869h-6.101v399.186h-17.356V3.869H107.838v399.186H90.482V3.869H72.275C53.6,3.869,38.414,19.064,38.414,37.73v417.393c0.0,28.715,23.352,52.068,52.068,52.068h360.83c11.585,0.0,21.001,-9.424,21.001,-21.001v-65.779v-17.356V41.158C472.312,20.6,455.581,3.869,435.023,3.869zM168.583,84.86c0.0,-11.16,9.086,-20.246,20.246,-20.246h133.068c11.16,0.0,20.246,9.086,20.246,20.246v63.644c0.0,11.16,-9.086,20.246,-20.246,20.246H188.829c-11.16,0.0,-20.246,-9.086,-20.246,-20.246V84.86zM316.109,316.276c0.0,4.799,-3.888,8.678,-8.678,8.678H203.295c-4.79,0.0,-8.678,-3.879,-8.678,-8.678s3.888,-8.678,8.678,-8.678h104.136C312.221,307.598,316.109,311.477,316.109,316.276zM168.583,342.31h173.559c4.79,0.0,8.678,3.879,8.678,8.678c0.0,4.799,-3.888,8.678,-8.678,8.678H168.583c-4.79,0.0,-8.678,-3.879,-8.678,-8.678C159.905,346.189,163.793,342.31,168.583,342.31zM454.956,486.19c0.0,2.005,-1.631,3.645,-3.645,3.645H90.482c-19.144,0.0,-34.712,-15.568,-34.712,-34.712s15.568,-34.712,34.712,-34.712h17.356h303.729h17.356h26.034V486.19z"">
    </path>
   </g>
  </g>
 </g>
</svg>


Question: What shape is the object in the image?",Rectangle,Triangle,Circle,Hexagon,A,book
149,"Examine the following SVG code carefully and answer the question based on your interpretation of the rendered image.

<svg id=""Layer_1"" style=""enable-background:new 0 0 503.322 503.322;"" version=""1.1"" viewbox=""0 0 503.322 503.322"" x=""0px"" xml:space=""preserve"" y=""0px"">
 <g>
  <g>
   <g>
    <path d=""M125.194,446.444h-43.39c-4.79,0.0,-8.678,3.879,-8.678,8.678c0.0,4.799,3.888,8.678,8.678,8.678h43.39c4.79,0.0,8.678,-3.879,8.678,-8.678C133.872,450.323,129.984,446.444,125.194,446.444z"">
    </path>
    <path d=""M376.855,446.444H159.905c-4.79,0.0,-8.678,3.879,-8.678,8.678c0.0,4.799,3.888,8.678,8.678,8.678h216.949c4.79,0.0,8.678,-3.879,8.678,-8.678C385.533,450.323,381.645,446.444,376.855,446.444z"">
    </path>
    <path d=""M188.833,151.394h133.059c1.597,0.0,2.898,-1.293,2.898,-2.89V84.86c0.0,-1.597,-1.302,-2.89,-2.898,-2.89H188.833c-1.597,0.0,-2.89,1.293,-2.89,2.89v63.644C185.944,150.101,187.237,151.394,188.833,151.394z"">
    </path>
    <path d=""M435.023,3.869h-6.101v399.186h-17.356V3.869H107.838v399.186H90.482V3.869H72.275C53.6,3.869,38.414,19.064,38.414,37.73v417.393c0.0,28.715,23.352,52.068,52.068,52.068h360.83c11.585,0.0,21.001,-9.424,21.001,-21.001v-65.779v-17.356V41.158C472.312,20.6,455.581,3.869,435.023,3.869zM168.583,84.86c0.0,-11.16,9.086,-20.246,20.246,-20.246h133.068c11.16,0.0,20.246,9.086,20.246,20.246v63.644c0.0,11.16,-9.086,20.246,-20.246,20.246H188.829c-11.16,0.0,-20.246,-9.086,-20.246,-20.246V84.86zM316.109,316.276c0.0,4.799,-3.888,8.678,-8.678,8.678H203.295c-4.79,0.0,-8.678,-3.879,-8.678,-8.678s3.888,-8.678,8.678,-8.678h104.136C312.221,307.598,316.109,311.477,316.109,316.276zM168.583,342.31h173.559c4.79,0.0,8.678,3.879,8.678,8.678c0.0,4.799,-3.888,8.678,-8.678,8.678H168.583c-4.79,0.0,-8.678,-3.879,-8.678,-8.678C159.905,346.189,163.793,342.31,168.583,342.31zM454.956,486.19c0.0,2.005,-1.631,3.645,-3.645,3.645H90.482c-19.144,0.0,-34.712,-15.568,-34.712,-34.712s15.568,-34.712,34.712,-34.712h17.356h303.729h17.356h26.034V486.19z"">
    </path>
   </g>
  </g>
 </g>
</svg>


Question: What is the color of the object in the image?",Red,Blue,Green,Black,D,book
150,"Examine the following SVG code carefully and answer the question based on your interpretation of the rendered image.

<svg id=""Layer_1"" style=""enable-background:new 0 0 503.322 503.322;"" version=""1.1"" viewbox=""0 0 503.322 503.322"" x=""0px"" xml:space=""preserve"" y=""0px"">
 <g>
  <g>
   <g>
    <path d=""M125.194,446.444h-43.39c-4.79,0.0,-8.678,3.879,-8.678,8.678c0.0,4.799,3.888,8.678,8.678,8.678h43.39c4.79,0.0,8.678,-3.879,8.678,-8.678C133.872,450.323,129.984,446.444,125.194,446.444z"">
    </path>
    <path d=""M376.855,446.444H159.905c-4.79,0.0,-8.678,3.879,-8.678,8.678c0.0,4.799,3.888,8.678,8.678,8.678h216.949c4.79,0.0,8.678,-3.879,8.678,-8.678C385.533,450.323,381.645,446.444,376.855,446.444z"">
    </path>
    <path d=""M188.833,151.394h133.059c1.597,0.0,2.898,-1.293,2.898,-2.89V84.86c0.0,-1.597,-1.302,-2.89,-2.898,-2.89H188.833c-1.597,0.0,-2.89,1.293,-2.89,2.89v63.644C185.944,150.101,187.237,151.394,188.833,151.394z"">
    </path>
    <path d=""M435.023,3.869h-6.101v399.186h-17.356V3.869H107.838v399.186H90.482V3.869H72.275C53.6,3.869,38.414,19.064,38.414,37.73v417.393c0.0,28.715,23.352,52.068,52.068,52.068h360.83c11.585,0.0,21.001,-9.424,21.001,-21.001v-65.779v-17.356V41.158C472.312,20.6,455.581,3.869,435.023,3.869zM168.583,84.86c0.0,-11.16,9.086,-20.246,20.246,-20.246h133.068c11.16,0.0,20.246,9.086,20.246,20.246v63.644c0.0,11.16,-9.086,20.246,-20.246,20.246H188.829c-11.16,0.0,-20.246,-9.086,-20.246,-20.246V84.86zM316.109,316.276c0.0,4.799,-3.888,8.678,-8.678,8.678H203.295c-4.79,0.0,-8.678,-3.879,-8.678,-8.678s3.888,-8.678,8.678,-8.678h104.136C312.221,307.598,316.109,311.477,316.109,316.276zM168.583,342.31h173.559c4.79,0.0,8.678,3.879,8.678,8.678c0.0,4.799,-3.888,8.678,-8.678,8.678H168.583c-4.79,0.0,-8.678,-3.879,-8.678,-8.678C159.905,346.189,163.793,342.31,168.583,342.31zM454.956,486.19c0.0,2.005,-1.631,3.645,-3.645,3.645H90.482c-19.144,0.0,-34.712,-15.568,-34.712,-34.712s15.568,-34.712,34.712,-34.712h17.356h303.729h17.356h26.034V486.19z"">
    </path>
   </g>
  </g>
 </g>
</svg>


Question: How many white horizontal lines are there on the object in the image?",One,Two,Three,Four,B,book
151,"Examine the following SVG code carefully and answer the question based on your interpretation of the rendered image.

<svg id=""Layer_1"" style=""enable-background:new 0 0 503.322 503.322;"" version=""1.1"" viewbox=""0 0 503.322 503.322"" x=""0px"" xml:space=""preserve"" y=""0px"">
 <g>
  <g>
   <g>
    <path d=""M125.194,446.444h-43.39c-4.79,0.0,-8.678,3.879,-8.678,8.678c0.0,4.799,3.888,8.678,8.678,8.678h43.39c4.79,0.0,8.678,-3.879,8.678,-8.678C133.872,450.323,129.984,446.444,125.194,446.444z"">
    </path>
    <path d=""M376.855,446.444H159.905c-4.79,0.0,-8.678,3.879,-8.678,8.678c0.0,4.799,3.888,8.678,8.678,8.678h216.949c4.79,0.0,8.678,-3.879,8.678,-8.678C385.533,450.323,381.645,446.444,376.855,446.444z"">
    </path>
    <path d=""M188.833,151.394h133.059c1.597,0.0,2.898,-1.293,2.898,-2.89V84.86c0.0,-1.597,-1.302,-2.89,-2.898,-2.89H188.833c-1.597,0.0,-2.89,1.293,-2.89,2.89v63.644C185.944,150.101,187.237,151.394,188.833,151.394z"">
    </path>
    <path d=""M435.023,3.869h-6.101v399.186h-17.356V3.869H107.838v399.186H90.482V3.869H72.275C53.6,3.869,38.414,19.064,38.414,37.73v417.393c0.0,28.715,23.352,52.068,52.068,52.068h360.83c11.585,0.0,21.001,-9.424,21.001,-21.001v-65.779v-17.356V41.158C472.312,20.6,455.581,3.869,435.023,3.869zM168.583,84.86c0.0,-11.16,9.086,-20.246,20.246,-20.246h133.068c11.16,0.0,20.246,9.086,20.246,20.246v63.644c0.0,11.16,-9.086,20.246,-20.246,20.246H188.829c-11.16,0.0,-20.246,-9.086,-20.246,-20.246V84.86zM316.109,316.276c0.0,4.799,-3.888,8.678,-8.678,8.678H203.295c-4.79,0.0,-8.678,-3.879,-8.678,-8.678s3.888,-8.678,8.678,-8.678h104.136C312.221,307.598,316.109,311.477,316.109,316.276zM168.583,342.31h173.559c4.79,0.0,8.678,3.879,8.678,8.678c0.0,4.799,-3.888,8.678,-8.678,8.678H168.583c-4.79,0.0,-8.678,-3.879,-8.678,-8.678C159.905,346.189,163.793,342.31,168.583,342.31zM454.956,486.19c0.0,2.005,-1.631,3.645,-3.645,3.645H90.482c-19.144,0.0,-34.712,-15.568,-34.712,-34.712s15.568,-34.712,34.712,-34.712h17.356h303.729h17.356h26.034V486.19z"">
    </path>
   </g>
  </g>
 </g>
</svg>


Question: What is the object in the image?",book,computer,phone,car,A,book
152,"Examine the following SVG code carefully and answer the question based on your interpretation of the rendered image.

<svg id=""Layer_1"" style=""enable-background:new 0 0 512 512;"" version=""1.1"" viewbox=""0 0 512 512"" x=""0px"" xml:space=""preserve"" y=""0px"">
 <g transform=""translate(1 1)"">
  <polygon points=""166.641,506.326 140.607,488.970 114.574,506.326 114.574,462.936 166.641,462.936"" style=""fill:#F0F0F0;"">
  </polygon>
  <path d=""M236.065,462.936H79.862V11.682h156.203c14.753,0.0,26.034,11.281,26.034,26.034v399.186C262.099,451.655,250.818,462.936,236.065,462.936"" style=""fill:#FFFFFF;"">
  </path>
  <path d=""M409.624,462.936H253.421V11.682h156.203c14.753,0.0,26.034,11.281,26.034,26.034v399.186C435.658,451.655,424.377,462.936,409.624,462.936"" style=""fill:#CCCCCC;"">
  </path>
  <path d=""M383.591,462.936H105.896V11.682h277.695c14.753,0.0,26.034,11.281,26.034,26.034v399.186C409.624,451.655,398.343,462.936,383.591,462.936"" style=""fill:#E2E3E5;"">
  </path>
  <polygon points=""105.896,315.411 340.201,315.411 340.201,159.207 105.896,159.207"" style=""fill:#F0F0F0;"">
  </polygon>
  <polygon points=""383.591,315.411 435.658,315.411 435.658,159.207 383.591,159.207"" style=""fill:#E0E0E0;"">
  </polygon>
  <g>
   <polygon points=""383.591,315.411 409.624,315.411 409.624,159.207 383.591,159.207"" style=""fill:#F0F0F0;"">
   </polygon>
   <polygon points=""340.201,462.936 383.591,462.936 383.591,11.682 340.201,11.682"" style=""fill:#F0F0F0;"">
   </polygon>
  </g>
  <g>
   <path d=""M409.624,471.614H79.862c-5.207,0.0,-8.678,-3.471,-8.678,-8.678V11.682C71.184,6.475,74.655,3.004,79.862,3.004h329.763c19.092,0.0,34.712,15.62,34.712,34.712v399.186C444.336,455.994,428.716,471.614,409.624,471.614zM88.54,454.258h321.085c9.546,0.0,17.356,-7.81,17.356,-17.356V37.716c0.0,-9.546,-7.81,-17.356,-17.356,-17.356H88.54V454.258z"" style=""fill:#B6B6B6;"">
   </path>
   <path d=""M383.591,471.614h-43.39c-5.207,0.0,-8.678,-3.471,-8.678,-8.678V11.682c0.0,-5.207,3.471,-8.678,8.678,-8.678h43.39c5.207,0.0,8.678,3.471,8.678,8.678v451.254C392.268,467.275,388.797,471.614,383.591,471.614zM348.879,454.258h26.034V20.36h-26.034V454.258z"" style=""fill:#B6B6B6;"">
   </path>
   <path d=""M340.201,324.089H79.862c-5.207,0.0,-8.678,-3.471,-8.678,-8.678V159.207c0.0,-5.207,3.471,-8.678,8.678,-8.678h260.339c5.207,0.0,8.678,3.471,8.678,8.678v156.203C348.879,320.618,345.407,324.089,340.201,324.089zM88.54,306.733h242.983V167.885H88.54V306.733z"" style=""fill:#B6B6B6;"">
   </path>
   <path d=""M435.658,324.089h-52.068c-5.207,0.0,-8.678,-3.471,-8.678,-8.678V159.207c0.0,-5.207,3.471,-8.678,8.678,-8.678h52.068c5.207,0.0,8.678,3.471,8.678,8.678v156.203C444.336,320.618,440.865,324.089,435.658,324.089zM392.268,306.733h34.712V167.885h-34.712V306.733z"" style=""fill:#B6B6B6;"">
   </path>
   <path d=""M166.641,515.004c-1.736,0.0,-3.471,-0.868,-5.207,-1.736l-20.827,-13.885l-20.827,13.885c-2.603,1.736,-6.075,1.736,-8.678,0.0c-3.471,-0.868,-5.207,-3.471,-5.207,-6.942v-43.39c0.0,-5.207,3.471,-8.678,8.678,-8.678h52.068c5.207,0.0,8.678,3.471,8.678,8.678v43.39c0.0,3.471,-1.736,6.075,-4.339,7.81C169.245,515.004,168.377,515.004,166.641,515.004zM140.607,480.292c1.736,0.0,3.471,0.868,5.207,1.736l12.149,8.678V471.614h-34.712v18.224l12.149,-8.678C137.136,481.16,138.872,480.292,140.607,480.292z"" style=""fill:#B6B6B6;"">
   </path>
   <path d=""M444.336,202.597c0.0,5.207,-3.471,8.678,-8.678,8.678c-5.207,0.0,-8.678,-3.471,-8.678,-8.678c0.0,-5.207,3.471,-8.678,8.678,-8.678C440.865,193.919,444.336,197.39,444.336,202.597"" style=""fill:#B6B6B6;"">
   </path>
   <path d=""M444.336,254.665c0.0,5.207,-3.471,8.678,-8.678,8.678c-5.207,0.0,-8.678,-3.471,-8.678,-8.678c0.0,-5.207,3.471,-8.678,8.678,-8.678C440.865,245.987,444.336,249.458,444.336,254.665"" style=""fill:#B6B6B6;"">
   </path>
   <path d=""M444.336,306.733c0.0,5.207,-3.471,8.678,-8.678,8.678c-5.207,0.0,-8.678,-3.471,-8.678,-8.678c0.0,-5.207,3.471,-8.678,8.678,-8.678C440.865,298.055,444.336,301.526,444.336,306.733"" style=""fill:#B6B6B6;"">
   </path>
  </g>
 </g>
</svg>


Question: How many horizontal sections does the object have?",1,2,4,3,D,book
153,"Examine the following SVG code carefully and answer the question based on your interpretation of the rendered image.

<svg id=""Layer_1"" style=""enable-background:new 0 0 512 512;"" version=""1.1"" viewbox=""0 0 512 512"" x=""0px"" xml:space=""preserve"" y=""0px"">
 <g transform=""translate(1 1)"">
  <polygon points=""166.641,506.326 140.607,488.970 114.574,506.326 114.574,462.936 166.641,462.936"" style=""fill:#F0F0F0;"">
  </polygon>
  <path d=""M236.065,462.936H79.862V11.682h156.203c14.753,0.0,26.034,11.281,26.034,26.034v399.186C262.099,451.655,250.818,462.936,236.065,462.936"" style=""fill:#FFFFFF;"">
  </path>
  <path d=""M409.624,462.936H253.421V11.682h156.203c14.753,0.0,26.034,11.281,26.034,26.034v399.186C435.658,451.655,424.377,462.936,409.624,462.936"" style=""fill:#CCCCCC;"">
  </path>
  <path d=""M383.591,462.936H105.896V11.682h277.695c14.753,0.0,26.034,11.281,26.034,26.034v399.186C409.624,451.655,398.343,462.936,383.591,462.936"" style=""fill:#E2E3E5;"">
  </path>
  <polygon points=""105.896,315.411 340.201,315.411 340.201,159.207 105.896,159.207"" style=""fill:#F0F0F0;"">
  </polygon>
  <polygon points=""383.591,315.411 435.658,315.411 435.658,159.207 383.591,159.207"" style=""fill:#E0E0E0;"">
  </polygon>
  <g>
   <polygon points=""383.591,315.411 409.624,315.411 409.624,159.207 383.591,159.207"" style=""fill:#F0F0F0;"">
   </polygon>
   <polygon points=""340.201,462.936 383.591,462.936 383.591,11.682 340.201,11.682"" style=""fill:#F0F0F0;"">
   </polygon>
  </g>
  <g>
   <path d=""M409.624,471.614H79.862c-5.207,0.0,-8.678,-3.471,-8.678,-8.678V11.682C71.184,6.475,74.655,3.004,79.862,3.004h329.763c19.092,0.0,34.712,15.62,34.712,34.712v399.186C444.336,455.994,428.716,471.614,409.624,471.614zM88.54,454.258h321.085c9.546,0.0,17.356,-7.81,17.356,-17.356V37.716c0.0,-9.546,-7.81,-17.356,-17.356,-17.356H88.54V454.258z"" style=""fill:#B6B6B6;"">
   </path>
   <path d=""M383.591,471.614h-43.39c-5.207,0.0,-8.678,-3.471,-8.678,-8.678V11.682c0.0,-5.207,3.471,-8.678,8.678,-8.678h43.39c5.207,0.0,8.678,3.471,8.678,8.678v451.254C392.268,467.275,388.797,471.614,383.591,471.614zM348.879,454.258h26.034V20.36h-26.034V454.258z"" style=""fill:#B6B6B6;"">
   </path>
   <path d=""M340.201,324.089H79.862c-5.207,0.0,-8.678,-3.471,-8.678,-8.678V159.207c0.0,-5.207,3.471,-8.678,8.678,-8.678h260.339c5.207,0.0,8.678,3.471,8.678,8.678v156.203C348.879,320.618,345.407,324.089,340.201,324.089zM88.54,306.733h242.983V167.885H88.54V306.733z"" style=""fill:#B6B6B6;"">
   </path>
   <path d=""M435.658,324.089h-52.068c-5.207,0.0,-8.678,-3.471,-8.678,-8.678V159.207c0.0,-5.207,3.471,-8.678,8.678,-8.678h52.068c5.207,0.0,8.678,3.471,8.678,8.678v156.203C444.336,320.618,440.865,324.089,435.658,324.089zM392.268,306.733h34.712V167.885h-34.712V306.733z"" style=""fill:#B6B6B6;"">
   </path>
   <path d=""M166.641,515.004c-1.736,0.0,-3.471,-0.868,-5.207,-1.736l-20.827,-13.885l-20.827,13.885c-2.603,1.736,-6.075,1.736,-8.678,0.0c-3.471,-0.868,-5.207,-3.471,-5.207,-6.942v-43.39c0.0,-5.207,3.471,-8.678,8.678,-8.678h52.068c5.207,0.0,8.678,3.471,8.678,8.678v43.39c0.0,3.471,-1.736,6.075,-4.339,7.81C169.245,515.004,168.377,515.004,166.641,515.004zM140.607,480.292c1.736,0.0,3.471,0.868,5.207,1.736l12.149,8.678V471.614h-34.712v18.224l12.149,-8.678C137.136,481.16,138.872,480.292,140.607,480.292z"" style=""fill:#B6B6B6;"">
   </path>
   <path d=""M444.336,202.597c0.0,5.207,-3.471,8.678,-8.678,8.678c-5.207,0.0,-8.678,-3.471,-8.678,-8.678c0.0,-5.207,3.471,-8.678,8.678,-8.678C440.865,193.919,444.336,197.39,444.336,202.597"" style=""fill:#B6B6B6;"">
   </path>
   <path d=""M444.336,254.665c0.0,5.207,-3.471,8.678,-8.678,8.678c-5.207,0.0,-8.678,-3.471,-8.678,-8.678c0.0,-5.207,3.471,-8.678,8.678,-8.678C440.865,245.987,444.336,249.458,444.336,254.665"" style=""fill:#B6B6B6;"">
   </path>
   <path d=""M444.336,306.733c0.0,5.207,-3.471,8.678,-8.678,8.678c-5.207,0.0,-8.678,-3.471,-8.678,-8.678c0.0,-5.207,3.471,-8.678,8.678,-8.678C440.865,298.055,444.336,301.526,444.336,306.733"" style=""fill:#B6B6B6;"">
   </path>
  </g>
 </g>
</svg>


Question: What shape are the sections within the object?",Circles,Triangles,Squares,Rectangles,D,book
154,"Examine the following SVG code carefully and answer the question based on your interpretation of the rendered image.

<svg id=""Layer_1"" style=""enable-background:new 0 0 512 512;"" version=""1.1"" viewbox=""0 0 512 512"" x=""0px"" xml:space=""preserve"" y=""0px"">
 <g transform=""translate(1 1)"">
  <polygon points=""166.641,506.326 140.607,488.970 114.574,506.326 114.574,462.936 166.641,462.936"" style=""fill:#F0F0F0;"">
  </polygon>
  <path d=""M236.065,462.936H79.862V11.682h156.203c14.753,0.0,26.034,11.281,26.034,26.034v399.186C262.099,451.655,250.818,462.936,236.065,462.936"" style=""fill:#FFFFFF;"">
  </path>
  <path d=""M409.624,462.936H253.421V11.682h156.203c14.753,0.0,26.034,11.281,26.034,26.034v399.186C435.658,451.655,424.377,462.936,409.624,462.936"" style=""fill:#CCCCCC;"">
  </path>
  <path d=""M383.591,462.936H105.896V11.682h277.695c14.753,0.0,26.034,11.281,26.034,26.034v399.186C409.624,451.655,398.343,462.936,383.591,462.936"" style=""fill:#E2E3E5;"">
  </path>
  <polygon points=""105.896,315.411 340.201,315.411 340.201,159.207 105.896,159.207"" style=""fill:#F0F0F0;"">
  </polygon>
  <polygon points=""383.591,315.411 435.658,315.411 435.658,159.207 383.591,159.207"" style=""fill:#E0E0E0;"">
  </polygon>
  <g>
   <polygon points=""383.591,315.411 409.624,315.411 409.624,159.207 383.591,159.207"" style=""fill:#F0F0F0;"">
   </polygon>
   <polygon points=""340.201,462.936 383.591,462.936 383.591,11.682 340.201,11.682"" style=""fill:#F0F0F0;"">
   </polygon>
  </g>
  <g>
   <path d=""M409.624,471.614H79.862c-5.207,0.0,-8.678,-3.471,-8.678,-8.678V11.682C71.184,6.475,74.655,3.004,79.862,3.004h329.763c19.092,0.0,34.712,15.62,34.712,34.712v399.186C444.336,455.994,428.716,471.614,409.624,471.614zM88.54,454.258h321.085c9.546,0.0,17.356,-7.81,17.356,-17.356V37.716c0.0,-9.546,-7.81,-17.356,-17.356,-17.356H88.54V454.258z"" style=""fill:#B6B6B6;"">
   </path>
   <path d=""M383.591,471.614h-43.39c-5.207,0.0,-8.678,-3.471,-8.678,-8.678V11.682c0.0,-5.207,3.471,-8.678,8.678,-8.678h43.39c5.207,0.0,8.678,3.471,8.678,8.678v451.254C392.268,467.275,388.797,471.614,383.591,471.614zM348.879,454.258h26.034V20.36h-26.034V454.258z"" style=""fill:#B6B6B6;"">
   </path>
   <path d=""M340.201,324.089H79.862c-5.207,0.0,-8.678,-3.471,-8.678,-8.678V159.207c0.0,-5.207,3.471,-8.678,8.678,-8.678h260.339c5.207,0.0,8.678,3.471,8.678,8.678v156.203C348.879,320.618,345.407,324.089,340.201,324.089zM88.54,306.733h242.983V167.885H88.54V306.733z"" style=""fill:#B6B6B6;"">
   </path>
   <path d=""M435.658,324.089h-52.068c-5.207,0.0,-8.678,-3.471,-8.678,-8.678V159.207c0.0,-5.207,3.471,-8.678,8.678,-8.678h52.068c5.207,0.0,8.678,3.471,8.678,8.678v156.203C444.336,320.618,440.865,324.089,435.658,324.089zM392.268,306.733h34.712V167.885h-34.712V306.733z"" style=""fill:#B6B6B6;"">
   </path>
   <path d=""M166.641,515.004c-1.736,0.0,-3.471,-0.868,-5.207,-1.736l-20.827,-13.885l-20.827,13.885c-2.603,1.736,-6.075,1.736,-8.678,0.0c-3.471,-0.868,-5.207,-3.471,-5.207,-6.942v-43.39c0.0,-5.207,3.471,-8.678,8.678,-8.678h52.068c5.207,0.0,8.678,3.471,8.678,8.678v43.39c0.0,3.471,-1.736,6.075,-4.339,7.81C169.245,515.004,168.377,515.004,166.641,515.004zM140.607,480.292c1.736,0.0,3.471,0.868,5.207,1.736l12.149,8.678V471.614h-34.712v18.224l12.149,-8.678C137.136,481.16,138.872,480.292,140.607,480.292z"" style=""fill:#B6B6B6;"">
   </path>
   <path d=""M444.336,202.597c0.0,5.207,-3.471,8.678,-8.678,8.678c-5.207,0.0,-8.678,-3.471,-8.678,-8.678c0.0,-5.207,3.471,-8.678,8.678,-8.678C440.865,193.919,444.336,197.39,444.336,202.597"" style=""fill:#B6B6B6;"">
   </path>
   <path d=""M444.336,254.665c0.0,5.207,-3.471,8.678,-8.678,8.678c-5.207,0.0,-8.678,-3.471,-8.678,-8.678c0.0,-5.207,3.471,-8.678,8.678,-8.678C440.865,245.987,444.336,249.458,444.336,254.665"" style=""fill:#B6B6B6;"">
   </path>
   <path d=""M444.336,306.733c0.0,5.207,-3.471,8.678,-8.678,8.678c-5.207,0.0,-8.678,-3.471,-8.678,-8.678c0.0,-5.207,3.471,-8.678,8.678,-8.678C440.865,298.055,444.336,301.526,444.336,306.733"" style=""fill:#B6B6B6;"">
   </path>
  </g>
 </g>
</svg>


Question: What is the color of the border of the object?",Black,Red,Blue,Gray,D,book
155,"Examine the following SVG code carefully and answer the question based on your interpretation of the rendered image.

<svg id=""Layer_1"" style=""enable-background:new 0 0 512 512;"" version=""1.1"" viewbox=""0 0 512 512"" x=""0px"" xml:space=""preserve"" y=""0px"">
 <g transform=""translate(1 1)"">
  <polygon points=""166.641,506.326 140.607,488.970 114.574,506.326 114.574,462.936 166.641,462.936"" style=""fill:#F0F0F0;"">
  </polygon>
  <path d=""M236.065,462.936H79.862V11.682h156.203c14.753,0.0,26.034,11.281,26.034,26.034v399.186C262.099,451.655,250.818,462.936,236.065,462.936"" style=""fill:#FFFFFF;"">
  </path>
  <path d=""M409.624,462.936H253.421V11.682h156.203c14.753,0.0,26.034,11.281,26.034,26.034v399.186C435.658,451.655,424.377,462.936,409.624,462.936"" style=""fill:#CCCCCC;"">
  </path>
  <path d=""M383.591,462.936H105.896V11.682h277.695c14.753,0.0,26.034,11.281,26.034,26.034v399.186C409.624,451.655,398.343,462.936,383.591,462.936"" style=""fill:#E2E3E5;"">
  </path>
  <polygon points=""105.896,315.411 340.201,315.411 340.201,159.207 105.896,159.207"" style=""fill:#F0F0F0;"">
  </polygon>
  <polygon points=""383.591,315.411 435.658,315.411 435.658,159.207 383.591,159.207"" style=""fill:#E0E0E0;"">
  </polygon>
  <g>
   <polygon points=""383.591,315.411 409.624,315.411 409.624,159.207 383.591,159.207"" style=""fill:#F0F0F0;"">
   </polygon>
   <polygon points=""340.201,462.936 383.591,462.936 383.591,11.682 340.201,11.682"" style=""fill:#F0F0F0;"">
   </polygon>
  </g>
  <g>
   <path d=""M409.624,471.614H79.862c-5.207,0.0,-8.678,-3.471,-8.678,-8.678V11.682C71.184,6.475,74.655,3.004,79.862,3.004h329.763c19.092,0.0,34.712,15.62,34.712,34.712v399.186C444.336,455.994,428.716,471.614,409.624,471.614zM88.54,454.258h321.085c9.546,0.0,17.356,-7.81,17.356,-17.356V37.716c0.0,-9.546,-7.81,-17.356,-17.356,-17.356H88.54V454.258z"" style=""fill:#B6B6B6;"">
   </path>
   <path d=""M383.591,471.614h-43.39c-5.207,0.0,-8.678,-3.471,-8.678,-8.678V11.682c0.0,-5.207,3.471,-8.678,8.678,-8.678h43.39c5.207,0.0,8.678,3.471,8.678,8.678v451.254C392.268,467.275,388.797,471.614,383.591,471.614zM348.879,454.258h26.034V20.36h-26.034V454.258z"" style=""fill:#B6B6B6;"">
   </path>
   <path d=""M340.201,324.089H79.862c-5.207,0.0,-8.678,-3.471,-8.678,-8.678V159.207c0.0,-5.207,3.471,-8.678,8.678,-8.678h260.339c5.207,0.0,8.678,3.471,8.678,8.678v156.203C348.879,320.618,345.407,324.089,340.201,324.089zM88.54,306.733h242.983V167.885H88.54V306.733z"" style=""fill:#B6B6B6;"">
   </path>
   <path d=""M435.658,324.089h-52.068c-5.207,0.0,-8.678,-3.471,-8.678,-8.678V159.207c0.0,-5.207,3.471,-8.678,8.678,-8.678h52.068c5.207,0.0,8.678,3.471,8.678,8.678v156.203C444.336,320.618,440.865,324.089,435.658,324.089zM392.268,306.733h34.712V167.885h-34.712V306.733z"" style=""fill:#B6B6B6;"">
   </path>
   <path d=""M166.641,515.004c-1.736,0.0,-3.471,-0.868,-5.207,-1.736l-20.827,-13.885l-20.827,13.885c-2.603,1.736,-6.075,1.736,-8.678,0.0c-3.471,-0.868,-5.207,-3.471,-5.207,-6.942v-43.39c0.0,-5.207,3.471,-8.678,8.678,-8.678h52.068c5.207,0.0,8.678,3.471,8.678,8.678v43.39c0.0,3.471,-1.736,6.075,-4.339,7.81C169.245,515.004,168.377,515.004,166.641,515.004zM140.607,480.292c1.736,0.0,3.471,0.868,5.207,1.736l12.149,8.678V471.614h-34.712v18.224l12.149,-8.678C137.136,481.16,138.872,480.292,140.607,480.292z"" style=""fill:#B6B6B6;"">
   </path>
   <path d=""M444.336,202.597c0.0,5.207,-3.471,8.678,-8.678,8.678c-5.207,0.0,-8.678,-3.471,-8.678,-8.678c0.0,-5.207,3.471,-8.678,8.678,-8.678C440.865,193.919,444.336,197.39,444.336,202.597"" style=""fill:#B6B6B6;"">
   </path>
   <path d=""M444.336,254.665c0.0,5.207,-3.471,8.678,-8.678,8.678c-5.207,0.0,-8.678,-3.471,-8.678,-8.678c0.0,-5.207,3.471,-8.678,8.678,-8.678C440.865,245.987,444.336,249.458,444.336,254.665"" style=""fill:#B6B6B6;"">
   </path>
   <path d=""M444.336,306.733c0.0,5.207,-3.471,8.678,-8.678,8.678c-5.207,0.0,-8.678,-3.471,-8.678,-8.678c0.0,-5.207,3.471,-8.678,8.678,-8.678C440.865,298.055,444.336,301.526,444.336,306.733"" style=""fill:#B6B6B6;"">
   </path>
  </g>
 </g>
</svg>


Question: What is the object in the image?",bookshelf,window,door,book,D,book
196,"Examine the following SVG code carefully and answer the question based on your interpretation of the rendered image.

<svg id=""Capa_1"" style=""enable-background:new 0 0 58 58;"" version=""1.1"" viewbox=""0 0 58 58"" x=""0px"" xml:space=""preserve"" y=""0px"">
 <rect height=""58"" style=""fill:#D75A4A;"" width=""44"" x=""7.411"" y=""0.3332731062692975"">
 </rect>
 <rect height=""58"" style=""fill:#C03A2B;"" width=""8"" x=""7.411"" y=""0.3332731062692975"">
 </rect>
 <rect height=""12"" style=""fill:#EDEADA;"" width=""22"" x=""22.411"" y=""10.333"">
 </rect>
 <rect height=""2"" style=""fill:#CEC9AE;"" width=""14"" x=""26.411"" y=""13.333"">
 </rect>
 <rect height=""2"" style=""fill:#CEC9AE;"" width=""14"" x=""26.411"" y=""17.333"">
 </rect>
</svg>


Question: What is the primary color of the object?",Blue,Green,Red,Yellow,C,book
197,"Examine the following SVG code carefully and answer the question based on your interpretation of the rendered image.

<svg id=""Capa_1"" style=""enable-background:new 0 0 58 58;"" version=""1.1"" viewbox=""0 0 58 58"" x=""0px"" xml:space=""preserve"" y=""0px"">
 <rect height=""58"" style=""fill:#D75A4A;"" width=""44"" x=""7.411"" y=""0.3332731062692975"">
 </rect>
 <rect height=""58"" style=""fill:#C03A2B;"" width=""8"" x=""7.411"" y=""0.3332731062692975"">
 </rect>
 <rect height=""12"" style=""fill:#EDEADA;"" width=""22"" x=""22.411"" y=""10.333"">
 </rect>
 <rect height=""2"" style=""fill:#CEC9AE;"" width=""14"" x=""26.411"" y=""13.333"">
 </rect>
 <rect height=""2"" style=""fill:#CEC9AE;"" width=""14"" x=""26.411"" y=""17.333"">
 </rect>
</svg>


Question: What shape is the object?",Circle,Rectangle,Triangle,Hexagon,B,book
198,"Examine the following SVG code carefully and answer the question based on your interpretation of the rendered image.

<svg id=""Capa_1"" style=""enable-background:new 0 0 58 58;"" version=""1.1"" viewbox=""0 0 58 58"" x=""0px"" xml:space=""preserve"" y=""0px"">
 <rect height=""58"" style=""fill:#D75A4A;"" width=""44"" x=""7.411"" y=""0.3332731062692975"">
 </rect>
 <rect height=""58"" style=""fill:#C03A2B;"" width=""8"" x=""7.411"" y=""0.3332731062692975"">
 </rect>
 <rect height=""12"" style=""fill:#EDEADA;"" width=""22"" x=""22.411"" y=""10.333"">
 </rect>
 <rect height=""2"" style=""fill:#CEC9AE;"" width=""14"" x=""26.411"" y=""13.333"">
 </rect>
 <rect height=""2"" style=""fill:#CEC9AE;"" width=""14"" x=""26.411"" y=""17.333"">
 </rect>
</svg>


Question: What is the color of the label on the object?",White,Black,Green,Yellow,A,book
199,"Examine the following SVG code carefully and answer the question based on your interpretation of the rendered image.

<svg id=""Capa_1"" style=""enable-background:new 0 0 58 58;"" version=""1.1"" viewbox=""0 0 58 58"" x=""0px"" xml:space=""preserve"" y=""0px"">
 <rect height=""58"" style=""fill:#D75A4A;"" width=""44"" x=""7.411"" y=""0.3332731062692975"">
 </rect>
 <rect height=""58"" style=""fill:#C03A2B;"" width=""8"" x=""7.411"" y=""0.3332731062692975"">
 </rect>
 <rect height=""12"" style=""fill:#EDEADA;"" width=""22"" x=""22.411"" y=""10.333"">
 </rect>
 <rect height=""2"" style=""fill:#CEC9AE;"" width=""14"" x=""26.411"" y=""13.333"">
 </rect>
 <rect height=""2"" style=""fill:#CEC9AE;"" width=""14"" x=""26.411"" y=""17.333"">
 </rect>
</svg>


Question: What type of object is this?",Notebook,Book,Folder,Envelope,A,book
200,"Examine the following SVG code carefully and answer the question based on your interpretation of the rendered image.

<svg height=""329.899px"" id=""Capa_1"" style=""enable-background:new 0 0 329.899 329.899;"" version=""1.1"" viewbox=""0 0 329.899 329.899"" width=""329.899px"" x=""0px"" xml:space=""preserve"" y=""0px"">
 <g>
  <path d=""M262.663,3.246H72.423C56.945,3.246,44.365,15.826,44.365,31.286v287.428c0.0,4.78,2.366,9.235,6.308,11.926s8.965,3.255,13.417,1.495l103.441,-40.875l103.454,40.875c1.699,0.679,3.501,1.003,5.29,1.003c2.847,0.0,5.687,-0.841,8.101,-2.492c3.957,-2.684,6.312,-7.146,6.312,-11.919V31.286C290.7,15.826,278.12,3.246,262.663,3.246zM215.61,161.92l-25.137,18.264l9.596,29.556c0.643,1.981,-0.06,4.155,-1.741,5.374c-0.853,0.606,-1.837,0.919,-2.822,0.919c-0.991,0.0,-1.981,-0.312,-2.834,-0.919l-25.134,-18.261l-25.136,18.261c-1.684,1.219,-3.966,1.219,-5.645,0.0c-1.678,-1.219,-2.405,-3.387,-1.753,-5.374l9.61,-29.556l-25.142,-18.264c-1.684,-1.225,-2.387,-3.39,-1.748,-5.374c0.64,-1.981,2.486,-3.327,4.576,-3.327h31.068l9.611,-29.54c1.273,-3.966,7.842,-3.966,9.139,0.0l9.599,29.54h31.075c2.084,0.0,3.921,1.346,4.569,3.327C218.0,158.524,217.291,160.695,215.61,161.92z"">
  </path>
 </g>
</svg>


Question: What shape is located in the center of the object?",Star,Square,Circle,Triangle,A,book
201,"Examine the following SVG code carefully and answer the question based on your interpretation of the rendered image.

<svg height=""329.899px"" id=""Capa_1"" style=""enable-background:new 0 0 329.899 329.899;"" version=""1.1"" viewbox=""0 0 329.899 329.899"" width=""329.899px"" x=""0px"" xml:space=""preserve"" y=""0px"">
 <g>
  <path d=""M262.663,3.246H72.423C56.945,3.246,44.365,15.826,44.365,31.286v287.428c0.0,4.78,2.366,9.235,6.308,11.926s8.965,3.255,13.417,1.495l103.441,-40.875l103.454,40.875c1.699,0.679,3.501,1.003,5.29,1.003c2.847,0.0,5.687,-0.841,8.101,-2.492c3.957,-2.684,6.312,-7.146,6.312,-11.919V31.286C290.7,15.826,278.12,3.246,262.663,3.246zM215.61,161.92l-25.137,18.264l9.596,29.556c0.643,1.981,-0.06,4.155,-1.741,5.374c-0.853,0.606,-1.837,0.919,-2.822,0.919c-0.991,0.0,-1.981,-0.312,-2.834,-0.919l-25.134,-18.261l-25.136,18.261c-1.684,1.219,-3.966,1.219,-5.645,0.0c-1.678,-1.219,-2.405,-3.387,-1.753,-5.374l9.61,-29.556l-25.142,-18.264c-1.684,-1.225,-2.387,-3.39,-1.748,-5.374c0.64,-1.981,2.486,-3.327,4.576,-3.327h31.068l9.611,-29.54c1.273,-3.966,7.842,-3.966,9.139,0.0l9.599,29.54h31.075c2.084,0.0,3.921,1.346,4.569,3.327C218.0,158.524,217.291,160.695,215.61,161.92z"">
  </path>
 </g>
</svg>


Question: What is the color of the star in the center of the object?",White,Black,Red,Blue,A,book
202,"Examine the following SVG code carefully and answer the question based on your interpretation of the rendered image.

<svg height=""329.899px"" id=""Capa_1"" style=""enable-background:new 0 0 329.899 329.899;"" version=""1.1"" viewbox=""0 0 329.899 329.899"" width=""329.899px"" x=""0px"" xml:space=""preserve"" y=""0px"">
 <g>
  <path d=""M262.663,3.246H72.423C56.945,3.246,44.365,15.826,44.365,31.286v287.428c0.0,4.78,2.366,9.235,6.308,11.926s8.965,3.255,13.417,1.495l103.441,-40.875l103.454,40.875c1.699,0.679,3.501,1.003,5.29,1.003c2.847,0.0,5.687,-0.841,8.101,-2.492c3.957,-2.684,6.312,-7.146,6.312,-11.919V31.286C290.7,15.826,278.12,3.246,262.663,3.246zM215.61,161.92l-25.137,18.264l9.596,29.556c0.643,1.981,-0.06,4.155,-1.741,5.374c-0.853,0.606,-1.837,0.919,-2.822,0.919c-0.991,0.0,-1.981,-0.312,-2.834,-0.919l-25.134,-18.261l-25.136,18.261c-1.684,1.219,-3.966,1.219,-5.645,0.0c-1.678,-1.219,-2.405,-3.387,-1.753,-5.374l9.61,-29.556l-25.142,-18.264c-1.684,-1.225,-2.387,-3.39,-1.748,-5.374c0.64,-1.981,2.486,-3.327,4.576,-3.327h31.068l9.611,-29.54c1.273,-3.966,7.842,-3.966,9.139,0.0l9.599,29.54h31.075c2.084,0.0,3.921,1.346,4.569,3.327C218.0,158.524,217.291,160.695,215.61,161.92z"">
  </path>
 </g>
</svg>


Question: What is the shape of the overall object?",Circle,Rectangle,Triangle,Hexagon,B,book
203,"Examine the following SVG code carefully and answer the question based on your interpretation of the rendered image.

<svg height=""329.899px"" id=""Capa_1"" style=""enable-background:new 0 0 329.899 329.899;"" version=""1.1"" viewbox=""0 0 329.899 329.899"" width=""329.899px"" x=""0px"" xml:space=""preserve"" y=""0px"">
 <g>
  <path d=""M262.663,3.246H72.423C56.945,3.246,44.365,15.826,44.365,31.286v287.428c0.0,4.78,2.366,9.235,6.308,11.926s8.965,3.255,13.417,1.495l103.441,-40.875l103.454,40.875c1.699,0.679,3.501,1.003,5.29,1.003c2.847,0.0,5.687,-0.841,8.101,-2.492c3.957,-2.684,6.312,-7.146,6.312,-11.919V31.286C290.7,15.826,278.12,3.246,262.663,3.246zM215.61,161.92l-25.137,18.264l9.596,29.556c0.643,1.981,-0.06,4.155,-1.741,5.374c-0.853,0.606,-1.837,0.919,-2.822,0.919c-0.991,0.0,-1.981,-0.312,-2.834,-0.919l-25.134,-18.261l-25.136,18.261c-1.684,1.219,-3.966,1.219,-5.645,0.0c-1.678,-1.219,-2.405,-3.387,-1.753,-5.374l9.61,-29.556l-25.142,-18.264c-1.684,-1.225,-2.387,-3.39,-1.748,-5.374c0.64,-1.981,2.486,-3.327,4.576,-3.327h31.068l9.611,-29.54c1.273,-3.966,7.842,-3.966,9.139,0.0l9.599,29.54h31.075c2.084,0.0,3.921,1.346,4.569,3.327C218.0,158.524,217.291,160.695,215.61,161.92z"">
  </path>
 </g>
</svg>


Question: What is the semantic meaning of the whole object?",Bookmark,Flag,Shield,Badge,A,book
252,"Examine the following SVG code carefully and answer the question based on your interpretation of the rendered image.

<svg id=""Layer_1"" style=""enable-background:new 0 0 512 512;"" version=""1.1"" viewbox=""0 0 512 512"" x=""0px"" xml:space=""preserve"" y=""0px"">
 <g>
  <path d=""M426.532,453.691c0.0,-30.495,9.782,-62.859,22.133,-70.279c0.746,-0.449,0.377,-1.581,-0.503,-1.581H138.024c-30.163,0.0,-58.664,16.977,-70.422,44.76C48.173,472.473,81.336,516.568,124.793,516.568h331.156c0.898,0.0,1.24,-1.177,0.449,-1.599C444.434,508.547,426.532,483.548,426.532,453.691"" style=""fill:#199172;"">
  </path>
  <path d=""M447.266,4.568H142.518c-44.508,0.0,-80.6,36.092,-80.6,80.6v341.576v26.947c0.0,-34.726,28.151,-71.86,71.86,-71.86h317.934c3.153,0.0,5.713,-2.56,5.713,-5.713V14.727C457.425,9.113,452.88,4.568,447.266,4.568"" style=""fill:#25B99A;"">
  </path>
  <path d=""M363.608,193.2h-208.15c-11.974,0.0,-21.684,-9.71,-21.684,-21.675v-62.832c0.0,-12.863,10.429,-23.283,23.283,-23.283h204.953c12.854,0.0,23.274,10.42,23.274,23.283v62.832C385.283,183.49,375.581,193.2,363.608,193.2"" style=""fill:#EDEBDA;"">
  </path>
  <g>
   <path d=""M304.445,130.322h-80.842c-4.967,0.0,-8.982,-4.015,-8.982,-8.982c0.0,-4.967,4.015,-8.982,8.982,-8.982h80.842c4.967,0.0,8.982,4.015,8.982,8.982C313.427,126.307,309.412,130.322,304.445,130.322"" style=""fill:#CEC9AE;"">
   </path>
   <path d=""M331.392,166.252H187.673c-4.967,0.0,-8.982,-4.015,-8.982,-8.982c0.0,-4.967,4.015,-8.982,8.982,-8.982h143.719c4.967,0.0,8.982,4.015,8.982,8.982C340.375,162.237,336.36,166.252,331.392,166.252"" style=""fill:#CEC9AE;"">
   </path>
  </g>
  <g>
   <path d=""M313.427,417.761c-4.967,0.0,-8.982,4.015,-8.982,8.982s4.015,8.982,8.982,8.982H427.621c0.728,-6.216,1.832,-12.27,3.207,-17.965H313.427z"" style=""fill:#25B99A;"">
   </path>
   <path d=""M340.375,462.673c-4.967,0.0,-8.982,4.015,-8.982,8.982c0.0,4.967,4.015,8.982,8.982,8.982h91.109c-2.021,-5.605,-3.539,-11.596,-4.303,-17.965H340.375z"" style=""fill:#25B99A;"">
   </path>
  </g>
 </g>
</svg>


Question: What is the primary color of the object in the image?",Red,Blue,Yellow,Green,D,book
253,"Examine the following SVG code carefully and answer the question based on your interpretation of the rendered image.

<svg id=""Layer_1"" style=""enable-background:new 0 0 512 512;"" version=""1.1"" viewbox=""0 0 512 512"" x=""0px"" xml:space=""preserve"" y=""0px"">
 <g>
  <path d=""M426.532,453.691c0.0,-30.495,9.782,-62.859,22.133,-70.279c0.746,-0.449,0.377,-1.581,-0.503,-1.581H138.024c-30.163,0.0,-58.664,16.977,-70.422,44.76C48.173,472.473,81.336,516.568,124.793,516.568h331.156c0.898,0.0,1.24,-1.177,0.449,-1.599C444.434,508.547,426.532,483.548,426.532,453.691"" style=""fill:#199172;"">
  </path>
  <path d=""M447.266,4.568H142.518c-44.508,0.0,-80.6,36.092,-80.6,80.6v341.576v26.947c0.0,-34.726,28.151,-71.86,71.86,-71.86h317.934c3.153,0.0,5.713,-2.56,5.713,-5.713V14.727C457.425,9.113,452.88,4.568,447.266,4.568"" style=""fill:#25B99A;"">
  </path>
  <path d=""M363.608,193.2h-208.15c-11.974,0.0,-21.684,-9.71,-21.684,-21.675v-62.832c0.0,-12.863,10.429,-23.283,23.283,-23.283h204.953c12.854,0.0,23.274,10.42,23.274,23.283v62.832C385.283,183.49,375.581,193.2,363.608,193.2"" style=""fill:#EDEBDA;"">
  </path>
  <g>
   <path d=""M304.445,130.322h-80.842c-4.967,0.0,-8.982,-4.015,-8.982,-8.982c0.0,-4.967,4.015,-8.982,8.982,-8.982h80.842c4.967,0.0,8.982,4.015,8.982,8.982C313.427,126.307,309.412,130.322,304.445,130.322"" style=""fill:#CEC9AE;"">
   </path>
   <path d=""M331.392,166.252H187.673c-4.967,0.0,-8.982,-4.015,-8.982,-8.982c0.0,-4.967,4.015,-8.982,8.982,-8.982h143.719c4.967,0.0,8.982,4.015,8.982,8.982C340.375,162.237,336.36,166.252,331.392,166.252"" style=""fill:#CEC9AE;"">
   </path>
  </g>
  <g>
   <path d=""M313.427,417.761c-4.967,0.0,-8.982,4.015,-8.982,8.982s4.015,8.982,8.982,8.982H427.621c0.728,-6.216,1.832,-12.27,3.207,-17.965H313.427z"" style=""fill:#25B99A;"">
   </path>
   <path d=""M340.375,462.673c-4.967,0.0,-8.982,4.015,-8.982,8.982c0.0,4.967,4.015,8.982,8.982,8.982h91.109c-2.021,-5.605,-3.539,-11.596,-4.303,-17.965H340.375z"" style=""fill:#25B99A;"">
   </path>
  </g>
 </g>
</svg>


Question: What shape is the object in the image?",Circle,Square,Rectangle,Triangle,C,book
254,"Examine the following SVG code carefully and answer the question based on your interpretation of the rendered image.

<svg id=""Layer_1"" style=""enable-background:new 0 0 512 512;"" version=""1.1"" viewbox=""0 0 512 512"" x=""0px"" xml:space=""preserve"" y=""0px"">
 <g>
  <path d=""M426.532,453.691c0.0,-30.495,9.782,-62.859,22.133,-70.279c0.746,-0.449,0.377,-1.581,-0.503,-1.581H138.024c-30.163,0.0,-58.664,16.977,-70.422,44.76C48.173,472.473,81.336,516.568,124.793,516.568h331.156c0.898,0.0,1.24,-1.177,0.449,-1.599C444.434,508.547,426.532,483.548,426.532,453.691"" style=""fill:#199172;"">
  </path>
  <path d=""M447.266,4.568H142.518c-44.508,0.0,-80.6,36.092,-80.6,80.6v341.576v26.947c0.0,-34.726,28.151,-71.86,71.86,-71.86h317.934c3.153,0.0,5.713,-2.56,5.713,-5.713V14.727C457.425,9.113,452.88,4.568,447.266,4.568"" style=""fill:#25B99A;"">
  </path>
  <path d=""M363.608,193.2h-208.15c-11.974,0.0,-21.684,-9.71,-21.684,-21.675v-62.832c0.0,-12.863,10.429,-23.283,23.283,-23.283h204.953c12.854,0.0,23.274,10.42,23.274,23.283v62.832C385.283,183.49,375.581,193.2,363.608,193.2"" style=""fill:#EDEBDA;"">
  </path>
  <g>
   <path d=""M304.445,130.322h-80.842c-4.967,0.0,-8.982,-4.015,-8.982,-8.982c0.0,-4.967,4.015,-8.982,8.982,-8.982h80.842c4.967,0.0,8.982,4.015,8.982,8.982C313.427,126.307,309.412,130.322,304.445,130.322"" style=""fill:#CEC9AE;"">
   </path>
   <path d=""M331.392,166.252H187.673c-4.967,0.0,-8.982,-4.015,-8.982,-8.982c0.0,-4.967,4.015,-8.982,8.982,-8.982h143.719c4.967,0.0,8.982,4.015,8.982,8.982C340.375,162.237,336.36,166.252,331.392,166.252"" style=""fill:#CEC9AE;"">
   </path>
  </g>
  <g>
   <path d=""M313.427,417.761c-4.967,0.0,-8.982,4.015,-8.982,8.982s4.015,8.982,8.982,8.982H427.621c0.728,-6.216,1.832,-12.27,3.207,-17.965H313.427z"" style=""fill:#25B99A;"">
   </path>
   <path d=""M340.375,462.673c-4.967,0.0,-8.982,4.015,-8.982,8.982c0.0,4.967,4.015,8.982,8.982,8.982h91.109c-2.021,-5.605,-3.539,-11.596,-4.303,-17.965H340.375z"" style=""fill:#25B99A;"">
   </path>
  </g>
 </g>
</svg>


Question: What is the color of the label on the object?",White,Beige,Gray,Black,B,book
255,"Examine the following SVG code carefully and answer the question based on your interpretation of the rendered image.

<svg id=""Layer_1"" style=""enable-background:new 0 0 512 512;"" version=""1.1"" viewbox=""0 0 512 512"" x=""0px"" xml:space=""preserve"" y=""0px"">
 <g>
  <path d=""M426.532,453.691c0.0,-30.495,9.782,-62.859,22.133,-70.279c0.746,-0.449,0.377,-1.581,-0.503,-1.581H138.024c-30.163,0.0,-58.664,16.977,-70.422,44.76C48.173,472.473,81.336,516.568,124.793,516.568h331.156c0.898,0.0,1.24,-1.177,0.449,-1.599C444.434,508.547,426.532,483.548,426.532,453.691"" style=""fill:#199172;"">
  </path>
  <path d=""M447.266,4.568H142.518c-44.508,0.0,-80.6,36.092,-80.6,80.6v341.576v26.947c0.0,-34.726,28.151,-71.86,71.86,-71.86h317.934c3.153,0.0,5.713,-2.56,5.713,-5.713V14.727C457.425,9.113,452.88,4.568,447.266,4.568"" style=""fill:#25B99A;"">
  </path>
  <path d=""M363.608,193.2h-208.15c-11.974,0.0,-21.684,-9.71,-21.684,-21.675v-62.832c0.0,-12.863,10.429,-23.283,23.283,-23.283h204.953c12.854,0.0,23.274,10.42,23.274,23.283v62.832C385.283,183.49,375.581,193.2,363.608,193.2"" style=""fill:#EDEBDA;"">
  </path>
  <g>
   <path d=""M304.445,130.322h-80.842c-4.967,0.0,-8.982,-4.015,-8.982,-8.982c0.0,-4.967,4.015,-8.982,8.982,-8.982h80.842c4.967,0.0,8.982,4.015,8.982,8.982C313.427,126.307,309.412,130.322,304.445,130.322"" style=""fill:#CEC9AE;"">
   </path>
   <path d=""M331.392,166.252H187.673c-4.967,0.0,-8.982,-4.015,-8.982,-8.982c0.0,-4.967,4.015,-8.982,8.982,-8.982h143.719c4.967,0.0,8.982,4.015,8.982,8.982C340.375,162.237,336.36,166.252,331.392,166.252"" style=""fill:#CEC9AE;"">
   </path>
  </g>
  <g>
   <path d=""M313.427,417.761c-4.967,0.0,-8.982,4.015,-8.982,8.982s4.015,8.982,8.982,8.982H427.621c0.728,-6.216,1.832,-12.27,3.207,-17.965H313.427z"" style=""fill:#25B99A;"">
   </path>
   <path d=""M340.375,462.673c-4.967,0.0,-8.982,4.015,-8.982,8.982c0.0,4.967,4.015,8.982,8.982,8.982h91.109c-2.021,-5.605,-3.539,-11.596,-4.303,-17.965H340.375z"" style=""fill:#25B99A;"">
   </path>
  </g>
 </g>
</svg>


Question: What type of object is shown in the image?",book,box,folder,bag,A,book
12,"Examine the following SVG code carefully and answer the question based on your interpretation of the rendered image.

<svg id=""Layer_1"" style=""enable-background:new 0 0 512 512;"" version=""1.1"" viewbox=""0 0 512 512"" x=""0px"" xml:space=""preserve"" y=""0px"">
 <path d=""M515.432,430.195l-68.492,9.232h-0.035l-176.307,23.759c-28.329,3.822,-55.795,-11.408,-67.548,-37.469c-5.629,-12.49,-12.352,-26.787,-19.938,-41.751c-0.058,-0.115,-0.092,-0.173,-0.092,-0.173c-22.574,-44.56,-52.687,-95.072,-83.871,-121.433c-12.409,-10.487,-31.391,-1.151,-30.816,15.091l0.322,9.336l6.193,176.399H48.028c0.0,0.0,2.222,-113.513,-17.474,-201.068c-5.146,-22.827,-11.765,-43.893,-20.306,-60.722c-5.065,-9.969,-7.54,-21.1,-6.63,-32.243c2.037,-24.899,14.573,-67.594,68.676,-111.867l181.89,273.899c22.712,34.2,64.268,50.719,104.258,41.441l21.618,-5.007l104.281,29.319c11.615,3.269,21.204,11.5,26.2,22.482L515.432,430.195z"" style=""fill:#EC589B;"">
 </path>
 <g>
  <path d=""M446.905,439.427l-176.307,23.759c-28.329,3.822,-55.795,-11.408,-67.548,-37.469c-5.629,-12.49,-12.352,-26.787,-19.938,-41.751C185.357,387.868,228.928,458.283,446.905,439.427z"" style=""fill:#D3468D;"">
  </path>
  <path d=""M99.149,262.361c-12.409,-10.487,-31.391,-1.151,-30.816,15.091l0.322,9.336c-14.481,-11.016,-27.834,-19.097,-38.102,-24.669c-5.146,-22.827,-11.765,-43.893,-20.306,-60.722C10.248,201.397,55.476,218.687,99.149,262.361z"" style=""fill:#D3468D;"">
  </path>
 </g>
</svg>


Question: What is the primary color of the object in the image?",Blue,Green,Yellow,Pink,D,clothing
13,"Examine the following SVG code carefully and answer the question based on your interpretation of the rendered image.

<svg id=""Layer_1"" style=""enable-background:new 0 0 512 512;"" version=""1.1"" viewbox=""0 0 512 512"" x=""0px"" xml:space=""preserve"" y=""0px"">
 <path d=""M515.432,430.195l-68.492,9.232h-0.035l-176.307,23.759c-28.329,3.822,-55.795,-11.408,-67.548,-37.469c-5.629,-12.49,-12.352,-26.787,-19.938,-41.751c-0.058,-0.115,-0.092,-0.173,-0.092,-0.173c-22.574,-44.56,-52.687,-95.072,-83.871,-121.433c-12.409,-10.487,-31.391,-1.151,-30.816,15.091l0.322,9.336l6.193,176.399H48.028c0.0,0.0,2.222,-113.513,-17.474,-201.068c-5.146,-22.827,-11.765,-43.893,-20.306,-60.722c-5.065,-9.969,-7.54,-21.1,-6.63,-32.243c2.037,-24.899,14.573,-67.594,68.676,-111.867l181.89,273.899c22.712,34.2,64.268,50.719,104.258,41.441l21.618,-5.007l104.281,29.319c11.615,3.269,21.204,11.5,26.2,22.482L515.432,430.195z"" style=""fill:#EC589B;"">
 </path>
 <g>
  <path d=""M446.905,439.427l-176.307,23.759c-28.329,3.822,-55.795,-11.408,-67.548,-37.469c-5.629,-12.49,-12.352,-26.787,-19.938,-41.751C185.357,387.868,228.928,458.283,446.905,439.427z"" style=""fill:#D3468D;"">
  </path>
  <path d=""M99.149,262.361c-12.409,-10.487,-31.391,-1.151,-30.816,15.091l0.322,9.336c-14.481,-11.016,-27.834,-19.097,-38.102,-24.669c-5.146,-22.827,-11.765,-43.893,-20.306,-60.722C10.248,201.397,55.476,218.687,99.149,262.361z"" style=""fill:#D3468D;"">
  </path>
 </g>
</svg>


Question: What type of object is shown in the image?",Shoe,Hat,Bag,Watch,A,clothing
14,"Examine the following SVG code carefully and answer the question based on your interpretation of the rendered image.

<svg id=""Layer_1"" style=""enable-background:new 0 0 512 512;"" version=""1.1"" viewbox=""0 0 512 512"" x=""0px"" xml:space=""preserve"" y=""0px"">
 <path d=""M515.432,430.195l-68.492,9.232h-0.035l-176.307,23.759c-28.329,3.822,-55.795,-11.408,-67.548,-37.469c-5.629,-12.49,-12.352,-26.787,-19.938,-41.751c-0.058,-0.115,-0.092,-0.173,-0.092,-0.173c-22.574,-44.56,-52.687,-95.072,-83.871,-121.433c-12.409,-10.487,-31.391,-1.151,-30.816,15.091l0.322,9.336l6.193,176.399H48.028c0.0,0.0,2.222,-113.513,-17.474,-201.068c-5.146,-22.827,-11.765,-43.893,-20.306,-60.722c-5.065,-9.969,-7.54,-21.1,-6.63,-32.243c2.037,-24.899,14.573,-67.594,68.676,-111.867l181.89,273.899c22.712,34.2,64.268,50.719,104.258,41.441l21.618,-5.007l104.281,29.319c11.615,3.269,21.204,11.5,26.2,22.482L515.432,430.195z"" style=""fill:#EC589B;"">
 </path>
 <g>
  <path d=""M446.905,439.427l-176.307,23.759c-28.329,3.822,-55.795,-11.408,-67.548,-37.469c-5.629,-12.49,-12.352,-26.787,-19.938,-41.751C185.357,387.868,228.928,458.283,446.905,439.427z"" style=""fill:#D3468D;"">
  </path>
  <path d=""M99.149,262.361c-12.409,-10.487,-31.391,-1.151,-30.816,15.091l0.322,9.336c-14.481,-11.016,-27.834,-19.097,-38.102,-24.669c-5.146,-22.827,-11.765,-43.893,-20.306,-60.722C10.248,201.397,55.476,218.687,99.149,262.361z"" style=""fill:#D3468D;"">
  </path>
 </g>
</svg>


Question: What is the shape of the heel of the object in the image?",Square,Round,Pointed,Flat,C,clothing
15,"Examine the following SVG code carefully and answer the question based on your interpretation of the rendered image.

<svg id=""Layer_1"" style=""enable-background:new 0 0 512 512;"" version=""1.1"" viewbox=""0 0 512 512"" x=""0px"" xml:space=""preserve"" y=""0px"">
 <path d=""M515.432,430.195l-68.492,9.232h-0.035l-176.307,23.759c-28.329,3.822,-55.795,-11.408,-67.548,-37.469c-5.629,-12.49,-12.352,-26.787,-19.938,-41.751c-0.058,-0.115,-0.092,-0.173,-0.092,-0.173c-22.574,-44.56,-52.687,-95.072,-83.871,-121.433c-12.409,-10.487,-31.391,-1.151,-30.816,15.091l0.322,9.336l6.193,176.399H48.028c0.0,0.0,2.222,-113.513,-17.474,-201.068c-5.146,-22.827,-11.765,-43.893,-20.306,-60.722c-5.065,-9.969,-7.54,-21.1,-6.63,-32.243c2.037,-24.899,14.573,-67.594,68.676,-111.867l181.89,273.899c22.712,34.2,64.268,50.719,104.258,41.441l21.618,-5.007l104.281,29.319c11.615,3.269,21.204,11.5,26.2,22.482L515.432,430.195z"" style=""fill:#EC589B;"">
 </path>
 <g>
  <path d=""M446.905,439.427l-176.307,23.759c-28.329,3.822,-55.795,-11.408,-67.548,-37.469c-5.629,-12.49,-12.352,-26.787,-19.938,-41.751C185.357,387.868,228.928,458.283,446.905,439.427z"" style=""fill:#D3468D;"">
  </path>
  <path d=""M99.149,262.361c-12.409,-10.487,-31.391,-1.151,-30.816,15.091l0.322,9.336c-14.481,-11.016,-27.834,-19.097,-38.102,-24.669c-5.146,-22.827,-11.765,-43.893,-20.306,-60.722C10.248,201.397,55.476,218.687,99.149,262.361z"" style=""fill:#D3468D;"">
  </path>
 </g>
</svg>


Question: What is the semantic category of the object in the image?",Furniture,Footwear,Electronics,Food,B,clothing
72,"Examine the following SVG code carefully and answer the question based on your interpretation of the rendered image.

<svg id=""Capa_1"" style=""enable-background:new 0 0 297 297;"" version=""1.1"" viewbox=""0 0 297 297"" x=""0px"" xml:space=""preserve"" y=""0px"">
 <g>
  <g>
   <g>
    <path d=""M58.542,125.103c0.097,0.005,0.201,0.014,0.297,0.026c47.661,5.67,69.208,-24.163,71.926,-28.261c-3.938,-3.297,-9.531,-6.08,-14.93,-2.122c-9.8,7.187,-11.759,21.857,-50.304,19.095c-38.545,-2.763,-35.932,-28.241,-35.932,-28.241s0.653,-10.865,-9.146,-10.865c0.0,0.0,-4.218,12.05,-8.658,28.88C30.179,123.412,58.259,125.089,58.542,125.103z"" style=""fill:#B23322;"">
    </path>
   </g>
   <g>
    <path d=""M277.2,172.489c-27.223,-9.183,-43.028,-5.382,-140.195,-69.301c-5.442,7.462,-26.041,31.403,-66.326,31.403c-4.045,0.0,-8.288,-0.242,-12.734,-0.765c-2.574,-0.151,-28.65,-2.124,-48.626,-20.364c-7.056,29.547,-12.759,67.977,-0.449,85.0l287.256,13.237C296.127,211.698,308.86,183.169,277.2,172.489z"" style=""fill:#F86E51;"">
    </path>
   </g>
   <g style=""opacity:0.47;"">
    <g>
     <path d=""M29.992,133.826c4.446,0.523,8.689,0.765,12.734,0.765c4.705,0.0,9.13,-0.338,13.305,-0.926c-6.873,-0.705,-29.147,-4.165,-46.712,-20.204c-1.14,4.773,-2.243,9.779,-3.242,14.889C18.279,132.97,28.436,133.735,29.992,133.826z"" style=""fill:#D34B35;"">
     </path>
    </g>
    <g>
     <path d=""M277.2,172.489c-27.223,-9.183,-43.028,-5.382,-140.195,-69.301c-1.795,2.461,-5.25,6.717,-10.505,11.313c81.757,52.176,97.242,49.384,122.746,57.988c27.673,9.335,21.429,32.306,19.418,37.944l27.462,1.265C296.127,211.698,308.86,183.169,277.2,172.489z"" style=""fill:#D34B35;"">
     </path>
    </g>
   </g>
   <g>
    <path d=""M70.68,134.592c40.285,0.0,60.883,-23.941,66.326,-31.403c-0.309,-0.203,-0.608,-0.399,-0.918,-0.603c0.0,0.0,-2.112,-3.03,-5.323,-5.718c-2.717,4.099,-24.265,33.932,-71.926,28.261c-0.096,-0.012,-0.2,-0.021,-0.297,-0.026c-0.283,-0.014,-28.362,-1.692,-46.747,-21.488c-0.826,3.132,-1.66,6.43,-2.476,9.847c19.977,18.241,46.053,20.214,48.626,20.364C62.391,134.35,66.635,134.592,70.68,134.592z"" style=""fill:#32373B;"">
    </path>
   </g>
  </g>
  <g>
   <path d=""M8.87,198.462l287.256,13.237c-2.953,13.229,-11.278,16.331,-11.278,16.331H20.017C20.017,228.029,8.87,228.029,8.87,198.462z"" style=""fill:#C63C22;"">
   </path>
  </g>
  <g>
   <g>
    <path d=""M139.973,136.038c3.146,2.555,7.669,-2.454,7.669,-2.454l14.325,-14.326c-2.367,-1.487,-4.795,-3.024,-7.284,-4.611l-14.711,14.71C139.973,129.357,136.286,133.044,139.973,136.038z"" style=""fill:#32373B;"">
    </path>
   </g>
   <g>
    <path d=""M164.744,148.649c3.146,2.554,7.669,-2.454,7.669,-2.454l12.78,-12.78c-2.407,-1.417,-4.889,-2.894,-7.454,-4.441l-12.995,12.995C164.744,141.969,161.057,145.655,164.744,148.649z"" style=""fill:#32373B;"">
    </path>
   </g>
   <g>
    <path d=""M194.138,161.316c3.146,2.555,7.669,-2.454,7.669,-2.454l10.433,-10.433c-2.48,-1.277,-5.071,-2.644,-7.785,-4.11l-10.317,10.317C194.138,154.636,190.451,158.322,194.138,161.316z"" style=""fill:#32373B;"">
    </path>
   </g>
   <g>
    <path d=""M221.275,173.146c3.146,2.555,7.669,-2.454,7.669,-2.454l10.045,-10.045c-2.631,-1.018,-5.43,-2.165,-8.427,-3.468l-9.287,9.287C221.275,166.466,217.588,170.152,221.275,173.146z"" style=""fill:#32373B;"">
    </path>
   </g>
  </g>
  <g>
   <circle cx=""67.049"" cy=""165.525"" r=""23.459"" style=""fill:#D0D5D9;"">
   </circle>
  </g>
  <g>
   <circle cx=""67.049"" cy=""165.525"" r=""13.264"" style=""fill:#9E2515;"">
   </circle>
  </g>
 </g>
</svg>


Question: What is the primary color of the object?",Blue,Green,Black,Red,D,clothing
73,"Examine the following SVG code carefully and answer the question based on your interpretation of the rendered image.

<svg id=""Capa_1"" style=""enable-background:new 0 0 297 297;"" version=""1.1"" viewbox=""0 0 297 297"" x=""0px"" xml:space=""preserve"" y=""0px"">
 <g>
  <g>
   <g>
    <path d=""M58.542,125.103c0.097,0.005,0.201,0.014,0.297,0.026c47.661,5.67,69.208,-24.163,71.926,-28.261c-3.938,-3.297,-9.531,-6.08,-14.93,-2.122c-9.8,7.187,-11.759,21.857,-50.304,19.095c-38.545,-2.763,-35.932,-28.241,-35.932,-28.241s0.653,-10.865,-9.146,-10.865c0.0,0.0,-4.218,12.05,-8.658,28.88C30.179,123.412,58.259,125.089,58.542,125.103z"" style=""fill:#B23322;"">
    </path>
   </g>
   <g>
    <path d=""M277.2,172.489c-27.223,-9.183,-43.028,-5.382,-140.195,-69.301c-5.442,7.462,-26.041,31.403,-66.326,31.403c-4.045,0.0,-8.288,-0.242,-12.734,-0.765c-2.574,-0.151,-28.65,-2.124,-48.626,-20.364c-7.056,29.547,-12.759,67.977,-0.449,85.0l287.256,13.237C296.127,211.698,308.86,183.169,277.2,172.489z"" style=""fill:#F86E51;"">
    </path>
   </g>
   <g style=""opacity:0.47;"">
    <g>
     <path d=""M29.992,133.826c4.446,0.523,8.689,0.765,12.734,0.765c4.705,0.0,9.13,-0.338,13.305,-0.926c-6.873,-0.705,-29.147,-4.165,-46.712,-20.204c-1.14,4.773,-2.243,9.779,-3.242,14.889C18.279,132.97,28.436,133.735,29.992,133.826z"" style=""fill:#D34B35;"">
     </path>
    </g>
    <g>
     <path d=""M277.2,172.489c-27.223,-9.183,-43.028,-5.382,-140.195,-69.301c-1.795,2.461,-5.25,6.717,-10.505,11.313c81.757,52.176,97.242,49.384,122.746,57.988c27.673,9.335,21.429,32.306,19.418,37.944l27.462,1.265C296.127,211.698,308.86,183.169,277.2,172.489z"" style=""fill:#D34B35;"">
     </path>
    </g>
   </g>
   <g>
    <path d=""M70.68,134.592c40.285,0.0,60.883,-23.941,66.326,-31.403c-0.309,-0.203,-0.608,-0.399,-0.918,-0.603c0.0,0.0,-2.112,-3.03,-5.323,-5.718c-2.717,4.099,-24.265,33.932,-71.926,28.261c-0.096,-0.012,-0.2,-0.021,-0.297,-0.026c-0.283,-0.014,-28.362,-1.692,-46.747,-21.488c-0.826,3.132,-1.66,6.43,-2.476,9.847c19.977,18.241,46.053,20.214,48.626,20.364C62.391,134.35,66.635,134.592,70.68,134.592z"" style=""fill:#32373B;"">
    </path>
   </g>
  </g>
  <g>
   <path d=""M8.87,198.462l287.256,13.237c-2.953,13.229,-11.278,16.331,-11.278,16.331H20.017C20.017,228.029,8.87,228.029,8.87,198.462z"" style=""fill:#C63C22;"">
   </path>
  </g>
  <g>
   <g>
    <path d=""M139.973,136.038c3.146,2.555,7.669,-2.454,7.669,-2.454l14.325,-14.326c-2.367,-1.487,-4.795,-3.024,-7.284,-4.611l-14.711,14.71C139.973,129.357,136.286,133.044,139.973,136.038z"" style=""fill:#32373B;"">
    </path>
   </g>
   <g>
    <path d=""M164.744,148.649c3.146,2.554,7.669,-2.454,7.669,-2.454l12.78,-12.78c-2.407,-1.417,-4.889,-2.894,-7.454,-4.441l-12.995,12.995C164.744,141.969,161.057,145.655,164.744,148.649z"" style=""fill:#32373B;"">
    </path>
   </g>
   <g>
    <path d=""M194.138,161.316c3.146,2.555,7.669,-2.454,7.669,-2.454l10.433,-10.433c-2.48,-1.277,-5.071,-2.644,-7.785,-4.11l-10.317,10.317C194.138,154.636,190.451,158.322,194.138,161.316z"" style=""fill:#32373B;"">
    </path>
   </g>
   <g>
    <path d=""M221.275,173.146c3.146,2.555,7.669,-2.454,7.669,-2.454l10.045,-10.045c-2.631,-1.018,-5.43,-2.165,-8.427,-3.468l-9.287,9.287C221.275,166.466,217.588,170.152,221.275,173.146z"" style=""fill:#32373B;"">
    </path>
   </g>
  </g>
  <g>
   <circle cx=""67.049"" cy=""165.525"" r=""23.459"" style=""fill:#D0D5D9;"">
   </circle>
  </g>
  <g>
   <circle cx=""67.049"" cy=""165.525"" r=""13.264"" style=""fill:#9E2515;"">
   </circle>
  </g>
 </g>
</svg>


Question: How many laces are visible on the object?",2,3,4,5,C,clothing
74,"Examine the following SVG code carefully and answer the question based on your interpretation of the rendered image.

<svg id=""Capa_1"" style=""enable-background:new 0 0 297 297;"" version=""1.1"" viewbox=""0 0 297 297"" x=""0px"" xml:space=""preserve"" y=""0px"">
 <g>
  <g>
   <g>
    <path d=""M58.542,125.103c0.097,0.005,0.201,0.014,0.297,0.026c47.661,5.67,69.208,-24.163,71.926,-28.261c-3.938,-3.297,-9.531,-6.08,-14.93,-2.122c-9.8,7.187,-11.759,21.857,-50.304,19.095c-38.545,-2.763,-35.932,-28.241,-35.932,-28.241s0.653,-10.865,-9.146,-10.865c0.0,0.0,-4.218,12.05,-8.658,28.88C30.179,123.412,58.259,125.089,58.542,125.103z"" style=""fill:#B23322;"">
    </path>
   </g>
   <g>
    <path d=""M277.2,172.489c-27.223,-9.183,-43.028,-5.382,-140.195,-69.301c-5.442,7.462,-26.041,31.403,-66.326,31.403c-4.045,0.0,-8.288,-0.242,-12.734,-0.765c-2.574,-0.151,-28.65,-2.124,-48.626,-20.364c-7.056,29.547,-12.759,67.977,-0.449,85.0l287.256,13.237C296.127,211.698,308.86,183.169,277.2,172.489z"" style=""fill:#F86E51;"">
    </path>
   </g>
   <g style=""opacity:0.47;"">
    <g>
     <path d=""M29.992,133.826c4.446,0.523,8.689,0.765,12.734,0.765c4.705,0.0,9.13,-0.338,13.305,-0.926c-6.873,-0.705,-29.147,-4.165,-46.712,-20.204c-1.14,4.773,-2.243,9.779,-3.242,14.889C18.279,132.97,28.436,133.735,29.992,133.826z"" style=""fill:#D34B35;"">
     </path>
    </g>
    <g>
     <path d=""M277.2,172.489c-27.223,-9.183,-43.028,-5.382,-140.195,-69.301c-1.795,2.461,-5.25,6.717,-10.505,11.313c81.757,52.176,97.242,49.384,122.746,57.988c27.673,9.335,21.429,32.306,19.418,37.944l27.462,1.265C296.127,211.698,308.86,183.169,277.2,172.489z"" style=""fill:#D34B35;"">
     </path>
    </g>
   </g>
   <g>
    <path d=""M70.68,134.592c40.285,0.0,60.883,-23.941,66.326,-31.403c-0.309,-0.203,-0.608,-0.399,-0.918,-0.603c0.0,0.0,-2.112,-3.03,-5.323,-5.718c-2.717,4.099,-24.265,33.932,-71.926,28.261c-0.096,-0.012,-0.2,-0.021,-0.297,-0.026c-0.283,-0.014,-28.362,-1.692,-46.747,-21.488c-0.826,3.132,-1.66,6.43,-2.476,9.847c19.977,18.241,46.053,20.214,48.626,20.364C62.391,134.35,66.635,134.592,70.68,134.592z"" style=""fill:#32373B;"">
    </path>
   </g>
  </g>
  <g>
   <path d=""M8.87,198.462l287.256,13.237c-2.953,13.229,-11.278,16.331,-11.278,16.331H20.017C20.017,228.029,8.87,228.029,8.87,198.462z"" style=""fill:#C63C22;"">
   </path>
  </g>
  <g>
   <g>
    <path d=""M139.973,136.038c3.146,2.555,7.669,-2.454,7.669,-2.454l14.325,-14.326c-2.367,-1.487,-4.795,-3.024,-7.284,-4.611l-14.711,14.71C139.973,129.357,136.286,133.044,139.973,136.038z"" style=""fill:#32373B;"">
    </path>
   </g>
   <g>
    <path d=""M164.744,148.649c3.146,2.554,7.669,-2.454,7.669,-2.454l12.78,-12.78c-2.407,-1.417,-4.889,-2.894,-7.454,-4.441l-12.995,12.995C164.744,141.969,161.057,145.655,164.744,148.649z"" style=""fill:#32373B;"">
    </path>
   </g>
   <g>
    <path d=""M194.138,161.316c3.146,2.555,7.669,-2.454,7.669,-2.454l10.433,-10.433c-2.48,-1.277,-5.071,-2.644,-7.785,-4.11l-10.317,10.317C194.138,154.636,190.451,158.322,194.138,161.316z"" style=""fill:#32373B;"">
    </path>
   </g>
   <g>
    <path d=""M221.275,173.146c3.146,2.555,7.669,-2.454,7.669,-2.454l10.045,-10.045c-2.631,-1.018,-5.43,-2.165,-8.427,-3.468l-9.287,9.287C221.275,166.466,217.588,170.152,221.275,173.146z"" style=""fill:#32373B;"">
    </path>
   </g>
  </g>
  <g>
   <circle cx=""67.049"" cy=""165.525"" r=""23.459"" style=""fill:#D0D5D9;"">
   </circle>
  </g>
  <g>
   <circle cx=""67.049"" cy=""165.525"" r=""13.264"" style=""fill:#9E2515;"">
   </circle>
  </g>
 </g>
</svg>


Question: What shape is present in the middle left of the object?",Square,Triangle,Circle,Star,C,clothing
75,"Examine the following SVG code carefully and answer the question based on your interpretation of the rendered image.

<svg id=""Capa_1"" style=""enable-background:new 0 0 297 297;"" version=""1.1"" viewbox=""0 0 297 297"" x=""0px"" xml:space=""preserve"" y=""0px"">
 <g>
  <g>
   <g>
    <path d=""M58.542,125.103c0.097,0.005,0.201,0.014,0.297,0.026c47.661,5.67,69.208,-24.163,71.926,-28.261c-3.938,-3.297,-9.531,-6.08,-14.93,-2.122c-9.8,7.187,-11.759,21.857,-50.304,19.095c-38.545,-2.763,-35.932,-28.241,-35.932,-28.241s0.653,-10.865,-9.146,-10.865c0.0,0.0,-4.218,12.05,-8.658,28.88C30.179,123.412,58.259,125.089,58.542,125.103z"" style=""fill:#B23322;"">
    </path>
   </g>
   <g>
    <path d=""M277.2,172.489c-27.223,-9.183,-43.028,-5.382,-140.195,-69.301c-5.442,7.462,-26.041,31.403,-66.326,31.403c-4.045,0.0,-8.288,-0.242,-12.734,-0.765c-2.574,-0.151,-28.65,-2.124,-48.626,-20.364c-7.056,29.547,-12.759,67.977,-0.449,85.0l287.256,13.237C296.127,211.698,308.86,183.169,277.2,172.489z"" style=""fill:#F86E51;"">
    </path>
   </g>
   <g style=""opacity:0.47;"">
    <g>
     <path d=""M29.992,133.826c4.446,0.523,8.689,0.765,12.734,0.765c4.705,0.0,9.13,-0.338,13.305,-0.926c-6.873,-0.705,-29.147,-4.165,-46.712,-20.204c-1.14,4.773,-2.243,9.779,-3.242,14.889C18.279,132.97,28.436,133.735,29.992,133.826z"" style=""fill:#D34B35;"">
     </path>
    </g>
    <g>
     <path d=""M277.2,172.489c-27.223,-9.183,-43.028,-5.382,-140.195,-69.301c-1.795,2.461,-5.25,6.717,-10.505,11.313c81.757,52.176,97.242,49.384,122.746,57.988c27.673,9.335,21.429,32.306,19.418,37.944l27.462,1.265C296.127,211.698,308.86,183.169,277.2,172.489z"" style=""fill:#D34B35;"">
     </path>
    </g>
   </g>
   <g>
    <path d=""M70.68,134.592c40.285,0.0,60.883,-23.941,66.326,-31.403c-0.309,-0.203,-0.608,-0.399,-0.918,-0.603c0.0,0.0,-2.112,-3.03,-5.323,-5.718c-2.717,4.099,-24.265,33.932,-71.926,28.261c-0.096,-0.012,-0.2,-0.021,-0.297,-0.026c-0.283,-0.014,-28.362,-1.692,-46.747,-21.488c-0.826,3.132,-1.66,6.43,-2.476,9.847c19.977,18.241,46.053,20.214,48.626,20.364C62.391,134.35,66.635,134.592,70.68,134.592z"" style=""fill:#32373B;"">
    </path>
   </g>
  </g>
  <g>
   <path d=""M8.87,198.462l287.256,13.237c-2.953,13.229,-11.278,16.331,-11.278,16.331H20.017C20.017,228.029,8.87,228.029,8.87,198.462z"" style=""fill:#C63C22;"">
   </path>
  </g>
  <g>
   <g>
    <path d=""M139.973,136.038c3.146,2.555,7.669,-2.454,7.669,-2.454l14.325,-14.326c-2.367,-1.487,-4.795,-3.024,-7.284,-4.611l-14.711,14.71C139.973,129.357,136.286,133.044,139.973,136.038z"" style=""fill:#32373B;"">
    </path>
   </g>
   <g>
    <path d=""M164.744,148.649c3.146,2.554,7.669,-2.454,7.669,-2.454l12.78,-12.78c-2.407,-1.417,-4.889,-2.894,-7.454,-4.441l-12.995,12.995C164.744,141.969,161.057,145.655,164.744,148.649z"" style=""fill:#32373B;"">
    </path>
   </g>
   <g>
    <path d=""M194.138,161.316c3.146,2.555,7.669,-2.454,7.669,-2.454l10.433,-10.433c-2.48,-1.277,-5.071,-2.644,-7.785,-4.11l-10.317,10.317C194.138,154.636,190.451,158.322,194.138,161.316z"" style=""fill:#32373B;"">
    </path>
   </g>
   <g>
    <path d=""M221.275,173.146c3.146,2.555,7.669,-2.454,7.669,-2.454l10.045,-10.045c-2.631,-1.018,-5.43,-2.165,-8.427,-3.468l-9.287,9.287C221.275,166.466,217.588,170.152,221.275,173.146z"" style=""fill:#32373B;"">
    </path>
   </g>
  </g>
  <g>
   <circle cx=""67.049"" cy=""165.525"" r=""23.459"" style=""fill:#D0D5D9;"">
   </circle>
  </g>
  <g>
   <circle cx=""67.049"" cy=""165.525"" r=""13.264"" style=""fill:#9E2515;"">
   </circle>
  </g>
 </g>
</svg>


Question: What type of object is shown in the image?",Hat,Shoe,Bag,Glove,B,clothing
92,"Examine the following SVG code carefully and answer the question based on your interpretation of the rendered image.

<svg id=""Layer_1"" style=""enable-background:new 0 0 512 512;"" version=""1.1"" viewbox=""0 0 512 512"" x=""0px"" xml:space=""preserve"" y=""0px"">
 <path d=""M507.437,348.239H12.411V189.285c0.0,-19.834,12.833,-37.343,31.655,-43.186l74.496,-23.107c22.239,-6.901,46.436,-0.89,62.943,15.638l83.734,76.399c23.162,15.46,48.406,27.392,74.897,35.462c15.048,4.586,30.497,7.914,46.202,9.951c11.954,1.536,24.064,2.326,36.252,2.326c23.43,0.0,44.644,9.572,59.993,25.032C497.943,303.272,507.437,324.631,507.437,348.239z"" style=""fill:#00ABE9;"">
 </path>
 <path d=""M507.437,348.239H386.338v-87.797c11.954,1.536,24.064,2.326,36.252,2.326c23.43,0.0,44.644,9.572,59.993,25.032C497.943,303.272,507.437,324.631,507.437,348.239z"" style=""fill:#0081D1;"">
 </path>
 <path d=""M68.976,348.425l162.764,-163.968c11.766,-11.853,11.766,-31.071,0.0,-42.923l0.0,0.0c-11.766,-11.853,-30.842,-11.853,-42.608,0.0L14.098,317.86v30.563h54.877V348.425z"" style=""fill:#57555C;"">
 </path>
 <path d=""M515.723,345.892c-1.243,-50.65,-42.527,-91.475,-93.132,-91.475c-11.721,0.0,-23.364,-0.746,-34.873,-2.212c-0.242,-0.04,-0.484,-0.071,-0.732,-0.091c-16.294,-2.119,-32.314,-5.698,-47.902,-10.672c-0.441,-0.185,-0.894,-0.325,-1.355,-0.431c-14.828,-4.817,-29.254,-10.915,-43.147,-18.234c-0.176,-0.101,-0.353,-0.196,-0.533,-0.283c-8.257,-4.373,-16.328,-9.171,-24.174,-14.406c-3.833,-2.558,-9.019,-1.524,-11.578,2.311c-2.559,3.834,-1.525,9.019,2.311,11.577c5.276,3.519,10.651,6.847,16.106,10.001l-25.04,25.226c-3.248,3.271,-3.229,8.557,0.043,11.805c1.628,1.616,3.754,2.423,5.881,2.423c2.146,0.0,4.293,-0.823,5.925,-2.467l28.512,-28.722c9.307,4.667,18.83,8.819,28.535,12.448l-26.758,26.955c-3.248,3.271,-3.228,8.557,0.043,11.805c1.628,1.616,3.755,2.423,5.881,2.423c2.147,0.0,4.292,-0.823,5.925,-2.467l32.515,-32.755c13.024,3.941,26.322,6.957,39.811,9.037v71.622c0.0,0.195,0.016,0.385,0.029,0.577h-96.908l-45.561,-45.897c-1.567,-1.578,-3.7,-2.467,-5.925,-2.467h-92.405l100.443,-101.187c14.966,-15.076,14.967,-39.608,0.0,-54.685c-7.269,-7.324,-16.939,-11.356,-27.227,-11.356l0.0,0.0c-8.595,0.0,-16.752,2.824,-23.445,8.021c-18.728,-18.439,-45.835,-25.072,-70.902,-17.294l-74.497,23.11C19.145,145.094,4.063,165.652,4.063,189.288v158.948v50.498c0.0,4.61,3.738,8.348,8.348,8.348h495.304c4.611,0.0,8.348,-3.738,8.348,-8.348v-50.498C516.063,347.422,515.941,346.637,515.723,345.892zM394.687,339.312v-69.535c9.238,0.883,18.548,1.336,27.905,1.336c39.382,0.0,71.897,30.162,76.039,68.775H394.657C394.671,339.697,394.687,339.507,394.687,339.312zM226.15,308.219l31.436,31.669H89.212l31.437,-31.669H226.15zM225.815,147.413c8.528,8.592,8.528,22.57,0.0,31.162L65.687,339.888H20.759v-16.887l171.913,-173.185c0.003,-0.003,0.006,-0.006,0.009,-0.008c0.003,-0.003,0.006,-0.007,0.009,-0.01l2.366,-2.383c4.112,-4.142,9.574,-6.423,15.38,-6.423S221.703,143.272,225.815,147.413zM46.538,154.076l74.497,-23.11c19.042,-5.906,39.63,-0.934,53.953,12.965L20.759,299.301V189.287C20.759,173.01,31.119,158.86,46.538,154.076zM20.759,356.583h46.48c0.573,0.121,1.155,0.188,1.739,0.188s1.166,-0.067,1.74,-0.188h69.596l-32.533,32.774c-0.321,0.323,-0.6,0.67,-0.856,1.027H20.759V356.583zM499.367,390.385H130.283l33.554,-33.802h335.53V390.385z"" style=""fill:#3C3A41;"">
 </path>
</svg>


Question: What is the primary color of the object?",Red,Green,Blue,Yellow,C,clothing
93,"Examine the following SVG code carefully and answer the question based on your interpretation of the rendered image.

<svg id=""Layer_1"" style=""enable-background:new 0 0 512 512;"" version=""1.1"" viewbox=""0 0 512 512"" x=""0px"" xml:space=""preserve"" y=""0px"">
 <path d=""M507.437,348.239H12.411V189.285c0.0,-19.834,12.833,-37.343,31.655,-43.186l74.496,-23.107c22.239,-6.901,46.436,-0.89,62.943,15.638l83.734,76.399c23.162,15.46,48.406,27.392,74.897,35.462c15.048,4.586,30.497,7.914,46.202,9.951c11.954,1.536,24.064,2.326,36.252,2.326c23.43,0.0,44.644,9.572,59.993,25.032C497.943,303.272,507.437,324.631,507.437,348.239z"" style=""fill:#00ABE9;"">
 </path>
 <path d=""M507.437,348.239H386.338v-87.797c11.954,1.536,24.064,2.326,36.252,2.326c23.43,0.0,44.644,9.572,59.993,25.032C497.943,303.272,507.437,324.631,507.437,348.239z"" style=""fill:#0081D1;"">
 </path>
 <path d=""M68.976,348.425l162.764,-163.968c11.766,-11.853,11.766,-31.071,0.0,-42.923l0.0,0.0c-11.766,-11.853,-30.842,-11.853,-42.608,0.0L14.098,317.86v30.563h54.877V348.425z"" style=""fill:#57555C;"">
 </path>
 <path d=""M515.723,345.892c-1.243,-50.65,-42.527,-91.475,-93.132,-91.475c-11.721,0.0,-23.364,-0.746,-34.873,-2.212c-0.242,-0.04,-0.484,-0.071,-0.732,-0.091c-16.294,-2.119,-32.314,-5.698,-47.902,-10.672c-0.441,-0.185,-0.894,-0.325,-1.355,-0.431c-14.828,-4.817,-29.254,-10.915,-43.147,-18.234c-0.176,-0.101,-0.353,-0.196,-0.533,-0.283c-8.257,-4.373,-16.328,-9.171,-24.174,-14.406c-3.833,-2.558,-9.019,-1.524,-11.578,2.311c-2.559,3.834,-1.525,9.019,2.311,11.577c5.276,3.519,10.651,6.847,16.106,10.001l-25.04,25.226c-3.248,3.271,-3.229,8.557,0.043,11.805c1.628,1.616,3.754,2.423,5.881,2.423c2.146,0.0,4.293,-0.823,5.925,-2.467l28.512,-28.722c9.307,4.667,18.83,8.819,28.535,12.448l-26.758,26.955c-3.248,3.271,-3.228,8.557,0.043,11.805c1.628,1.616,3.755,2.423,5.881,2.423c2.147,0.0,4.292,-0.823,5.925,-2.467l32.515,-32.755c13.024,3.941,26.322,6.957,39.811,9.037v71.622c0.0,0.195,0.016,0.385,0.029,0.577h-96.908l-45.561,-45.897c-1.567,-1.578,-3.7,-2.467,-5.925,-2.467h-92.405l100.443,-101.187c14.966,-15.076,14.967,-39.608,0.0,-54.685c-7.269,-7.324,-16.939,-11.356,-27.227,-11.356l0.0,0.0c-8.595,0.0,-16.752,2.824,-23.445,8.021c-18.728,-18.439,-45.835,-25.072,-70.902,-17.294l-74.497,23.11C19.145,145.094,4.063,165.652,4.063,189.288v158.948v50.498c0.0,4.61,3.738,8.348,8.348,8.348h495.304c4.611,0.0,8.348,-3.738,8.348,-8.348v-50.498C516.063,347.422,515.941,346.637,515.723,345.892zM394.687,339.312v-69.535c9.238,0.883,18.548,1.336,27.905,1.336c39.382,0.0,71.897,30.162,76.039,68.775H394.657C394.671,339.697,394.687,339.507,394.687,339.312zM226.15,308.219l31.436,31.669H89.212l31.437,-31.669H226.15zM225.815,147.413c8.528,8.592,8.528,22.57,0.0,31.162L65.687,339.888H20.759v-16.887l171.913,-173.185c0.003,-0.003,0.006,-0.006,0.009,-0.008c0.003,-0.003,0.006,-0.007,0.009,-0.01l2.366,-2.383c4.112,-4.142,9.574,-6.423,15.38,-6.423S221.703,143.272,225.815,147.413zM46.538,154.076l74.497,-23.11c19.042,-5.906,39.63,-0.934,53.953,12.965L20.759,299.301V189.287C20.759,173.01,31.119,158.86,46.538,154.076zM20.759,356.583h46.48c0.573,0.121,1.155,0.188,1.739,0.188s1.166,-0.067,1.74,-0.188h69.596l-32.533,32.774c-0.321,0.323,-0.6,0.67,-0.856,1.027H20.759V356.583zM499.367,390.385H130.283l33.554,-33.802h335.53V390.385z"" style=""fill:#3C3A41;"">
 </path>
</svg>


Question: What shape is prominently featured in the sole of the object?",Circle,Triangle,Square,Rectangle,D,clothing
94,"Examine the following SVG code carefully and answer the question based on your interpretation of the rendered image.

<svg id=""Layer_1"" style=""enable-background:new 0 0 512 512;"" version=""1.1"" viewbox=""0 0 512 512"" x=""0px"" xml:space=""preserve"" y=""0px"">
 <path d=""M507.437,348.239H12.411V189.285c0.0,-19.834,12.833,-37.343,31.655,-43.186l74.496,-23.107c22.239,-6.901,46.436,-0.89,62.943,15.638l83.734,76.399c23.162,15.46,48.406,27.392,74.897,35.462c15.048,4.586,30.497,7.914,46.202,9.951c11.954,1.536,24.064,2.326,36.252,2.326c23.43,0.0,44.644,9.572,59.993,25.032C497.943,303.272,507.437,324.631,507.437,348.239z"" style=""fill:#00ABE9;"">
 </path>
 <path d=""M507.437,348.239H386.338v-87.797c11.954,1.536,24.064,2.326,36.252,2.326c23.43,0.0,44.644,9.572,59.993,25.032C497.943,303.272,507.437,324.631,507.437,348.239z"" style=""fill:#0081D1;"">
 </path>
 <path d=""M68.976,348.425l162.764,-163.968c11.766,-11.853,11.766,-31.071,0.0,-42.923l0.0,0.0c-11.766,-11.853,-30.842,-11.853,-42.608,0.0L14.098,317.86v30.563h54.877V348.425z"" style=""fill:#57555C;"">
 </path>
 <path d=""M515.723,345.892c-1.243,-50.65,-42.527,-91.475,-93.132,-91.475c-11.721,0.0,-23.364,-0.746,-34.873,-2.212c-0.242,-0.04,-0.484,-0.071,-0.732,-0.091c-16.294,-2.119,-32.314,-5.698,-47.902,-10.672c-0.441,-0.185,-0.894,-0.325,-1.355,-0.431c-14.828,-4.817,-29.254,-10.915,-43.147,-18.234c-0.176,-0.101,-0.353,-0.196,-0.533,-0.283c-8.257,-4.373,-16.328,-9.171,-24.174,-14.406c-3.833,-2.558,-9.019,-1.524,-11.578,2.311c-2.559,3.834,-1.525,9.019,2.311,11.577c5.276,3.519,10.651,6.847,16.106,10.001l-25.04,25.226c-3.248,3.271,-3.229,8.557,0.043,11.805c1.628,1.616,3.754,2.423,5.881,2.423c2.146,0.0,4.293,-0.823,5.925,-2.467l28.512,-28.722c9.307,4.667,18.83,8.819,28.535,12.448l-26.758,26.955c-3.248,3.271,-3.228,8.557,0.043,11.805c1.628,1.616,3.755,2.423,5.881,2.423c2.147,0.0,4.292,-0.823,5.925,-2.467l32.515,-32.755c13.024,3.941,26.322,6.957,39.811,9.037v71.622c0.0,0.195,0.016,0.385,0.029,0.577h-96.908l-45.561,-45.897c-1.567,-1.578,-3.7,-2.467,-5.925,-2.467h-92.405l100.443,-101.187c14.966,-15.076,14.967,-39.608,0.0,-54.685c-7.269,-7.324,-16.939,-11.356,-27.227,-11.356l0.0,0.0c-8.595,0.0,-16.752,2.824,-23.445,8.021c-18.728,-18.439,-45.835,-25.072,-70.902,-17.294l-74.497,23.11C19.145,145.094,4.063,165.652,4.063,189.288v158.948v50.498c0.0,4.61,3.738,8.348,8.348,8.348h495.304c4.611,0.0,8.348,-3.738,8.348,-8.348v-50.498C516.063,347.422,515.941,346.637,515.723,345.892zM394.687,339.312v-69.535c9.238,0.883,18.548,1.336,27.905,1.336c39.382,0.0,71.897,30.162,76.039,68.775H394.657C394.671,339.697,394.687,339.507,394.687,339.312zM226.15,308.219l31.436,31.669H89.212l31.437,-31.669H226.15zM225.815,147.413c8.528,8.592,8.528,22.57,0.0,31.162L65.687,339.888H20.759v-16.887l171.913,-173.185c0.003,-0.003,0.006,-0.006,0.009,-0.008c0.003,-0.003,0.006,-0.007,0.009,-0.01l2.366,-2.383c4.112,-4.142,9.574,-6.423,15.38,-6.423S221.703,143.272,225.815,147.413zM46.538,154.076l74.497,-23.11c19.042,-5.906,39.63,-0.934,53.953,12.965L20.759,299.301V189.287C20.759,173.01,31.119,158.86,46.538,154.076zM20.759,356.583h46.48c0.573,0.121,1.155,0.188,1.739,0.188s1.166,-0.067,1.74,-0.188h69.596l-32.533,32.774c-0.321,0.323,-0.6,0.67,-0.856,1.027H20.759V356.583zM499.367,390.385H130.283l33.554,-33.802h335.53V390.385z"" style=""fill:#3C3A41;"">
 </path>
</svg>


Question: How many stripes are visible on the side of the object?",Two,One,Three,Four,A,clothing
95,"Examine the following SVG code carefully and answer the question based on your interpretation of the rendered image.

<svg id=""Layer_1"" style=""enable-background:new 0 0 512 512;"" version=""1.1"" viewbox=""0 0 512 512"" x=""0px"" xml:space=""preserve"" y=""0px"">
 <path d=""M507.437,348.239H12.411V189.285c0.0,-19.834,12.833,-37.343,31.655,-43.186l74.496,-23.107c22.239,-6.901,46.436,-0.89,62.943,15.638l83.734,76.399c23.162,15.46,48.406,27.392,74.897,35.462c15.048,4.586,30.497,7.914,46.202,9.951c11.954,1.536,24.064,2.326,36.252,2.326c23.43,0.0,44.644,9.572,59.993,25.032C497.943,303.272,507.437,324.631,507.437,348.239z"" style=""fill:#00ABE9;"">
 </path>
 <path d=""M507.437,348.239H386.338v-87.797c11.954,1.536,24.064,2.326,36.252,2.326c23.43,0.0,44.644,9.572,59.993,25.032C497.943,303.272,507.437,324.631,507.437,348.239z"" style=""fill:#0081D1;"">
 </path>
 <path d=""M68.976,348.425l162.764,-163.968c11.766,-11.853,11.766,-31.071,0.0,-42.923l0.0,0.0c-11.766,-11.853,-30.842,-11.853,-42.608,0.0L14.098,317.86v30.563h54.877V348.425z"" style=""fill:#57555C;"">
 </path>
 <path d=""M515.723,345.892c-1.243,-50.65,-42.527,-91.475,-93.132,-91.475c-11.721,0.0,-23.364,-0.746,-34.873,-2.212c-0.242,-0.04,-0.484,-0.071,-0.732,-0.091c-16.294,-2.119,-32.314,-5.698,-47.902,-10.672c-0.441,-0.185,-0.894,-0.325,-1.355,-0.431c-14.828,-4.817,-29.254,-10.915,-43.147,-18.234c-0.176,-0.101,-0.353,-0.196,-0.533,-0.283c-8.257,-4.373,-16.328,-9.171,-24.174,-14.406c-3.833,-2.558,-9.019,-1.524,-11.578,2.311c-2.559,3.834,-1.525,9.019,2.311,11.577c5.276,3.519,10.651,6.847,16.106,10.001l-25.04,25.226c-3.248,3.271,-3.229,8.557,0.043,11.805c1.628,1.616,3.754,2.423,5.881,2.423c2.146,0.0,4.293,-0.823,5.925,-2.467l28.512,-28.722c9.307,4.667,18.83,8.819,28.535,12.448l-26.758,26.955c-3.248,3.271,-3.228,8.557,0.043,11.805c1.628,1.616,3.755,2.423,5.881,2.423c2.147,0.0,4.292,-0.823,5.925,-2.467l32.515,-32.755c13.024,3.941,26.322,6.957,39.811,9.037v71.622c0.0,0.195,0.016,0.385,0.029,0.577h-96.908l-45.561,-45.897c-1.567,-1.578,-3.7,-2.467,-5.925,-2.467h-92.405l100.443,-101.187c14.966,-15.076,14.967,-39.608,0.0,-54.685c-7.269,-7.324,-16.939,-11.356,-27.227,-11.356l0.0,0.0c-8.595,0.0,-16.752,2.824,-23.445,8.021c-18.728,-18.439,-45.835,-25.072,-70.902,-17.294l-74.497,23.11C19.145,145.094,4.063,165.652,4.063,189.288v158.948v50.498c0.0,4.61,3.738,8.348,8.348,8.348h495.304c4.611,0.0,8.348,-3.738,8.348,-8.348v-50.498C516.063,347.422,515.941,346.637,515.723,345.892zM394.687,339.312v-69.535c9.238,0.883,18.548,1.336,27.905,1.336c39.382,0.0,71.897,30.162,76.039,68.775H394.657C394.671,339.697,394.687,339.507,394.687,339.312zM226.15,308.219l31.436,31.669H89.212l31.437,-31.669H226.15zM225.815,147.413c8.528,8.592,8.528,22.57,0.0,31.162L65.687,339.888H20.759v-16.887l171.913,-173.185c0.003,-0.003,0.006,-0.006,0.009,-0.008c0.003,-0.003,0.006,-0.007,0.009,-0.01l2.366,-2.383c4.112,-4.142,9.574,-6.423,15.38,-6.423S221.703,143.272,225.815,147.413zM46.538,154.076l74.497,-23.11c19.042,-5.906,39.63,-0.934,53.953,12.965L20.759,299.301V189.287C20.759,173.01,31.119,158.86,46.538,154.076zM20.759,356.583h46.48c0.573,0.121,1.155,0.188,1.739,0.188s1.166,-0.067,1.74,-0.188h69.596l-32.533,32.774c-0.321,0.323,-0.6,0.67,-0.856,1.027H20.759V356.583zM499.367,390.385H130.283l33.554,-33.802h335.53V390.385z"" style=""fill:#3C3A41;"">
 </path>
</svg>


Question: What type of object is depicted in the image?",Shoe,Hat,Bag,Glove,A,clothing
108,"Examine the following SVG code carefully and answer the question based on your interpretation of the rendered image.

<svg id=""Layer_1"" style=""enable-background:new 0 0 512 512;"" version=""1.1"" viewbox=""0 0 512 512"" x=""0px"" xml:space=""preserve"" y=""0px"">
 <path d=""M321.491,99.07l35.192,42.231l-96.27,105.022l-17.504,-17.504l64.03,-128.06C309.762,95.113,317.451,94.222,321.491,99.07z"" style=""fill:#45CAE0;"">
 </path>
 <path d=""M321.491,99.07c-4.04,-4.849,-11.729,-3.956,-14.551,1.689l-64.03,128.06l11.152,11.152l70.89,-136.748L321.491,99.07z"" style=""fill:#0AADBF;"">
 </path>
 <path d=""M496.712,149.553v114.274c3.081,5.121,6.095,10.95,8.752,17.504c9.759,24.07,10.059,46.446,8.752,61.263v8.752h-385.08L28.342,298.295c-3.834,-2.064,-2.628,-7.851,1.711,-8.214l90.331,-8.752l129.609,-51.844c1.101,-0.44,2.1,-1.099,2.938,-1.937l92.221,-92.221c1.768,-1.768,4.206,-2.696,6.703,-2.548l136.619,8.036C493.101,141.089,496.712,144.919,496.712,149.553z"" style=""fill:#D3D3D5;"">
 </path>
 <path d=""M505.464,281.33c-2.657,-6.554,-5.671,-12.383,-8.752,-17.504V149.553c0.0,-4.634,-3.612,-8.465,-8.238,-8.736l-73.713,-4.337L286.668,272.578L120.384,325.089L26.372,296.162c0.356,0.85,1.001,1.611,1.97,2.133l100.794,53.049h385.08v-8.752C515.523,327.776,515.223,305.399,505.464,281.33z"" style=""fill:#45CAE0;"">
 </path>
 <g>
  <circle cx=""346.248"" cy=""209.281"" r=""14.618"" style=""fill:#1C8B9E;"">
  </circle>
  <circle cx=""317.652"" cy=""240.612"" r=""14.618"" style=""fill:#1C8B9E;"">
  </circle>
  <circle cx=""287.480"" cy=""272.655"" r=""14.618"" style=""fill:#1C8B9E;"">
  </circle>
  <circle cx=""242.911"" cy=""287.270"" r=""14.618"" style=""fill:#1C8B9E;"">
  </circle>
  <circle cx=""203.528"" cy=""299.928"" r=""14.618"" style=""fill:#1C8B9E;"">
  </circle>
  <circle cx=""164.473"" cy=""311.163"" r=""14.618"" style=""fill:#1C8B9E;"">
  </circle>
  <circle cx=""128.558"" cy=""322.464"" r=""14.618"" style=""fill:#1C8B9E;"">
  </circle>
 </g>
 <g>
  <path d=""M317.641,247.867c-1.547,0.0,-3.11,-0.436,-4.498,-1.349l-60.334,-39.65c-3.786,-2.488,-4.84,-7.576,-2.35,-11.363c2.49,-3.786,7.578,-4.838,11.363,-2.35l60.334,39.65c2.857,1.878,4.27,5.441,3.474,8.767C324.755,245.222,321.393,247.867,317.641,247.867z"" style=""fill:#4E5058;"">
  </path>
  <path d=""M286.668,280.783c-2.099,0.0,-4.2,-0.801,-5.802,-2.402l-43.759,-43.759c-3.204,-3.205,-3.204,-8.4,0.0,-11.604c3.205,-3.203,8.4,-3.203,11.604,0.0l43.759,43.759C297.524,271.831,293.846,280.783,286.668,280.783z"" style=""fill:#4E5058;"">
  </path>
  <path d=""M242.917,294.603c-2.621,0.0,-5.196,-1.254,-6.785,-3.582l-28.981,-42.485c-2.554,-3.744,-1.59,-8.848,2.154,-11.401c3.743,-2.557,8.848,-1.59,11.401,2.154l28.981,42.485C253.323,287.101,249.41,294.603,242.917,294.603z"" style=""fill:#4E5058;"">
  </path>
  <path d=""M203.533,308.135c-3.02,0.0,-5.925,-1.673,-7.358,-4.562l-21.88,-44.123c-2.013,-4.06,-0.353,-8.983,3.706,-10.997c4.059,-2.012,8.983,-0.353,10.997,3.706l21.88,44.123C213.528,301.63,209.53,308.135,203.533,308.135z"" style=""fill:#4E5058;"">
  </path>
  <path d=""M164.476,319.372c-3.297,0.0,-6.404,-2.0,-7.66,-5.261l-15.83,-41.139c-1.627,-4.229,0.481,-8.977,4.712,-10.604c4.23,-1.629,8.976,0.482,10.604,4.712l15.83,41.139C174.164,313.498,170.15,319.372,164.476,319.372z"" style=""fill:#4E5058;"">
  </path>
  <path d=""M128.7,330.665c-3.823,0.0,-7.245,-2.686,-8.033,-6.579l-8.324,-41.129c-0.899,-4.443,1.972,-8.772,6.414,-9.67c4.442,-0.895,8.77,1.972,9.669,6.414l8.324,41.13C137.765,325.843,133.813,330.665,128.7,330.665z"" style=""fill:#4E5058;"">
  </path>
  <path d=""M346.237,217.483c-1.409,0.0,-2.836,-0.362,-4.138,-1.125l-72.376,-42.377c-3.91,-2.291,-5.224,-7.317,-2.935,-11.227c2.291,-3.911,7.318,-5.222,11.227,-2.935l72.376,42.377c3.041,1.781,4.631,5.423,3.864,8.863C353.429,214.772,350.04,217.483,346.237,217.483z"" style=""fill:#4E5058;"">
  </path>
  <path d=""M422.321,288.441c-4.532,0.0,-8.205,-3.672,-8.205,-8.205c0.0,-75.977,-62.894,-99.818,-63.529,-100.05c-4.257,-1.553,-6.448,-6.264,-4.893,-10.521c1.553,-4.256,6.26,-6.45,10.521,-4.893c0.77,0.281,19.071,7.088,37.342,24.706c16.866,16.262,36.97,45.21,36.97,90.757C430.526,284.767,426.854,288.441,422.321,288.441z"" style=""fill:#4E5058;"">
  </path>
 </g>
 <path d=""M129.135,342.593L24.114,290.082L4.19,336.569c-3.581,8.356,-0.17,18.062,7.851,22.339l115.163,61.42c1.268,0.676,2.682,1.029,4.119,1.029H496.712c9.667,0.0,17.504,-7.836,17.504,-17.504v-61.263h-385.08V342.593z"" style=""fill:#D3D3D5;"">
 </path>
 <path d=""M496.712,403.855H129.135L22.102,346.771c-2.04,-1.087,-2.882,-3.575,-1.922,-5.678l19.686,-43.134l-15.752,-7.876L5.046,334.575l0.0,0.0l-0.79,1.842c-3.593,8.383,-0.221,18.124,7.787,22.491l0.005,0.003l0.0,0.0l115.158,61.417c1.268,0.676,2.682,1.029,4.119,1.029h365.388c9.668,0.0,17.504,-7.836,17.504,-17.504v-17.504C514.215,396.018,506.379,403.855,496.712,403.855z"" style=""fill:#BDBDC0;"">
 </path>
 <path d=""M24.114,290.082l87.518,43.759l-7.39,-44.337c-0.765,-4.585,-4.98,-7.773,-9.6,-7.26L24.114,290.082z"" style=""fill:#E9E9EA;"">
 </path>
</svg>


Question: What is the primary color of the object?",Red,Blue,Green,Yellow,B,clothing
109,"Examine the following SVG code carefully and answer the question based on your interpretation of the rendered image.

<svg id=""Layer_1"" style=""enable-background:new 0 0 512 512;"" version=""1.1"" viewbox=""0 0 512 512"" x=""0px"" xml:space=""preserve"" y=""0px"">
 <path d=""M321.491,99.07l35.192,42.231l-96.27,105.022l-17.504,-17.504l64.03,-128.06C309.762,95.113,317.451,94.222,321.491,99.07z"" style=""fill:#45CAE0;"">
 </path>
 <path d=""M321.491,99.07c-4.04,-4.849,-11.729,-3.956,-14.551,1.689l-64.03,128.06l11.152,11.152l70.89,-136.748L321.491,99.07z"" style=""fill:#0AADBF;"">
 </path>
 <path d=""M496.712,149.553v114.274c3.081,5.121,6.095,10.95,8.752,17.504c9.759,24.07,10.059,46.446,8.752,61.263v8.752h-385.08L28.342,298.295c-3.834,-2.064,-2.628,-7.851,1.711,-8.214l90.331,-8.752l129.609,-51.844c1.101,-0.44,2.1,-1.099,2.938,-1.937l92.221,-92.221c1.768,-1.768,4.206,-2.696,6.703,-2.548l136.619,8.036C493.101,141.089,496.712,144.919,496.712,149.553z"" style=""fill:#D3D3D5;"">
 </path>
 <path d=""M505.464,281.33c-2.657,-6.554,-5.671,-12.383,-8.752,-17.504V149.553c0.0,-4.634,-3.612,-8.465,-8.238,-8.736l-73.713,-4.337L286.668,272.578L120.384,325.089L26.372,296.162c0.356,0.85,1.001,1.611,1.97,2.133l100.794,53.049h385.08v-8.752C515.523,327.776,515.223,305.399,505.464,281.33z"" style=""fill:#45CAE0;"">
 </path>
 <g>
  <circle cx=""346.248"" cy=""209.281"" r=""14.618"" style=""fill:#1C8B9E;"">
  </circle>
  <circle cx=""317.652"" cy=""240.612"" r=""14.618"" style=""fill:#1C8B9E;"">
  </circle>
  <circle cx=""287.480"" cy=""272.655"" r=""14.618"" style=""fill:#1C8B9E;"">
  </circle>
  <circle cx=""242.911"" cy=""287.270"" r=""14.618"" style=""fill:#1C8B9E;"">
  </circle>
  <circle cx=""203.528"" cy=""299.928"" r=""14.618"" style=""fill:#1C8B9E;"">
  </circle>
  <circle cx=""164.473"" cy=""311.163"" r=""14.618"" style=""fill:#1C8B9E;"">
  </circle>
  <circle cx=""128.558"" cy=""322.464"" r=""14.618"" style=""fill:#1C8B9E;"">
  </circle>
 </g>
 <g>
  <path d=""M317.641,247.867c-1.547,0.0,-3.11,-0.436,-4.498,-1.349l-60.334,-39.65c-3.786,-2.488,-4.84,-7.576,-2.35,-11.363c2.49,-3.786,7.578,-4.838,11.363,-2.35l60.334,39.65c2.857,1.878,4.27,5.441,3.474,8.767C324.755,245.222,321.393,247.867,317.641,247.867z"" style=""fill:#4E5058;"">
  </path>
  <path d=""M286.668,280.783c-2.099,0.0,-4.2,-0.801,-5.802,-2.402l-43.759,-43.759c-3.204,-3.205,-3.204,-8.4,0.0,-11.604c3.205,-3.203,8.4,-3.203,11.604,0.0l43.759,43.759C297.524,271.831,293.846,280.783,286.668,280.783z"" style=""fill:#4E5058;"">
  </path>
  <path d=""M242.917,294.603c-2.621,0.0,-5.196,-1.254,-6.785,-3.582l-28.981,-42.485c-2.554,-3.744,-1.59,-8.848,2.154,-11.401c3.743,-2.557,8.848,-1.59,11.401,2.154l28.981,42.485C253.323,287.101,249.41,294.603,242.917,294.603z"" style=""fill:#4E5058;"">
  </path>
  <path d=""M203.533,308.135c-3.02,0.0,-5.925,-1.673,-7.358,-4.562l-21.88,-44.123c-2.013,-4.06,-0.353,-8.983,3.706,-10.997c4.059,-2.012,8.983,-0.353,10.997,3.706l21.88,44.123C213.528,301.63,209.53,308.135,203.533,308.135z"" style=""fill:#4E5058;"">
  </path>
  <path d=""M164.476,319.372c-3.297,0.0,-6.404,-2.0,-7.66,-5.261l-15.83,-41.139c-1.627,-4.229,0.481,-8.977,4.712,-10.604c4.23,-1.629,8.976,0.482,10.604,4.712l15.83,41.139C174.164,313.498,170.15,319.372,164.476,319.372z"" style=""fill:#4E5058;"">
  </path>
  <path d=""M128.7,330.665c-3.823,0.0,-7.245,-2.686,-8.033,-6.579l-8.324,-41.129c-0.899,-4.443,1.972,-8.772,6.414,-9.67c4.442,-0.895,8.77,1.972,9.669,6.414l8.324,41.13C137.765,325.843,133.813,330.665,128.7,330.665z"" style=""fill:#4E5058;"">
  </path>
  <path d=""M346.237,217.483c-1.409,0.0,-2.836,-0.362,-4.138,-1.125l-72.376,-42.377c-3.91,-2.291,-5.224,-7.317,-2.935,-11.227c2.291,-3.911,7.318,-5.222,11.227,-2.935l72.376,42.377c3.041,1.781,4.631,5.423,3.864,8.863C353.429,214.772,350.04,217.483,346.237,217.483z"" style=""fill:#4E5058;"">
  </path>
  <path d=""M422.321,288.441c-4.532,0.0,-8.205,-3.672,-8.205,-8.205c0.0,-75.977,-62.894,-99.818,-63.529,-100.05c-4.257,-1.553,-6.448,-6.264,-4.893,-10.521c1.553,-4.256,6.26,-6.45,10.521,-4.893c0.77,0.281,19.071,7.088,37.342,24.706c16.866,16.262,36.97,45.21,36.97,90.757C430.526,284.767,426.854,288.441,422.321,288.441z"" style=""fill:#4E5058;"">
  </path>
 </g>
 <path d=""M129.135,342.593L24.114,290.082L4.19,336.569c-3.581,8.356,-0.17,18.062,7.851,22.339l115.163,61.42c1.268,0.676,2.682,1.029,4.119,1.029H496.712c9.667,0.0,17.504,-7.836,17.504,-17.504v-61.263h-385.08V342.593z"" style=""fill:#D3D3D5;"">
 </path>
 <path d=""M496.712,403.855H129.135L22.102,346.771c-2.04,-1.087,-2.882,-3.575,-1.922,-5.678l19.686,-43.134l-15.752,-7.876L5.046,334.575l0.0,0.0l-0.79,1.842c-3.593,8.383,-0.221,18.124,7.787,22.491l0.005,0.003l0.0,0.0l115.158,61.417c1.268,0.676,2.682,1.029,4.119,1.029h365.388c9.668,0.0,17.504,-7.836,17.504,-17.504v-17.504C514.215,396.018,506.379,403.855,496.712,403.855z"" style=""fill:#BDBDC0;"">
 </path>
 <path d=""M24.114,290.082l87.518,43.759l-7.39,-44.337c-0.765,-4.585,-4.98,-7.773,-9.6,-7.26L24.114,290.082z"" style=""fill:#E9E9EA;"">
 </path>
</svg>


Question: How many laces are visible on the object?",5,6,7,8,D,clothing
110,"Examine the following SVG code carefully and answer the question based on your interpretation of the rendered image.

<svg id=""Layer_1"" style=""enable-background:new 0 0 512 512;"" version=""1.1"" viewbox=""0 0 512 512"" x=""0px"" xml:space=""preserve"" y=""0px"">
 <path d=""M321.491,99.07l35.192,42.231l-96.27,105.022l-17.504,-17.504l64.03,-128.06C309.762,95.113,317.451,94.222,321.491,99.07z"" style=""fill:#45CAE0;"">
 </path>
 <path d=""M321.491,99.07c-4.04,-4.849,-11.729,-3.956,-14.551,1.689l-64.03,128.06l11.152,11.152l70.89,-136.748L321.491,99.07z"" style=""fill:#0AADBF;"">
 </path>
 <path d=""M496.712,149.553v114.274c3.081,5.121,6.095,10.95,8.752,17.504c9.759,24.07,10.059,46.446,8.752,61.263v8.752h-385.08L28.342,298.295c-3.834,-2.064,-2.628,-7.851,1.711,-8.214l90.331,-8.752l129.609,-51.844c1.101,-0.44,2.1,-1.099,2.938,-1.937l92.221,-92.221c1.768,-1.768,4.206,-2.696,6.703,-2.548l136.619,8.036C493.101,141.089,496.712,144.919,496.712,149.553z"" style=""fill:#D3D3D5;"">
 </path>
 <path d=""M505.464,281.33c-2.657,-6.554,-5.671,-12.383,-8.752,-17.504V149.553c0.0,-4.634,-3.612,-8.465,-8.238,-8.736l-73.713,-4.337L286.668,272.578L120.384,325.089L26.372,296.162c0.356,0.85,1.001,1.611,1.97,2.133l100.794,53.049h385.08v-8.752C515.523,327.776,515.223,305.399,505.464,281.33z"" style=""fill:#45CAE0;"">
 </path>
 <g>
  <circle cx=""346.248"" cy=""209.281"" r=""14.618"" style=""fill:#1C8B9E;"">
  </circle>
  <circle cx=""317.652"" cy=""240.612"" r=""14.618"" style=""fill:#1C8B9E;"">
  </circle>
  <circle cx=""287.480"" cy=""272.655"" r=""14.618"" style=""fill:#1C8B9E;"">
  </circle>
  <circle cx=""242.911"" cy=""287.270"" r=""14.618"" style=""fill:#1C8B9E;"">
  </circle>
  <circle cx=""203.528"" cy=""299.928"" r=""14.618"" style=""fill:#1C8B9E;"">
  </circle>
  <circle cx=""164.473"" cy=""311.163"" r=""14.618"" style=""fill:#1C8B9E;"">
  </circle>
  <circle cx=""128.558"" cy=""322.464"" r=""14.618"" style=""fill:#1C8B9E;"">
  </circle>
 </g>
 <g>
  <path d=""M317.641,247.867c-1.547,0.0,-3.11,-0.436,-4.498,-1.349l-60.334,-39.65c-3.786,-2.488,-4.84,-7.576,-2.35,-11.363c2.49,-3.786,7.578,-4.838,11.363,-2.35l60.334,39.65c2.857,1.878,4.27,5.441,3.474,8.767C324.755,245.222,321.393,247.867,317.641,247.867z"" style=""fill:#4E5058;"">
  </path>
  <path d=""M286.668,280.783c-2.099,0.0,-4.2,-0.801,-5.802,-2.402l-43.759,-43.759c-3.204,-3.205,-3.204,-8.4,0.0,-11.604c3.205,-3.203,8.4,-3.203,11.604,0.0l43.759,43.759C297.524,271.831,293.846,280.783,286.668,280.783z"" style=""fill:#4E5058;"">
  </path>
  <path d=""M242.917,294.603c-2.621,0.0,-5.196,-1.254,-6.785,-3.582l-28.981,-42.485c-2.554,-3.744,-1.59,-8.848,2.154,-11.401c3.743,-2.557,8.848,-1.59,11.401,2.154l28.981,42.485C253.323,287.101,249.41,294.603,242.917,294.603z"" style=""fill:#4E5058;"">
  </path>
  <path d=""M203.533,308.135c-3.02,0.0,-5.925,-1.673,-7.358,-4.562l-21.88,-44.123c-2.013,-4.06,-0.353,-8.983,3.706,-10.997c4.059,-2.012,8.983,-0.353,10.997,3.706l21.88,44.123C213.528,301.63,209.53,308.135,203.533,308.135z"" style=""fill:#4E5058;"">
  </path>
  <path d=""M164.476,319.372c-3.297,0.0,-6.404,-2.0,-7.66,-5.261l-15.83,-41.139c-1.627,-4.229,0.481,-8.977,4.712,-10.604c4.23,-1.629,8.976,0.482,10.604,4.712l15.83,41.139C174.164,313.498,170.15,319.372,164.476,319.372z"" style=""fill:#4E5058;"">
  </path>
  <path d=""M128.7,330.665c-3.823,0.0,-7.245,-2.686,-8.033,-6.579l-8.324,-41.129c-0.899,-4.443,1.972,-8.772,6.414,-9.67c4.442,-0.895,8.77,1.972,9.669,6.414l8.324,41.13C137.765,325.843,133.813,330.665,128.7,330.665z"" style=""fill:#4E5058;"">
  </path>
  <path d=""M346.237,217.483c-1.409,0.0,-2.836,-0.362,-4.138,-1.125l-72.376,-42.377c-3.91,-2.291,-5.224,-7.317,-2.935,-11.227c2.291,-3.911,7.318,-5.222,11.227,-2.935l72.376,42.377c3.041,1.781,4.631,5.423,3.864,8.863C353.429,214.772,350.04,217.483,346.237,217.483z"" style=""fill:#4E5058;"">
  </path>
  <path d=""M422.321,288.441c-4.532,0.0,-8.205,-3.672,-8.205,-8.205c0.0,-75.977,-62.894,-99.818,-63.529,-100.05c-4.257,-1.553,-6.448,-6.264,-4.893,-10.521c1.553,-4.256,6.26,-6.45,10.521,-4.893c0.77,0.281,19.071,7.088,37.342,24.706c16.866,16.262,36.97,45.21,36.97,90.757C430.526,284.767,426.854,288.441,422.321,288.441z"" style=""fill:#4E5058;"">
  </path>
 </g>
 <path d=""M129.135,342.593L24.114,290.082L4.19,336.569c-3.581,8.356,-0.17,18.062,7.851,22.339l115.163,61.42c1.268,0.676,2.682,1.029,4.119,1.029H496.712c9.667,0.0,17.504,-7.836,17.504,-17.504v-61.263h-385.08V342.593z"" style=""fill:#D3D3D5;"">
 </path>
 <path d=""M496.712,403.855H129.135L22.102,346.771c-2.04,-1.087,-2.882,-3.575,-1.922,-5.678l19.686,-43.134l-15.752,-7.876L5.046,334.575l0.0,0.0l-0.79,1.842c-3.593,8.383,-0.221,18.124,7.787,22.491l0.005,0.003l0.0,0.0l115.158,61.417c1.268,0.676,2.682,1.029,4.119,1.029h365.388c9.668,0.0,17.504,-7.836,17.504,-17.504v-17.504C514.215,396.018,506.379,403.855,496.712,403.855z"" style=""fill:#BDBDC0;"">
 </path>
 <path d=""M24.114,290.082l87.518,43.759l-7.39,-44.337c-0.765,-4.585,-4.98,-7.773,-9.6,-7.26L24.114,290.082z"" style=""fill:#E9E9EA;"">
 </path>
</svg>


Question: What is the shape of the object?",Circle,Square,Triangle,Shoe,D,clothing
111,"Examine the following SVG code carefully and answer the question based on your interpretation of the rendered image.

<svg id=""Layer_1"" style=""enable-background:new 0 0 512 512;"" version=""1.1"" viewbox=""0 0 512 512"" x=""0px"" xml:space=""preserve"" y=""0px"">
 <path d=""M321.491,99.07l35.192,42.231l-96.27,105.022l-17.504,-17.504l64.03,-128.06C309.762,95.113,317.451,94.222,321.491,99.07z"" style=""fill:#45CAE0;"">
 </path>
 <path d=""M321.491,99.07c-4.04,-4.849,-11.729,-3.956,-14.551,1.689l-64.03,128.06l11.152,11.152l70.89,-136.748L321.491,99.07z"" style=""fill:#0AADBF;"">
 </path>
 <path d=""M496.712,149.553v114.274c3.081,5.121,6.095,10.95,8.752,17.504c9.759,24.07,10.059,46.446,8.752,61.263v8.752h-385.08L28.342,298.295c-3.834,-2.064,-2.628,-7.851,1.711,-8.214l90.331,-8.752l129.609,-51.844c1.101,-0.44,2.1,-1.099,2.938,-1.937l92.221,-92.221c1.768,-1.768,4.206,-2.696,6.703,-2.548l136.619,8.036C493.101,141.089,496.712,144.919,496.712,149.553z"" style=""fill:#D3D3D5;"">
 </path>
 <path d=""M505.464,281.33c-2.657,-6.554,-5.671,-12.383,-8.752,-17.504V149.553c0.0,-4.634,-3.612,-8.465,-8.238,-8.736l-73.713,-4.337L286.668,272.578L120.384,325.089L26.372,296.162c0.356,0.85,1.001,1.611,1.97,2.133l100.794,53.049h385.08v-8.752C515.523,327.776,515.223,305.399,505.464,281.33z"" style=""fill:#45CAE0;"">
 </path>
 <g>
  <circle cx=""346.248"" cy=""209.281"" r=""14.618"" style=""fill:#1C8B9E;"">
  </circle>
  <circle cx=""317.652"" cy=""240.612"" r=""14.618"" style=""fill:#1C8B9E;"">
  </circle>
  <circle cx=""287.480"" cy=""272.655"" r=""14.618"" style=""fill:#1C8B9E;"">
  </circle>
  <circle cx=""242.911"" cy=""287.270"" r=""14.618"" style=""fill:#1C8B9E;"">
  </circle>
  <circle cx=""203.528"" cy=""299.928"" r=""14.618"" style=""fill:#1C8B9E;"">
  </circle>
  <circle cx=""164.473"" cy=""311.163"" r=""14.618"" style=""fill:#1C8B9E;"">
  </circle>
  <circle cx=""128.558"" cy=""322.464"" r=""14.618"" style=""fill:#1C8B9E;"">
  </circle>
 </g>
 <g>
  <path d=""M317.641,247.867c-1.547,0.0,-3.11,-0.436,-4.498,-1.349l-60.334,-39.65c-3.786,-2.488,-4.84,-7.576,-2.35,-11.363c2.49,-3.786,7.578,-4.838,11.363,-2.35l60.334,39.65c2.857,1.878,4.27,5.441,3.474,8.767C324.755,245.222,321.393,247.867,317.641,247.867z"" style=""fill:#4E5058;"">
  </path>
  <path d=""M286.668,280.783c-2.099,0.0,-4.2,-0.801,-5.802,-2.402l-43.759,-43.759c-3.204,-3.205,-3.204,-8.4,0.0,-11.604c3.205,-3.203,8.4,-3.203,11.604,0.0l43.759,43.759C297.524,271.831,293.846,280.783,286.668,280.783z"" style=""fill:#4E5058;"">
  </path>
  <path d=""M242.917,294.603c-2.621,0.0,-5.196,-1.254,-6.785,-3.582l-28.981,-42.485c-2.554,-3.744,-1.59,-8.848,2.154,-11.401c3.743,-2.557,8.848,-1.59,11.401,2.154l28.981,42.485C253.323,287.101,249.41,294.603,242.917,294.603z"" style=""fill:#4E5058;"">
  </path>
  <path d=""M203.533,308.135c-3.02,0.0,-5.925,-1.673,-7.358,-4.562l-21.88,-44.123c-2.013,-4.06,-0.353,-8.983,3.706,-10.997c4.059,-2.012,8.983,-0.353,10.997,3.706l21.88,44.123C213.528,301.63,209.53,308.135,203.533,308.135z"" style=""fill:#4E5058;"">
  </path>
  <path d=""M164.476,319.372c-3.297,0.0,-6.404,-2.0,-7.66,-5.261l-15.83,-41.139c-1.627,-4.229,0.481,-8.977,4.712,-10.604c4.23,-1.629,8.976,0.482,10.604,4.712l15.83,41.139C174.164,313.498,170.15,319.372,164.476,319.372z"" style=""fill:#4E5058;"">
  </path>
  <path d=""M128.7,330.665c-3.823,0.0,-7.245,-2.686,-8.033,-6.579l-8.324,-41.129c-0.899,-4.443,1.972,-8.772,6.414,-9.67c4.442,-0.895,8.77,1.972,9.669,6.414l8.324,41.13C137.765,325.843,133.813,330.665,128.7,330.665z"" style=""fill:#4E5058;"">
  </path>
  <path d=""M346.237,217.483c-1.409,0.0,-2.836,-0.362,-4.138,-1.125l-72.376,-42.377c-3.91,-2.291,-5.224,-7.317,-2.935,-11.227c2.291,-3.911,7.318,-5.222,11.227,-2.935l72.376,42.377c3.041,1.781,4.631,5.423,3.864,8.863C353.429,214.772,350.04,217.483,346.237,217.483z"" style=""fill:#4E5058;"">
  </path>
  <path d=""M422.321,288.441c-4.532,0.0,-8.205,-3.672,-8.205,-8.205c0.0,-75.977,-62.894,-99.818,-63.529,-100.05c-4.257,-1.553,-6.448,-6.264,-4.893,-10.521c1.553,-4.256,6.26,-6.45,10.521,-4.893c0.77,0.281,19.071,7.088,37.342,24.706c16.866,16.262,36.97,45.21,36.97,90.757C430.526,284.767,426.854,288.441,422.321,288.441z"" style=""fill:#4E5058;"">
  </path>
 </g>
 <path d=""M129.135,342.593L24.114,290.082L4.19,336.569c-3.581,8.356,-0.17,18.062,7.851,22.339l115.163,61.42c1.268,0.676,2.682,1.029,4.119,1.029H496.712c9.667,0.0,17.504,-7.836,17.504,-17.504v-61.263h-385.08V342.593z"" style=""fill:#D3D3D5;"">
 </path>
 <path d=""M496.712,403.855H129.135L22.102,346.771c-2.04,-1.087,-2.882,-3.575,-1.922,-5.678l19.686,-43.134l-15.752,-7.876L5.046,334.575l0.0,0.0l-0.79,1.842c-3.593,8.383,-0.221,18.124,7.787,22.491l0.005,0.003l0.0,0.0l115.158,61.417c1.268,0.676,2.682,1.029,4.119,1.029h365.388c9.668,0.0,17.504,-7.836,17.504,-17.504v-17.504C514.215,396.018,506.379,403.855,496.712,403.855z"" style=""fill:#BDBDC0;"">
 </path>
 <path d=""M24.114,290.082l87.518,43.759l-7.39,-44.337c-0.765,-4.585,-4.98,-7.773,-9.6,-7.26L24.114,290.082z"" style=""fill:#E9E9EA;"">
 </path>
</svg>


Question: What type of object is shown in the image?",Hat,Glove,Shoe,Bag,C,clothing
112,"Examine the following SVG code carefully and answer the question based on your interpretation of the rendered image.

<svg id=""Layer_1"" style=""enable-background:new 0 0 512 512;"" version=""1.1"" viewbox=""0 0 512 512"" x=""0px"" xml:space=""preserve"" y=""0px"">
 <g>
  <g>
   <path d=""M474.902,398.032l-9.128,-268.983c-0.785,-23.138,-15.101,-43.844,-36.473,-52.748L394.116,61.64l-28.237,-46.673C361.358,7.493,353.124,2.85,344.388,2.85H175.547c-8.735,0.0,-16.971,4.643,-21.492,12.117L125.818,61.64L90.633,76.301c-21.371,8.905,-35.687,29.609,-36.473,52.748l-9.128,268.982c-0.232,6.807,3.811,13.135,10.067,15.8l-1.433,30.098c-0.323,6.793,3.641,13.202,9.864,15.947l60.154,26.53v11.877c0.0,9.136,7.432,16.568,16.568,16.568h239.432c9.136,0.0,16.568,-7.432,16.568,-16.568v-11.877l60.153,-26.53c6.223,-2.745,10.187,-9.153,9.864,-15.947l-1.433,-30.098C471.091,411.165,475.134,404.837,474.902,398.032zM351.777,22.714c0.13,0.183,0.268,0.358,0.386,0.553l16.899,27.934l-3.714,-1.548c-7.573,-3.155,-16.226,-2.409,-23.147,1.996L269.437,97.953c-5.095,3.243,-11.509,3.608,-16.906,1.104L351.777,22.714zM330.461,18.883l-67.991,52.3l-71.912,-52.3H330.461zM167.773,23.266c0.158,-0.262,0.34,-0.506,0.523,-0.748l80.927,58.856l-11.217,8.628l-60.271,-38.354c-6.921,-4.405,-15.574,-5.151,-23.147,-1.996l-3.714,1.548L167.773,23.266zM69.998,445.205c-0.199,-0.088,-0.326,-0.295,-0.316,-0.514l1.158,-24.315l36.763,15.272l-0.571,19.234c-0.062,2.402,0.218,4.754,0.805,7.012L69.998,445.205zM380.218,481.273c0.0,0.017,0.0,0.033,0.0,0.05v16.959c0.0,0.294,-0.239,0.534,-0.534,0.534H140.251c-0.295,0.0,-0.534,-0.241,-0.534,-0.534v-16.959c0.0,-0.017,0.0,-0.033,0.0,-0.05v-0.627h240.501V481.273zM449.934,445.206l-37.841,16.69c0.589,-2.265,0.869,-4.629,0.807,-7.045l-0.57,-19.202l36.764,-15.272l1.158,24.315C450.263,444.91,450.135,445.118,449.934,445.206zM458.549,399.087l-46.727,19.411l-7.024,-236.846c-0.131,-4.425,-3.859,-7.919,-8.251,-7.775c-4.426,0.131,-7.907,3.826,-7.775,8.251l8.1,273.166c0.064,2.47,-0.851,4.805,-2.576,6.574c-1.724,1.77,-4.035,2.744,-6.506,2.744H132.145c-2.471,0.0,-4.782,-0.975,-6.506,-2.744c-1.725,-1.769,-2.64,-4.105,-2.577,-6.542l8.101,-273.198c0.131,-4.426,-3.35,-8.12,-7.775,-8.251c-4.408,-0.143,-8.119,3.349,-8.251,7.775l-7.024,236.846l-46.727,-19.411c-0.204,-0.084,-0.336,-0.29,-0.329,-0.512l9.128,-268.982c0.573,-16.884,11.02,-31.994,26.615,-38.492l63.954,-26.648c2.738,-1.141,5.868,-0.871,8.373,0.721l65.721,41.824v117.647c0.0,4.427,3.589,8.017,8.017,8.017s8.017,-3.589,8.017,-8.017V115.473c5.936,1.652,12.236,1.652,18.171,0.0v109.172c0.0,4.427,3.589,8.017,8.017,8.017s8.017,-3.589,8.017,-8.017V106.999l65.722,-41.824c2.502,-1.593,5.634,-1.862,8.372,-0.722l63.954,26.648c15.595,6.498,26.042,21.608,26.615,38.492l9.128,268.983C458.885,398.797,458.753,399.002,458.549,399.087z"">
   </path>
  </g>
 </g>
 <g>
  <g>
   <path d=""M360.904,417.197c-0.248,-0.415,-24.916,-42.034,-33.142,-99.623c-0.564,-3.95,-3.946,-6.883,-7.937,-6.883H200.11c-3.989,0.0,-7.372,2.933,-7.937,6.883c-8.201,57.406,-32.897,99.213,-33.142,99.623c-1.486,2.476,-1.525,5.56,-0.102,8.074c1.423,2.514,4.087,4.067,6.976,4.067h188.125c2.888,0.0,5.553,-1.553,6.976,-4.067C362.429,422.757,362.39,419.674,360.904,417.197zM179.243,413.305c7.958,-16.172,21.184,-47.305,27.737,-86.58h105.977c6.552,39.275,19.779,70.408,27.737,86.58H179.243z"">
   </path>
  </g>
 </g>
</svg>


Question: What type of clothing is depicted in the image?",Pants,Hat,Shirt,Shoes,C,clothing
113,"Examine the following SVG code carefully and answer the question based on your interpretation of the rendered image.

<svg id=""Layer_1"" style=""enable-background:new 0 0 512 512;"" version=""1.1"" viewbox=""0 0 512 512"" x=""0px"" xml:space=""preserve"" y=""0px"">
 <g>
  <g>
   <path d=""M474.902,398.032l-9.128,-268.983c-0.785,-23.138,-15.101,-43.844,-36.473,-52.748L394.116,61.64l-28.237,-46.673C361.358,7.493,353.124,2.85,344.388,2.85H175.547c-8.735,0.0,-16.971,4.643,-21.492,12.117L125.818,61.64L90.633,76.301c-21.371,8.905,-35.687,29.609,-36.473,52.748l-9.128,268.982c-0.232,6.807,3.811,13.135,10.067,15.8l-1.433,30.098c-0.323,6.793,3.641,13.202,9.864,15.947l60.154,26.53v11.877c0.0,9.136,7.432,16.568,16.568,16.568h239.432c9.136,0.0,16.568,-7.432,16.568,-16.568v-11.877l60.153,-26.53c6.223,-2.745,10.187,-9.153,9.864,-15.947l-1.433,-30.098C471.091,411.165,475.134,404.837,474.902,398.032zM351.777,22.714c0.13,0.183,0.268,0.358,0.386,0.553l16.899,27.934l-3.714,-1.548c-7.573,-3.155,-16.226,-2.409,-23.147,1.996L269.437,97.953c-5.095,3.243,-11.509,3.608,-16.906,1.104L351.777,22.714zM330.461,18.883l-67.991,52.3l-71.912,-52.3H330.461zM167.773,23.266c0.158,-0.262,0.34,-0.506,0.523,-0.748l80.927,58.856l-11.217,8.628l-60.271,-38.354c-6.921,-4.405,-15.574,-5.151,-23.147,-1.996l-3.714,1.548L167.773,23.266zM69.998,445.205c-0.199,-0.088,-0.326,-0.295,-0.316,-0.514l1.158,-24.315l36.763,15.272l-0.571,19.234c-0.062,2.402,0.218,4.754,0.805,7.012L69.998,445.205zM380.218,481.273c0.0,0.017,0.0,0.033,0.0,0.05v16.959c0.0,0.294,-0.239,0.534,-0.534,0.534H140.251c-0.295,0.0,-0.534,-0.241,-0.534,-0.534v-16.959c0.0,-0.017,0.0,-0.033,0.0,-0.05v-0.627h240.501V481.273zM449.934,445.206l-37.841,16.69c0.589,-2.265,0.869,-4.629,0.807,-7.045l-0.57,-19.202l36.764,-15.272l1.158,24.315C450.263,444.91,450.135,445.118,449.934,445.206zM458.549,399.087l-46.727,19.411l-7.024,-236.846c-0.131,-4.425,-3.859,-7.919,-8.251,-7.775c-4.426,0.131,-7.907,3.826,-7.775,8.251l8.1,273.166c0.064,2.47,-0.851,4.805,-2.576,6.574c-1.724,1.77,-4.035,2.744,-6.506,2.744H132.145c-2.471,0.0,-4.782,-0.975,-6.506,-2.744c-1.725,-1.769,-2.64,-4.105,-2.577,-6.542l8.101,-273.198c0.131,-4.426,-3.35,-8.12,-7.775,-8.251c-4.408,-0.143,-8.119,3.349,-8.251,7.775l-7.024,236.846l-46.727,-19.411c-0.204,-0.084,-0.336,-0.29,-0.329,-0.512l9.128,-268.982c0.573,-16.884,11.02,-31.994,26.615,-38.492l63.954,-26.648c2.738,-1.141,5.868,-0.871,8.373,0.721l65.721,41.824v117.647c0.0,4.427,3.589,8.017,8.017,8.017s8.017,-3.589,8.017,-8.017V115.473c5.936,1.652,12.236,1.652,18.171,0.0v109.172c0.0,4.427,3.589,8.017,8.017,8.017s8.017,-3.589,8.017,-8.017V106.999l65.722,-41.824c2.502,-1.593,5.634,-1.862,8.372,-0.722l63.954,26.648c15.595,6.498,26.042,21.608,26.615,38.492l9.128,268.983C458.885,398.797,458.753,399.002,458.549,399.087z"">
   </path>
  </g>
 </g>
 <g>
  <g>
   <path d=""M360.904,417.197c-0.248,-0.415,-24.916,-42.034,-33.142,-99.623c-0.564,-3.95,-3.946,-6.883,-7.937,-6.883H200.11c-3.989,0.0,-7.372,2.933,-7.937,6.883c-8.201,57.406,-32.897,99.213,-33.142,99.623c-1.486,2.476,-1.525,5.56,-0.102,8.074c1.423,2.514,4.087,4.067,6.976,4.067h188.125c2.888,0.0,5.553,-1.553,6.976,-4.067C362.429,422.757,362.39,419.674,360.904,417.197zM179.243,413.305c7.958,-16.172,21.184,-47.305,27.737,-86.58h105.977c6.552,39.275,19.779,70.408,27.737,86.58H179.243z"">
   </path>
  </g>
 </g>
</svg>


Question: What is the shape of the collar in the image?",Round,V-shaped,Square,None,B,clothing
114,"Examine the following SVG code carefully and answer the question based on your interpretation of the rendered image.

<svg id=""Layer_1"" style=""enable-background:new 0 0 512 512;"" version=""1.1"" viewbox=""0 0 512 512"" x=""0px"" xml:space=""preserve"" y=""0px"">
 <g>
  <g>
   <path d=""M474.902,398.032l-9.128,-268.983c-0.785,-23.138,-15.101,-43.844,-36.473,-52.748L394.116,61.64l-28.237,-46.673C361.358,7.493,353.124,2.85,344.388,2.85H175.547c-8.735,0.0,-16.971,4.643,-21.492,12.117L125.818,61.64L90.633,76.301c-21.371,8.905,-35.687,29.609,-36.473,52.748l-9.128,268.982c-0.232,6.807,3.811,13.135,10.067,15.8l-1.433,30.098c-0.323,6.793,3.641,13.202,9.864,15.947l60.154,26.53v11.877c0.0,9.136,7.432,16.568,16.568,16.568h239.432c9.136,0.0,16.568,-7.432,16.568,-16.568v-11.877l60.153,-26.53c6.223,-2.745,10.187,-9.153,9.864,-15.947l-1.433,-30.098C471.091,411.165,475.134,404.837,474.902,398.032zM351.777,22.714c0.13,0.183,0.268,0.358,0.386,0.553l16.899,27.934l-3.714,-1.548c-7.573,-3.155,-16.226,-2.409,-23.147,1.996L269.437,97.953c-5.095,3.243,-11.509,3.608,-16.906,1.104L351.777,22.714zM330.461,18.883l-67.991,52.3l-71.912,-52.3H330.461zM167.773,23.266c0.158,-0.262,0.34,-0.506,0.523,-0.748l80.927,58.856l-11.217,8.628l-60.271,-38.354c-6.921,-4.405,-15.574,-5.151,-23.147,-1.996l-3.714,1.548L167.773,23.266zM69.998,445.205c-0.199,-0.088,-0.326,-0.295,-0.316,-0.514l1.158,-24.315l36.763,15.272l-0.571,19.234c-0.062,2.402,0.218,4.754,0.805,7.012L69.998,445.205zM380.218,481.273c0.0,0.017,0.0,0.033,0.0,0.05v16.959c0.0,0.294,-0.239,0.534,-0.534,0.534H140.251c-0.295,0.0,-0.534,-0.241,-0.534,-0.534v-16.959c0.0,-0.017,0.0,-0.033,0.0,-0.05v-0.627h240.501V481.273zM449.934,445.206l-37.841,16.69c0.589,-2.265,0.869,-4.629,0.807,-7.045l-0.57,-19.202l36.764,-15.272l1.158,24.315C450.263,444.91,450.135,445.118,449.934,445.206zM458.549,399.087l-46.727,19.411l-7.024,-236.846c-0.131,-4.425,-3.859,-7.919,-8.251,-7.775c-4.426,0.131,-7.907,3.826,-7.775,8.251l8.1,273.166c0.064,2.47,-0.851,4.805,-2.576,6.574c-1.724,1.77,-4.035,2.744,-6.506,2.744H132.145c-2.471,0.0,-4.782,-0.975,-6.506,-2.744c-1.725,-1.769,-2.64,-4.105,-2.577,-6.542l8.101,-273.198c0.131,-4.426,-3.35,-8.12,-7.775,-8.251c-4.408,-0.143,-8.119,3.349,-8.251,7.775l-7.024,236.846l-46.727,-19.411c-0.204,-0.084,-0.336,-0.29,-0.329,-0.512l9.128,-268.982c0.573,-16.884,11.02,-31.994,26.615,-38.492l63.954,-26.648c2.738,-1.141,5.868,-0.871,8.373,0.721l65.721,41.824v117.647c0.0,4.427,3.589,8.017,8.017,8.017s8.017,-3.589,8.017,-8.017V115.473c5.936,1.652,12.236,1.652,18.171,0.0v109.172c0.0,4.427,3.589,8.017,8.017,8.017s8.017,-3.589,8.017,-8.017V106.999l65.722,-41.824c2.502,-1.593,5.634,-1.862,8.372,-0.722l63.954,26.648c15.595,6.498,26.042,21.608,26.615,38.492l9.128,268.983C458.885,398.797,458.753,399.002,458.549,399.087z"">
   </path>
  </g>
 </g>
 <g>
  <g>
   <path d=""M360.904,417.197c-0.248,-0.415,-24.916,-42.034,-33.142,-99.623c-0.564,-3.95,-3.946,-6.883,-7.937,-6.883H200.11c-3.989,0.0,-7.372,2.933,-7.937,6.883c-8.201,57.406,-32.897,99.213,-33.142,99.623c-1.486,2.476,-1.525,5.56,-0.102,8.074c1.423,2.514,4.087,4.067,6.976,4.067h188.125c2.888,0.0,5.553,-1.553,6.976,-4.067C362.429,422.757,362.39,419.674,360.904,417.197zM179.243,413.305c7.958,-16.172,21.184,-47.305,27.737,-86.58h105.977c6.552,39.275,19.779,70.408,27.737,86.58H179.243z"">
   </path>
  </g>
 </g>
</svg>


Question: How many sleeves does the object in the image have?",Two,One,Three,Four,A,clothing
115,"Examine the following SVG code carefully and answer the question based on your interpretation of the rendered image.

<svg id=""Layer_1"" style=""enable-background:new 0 0 512 512;"" version=""1.1"" viewbox=""0 0 512 512"" x=""0px"" xml:space=""preserve"" y=""0px"">
 <g>
  <g>
   <path d=""M474.902,398.032l-9.128,-268.983c-0.785,-23.138,-15.101,-43.844,-36.473,-52.748L394.116,61.64l-28.237,-46.673C361.358,7.493,353.124,2.85,344.388,2.85H175.547c-8.735,0.0,-16.971,4.643,-21.492,12.117L125.818,61.64L90.633,76.301c-21.371,8.905,-35.687,29.609,-36.473,52.748l-9.128,268.982c-0.232,6.807,3.811,13.135,10.067,15.8l-1.433,30.098c-0.323,6.793,3.641,13.202,9.864,15.947l60.154,26.53v11.877c0.0,9.136,7.432,16.568,16.568,16.568h239.432c9.136,0.0,16.568,-7.432,16.568,-16.568v-11.877l60.153,-26.53c6.223,-2.745,10.187,-9.153,9.864,-15.947l-1.433,-30.098C471.091,411.165,475.134,404.837,474.902,398.032zM351.777,22.714c0.13,0.183,0.268,0.358,0.386,0.553l16.899,27.934l-3.714,-1.548c-7.573,-3.155,-16.226,-2.409,-23.147,1.996L269.437,97.953c-5.095,3.243,-11.509,3.608,-16.906,1.104L351.777,22.714zM330.461,18.883l-67.991,52.3l-71.912,-52.3H330.461zM167.773,23.266c0.158,-0.262,0.34,-0.506,0.523,-0.748l80.927,58.856l-11.217,8.628l-60.271,-38.354c-6.921,-4.405,-15.574,-5.151,-23.147,-1.996l-3.714,1.548L167.773,23.266zM69.998,445.205c-0.199,-0.088,-0.326,-0.295,-0.316,-0.514l1.158,-24.315l36.763,15.272l-0.571,19.234c-0.062,2.402,0.218,4.754,0.805,7.012L69.998,445.205zM380.218,481.273c0.0,0.017,0.0,0.033,0.0,0.05v16.959c0.0,0.294,-0.239,0.534,-0.534,0.534H140.251c-0.295,0.0,-0.534,-0.241,-0.534,-0.534v-16.959c0.0,-0.017,0.0,-0.033,0.0,-0.05v-0.627h240.501V481.273zM449.934,445.206l-37.841,16.69c0.589,-2.265,0.869,-4.629,0.807,-7.045l-0.57,-19.202l36.764,-15.272l1.158,24.315C450.263,444.91,450.135,445.118,449.934,445.206zM458.549,399.087l-46.727,19.411l-7.024,-236.846c-0.131,-4.425,-3.859,-7.919,-8.251,-7.775c-4.426,0.131,-7.907,3.826,-7.775,8.251l8.1,273.166c0.064,2.47,-0.851,4.805,-2.576,6.574c-1.724,1.77,-4.035,2.744,-6.506,2.744H132.145c-2.471,0.0,-4.782,-0.975,-6.506,-2.744c-1.725,-1.769,-2.64,-4.105,-2.577,-6.542l8.101,-273.198c0.131,-4.426,-3.35,-8.12,-7.775,-8.251c-4.408,-0.143,-8.119,3.349,-8.251,7.775l-7.024,236.846l-46.727,-19.411c-0.204,-0.084,-0.336,-0.29,-0.329,-0.512l9.128,-268.982c0.573,-16.884,11.02,-31.994,26.615,-38.492l63.954,-26.648c2.738,-1.141,5.868,-0.871,8.373,0.721l65.721,41.824v117.647c0.0,4.427,3.589,8.017,8.017,8.017s8.017,-3.589,8.017,-8.017V115.473c5.936,1.652,12.236,1.652,18.171,0.0v109.172c0.0,4.427,3.589,8.017,8.017,8.017s8.017,-3.589,8.017,-8.017V106.999l65.722,-41.824c2.502,-1.593,5.634,-1.862,8.372,-0.722l63.954,26.648c15.595,6.498,26.042,21.608,26.615,38.492l9.128,268.983C458.885,398.797,458.753,399.002,458.549,399.087z"">
   </path>
  </g>
 </g>
 <g>
  <g>
   <path d=""M360.904,417.197c-0.248,-0.415,-24.916,-42.034,-33.142,-99.623c-0.564,-3.95,-3.946,-6.883,-7.937,-6.883H200.11c-3.989,0.0,-7.372,2.933,-7.937,6.883c-8.201,57.406,-32.897,99.213,-33.142,99.623c-1.486,2.476,-1.525,5.56,-0.102,8.074c1.423,2.514,4.087,4.067,6.976,4.067h188.125c2.888,0.0,5.553,-1.553,6.976,-4.067C362.429,422.757,362.39,419.674,360.904,417.197zM179.243,413.305c7.958,-16.172,21.184,-47.305,27.737,-86.58h105.977c6.552,39.275,19.779,70.408,27.737,86.58H179.243z"">
   </path>
  </g>
 </g>
</svg>


Question: What is the semantic category of the object in the image?",Furniture,Vehicle,Clothing,Tool,C,clothing
140,"Examine the following SVG code carefully and answer the question based on your interpretation of the rendered image.

<svg id=""Layer_1"" style=""enable-background:new 0 0 511.98 511.98;"" version=""1.1"" viewbox=""0 0 511.98 511.98"" x=""0px"" xml:space=""preserve"" y=""0px"">
 <polygon points=""514.546,468.524 472.048,52.540 45.314,52.540 2.566,468.524 226.557,468.524 258.556,340.529 290.555,468.524"" style=""fill:#5E9CEA;"">
 </polygon>
 <g>
  <polygon points=""290.555,468.524 514.546,468.524 511.296,436.526 282.556,436.526"" style=""fill:#4B89DA;"">
  </polygon>
  <polygon points=""234.557,436.526 5.815,436.526 2.566,468.524 226.557,468.524"" style=""fill:#4B89DA;"">
  </polygon>
  <path d=""M42.064,84.539l-2.25,21.374h122.246c-24.499,15.875,-66.498,34.624,-125.246,29.625l-2.25,21.249c7.5,0.625,14.5,0.875,21.499,0.875c45.999,0.0,80.748,-13.25,103.247,-25.374c17.999,-9.75,30.499,-20.125,37.249,-26.375h124.246c6.749,6.25,19.249,16.625,37.248,26.375c22.249,12.125,57.249,25.374,103.246,25.374c7.0,0.0,14.0,-0.25,21.5,-0.875l-2.25,-21.249c-40.748,3.5,-78.247,-3.75,-111.496,-21.5c-5.0,-2.75,-9.5,-5.5,-13.749,-8.125h122.245l-2.25,-21.374h-77.997V52.54h-21.25v31.999H141.31V52.54h-21.249v31.999H42.064z"" style=""fill:#4B89DA;"">
  </path>
 </g>
 <path d=""M248.056,52.54v138.62l0.0,0.0c0.0,5.875,4.75,10.75,10.5,10.75c6.0,0.0,10.75,-4.875,10.75,-10.75V52.54H248.056z"" style=""fill:#E5E8EC;"">
 </path>
</svg>


Question: What is the primary color of the object in the image?",Red,Green,Blue,Yellow,C,clothing
141,"Examine the following SVG code carefully and answer the question based on your interpretation of the rendered image.

<svg id=""Layer_1"" style=""enable-background:new 0 0 511.98 511.98;"" version=""1.1"" viewbox=""0 0 511.98 511.98"" x=""0px"" xml:space=""preserve"" y=""0px"">
 <polygon points=""514.546,468.524 472.048,52.540 45.314,52.540 2.566,468.524 226.557,468.524 258.556,340.529 290.555,468.524"" style=""fill:#5E9CEA;"">
 </polygon>
 <g>
  <polygon points=""290.555,468.524 514.546,468.524 511.296,436.526 282.556,436.526"" style=""fill:#4B89DA;"">
  </polygon>
  <polygon points=""234.557,436.526 5.815,436.526 2.566,468.524 226.557,468.524"" style=""fill:#4B89DA;"">
  </polygon>
  <path d=""M42.064,84.539l-2.25,21.374h122.246c-24.499,15.875,-66.498,34.624,-125.246,29.625l-2.25,21.249c7.5,0.625,14.5,0.875,21.499,0.875c45.999,0.0,80.748,-13.25,103.247,-25.374c17.999,-9.75,30.499,-20.125,37.249,-26.375h124.246c6.749,6.25,19.249,16.625,37.248,26.375c22.249,12.125,57.249,25.374,103.246,25.374c7.0,0.0,14.0,-0.25,21.5,-0.875l-2.25,-21.249c-40.748,3.5,-78.247,-3.75,-111.496,-21.5c-5.0,-2.75,-9.5,-5.5,-13.749,-8.125h122.245l-2.25,-21.374h-77.997V52.54h-21.25v31.999H141.31V52.54h-21.249v31.999H42.064z"" style=""fill:#4B89DA;"">
  </path>
 </g>
 <path d=""M248.056,52.54v138.62l0.0,0.0c0.0,5.875,4.75,10.75,10.5,10.75c6.0,0.0,10.75,-4.875,10.75,-10.75V52.54H248.056z"" style=""fill:#E5E8EC;"">
 </path>
</svg>


Question: What type of clothing is depicted in the image?",Shirt,Pants,Skirt,Shorts,D,clothing
142,"Examine the following SVG code carefully and answer the question based on your interpretation of the rendered image.

<svg id=""Layer_1"" style=""enable-background:new 0 0 511.98 511.98;"" version=""1.1"" viewbox=""0 0 511.98 511.98"" x=""0px"" xml:space=""preserve"" y=""0px"">
 <polygon points=""514.546,468.524 472.048,52.540 45.314,52.540 2.566,468.524 226.557,468.524 258.556,340.529 290.555,468.524"" style=""fill:#5E9CEA;"">
 </polygon>
 <g>
  <polygon points=""290.555,468.524 514.546,468.524 511.296,436.526 282.556,436.526"" style=""fill:#4B89DA;"">
  </polygon>
  <polygon points=""234.557,436.526 5.815,436.526 2.566,468.524 226.557,468.524"" style=""fill:#4B89DA;"">
  </polygon>
  <path d=""M42.064,84.539l-2.25,21.374h122.246c-24.499,15.875,-66.498,34.624,-125.246,29.625l-2.25,21.249c7.5,0.625,14.5,0.875,21.499,0.875c45.999,0.0,80.748,-13.25,103.247,-25.374c17.999,-9.75,30.499,-20.125,37.249,-26.375h124.246c6.749,6.25,19.249,16.625,37.248,26.375c22.249,12.125,57.249,25.374,103.246,25.374c7.0,0.0,14.0,-0.25,21.5,-0.875l-2.25,-21.249c-40.748,3.5,-78.247,-3.75,-111.496,-21.5c-5.0,-2.75,-9.5,-5.5,-13.749,-8.125h122.245l-2.25,-21.374h-77.997V52.54h-21.25v31.999H141.31V52.54h-21.249v31.999H42.064z"" style=""fill:#4B89DA;"">
  </path>
 </g>
 <path d=""M248.056,52.54v138.62l0.0,0.0c0.0,5.875,4.75,10.75,10.5,10.75c6.0,0.0,10.75,-4.875,10.75,-10.75V52.54H248.056z"" style=""fill:#E5E8EC;"">
 </path>
</svg>


Question: What is the shape of one pant leg of the object in the image?",Circular,Rectangular,Triangular,Oval,B,clothing
143,"Examine the following SVG code carefully and answer the question based on your interpretation of the rendered image.

<svg id=""Layer_1"" style=""enable-background:new 0 0 511.98 511.98;"" version=""1.1"" viewbox=""0 0 511.98 511.98"" x=""0px"" xml:space=""preserve"" y=""0px"">
 <polygon points=""514.546,468.524 472.048,52.540 45.314,52.540 2.566,468.524 226.557,468.524 258.556,340.529 290.555,468.524"" style=""fill:#5E9CEA;"">
 </polygon>
 <g>
  <polygon points=""290.555,468.524 514.546,468.524 511.296,436.526 282.556,436.526"" style=""fill:#4B89DA;"">
  </polygon>
  <polygon points=""234.557,436.526 5.815,436.526 2.566,468.524 226.557,468.524"" style=""fill:#4B89DA;"">
  </polygon>
  <path d=""M42.064,84.539l-2.25,21.374h122.246c-24.499,15.875,-66.498,34.624,-125.246,29.625l-2.25,21.249c7.5,0.625,14.5,0.875,21.499,0.875c45.999,0.0,80.748,-13.25,103.247,-25.374c17.999,-9.75,30.499,-20.125,37.249,-26.375h124.246c6.749,6.25,19.249,16.625,37.248,26.375c22.249,12.125,57.249,25.374,103.246,25.374c7.0,0.0,14.0,-0.25,21.5,-0.875l-2.25,-21.249c-40.748,3.5,-78.247,-3.75,-111.496,-21.5c-5.0,-2.75,-9.5,-5.5,-13.749,-8.125h122.245l-2.25,-21.374h-77.997V52.54h-21.25v31.999H141.31V52.54h-21.249v31.999H42.064z"" style=""fill:#4B89DA;"">
  </path>
 </g>
 <path d=""M248.056,52.54v138.62l0.0,0.0c0.0,5.875,4.75,10.75,10.5,10.75c6.0,0.0,10.75,-4.875,10.75,-10.75V52.54H248.056z"" style=""fill:#E5E8EC;"">
 </path>
</svg>


Question: What is the semantic category of the object in the image?",Footwear,Headwear,Swimsuit,Bottomwear,D,clothing
148,"Examine the following SVG code carefully and answer the question based on your interpretation of the rendered image.

<svg id=""Layer_1"" style=""enable-background:new 0 0 496.182 496.182;"" version=""1.1"" viewbox=""0 0 496.182 496.182"" x=""0px"" xml:space=""preserve"" y=""0px"">
 <path d=""M250.695,2.728C113.675,2.728,2.601,113.791,2.601,250.819c0.0,137.012,111.074,248.091,248.094,248.091c137.012,0.0,248.088,-111.079,248.088,-248.091C498.783,113.791,387.707,2.728,250.695,2.728z"" style=""fill:#A3D5E0;"">
 </path>
 <path d=""M400.336,265.166c-4.613,-15.383,-3.055,-45.663,-1.518,-86.875c0.0,0.0,-20.306,-3.396,-43.334,-3.396c-23.574,0.0,-46.343,4.024,-46.343,4.024c0.72,48.087,-0.292,101.575,-16.909,111.547c0.0,0.0,-75.896,63.245,-39.094,98.896c21.154,20.493,39.101,16.1,71.303,-6.9c32.201,-23.002,51.744,-45.995,51.744,-45.995s13.802,-6.901,25.301,-23.001C412.986,297.366,407.237,288.167,400.336,265.166z"" style=""fill:#EB9783;"">
 </path>
 <g>
  <path d=""M400.336,143.269c0.0,0.0,-23.0,-1.727,-46.002,-1.151c-23.0,0.575,-46.002,5.751,-46.002,5.751l0.81,31.051c0.0,0.0,22.769,-4.024,46.343,-4.024c23.028,0.0,43.334,3.396,43.334,3.396C398.757,179.895,400.336,143.269,400.336,143.269z"" style=""fill:#EA4949;"">
  </path>
  <path d=""M244.546,355.737c-3.644,12.434,0.345,25.628,8.593,33.625c15.58,15.094,29.42,16.685,48.495,7.296C308.457,393.298,244.546,355.737,244.546,355.737z"" style=""fill:#EA4949;"">
  </path>
  <path d=""M400.336,265.166c0.0,0.0,-4.6,21.851,-7.475,33.926c-2.874,12.075,-16.676,37.376,-16.676,37.376s13.802,-6.901,25.301,-23.001C412.986,297.366,407.237,288.167,400.336,265.166z"" style=""fill:#EA4949;"">
  </path>
 </g>
 <path d=""M250.611,222.307c-4.613,-15.382,-3.055,-45.663,-1.518,-86.875c0.0,0.0,-20.306,-3.396,-43.334,-3.396c-23.574,0.0,-46.343,4.024,-46.343,4.024c0.72,48.087,-0.292,101.574,-16.909,111.547c0.0,0.0,-75.896,63.245,-39.094,98.896c21.154,20.493,39.101,16.1,71.303,-6.899c32.201,-23.002,51.744,-45.995,51.744,-45.995s13.802,-6.901,25.301,-23.001C263.261,254.508,257.512,245.308,250.611,222.307z"" style=""fill:#EB9783;"">
 </path>
 <g>
  <path d=""M250.611,100.411c0.0,0.0,-23.0,-1.727,-46.002,-1.151c-23.0,0.575,-46.002,5.751,-46.002,5.751l0.81,31.051c0.0,0.0,22.769,-4.024,46.343,-4.024c23.028,0.0,43.334,3.396,43.334,3.396C249.033,137.037,250.611,100.411,250.611,100.411z"" style=""fill:#EA4949;"">
  </path>
  <path d=""M94.821,313.158c-3.644,12.434,0.345,25.35,8.593,33.347c15.58,15.095,29.42,16.685,48.495,7.297C158.732,350.44,94.821,313.158,94.821,313.158z"" style=""fill:#EA4949;"">
  </path>
  <path d=""M250.611,222.307c0.0,0.0,-4.6,21.851,-7.475,33.927c-2.874,12.075,-16.676,37.376,-16.676,37.376s13.802,-6.901,25.301,-23.001C263.261,254.508,257.512,245.308,250.611,222.307z"" style=""fill:#EA4949;"">
  </path>
 </g>
</svg>


Question: What is the primary color of the socks in the image?",Blue,Green,Black,Red,D,clothing
149,"Examine the following SVG code carefully and answer the question based on your interpretation of the rendered image.

<svg id=""Layer_1"" style=""enable-background:new 0 0 496.182 496.182;"" version=""1.1"" viewbox=""0 0 496.182 496.182"" x=""0px"" xml:space=""preserve"" y=""0px"">
 <path d=""M250.695,2.728C113.675,2.728,2.601,113.791,2.601,250.819c0.0,137.012,111.074,248.091,248.094,248.091c137.012,0.0,248.088,-111.079,248.088,-248.091C498.783,113.791,387.707,2.728,250.695,2.728z"" style=""fill:#A3D5E0;"">
 </path>
 <path d=""M400.336,265.166c-4.613,-15.383,-3.055,-45.663,-1.518,-86.875c0.0,0.0,-20.306,-3.396,-43.334,-3.396c-23.574,0.0,-46.343,4.024,-46.343,4.024c0.72,48.087,-0.292,101.575,-16.909,111.547c0.0,0.0,-75.896,63.245,-39.094,98.896c21.154,20.493,39.101,16.1,71.303,-6.9c32.201,-23.002,51.744,-45.995,51.744,-45.995s13.802,-6.901,25.301,-23.001C412.986,297.366,407.237,288.167,400.336,265.166z"" style=""fill:#EB9783;"">
 </path>
 <g>
  <path d=""M400.336,143.269c0.0,0.0,-23.0,-1.727,-46.002,-1.151c-23.0,0.575,-46.002,5.751,-46.002,5.751l0.81,31.051c0.0,0.0,22.769,-4.024,46.343,-4.024c23.028,0.0,43.334,3.396,43.334,3.396C398.757,179.895,400.336,143.269,400.336,143.269z"" style=""fill:#EA4949;"">
  </path>
  <path d=""M244.546,355.737c-3.644,12.434,0.345,25.628,8.593,33.625c15.58,15.094,29.42,16.685,48.495,7.296C308.457,393.298,244.546,355.737,244.546,355.737z"" style=""fill:#EA4949;"">
  </path>
  <path d=""M400.336,265.166c0.0,0.0,-4.6,21.851,-7.475,33.926c-2.874,12.075,-16.676,37.376,-16.676,37.376s13.802,-6.901,25.301,-23.001C412.986,297.366,407.237,288.167,400.336,265.166z"" style=""fill:#EA4949;"">
  </path>
 </g>
 <path d=""M250.611,222.307c-4.613,-15.382,-3.055,-45.663,-1.518,-86.875c0.0,0.0,-20.306,-3.396,-43.334,-3.396c-23.574,0.0,-46.343,4.024,-46.343,4.024c0.72,48.087,-0.292,101.574,-16.909,111.547c0.0,0.0,-75.896,63.245,-39.094,98.896c21.154,20.493,39.101,16.1,71.303,-6.899c32.201,-23.002,51.744,-45.995,51.744,-45.995s13.802,-6.901,25.301,-23.001C263.261,254.508,257.512,245.308,250.611,222.307z"" style=""fill:#EB9783;"">
 </path>
 <g>
  <path d=""M250.611,100.411c0.0,0.0,-23.0,-1.727,-46.002,-1.151c-23.0,0.575,-46.002,5.751,-46.002,5.751l0.81,31.051c0.0,0.0,22.769,-4.024,46.343,-4.024c23.028,0.0,43.334,3.396,43.334,3.396C249.033,137.037,250.611,100.411,250.611,100.411z"" style=""fill:#EA4949;"">
  </path>
  <path d=""M94.821,313.158c-3.644,12.434,0.345,25.35,8.593,33.347c15.58,15.095,29.42,16.685,48.495,7.297C158.732,350.44,94.821,313.158,94.821,313.158z"" style=""fill:#EA4949;"">
  </path>
  <path d=""M250.611,222.307c0.0,0.0,-4.6,21.851,-7.475,33.927c-2.874,12.075,-16.676,37.376,-16.676,37.376s13.802,-6.901,25.301,-23.001C263.261,254.508,257.512,245.308,250.611,222.307z"" style=""fill:#EA4949;"">
  </path>
 </g>
</svg>


Question: What shape is the background of the image?",Square,Circle,Triangle,Rectangle,B,clothing
150,"Examine the following SVG code carefully and answer the question based on your interpretation of the rendered image.

<svg id=""Layer_1"" style=""enable-background:new 0 0 496.182 496.182;"" version=""1.1"" viewbox=""0 0 496.182 496.182"" x=""0px"" xml:space=""preserve"" y=""0px"">
 <path d=""M250.695,2.728C113.675,2.728,2.601,113.791,2.601,250.819c0.0,137.012,111.074,248.091,248.094,248.091c137.012,0.0,248.088,-111.079,248.088,-248.091C498.783,113.791,387.707,2.728,250.695,2.728z"" style=""fill:#A3D5E0;"">
 </path>
 <path d=""M400.336,265.166c-4.613,-15.383,-3.055,-45.663,-1.518,-86.875c0.0,0.0,-20.306,-3.396,-43.334,-3.396c-23.574,0.0,-46.343,4.024,-46.343,4.024c0.72,48.087,-0.292,101.575,-16.909,111.547c0.0,0.0,-75.896,63.245,-39.094,98.896c21.154,20.493,39.101,16.1,71.303,-6.9c32.201,-23.002,51.744,-45.995,51.744,-45.995s13.802,-6.901,25.301,-23.001C412.986,297.366,407.237,288.167,400.336,265.166z"" style=""fill:#EB9783;"">
 </path>
 <g>
  <path d=""M400.336,143.269c0.0,0.0,-23.0,-1.727,-46.002,-1.151c-23.0,0.575,-46.002,5.751,-46.002,5.751l0.81,31.051c0.0,0.0,22.769,-4.024,46.343,-4.024c23.028,0.0,43.334,3.396,43.334,3.396C398.757,179.895,400.336,143.269,400.336,143.269z"" style=""fill:#EA4949;"">
  </path>
  <path d=""M244.546,355.737c-3.644,12.434,0.345,25.628,8.593,33.625c15.58,15.094,29.42,16.685,48.495,7.296C308.457,393.298,244.546,355.737,244.546,355.737z"" style=""fill:#EA4949;"">
  </path>
  <path d=""M400.336,265.166c0.0,0.0,-4.6,21.851,-7.475,33.926c-2.874,12.075,-16.676,37.376,-16.676,37.376s13.802,-6.901,25.301,-23.001C412.986,297.366,407.237,288.167,400.336,265.166z"" style=""fill:#EA4949;"">
  </path>
 </g>
 <path d=""M250.611,222.307c-4.613,-15.382,-3.055,-45.663,-1.518,-86.875c0.0,0.0,-20.306,-3.396,-43.334,-3.396c-23.574,0.0,-46.343,4.024,-46.343,4.024c0.72,48.087,-0.292,101.574,-16.909,111.547c0.0,0.0,-75.896,63.245,-39.094,98.896c21.154,20.493,39.101,16.1,71.303,-6.899c32.201,-23.002,51.744,-45.995,51.744,-45.995s13.802,-6.901,25.301,-23.001C263.261,254.508,257.512,245.308,250.611,222.307z"" style=""fill:#EB9783;"">
 </path>
 <g>
  <path d=""M250.611,100.411c0.0,0.0,-23.0,-1.727,-46.002,-1.151c-23.0,0.575,-46.002,5.751,-46.002,5.751l0.81,31.051c0.0,0.0,22.769,-4.024,46.343,-4.024c23.028,0.0,43.334,3.396,43.334,3.396C249.033,137.037,250.611,100.411,250.611,100.411z"" style=""fill:#EA4949;"">
  </path>
  <path d=""M94.821,313.158c-3.644,12.434,0.345,25.35,8.593,33.347c15.58,15.095,29.42,16.685,48.495,7.297C158.732,350.44,94.821,313.158,94.821,313.158z"" style=""fill:#EA4949;"">
  </path>
  <path d=""M250.611,222.307c0.0,0.0,-4.6,21.851,-7.475,33.927c-2.874,12.075,-16.676,37.376,-16.676,37.376s13.802,-6.901,25.301,-23.001C263.261,254.508,257.512,245.308,250.611,222.307z"" style=""fill:#EA4949;"">
  </path>
 </g>
</svg>


Question: What color are the toes and tops of the socks?",Blue,Green,Red,Yellow,C,clothing
151,"Examine the following SVG code carefully and answer the question based on your interpretation of the rendered image.

<svg id=""Layer_1"" style=""enable-background:new 0 0 496.182 496.182;"" version=""1.1"" viewbox=""0 0 496.182 496.182"" x=""0px"" xml:space=""preserve"" y=""0px"">
 <path d=""M250.695,2.728C113.675,2.728,2.601,113.791,2.601,250.819c0.0,137.012,111.074,248.091,248.094,248.091c137.012,0.0,248.088,-111.079,248.088,-248.091C498.783,113.791,387.707,2.728,250.695,2.728z"" style=""fill:#A3D5E0;"">
 </path>
 <path d=""M400.336,265.166c-4.613,-15.383,-3.055,-45.663,-1.518,-86.875c0.0,0.0,-20.306,-3.396,-43.334,-3.396c-23.574,0.0,-46.343,4.024,-46.343,4.024c0.72,48.087,-0.292,101.575,-16.909,111.547c0.0,0.0,-75.896,63.245,-39.094,98.896c21.154,20.493,39.101,16.1,71.303,-6.9c32.201,-23.002,51.744,-45.995,51.744,-45.995s13.802,-6.901,25.301,-23.001C412.986,297.366,407.237,288.167,400.336,265.166z"" style=""fill:#EB9783;"">
 </path>
 <g>
  <path d=""M400.336,143.269c0.0,0.0,-23.0,-1.727,-46.002,-1.151c-23.0,0.575,-46.002,5.751,-46.002,5.751l0.81,31.051c0.0,0.0,22.769,-4.024,46.343,-4.024c23.028,0.0,43.334,3.396,43.334,3.396C398.757,179.895,400.336,143.269,400.336,143.269z"" style=""fill:#EA4949;"">
  </path>
  <path d=""M244.546,355.737c-3.644,12.434,0.345,25.628,8.593,33.625c15.58,15.094,29.42,16.685,48.495,7.296C308.457,393.298,244.546,355.737,244.546,355.737z"" style=""fill:#EA4949;"">
  </path>
  <path d=""M400.336,265.166c0.0,0.0,-4.6,21.851,-7.475,33.926c-2.874,12.075,-16.676,37.376,-16.676,37.376s13.802,-6.901,25.301,-23.001C412.986,297.366,407.237,288.167,400.336,265.166z"" style=""fill:#EA4949;"">
  </path>
 </g>
 <path d=""M250.611,222.307c-4.613,-15.382,-3.055,-45.663,-1.518,-86.875c0.0,0.0,-20.306,-3.396,-43.334,-3.396c-23.574,0.0,-46.343,4.024,-46.343,4.024c0.72,48.087,-0.292,101.574,-16.909,111.547c0.0,0.0,-75.896,63.245,-39.094,98.896c21.154,20.493,39.101,16.1,71.303,-6.899c32.201,-23.002,51.744,-45.995,51.744,-45.995s13.802,-6.901,25.301,-23.001C263.261,254.508,257.512,245.308,250.611,222.307z"" style=""fill:#EB9783;"">
 </path>
 <g>
  <path d=""M250.611,100.411c0.0,0.0,-23.0,-1.727,-46.002,-1.151c-23.0,0.575,-46.002,5.751,-46.002,5.751l0.81,31.051c0.0,0.0,22.769,-4.024,46.343,-4.024c23.028,0.0,43.334,3.396,43.334,3.396C249.033,137.037,250.611,100.411,250.611,100.411z"" style=""fill:#EA4949;"">
  </path>
  <path d=""M94.821,313.158c-3.644,12.434,0.345,25.35,8.593,33.347c15.58,15.095,29.42,16.685,48.495,7.297C158.732,350.44,94.821,313.158,94.821,313.158z"" style=""fill:#EA4949;"">
  </path>
  <path d=""M250.611,222.307c0.0,0.0,-4.6,21.851,-7.475,33.927c-2.874,12.075,-16.676,37.376,-16.676,37.376s13.802,-6.901,25.301,-23.001C263.261,254.508,257.512,245.308,250.611,222.307z"" style=""fill:#EA4949;"">
  </path>
 </g>
</svg>


Question: What type of clothing item is depicted in the image?",Hat,Gloves,Scarf,Socks,D,clothing
176,"Examine the following SVG code carefully and answer the question based on your interpretation of the rendered image.

<svg id=""Capa_1"" style=""enable-background:new 0 0 238.161 238.161;"" version=""1.1"" viewbox=""0 0 238.161 238.161"" x=""0px"" xml:space=""preserve"" y=""0px"">
 <path d=""M240.011,92.237l-6.611,2.41c-0.14,0.05,-14.135,5.025,-32.961,5.025c-15.683,0.0,-26.231,-4.479,-33.405,-8.895l10.152,-12.22l-33.947,-22.37L125.417,80.165c-16.063,17.59,-46.743,39.79,-80.647,44.734c-18.531,2.702,-29.443,7.288,-35.383,14.868c-4.818,6.149,-5.639,13.347,-5.851,21.016H1.85v25.0h135.0v-6.103c4.0,-1.254,8.0,-2.817,12.0,-4.715v10.817h85.0v-14.815c4.0,-1.835,6.0,-5.583,6.0,-9.897V99.349L240.011,92.237z"">
 </path>
</svg>


Question: What is the shape of the object in the image?",Circle,Square,Shoe,Triangle,C,clothing
177,"Examine the following SVG code carefully and answer the question based on your interpretation of the rendered image.

<svg id=""Capa_1"" style=""enable-background:new 0 0 238.161 238.161;"" version=""1.1"" viewbox=""0 0 238.161 238.161"" x=""0px"" xml:space=""preserve"" y=""0px"">
 <path d=""M240.011,92.237l-6.611,2.41c-0.14,0.05,-14.135,5.025,-32.961,5.025c-15.683,0.0,-26.231,-4.479,-33.405,-8.895l10.152,-12.22l-33.947,-22.37L125.417,80.165c-16.063,17.59,-46.743,39.79,-80.647,44.734c-18.531,2.702,-29.443,7.288,-35.383,14.868c-4.818,6.149,-5.639,13.347,-5.851,21.016H1.85v25.0h135.0v-6.103c4.0,-1.254,8.0,-2.817,12.0,-4.715v10.817h85.0v-14.815c4.0,-1.835,6.0,-5.583,6.0,-9.897V99.349L240.011,92.237z"">
 </path>
</svg>


Question: What part of the object is elevated in the image?",Heel,Toe,Sole,Laces,A,clothing
178,"Examine the following SVG code carefully and answer the question based on your interpretation of the rendered image.

<svg id=""Capa_1"" style=""enable-background:new 0 0 238.161 238.161;"" version=""1.1"" viewbox=""0 0 238.161 238.161"" x=""0px"" xml:space=""preserve"" y=""0px"">
 <path d=""M240.011,92.237l-6.611,2.41c-0.14,0.05,-14.135,5.025,-32.961,5.025c-15.683,0.0,-26.231,-4.479,-33.405,-8.895l10.152,-12.22l-33.947,-22.37L125.417,80.165c-16.063,17.59,-46.743,39.79,-80.647,44.734c-18.531,2.702,-29.443,7.288,-35.383,14.868c-4.818,6.149,-5.639,13.347,-5.851,21.016H1.85v25.0h135.0v-6.103c4.0,-1.254,8.0,-2.817,12.0,-4.715v10.817h85.0v-14.815c4.0,-1.835,6.0,-5.583,6.0,-9.897V99.349L240.011,92.237z"">
 </path>
</svg>


Question: What is the primary color of the object in the image?",Black,Blue,Red,Green,A,clothing
179,"Examine the following SVG code carefully and answer the question based on your interpretation of the rendered image.

<svg id=""Capa_1"" style=""enable-background:new 0 0 238.161 238.161;"" version=""1.1"" viewbox=""0 0 238.161 238.161"" x=""0px"" xml:space=""preserve"" y=""0px"">
 <path d=""M240.011,92.237l-6.611,2.41c-0.14,0.05,-14.135,5.025,-32.961,5.025c-15.683,0.0,-26.231,-4.479,-33.405,-8.895l10.152,-12.22l-33.947,-22.37L125.417,80.165c-16.063,17.59,-46.743,39.79,-80.647,44.734c-18.531,2.702,-29.443,7.288,-35.383,14.868c-4.818,6.149,-5.639,13.347,-5.851,21.016H1.85v25.0h135.0v-6.103c4.0,-1.254,8.0,-2.817,12.0,-4.715v10.817h85.0v-14.815c4.0,-1.835,6.0,-5.583,6.0,-9.897V99.349L240.011,92.237z"">
 </path>
</svg>


Question: What type of object is shown in the image?",Shoe,Hat,Bag,Glove,A,clothing
0,"Examine the following SVG code carefully and answer the question based on your interpretation of the rendered image.

<svg id=""Layer_1"" style=""enable-background:new 0 0 512 512;"" version=""1.1"" viewbox=""0 0 512 512"" x=""0px"" xml:space=""preserve"" y=""0px"">
 <g>
  <g>
   <path d=""M307.019,3.317h-93.091C168.547,3.317,132.474,39.39,132.474,84.772v232.727c0.0,19.782,15.127,34.909,34.909,34.909h58.182v128.0C225.565,500.19,240.692,515.317,260.474,515.317c19.782,0.0,34.909,-15.127,34.909,-34.909V387.317c0.0,-6.982,-4.655,-11.636,-11.636,-11.636c-6.982,0.0,-11.636,4.655,-11.636,11.636v93.091c0.0,6.982,-4.655,11.636,-11.636,11.636s-11.636,-4.655,-11.636,-11.636V340.772c0.0,-6.982,-4.655,-11.636,-11.636,-11.636h-69.818c-6.982,0.0,-11.636,-4.655,-11.636,-11.636V201.135h23.273c6.982,0.0,11.636,4.655,11.636,11.636V246.517c0.0,17.455,12.8,32.582,29.091,36.073c2.327,0.0,3.491,0.0,5.818,0.0c8.145,0.0,16.291,-2.327,22.109,-8.145c8.145,-6.982,12.8,-16.291,12.8,-26.764v-34.909c0.0,-6.982,4.655,-11.636,11.636,-11.636h58.182c6.982,0.0,11.636,-4.655,11.636,-11.636s-4.655,-11.636,-11.636,-11.636h-58.182c-19.782,0.0,-34.909,15.127,-34.909,34.909v34.909c0.0,3.491,-1.164,6.982,-4.655,9.309C230.219,259.317,226.729,259.317,223.238,259.317c-5.818,-1.164,-9.309,-6.982,-9.309,-12.8v-33.745c0.0,-19.782,-15.127,-34.909,-34.909,-34.909h-23.273V84.772c0.0,-32.582,25.6,-58.182,58.182,-58.182h93.091c32.582,0.0,58.182,25.6,58.182,58.182v232.727c0.0,6.982,-4.655,11.636,-11.636,11.636h-69.818c-6.982,0.0,-11.636,4.655,-11.636,11.636c0.0,6.982,4.655,11.636,11.636,11.636h69.818c19.782,0.0,34.909,-15.127,34.909,-34.909V84.772C388.474,39.39,352.401,3.317,307.019,3.317z"">
   </path>
  </g>
 </g>
 <g>
  <g>
   <path d=""M225.565,73.135c-6.982,0.0,-11.636,4.655,-11.636,11.636v58.182c0.0,6.982,4.655,11.636,11.636,11.636c6.982,0.0,11.636,-4.655,11.636,-11.636V84.772C237.201,77.79,232.547,73.135,225.565,73.135z"">
   </path>
  </g>
 </g>
 <g>
  <g>
   <path d=""M295.383,73.135c-6.982,0.0,-11.636,4.655,-11.636,11.636v58.182c0.0,6.982,4.655,11.636,11.636,11.636s11.636,-4.655,11.636,-11.636V84.772C307.019,77.79,302.365,73.135,295.383,73.135z"">
   </path>
  </g>
 </g>
 <g>
  <g>
   <path d=""M295.383,224.408c-6.982,0.0,-11.636,4.655,-11.636,11.636v34.909c0.0,6.982,4.655,11.636,11.636,11.636s11.636,-4.655,11.636,-11.636v-34.909C307.019,229.062,302.365,224.408,295.383,224.408z"">
   </path>
  </g>
 </g>
</svg>


Question: What shape is the main body of the object?",Rectangle,Square,Circle,Triangle,A,dairy
1,"Examine the following SVG code carefully and answer the question based on your interpretation of the rendered image.

<svg id=""Layer_1"" style=""enable-background:new 0 0 512 512;"" version=""1.1"" viewbox=""0 0 512 512"" x=""0px"" xml:space=""preserve"" y=""0px"">
 <g>
  <g>
   <path d=""M307.019,3.317h-93.091C168.547,3.317,132.474,39.39,132.474,84.772v232.727c0.0,19.782,15.127,34.909,34.909,34.909h58.182v128.0C225.565,500.19,240.692,515.317,260.474,515.317c19.782,0.0,34.909,-15.127,34.909,-34.909V387.317c0.0,-6.982,-4.655,-11.636,-11.636,-11.636c-6.982,0.0,-11.636,4.655,-11.636,11.636v93.091c0.0,6.982,-4.655,11.636,-11.636,11.636s-11.636,-4.655,-11.636,-11.636V340.772c0.0,-6.982,-4.655,-11.636,-11.636,-11.636h-69.818c-6.982,0.0,-11.636,-4.655,-11.636,-11.636V201.135h23.273c6.982,0.0,11.636,4.655,11.636,11.636V246.517c0.0,17.455,12.8,32.582,29.091,36.073c2.327,0.0,3.491,0.0,5.818,0.0c8.145,0.0,16.291,-2.327,22.109,-8.145c8.145,-6.982,12.8,-16.291,12.8,-26.764v-34.909c0.0,-6.982,4.655,-11.636,11.636,-11.636h58.182c6.982,0.0,11.636,-4.655,11.636,-11.636s-4.655,-11.636,-11.636,-11.636h-58.182c-19.782,0.0,-34.909,15.127,-34.909,34.909v34.909c0.0,3.491,-1.164,6.982,-4.655,9.309C230.219,259.317,226.729,259.317,223.238,259.317c-5.818,-1.164,-9.309,-6.982,-9.309,-12.8v-33.745c0.0,-19.782,-15.127,-34.909,-34.909,-34.909h-23.273V84.772c0.0,-32.582,25.6,-58.182,58.182,-58.182h93.091c32.582,0.0,58.182,25.6,58.182,58.182v232.727c0.0,6.982,-4.655,11.636,-11.636,11.636h-69.818c-6.982,0.0,-11.636,4.655,-11.636,11.636c0.0,6.982,4.655,11.636,11.636,11.636h69.818c19.782,0.0,34.909,-15.127,34.909,-34.909V84.772C388.474,39.39,352.401,3.317,307.019,3.317z"">
   </path>
  </g>
 </g>
 <g>
  <g>
   <path d=""M225.565,73.135c-6.982,0.0,-11.636,4.655,-11.636,11.636v58.182c0.0,6.982,4.655,11.636,11.636,11.636c6.982,0.0,11.636,-4.655,11.636,-11.636V84.772C237.201,77.79,232.547,73.135,225.565,73.135z"">
   </path>
  </g>
 </g>
 <g>
  <g>
   <path d=""M295.383,73.135c-6.982,0.0,-11.636,4.655,-11.636,11.636v58.182c0.0,6.982,4.655,11.636,11.636,11.636s11.636,-4.655,11.636,-11.636V84.772C307.019,77.79,302.365,73.135,295.383,73.135z"">
   </path>
  </g>
 </g>
 <g>
  <g>
   <path d=""M295.383,224.408c-6.982,0.0,-11.636,4.655,-11.636,11.636v34.909c0.0,6.982,4.655,11.636,11.636,11.636s11.636,-4.655,11.636,-11.636v-34.909C307.019,229.062,302.365,224.408,295.383,224.408z"">
   </path>
  </g>
 </g>
</svg>


Question: How many vertical lines are there on the object?",One,Two,Four,Three,D,dairy
2,"Examine the following SVG code carefully and answer the question based on your interpretation of the rendered image.

<svg id=""Layer_1"" style=""enable-background:new 0 0 512 512;"" version=""1.1"" viewbox=""0 0 512 512"" x=""0px"" xml:space=""preserve"" y=""0px"">
 <g>
  <g>
   <path d=""M307.019,3.317h-93.091C168.547,3.317,132.474,39.39,132.474,84.772v232.727c0.0,19.782,15.127,34.909,34.909,34.909h58.182v128.0C225.565,500.19,240.692,515.317,260.474,515.317c19.782,0.0,34.909,-15.127,34.909,-34.909V387.317c0.0,-6.982,-4.655,-11.636,-11.636,-11.636c-6.982,0.0,-11.636,4.655,-11.636,11.636v93.091c0.0,6.982,-4.655,11.636,-11.636,11.636s-11.636,-4.655,-11.636,-11.636V340.772c0.0,-6.982,-4.655,-11.636,-11.636,-11.636h-69.818c-6.982,0.0,-11.636,-4.655,-11.636,-11.636V201.135h23.273c6.982,0.0,11.636,4.655,11.636,11.636V246.517c0.0,17.455,12.8,32.582,29.091,36.073c2.327,0.0,3.491,0.0,5.818,0.0c8.145,0.0,16.291,-2.327,22.109,-8.145c8.145,-6.982,12.8,-16.291,12.8,-26.764v-34.909c0.0,-6.982,4.655,-11.636,11.636,-11.636h58.182c6.982,0.0,11.636,-4.655,11.636,-11.636s-4.655,-11.636,-11.636,-11.636h-58.182c-19.782,0.0,-34.909,15.127,-34.909,34.909v34.909c0.0,3.491,-1.164,6.982,-4.655,9.309C230.219,259.317,226.729,259.317,223.238,259.317c-5.818,-1.164,-9.309,-6.982,-9.309,-12.8v-33.745c0.0,-19.782,-15.127,-34.909,-34.909,-34.909h-23.273V84.772c0.0,-32.582,25.6,-58.182,58.182,-58.182h93.091c32.582,0.0,58.182,25.6,58.182,58.182v232.727c0.0,6.982,-4.655,11.636,-11.636,11.636h-69.818c-6.982,0.0,-11.636,4.655,-11.636,11.636c0.0,6.982,4.655,11.636,11.636,11.636h69.818c19.782,0.0,34.909,-15.127,34.909,-34.909V84.772C388.474,39.39,352.401,3.317,307.019,3.317z"">
   </path>
  </g>
 </g>
 <g>
  <g>
   <path d=""M225.565,73.135c-6.982,0.0,-11.636,4.655,-11.636,11.636v58.182c0.0,6.982,4.655,11.636,11.636,11.636c6.982,0.0,11.636,-4.655,11.636,-11.636V84.772C237.201,77.79,232.547,73.135,225.565,73.135z"">
   </path>
  </g>
 </g>
 <g>
  <g>
   <path d=""M295.383,73.135c-6.982,0.0,-11.636,4.655,-11.636,11.636v58.182c0.0,6.982,4.655,11.636,11.636,11.636s11.636,-4.655,11.636,-11.636V84.772C307.019,77.79,302.365,73.135,295.383,73.135z"">
   </path>
  </g>
 </g>
 <g>
  <g>
   <path d=""M295.383,224.408c-6.982,0.0,-11.636,4.655,-11.636,11.636v34.909c0.0,6.982,4.655,11.636,11.636,11.636s11.636,-4.655,11.636,-11.636v-34.909C307.019,229.062,302.365,224.408,295.383,224.408z"">
   </path>
  </g>
 </g>
</svg>


Question: What is the shape of the handle of the object?",Circular,Rectangular,Triangular,Oval,B,dairy
3,"Examine the following SVG code carefully and answer the question based on your interpretation of the rendered image.

<svg id=""Layer_1"" style=""enable-background:new 0 0 512 512;"" version=""1.1"" viewbox=""0 0 512 512"" x=""0px"" xml:space=""preserve"" y=""0px"">
 <g>
  <g>
   <path d=""M307.019,3.317h-93.091C168.547,3.317,132.474,39.39,132.474,84.772v232.727c0.0,19.782,15.127,34.909,34.909,34.909h58.182v128.0C225.565,500.19,240.692,515.317,260.474,515.317c19.782,0.0,34.909,-15.127,34.909,-34.909V387.317c0.0,-6.982,-4.655,-11.636,-11.636,-11.636c-6.982,0.0,-11.636,4.655,-11.636,11.636v93.091c0.0,6.982,-4.655,11.636,-11.636,11.636s-11.636,-4.655,-11.636,-11.636V340.772c0.0,-6.982,-4.655,-11.636,-11.636,-11.636h-69.818c-6.982,0.0,-11.636,-4.655,-11.636,-11.636V201.135h23.273c6.982,0.0,11.636,4.655,11.636,11.636V246.517c0.0,17.455,12.8,32.582,29.091,36.073c2.327,0.0,3.491,0.0,5.818,0.0c8.145,0.0,16.291,-2.327,22.109,-8.145c8.145,-6.982,12.8,-16.291,12.8,-26.764v-34.909c0.0,-6.982,4.655,-11.636,11.636,-11.636h58.182c6.982,0.0,11.636,-4.655,11.636,-11.636s-4.655,-11.636,-11.636,-11.636h-58.182c-19.782,0.0,-34.909,15.127,-34.909,34.909v34.909c0.0,3.491,-1.164,6.982,-4.655,9.309C230.219,259.317,226.729,259.317,223.238,259.317c-5.818,-1.164,-9.309,-6.982,-9.309,-12.8v-33.745c0.0,-19.782,-15.127,-34.909,-34.909,-34.909h-23.273V84.772c0.0,-32.582,25.6,-58.182,58.182,-58.182h93.091c32.582,0.0,58.182,25.6,58.182,58.182v232.727c0.0,6.982,-4.655,11.636,-11.636,11.636h-69.818c-6.982,0.0,-11.636,4.655,-11.636,11.636c0.0,6.982,4.655,11.636,11.636,11.636h69.818c19.782,0.0,34.909,-15.127,34.909,-34.909V84.772C388.474,39.39,352.401,3.317,307.019,3.317z"">
   </path>
  </g>
 </g>
 <g>
  <g>
   <path d=""M225.565,73.135c-6.982,0.0,-11.636,4.655,-11.636,11.636v58.182c0.0,6.982,4.655,11.636,11.636,11.636c6.982,0.0,11.636,-4.655,11.636,-11.636V84.772C237.201,77.79,232.547,73.135,225.565,73.135z"">
   </path>
  </g>
 </g>
 <g>
  <g>
   <path d=""M295.383,73.135c-6.982,0.0,-11.636,4.655,-11.636,11.636v58.182c0.0,6.982,4.655,11.636,11.636,11.636s11.636,-4.655,11.636,-11.636V84.772C307.019,77.79,302.365,73.135,295.383,73.135z"">
   </path>
  </g>
 </g>
 <g>
  <g>
   <path d=""M295.383,224.408c-6.982,0.0,-11.636,4.655,-11.636,11.636v34.909c0.0,6.982,4.655,11.636,11.636,11.636s11.636,-4.655,11.636,-11.636v-34.909C307.019,229.062,302.365,224.408,295.383,224.408z"">
   </path>
  </g>
 </g>
</svg>


Question: What is the object depicted in the image?",popcorn,ice cream,Lollipop,cane,A,dairy
32,"Examine the following SVG code carefully and answer the question based on your interpretation of the rendered image.

<svg id=""Layer_1"" style=""enable-background:new 0 0 206.915 206.915;"" version=""1.1"" viewbox=""0 0 206.915 206.915"" x=""0px"" xml:space=""preserve"" y=""0px"">
 <g>
  <g>
   <g>
    <path d=""M195.858,156.807c7.537,-4.525,12.608,-12.756,12.608,-22.169c0.0,-14.26,-11.599,-25.864,-25.857,-25.864h-3.702V79.633c0.0,-9.595,-7.17,-17.54,-16.418,-18.738l-5.14,-33.409h3.083c2.04,0.0,3.695,-1.653,3.695,-3.695V9.011c0.0,-2.042,-1.655,-3.695,-3.695,-3.695h-29.559c-2.04,0.0,-3.695,1.653,-3.695,3.695v14.78c0.0,2.042,1.655,3.695,3.695,3.695h3.083l-5.14,33.409c-9.248,1.198,-16.418,9.143,-16.418,18.738v29.141H101.314V79.633c0.0,-9.595,-7.17,-17.54,-16.418,-18.738l-5.14,-33.409h3.083c2.04,0.0,3.695,-1.653,3.695,-3.695V9.011c0.0,-2.042,-1.655,-3.695,-3.695,-3.695H53.28c-2.04,0.0,-3.695,1.653,-3.695,3.695v14.78c0.0,2.042,1.655,3.695,3.695,3.695h3.083l-5.14,33.409c-9.248,1.198,-16.418,9.143,-16.418,18.738v29.141h-7.397C13.15,108.774,1.551,120.378,1.551,134.638c0.0,9.413,5.071,17.645,12.608,22.169C6.622,161.332,1.551,169.564,1.551,178.977c0.0,14.26,11.599,25.864,25.857,25.864h155.201c14.258,0.0,25.857,-11.604,25.857,-25.864C208.466,169.564,203.395,161.332,195.858,156.807zM134.567,12.706h0.001h22.169v7.39h-3.695h-18.475V12.706zM131.241,68.13h0.769c1.824,0.0,3.374,-1.332,3.652,-3.132l5.771,-37.512h8.44l5.771,37.512c0.278,1.801,1.828,3.132,3.652,3.132h0.769c6.315,0.0,11.453,5.16,11.453,11.503v29.141h-51.729V79.633h-0.001C119.788,73.29,124.926,68.13,131.241,68.13zM56.975,12.706h22.169v7.39h-3.695H56.975V12.706zM42.195,79.633c0.0,-6.343,5.138,-11.503,11.453,-11.503h0.769c1.824,0.0,3.374,-1.332,3.652,-3.132l5.771,-37.512h8.44L78.051,64.997c0.278,1.801,1.827,3.132,3.652,3.132h0.769c6.315,0.0,11.453,5.16,11.453,11.503v29.141h-51.73V79.633zM8.941,134.638c0.0,-10.186,8.285,-18.475,18.467,-18.475h11.092h59.119h18.475h59.119h7.397c10.182,0.0,18.467,8.288,18.467,18.475c0.0,10.187,-8.285,18.475,-18.467,18.475H27.408C17.226,153.113,8.941,144.824,8.941,134.638zM182.609,197.452H27.408c-10.182,0.0,-18.467,-8.288,-18.467,-18.475c0.0,-10.186,8.285,-18.475,18.467,-18.475h155.201c10.182,0.0,18.467,8.288,18.467,18.475C201.076,189.163,192.792,197.452,182.609,197.452z"">
    </path>
    <path d=""M27.415,145.723c6.113,0.0,11.085,-4.972,11.085,-11.085c0.0,-6.113,-4.972,-11.085,-11.085,-11.085c-6.112,0.0,-11.085,4.972,-11.085,11.085C16.33,140.751,21.302,145.723,27.415,145.723zM27.415,130.943c2.037,0.0,3.695,1.656,3.695,3.695s-1.658,3.695,-3.695,3.695s-3.695,-1.656,-3.695,-3.695S25.378,130.943,27.415,130.943z"">
    </path>
    <path d=""M27.415,167.892c-6.112,0.0,-11.085,4.972,-11.085,11.085c0.0,6.113,4.972,11.085,11.085,11.085c6.113,0.0,11.085,-4.972,11.085,-11.085C38.5,172.864,33.528,167.892,27.415,167.892zM27.415,182.672c-2.037,0.0,-3.695,-1.656,-3.695,-3.695s1.658,-3.695,3.695,-3.695s3.695,1.656,3.695,3.695S29.452,182.672,27.415,182.672z"">
    </path>
    <path d=""M182.602,145.723c6.113,0.0,11.085,-4.973,11.085,-11.085s-4.972,-11.085,-11.085,-11.085c-6.113,0.0,-11.085,4.972,-11.085,11.085C171.517,140.751,176.489,145.723,182.602,145.723zM182.602,130.943c2.037,0.0,3.695,1.656,3.695,3.695s-1.658,3.695,-3.695,3.695c-2.037,0.0,-3.695,-1.656,-3.695,-3.695S180.565,130.943,182.602,130.943z"">
    </path>
    <path d=""M182.602,167.892c-6.113,0.0,-11.085,4.972,-11.085,11.085c0.0,6.113,4.972,11.085,11.085,11.085c6.113,0.0,11.085,-4.972,11.085,-11.085C193.687,172.864,188.714,167.892,182.602,167.892zM182.602,182.672c-2.037,0.0,-3.695,-1.656,-3.695,-3.695s1.658,-3.695,3.695,-3.695c2.037,0.0,3.695,1.656,3.695,3.695S184.639,182.672,182.602,182.672z"">
    </path>
   </g>
  </g>
 </g>
</svg>


Question: How many bottles are depicted in the image?",One,Two,Three,Four,B,dairy
33,"Examine the following SVG code carefully and answer the question based on your interpretation of the rendered image.

<svg id=""Layer_1"" style=""enable-background:new 0 0 206.915 206.915;"" version=""1.1"" viewbox=""0 0 206.915 206.915"" x=""0px"" xml:space=""preserve"" y=""0px"">
 <g>
  <g>
   <g>
    <path d=""M195.858,156.807c7.537,-4.525,12.608,-12.756,12.608,-22.169c0.0,-14.26,-11.599,-25.864,-25.857,-25.864h-3.702V79.633c0.0,-9.595,-7.17,-17.54,-16.418,-18.738l-5.14,-33.409h3.083c2.04,0.0,3.695,-1.653,3.695,-3.695V9.011c0.0,-2.042,-1.655,-3.695,-3.695,-3.695h-29.559c-2.04,0.0,-3.695,1.653,-3.695,3.695v14.78c0.0,2.042,1.655,3.695,3.695,3.695h3.083l-5.14,33.409c-9.248,1.198,-16.418,9.143,-16.418,18.738v29.141H101.314V79.633c0.0,-9.595,-7.17,-17.54,-16.418,-18.738l-5.14,-33.409h3.083c2.04,0.0,3.695,-1.653,3.695,-3.695V9.011c0.0,-2.042,-1.655,-3.695,-3.695,-3.695H53.28c-2.04,0.0,-3.695,1.653,-3.695,3.695v14.78c0.0,2.042,1.655,3.695,3.695,3.695h3.083l-5.14,33.409c-9.248,1.198,-16.418,9.143,-16.418,18.738v29.141h-7.397C13.15,108.774,1.551,120.378,1.551,134.638c0.0,9.413,5.071,17.645,12.608,22.169C6.622,161.332,1.551,169.564,1.551,178.977c0.0,14.26,11.599,25.864,25.857,25.864h155.201c14.258,0.0,25.857,-11.604,25.857,-25.864C208.466,169.564,203.395,161.332,195.858,156.807zM134.567,12.706h0.001h22.169v7.39h-3.695h-18.475V12.706zM131.241,68.13h0.769c1.824,0.0,3.374,-1.332,3.652,-3.132l5.771,-37.512h8.44l5.771,37.512c0.278,1.801,1.828,3.132,3.652,3.132h0.769c6.315,0.0,11.453,5.16,11.453,11.503v29.141h-51.729V79.633h-0.001C119.788,73.29,124.926,68.13,131.241,68.13zM56.975,12.706h22.169v7.39h-3.695H56.975V12.706zM42.195,79.633c0.0,-6.343,5.138,-11.503,11.453,-11.503h0.769c1.824,0.0,3.374,-1.332,3.652,-3.132l5.771,-37.512h8.44L78.051,64.997c0.278,1.801,1.827,3.132,3.652,3.132h0.769c6.315,0.0,11.453,5.16,11.453,11.503v29.141h-51.73V79.633zM8.941,134.638c0.0,-10.186,8.285,-18.475,18.467,-18.475h11.092h59.119h18.475h59.119h7.397c10.182,0.0,18.467,8.288,18.467,18.475c0.0,10.187,-8.285,18.475,-18.467,18.475H27.408C17.226,153.113,8.941,144.824,8.941,134.638zM182.609,197.452H27.408c-10.182,0.0,-18.467,-8.288,-18.467,-18.475c0.0,-10.186,8.285,-18.475,18.467,-18.475h155.201c10.182,0.0,18.467,8.288,18.467,18.475C201.076,189.163,192.792,197.452,182.609,197.452z"">
    </path>
    <path d=""M27.415,145.723c6.113,0.0,11.085,-4.972,11.085,-11.085c0.0,-6.113,-4.972,-11.085,-11.085,-11.085c-6.112,0.0,-11.085,4.972,-11.085,11.085C16.33,140.751,21.302,145.723,27.415,145.723zM27.415,130.943c2.037,0.0,3.695,1.656,3.695,3.695s-1.658,3.695,-3.695,3.695s-3.695,-1.656,-3.695,-3.695S25.378,130.943,27.415,130.943z"">
    </path>
    <path d=""M27.415,167.892c-6.112,0.0,-11.085,4.972,-11.085,11.085c0.0,6.113,4.972,11.085,11.085,11.085c6.113,0.0,11.085,-4.972,11.085,-11.085C38.5,172.864,33.528,167.892,27.415,167.892zM27.415,182.672c-2.037,0.0,-3.695,-1.656,-3.695,-3.695s1.658,-3.695,3.695,-3.695s3.695,1.656,3.695,3.695S29.452,182.672,27.415,182.672z"">
    </path>
    <path d=""M182.602,145.723c6.113,0.0,11.085,-4.973,11.085,-11.085s-4.972,-11.085,-11.085,-11.085c-6.113,0.0,-11.085,4.972,-11.085,11.085C171.517,140.751,176.489,145.723,182.602,145.723zM182.602,130.943c2.037,0.0,3.695,1.656,3.695,3.695s-1.658,3.695,-3.695,3.695c-2.037,0.0,-3.695,-1.656,-3.695,-3.695S180.565,130.943,182.602,130.943z"">
    </path>
    <path d=""M182.602,167.892c-6.113,0.0,-11.085,4.972,-11.085,11.085c0.0,6.113,4.972,11.085,11.085,11.085c6.113,0.0,11.085,-4.972,11.085,-11.085C193.687,172.864,188.714,167.892,182.602,167.892zM182.602,182.672c-2.037,0.0,-3.695,-1.656,-3.695,-3.695s1.658,-3.695,3.695,-3.695c2.037,0.0,3.695,1.656,3.695,3.695S184.639,182.672,182.602,182.672z"">
    </path>
   </g>
  </g>
 </g>
</svg>


Question: What shape are the objects at the bottom of the image?",Squares,Triangles,Rectangles,Hexagons,C,dairy
34,"Examine the following SVG code carefully and answer the question based on your interpretation of the rendered image.

<svg id=""Layer_1"" style=""enable-background:new 0 0 206.915 206.915;"" version=""1.1"" viewbox=""0 0 206.915 206.915"" x=""0px"" xml:space=""preserve"" y=""0px"">
 <g>
  <g>
   <g>
    <path d=""M195.858,156.807c7.537,-4.525,12.608,-12.756,12.608,-22.169c0.0,-14.26,-11.599,-25.864,-25.857,-25.864h-3.702V79.633c0.0,-9.595,-7.17,-17.54,-16.418,-18.738l-5.14,-33.409h3.083c2.04,0.0,3.695,-1.653,3.695,-3.695V9.011c0.0,-2.042,-1.655,-3.695,-3.695,-3.695h-29.559c-2.04,0.0,-3.695,1.653,-3.695,3.695v14.78c0.0,2.042,1.655,3.695,3.695,3.695h3.083l-5.14,33.409c-9.248,1.198,-16.418,9.143,-16.418,18.738v29.141H101.314V79.633c0.0,-9.595,-7.17,-17.54,-16.418,-18.738l-5.14,-33.409h3.083c2.04,0.0,3.695,-1.653,3.695,-3.695V9.011c0.0,-2.042,-1.655,-3.695,-3.695,-3.695H53.28c-2.04,0.0,-3.695,1.653,-3.695,3.695v14.78c0.0,2.042,1.655,3.695,3.695,3.695h3.083l-5.14,33.409c-9.248,1.198,-16.418,9.143,-16.418,18.738v29.141h-7.397C13.15,108.774,1.551,120.378,1.551,134.638c0.0,9.413,5.071,17.645,12.608,22.169C6.622,161.332,1.551,169.564,1.551,178.977c0.0,14.26,11.599,25.864,25.857,25.864h155.201c14.258,0.0,25.857,-11.604,25.857,-25.864C208.466,169.564,203.395,161.332,195.858,156.807zM134.567,12.706h0.001h22.169v7.39h-3.695h-18.475V12.706zM131.241,68.13h0.769c1.824,0.0,3.374,-1.332,3.652,-3.132l5.771,-37.512h8.44l5.771,37.512c0.278,1.801,1.828,3.132,3.652,3.132h0.769c6.315,0.0,11.453,5.16,11.453,11.503v29.141h-51.729V79.633h-0.001C119.788,73.29,124.926,68.13,131.241,68.13zM56.975,12.706h22.169v7.39h-3.695H56.975V12.706zM42.195,79.633c0.0,-6.343,5.138,-11.503,11.453,-11.503h0.769c1.824,0.0,3.374,-1.332,3.652,-3.132l5.771,-37.512h8.44L78.051,64.997c0.278,1.801,1.827,3.132,3.652,3.132h0.769c6.315,0.0,11.453,5.16,11.453,11.503v29.141h-51.73V79.633zM8.941,134.638c0.0,-10.186,8.285,-18.475,18.467,-18.475h11.092h59.119h18.475h59.119h7.397c10.182,0.0,18.467,8.288,18.467,18.475c0.0,10.187,-8.285,18.475,-18.467,18.475H27.408C17.226,153.113,8.941,144.824,8.941,134.638zM182.609,197.452H27.408c-10.182,0.0,-18.467,-8.288,-18.467,-18.475c0.0,-10.186,8.285,-18.475,18.467,-18.475h155.201c10.182,0.0,18.467,8.288,18.467,18.475C201.076,189.163,192.792,197.452,182.609,197.452z"">
    </path>
    <path d=""M27.415,145.723c6.113,0.0,11.085,-4.972,11.085,-11.085c0.0,-6.113,-4.972,-11.085,-11.085,-11.085c-6.112,0.0,-11.085,4.972,-11.085,11.085C16.33,140.751,21.302,145.723,27.415,145.723zM27.415,130.943c2.037,0.0,3.695,1.656,3.695,3.695s-1.658,3.695,-3.695,3.695s-3.695,-1.656,-3.695,-3.695S25.378,130.943,27.415,130.943z"">
    </path>
    <path d=""M27.415,167.892c-6.112,0.0,-11.085,4.972,-11.085,11.085c0.0,6.113,4.972,11.085,11.085,11.085c6.113,0.0,11.085,-4.972,11.085,-11.085C38.5,172.864,33.528,167.892,27.415,167.892zM27.415,182.672c-2.037,0.0,-3.695,-1.656,-3.695,-3.695s1.658,-3.695,3.695,-3.695s3.695,1.656,3.695,3.695S29.452,182.672,27.415,182.672z"">
    </path>
    <path d=""M182.602,145.723c6.113,0.0,11.085,-4.973,11.085,-11.085s-4.972,-11.085,-11.085,-11.085c-6.113,0.0,-11.085,4.972,-11.085,11.085C171.517,140.751,176.489,145.723,182.602,145.723zM182.602,130.943c2.037,0.0,3.695,1.656,3.695,3.695s-1.658,3.695,-3.695,3.695c-2.037,0.0,-3.695,-1.656,-3.695,-3.695S180.565,130.943,182.602,130.943z"">
    </path>
    <path d=""M182.602,167.892c-6.113,0.0,-11.085,4.972,-11.085,11.085c0.0,6.113,4.972,11.085,11.085,11.085c6.113,0.0,11.085,-4.972,11.085,-11.085C193.687,172.864,188.714,167.892,182.602,167.892zM182.602,182.672c-2.037,0.0,-3.695,-1.656,-3.695,-3.695s1.658,-3.695,3.695,-3.695c2.037,0.0,3.695,1.656,3.695,3.695S184.639,182.672,182.602,182.672z"">
    </path>
   </g>
  </g>
 </g>
</svg>


Question: How many circles are there in total in the image?",Four,Six,Eight,Ten,A,dairy
35,"Examine the following SVG code carefully and answer the question based on your interpretation of the rendered image.

<svg id=""Layer_1"" style=""enable-background:new 0 0 206.915 206.915;"" version=""1.1"" viewbox=""0 0 206.915 206.915"" x=""0px"" xml:space=""preserve"" y=""0px"">
 <g>
  <g>
   <g>
    <path d=""M195.858,156.807c7.537,-4.525,12.608,-12.756,12.608,-22.169c0.0,-14.26,-11.599,-25.864,-25.857,-25.864h-3.702V79.633c0.0,-9.595,-7.17,-17.54,-16.418,-18.738l-5.14,-33.409h3.083c2.04,0.0,3.695,-1.653,3.695,-3.695V9.011c0.0,-2.042,-1.655,-3.695,-3.695,-3.695h-29.559c-2.04,0.0,-3.695,1.653,-3.695,3.695v14.78c0.0,2.042,1.655,3.695,3.695,3.695h3.083l-5.14,33.409c-9.248,1.198,-16.418,9.143,-16.418,18.738v29.141H101.314V79.633c0.0,-9.595,-7.17,-17.54,-16.418,-18.738l-5.14,-33.409h3.083c2.04,0.0,3.695,-1.653,3.695,-3.695V9.011c0.0,-2.042,-1.655,-3.695,-3.695,-3.695H53.28c-2.04,0.0,-3.695,1.653,-3.695,3.695v14.78c0.0,2.042,1.655,3.695,3.695,3.695h3.083l-5.14,33.409c-9.248,1.198,-16.418,9.143,-16.418,18.738v29.141h-7.397C13.15,108.774,1.551,120.378,1.551,134.638c0.0,9.413,5.071,17.645,12.608,22.169C6.622,161.332,1.551,169.564,1.551,178.977c0.0,14.26,11.599,25.864,25.857,25.864h155.201c14.258,0.0,25.857,-11.604,25.857,-25.864C208.466,169.564,203.395,161.332,195.858,156.807zM134.567,12.706h0.001h22.169v7.39h-3.695h-18.475V12.706zM131.241,68.13h0.769c1.824,0.0,3.374,-1.332,3.652,-3.132l5.771,-37.512h8.44l5.771,37.512c0.278,1.801,1.828,3.132,3.652,3.132h0.769c6.315,0.0,11.453,5.16,11.453,11.503v29.141h-51.729V79.633h-0.001C119.788,73.29,124.926,68.13,131.241,68.13zM56.975,12.706h22.169v7.39h-3.695H56.975V12.706zM42.195,79.633c0.0,-6.343,5.138,-11.503,11.453,-11.503h0.769c1.824,0.0,3.374,-1.332,3.652,-3.132l5.771,-37.512h8.44L78.051,64.997c0.278,1.801,1.827,3.132,3.652,3.132h0.769c6.315,0.0,11.453,5.16,11.453,11.503v29.141h-51.73V79.633zM8.941,134.638c0.0,-10.186,8.285,-18.475,18.467,-18.475h11.092h59.119h18.475h59.119h7.397c10.182,0.0,18.467,8.288,18.467,18.475c0.0,10.187,-8.285,18.475,-18.467,18.475H27.408C17.226,153.113,8.941,144.824,8.941,134.638zM182.609,197.452H27.408c-10.182,0.0,-18.467,-8.288,-18.467,-18.475c0.0,-10.186,8.285,-18.475,18.467,-18.475h155.201c10.182,0.0,18.467,8.288,18.467,18.475C201.076,189.163,192.792,197.452,182.609,197.452z"">
    </path>
    <path d=""M27.415,145.723c6.113,0.0,11.085,-4.972,11.085,-11.085c0.0,-6.113,-4.972,-11.085,-11.085,-11.085c-6.112,0.0,-11.085,4.972,-11.085,11.085C16.33,140.751,21.302,145.723,27.415,145.723zM27.415,130.943c2.037,0.0,3.695,1.656,3.695,3.695s-1.658,3.695,-3.695,3.695s-3.695,-1.656,-3.695,-3.695S25.378,130.943,27.415,130.943z"">
    </path>
    <path d=""M27.415,167.892c-6.112,0.0,-11.085,4.972,-11.085,11.085c0.0,6.113,4.972,11.085,11.085,11.085c6.113,0.0,11.085,-4.972,11.085,-11.085C38.5,172.864,33.528,167.892,27.415,167.892zM27.415,182.672c-2.037,0.0,-3.695,-1.656,-3.695,-3.695s1.658,-3.695,3.695,-3.695s3.695,1.656,3.695,3.695S29.452,182.672,27.415,182.672z"">
    </path>
    <path d=""M182.602,145.723c6.113,0.0,11.085,-4.973,11.085,-11.085s-4.972,-11.085,-11.085,-11.085c-6.113,0.0,-11.085,4.972,-11.085,11.085C171.517,140.751,176.489,145.723,182.602,145.723zM182.602,130.943c2.037,0.0,3.695,1.656,3.695,3.695s-1.658,3.695,-3.695,3.695c-2.037,0.0,-3.695,-1.656,-3.695,-3.695S180.565,130.943,182.602,130.943z"">
    </path>
    <path d=""M182.602,167.892c-6.113,0.0,-11.085,4.972,-11.085,11.085c0.0,6.113,4.972,11.085,11.085,11.085c6.113,0.0,11.085,-4.972,11.085,-11.085C193.687,172.864,188.714,167.892,182.602,167.892zM182.602,182.672c-2.037,0.0,-3.695,-1.656,-3.695,-3.695s1.658,-3.695,3.695,-3.695c2.037,0.0,3.695,1.656,3.695,3.695S184.639,182.672,182.602,182.672z"">
    </path>
   </g>
  </g>
 </g>
</svg>


Question: What is the object in the image most likely representing?",binoculars,bottles,glasses,speakers,B,dairy
40,"Examine the following SVG code carefully and answer the question based on your interpretation of the rendered image.

<svg id=""Layer_1"" style=""enable-background:new 0 0 512 512;"" version=""1.1"" viewbox=""0 0 512 512"" x=""0px"" xml:space=""preserve"" y=""0px"">
 <g>
  <g>
   <path d=""M42.478,460.477c0.0,45.379,40.783,54.907,74.997,54.907h12.454c34.213,0.0,74.997,-9.526,74.997,-54.907v-97.111H42.478V460.477z"">
   </path>
  </g>
 </g>
 <g>
  <g>
   <path d=""M42.478,219.801v43.109h100.801c8.265,0.0,14.968,6.703,14.968,14.968c0.0,8.266,-6.703,14.968,-14.968,14.968H42.478v40.583h162.449V219.801H42.478z"">
   </path>
  </g>
 </g>
 <g>
  <g>
   <path d=""M166.103,71.106c-2.603,-1.169,-4.411,-3.775,-4.411,-6.811c0.0,-3.69,-3.003,-6.692,-6.692,-6.692H92.406c-3.69,0.0,-6.692,3.003,-6.692,6.692c0.0,3.088,-1.871,5.74,-4.541,6.884c-23.883,13.233,-38.695,38.326,-38.695,65.639v53.046h162.449v-53.046C204.927,109.451,190.065,84.325,166.103,71.106z"">
   </path>
  </g>
 </g>
 <g>
  <g>
   <path d=""M155.7,3.384H91.706C84.424,3.384,78.519,9.289,78.519,16.571c0.0,4.89,2.667,9.149,6.622,11.425v2.557c0.0,5.405,3.257,10.045,7.912,12.082c1.617,0.706,3.399,1.105,5.275,1.105h50.748c1.877,0.0,3.66,-0.398,5.275,-1.105c4.655,-2.036,7.912,-6.676,7.912,-12.082v-2.555c3.955,-2.277,6.623,-6.537,6.623,-11.427C168.887,9.289,162.982,3.384,155.7,3.384z"">
   </path>
  </g>
 </g>
 <g>
  <g>
   <path d=""M314.341,219.801v43.109h100.802c8.266,0.0,14.968,6.703,14.968,14.968s-6.703,14.968,-14.968,14.968H314.341v40.583h162.449V219.801H314.341z"">
   </path>
  </g>
 </g>
 <g>
  <g>
   <path d=""M314.341,460.477c0.0,45.379,40.784,54.907,74.997,54.907h12.454c34.213,0.0,74.997,-9.526,74.997,-54.907v-97.111H314.341V460.477z"">
   </path>
  </g>
 </g>
 <g>
  <g>
   <path d=""M437.964,71.106c-2.603,-1.169,-4.411,-3.775,-4.411,-6.811c0.0,-3.69,-3.003,-6.692,-6.692,-6.692h-62.591c-3.69,0.0,-6.692,3.003,-6.692,6.692c0.0,3.088,-1.871,5.74,-4.541,6.884c-23.882,13.235,-38.694,38.326,-38.694,65.639v53.046h162.448v-53.046C476.788,109.451,461.926,84.323,437.964,71.106z"">
   </path>
  </g>
 </g>
 <g>
  <g>
   <path d=""M427.564,3.384h-63.994c-7.282,0.0,-13.187,5.905,-13.187,13.187c0.0,4.89,2.669,9.149,6.622,11.425v2.557c0.0,5.405,3.257,10.045,7.912,12.082c1.617,0.706,3.399,1.105,5.275,1.105h50.748c1.877,0.0,3.66,-0.398,5.275,-1.105c4.655,-2.036,7.912,-6.676,7.912,-12.082v-2.555c3.955,-2.277,6.623,-6.537,6.623,-11.427C440.751,9.289,434.846,3.384,427.564,3.384z"">
   </path>
  </g>
 </g>
</svg>


Question: How many objects are shown in the image?",One,Two,Three,Four,B,dairy
41,"Examine the following SVG code carefully and answer the question based on your interpretation of the rendered image.

<svg id=""Layer_1"" style=""enable-background:new 0 0 512 512;"" version=""1.1"" viewbox=""0 0 512 512"" x=""0px"" xml:space=""preserve"" y=""0px"">
 <g>
  <g>
   <path d=""M42.478,460.477c0.0,45.379,40.783,54.907,74.997,54.907h12.454c34.213,0.0,74.997,-9.526,74.997,-54.907v-97.111H42.478V460.477z"">
   </path>
  </g>
 </g>
 <g>
  <g>
   <path d=""M42.478,219.801v43.109h100.801c8.265,0.0,14.968,6.703,14.968,14.968c0.0,8.266,-6.703,14.968,-14.968,14.968H42.478v40.583h162.449V219.801H42.478z"">
   </path>
  </g>
 </g>
 <g>
  <g>
   <path d=""M166.103,71.106c-2.603,-1.169,-4.411,-3.775,-4.411,-6.811c0.0,-3.69,-3.003,-6.692,-6.692,-6.692H92.406c-3.69,0.0,-6.692,3.003,-6.692,6.692c0.0,3.088,-1.871,5.74,-4.541,6.884c-23.883,13.233,-38.695,38.326,-38.695,65.639v53.046h162.449v-53.046C204.927,109.451,190.065,84.325,166.103,71.106z"">
   </path>
  </g>
 </g>
 <g>
  <g>
   <path d=""M155.7,3.384H91.706C84.424,3.384,78.519,9.289,78.519,16.571c0.0,4.89,2.667,9.149,6.622,11.425v2.557c0.0,5.405,3.257,10.045,7.912,12.082c1.617,0.706,3.399,1.105,5.275,1.105h50.748c1.877,0.0,3.66,-0.398,5.275,-1.105c4.655,-2.036,7.912,-6.676,7.912,-12.082v-2.555c3.955,-2.277,6.623,-6.537,6.623,-11.427C168.887,9.289,162.982,3.384,155.7,3.384z"">
   </path>
  </g>
 </g>
 <g>
  <g>
   <path d=""M314.341,219.801v43.109h100.802c8.266,0.0,14.968,6.703,14.968,14.968s-6.703,14.968,-14.968,14.968H314.341v40.583h162.449V219.801H314.341z"">
   </path>
  </g>
 </g>
 <g>
  <g>
   <path d=""M314.341,460.477c0.0,45.379,40.784,54.907,74.997,54.907h12.454c34.213,0.0,74.997,-9.526,74.997,-54.907v-97.111H314.341V460.477z"">
   </path>
  </g>
 </g>
 <g>
  <g>
   <path d=""M437.964,71.106c-2.603,-1.169,-4.411,-3.775,-4.411,-6.811c0.0,-3.69,-3.003,-6.692,-6.692,-6.692h-62.591c-3.69,0.0,-6.692,3.003,-6.692,6.692c0.0,3.088,-1.871,5.74,-4.541,6.884c-23.882,13.235,-38.694,38.326,-38.694,65.639v53.046h162.448v-53.046C476.788,109.451,461.926,84.323,437.964,71.106z"">
   </path>
  </g>
 </g>
 <g>
  <g>
   <path d=""M427.564,3.384h-63.994c-7.282,0.0,-13.187,5.905,-13.187,13.187c0.0,4.89,2.669,9.149,6.622,11.425v2.557c0.0,5.405,3.257,10.045,7.912,12.082c1.617,0.706,3.399,1.105,5.275,1.105h50.748c1.877,0.0,3.66,-0.398,5.275,-1.105c4.655,-2.036,7.912,-6.676,7.912,-12.082v-2.555c3.955,-2.277,6.623,-6.537,6.623,-11.427C440.751,9.289,434.846,3.384,427.564,3.384z"">
   </path>
  </g>
 </g>
</svg>


Question: What shape is the top part of the objects in the image?",Square,Circle,Rectangle,Rounded,D,dairy
42,"Examine the following SVG code carefully and answer the question based on your interpretation of the rendered image.

<svg id=""Layer_1"" style=""enable-background:new 0 0 512 512;"" version=""1.1"" viewbox=""0 0 512 512"" x=""0px"" xml:space=""preserve"" y=""0px"">
 <g>
  <g>
   <path d=""M42.478,460.477c0.0,45.379,40.783,54.907,74.997,54.907h12.454c34.213,0.0,74.997,-9.526,74.997,-54.907v-97.111H42.478V460.477z"">
   </path>
  </g>
 </g>
 <g>
  <g>
   <path d=""M42.478,219.801v43.109h100.801c8.265,0.0,14.968,6.703,14.968,14.968c0.0,8.266,-6.703,14.968,-14.968,14.968H42.478v40.583h162.449V219.801H42.478z"">
   </path>
  </g>
 </g>
 <g>
  <g>
   <path d=""M166.103,71.106c-2.603,-1.169,-4.411,-3.775,-4.411,-6.811c0.0,-3.69,-3.003,-6.692,-6.692,-6.692H92.406c-3.69,0.0,-6.692,3.003,-6.692,6.692c0.0,3.088,-1.871,5.74,-4.541,6.884c-23.883,13.233,-38.695,38.326,-38.695,65.639v53.046h162.449v-53.046C204.927,109.451,190.065,84.325,166.103,71.106z"">
   </path>
  </g>
 </g>
 <g>
  <g>
   <path d=""M155.7,3.384H91.706C84.424,3.384,78.519,9.289,78.519,16.571c0.0,4.89,2.667,9.149,6.622,11.425v2.557c0.0,5.405,3.257,10.045,7.912,12.082c1.617,0.706,3.399,1.105,5.275,1.105h50.748c1.877,0.0,3.66,-0.398,5.275,-1.105c4.655,-2.036,7.912,-6.676,7.912,-12.082v-2.555c3.955,-2.277,6.623,-6.537,6.623,-11.427C168.887,9.289,162.982,3.384,155.7,3.384z"">
   </path>
  </g>
 </g>
 <g>
  <g>
   <path d=""M314.341,219.801v43.109h100.802c8.266,0.0,14.968,6.703,14.968,14.968s-6.703,14.968,-14.968,14.968H314.341v40.583h162.449V219.801H314.341z"">
   </path>
  </g>
 </g>
 <g>
  <g>
   <path d=""M314.341,460.477c0.0,45.379,40.784,54.907,74.997,54.907h12.454c34.213,0.0,74.997,-9.526,74.997,-54.907v-97.111H314.341V460.477z"">
   </path>
  </g>
 </g>
 <g>
  <g>
   <path d=""M437.964,71.106c-2.603,-1.169,-4.411,-3.775,-4.411,-6.811c0.0,-3.69,-3.003,-6.692,-6.692,-6.692h-62.591c-3.69,0.0,-6.692,3.003,-6.692,6.692c0.0,3.088,-1.871,5.74,-4.541,6.884c-23.882,13.235,-38.694,38.326,-38.694,65.639v53.046h162.448v-53.046C476.788,109.451,461.926,84.323,437.964,71.106z"">
   </path>
  </g>
 </g>
 <g>
  <g>
   <path d=""M427.564,3.384h-63.994c-7.282,0.0,-13.187,5.905,-13.187,13.187c0.0,4.89,2.669,9.149,6.622,11.425v2.557c0.0,5.405,3.257,10.045,7.912,12.082c1.617,0.706,3.399,1.105,5.275,1.105h50.748c1.877,0.0,3.66,-0.398,5.275,-1.105c4.655,-2.036,7.912,-6.676,7.912,-12.082v-2.555c3.955,-2.277,6.623,-6.537,6.623,-11.427C440.751,9.289,434.846,3.384,427.564,3.384z"">
   </path>
  </g>
 </g>
</svg>


Question: How many white horizontal lines are present on the body of each object in the image?",One,Two,Three,Four,C,dairy
43,"Examine the following SVG code carefully and answer the question based on your interpretation of the rendered image.

<svg id=""Layer_1"" style=""enable-background:new 0 0 512 512;"" version=""1.1"" viewbox=""0 0 512 512"" x=""0px"" xml:space=""preserve"" y=""0px"">
 <g>
  <g>
   <path d=""M42.478,460.477c0.0,45.379,40.783,54.907,74.997,54.907h12.454c34.213,0.0,74.997,-9.526,74.997,-54.907v-97.111H42.478V460.477z"">
   </path>
  </g>
 </g>
 <g>
  <g>
   <path d=""M42.478,219.801v43.109h100.801c8.265,0.0,14.968,6.703,14.968,14.968c0.0,8.266,-6.703,14.968,-14.968,14.968H42.478v40.583h162.449V219.801H42.478z"">
   </path>
  </g>
 </g>
 <g>
  <g>
   <path d=""M166.103,71.106c-2.603,-1.169,-4.411,-3.775,-4.411,-6.811c0.0,-3.69,-3.003,-6.692,-6.692,-6.692H92.406c-3.69,0.0,-6.692,3.003,-6.692,6.692c0.0,3.088,-1.871,5.74,-4.541,6.884c-23.883,13.233,-38.695,38.326,-38.695,65.639v53.046h162.449v-53.046C204.927,109.451,190.065,84.325,166.103,71.106z"">
   </path>
  </g>
 </g>
 <g>
  <g>
   <path d=""M155.7,3.384H91.706C84.424,3.384,78.519,9.289,78.519,16.571c0.0,4.89,2.667,9.149,6.622,11.425v2.557c0.0,5.405,3.257,10.045,7.912,12.082c1.617,0.706,3.399,1.105,5.275,1.105h50.748c1.877,0.0,3.66,-0.398,5.275,-1.105c4.655,-2.036,7.912,-6.676,7.912,-12.082v-2.555c3.955,-2.277,6.623,-6.537,6.623,-11.427C168.887,9.289,162.982,3.384,155.7,3.384z"">
   </path>
  </g>
 </g>
 <g>
  <g>
   <path d=""M314.341,219.801v43.109h100.802c8.266,0.0,14.968,6.703,14.968,14.968s-6.703,14.968,-14.968,14.968H314.341v40.583h162.449V219.801H314.341z"">
   </path>
  </g>
 </g>
 <g>
  <g>
   <path d=""M314.341,460.477c0.0,45.379,40.784,54.907,74.997,54.907h12.454c34.213,0.0,74.997,-9.526,74.997,-54.907v-97.111H314.341V460.477z"">
   </path>
  </g>
 </g>
 <g>
  <g>
   <path d=""M437.964,71.106c-2.603,-1.169,-4.411,-3.775,-4.411,-6.811c0.0,-3.69,-3.003,-6.692,-6.692,-6.692h-62.591c-3.69,0.0,-6.692,3.003,-6.692,6.692c0.0,3.088,-1.871,5.74,-4.541,6.884c-23.882,13.235,-38.694,38.326,-38.694,65.639v53.046h162.448v-53.046C476.788,109.451,461.926,84.323,437.964,71.106z"">
   </path>
  </g>
 </g>
 <g>
  <g>
   <path d=""M427.564,3.384h-63.994c-7.282,0.0,-13.187,5.905,-13.187,13.187c0.0,4.89,2.669,9.149,6.622,11.425v2.557c0.0,5.405,3.257,10.045,7.912,12.082c1.617,0.706,3.399,1.105,5.275,1.105h50.748c1.877,0.0,3.66,-0.398,5.275,-1.105c4.655,-2.036,7.912,-6.676,7.912,-12.082v-2.555c3.955,-2.277,6.623,-6.537,6.623,-11.427C440.751,9.289,434.846,3.384,427.564,3.384z"">
   </path>
  </g>
 </g>
</svg>


Question: What type of objects are depicted in the image?",Bottles,Books,Boxes,Lamps,A,dairy
56,"Examine the following SVG code carefully and answer the question based on your interpretation of the rendered image.

<svg id=""Layer_1"" style=""enable-background:new 0 0 400 400;"" version=""1.1"" viewbox=""0 0 400 400"" x=""0px"" xml:space=""preserve"" y=""0px"">
 <g>
  <circle cx=""214.362"" cy=""73.526"" r=""69.828"" style=""fill:#EFEFEF;"">
  </circle>
  <circle cx=""156.235"" cy=""123.086"" r=""72.328"" style=""fill:#F4A026;"">
  </circle>
  <circle cx=""250.707"" cy=""141.451"" r=""72.328"" style=""fill:#F5C525;"">
  </circle>
  <path d=""M211.315,267.528c37.61,-1.57,71.32,-14.19,95.59,-36.05c23.06,-20.76,37.58,-49.87,38.82,-85.78H60.905c0.42,12.12,2.36,23.49,5.63,34.0c16.59,53.4,67.52,85.26,128.78,87.81v86.17L93.335,403.698h219.95L211.315,353.678V267.528z"" style=""fill:#3E81C8;"">
  </path>
  <path d=""M345.725,145.698c-1.24,35.91,-15.76,65.02,-38.82,85.78v-34.47c0.0,-10.66,-8.64,-19.31,-19.31,-19.31h-12.39c-10.66,0.0,-19.3,8.65,-19.3,19.31v17.39c0.0,10.66,-8.64,19.3,-19.31,19.3h-0.39c-10.66,0.0,-19.3,-8.64,-19.3,-19.3v-18.39c0.0,-10.66,-8.64,-19.31,-19.31,-19.31h-5.39c-10.66,0.0,-19.3,8.65,-19.3,19.31v4.39c0.0,10.66,-8.64,19.3,-19.31,19.3h-7.39c-10.66,0.0,-19.3,-8.64,-19.3,-19.3v-1.39c0.0,-10.277,-8.661,-19.075,-18.953,-19.307c-4.027,-0.091,-8.1,-0.003,-12.138,-0.003c-7.055,0.0,-14.109,0.0,-21.164,0.0c-2.705,0.0,-5.41,0.0,-8.114,0.0c-3.27,-10.51,-5.21,-21.88,-5.63,-34.0L345.725,145.698L345.725,145.698z"" style=""fill:#EFEFEF;"">
  </path>
 </g>
</svg>


Question: What is the primary color of the base of the object?",Red,Blue,Green,Yellow,B,dairy
57,"Examine the following SVG code carefully and answer the question based on your interpretation of the rendered image.

<svg id=""Layer_1"" style=""enable-background:new 0 0 400 400;"" version=""1.1"" viewbox=""0 0 400 400"" x=""0px"" xml:space=""preserve"" y=""0px"">
 <g>
  <circle cx=""214.362"" cy=""73.526"" r=""69.828"" style=""fill:#EFEFEF;"">
  </circle>
  <circle cx=""156.235"" cy=""123.086"" r=""72.328"" style=""fill:#F4A026;"">
  </circle>
  <circle cx=""250.707"" cy=""141.451"" r=""72.328"" style=""fill:#F5C525;"">
  </circle>
  <path d=""M211.315,267.528c37.61,-1.57,71.32,-14.19,95.59,-36.05c23.06,-20.76,37.58,-49.87,38.82,-85.78H60.905c0.42,12.12,2.36,23.49,5.63,34.0c16.59,53.4,67.52,85.26,128.78,87.81v86.17L93.335,403.698h219.95L211.315,353.678V267.528z"" style=""fill:#3E81C8;"">
  </path>
  <path d=""M345.725,145.698c-1.24,35.91,-15.76,65.02,-38.82,85.78v-34.47c0.0,-10.66,-8.64,-19.31,-19.31,-19.31h-12.39c-10.66,0.0,-19.3,8.65,-19.3,19.31v17.39c0.0,10.66,-8.64,19.3,-19.31,19.3h-0.39c-10.66,0.0,-19.3,-8.64,-19.3,-19.3v-18.39c0.0,-10.66,-8.64,-19.31,-19.31,-19.31h-5.39c-10.66,0.0,-19.3,8.65,-19.3,19.31v4.39c0.0,10.66,-8.64,19.3,-19.31,19.3h-7.39c-10.66,0.0,-19.3,-8.64,-19.3,-19.3v-1.39c0.0,-10.277,-8.661,-19.075,-18.953,-19.307c-4.027,-0.091,-8.1,-0.003,-12.138,-0.003c-7.055,0.0,-14.109,0.0,-21.164,0.0c-2.705,0.0,-5.41,0.0,-8.114,0.0c-3.27,-10.51,-5.21,-21.88,-5.63,-34.0L345.725,145.698L345.725,145.698z"" style=""fill:#EFEFEF;"">
  </path>
 </g>
</svg>


Question: How many scoops of ice cream are depicted in the image?",Three,Two,One,Four,A,dairy
58,"Examine the following SVG code carefully and answer the question based on your interpretation of the rendered image.

<svg id=""Layer_1"" style=""enable-background:new 0 0 400 400;"" version=""1.1"" viewbox=""0 0 400 400"" x=""0px"" xml:space=""preserve"" y=""0px"">
 <g>
  <circle cx=""214.362"" cy=""73.526"" r=""69.828"" style=""fill:#EFEFEF;"">
  </circle>
  <circle cx=""156.235"" cy=""123.086"" r=""72.328"" style=""fill:#F4A026;"">
  </circle>
  <circle cx=""250.707"" cy=""141.451"" r=""72.328"" style=""fill:#F5C525;"">
  </circle>
  <path d=""M211.315,267.528c37.61,-1.57,71.32,-14.19,95.59,-36.05c23.06,-20.76,37.58,-49.87,38.82,-85.78H60.905c0.42,12.12,2.36,23.49,5.63,34.0c16.59,53.4,67.52,85.26,128.78,87.81v86.17L93.335,403.698h219.95L211.315,353.678V267.528z"" style=""fill:#3E81C8;"">
  </path>
  <path d=""M345.725,145.698c-1.24,35.91,-15.76,65.02,-38.82,85.78v-34.47c0.0,-10.66,-8.64,-19.31,-19.31,-19.31h-12.39c-10.66,0.0,-19.3,8.65,-19.3,19.31v17.39c0.0,10.66,-8.64,19.3,-19.31,19.3h-0.39c-10.66,0.0,-19.3,-8.64,-19.3,-19.3v-18.39c0.0,-10.66,-8.64,-19.31,-19.31,-19.31h-5.39c-10.66,0.0,-19.3,8.65,-19.3,19.31v4.39c0.0,10.66,-8.64,19.3,-19.31,19.3h-7.39c-10.66,0.0,-19.3,-8.64,-19.3,-19.3v-1.39c0.0,-10.277,-8.661,-19.075,-18.953,-19.307c-4.027,-0.091,-8.1,-0.003,-12.138,-0.003c-7.055,0.0,-14.109,0.0,-21.164,0.0c-2.705,0.0,-5.41,0.0,-8.114,0.0c-3.27,-10.51,-5.21,-21.88,-5.63,-34.0L345.725,145.698L345.725,145.698z"" style=""fill:#EFEFEF;"">
  </path>
 </g>
</svg>


Question: What is the color of the scoop on the left?",Pink,Orange,White,Brown,B,dairy
59,"Examine the following SVG code carefully and answer the question based on your interpretation of the rendered image.

<svg id=""Layer_1"" style=""enable-background:new 0 0 400 400;"" version=""1.1"" viewbox=""0 0 400 400"" x=""0px"" xml:space=""preserve"" y=""0px"">
 <g>
  <circle cx=""214.362"" cy=""73.526"" r=""69.828"" style=""fill:#EFEFEF;"">
  </circle>
  <circle cx=""156.235"" cy=""123.086"" r=""72.328"" style=""fill:#F4A026;"">
  </circle>
  <circle cx=""250.707"" cy=""141.451"" r=""72.328"" style=""fill:#F5C525;"">
  </circle>
  <path d=""M211.315,267.528c37.61,-1.57,71.32,-14.19,95.59,-36.05c23.06,-20.76,37.58,-49.87,38.82,-85.78H60.905c0.42,12.12,2.36,23.49,5.63,34.0c16.59,53.4,67.52,85.26,128.78,87.81v86.17L93.335,403.698h219.95L211.315,353.678V267.528z"" style=""fill:#3E81C8;"">
  </path>
  <path d=""M345.725,145.698c-1.24,35.91,-15.76,65.02,-38.82,85.78v-34.47c0.0,-10.66,-8.64,-19.31,-19.31,-19.31h-12.39c-10.66,0.0,-19.3,8.65,-19.3,19.31v17.39c0.0,10.66,-8.64,19.3,-19.31,19.3h-0.39c-10.66,0.0,-19.3,-8.64,-19.3,-19.3v-18.39c0.0,-10.66,-8.64,-19.31,-19.31,-19.31h-5.39c-10.66,0.0,-19.3,8.65,-19.3,19.31v4.39c0.0,10.66,-8.64,19.3,-19.31,19.3h-7.39c-10.66,0.0,-19.3,-8.64,-19.3,-19.3v-1.39c0.0,-10.277,-8.661,-19.075,-18.953,-19.307c-4.027,-0.091,-8.1,-0.003,-12.138,-0.003c-7.055,0.0,-14.109,0.0,-21.164,0.0c-2.705,0.0,-5.41,0.0,-8.114,0.0c-3.27,-10.51,-5.21,-21.88,-5.63,-34.0L345.725,145.698L345.725,145.698z"" style=""fill:#EFEFEF;"">
  </path>
 </g>
</svg>


Question: What type of object is depicted in the image?",vase,lamp,trophy,ice cream,D,dairy
96,"Examine the following SVG code carefully and answer the question based on your interpretation of the rendered image.

<svg id=""Layer_1"" style=""enable-background:new 0 0 433.48 433.48;"" version=""1.1"" viewbox=""0 0 433.48 433.48"" x=""0px"" xml:space=""preserve"" y=""0px"">
 <g>
  <path d=""M275.482,255.251l-86.667,0.333c-26.64,0.0,-53.333,5.667,-65.493,-2.002l19.18,-210.16C144.622,20.092,164.182,2.242,187.602,2.242h66.42c23.42,0.0,42.98,17.85,45.1,41.18l19.18,210.16C320.722,280.112,302.122,255.251,275.482,255.251z"" style=""fill:#B5600B;"">
  </path>
  <path d=""M273.192,302.992h-52.38V2.242h33.21c23.42,0.0,42.98,17.85,45.1,41.18l19.18,210.16C320.722,280.112,299.832,302.992,273.192,302.992z"" style=""fill:#914D09;"">
  </path>
  <path d=""M250.062,302.992v103.48c0.0,16.16,-13.1,29.25,-29.25,29.25c-16.16,0.0,-29.25,-13.09,-29.25,-29.25V302.992H250.062z"" style=""fill:#F9DB87;"">
  </path>
  <path d=""M250.062,302.992v103.48c0.0,16.16,-13.1,29.25,-29.25,29.25V302.992H250.062z"" style=""fill:#E5B94C;"">
  </path>
  <path d=""M273.192,302.992H168.432c-26.64,0.0,-47.53,-22.88,-45.11,-49.41h194.98C320.722,280.112,299.832,302.992,273.192,302.992z"" style=""fill:#FCEDCA;"">
  </path>
  <rect height=""22.9"" style=""fill:#E5B94C;"" width=""58.5"" x=""191.562"" y=""302.992"">
  </rect>
  <path d=""M273.192,302.992h-52.38v-49.41h97.49C320.722,280.112,299.832,302.992,273.192,302.992z"" style=""fill:#DDC89F;"">
  </path>
  <path d=""M207.451,23.742h-11.0c-3.037,0.0,-5.5,-2.462,-5.5,-5.5s2.463,-5.5,5.5,-5.5h11.0c3.037,0.0,5.5,2.462,5.5,5.5S210.488,23.742,207.451,23.742z"" style=""fill:#FFFFFF;"">
  </path>
  <path d=""M153.679,102.568c-0.168,0.0,-0.337,-0.008,-0.507,-0.023c-3.024,-0.276,-5.253,-2.952,-4.978,-5.977l4.763,-52.191c1.087,-11.954,8.061,-22.344,18.656,-27.79c2.703,-1.39,6.018,-0.324,7.406,2.377c1.389,2.702,0.324,6.017,-2.377,7.406c-7.228,3.715,-11.987,10.82,-12.73,19.005l-4.763,52.193C158.889,100.422,156.491,102.568,153.679,102.568z"" style=""fill:#FFFFFF;"">
  </path>
 </g>
</svg>


Question: What is the primary color of the top part of the object?",Red,Blue,Brown,Green,C,dairy
97,"Examine the following SVG code carefully and answer the question based on your interpretation of the rendered image.

<svg id=""Layer_1"" style=""enable-background:new 0 0 433.48 433.48;"" version=""1.1"" viewbox=""0 0 433.48 433.48"" x=""0px"" xml:space=""preserve"" y=""0px"">
 <g>
  <path d=""M275.482,255.251l-86.667,0.333c-26.64,0.0,-53.333,5.667,-65.493,-2.002l19.18,-210.16C144.622,20.092,164.182,2.242,187.602,2.242h66.42c23.42,0.0,42.98,17.85,45.1,41.18l19.18,210.16C320.722,280.112,302.122,255.251,275.482,255.251z"" style=""fill:#B5600B;"">
  </path>
  <path d=""M273.192,302.992h-52.38V2.242h33.21c23.42,0.0,42.98,17.85,45.1,41.18l19.18,210.16C320.722,280.112,299.832,302.992,273.192,302.992z"" style=""fill:#914D09;"">
  </path>
  <path d=""M250.062,302.992v103.48c0.0,16.16,-13.1,29.25,-29.25,29.25c-16.16,0.0,-29.25,-13.09,-29.25,-29.25V302.992H250.062z"" style=""fill:#F9DB87;"">
  </path>
  <path d=""M250.062,302.992v103.48c0.0,16.16,-13.1,29.25,-29.25,29.25V302.992H250.062z"" style=""fill:#E5B94C;"">
  </path>
  <path d=""M273.192,302.992H168.432c-26.64,0.0,-47.53,-22.88,-45.11,-49.41h194.98C320.722,280.112,299.832,302.992,273.192,302.992z"" style=""fill:#FCEDCA;"">
  </path>
  <rect height=""22.9"" style=""fill:#E5B94C;"" width=""58.5"" x=""191.562"" y=""302.992"">
  </rect>
  <path d=""M273.192,302.992h-52.38v-49.41h97.49C320.722,280.112,299.832,302.992,273.192,302.992z"" style=""fill:#DDC89F;"">
  </path>
  <path d=""M207.451,23.742h-11.0c-3.037,0.0,-5.5,-2.462,-5.5,-5.5s2.463,-5.5,5.5,-5.5h11.0c3.037,0.0,5.5,2.462,5.5,5.5S210.488,23.742,207.451,23.742z"" style=""fill:#FFFFFF;"">
  </path>
  <path d=""M153.679,102.568c-0.168,0.0,-0.337,-0.008,-0.507,-0.023c-3.024,-0.276,-5.253,-2.952,-4.978,-5.977l4.763,-52.191c1.087,-11.954,8.061,-22.344,18.656,-27.79c2.703,-1.39,6.018,-0.324,7.406,2.377c1.389,2.702,0.324,6.017,-2.377,7.406c-7.228,3.715,-11.987,10.82,-12.73,19.005l-4.763,52.193C158.889,100.422,156.491,102.568,153.679,102.568z"" style=""fill:#FFFFFF;"">
  </path>
 </g>
</svg>


Question: What shape is the top part of the object?",Circle,Trapezoid,Triangle,Oval,B,dairy
98,"Examine the following SVG code carefully and answer the question based on your interpretation of the rendered image.

<svg id=""Layer_1"" style=""enable-background:new 0 0 433.48 433.48;"" version=""1.1"" viewbox=""0 0 433.48 433.48"" x=""0px"" xml:space=""preserve"" y=""0px"">
 <g>
  <path d=""M275.482,255.251l-86.667,0.333c-26.64,0.0,-53.333,5.667,-65.493,-2.002l19.18,-210.16C144.622,20.092,164.182,2.242,187.602,2.242h66.42c23.42,0.0,42.98,17.85,45.1,41.18l19.18,210.16C320.722,280.112,302.122,255.251,275.482,255.251z"" style=""fill:#B5600B;"">
  </path>
  <path d=""M273.192,302.992h-52.38V2.242h33.21c23.42,0.0,42.98,17.85,45.1,41.18l19.18,210.16C320.722,280.112,299.832,302.992,273.192,302.992z"" style=""fill:#914D09;"">
  </path>
  <path d=""M250.062,302.992v103.48c0.0,16.16,-13.1,29.25,-29.25,29.25c-16.16,0.0,-29.25,-13.09,-29.25,-29.25V302.992H250.062z"" style=""fill:#F9DB87;"">
  </path>
  <path d=""M250.062,302.992v103.48c0.0,16.16,-13.1,29.25,-29.25,29.25V302.992H250.062z"" style=""fill:#E5B94C;"">
  </path>
  <path d=""M273.192,302.992H168.432c-26.64,0.0,-47.53,-22.88,-45.11,-49.41h194.98C320.722,280.112,299.832,302.992,273.192,302.992z"" style=""fill:#FCEDCA;"">
  </path>
  <rect height=""22.9"" style=""fill:#E5B94C;"" width=""58.5"" x=""191.562"" y=""302.992"">
  </rect>
  <path d=""M273.192,302.992h-52.38v-49.41h97.49C320.722,280.112,299.832,302.992,273.192,302.992z"" style=""fill:#DDC89F;"">
  </path>
  <path d=""M207.451,23.742h-11.0c-3.037,0.0,-5.5,-2.462,-5.5,-5.5s2.463,-5.5,5.5,-5.5h11.0c3.037,0.0,5.5,2.462,5.5,5.5S210.488,23.742,207.451,23.742z"" style=""fill:#FFFFFF;"">
  </path>
  <path d=""M153.679,102.568c-0.168,0.0,-0.337,-0.008,-0.507,-0.023c-3.024,-0.276,-5.253,-2.952,-4.978,-5.977l4.763,-52.191c1.087,-11.954,8.061,-22.344,18.656,-27.79c2.703,-1.39,6.018,-0.324,7.406,2.377c1.389,2.702,0.324,6.017,-2.377,7.406c-7.228,3.715,-11.987,10.82,-12.73,19.005l-4.763,52.193C158.889,100.422,156.491,102.568,153.679,102.568z"" style=""fill:#FFFFFF;"">
  </path>
 </g>
</svg>


Question: What is the color of the stick part of the object?",Yellow,Black,White,Green,A,dairy
99,"Examine the following SVG code carefully and answer the question based on your interpretation of the rendered image.

<svg id=""Layer_1"" style=""enable-background:new 0 0 433.48 433.48;"" version=""1.1"" viewbox=""0 0 433.48 433.48"" x=""0px"" xml:space=""preserve"" y=""0px"">
 <g>
  <path d=""M275.482,255.251l-86.667,0.333c-26.64,0.0,-53.333,5.667,-65.493,-2.002l19.18,-210.16C144.622,20.092,164.182,2.242,187.602,2.242h66.42c23.42,0.0,42.98,17.85,45.1,41.18l19.18,210.16C320.722,280.112,302.122,255.251,275.482,255.251z"" style=""fill:#B5600B;"">
  </path>
  <path d=""M273.192,302.992h-52.38V2.242h33.21c23.42,0.0,42.98,17.85,45.1,41.18l19.18,210.16C320.722,280.112,299.832,302.992,273.192,302.992z"" style=""fill:#914D09;"">
  </path>
  <path d=""M250.062,302.992v103.48c0.0,16.16,-13.1,29.25,-29.25,29.25c-16.16,0.0,-29.25,-13.09,-29.25,-29.25V302.992H250.062z"" style=""fill:#F9DB87;"">
  </path>
  <path d=""M250.062,302.992v103.48c0.0,16.16,-13.1,29.25,-29.25,29.25V302.992H250.062z"" style=""fill:#E5B94C;"">
  </path>
  <path d=""M273.192,302.992H168.432c-26.64,0.0,-47.53,-22.88,-45.11,-49.41h194.98C320.722,280.112,299.832,302.992,273.192,302.992z"" style=""fill:#FCEDCA;"">
  </path>
  <rect height=""22.9"" style=""fill:#E5B94C;"" width=""58.5"" x=""191.562"" y=""302.992"">
  </rect>
  <path d=""M273.192,302.992h-52.38v-49.41h97.49C320.722,280.112,299.832,302.992,273.192,302.992z"" style=""fill:#DDC89F;"">
  </path>
  <path d=""M207.451,23.742h-11.0c-3.037,0.0,-5.5,-2.462,-5.5,-5.5s2.463,-5.5,5.5,-5.5h11.0c3.037,0.0,5.5,2.462,5.5,5.5S210.488,23.742,207.451,23.742z"" style=""fill:#FFFFFF;"">
  </path>
  <path d=""M153.679,102.568c-0.168,0.0,-0.337,-0.008,-0.507,-0.023c-3.024,-0.276,-5.253,-2.952,-4.978,-5.977l4.763,-52.191c1.087,-11.954,8.061,-22.344,18.656,-27.79c2.703,-1.39,6.018,-0.324,7.406,2.377c1.389,2.702,0.324,6.017,-2.377,7.406c-7.228,3.715,-11.987,10.82,-12.73,19.005l-4.763,52.193C158.889,100.422,156.491,102.568,153.679,102.568z"" style=""fill:#FFFFFF;"">
  </path>
 </g>
</svg>


Question: What is the object in the image?",pencil,popsicle,tree,lamp,B,dairy
104,"Examine the following SVG code carefully and answer the question based on your interpretation of the rendered image.

<svg id=""Capa_1"" style=""enable-background:new 0 0 612 612;"" version=""1.1"" viewbox=""0 0 612 612"" x=""0px"" xml:space=""preserve"" y=""0px"">
 <g>
  <g>
   <path d=""M274.755,582.064C274.755,601.829,290.78,617.853,310.543,617.853c19.766,0.0,35.792,-16.024,35.792,-35.789V466.466H274.753v115.599H274.755z"">
   </path>
   <path d=""M170.706,395.037c11.243,23.903,35.527,40.456,63.689,40.456h5.854l216.795,-216.793V108.703L170.706,395.037z"">
   </path>
   <path d=""M386.694,435.495c38.855,0.0,70.352,-31.5,70.352,-70.355v-77.38L309.313,435.495H386.694z"">
   </path>
   <path d=""M386.694,5.853h-5.854L164.042,222.646v109.999L450.38,46.309C439.144,22.406,414.856,5.853,386.694,5.853z"">
   </path>
   <path d=""M234.396,5.853c-38.858,0.0,-70.355,31.497,-70.355,70.352v77.383L311.777,5.853H234.396z"">
   </path>
  </g>
 </g>
</svg>


Question: What shape is the top part of the object?",Circle,Triangle,Rectangle,Hexagon,C,dairy
105,"Examine the following SVG code carefully and answer the question based on your interpretation of the rendered image.

<svg id=""Capa_1"" style=""enable-background:new 0 0 612 612;"" version=""1.1"" viewbox=""0 0 612 612"" x=""0px"" xml:space=""preserve"" y=""0px"">
 <g>
  <g>
   <path d=""M274.755,582.064C274.755,601.829,290.78,617.853,310.543,617.853c19.766,0.0,35.792,-16.024,35.792,-35.789V466.466H274.753v115.599H274.755z"">
   </path>
   <path d=""M170.706,395.037c11.243,23.903,35.527,40.456,63.689,40.456h5.854l216.795,-216.793V108.703L170.706,395.037z"">
   </path>
   <path d=""M386.694,435.495c38.855,0.0,70.352,-31.5,70.352,-70.355v-77.38L309.313,435.495H386.694z"">
   </path>
   <path d=""M386.694,5.853h-5.854L164.042,222.646v109.999L450.38,46.309C439.144,22.406,414.856,5.853,386.694,5.853z"">
   </path>
   <path d=""M234.396,5.853c-38.858,0.0,-70.355,31.497,-70.355,70.352v77.383L311.777,5.853H234.396z"">
   </path>
  </g>
 </g>
</svg>


Question: How many white diagonal stripes are present in the object?",One,Two,Four,Three,D,dairy
106,"Examine the following SVG code carefully and answer the question based on your interpretation of the rendered image.

<svg id=""Capa_1"" style=""enable-background:new 0 0 612 612;"" version=""1.1"" viewbox=""0 0 612 612"" x=""0px"" xml:space=""preserve"" y=""0px"">
 <g>
  <g>
   <path d=""M274.755,582.064C274.755,601.829,290.78,617.853,310.543,617.853c19.766,0.0,35.792,-16.024,35.792,-35.789V466.466H274.753v115.599H274.755z"">
   </path>
   <path d=""M170.706,395.037c11.243,23.903,35.527,40.456,63.689,40.456h5.854l216.795,-216.793V108.703L170.706,395.037z"">
   </path>
   <path d=""M386.694,435.495c38.855,0.0,70.352,-31.5,70.352,-70.355v-77.38L309.313,435.495H386.694z"">
   </path>
   <path d=""M386.694,5.853h-5.854L164.042,222.646v109.999L450.38,46.309C439.144,22.406,414.856,5.853,386.694,5.853z"">
   </path>
   <path d=""M234.396,5.853c-38.858,0.0,-70.355,31.497,-70.355,70.352v77.383L311.777,5.853H234.396z"">
   </path>
  </g>
 </g>
</svg>


Question: What is the shape of the bottom part of the object?",Rectangle,Circle,Triangle,Pentagon,A,dairy
107,"Examine the following SVG code carefully and answer the question based on your interpretation of the rendered image.

<svg id=""Capa_1"" style=""enable-background:new 0 0 612 612;"" version=""1.1"" viewbox=""0 0 612 612"" x=""0px"" xml:space=""preserve"" y=""0px"">
 <g>
  <g>
   <path d=""M274.755,582.064C274.755,601.829,290.78,617.853,310.543,617.853c19.766,0.0,35.792,-16.024,35.792,-35.789V466.466H274.753v115.599H274.755z"">
   </path>
   <path d=""M170.706,395.037c11.243,23.903,35.527,40.456,63.689,40.456h5.854l216.795,-216.793V108.703L170.706,395.037z"">
   </path>
   <path d=""M386.694,435.495c38.855,0.0,70.352,-31.5,70.352,-70.355v-77.38L309.313,435.495H386.694z"">
   </path>
   <path d=""M386.694,5.853h-5.854L164.042,222.646v109.999L450.38,46.309C439.144,22.406,414.856,5.853,386.694,5.853z"">
   </path>
   <path d=""M234.396,5.853c-38.858,0.0,-70.355,31.497,-70.355,70.352v77.383L311.777,5.853H234.396z"">
   </path>
  </g>
 </g>
</svg>


Question: What does the object resemble?",tree,house,ice cream,car,C,dairy
116,"Examine the following SVG code carefully and answer the question based on your interpretation of the rendered image.

<svg id=""Layer_1"" style=""enable-background:new 0 0 442.58 442.58;"" version=""1.1"" viewbox=""0 0 442.58 442.58"" x=""0px"" xml:space=""preserve"" y=""0px"">
 <g>
  <path d=""M315.672,158.87c0.0,9.097,-1.341,17.883,-3.849,26.16c-11.213,37.164,-45.707,64.226,-86.536,64.226c-40.817,0.0,-75.323,-27.061,-86.536,-64.226c-2.509,-8.277,-3.849,-17.062,-3.849,-26.16c0.0,-2.069,0.069,-4.161,0.22,-6.208c3.179,-47.013,42.332,-84.178,90.166,-84.178s86.987,37.165,90.166,84.178C315.603,154.708,315.672,156.801,315.672,158.87z"" style=""fill:#A3E261;"">
  </path>
  <path d=""M179.346,105.949c-1.628,0.0,-3.239,-0.719,-4.324,-2.096c-1.88,-2.386,-1.47,-5.844,0.917,-7.724c2.073,-1.634,4.25,-3.181,6.47,-4.6c2.559,-1.636,5.96,-0.887,7.597,1.672c1.636,2.559,0.887,5.96,-1.673,7.596c-1.916,1.225,-3.796,2.561,-5.587,3.972C181.737,105.563,180.537,105.949,179.346,105.949z"" style=""fill:#FFFFFF;"">
  </path>
  <path d=""M152.858,147.455c-0.415,0.0,-0.836,-0.047,-1.257,-0.146c-2.957,-0.691,-4.795,-3.649,-4.104,-6.607c2.185,-9.349,6.015,-18.15,11.383,-26.158c1.69,-2.523,5.106,-3.198,7.631,-1.506c2.523,1.691,3.197,5.108,1.506,7.631c-4.627,6.902,-7.927,14.485,-9.809,22.536C157.616,145.743,155.355,147.455,152.858,147.455z"" style=""fill:#FFFFFF;"">
  </path>
  <path d=""M314.94,184.106l-0.3,0.92l-5.41,17.01l-5.45,17.18h-0.02l-70.26,221.11c-1.26,4.01,-4.73,6.01,-8.21,6.01c-3.47,0.0,-6.95,-2.0,-8.22,-6.01l-33.36,-104.97l-36.55,-115.0l-4.08,-12.83l-1.74,-5.49l-1.58,-4.96l-3.83,-12.05l-0.15,-0.49l-0.14,-0.43L314.94,184.106L314.94,184.106z"" style=""fill:#FFD41D;"">
  </path>
  <path d=""M315.672,158.87c0.0,9.097,-1.341,17.883,-3.849,26.16c-11.213,37.164,-45.707,64.226,-86.536,64.226V68.484c47.834,0.0,86.987,37.165,90.166,84.178C315.603,154.708,315.672,156.801,315.672,158.87z"" style=""fill:#90BC61;"">
  </path>
  <path d=""M314.932,184.105l-11.155,35.118h-0.012l-70.26,221.103c-1.272,4.011,-4.74,6.011,-8.219,6.011V184.105H314.932z"" style=""fill:#FFA91F;"">
  </path>
  <path d=""M328.48,168.453c0.0,8.15,-5.826,14.912,-13.548,16.369c-0.474,0.092,-0.96,0.162,-1.445,0.208c-0.543,0.058,-1.098,0.092,-1.665,0.092H138.751c-0.566,0.0,-1.121,-0.035,-1.665,-0.092c-3.93,-0.393,-7.468,-2.139,-10.115,-4.797c-1.792,-1.803,-3.179,-4.0,-4.0,-6.462c-0.578,-1.665,-0.878,-3.445,-0.878,-5.318c0.0,-7.352,4.762,-13.583,11.363,-15.791c1.665,-0.555,3.445,-0.855,5.294,-0.855h173.072c1.85,0.0,3.63,0.301,5.294,0.855c2.474,0.821,4.681,2.208,6.485,4.011C326.619,159.69,328.48,163.852,328.48,168.453z"" style=""fill:#A3E261;"">
  </path>
  <path d=""M328.48,168.453c0.0,8.647,-6.566,15.733,-14.993,16.577c-0.543,0.058,-1.098,0.092,-1.665,0.092H225.287l0.003,-37.666h85.75c1.244,0.0,2.309,4.095,4.313,4.673c1.219,0.352,1.219,0.352,1.765,0.534c2.474,0.821,4.681,2.208,6.485,4.011C326.619,159.69,328.48,163.852,328.48,168.453z"" style=""fill:#90BC61;"">
  </path>
  <path d=""M314.932,173.77v11.352H138.751c-0.566,0.0,-1.121,-0.035,-1.665,-0.092c-3.93,-0.393,-7.468,-2.139,-10.115,-4.797c-1.792,-1.803,-3.179,-4.0,-4.0,-6.462h191.961V173.77z"" style=""fill:#90BC61;"">
  </path>
  <path d=""M275.14,42.616c-4.21,-4.2,-10.02,-6.81,-16.45,-6.81h-2.702c0.0,-0.001,0.0,-0.001,0.0,-0.002c0.0,-17.618,-14.218,-31.912,-31.801,-32.047c1.02,2.632,1.583,5.492,1.583,8.487c0.0,12.859,-10.303,23.303,-23.104,23.549v0.012c0.0,0.0,-10.79,0.001,-10.79,0.002h-0.006c-12.84,0.0,-23.26,10.42,-23.26,23.26c0.0,6.43,2.6,12.24,6.81,16.46c0.47,0.46,0.95,0.9,1.44,1.32c4.06,3.42,9.29,5.49,15.01,5.49h66.82c5.72,0.0,10.96,-2.07,15.01,-5.49c5.05,-4.27,8.26,-10.65,8.26,-17.78C281.961,52.646,279.35,46.836,275.14,42.616z"" style=""fill:#EA587F;"">
  </path>
  <path d=""M281.962,59.061c0.0,-6.42,-2.61,-12.23,-6.82,-16.45c-4.21,-4.2,-10.02,-6.81,-16.45,-6.81h-2.7c0.0,-17.61,-14.22,-31.91,-31.8,-32.04c13.44,10.41,12.11,19.25,8.37,24.99c-1.46,2.24,-2.69,4.6,-3.7,7.05c-2.4,5.79,-3.57,12.07,-3.57,18.39v4.875h-56.682c0.0,6.43,2.6,12.24,6.81,16.46c0.47,0.46,0.95,0.9,1.44,1.32c4.06,3.42,9.29,5.49,15.01,5.49h66.82c5.72,0.0,10.96,-2.07,15.01,-5.49c3.157,-2.67,5.595,-6.164,6.979,-10.151C281.51,64.304,281.962,61.735,281.962,59.061z"" style=""fill:#CE3E6B;"">
  </path>
  <g>
   <path d=""M321.147,198.708v8.82H129.427v-8.82c0.0,-8.06,6.53,-14.6,14.59,-14.6h162.53C314.607,184.108,321.147,190.648,321.147,198.708z"" style=""fill:#FFD41D;"">
   </path>
   <path d=""M321.147,198.708v8.82h-95.86v-23.42h81.26C314.607,184.108,321.147,190.648,321.147,198.708z"" style=""fill:#FFA91F;"">
   </path>
  </g>
  <polygon points=""242.400,207.526 242.400,220.356 147.160,220.356 143.080,207.526"" style=""fill:#FFA91F;"">
  </polygon>
 </g>
</svg>


Question: What is the primary color of the cone in the image?",Red,Blue,Yellow,Green,C,dairy
117,"Examine the following SVG code carefully and answer the question based on your interpretation of the rendered image.

<svg id=""Layer_1"" style=""enable-background:new 0 0 442.58 442.58;"" version=""1.1"" viewbox=""0 0 442.58 442.58"" x=""0px"" xml:space=""preserve"" y=""0px"">
 <g>
  <path d=""M315.672,158.87c0.0,9.097,-1.341,17.883,-3.849,26.16c-11.213,37.164,-45.707,64.226,-86.536,64.226c-40.817,0.0,-75.323,-27.061,-86.536,-64.226c-2.509,-8.277,-3.849,-17.062,-3.849,-26.16c0.0,-2.069,0.069,-4.161,0.22,-6.208c3.179,-47.013,42.332,-84.178,90.166,-84.178s86.987,37.165,90.166,84.178C315.603,154.708,315.672,156.801,315.672,158.87z"" style=""fill:#A3E261;"">
  </path>
  <path d=""M179.346,105.949c-1.628,0.0,-3.239,-0.719,-4.324,-2.096c-1.88,-2.386,-1.47,-5.844,0.917,-7.724c2.073,-1.634,4.25,-3.181,6.47,-4.6c2.559,-1.636,5.96,-0.887,7.597,1.672c1.636,2.559,0.887,5.96,-1.673,7.596c-1.916,1.225,-3.796,2.561,-5.587,3.972C181.737,105.563,180.537,105.949,179.346,105.949z"" style=""fill:#FFFFFF;"">
  </path>
  <path d=""M152.858,147.455c-0.415,0.0,-0.836,-0.047,-1.257,-0.146c-2.957,-0.691,-4.795,-3.649,-4.104,-6.607c2.185,-9.349,6.015,-18.15,11.383,-26.158c1.69,-2.523,5.106,-3.198,7.631,-1.506c2.523,1.691,3.197,5.108,1.506,7.631c-4.627,6.902,-7.927,14.485,-9.809,22.536C157.616,145.743,155.355,147.455,152.858,147.455z"" style=""fill:#FFFFFF;"">
  </path>
  <path d=""M314.94,184.106l-0.3,0.92l-5.41,17.01l-5.45,17.18h-0.02l-70.26,221.11c-1.26,4.01,-4.73,6.01,-8.21,6.01c-3.47,0.0,-6.95,-2.0,-8.22,-6.01l-33.36,-104.97l-36.55,-115.0l-4.08,-12.83l-1.74,-5.49l-1.58,-4.96l-3.83,-12.05l-0.15,-0.49l-0.14,-0.43L314.94,184.106L314.94,184.106z"" style=""fill:#FFD41D;"">
  </path>
  <path d=""M315.672,158.87c0.0,9.097,-1.341,17.883,-3.849,26.16c-11.213,37.164,-45.707,64.226,-86.536,64.226V68.484c47.834,0.0,86.987,37.165,90.166,84.178C315.603,154.708,315.672,156.801,315.672,158.87z"" style=""fill:#90BC61;"">
  </path>
  <path d=""M314.932,184.105l-11.155,35.118h-0.012l-70.26,221.103c-1.272,4.011,-4.74,6.011,-8.219,6.011V184.105H314.932z"" style=""fill:#FFA91F;"">
  </path>
  <path d=""M328.48,168.453c0.0,8.15,-5.826,14.912,-13.548,16.369c-0.474,0.092,-0.96,0.162,-1.445,0.208c-0.543,0.058,-1.098,0.092,-1.665,0.092H138.751c-0.566,0.0,-1.121,-0.035,-1.665,-0.092c-3.93,-0.393,-7.468,-2.139,-10.115,-4.797c-1.792,-1.803,-3.179,-4.0,-4.0,-6.462c-0.578,-1.665,-0.878,-3.445,-0.878,-5.318c0.0,-7.352,4.762,-13.583,11.363,-15.791c1.665,-0.555,3.445,-0.855,5.294,-0.855h173.072c1.85,0.0,3.63,0.301,5.294,0.855c2.474,0.821,4.681,2.208,6.485,4.011C326.619,159.69,328.48,163.852,328.48,168.453z"" style=""fill:#A3E261;"">
  </path>
  <path d=""M328.48,168.453c0.0,8.647,-6.566,15.733,-14.993,16.577c-0.543,0.058,-1.098,0.092,-1.665,0.092H225.287l0.003,-37.666h85.75c1.244,0.0,2.309,4.095,4.313,4.673c1.219,0.352,1.219,0.352,1.765,0.534c2.474,0.821,4.681,2.208,6.485,4.011C326.619,159.69,328.48,163.852,328.48,168.453z"" style=""fill:#90BC61;"">
  </path>
  <path d=""M314.932,173.77v11.352H138.751c-0.566,0.0,-1.121,-0.035,-1.665,-0.092c-3.93,-0.393,-7.468,-2.139,-10.115,-4.797c-1.792,-1.803,-3.179,-4.0,-4.0,-6.462h191.961V173.77z"" style=""fill:#90BC61;"">
  </path>
  <path d=""M275.14,42.616c-4.21,-4.2,-10.02,-6.81,-16.45,-6.81h-2.702c0.0,-0.001,0.0,-0.001,0.0,-0.002c0.0,-17.618,-14.218,-31.912,-31.801,-32.047c1.02,2.632,1.583,5.492,1.583,8.487c0.0,12.859,-10.303,23.303,-23.104,23.549v0.012c0.0,0.0,-10.79,0.001,-10.79,0.002h-0.006c-12.84,0.0,-23.26,10.42,-23.26,23.26c0.0,6.43,2.6,12.24,6.81,16.46c0.47,0.46,0.95,0.9,1.44,1.32c4.06,3.42,9.29,5.49,15.01,5.49h66.82c5.72,0.0,10.96,-2.07,15.01,-5.49c5.05,-4.27,8.26,-10.65,8.26,-17.78C281.961,52.646,279.35,46.836,275.14,42.616z"" style=""fill:#EA587F;"">
  </path>
  <path d=""M281.962,59.061c0.0,-6.42,-2.61,-12.23,-6.82,-16.45c-4.21,-4.2,-10.02,-6.81,-16.45,-6.81h-2.7c0.0,-17.61,-14.22,-31.91,-31.8,-32.04c13.44,10.41,12.11,19.25,8.37,24.99c-1.46,2.24,-2.69,4.6,-3.7,7.05c-2.4,5.79,-3.57,12.07,-3.57,18.39v4.875h-56.682c0.0,6.43,2.6,12.24,6.81,16.46c0.47,0.46,0.95,0.9,1.44,1.32c4.06,3.42,9.29,5.49,15.01,5.49h66.82c5.72,0.0,10.96,-2.07,15.01,-5.49c3.157,-2.67,5.595,-6.164,6.979,-10.151C281.51,64.304,281.962,61.735,281.962,59.061z"" style=""fill:#CE3E6B;"">
  </path>
  <g>
   <path d=""M321.147,198.708v8.82H129.427v-8.82c0.0,-8.06,6.53,-14.6,14.59,-14.6h162.53C314.607,184.108,321.147,190.648,321.147,198.708z"" style=""fill:#FFD41D;"">
   </path>
   <path d=""M321.147,198.708v8.82h-95.86v-23.42h81.26C314.607,184.108,321.147,190.648,321.147,198.708z"" style=""fill:#FFA91F;"">
   </path>
  </g>
  <polygon points=""242.400,207.526 242.400,220.356 147.160,220.356 143.080,207.526"" style=""fill:#FFA91F;"">
  </polygon>
 </g>
</svg>


Question: What is the color of the ice cream scoop on top?",Pink,Green,Brown,White,A,dairy
118,"Examine the following SVG code carefully and answer the question based on your interpretation of the rendered image.

<svg id=""Layer_1"" style=""enable-background:new 0 0 442.58 442.58;"" version=""1.1"" viewbox=""0 0 442.58 442.58"" x=""0px"" xml:space=""preserve"" y=""0px"">
 <g>
  <path d=""M315.672,158.87c0.0,9.097,-1.341,17.883,-3.849,26.16c-11.213,37.164,-45.707,64.226,-86.536,64.226c-40.817,0.0,-75.323,-27.061,-86.536,-64.226c-2.509,-8.277,-3.849,-17.062,-3.849,-26.16c0.0,-2.069,0.069,-4.161,0.22,-6.208c3.179,-47.013,42.332,-84.178,90.166,-84.178s86.987,37.165,90.166,84.178C315.603,154.708,315.672,156.801,315.672,158.87z"" style=""fill:#A3E261;"">
  </path>
  <path d=""M179.346,105.949c-1.628,0.0,-3.239,-0.719,-4.324,-2.096c-1.88,-2.386,-1.47,-5.844,0.917,-7.724c2.073,-1.634,4.25,-3.181,6.47,-4.6c2.559,-1.636,5.96,-0.887,7.597,1.672c1.636,2.559,0.887,5.96,-1.673,7.596c-1.916,1.225,-3.796,2.561,-5.587,3.972C181.737,105.563,180.537,105.949,179.346,105.949z"" style=""fill:#FFFFFF;"">
  </path>
  <path d=""M152.858,147.455c-0.415,0.0,-0.836,-0.047,-1.257,-0.146c-2.957,-0.691,-4.795,-3.649,-4.104,-6.607c2.185,-9.349,6.015,-18.15,11.383,-26.158c1.69,-2.523,5.106,-3.198,7.631,-1.506c2.523,1.691,3.197,5.108,1.506,7.631c-4.627,6.902,-7.927,14.485,-9.809,22.536C157.616,145.743,155.355,147.455,152.858,147.455z"" style=""fill:#FFFFFF;"">
  </path>
  <path d=""M314.94,184.106l-0.3,0.92l-5.41,17.01l-5.45,17.18h-0.02l-70.26,221.11c-1.26,4.01,-4.73,6.01,-8.21,6.01c-3.47,0.0,-6.95,-2.0,-8.22,-6.01l-33.36,-104.97l-36.55,-115.0l-4.08,-12.83l-1.74,-5.49l-1.58,-4.96l-3.83,-12.05l-0.15,-0.49l-0.14,-0.43L314.94,184.106L314.94,184.106z"" style=""fill:#FFD41D;"">
  </path>
  <path d=""M315.672,158.87c0.0,9.097,-1.341,17.883,-3.849,26.16c-11.213,37.164,-45.707,64.226,-86.536,64.226V68.484c47.834,0.0,86.987,37.165,90.166,84.178C315.603,154.708,315.672,156.801,315.672,158.87z"" style=""fill:#90BC61;"">
  </path>
  <path d=""M314.932,184.105l-11.155,35.118h-0.012l-70.26,221.103c-1.272,4.011,-4.74,6.011,-8.219,6.011V184.105H314.932z"" style=""fill:#FFA91F;"">
  </path>
  <path d=""M328.48,168.453c0.0,8.15,-5.826,14.912,-13.548,16.369c-0.474,0.092,-0.96,0.162,-1.445,0.208c-0.543,0.058,-1.098,0.092,-1.665,0.092H138.751c-0.566,0.0,-1.121,-0.035,-1.665,-0.092c-3.93,-0.393,-7.468,-2.139,-10.115,-4.797c-1.792,-1.803,-3.179,-4.0,-4.0,-6.462c-0.578,-1.665,-0.878,-3.445,-0.878,-5.318c0.0,-7.352,4.762,-13.583,11.363,-15.791c1.665,-0.555,3.445,-0.855,5.294,-0.855h173.072c1.85,0.0,3.63,0.301,5.294,0.855c2.474,0.821,4.681,2.208,6.485,4.011C326.619,159.69,328.48,163.852,328.48,168.453z"" style=""fill:#A3E261;"">
  </path>
  <path d=""M328.48,168.453c0.0,8.647,-6.566,15.733,-14.993,16.577c-0.543,0.058,-1.098,0.092,-1.665,0.092H225.287l0.003,-37.666h85.75c1.244,0.0,2.309,4.095,4.313,4.673c1.219,0.352,1.219,0.352,1.765,0.534c2.474,0.821,4.681,2.208,6.485,4.011C326.619,159.69,328.48,163.852,328.48,168.453z"" style=""fill:#90BC61;"">
  </path>
  <path d=""M314.932,173.77v11.352H138.751c-0.566,0.0,-1.121,-0.035,-1.665,-0.092c-3.93,-0.393,-7.468,-2.139,-10.115,-4.797c-1.792,-1.803,-3.179,-4.0,-4.0,-6.462h191.961V173.77z"" style=""fill:#90BC61;"">
  </path>
  <path d=""M275.14,42.616c-4.21,-4.2,-10.02,-6.81,-16.45,-6.81h-2.702c0.0,-0.001,0.0,-0.001,0.0,-0.002c0.0,-17.618,-14.218,-31.912,-31.801,-32.047c1.02,2.632,1.583,5.492,1.583,8.487c0.0,12.859,-10.303,23.303,-23.104,23.549v0.012c0.0,0.0,-10.79,0.001,-10.79,0.002h-0.006c-12.84,0.0,-23.26,10.42,-23.26,23.26c0.0,6.43,2.6,12.24,6.81,16.46c0.47,0.46,0.95,0.9,1.44,1.32c4.06,3.42,9.29,5.49,15.01,5.49h66.82c5.72,0.0,10.96,-2.07,15.01,-5.49c5.05,-4.27,8.26,-10.65,8.26,-17.78C281.961,52.646,279.35,46.836,275.14,42.616z"" style=""fill:#EA587F;"">
  </path>
  <path d=""M281.962,59.061c0.0,-6.42,-2.61,-12.23,-6.82,-16.45c-4.21,-4.2,-10.02,-6.81,-16.45,-6.81h-2.7c0.0,-17.61,-14.22,-31.91,-31.8,-32.04c13.44,10.41,12.11,19.25,8.37,24.99c-1.46,2.24,-2.69,4.6,-3.7,7.05c-2.4,5.79,-3.57,12.07,-3.57,18.39v4.875h-56.682c0.0,6.43,2.6,12.24,6.81,16.46c0.47,0.46,0.95,0.9,1.44,1.32c4.06,3.42,9.29,5.49,15.01,5.49h66.82c5.72,0.0,10.96,-2.07,15.01,-5.49c3.157,-2.67,5.595,-6.164,6.979,-10.151C281.51,64.304,281.962,61.735,281.962,59.061z"" style=""fill:#CE3E6B;"">
  </path>
  <g>
   <path d=""M321.147,198.708v8.82H129.427v-8.82c0.0,-8.06,6.53,-14.6,14.59,-14.6h162.53C314.607,184.108,321.147,190.648,321.147,198.708z"" style=""fill:#FFD41D;"">
   </path>
   <path d=""M321.147,198.708v8.82h-95.86v-23.42h81.26C314.607,184.108,321.147,190.648,321.147,198.708z"" style=""fill:#FFA91F;"">
   </path>
  </g>
  <polygon points=""242.400,207.526 242.400,220.356 147.160,220.356 143.080,207.526"" style=""fill:#FFA91F;"">
  </polygon>
 </g>
</svg>


Question: How many scoops of ice cream are there in the image?",One,Two,Three,Four,B,dairy
119,"Examine the following SVG code carefully and answer the question based on your interpretation of the rendered image.

<svg id=""Layer_1"" style=""enable-background:new 0 0 442.58 442.58;"" version=""1.1"" viewbox=""0 0 442.58 442.58"" x=""0px"" xml:space=""preserve"" y=""0px"">
 <g>
  <path d=""M315.672,158.87c0.0,9.097,-1.341,17.883,-3.849,26.16c-11.213,37.164,-45.707,64.226,-86.536,64.226c-40.817,0.0,-75.323,-27.061,-86.536,-64.226c-2.509,-8.277,-3.849,-17.062,-3.849,-26.16c0.0,-2.069,0.069,-4.161,0.22,-6.208c3.179,-47.013,42.332,-84.178,90.166,-84.178s86.987,37.165,90.166,84.178C315.603,154.708,315.672,156.801,315.672,158.87z"" style=""fill:#A3E261;"">
  </path>
  <path d=""M179.346,105.949c-1.628,0.0,-3.239,-0.719,-4.324,-2.096c-1.88,-2.386,-1.47,-5.844,0.917,-7.724c2.073,-1.634,4.25,-3.181,6.47,-4.6c2.559,-1.636,5.96,-0.887,7.597,1.672c1.636,2.559,0.887,5.96,-1.673,7.596c-1.916,1.225,-3.796,2.561,-5.587,3.972C181.737,105.563,180.537,105.949,179.346,105.949z"" style=""fill:#FFFFFF;"">
  </path>
  <path d=""M152.858,147.455c-0.415,0.0,-0.836,-0.047,-1.257,-0.146c-2.957,-0.691,-4.795,-3.649,-4.104,-6.607c2.185,-9.349,6.015,-18.15,11.383,-26.158c1.69,-2.523,5.106,-3.198,7.631,-1.506c2.523,1.691,3.197,5.108,1.506,7.631c-4.627,6.902,-7.927,14.485,-9.809,22.536C157.616,145.743,155.355,147.455,152.858,147.455z"" style=""fill:#FFFFFF;"">
  </path>
  <path d=""M314.94,184.106l-0.3,0.92l-5.41,17.01l-5.45,17.18h-0.02l-70.26,221.11c-1.26,4.01,-4.73,6.01,-8.21,6.01c-3.47,0.0,-6.95,-2.0,-8.22,-6.01l-33.36,-104.97l-36.55,-115.0l-4.08,-12.83l-1.74,-5.49l-1.58,-4.96l-3.83,-12.05l-0.15,-0.49l-0.14,-0.43L314.94,184.106L314.94,184.106z"" style=""fill:#FFD41D;"">
  </path>
  <path d=""M315.672,158.87c0.0,9.097,-1.341,17.883,-3.849,26.16c-11.213,37.164,-45.707,64.226,-86.536,64.226V68.484c47.834,0.0,86.987,37.165,90.166,84.178C315.603,154.708,315.672,156.801,315.672,158.87z"" style=""fill:#90BC61;"">
  </path>
  <path d=""M314.932,184.105l-11.155,35.118h-0.012l-70.26,221.103c-1.272,4.011,-4.74,6.011,-8.219,6.011V184.105H314.932z"" style=""fill:#FFA91F;"">
  </path>
  <path d=""M328.48,168.453c0.0,8.15,-5.826,14.912,-13.548,16.369c-0.474,0.092,-0.96,0.162,-1.445,0.208c-0.543,0.058,-1.098,0.092,-1.665,0.092H138.751c-0.566,0.0,-1.121,-0.035,-1.665,-0.092c-3.93,-0.393,-7.468,-2.139,-10.115,-4.797c-1.792,-1.803,-3.179,-4.0,-4.0,-6.462c-0.578,-1.665,-0.878,-3.445,-0.878,-5.318c0.0,-7.352,4.762,-13.583,11.363,-15.791c1.665,-0.555,3.445,-0.855,5.294,-0.855h173.072c1.85,0.0,3.63,0.301,5.294,0.855c2.474,0.821,4.681,2.208,6.485,4.011C326.619,159.69,328.48,163.852,328.48,168.453z"" style=""fill:#A3E261;"">
  </path>
  <path d=""M328.48,168.453c0.0,8.647,-6.566,15.733,-14.993,16.577c-0.543,0.058,-1.098,0.092,-1.665,0.092H225.287l0.003,-37.666h85.75c1.244,0.0,2.309,4.095,4.313,4.673c1.219,0.352,1.219,0.352,1.765,0.534c2.474,0.821,4.681,2.208,6.485,4.011C326.619,159.69,328.48,163.852,328.48,168.453z"" style=""fill:#90BC61;"">
  </path>
  <path d=""M314.932,173.77v11.352H138.751c-0.566,0.0,-1.121,-0.035,-1.665,-0.092c-3.93,-0.393,-7.468,-2.139,-10.115,-4.797c-1.792,-1.803,-3.179,-4.0,-4.0,-6.462h191.961V173.77z"" style=""fill:#90BC61;"">
  </path>
  <path d=""M275.14,42.616c-4.21,-4.2,-10.02,-6.81,-16.45,-6.81h-2.702c0.0,-0.001,0.0,-0.001,0.0,-0.002c0.0,-17.618,-14.218,-31.912,-31.801,-32.047c1.02,2.632,1.583,5.492,1.583,8.487c0.0,12.859,-10.303,23.303,-23.104,23.549v0.012c0.0,0.0,-10.79,0.001,-10.79,0.002h-0.006c-12.84,0.0,-23.26,10.42,-23.26,23.26c0.0,6.43,2.6,12.24,6.81,16.46c0.47,0.46,0.95,0.9,1.44,1.32c4.06,3.42,9.29,5.49,15.01,5.49h66.82c5.72,0.0,10.96,-2.07,15.01,-5.49c5.05,-4.27,8.26,-10.65,8.26,-17.78C281.961,52.646,279.35,46.836,275.14,42.616z"" style=""fill:#EA587F;"">
  </path>
  <path d=""M281.962,59.061c0.0,-6.42,-2.61,-12.23,-6.82,-16.45c-4.21,-4.2,-10.02,-6.81,-16.45,-6.81h-2.7c0.0,-17.61,-14.22,-31.91,-31.8,-32.04c13.44,10.41,12.11,19.25,8.37,24.99c-1.46,2.24,-2.69,4.6,-3.7,7.05c-2.4,5.79,-3.57,12.07,-3.57,18.39v4.875h-56.682c0.0,6.43,2.6,12.24,6.81,16.46c0.47,0.46,0.95,0.9,1.44,1.32c4.06,3.42,9.29,5.49,15.01,5.49h66.82c5.72,0.0,10.96,-2.07,15.01,-5.49c3.157,-2.67,5.595,-6.164,6.979,-10.151C281.51,64.304,281.962,61.735,281.962,59.061z"" style=""fill:#CE3E6B;"">
  </path>
  <g>
   <path d=""M321.147,198.708v8.82H129.427v-8.82c0.0,-8.06,6.53,-14.6,14.59,-14.6h162.53C314.607,184.108,321.147,190.648,321.147,198.708z"" style=""fill:#FFD41D;"">
   </path>
   <path d=""M321.147,198.708v8.82h-95.86v-23.42h81.26C314.607,184.108,321.147,190.648,321.147,198.708z"" style=""fill:#FFA91F;"">
   </path>
  </g>
  <polygon points=""242.400,207.526 242.400,220.356 147.160,220.356 143.080,207.526"" style=""fill:#FFA91F;"">
  </polygon>
 </g>
</svg>


Question: What is the object in the image?",cupcake,lollipop,ice cream,sandwich,C,dairy
120,"Examine the following SVG code carefully and answer the question based on your interpretation of the rendered image.

<svg id=""Layer_1"" style=""enable-background:new 0 0 297 297;"" version=""1.1"" viewbox=""0 0 297 297"" x=""0px"" xml:space=""preserve"" y=""0px"">
 <g>
  <g>
   <g>
    <circle cx=""151.294"" cy=""150.716"" r=""148.5"" style=""fill:#4F2B4F;"">
    </circle>
   </g>
  </g>
  <path d=""M187.06,47.229l-44.074,212.992l36.297,36.35c65.773,-12.547,116.151,-68.47,120.233,-136.872L187.06,47.229z"" style=""fill:#462147;"">
  </path>
  <g>
   <path d=""M151.294,262.941L151.294,262.941c7.757,0.0,14.045,-6.288,14.045,-14.045v-54.621h-28.091v54.621C137.249,256.652,143.537,262.941,151.294,262.941z"" style=""fill:#F9B65F;"">
   </path>
  </g>
  <g>
   <path d=""M151.461,194.274v68.658c7.679,-0.091,13.878,-6.336,13.878,-14.037v-54.621H151.461z"" style=""fill:#FFA800;"">
   </path>
  </g>
  <g>
   <path d=""M99.794,83.991c0.0,-28.736,23.535,-51.974,52.38,-51.493C180.412,32.97,202.794,56.597,202.794,84.839v105.621c0.0,7.565,-6.133,13.698,-13.698,13.698h-75.603c-7.565,0.0,-13.698,-6.133,-13.698,-13.698V83.991H99.794z"" style=""fill:#D95459;"">
   </path>
  </g>
  <g>
   <path d=""M152.174,32.499c-0.239,-0.004,-0.475,0.007,-0.713,0.006v171.653h37.635c7.565,0.0,13.698,-6.133,13.698,-13.698V84.839C202.794,56.597,180.412,32.97,152.174,32.499z"" style=""fill:#B23F47;"">
   </path>
  </g>
 </g>
</svg>


Question: What is the primary color of the object in the image?",Blue,Red,Green,Yellow,B,dairy
121,"Examine the following SVG code carefully and answer the question based on your interpretation of the rendered image.

<svg id=""Layer_1"" style=""enable-background:new 0 0 297 297;"" version=""1.1"" viewbox=""0 0 297 297"" x=""0px"" xml:space=""preserve"" y=""0px"">
 <g>
  <g>
   <g>
    <circle cx=""151.294"" cy=""150.716"" r=""148.5"" style=""fill:#4F2B4F;"">
    </circle>
   </g>
  </g>
  <path d=""M187.06,47.229l-44.074,212.992l36.297,36.35c65.773,-12.547,116.151,-68.47,120.233,-136.872L187.06,47.229z"" style=""fill:#462147;"">
  </path>
  <g>
   <path d=""M151.294,262.941L151.294,262.941c7.757,0.0,14.045,-6.288,14.045,-14.045v-54.621h-28.091v54.621C137.249,256.652,143.537,262.941,151.294,262.941z"" style=""fill:#F9B65F;"">
   </path>
  </g>
  <g>
   <path d=""M151.461,194.274v68.658c7.679,-0.091,13.878,-6.336,13.878,-14.037v-54.621H151.461z"" style=""fill:#FFA800;"">
   </path>
  </g>
  <g>
   <path d=""M99.794,83.991c0.0,-28.736,23.535,-51.974,52.38,-51.493C180.412,32.97,202.794,56.597,202.794,84.839v105.621c0.0,7.565,-6.133,13.698,-13.698,13.698h-75.603c-7.565,0.0,-13.698,-6.133,-13.698,-13.698V83.991H99.794z"" style=""fill:#D95459;"">
   </path>
  </g>
  <g>
   <path d=""M152.174,32.499c-0.239,-0.004,-0.475,0.007,-0.713,0.006v171.653h37.635c7.565,0.0,13.698,-6.133,13.698,-13.698V84.839C202.794,56.597,180.412,32.97,152.174,32.499z"" style=""fill:#B23F47;"">
   </path>
  </g>
 </g>
</svg>


Question: What shape is the top part of the object in the image?",Circular,Square,Oval,Triangular,C,dairy
122,"Examine the following SVG code carefully and answer the question based on your interpretation of the rendered image.

<svg id=""Layer_1"" style=""enable-background:new 0 0 297 297;"" version=""1.1"" viewbox=""0 0 297 297"" x=""0px"" xml:space=""preserve"" y=""0px"">
 <g>
  <g>
   <g>
    <circle cx=""151.294"" cy=""150.716"" r=""148.5"" style=""fill:#4F2B4F;"">
    </circle>
   </g>
  </g>
  <path d=""M187.06,47.229l-44.074,212.992l36.297,36.35c65.773,-12.547,116.151,-68.47,120.233,-136.872L187.06,47.229z"" style=""fill:#462147;"">
  </path>
  <g>
   <path d=""M151.294,262.941L151.294,262.941c7.757,0.0,14.045,-6.288,14.045,-14.045v-54.621h-28.091v54.621C137.249,256.652,143.537,262.941,151.294,262.941z"" style=""fill:#F9B65F;"">
   </path>
  </g>
  <g>
   <path d=""M151.461,194.274v68.658c7.679,-0.091,13.878,-6.336,13.878,-14.037v-54.621H151.461z"" style=""fill:#FFA800;"">
   </path>
  </g>
  <g>
   <path d=""M99.794,83.991c0.0,-28.736,23.535,-51.974,52.38,-51.493C180.412,32.97,202.794,56.597,202.794,84.839v105.621c0.0,7.565,-6.133,13.698,-13.698,13.698h-75.603c-7.565,0.0,-13.698,-6.133,-13.698,-13.698V83.991H99.794z"" style=""fill:#D95459;"">
   </path>
  </g>
  <g>
   <path d=""M152.174,32.499c-0.239,-0.004,-0.475,0.007,-0.713,0.006v171.653h37.635c7.565,0.0,13.698,-6.133,13.698,-13.698V84.839C202.794,56.597,180.412,32.97,152.174,32.499z"" style=""fill:#B23F47;"">
   </path>
  </g>
 </g>
</svg>


Question: What is the color of the stick of the object in the image?",Blue,Green,Yellow,Orange,D,dairy
123,"Examine the following SVG code carefully and answer the question based on your interpretation of the rendered image.

<svg id=""Layer_1"" style=""enable-background:new 0 0 297 297;"" version=""1.1"" viewbox=""0 0 297 297"" x=""0px"" xml:space=""preserve"" y=""0px"">
 <g>
  <g>
   <g>
    <circle cx=""151.294"" cy=""150.716"" r=""148.5"" style=""fill:#4F2B4F;"">
    </circle>
   </g>
  </g>
  <path d=""M187.06,47.229l-44.074,212.992l36.297,36.35c65.773,-12.547,116.151,-68.47,120.233,-136.872L187.06,47.229z"" style=""fill:#462147;"">
  </path>
  <g>
   <path d=""M151.294,262.941L151.294,262.941c7.757,0.0,14.045,-6.288,14.045,-14.045v-54.621h-28.091v54.621C137.249,256.652,143.537,262.941,151.294,262.941z"" style=""fill:#F9B65F;"">
   </path>
  </g>
  <g>
   <path d=""M151.461,194.274v68.658c7.679,-0.091,13.878,-6.336,13.878,-14.037v-54.621H151.461z"" style=""fill:#FFA800;"">
   </path>
  </g>
  <g>
   <path d=""M99.794,83.991c0.0,-28.736,23.535,-51.974,52.38,-51.493C180.412,32.97,202.794,56.597,202.794,84.839v105.621c0.0,7.565,-6.133,13.698,-13.698,13.698h-75.603c-7.565,0.0,-13.698,-6.133,-13.698,-13.698V83.991H99.794z"" style=""fill:#D95459;"">
   </path>
  </g>
  <g>
   <path d=""M152.174,32.499c-0.239,-0.004,-0.475,0.007,-0.713,0.006v171.653h37.635c7.565,0.0,13.698,-6.133,13.698,-13.698V84.839C202.794,56.597,180.412,32.97,152.174,32.499z"" style=""fill:#B23F47;"">
   </path>
  </g>
 </g>
</svg>


Question: What type of object is depicted in the image?",cone,Popsicle,Candy,Lollipop,B,dairy
124,"Examine the following SVG code carefully and answer the question based on your interpretation of the rendered image.

<svg id=""Layer_1"" style=""enable-background:new 0 0 512 512;"" version=""1.1"" viewbox=""0 0 512 512"" x=""0px"" xml:space=""preserve"" y=""0px"">
 <path d=""M302.763,129.875h-87.375c-8.01,0.0,-15.231,-4.824,-18.296,-12.224c-3.064,-7.4,-1.37,-15.918,4.293,-21.582l87.375,-87.374c5.664,-5.664,14.186,-7.356,21.582,-4.292c7.4,3.066,12.226,10.286,12.226,18.296v87.374C322.567,121.008,313.7,129.875,302.763,129.875z"" style=""fill:#39A3DB;"">
 </path>
 <g>
  <path d=""M310.342,4.402c-7.396,-3.064,-15.918,-1.37,-21.582,4.292L259.076,38.377v91.497h43.687c10.937,0.0,19.804,-8.866,19.804,-19.804V22.698C322.567,14.688,317.742,7.467,310.342,4.402z"" style=""fill:#4881C2;"">
  </path>
  <path d=""M329.847,203.337H188.303c-31.173,0.0,-56.535,-25.362,-56.535,-56.535c0.0,-31.174,25.362,-56.535,56.535,-56.535h141.544c31.173,0.0,56.535,25.361,56.535,56.535C386.383,177.975,361.021,203.337,329.847,203.337z"" style=""fill:#4881C2;"">
  </path>
 </g>
 <path d=""M259.076,514.894c-7.469,0.0,-14.302,-4.202,-17.673,-10.866L120.991,265.932c-3.105,-6.139,-2.8,-13.451,0.803,-19.31c3.603,-5.861,9.989,-9.431,16.869,-9.431H379.486c6.88,0.0,13.267,3.571,16.869,9.431c3.603,5.861,3.908,13.171,0.803,19.31L276.746,504.027C273.378,510.691,266.545,514.894,259.076,514.894z"" style=""fill:#FFEDBE;"">
 </path>
 <path d=""M329.847,90.267H259.076v113.07h70.771c31.173,0.0,56.535,-25.362,56.535,-56.535C386.383,115.628,361.021,90.267,329.847,90.267z"" style=""fill:#3E6EA6;"">
 </path>
 <path d=""M396.357,246.622c-3.603,-5.861,-9.989,-9.431,-16.869,-9.431H259.076V514.894c7.469,0.0,14.302,-4.202,17.673,-10.866l120.412,-238.095C400.265,259.793,399.961,252.483,396.357,246.622z"" style=""fill:#FFE49C;"">
 </path>
 <path d=""M378.883,276.799H139.269c-31.173,0.0,-56.535,-25.361,-56.535,-56.535s25.362,-56.535,56.535,-56.535h239.614c31.173,0.0,56.535,25.361,56.535,56.535C435.418,251.437,410.056,276.799,378.883,276.799z"" style=""fill:#39A3DB;"">
 </path>
 <path d=""M378.883,163.729H259.076v113.07h119.807c31.173,0.0,56.535,-25.361,56.535,-56.535C435.418,189.09,410.056,163.729,378.883,163.729z"" style=""fill:#4881C2;"">
 </path>
 <path d=""M251.463,371.19c-3.005,0.0,-6.057,-0.688,-8.922,-2.136c-9.761,-4.936,-13.67,-16.85,-8.735,-26.61l15.194,-30.041c4.936,-9.759,16.851,-13.671,26.61,-8.735c9.761,4.936,13.671,16.85,8.735,26.61l-15.194,30.041C265.664,367.213,258.696,371.19,251.463,371.19z"" style=""fill:#FFC72D;"">
 </path>
 <path d=""M275.61,303.667c-5.368,-2.714,-11.382,-2.74,-16.534,-0.601v66.597c4.216,-1.749,7.854,-4.952,10.076,-9.345l15.194,-30.041C289.281,320.517,285.37,308.603,275.61,303.667z"" style=""fill:#F5BC20;"">
 </path>
</svg>


Question: What is the primary color of the top part of the object?",Red,Blue,Green,Yellow,B,dairy
125,"Examine the following SVG code carefully and answer the question based on your interpretation of the rendered image.

<svg id=""Layer_1"" style=""enable-background:new 0 0 512 512;"" version=""1.1"" viewbox=""0 0 512 512"" x=""0px"" xml:space=""preserve"" y=""0px"">
 <path d=""M302.763,129.875h-87.375c-8.01,0.0,-15.231,-4.824,-18.296,-12.224c-3.064,-7.4,-1.37,-15.918,4.293,-21.582l87.375,-87.374c5.664,-5.664,14.186,-7.356,21.582,-4.292c7.4,3.066,12.226,10.286,12.226,18.296v87.374C322.567,121.008,313.7,129.875,302.763,129.875z"" style=""fill:#39A3DB;"">
 </path>
 <g>
  <path d=""M310.342,4.402c-7.396,-3.064,-15.918,-1.37,-21.582,4.292L259.076,38.377v91.497h43.687c10.937,0.0,19.804,-8.866,19.804,-19.804V22.698C322.567,14.688,317.742,7.467,310.342,4.402z"" style=""fill:#4881C2;"">
  </path>
  <path d=""M329.847,203.337H188.303c-31.173,0.0,-56.535,-25.362,-56.535,-56.535c0.0,-31.174,25.362,-56.535,56.535,-56.535h141.544c31.173,0.0,56.535,25.361,56.535,56.535C386.383,177.975,361.021,203.337,329.847,203.337z"" style=""fill:#4881C2;"">
  </path>
 </g>
 <path d=""M259.076,514.894c-7.469,0.0,-14.302,-4.202,-17.673,-10.866L120.991,265.932c-3.105,-6.139,-2.8,-13.451,0.803,-19.31c3.603,-5.861,9.989,-9.431,16.869,-9.431H379.486c6.88,0.0,13.267,3.571,16.869,9.431c3.603,5.861,3.908,13.171,0.803,19.31L276.746,504.027C273.378,510.691,266.545,514.894,259.076,514.894z"" style=""fill:#FFEDBE;"">
 </path>
 <path d=""M329.847,90.267H259.076v113.07h70.771c31.173,0.0,56.535,-25.362,56.535,-56.535C386.383,115.628,361.021,90.267,329.847,90.267z"" style=""fill:#3E6EA6;"">
 </path>
 <path d=""M396.357,246.622c-3.603,-5.861,-9.989,-9.431,-16.869,-9.431H259.076V514.894c7.469,0.0,14.302,-4.202,17.673,-10.866l120.412,-238.095C400.265,259.793,399.961,252.483,396.357,246.622z"" style=""fill:#FFE49C;"">
 </path>
 <path d=""M378.883,276.799H139.269c-31.173,0.0,-56.535,-25.361,-56.535,-56.535s25.362,-56.535,56.535,-56.535h239.614c31.173,0.0,56.535,25.361,56.535,56.535C435.418,251.437,410.056,276.799,378.883,276.799z"" style=""fill:#39A3DB;"">
 </path>
 <path d=""M378.883,163.729H259.076v113.07h119.807c31.173,0.0,56.535,-25.361,56.535,-56.535C435.418,189.09,410.056,163.729,378.883,163.729z"" style=""fill:#4881C2;"">
 </path>
 <path d=""M251.463,371.19c-3.005,0.0,-6.057,-0.688,-8.922,-2.136c-9.761,-4.936,-13.67,-16.85,-8.735,-26.61l15.194,-30.041c4.936,-9.759,16.851,-13.671,26.61,-8.735c9.761,4.936,13.671,16.85,8.735,26.61l-15.194,30.041C265.664,367.213,258.696,371.19,251.463,371.19z"" style=""fill:#FFC72D;"">
 </path>
 <path d=""M275.61,303.667c-5.368,-2.714,-11.382,-2.74,-16.534,-0.601v66.597c4.216,-1.749,7.854,-4.952,10.076,-9.345l15.194,-30.041C289.281,320.517,285.37,308.603,275.61,303.667z"" style=""fill:#F5BC20;"">
 </path>
</svg>


Question: What shape is the bottom part of the object?",Square,Circle,Rectangle,Triangle,D,dairy
126,"Examine the following SVG code carefully and answer the question based on your interpretation of the rendered image.

<svg id=""Layer_1"" style=""enable-background:new 0 0 512 512;"" version=""1.1"" viewbox=""0 0 512 512"" x=""0px"" xml:space=""preserve"" y=""0px"">
 <path d=""M302.763,129.875h-87.375c-8.01,0.0,-15.231,-4.824,-18.296,-12.224c-3.064,-7.4,-1.37,-15.918,4.293,-21.582l87.375,-87.374c5.664,-5.664,14.186,-7.356,21.582,-4.292c7.4,3.066,12.226,10.286,12.226,18.296v87.374C322.567,121.008,313.7,129.875,302.763,129.875z"" style=""fill:#39A3DB;"">
 </path>
 <g>
  <path d=""M310.342,4.402c-7.396,-3.064,-15.918,-1.37,-21.582,4.292L259.076,38.377v91.497h43.687c10.937,0.0,19.804,-8.866,19.804,-19.804V22.698C322.567,14.688,317.742,7.467,310.342,4.402z"" style=""fill:#4881C2;"">
  </path>
  <path d=""M329.847,203.337H188.303c-31.173,0.0,-56.535,-25.362,-56.535,-56.535c0.0,-31.174,25.362,-56.535,56.535,-56.535h141.544c31.173,0.0,56.535,25.361,56.535,56.535C386.383,177.975,361.021,203.337,329.847,203.337z"" style=""fill:#4881C2;"">
  </path>
 </g>
 <path d=""M259.076,514.894c-7.469,0.0,-14.302,-4.202,-17.673,-10.866L120.991,265.932c-3.105,-6.139,-2.8,-13.451,0.803,-19.31c3.603,-5.861,9.989,-9.431,16.869,-9.431H379.486c6.88,0.0,13.267,3.571,16.869,9.431c3.603,5.861,3.908,13.171,0.803,19.31L276.746,504.027C273.378,510.691,266.545,514.894,259.076,514.894z"" style=""fill:#FFEDBE;"">
 </path>
 <path d=""M329.847,90.267H259.076v113.07h70.771c31.173,0.0,56.535,-25.362,56.535,-56.535C386.383,115.628,361.021,90.267,329.847,90.267z"" style=""fill:#3E6EA6;"">
 </path>
 <path d=""M396.357,246.622c-3.603,-5.861,-9.989,-9.431,-16.869,-9.431H259.076V514.894c7.469,0.0,14.302,-4.202,17.673,-10.866l120.412,-238.095C400.265,259.793,399.961,252.483,396.357,246.622z"" style=""fill:#FFE49C;"">
 </path>
 <path d=""M378.883,276.799H139.269c-31.173,0.0,-56.535,-25.361,-56.535,-56.535s25.362,-56.535,56.535,-56.535h239.614c31.173,0.0,56.535,25.361,56.535,56.535C435.418,251.437,410.056,276.799,378.883,276.799z"" style=""fill:#39A3DB;"">
 </path>
 <path d=""M378.883,163.729H259.076v113.07h119.807c31.173,0.0,56.535,-25.361,56.535,-56.535C435.418,189.09,410.056,163.729,378.883,163.729z"" style=""fill:#4881C2;"">
 </path>
 <path d=""M251.463,371.19c-3.005,0.0,-6.057,-0.688,-8.922,-2.136c-9.761,-4.936,-13.67,-16.85,-8.735,-26.61l15.194,-30.041c4.936,-9.759,16.851,-13.671,26.61,-8.735c9.761,4.936,13.671,16.85,8.735,26.61l-15.194,30.041C265.664,367.213,258.696,371.19,251.463,371.19z"" style=""fill:#FFC72D;"">
 </path>
 <path d=""M275.61,303.667c-5.368,-2.714,-11.382,-2.74,-16.534,-0.601v66.597c4.216,-1.749,7.854,-4.952,10.076,-9.345l15.194,-30.041C289.281,320.517,285.37,308.603,275.61,303.667z"" style=""fill:#F5BC20;"">
 </path>
</svg>


Question: What is the color of the small detail in the middle of the object?",Red,Blue,Green,Yellow,D,dairy
127,"Examine the following SVG code carefully and answer the question based on your interpretation of the rendered image.

<svg id=""Layer_1"" style=""enable-background:new 0 0 512 512;"" version=""1.1"" viewbox=""0 0 512 512"" x=""0px"" xml:space=""preserve"" y=""0px"">
 <path d=""M302.763,129.875h-87.375c-8.01,0.0,-15.231,-4.824,-18.296,-12.224c-3.064,-7.4,-1.37,-15.918,4.293,-21.582l87.375,-87.374c5.664,-5.664,14.186,-7.356,21.582,-4.292c7.4,3.066,12.226,10.286,12.226,18.296v87.374C322.567,121.008,313.7,129.875,302.763,129.875z"" style=""fill:#39A3DB;"">
 </path>
 <g>
  <path d=""M310.342,4.402c-7.396,-3.064,-15.918,-1.37,-21.582,4.292L259.076,38.377v91.497h43.687c10.937,0.0,19.804,-8.866,19.804,-19.804V22.698C322.567,14.688,317.742,7.467,310.342,4.402z"" style=""fill:#4881C2;"">
  </path>
  <path d=""M329.847,203.337H188.303c-31.173,0.0,-56.535,-25.362,-56.535,-56.535c0.0,-31.174,25.362,-56.535,56.535,-56.535h141.544c31.173,0.0,56.535,25.361,56.535,56.535C386.383,177.975,361.021,203.337,329.847,203.337z"" style=""fill:#4881C2;"">
  </path>
 </g>
 <path d=""M259.076,514.894c-7.469,0.0,-14.302,-4.202,-17.673,-10.866L120.991,265.932c-3.105,-6.139,-2.8,-13.451,0.803,-19.31c3.603,-5.861,9.989,-9.431,16.869,-9.431H379.486c6.88,0.0,13.267,3.571,16.869,9.431c3.603,5.861,3.908,13.171,0.803,19.31L276.746,504.027C273.378,510.691,266.545,514.894,259.076,514.894z"" style=""fill:#FFEDBE;"">
 </path>
 <path d=""M329.847,90.267H259.076v113.07h70.771c31.173,0.0,56.535,-25.362,56.535,-56.535C386.383,115.628,361.021,90.267,329.847,90.267z"" style=""fill:#3E6EA6;"">
 </path>
 <path d=""M396.357,246.622c-3.603,-5.861,-9.989,-9.431,-16.869,-9.431H259.076V514.894c7.469,0.0,14.302,-4.202,17.673,-10.866l120.412,-238.095C400.265,259.793,399.961,252.483,396.357,246.622z"" style=""fill:#FFE49C;"">
 </path>
 <path d=""M378.883,276.799H139.269c-31.173,0.0,-56.535,-25.361,-56.535,-56.535s25.362,-56.535,56.535,-56.535h239.614c31.173,0.0,56.535,25.361,56.535,56.535C435.418,251.437,410.056,276.799,378.883,276.799z"" style=""fill:#39A3DB;"">
 </path>
 <path d=""M378.883,163.729H259.076v113.07h119.807c31.173,0.0,56.535,-25.361,56.535,-56.535C435.418,189.09,410.056,163.729,378.883,163.729z"" style=""fill:#4881C2;"">
 </path>
 <path d=""M251.463,371.19c-3.005,0.0,-6.057,-0.688,-8.922,-2.136c-9.761,-4.936,-13.67,-16.85,-8.735,-26.61l15.194,-30.041c4.936,-9.759,16.851,-13.671,26.61,-8.735c9.761,4.936,13.671,16.85,8.735,26.61l-15.194,30.041C265.664,367.213,258.696,371.19,251.463,371.19z"" style=""fill:#FFC72D;"">
 </path>
 <path d=""M275.61,303.667c-5.368,-2.714,-11.382,-2.74,-16.534,-0.601v66.597c4.216,-1.749,7.854,-4.952,10.076,-9.345l15.194,-30.041C289.281,320.517,285.37,308.603,275.61,303.667z"" style=""fill:#F5BC20;"">
 </path>
</svg>


Question: What is the object in the image?",Balloon,Ice Cream,Tree,Kite,B,dairy
128,"Examine the following SVG code carefully and answer the question based on your interpretation of the rendered image.

<svg id=""Capa_1"" style=""enable-background:new 0 0 50.04 50.04;"" version=""1.1"" viewbox=""0 0 50.04 50.04"" x=""0px"" xml:space=""preserve"" y=""0px"">
 <g>
  <path d=""M10.081,11.466h30.786c1.709,0.0,3.1,-1.391,3.1,-3.1V3.566c0.0,-1.709,-1.391,-3.1,-3.1,-3.1H10.081C8.372,0.466,6.982,1.857,6.982,3.566v4.802C6.982,10.076,8.372,11.466,10.081,11.466z"">
  </path>
  <path d=""M27.982,24.381v15.0h16.951c0.025,-0.318,0.049,-0.637,0.049,-0.962v-2.094H32.886v-8.921H44.982v-3.023H27.982z"">
  </path>
  <path d=""M25.982,22.381h18.925c-0.344,-3.176,-1.819,-4.901,-2.933,-6.201c-0.574,-0.67,-1.075,-1.254,-1.294,-1.878V12.466H10.285v1.845c-0.222,0.616,-0.719,1.195,-1.288,1.859c-1.272,1.482,-3.015,3.514,-3.015,7.621v14.628c0.0,6.665,5.422,12.087,12.087,12.087h14.826c5.642,0.0,10.379,-3.89,11.705,-9.125H25.982V22.381zM15.77,18.368c-0.884,1.134,-1.788,2.664,-1.788,5.423v14.628c0.0,0.553,-0.447,1.0,-1.0,1.0s-1.0,-0.447,-1.0,-1.0V23.791c0.0,-3.384,1.182,-5.333,2.212,-6.653c0.339,-0.436,0.967,-0.514,1.403,-0.173C16.033,17.304,16.11,17.933,15.77,18.368z"">
  </path>
  <rect height=""4.921"" width=""10.096"" x=""34.886"" y=""29.404"">
  </rect>
 </g>
</svg>


Question: What shape is the object in the image?",Sphere,Cube,Cylinder,Pyramid,C,dairy
129,"Examine the following SVG code carefully and answer the question based on your interpretation of the rendered image.

<svg id=""Capa_1"" style=""enable-background:new 0 0 50.04 50.04;"" version=""1.1"" viewbox=""0 0 50.04 50.04"" x=""0px"" xml:space=""preserve"" y=""0px"">
 <g>
  <path d=""M10.081,11.466h30.786c1.709,0.0,3.1,-1.391,3.1,-3.1V3.566c0.0,-1.709,-1.391,-3.1,-3.1,-3.1H10.081C8.372,0.466,6.982,1.857,6.982,3.566v4.802C6.982,10.076,8.372,11.466,10.081,11.466z"">
  </path>
  <path d=""M27.982,24.381v15.0h16.951c0.025,-0.318,0.049,-0.637,0.049,-0.962v-2.094H32.886v-8.921H44.982v-3.023H27.982z"">
  </path>
  <path d=""M25.982,22.381h18.925c-0.344,-3.176,-1.819,-4.901,-2.933,-6.201c-0.574,-0.67,-1.075,-1.254,-1.294,-1.878V12.466H10.285v1.845c-0.222,0.616,-0.719,1.195,-1.288,1.859c-1.272,1.482,-3.015,3.514,-3.015,7.621v14.628c0.0,6.665,5.422,12.087,12.087,12.087h14.826c5.642,0.0,10.379,-3.89,11.705,-9.125H25.982V22.381zM15.77,18.368c-0.884,1.134,-1.788,2.664,-1.788,5.423v14.628c0.0,0.553,-0.447,1.0,-1.0,1.0s-1.0,-0.447,-1.0,-1.0V23.791c0.0,-3.384,1.182,-5.333,2.212,-6.653c0.339,-0.436,0.967,-0.514,1.403,-0.173C16.033,17.304,16.11,17.933,15.77,18.368z"">
  </path>
  <rect height=""4.921"" width=""10.096"" x=""34.886"" y=""29.404"">
  </rect>
 </g>
</svg>


Question: What is the primary color of the object in the image?",Red,Blue,Black,Green,C,dairy
130,"Examine the following SVG code carefully and answer the question based on your interpretation of the rendered image.

<svg id=""Capa_1"" style=""enable-background:new 0 0 50.04 50.04;"" version=""1.1"" viewbox=""0 0 50.04 50.04"" x=""0px"" xml:space=""preserve"" y=""0px"">
 <g>
  <path d=""M10.081,11.466h30.786c1.709,0.0,3.1,-1.391,3.1,-3.1V3.566c0.0,-1.709,-1.391,-3.1,-3.1,-3.1H10.081C8.372,0.466,6.982,1.857,6.982,3.566v4.802C6.982,10.076,8.372,11.466,10.081,11.466z"">
  </path>
  <path d=""M27.982,24.381v15.0h16.951c0.025,-0.318,0.049,-0.637,0.049,-0.962v-2.094H32.886v-8.921H44.982v-3.023H27.982z"">
  </path>
  <path d=""M25.982,22.381h18.925c-0.344,-3.176,-1.819,-4.901,-2.933,-6.201c-0.574,-0.67,-1.075,-1.254,-1.294,-1.878V12.466H10.285v1.845c-0.222,0.616,-0.719,1.195,-1.288,1.859c-1.272,1.482,-3.015,3.514,-3.015,7.621v14.628c0.0,6.665,5.422,12.087,12.087,12.087h14.826c5.642,0.0,10.379,-3.89,11.705,-9.125H25.982V22.381zM15.77,18.368c-0.884,1.134,-1.788,2.664,-1.788,5.423v14.628c0.0,0.553,-0.447,1.0,-1.0,1.0s-1.0,-0.447,-1.0,-1.0V23.791c0.0,-3.384,1.182,-5.333,2.212,-6.653c0.339,-0.436,0.967,-0.514,1.403,-0.173C16.033,17.304,16.11,17.933,15.77,18.368z"">
  </path>
  <rect height=""4.921"" width=""10.096"" x=""34.886"" y=""29.404"">
  </rect>
 </g>
</svg>


Question: What is the shape of the label on the object in the image?",Circle,Square,Triangle,Hexagon,B,dairy
131,"Examine the following SVG code carefully and answer the question based on your interpretation of the rendered image.

<svg id=""Capa_1"" style=""enable-background:new 0 0 50.04 50.04;"" version=""1.1"" viewbox=""0 0 50.04 50.04"" x=""0px"" xml:space=""preserve"" y=""0px"">
 <g>
  <path d=""M10.081,11.466h30.786c1.709,0.0,3.1,-1.391,3.1,-3.1V3.566c0.0,-1.709,-1.391,-3.1,-3.1,-3.1H10.081C8.372,0.466,6.982,1.857,6.982,3.566v4.802C6.982,10.076,8.372,11.466,10.081,11.466z"">
  </path>
  <path d=""M27.982,24.381v15.0h16.951c0.025,-0.318,0.049,-0.637,0.049,-0.962v-2.094H32.886v-8.921H44.982v-3.023H27.982z"">
  </path>
  <path d=""M25.982,22.381h18.925c-0.344,-3.176,-1.819,-4.901,-2.933,-6.201c-0.574,-0.67,-1.075,-1.254,-1.294,-1.878V12.466H10.285v1.845c-0.222,0.616,-0.719,1.195,-1.288,1.859c-1.272,1.482,-3.015,3.514,-3.015,7.621v14.628c0.0,6.665,5.422,12.087,12.087,12.087h14.826c5.642,0.0,10.379,-3.89,11.705,-9.125H25.982V22.381zM15.77,18.368c-0.884,1.134,-1.788,2.664,-1.788,5.423v14.628c0.0,0.553,-0.447,1.0,-1.0,1.0s-1.0,-0.447,-1.0,-1.0V23.791c0.0,-3.384,1.182,-5.333,2.212,-6.653c0.339,-0.436,0.967,-0.514,1.403,-0.173C16.033,17.304,16.11,17.933,15.77,18.368z"">
  </path>
  <rect height=""4.921"" width=""10.096"" x=""34.886"" y=""29.404"">
  </rect>
 </g>
</svg>


Question: What type of object is shown in the image?",Jar,Bottle,Box,Can,A,dairy
144,"Examine the following SVG code carefully and answer the question based on your interpretation of the rendered image.

<svg height=""512"" id=""Capa_1"" style=""enable-background:new 0 0 470 470;"" version=""1.1"" viewbox=""0 0 470 470"" width=""512"" x=""0px"" xml:space=""preserve"" y=""0px"">
 <g>
  <polygon points=""435.409,349.659 405.409,389.659 435.409,429.659 465.409,429.659 465.409,349.659"" style=""fill:#FD7555;"">
  </polygon>
  <rect height=""80"" style=""fill:#FDA162;"" width=""425"" x=""10.409"" y=""349.659"">
  </rect>
  <path d=""M465.409,407.159c-114.079,0.0,-172.072,-5.099,-228.157,-10.029C181.49,392.228,123.83,387.159,10.409,387.159c-4.143,0.0,-7.5,-3.357,-7.5,-7.5s3.357,-7.5,7.5,-7.5c114.079,0.0,172.072,5.099,228.157,10.029c55.762,4.901,113.422,9.971,226.843,9.971c4.143,0.0,7.5,3.357,7.5,7.5S469.552,407.159,465.409,407.159z"" style=""fill:#FEFDCA;"">
  </path>
  <polygon points=""405.409,49.659 375.409,184.659 405.409,319.659 435.409,319.659 435.409,49.659"" style=""fill:#FDCE6E;"">
  </polygon>
  <path d=""M40.409,49.659v105.0c24.853,0.0,45.0,20.147,45.0,45.0s-20.147,45.0,-45.0,45.0v75.0h135.0l45.0,-15.0l45.0,15.0h140.0V49.659H40.409z"" style=""fill:#FDFA7B;"">
  </path>
  <path d=""M375.409,214.659l-10.0,30.0l10.0,30.0c16.569,0.0,30.0,-13.431,30.0,-30.0S391.978,214.659,375.409,214.659z"" style=""fill:#FDA162;"">
  </path>
  <path d=""M345.409,244.659c0.0,16.569,13.431,30.0,30.0,30.0v-60.0C358.84,214.659,345.409,228.09,345.409,244.659z"" style=""fill:#FDCE6E;"">
  </path>
  <path d=""M220.409,274.659l15.0,45.0h30.0C265.409,294.806,245.262,274.659,220.409,274.659z"" style=""fill:#FDA162;"">
  </path>
  <path d=""M220.409,274.659c-24.853,0.0,-45.0,20.147,-45.0,45.0h60.0C235.409,294.806,228.693,274.659,220.409,274.659z"" style=""fill:#FDCE6E;"">
  </path>
  <path d=""M145.409,169.659l-10.0,30.0l10.0,30.0c16.569,0.0,30.0,-13.431,30.0,-30.0S161.978,169.659,145.409,169.659z"" style=""fill:#FDA162;"">
  </path>
  <path d=""M115.409,199.659c0.0,16.569,13.431,30.0,30.0,30.0v-60.0C128.84,169.659,115.409,183.09,115.409,199.659z"" style=""fill:#FDCE6E;"">
  </path>
  <path d=""M260.409,79.659v90.0c24.853,0.0,45.0,-20.147,45.0,-45.0S285.262,79.659,260.409,79.659z"" style=""fill:#FDA162;"">
  </path>
  <path d=""M275.409,124.659c0.0,-24.853,-6.716,-45.0,-15.0,-45.0c-24.853,0.0,-45.0,20.147,-45.0,45.0s20.147,45.0,45.0,45.0C268.693,169.659,275.409,149.512,275.409,124.659z"" style=""fill:#FDCE6E;"">
  </path>
  <path d=""M465.409,342.159H10.409c-4.143,0.0,-7.5,3.357,-7.5,7.5v80.0c0.0,4.143,3.357,7.5,7.5,7.5h455.0c4.143,0.0,7.5,-3.357,7.5,-7.5v-80.0C472.909,345.516,469.552,342.159,465.409,342.159zM457.909,357.159v34.992c-108.483,-0.219,-164.825,-5.17,-219.343,-9.962c-54.841,-4.821,-111.516,-9.802,-220.657,-10.021V357.159H457.909zM17.909,422.159v-34.992c108.483,0.219,164.825,5.17,219.343,9.962c54.841,4.821,111.516,9.802,220.657,10.021V422.159H17.909z"">
  </path>
  <path d=""M260.409,177.159c28.948,0.0,52.5,-23.552,52.5,-52.5s-23.552,-52.5,-52.5,-52.5c-7.918,0.0,-15.534,1.724,-22.637,5.122c-3.736,1.788,-5.316,6.267,-3.528,10.003c1.79,3.737,6.27,5.314,10.003,3.528c5.065,-2.424,10.503,-3.653,16.162,-3.653c20.678,0.0,37.5,16.822,37.5,37.5s-16.822,37.5,-37.5,37.5S222.909,145.337,222.909,124.659c0.0,-5.658,1.229,-11.096,3.653,-16.162c1.788,-3.736,0.208,-8.215,-3.528,-10.003c-3.738,-1.79,-8.215,-0.208,-10.003,3.528C209.633,109.126,207.909,116.742,207.909,124.659C207.909,153.607,231.461,177.159,260.409,177.159z"">
  </path>
  <path d=""M40.409,327.159h395.0c4.143,0.0,7.5,-3.357,7.5,-7.5V49.659c0.0,-4.143,-3.357,-7.5,-7.5,-7.5h-395.0c-4.143,0.0,-7.5,3.357,-7.5,7.5v105.0c0.0,4.143,3.357,7.5,7.5,7.5c20.678,0.0,37.5,16.822,37.5,37.5s-16.822,37.5,-37.5,37.5c-4.143,0.0,-7.5,3.357,-7.5,7.5v75.0C32.909,323.802,36.266,327.159,40.409,327.159zM183.664,312.159c3.484,-17.096,18.635,-30.0,36.745,-30.0s33.261,12.904,36.745,30.0H183.664zM47.909,251.625c25.408,-3.65,45.0,-25.563,45.0,-51.966s-19.592,-48.315,-45.0,-51.966V57.159h380.0v255.0H272.365c-3.652,-25.407,-25.554,-45.0,-51.956,-45.0s-48.304,19.593,-51.956,45.0H47.909V251.625z"">
  </path>
  <circle cx=""377.909"" cy=""117.159"" r=""7.5"">
  </circle>
  <circle cx=""347.909"" cy=""147.159"" r=""7.5"">
  </circle>
  <circle cx=""107.909"" cy=""102.159"" r=""7.5"">
  </circle>
  <circle cx=""292.909"" cy=""252.159"" r=""7.5"">
  </circle>
  <path d=""M375.409,282.159c20.678,0.0,37.5,-16.822,37.5,-37.5s-16.822,-37.5,-37.5,-37.5c-3.273,0.0,-6.538,0.429,-9.703,1.274c-4.002,1.069,-6.379,5.181,-5.31,9.183c1.069,4.001,5.181,6.374,9.183,5.31c1.902,-0.509,3.864,-0.767,5.83,-0.767c12.406,0.0,22.5,10.094,22.5,22.5s-10.094,22.5,-22.5,22.5S352.909,257.065,352.909,244.659c0.0,-1.966,0.258,-3.928,0.767,-5.83c1.069,-4.002,-1.308,-8.113,-5.31,-9.183c-3.997,-1.063,-8.112,1.308,-9.183,5.31c-0.846,3.165,-1.274,6.43,-1.274,9.703C337.909,265.337,354.731,282.159,375.409,282.159z"">
  </path>
  <path d=""M182.909,199.659c0.0,-20.678,-16.822,-37.5,-37.5,-37.5c-3.273,0.0,-6.538,0.429,-9.703,1.274c-4.002,1.069,-6.379,5.181,-5.31,9.183c1.07,4.002,5.18,6.378,9.183,5.31c1.902,-0.509,3.864,-0.767,5.83,-0.767c12.406,0.0,22.5,10.094,22.5,22.5s-10.094,22.5,-22.5,22.5S122.909,212.065,122.909,199.659c0.0,-1.966,0.258,-3.928,0.767,-5.83c1.069,-4.002,-1.308,-8.113,-5.31,-9.183c-3.997,-1.063,-8.112,1.308,-9.183,5.31c-0.846,3.165,-1.274,6.43,-1.274,9.703c0.0,20.678,16.822,37.5,37.5,37.5S182.909,220.337,182.909,199.659z"">
  </path>
 </g>
</svg>


Question: What is the primary color of the object in the image?",Yellow,Blue,Green,Red,A,dairy
145,"Examine the following SVG code carefully and answer the question based on your interpretation of the rendered image.

<svg height=""512"" id=""Capa_1"" style=""enable-background:new 0 0 470 470;"" version=""1.1"" viewbox=""0 0 470 470"" width=""512"" x=""0px"" xml:space=""preserve"" y=""0px"">
 <g>
  <polygon points=""435.409,349.659 405.409,389.659 435.409,429.659 465.409,429.659 465.409,349.659"" style=""fill:#FD7555;"">
  </polygon>
  <rect height=""80"" style=""fill:#FDA162;"" width=""425"" x=""10.409"" y=""349.659"">
  </rect>
  <path d=""M465.409,407.159c-114.079,0.0,-172.072,-5.099,-228.157,-10.029C181.49,392.228,123.83,387.159,10.409,387.159c-4.143,0.0,-7.5,-3.357,-7.5,-7.5s3.357,-7.5,7.5,-7.5c114.079,0.0,172.072,5.099,228.157,10.029c55.762,4.901,113.422,9.971,226.843,9.971c4.143,0.0,7.5,3.357,7.5,7.5S469.552,407.159,465.409,407.159z"" style=""fill:#FEFDCA;"">
  </path>
  <polygon points=""405.409,49.659 375.409,184.659 405.409,319.659 435.409,319.659 435.409,49.659"" style=""fill:#FDCE6E;"">
  </polygon>
  <path d=""M40.409,49.659v105.0c24.853,0.0,45.0,20.147,45.0,45.0s-20.147,45.0,-45.0,45.0v75.0h135.0l45.0,-15.0l45.0,15.0h140.0V49.659H40.409z"" style=""fill:#FDFA7B;"">
  </path>
  <path d=""M375.409,214.659l-10.0,30.0l10.0,30.0c16.569,0.0,30.0,-13.431,30.0,-30.0S391.978,214.659,375.409,214.659z"" style=""fill:#FDA162;"">
  </path>
  <path d=""M345.409,244.659c0.0,16.569,13.431,30.0,30.0,30.0v-60.0C358.84,214.659,345.409,228.09,345.409,244.659z"" style=""fill:#FDCE6E;"">
  </path>
  <path d=""M220.409,274.659l15.0,45.0h30.0C265.409,294.806,245.262,274.659,220.409,274.659z"" style=""fill:#FDA162;"">
  </path>
  <path d=""M220.409,274.659c-24.853,0.0,-45.0,20.147,-45.0,45.0h60.0C235.409,294.806,228.693,274.659,220.409,274.659z"" style=""fill:#FDCE6E;"">
  </path>
  <path d=""M145.409,169.659l-10.0,30.0l10.0,30.0c16.569,0.0,30.0,-13.431,30.0,-30.0S161.978,169.659,145.409,169.659z"" style=""fill:#FDA162;"">
  </path>
  <path d=""M115.409,199.659c0.0,16.569,13.431,30.0,30.0,30.0v-60.0C128.84,169.659,115.409,183.09,115.409,199.659z"" style=""fill:#FDCE6E;"">
  </path>
  <path d=""M260.409,79.659v90.0c24.853,0.0,45.0,-20.147,45.0,-45.0S285.262,79.659,260.409,79.659z"" style=""fill:#FDA162;"">
  </path>
  <path d=""M275.409,124.659c0.0,-24.853,-6.716,-45.0,-15.0,-45.0c-24.853,0.0,-45.0,20.147,-45.0,45.0s20.147,45.0,45.0,45.0C268.693,169.659,275.409,149.512,275.409,124.659z"" style=""fill:#FDCE6E;"">
  </path>
  <path d=""M465.409,342.159H10.409c-4.143,0.0,-7.5,3.357,-7.5,7.5v80.0c0.0,4.143,3.357,7.5,7.5,7.5h455.0c4.143,0.0,7.5,-3.357,7.5,-7.5v-80.0C472.909,345.516,469.552,342.159,465.409,342.159zM457.909,357.159v34.992c-108.483,-0.219,-164.825,-5.17,-219.343,-9.962c-54.841,-4.821,-111.516,-9.802,-220.657,-10.021V357.159H457.909zM17.909,422.159v-34.992c108.483,0.219,164.825,5.17,219.343,9.962c54.841,4.821,111.516,9.802,220.657,10.021V422.159H17.909z"">
  </path>
  <path d=""M260.409,177.159c28.948,0.0,52.5,-23.552,52.5,-52.5s-23.552,-52.5,-52.5,-52.5c-7.918,0.0,-15.534,1.724,-22.637,5.122c-3.736,1.788,-5.316,6.267,-3.528,10.003c1.79,3.737,6.27,5.314,10.003,3.528c5.065,-2.424,10.503,-3.653,16.162,-3.653c20.678,0.0,37.5,16.822,37.5,37.5s-16.822,37.5,-37.5,37.5S222.909,145.337,222.909,124.659c0.0,-5.658,1.229,-11.096,3.653,-16.162c1.788,-3.736,0.208,-8.215,-3.528,-10.003c-3.738,-1.79,-8.215,-0.208,-10.003,3.528C209.633,109.126,207.909,116.742,207.909,124.659C207.909,153.607,231.461,177.159,260.409,177.159z"">
  </path>
  <path d=""M40.409,327.159h395.0c4.143,0.0,7.5,-3.357,7.5,-7.5V49.659c0.0,-4.143,-3.357,-7.5,-7.5,-7.5h-395.0c-4.143,0.0,-7.5,3.357,-7.5,7.5v105.0c0.0,4.143,3.357,7.5,7.5,7.5c20.678,0.0,37.5,16.822,37.5,37.5s-16.822,37.5,-37.5,37.5c-4.143,0.0,-7.5,3.357,-7.5,7.5v75.0C32.909,323.802,36.266,327.159,40.409,327.159zM183.664,312.159c3.484,-17.096,18.635,-30.0,36.745,-30.0s33.261,12.904,36.745,30.0H183.664zM47.909,251.625c25.408,-3.65,45.0,-25.563,45.0,-51.966s-19.592,-48.315,-45.0,-51.966V57.159h380.0v255.0H272.365c-3.652,-25.407,-25.554,-45.0,-51.956,-45.0s-48.304,19.593,-51.956,45.0H47.909V251.625z"">
  </path>
  <circle cx=""377.909"" cy=""117.159"" r=""7.5"">
  </circle>
  <circle cx=""347.909"" cy=""147.159"" r=""7.5"">
  </circle>
  <circle cx=""107.909"" cy=""102.159"" r=""7.5"">
  </circle>
  <circle cx=""292.909"" cy=""252.159"" r=""7.5"">
  </circle>
  <path d=""M375.409,282.159c20.678,0.0,37.5,-16.822,37.5,-37.5s-16.822,-37.5,-37.5,-37.5c-3.273,0.0,-6.538,0.429,-9.703,1.274c-4.002,1.069,-6.379,5.181,-5.31,9.183c1.069,4.001,5.181,6.374,9.183,5.31c1.902,-0.509,3.864,-0.767,5.83,-0.767c12.406,0.0,22.5,10.094,22.5,22.5s-10.094,22.5,-22.5,22.5S352.909,257.065,352.909,244.659c0.0,-1.966,0.258,-3.928,0.767,-5.83c1.069,-4.002,-1.308,-8.113,-5.31,-9.183c-3.997,-1.063,-8.112,1.308,-9.183,5.31c-0.846,3.165,-1.274,6.43,-1.274,9.703C337.909,265.337,354.731,282.159,375.409,282.159z"">
  </path>
  <path d=""M182.909,199.659c0.0,-20.678,-16.822,-37.5,-37.5,-37.5c-3.273,0.0,-6.538,0.429,-9.703,1.274c-4.002,1.069,-6.379,5.181,-5.31,9.183c1.07,4.002,5.18,6.378,9.183,5.31c1.902,-0.509,3.864,-0.767,5.83,-0.767c12.406,0.0,22.5,10.094,22.5,22.5s-10.094,22.5,-22.5,22.5S122.909,212.065,122.909,199.659c0.0,-1.966,0.258,-3.928,0.767,-5.83c1.069,-4.002,-1.308,-8.113,-5.31,-9.183c-3.997,-1.063,-8.112,1.308,-9.183,5.31c-0.846,3.165,-1.274,6.43,-1.274,9.703c0.0,20.678,16.822,37.5,37.5,37.5S182.909,220.337,182.909,199.659z"">
  </path>
 </g>
</svg>


Question: How many large holes are visible on the object?",One,Two,Three,Four,D,dairy
146,"Examine the following SVG code carefully and answer the question based on your interpretation of the rendered image.

<svg height=""512"" id=""Capa_1"" style=""enable-background:new 0 0 470 470;"" version=""1.1"" viewbox=""0 0 470 470"" width=""512"" x=""0px"" xml:space=""preserve"" y=""0px"">
 <g>
  <polygon points=""435.409,349.659 405.409,389.659 435.409,429.659 465.409,429.659 465.409,349.659"" style=""fill:#FD7555;"">
  </polygon>
  <rect height=""80"" style=""fill:#FDA162;"" width=""425"" x=""10.409"" y=""349.659"">
  </rect>
  <path d=""M465.409,407.159c-114.079,0.0,-172.072,-5.099,-228.157,-10.029C181.49,392.228,123.83,387.159,10.409,387.159c-4.143,0.0,-7.5,-3.357,-7.5,-7.5s3.357,-7.5,7.5,-7.5c114.079,0.0,172.072,5.099,228.157,10.029c55.762,4.901,113.422,9.971,226.843,9.971c4.143,0.0,7.5,3.357,7.5,7.5S469.552,407.159,465.409,407.159z"" style=""fill:#FEFDCA;"">
  </path>
  <polygon points=""405.409,49.659 375.409,184.659 405.409,319.659 435.409,319.659 435.409,49.659"" style=""fill:#FDCE6E;"">
  </polygon>
  <path d=""M40.409,49.659v105.0c24.853,0.0,45.0,20.147,45.0,45.0s-20.147,45.0,-45.0,45.0v75.0h135.0l45.0,-15.0l45.0,15.0h140.0V49.659H40.409z"" style=""fill:#FDFA7B;"">
  </path>
  <path d=""M375.409,214.659l-10.0,30.0l10.0,30.0c16.569,0.0,30.0,-13.431,30.0,-30.0S391.978,214.659,375.409,214.659z"" style=""fill:#FDA162;"">
  </path>
  <path d=""M345.409,244.659c0.0,16.569,13.431,30.0,30.0,30.0v-60.0C358.84,214.659,345.409,228.09,345.409,244.659z"" style=""fill:#FDCE6E;"">
  </path>
  <path d=""M220.409,274.659l15.0,45.0h30.0C265.409,294.806,245.262,274.659,220.409,274.659z"" style=""fill:#FDA162;"">
  </path>
  <path d=""M220.409,274.659c-24.853,0.0,-45.0,20.147,-45.0,45.0h60.0C235.409,294.806,228.693,274.659,220.409,274.659z"" style=""fill:#FDCE6E;"">
  </path>
  <path d=""M145.409,169.659l-10.0,30.0l10.0,30.0c16.569,0.0,30.0,-13.431,30.0,-30.0S161.978,169.659,145.409,169.659z"" style=""fill:#FDA162;"">
  </path>
  <path d=""M115.409,199.659c0.0,16.569,13.431,30.0,30.0,30.0v-60.0C128.84,169.659,115.409,183.09,115.409,199.659z"" style=""fill:#FDCE6E;"">
  </path>
  <path d=""M260.409,79.659v90.0c24.853,0.0,45.0,-20.147,45.0,-45.0S285.262,79.659,260.409,79.659z"" style=""fill:#FDA162;"">
  </path>
  <path d=""M275.409,124.659c0.0,-24.853,-6.716,-45.0,-15.0,-45.0c-24.853,0.0,-45.0,20.147,-45.0,45.0s20.147,45.0,45.0,45.0C268.693,169.659,275.409,149.512,275.409,124.659z"" style=""fill:#FDCE6E;"">
  </path>
  <path d=""M465.409,342.159H10.409c-4.143,0.0,-7.5,3.357,-7.5,7.5v80.0c0.0,4.143,3.357,7.5,7.5,7.5h455.0c4.143,0.0,7.5,-3.357,7.5,-7.5v-80.0C472.909,345.516,469.552,342.159,465.409,342.159zM457.909,357.159v34.992c-108.483,-0.219,-164.825,-5.17,-219.343,-9.962c-54.841,-4.821,-111.516,-9.802,-220.657,-10.021V357.159H457.909zM17.909,422.159v-34.992c108.483,0.219,164.825,5.17,219.343,9.962c54.841,4.821,111.516,9.802,220.657,10.021V422.159H17.909z"">
  </path>
  <path d=""M260.409,177.159c28.948,0.0,52.5,-23.552,52.5,-52.5s-23.552,-52.5,-52.5,-52.5c-7.918,0.0,-15.534,1.724,-22.637,5.122c-3.736,1.788,-5.316,6.267,-3.528,10.003c1.79,3.737,6.27,5.314,10.003,3.528c5.065,-2.424,10.503,-3.653,16.162,-3.653c20.678,0.0,37.5,16.822,37.5,37.5s-16.822,37.5,-37.5,37.5S222.909,145.337,222.909,124.659c0.0,-5.658,1.229,-11.096,3.653,-16.162c1.788,-3.736,0.208,-8.215,-3.528,-10.003c-3.738,-1.79,-8.215,-0.208,-10.003,3.528C209.633,109.126,207.909,116.742,207.909,124.659C207.909,153.607,231.461,177.159,260.409,177.159z"">
  </path>
  <path d=""M40.409,327.159h395.0c4.143,0.0,7.5,-3.357,7.5,-7.5V49.659c0.0,-4.143,-3.357,-7.5,-7.5,-7.5h-395.0c-4.143,0.0,-7.5,3.357,-7.5,7.5v105.0c0.0,4.143,3.357,7.5,7.5,7.5c20.678,0.0,37.5,16.822,37.5,37.5s-16.822,37.5,-37.5,37.5c-4.143,0.0,-7.5,3.357,-7.5,7.5v75.0C32.909,323.802,36.266,327.159,40.409,327.159zM183.664,312.159c3.484,-17.096,18.635,-30.0,36.745,-30.0s33.261,12.904,36.745,30.0H183.664zM47.909,251.625c25.408,-3.65,45.0,-25.563,45.0,-51.966s-19.592,-48.315,-45.0,-51.966V57.159h380.0v255.0H272.365c-3.652,-25.407,-25.554,-45.0,-51.956,-45.0s-48.304,19.593,-51.956,45.0H47.909V251.625z"">
  </path>
  <circle cx=""377.909"" cy=""117.159"" r=""7.5"">
  </circle>
  <circle cx=""347.909"" cy=""147.159"" r=""7.5"">
  </circle>
  <circle cx=""107.909"" cy=""102.159"" r=""7.5"">
  </circle>
  <circle cx=""292.909"" cy=""252.159"" r=""7.5"">
  </circle>
  <path d=""M375.409,282.159c20.678,0.0,37.5,-16.822,37.5,-37.5s-16.822,-37.5,-37.5,-37.5c-3.273,0.0,-6.538,0.429,-9.703,1.274c-4.002,1.069,-6.379,5.181,-5.31,9.183c1.069,4.001,5.181,6.374,9.183,5.31c1.902,-0.509,3.864,-0.767,5.83,-0.767c12.406,0.0,22.5,10.094,22.5,22.5s-10.094,22.5,-22.5,22.5S352.909,257.065,352.909,244.659c0.0,-1.966,0.258,-3.928,0.767,-5.83c1.069,-4.002,-1.308,-8.113,-5.31,-9.183c-3.997,-1.063,-8.112,1.308,-9.183,5.31c-0.846,3.165,-1.274,6.43,-1.274,9.703C337.909,265.337,354.731,282.159,375.409,282.159z"">
  </path>
  <path d=""M182.909,199.659c0.0,-20.678,-16.822,-37.5,-37.5,-37.5c-3.273,0.0,-6.538,0.429,-9.703,1.274c-4.002,1.069,-6.379,5.181,-5.31,9.183c1.07,4.002,5.18,6.378,9.183,5.31c1.902,-0.509,3.864,-0.767,5.83,-0.767c12.406,0.0,22.5,10.094,22.5,22.5s-10.094,22.5,-22.5,22.5S122.909,212.065,122.909,199.659c0.0,-1.966,0.258,-3.928,0.767,-5.83c1.069,-4.002,-1.308,-8.113,-5.31,-9.183c-3.997,-1.063,-8.112,1.308,-9.183,5.31c-0.846,3.165,-1.274,6.43,-1.274,9.703c0.0,20.678,16.822,37.5,37.5,37.5S182.909,220.337,182.909,199.659z"">
  </path>
 </g>
</svg>


Question: What is the object placed on?",chair,table,board,tray,C,dairy
147,"Examine the following SVG code carefully and answer the question based on your interpretation of the rendered image.

<svg height=""512"" id=""Capa_1"" style=""enable-background:new 0 0 470 470;"" version=""1.1"" viewbox=""0 0 470 470"" width=""512"" x=""0px"" xml:space=""preserve"" y=""0px"">
 <g>
  <polygon points=""435.409,349.659 405.409,389.659 435.409,429.659 465.409,429.659 465.409,349.659"" style=""fill:#FD7555;"">
  </polygon>
  <rect height=""80"" style=""fill:#FDA162;"" width=""425"" x=""10.409"" y=""349.659"">
  </rect>
  <path d=""M465.409,407.159c-114.079,0.0,-172.072,-5.099,-228.157,-10.029C181.49,392.228,123.83,387.159,10.409,387.159c-4.143,0.0,-7.5,-3.357,-7.5,-7.5s3.357,-7.5,7.5,-7.5c114.079,0.0,172.072,5.099,228.157,10.029c55.762,4.901,113.422,9.971,226.843,9.971c4.143,0.0,7.5,3.357,7.5,7.5S469.552,407.159,465.409,407.159z"" style=""fill:#FEFDCA;"">
  </path>
  <polygon points=""405.409,49.659 375.409,184.659 405.409,319.659 435.409,319.659 435.409,49.659"" style=""fill:#FDCE6E;"">
  </polygon>
  <path d=""M40.409,49.659v105.0c24.853,0.0,45.0,20.147,45.0,45.0s-20.147,45.0,-45.0,45.0v75.0h135.0l45.0,-15.0l45.0,15.0h140.0V49.659H40.409z"" style=""fill:#FDFA7B;"">
  </path>
  <path d=""M375.409,214.659l-10.0,30.0l10.0,30.0c16.569,0.0,30.0,-13.431,30.0,-30.0S391.978,214.659,375.409,214.659z"" style=""fill:#FDA162;"">
  </path>
  <path d=""M345.409,244.659c0.0,16.569,13.431,30.0,30.0,30.0v-60.0C358.84,214.659,345.409,228.09,345.409,244.659z"" style=""fill:#FDCE6E;"">
  </path>
  <path d=""M220.409,274.659l15.0,45.0h30.0C265.409,294.806,245.262,274.659,220.409,274.659z"" style=""fill:#FDA162;"">
  </path>
  <path d=""M220.409,274.659c-24.853,0.0,-45.0,20.147,-45.0,45.0h60.0C235.409,294.806,228.693,274.659,220.409,274.659z"" style=""fill:#FDCE6E;"">
  </path>
  <path d=""M145.409,169.659l-10.0,30.0l10.0,30.0c16.569,0.0,30.0,-13.431,30.0,-30.0S161.978,169.659,145.409,169.659z"" style=""fill:#FDA162;"">
  </path>
  <path d=""M115.409,199.659c0.0,16.569,13.431,30.0,30.0,30.0v-60.0C128.84,169.659,115.409,183.09,115.409,199.659z"" style=""fill:#FDCE6E;"">
  </path>
  <path d=""M260.409,79.659v90.0c24.853,0.0,45.0,-20.147,45.0,-45.0S285.262,79.659,260.409,79.659z"" style=""fill:#FDA162;"">
  </path>
  <path d=""M275.409,124.659c0.0,-24.853,-6.716,-45.0,-15.0,-45.0c-24.853,0.0,-45.0,20.147,-45.0,45.0s20.147,45.0,45.0,45.0C268.693,169.659,275.409,149.512,275.409,124.659z"" style=""fill:#FDCE6E;"">
  </path>
  <path d=""M465.409,342.159H10.409c-4.143,0.0,-7.5,3.357,-7.5,7.5v80.0c0.0,4.143,3.357,7.5,7.5,7.5h455.0c4.143,0.0,7.5,-3.357,7.5,-7.5v-80.0C472.909,345.516,469.552,342.159,465.409,342.159zM457.909,357.159v34.992c-108.483,-0.219,-164.825,-5.17,-219.343,-9.962c-54.841,-4.821,-111.516,-9.802,-220.657,-10.021V357.159H457.909zM17.909,422.159v-34.992c108.483,0.219,164.825,5.17,219.343,9.962c54.841,4.821,111.516,9.802,220.657,10.021V422.159H17.909z"">
  </path>
  <path d=""M260.409,177.159c28.948,0.0,52.5,-23.552,52.5,-52.5s-23.552,-52.5,-52.5,-52.5c-7.918,0.0,-15.534,1.724,-22.637,5.122c-3.736,1.788,-5.316,6.267,-3.528,10.003c1.79,3.737,6.27,5.314,10.003,3.528c5.065,-2.424,10.503,-3.653,16.162,-3.653c20.678,0.0,37.5,16.822,37.5,37.5s-16.822,37.5,-37.5,37.5S222.909,145.337,222.909,124.659c0.0,-5.658,1.229,-11.096,3.653,-16.162c1.788,-3.736,0.208,-8.215,-3.528,-10.003c-3.738,-1.79,-8.215,-0.208,-10.003,3.528C209.633,109.126,207.909,116.742,207.909,124.659C207.909,153.607,231.461,177.159,260.409,177.159z"">
  </path>
  <path d=""M40.409,327.159h395.0c4.143,0.0,7.5,-3.357,7.5,-7.5V49.659c0.0,-4.143,-3.357,-7.5,-7.5,-7.5h-395.0c-4.143,0.0,-7.5,3.357,-7.5,7.5v105.0c0.0,4.143,3.357,7.5,7.5,7.5c20.678,0.0,37.5,16.822,37.5,37.5s-16.822,37.5,-37.5,37.5c-4.143,0.0,-7.5,3.357,-7.5,7.5v75.0C32.909,323.802,36.266,327.159,40.409,327.159zM183.664,312.159c3.484,-17.096,18.635,-30.0,36.745,-30.0s33.261,12.904,36.745,30.0H183.664zM47.909,251.625c25.408,-3.65,45.0,-25.563,45.0,-51.966s-19.592,-48.315,-45.0,-51.966V57.159h380.0v255.0H272.365c-3.652,-25.407,-25.554,-45.0,-51.956,-45.0s-48.304,19.593,-51.956,45.0H47.909V251.625z"">
  </path>
  <circle cx=""377.909"" cy=""117.159"" r=""7.5"">
  </circle>
  <circle cx=""347.909"" cy=""147.159"" r=""7.5"">
  </circle>
  <circle cx=""107.909"" cy=""102.159"" r=""7.5"">
  </circle>
  <circle cx=""292.909"" cy=""252.159"" r=""7.5"">
  </circle>
  <path d=""M375.409,282.159c20.678,0.0,37.5,-16.822,37.5,-37.5s-16.822,-37.5,-37.5,-37.5c-3.273,0.0,-6.538,0.429,-9.703,1.274c-4.002,1.069,-6.379,5.181,-5.31,9.183c1.069,4.001,5.181,6.374,9.183,5.31c1.902,-0.509,3.864,-0.767,5.83,-0.767c12.406,0.0,22.5,10.094,22.5,22.5s-10.094,22.5,-22.5,22.5S352.909,257.065,352.909,244.659c0.0,-1.966,0.258,-3.928,0.767,-5.83c1.069,-4.002,-1.308,-8.113,-5.31,-9.183c-3.997,-1.063,-8.112,1.308,-9.183,5.31c-0.846,3.165,-1.274,6.43,-1.274,9.703C337.909,265.337,354.731,282.159,375.409,282.159z"">
  </path>
  <path d=""M182.909,199.659c0.0,-20.678,-16.822,-37.5,-37.5,-37.5c-3.273,0.0,-6.538,0.429,-9.703,1.274c-4.002,1.069,-6.379,5.181,-5.31,9.183c1.07,4.002,5.18,6.378,9.183,5.31c1.902,-0.509,3.864,-0.767,5.83,-0.767c12.406,0.0,22.5,10.094,22.5,22.5s-10.094,22.5,-22.5,22.5S122.909,212.065,122.909,199.659c0.0,-1.966,0.258,-3.928,0.767,-5.83c1.069,-4.002,-1.308,-8.113,-5.31,-9.183c-3.997,-1.063,-8.112,1.308,-9.183,5.31c-0.846,3.165,-1.274,6.43,-1.274,9.703c0.0,20.678,16.822,37.5,37.5,37.5S182.909,220.337,182.909,199.659z"">
  </path>
 </g>
</svg>


Question: What type of food is depicted in the image?",Cheese,Bread,Cake,Fruit,A,dairy
168,"Examine the following SVG code carefully and answer the question based on your interpretation of the rendered image.

<svg id=""Layer_1"" style=""enable-background:new 0 0 289.94 289.94;"" version=""1.1"" viewbox=""0 0 289.94 289.94"" x=""0px"" xml:space=""preserve"" y=""0px"">
 <g>
  <path d=""M146.642,1.973c30.027,0.0,54.364,24.346,54.364,54.364c0.0,30.027,-24.337,54.364,-54.364,54.364c-30.018,0.0,-54.364,-24.337,-54.364,-54.364C92.278,26.319,116.624,1.973,146.642,1.973z"" style=""fill:#CB4E44;"">
  </path>
  <path d=""M105.869,29.155c27.526,0.0,49.833,22.316,49.833,49.833c0.0,27.526,-22.307,49.833,-49.833,49.833s-49.833,-22.307,-49.833,-49.833C56.036,51.471,78.343,29.155,105.869,29.155z"" style=""fill:#E5685E;"">
  </path>
  <path d=""M187.414,29.155c27.517,0.0,49.833,22.316,49.833,49.833c0.0,27.526,-22.316,49.833,-49.833,49.833c-27.535,0.0,-49.833,-22.307,-49.833,-49.833C137.581,51.471,159.879,29.155,187.414,29.155z"" style=""fill:#E98179;"">
  </path>
  <path d=""M56.036,83.238v45.584c0.0,10.003,8.118,18.121,18.121,18.121h18.121l45.303,144.97h18.121l45.303,-144.97h18.121c10.003,0.0,18.121,-8.118,18.121,-18.121V83.238H56.036z"" style=""fill:#EFC75E;"">
  </path>
  <path d=""M56.036,101.64h181.212v27.182H56.036V101.64z"" style=""fill:#D7B354;"">
  </path>
  <polygon points=""118.164,229.784 201.005,146.943 92.278,146.943"" style=""fill:#D7B354;"">
  </polygon>
 </g>
</svg>


Question: What shape is the bottom part of the object?",Square,Circle,Triangle,Rectangle,C,dairy
169,"Examine the following SVG code carefully and answer the question based on your interpretation of the rendered image.

<svg id=""Layer_1"" style=""enable-background:new 0 0 289.94 289.94;"" version=""1.1"" viewbox=""0 0 289.94 289.94"" x=""0px"" xml:space=""preserve"" y=""0px"">
 <g>
  <path d=""M146.642,1.973c30.027,0.0,54.364,24.346,54.364,54.364c0.0,30.027,-24.337,54.364,-54.364,54.364c-30.018,0.0,-54.364,-24.337,-54.364,-54.364C92.278,26.319,116.624,1.973,146.642,1.973z"" style=""fill:#CB4E44;"">
  </path>
  <path d=""M105.869,29.155c27.526,0.0,49.833,22.316,49.833,49.833c0.0,27.526,-22.307,49.833,-49.833,49.833s-49.833,-22.307,-49.833,-49.833C56.036,51.471,78.343,29.155,105.869,29.155z"" style=""fill:#E5685E;"">
  </path>
  <path d=""M187.414,29.155c27.517,0.0,49.833,22.316,49.833,49.833c0.0,27.526,-22.316,49.833,-49.833,49.833c-27.535,0.0,-49.833,-22.307,-49.833,-49.833C137.581,51.471,159.879,29.155,187.414,29.155z"" style=""fill:#E98179;"">
  </path>
  <path d=""M56.036,83.238v45.584c0.0,10.003,8.118,18.121,18.121,18.121h18.121l45.303,144.97h18.121l45.303,-144.97h18.121c10.003,0.0,18.121,-8.118,18.121,-18.121V83.238H56.036z"" style=""fill:#EFC75E;"">
  </path>
  <path d=""M56.036,101.64h181.212v27.182H56.036V101.64z"" style=""fill:#D7B354;"">
  </path>
  <polygon points=""118.164,229.784 201.005,146.943 92.278,146.943"" style=""fill:#D7B354;"">
  </polygon>
 </g>
</svg>


Question: How many scoops of ice cream are on top of the cone?",One,Two,Three,Four,B,dairy
170,"Examine the following SVG code carefully and answer the question based on your interpretation of the rendered image.

<svg id=""Layer_1"" style=""enable-background:new 0 0 289.94 289.94;"" version=""1.1"" viewbox=""0 0 289.94 289.94"" x=""0px"" xml:space=""preserve"" y=""0px"">
 <g>
  <path d=""M146.642,1.973c30.027,0.0,54.364,24.346,54.364,54.364c0.0,30.027,-24.337,54.364,-54.364,54.364c-30.018,0.0,-54.364,-24.337,-54.364,-54.364C92.278,26.319,116.624,1.973,146.642,1.973z"" style=""fill:#CB4E44;"">
  </path>
  <path d=""M105.869,29.155c27.526,0.0,49.833,22.316,49.833,49.833c0.0,27.526,-22.307,49.833,-49.833,49.833s-49.833,-22.307,-49.833,-49.833C56.036,51.471,78.343,29.155,105.869,29.155z"" style=""fill:#E5685E;"">
  </path>
  <path d=""M187.414,29.155c27.517,0.0,49.833,22.316,49.833,49.833c0.0,27.526,-22.316,49.833,-49.833,49.833c-27.535,0.0,-49.833,-22.307,-49.833,-49.833C137.581,51.471,159.879,29.155,187.414,29.155z"" style=""fill:#E98179;"">
  </path>
  <path d=""M56.036,83.238v45.584c0.0,10.003,8.118,18.121,18.121,18.121h18.121l45.303,144.97h18.121l45.303,-144.97h18.121c10.003,0.0,18.121,-8.118,18.121,-18.121V83.238H56.036z"" style=""fill:#EFC75E;"">
  </path>
  <path d=""M56.036,101.64h181.212v27.182H56.036V101.64z"" style=""fill:#D7B354;"">
  </path>
  <polygon points=""118.164,229.784 201.005,146.943 92.278,146.943"" style=""fill:#D7B354;"">
  </polygon>
 </g>
</svg>


Question: What is the primary color of the cone?",Red,Yellow,Blue,Green,B,dairy
171,"Examine the following SVG code carefully and answer the question based on your interpretation of the rendered image.

<svg id=""Layer_1"" style=""enable-background:new 0 0 289.94 289.94;"" version=""1.1"" viewbox=""0 0 289.94 289.94"" x=""0px"" xml:space=""preserve"" y=""0px"">
 <g>
  <path d=""M146.642,1.973c30.027,0.0,54.364,24.346,54.364,54.364c0.0,30.027,-24.337,54.364,-54.364,54.364c-30.018,0.0,-54.364,-24.337,-54.364,-54.364C92.278,26.319,116.624,1.973,146.642,1.973z"" style=""fill:#CB4E44;"">
  </path>
  <path d=""M105.869,29.155c27.526,0.0,49.833,22.316,49.833,49.833c0.0,27.526,-22.307,49.833,-49.833,49.833s-49.833,-22.307,-49.833,-49.833C56.036,51.471,78.343,29.155,105.869,29.155z"" style=""fill:#E5685E;"">
  </path>
  <path d=""M187.414,29.155c27.517,0.0,49.833,22.316,49.833,49.833c0.0,27.526,-22.316,49.833,-49.833,49.833c-27.535,0.0,-49.833,-22.307,-49.833,-49.833C137.581,51.471,159.879,29.155,187.414,29.155z"" style=""fill:#E98179;"">
  </path>
  <path d=""M56.036,83.238v45.584c0.0,10.003,8.118,18.121,18.121,18.121h18.121l45.303,144.97h18.121l45.303,-144.97h18.121c10.003,0.0,18.121,-8.118,18.121,-18.121V83.238H56.036z"" style=""fill:#EFC75E;"">
  </path>
  <path d=""M56.036,101.64h181.212v27.182H56.036V101.64z"" style=""fill:#D7B354;"">
  </path>
  <polygon points=""118.164,229.784 201.005,146.943 92.278,146.943"" style=""fill:#D7B354;"">
  </polygon>
 </g>
</svg>


Question: What is the object in the image?",Balloon,Ice Cream,Tree,Mountain,B,dairy
172,"Examine the following SVG code carefully and answer the question based on your interpretation of the rendered image.

<svg id=""Layer_1"" style=""enable-background:new 0 0 511.999 511.999;"" version=""1.1"" viewbox=""0 0 511.999 511.999"" x=""0px"" xml:space=""preserve"" y=""0px"">
 <g>
  <g>
   <path d=""M386.769,172.877V57.702c0.0,-26.018,-18.654,-49.237,-44.467,-52.548c-31.223,-4.011,-57.933,20.318,-57.933,50.765v46.694c-8.038,-2.705,-16.512,-4.028,-25.6,-4.028c-9.532,0.0,-17.92,1.229,-25.6,3.797V57.702c0.0,-26.018,-18.654,-49.237,-44.467,-52.548c-31.223,-4.011,-57.933,20.318,-57.933,50.765v116.958c-11.324,18.057,-17.067,38.98,-17.067,62.242c0.0,60.194,47.394,114.406,110.942,128.0h68.258c63.539,-13.594,110.933,-67.806,110.933,-128.0C403.836,211.857,398.093,190.933,386.769,172.877z"">
   </path>
  </g>
 </g>
 <g>
  <g>
   <path d=""M280.103,380.185h-42.667c-2.355,0.0,-4.267,1.911,-4.267,4.267v112.76c0.0,9.754,8.533,19.507,17.067,19.507h17.067c8.533,0.0,17.067,-9.754,17.067,-19.507v-112.76C284.369,382.097,282.458,380.185,280.103,380.185z"">
   </path>
  </g>
 </g>
</svg>


Question: What shape are the two protrusions at the top of the object?",Triangular,Rectangular,Circular,Arch,D,dairy
173,"Examine the following SVG code carefully and answer the question based on your interpretation of the rendered image.

<svg id=""Layer_1"" style=""enable-background:new 0 0 511.999 511.999;"" version=""1.1"" viewbox=""0 0 511.999 511.999"" x=""0px"" xml:space=""preserve"" y=""0px"">
 <g>
  <g>
   <path d=""M386.769,172.877V57.702c0.0,-26.018,-18.654,-49.237,-44.467,-52.548c-31.223,-4.011,-57.933,20.318,-57.933,50.765v46.694c-8.038,-2.705,-16.512,-4.028,-25.6,-4.028c-9.532,0.0,-17.92,1.229,-25.6,3.797V57.702c0.0,-26.018,-18.654,-49.237,-44.467,-52.548c-31.223,-4.011,-57.933,20.318,-57.933,50.765v116.958c-11.324,18.057,-17.067,38.98,-17.067,62.242c0.0,60.194,47.394,114.406,110.942,128.0h68.258c63.539,-13.594,110.933,-67.806,110.933,-128.0C403.836,211.857,398.093,190.933,386.769,172.877z"">
   </path>
  </g>
 </g>
 <g>
  <g>
   <path d=""M280.103,380.185h-42.667c-2.355,0.0,-4.267,1.911,-4.267,4.267v112.76c0.0,9.754,8.533,19.507,17.067,19.507h17.067c8.533,0.0,17.067,-9.754,17.067,-19.507v-112.76C284.369,382.097,282.458,380.185,280.103,380.185z"">
   </path>
  </g>
 </g>
</svg>


Question: What is the shape of the bottom part of the object?",Square,Circle,Rectangle,Triangle,C,dairy
174,"Examine the following SVG code carefully and answer the question based on your interpretation of the rendered image.

<svg id=""Layer_1"" style=""enable-background:new 0 0 511.999 511.999;"" version=""1.1"" viewbox=""0 0 511.999 511.999"" x=""0px"" xml:space=""preserve"" y=""0px"">
 <g>
  <g>
   <path d=""M386.769,172.877V57.702c0.0,-26.018,-18.654,-49.237,-44.467,-52.548c-31.223,-4.011,-57.933,20.318,-57.933,50.765v46.694c-8.038,-2.705,-16.512,-4.028,-25.6,-4.028c-9.532,0.0,-17.92,1.229,-25.6,3.797V57.702c0.0,-26.018,-18.654,-49.237,-44.467,-52.548c-31.223,-4.011,-57.933,20.318,-57.933,50.765v116.958c-11.324,18.057,-17.067,38.98,-17.067,62.242c0.0,60.194,47.394,114.406,110.942,128.0h68.258c63.539,-13.594,110.933,-67.806,110.933,-128.0C403.836,211.857,398.093,190.933,386.769,172.877z"">
   </path>
  </g>
 </g>
 <g>
  <g>
   <path d=""M280.103,380.185h-42.667c-2.355,0.0,-4.267,1.911,-4.267,4.267v112.76c0.0,9.754,8.533,19.507,17.067,19.507h17.067c8.533,0.0,17.067,-9.754,17.067,-19.507v-112.76C284.369,382.097,282.458,380.185,280.103,380.185z"">
   </path>
  </g>
 </g>
</svg>


Question: How many distinct parts does the object have?",1,2,3,4,B,dairy
175,"Examine the following SVG code carefully and answer the question based on your interpretation of the rendered image.

<svg id=""Layer_1"" style=""enable-background:new 0 0 511.999 511.999;"" version=""1.1"" viewbox=""0 0 511.999 511.999"" x=""0px"" xml:space=""preserve"" y=""0px"">
 <g>
  <g>
   <path d=""M386.769,172.877V57.702c0.0,-26.018,-18.654,-49.237,-44.467,-52.548c-31.223,-4.011,-57.933,20.318,-57.933,50.765v46.694c-8.038,-2.705,-16.512,-4.028,-25.6,-4.028c-9.532,0.0,-17.92,1.229,-25.6,3.797V57.702c0.0,-26.018,-18.654,-49.237,-44.467,-52.548c-31.223,-4.011,-57.933,20.318,-57.933,50.765v116.958c-11.324,18.057,-17.067,38.98,-17.067,62.242c0.0,60.194,47.394,114.406,110.942,128.0h68.258c63.539,-13.594,110.933,-67.806,110.933,-128.0C403.836,211.857,398.093,190.933,386.769,172.877z"">
   </path>
  </g>
 </g>
 <g>
  <g>
   <path d=""M280.103,380.185h-42.667c-2.355,0.0,-4.267,1.911,-4.267,4.267v112.76c0.0,9.754,8.533,19.507,17.067,19.507h17.067c8.533,0.0,17.067,-9.754,17.067,-19.507v-112.76C284.369,382.097,282.458,380.185,280.103,380.185z"">
   </path>
  </g>
 </g>
</svg>


Question: What is the object in the image?",ice cream,key,tree,house,A,dairy
184,"Examine the following SVG code carefully and answer the question based on your interpretation of the rendered image.

<svg height=""512px"" style=""enable-background:new 0 0 512 512;"" version=""1.1"" viewbox=""0 0 512 512"" width=""512px"" x=""0px"" xml:space=""preserve"" y=""0px"">
 <g id=""Guides_For_Artboard"">
 </g>
 <g id=""Artwork"">
 </g>
 <g id=""Layer_3"">
  <g>
   <circle cx=""259.585"" cy=""260.516"" r=""245"" style=""fill:#735542;"">
   </circle>
   <g>
    <path d=""M280.075,156.229c-16.231,11.044,-38.343,6.84,-49.388,-9.391c-1.875,-2.755,-3.3,-5.682,-4.312,-8.693c-0.467,-0.017,-0.936,-0.028,-1.407,-0.028c-15.579,0.0,-28.974,9.223,-34.95,22.45c-17.586,5.5,-30.338,21.78,-30.338,41.014c0.0,4.502,0.702,8.841,1.997,12.92c1.054,-0.729,2.331,-1.157,3.709,-1.157h179.377c1.378,0.0,2.654,0.429,3.708,1.157c1.295,-4.079,1.997,-8.418,1.997,-12.92c0.0,-16.867,-9.811,-31.458,-24.085,-38.503c-4.979,-13.57,-17.562,-23.523,-32.648,-24.814C291.344,145.331,286.719,151.708,280.075,156.229z"" style=""fill:#FFFFFF;"">
    </path>
    <path d=""M245.089,393.605v34.143h-34.364c-5.597,0.0,-10.134,3.879,-10.134,8.665c0.0,4.785,4.537,8.665,10.134,8.665h88.703c5.596,0.0,10.133,-3.879,10.133,-8.665c0.0,-4.786,-4.537,-8.665,-10.133,-8.665h-34.365v-34.143c-2.861,1.903,-6.293,3.016,-9.987,3.016S247.95,395.507,245.089,393.605z"" style=""fill:#EAEBEC;"">
    </path>
    <path d=""M256.715,383.554c-0.545,0.0,-1.092,-0.015,-1.639,-0.037c-0.547,0.022,-1.093,0.037,-1.639,0.037c-5.45,0.0,-10.893,-0.917,-16.259,-2.673c0.683,5.307,3.656,9.894,7.911,12.724c2.861,1.902,6.292,3.016,9.986,3.016s7.125,-1.113,9.987,-3.016c4.255,-2.83,7.228,-7.416,7.912,-12.724C267.608,382.638,262.165,383.554,256.715,383.554z"" style=""fill:#C0C2C5;"">
    </path>
    <path d=""M165.387,213.343c-1.378,0.0,-2.655,0.429,-3.709,1.157c-1.706,1.179,-2.826,3.146,-2.826,5.377c0.0,68.797,16.309,93.63,29.99,116.956c13.399,22.846,30.429,38.185,48.336,44.048c5.366,1.757,10.809,2.673,16.259,2.673c0.545,0.0,1.092,-0.015,1.639,-0.037c0.547,0.022,1.094,0.037,1.639,0.037c5.45,0.0,10.893,-0.917,16.259,-2.673c17.907,-5.863,34.936,-21.202,48.335,-44.048c13.681,-23.326,29.99,-48.158,29.99,-116.956c0.0,-2.231,-1.12,-4.198,-2.826,-5.377c-1.054,-0.729,-2.331,-1.157,-3.708,-1.157H165.387z"" style=""fill:#EAEBEC;"">
    </path>
    <path d=""M360.173,80.194c-0.683,-2.946,-3.622,-4.779,-6.571,-4.098c-33.371,7.734,-55.41,16.603,-69.766,24.302c2.083,1.875,3.981,4.022,5.629,6.443c0.495,0.728,0.949,1.471,1.383,2.221c13.388,-6.933,34.013,-15.063,65.226,-22.298C359.021,86.082,360.856,83.14,360.173,80.194z"" style=""fill:#C5C158;"">
    </path>
    <path d=""M283.837,100.399c-11.885,-10.697,-29.948,-12.346,-43.758,-2.949c-13.476,9.17,-18.651,25.967,-13.703,40.694c1.012,3.011,2.437,5.938,4.312,8.693c11.045,16.231,33.157,20.436,49.388,9.391c6.644,-4.521,11.27,-10.898,13.662,-17.966c3.19,-9.423,2.397,-20.072,-2.888,-29.2c-0.434,-0.75,-0.888,-1.493,-1.383,-2.221C287.818,104.421,285.92,102.274,283.837,100.399z"" style=""fill:#D46A56;"">
    </path>
   </g>
  </g>
 </g>
</svg>


Question: What is the color of the cherry on top of the object?",Green,Red,Yellow,Blue,B,dairy
185,"Examine the following SVG code carefully and answer the question based on your interpretation of the rendered image.

<svg height=""512px"" style=""enable-background:new 0 0 512 512;"" version=""1.1"" viewbox=""0 0 512 512"" width=""512px"" x=""0px"" xml:space=""preserve"" y=""0px"">
 <g id=""Guides_For_Artboard"">
 </g>
 <g id=""Artwork"">
 </g>
 <g id=""Layer_3"">
  <g>
   <circle cx=""259.585"" cy=""260.516"" r=""245"" style=""fill:#735542;"">
   </circle>
   <g>
    <path d=""M280.075,156.229c-16.231,11.044,-38.343,6.84,-49.388,-9.391c-1.875,-2.755,-3.3,-5.682,-4.312,-8.693c-0.467,-0.017,-0.936,-0.028,-1.407,-0.028c-15.579,0.0,-28.974,9.223,-34.95,22.45c-17.586,5.5,-30.338,21.78,-30.338,41.014c0.0,4.502,0.702,8.841,1.997,12.92c1.054,-0.729,2.331,-1.157,3.709,-1.157h179.377c1.378,0.0,2.654,0.429,3.708,1.157c1.295,-4.079,1.997,-8.418,1.997,-12.92c0.0,-16.867,-9.811,-31.458,-24.085,-38.503c-4.979,-13.57,-17.562,-23.523,-32.648,-24.814C291.344,145.331,286.719,151.708,280.075,156.229z"" style=""fill:#FFFFFF;"">
    </path>
    <path d=""M245.089,393.605v34.143h-34.364c-5.597,0.0,-10.134,3.879,-10.134,8.665c0.0,4.785,4.537,8.665,10.134,8.665h88.703c5.596,0.0,10.133,-3.879,10.133,-8.665c0.0,-4.786,-4.537,-8.665,-10.133,-8.665h-34.365v-34.143c-2.861,1.903,-6.293,3.016,-9.987,3.016S247.95,395.507,245.089,393.605z"" style=""fill:#EAEBEC;"">
    </path>
    <path d=""M256.715,383.554c-0.545,0.0,-1.092,-0.015,-1.639,-0.037c-0.547,0.022,-1.093,0.037,-1.639,0.037c-5.45,0.0,-10.893,-0.917,-16.259,-2.673c0.683,5.307,3.656,9.894,7.911,12.724c2.861,1.902,6.292,3.016,9.986,3.016s7.125,-1.113,9.987,-3.016c4.255,-2.83,7.228,-7.416,7.912,-12.724C267.608,382.638,262.165,383.554,256.715,383.554z"" style=""fill:#C0C2C5;"">
    </path>
    <path d=""M165.387,213.343c-1.378,0.0,-2.655,0.429,-3.709,1.157c-1.706,1.179,-2.826,3.146,-2.826,5.377c0.0,68.797,16.309,93.63,29.99,116.956c13.399,22.846,30.429,38.185,48.336,44.048c5.366,1.757,10.809,2.673,16.259,2.673c0.545,0.0,1.092,-0.015,1.639,-0.037c0.547,0.022,1.094,0.037,1.639,0.037c5.45,0.0,10.893,-0.917,16.259,-2.673c17.907,-5.863,34.936,-21.202,48.335,-44.048c13.681,-23.326,29.99,-48.158,29.99,-116.956c0.0,-2.231,-1.12,-4.198,-2.826,-5.377c-1.054,-0.729,-2.331,-1.157,-3.708,-1.157H165.387z"" style=""fill:#EAEBEC;"">
    </path>
    <path d=""M360.173,80.194c-0.683,-2.946,-3.622,-4.779,-6.571,-4.098c-33.371,7.734,-55.41,16.603,-69.766,24.302c2.083,1.875,3.981,4.022,5.629,6.443c0.495,0.728,0.949,1.471,1.383,2.221c13.388,-6.933,34.013,-15.063,65.226,-22.298C359.021,86.082,360.856,83.14,360.173,80.194z"" style=""fill:#C5C158;"">
    </path>
    <path d=""M283.837,100.399c-11.885,-10.697,-29.948,-12.346,-43.758,-2.949c-13.476,9.17,-18.651,25.967,-13.703,40.694c1.012,3.011,2.437,5.938,4.312,8.693c11.045,16.231,33.157,20.436,49.388,9.391c6.644,-4.521,11.27,-10.898,13.662,-17.966c3.19,-9.423,2.397,-20.072,-2.888,-29.2c-0.434,-0.75,-0.888,-1.493,-1.383,-2.221C287.818,104.421,285.92,102.274,283.837,100.399z"" style=""fill:#D46A56;"">
    </path>
   </g>
  </g>
 </g>
</svg>


Question: What is the shape of the base of the object?",Square,Circle,Rectangle,Triangle,C,dairy
186,"Examine the following SVG code carefully and answer the question based on your interpretation of the rendered image.

<svg height=""512px"" style=""enable-background:new 0 0 512 512;"" version=""1.1"" viewbox=""0 0 512 512"" width=""512px"" x=""0px"" xml:space=""preserve"" y=""0px"">
 <g id=""Guides_For_Artboard"">
 </g>
 <g id=""Artwork"">
 </g>
 <g id=""Layer_3"">
  <g>
   <circle cx=""259.585"" cy=""260.516"" r=""245"" style=""fill:#735542;"">
   </circle>
   <g>
    <path d=""M280.075,156.229c-16.231,11.044,-38.343,6.84,-49.388,-9.391c-1.875,-2.755,-3.3,-5.682,-4.312,-8.693c-0.467,-0.017,-0.936,-0.028,-1.407,-0.028c-15.579,0.0,-28.974,9.223,-34.95,22.45c-17.586,5.5,-30.338,21.78,-30.338,41.014c0.0,4.502,0.702,8.841,1.997,12.92c1.054,-0.729,2.331,-1.157,3.709,-1.157h179.377c1.378,0.0,2.654,0.429,3.708,1.157c1.295,-4.079,1.997,-8.418,1.997,-12.92c0.0,-16.867,-9.811,-31.458,-24.085,-38.503c-4.979,-13.57,-17.562,-23.523,-32.648,-24.814C291.344,145.331,286.719,151.708,280.075,156.229z"" style=""fill:#FFFFFF;"">
    </path>
    <path d=""M245.089,393.605v34.143h-34.364c-5.597,0.0,-10.134,3.879,-10.134,8.665c0.0,4.785,4.537,8.665,10.134,8.665h88.703c5.596,0.0,10.133,-3.879,10.133,-8.665c0.0,-4.786,-4.537,-8.665,-10.133,-8.665h-34.365v-34.143c-2.861,1.903,-6.293,3.016,-9.987,3.016S247.95,395.507,245.089,393.605z"" style=""fill:#EAEBEC;"">
    </path>
    <path d=""M256.715,383.554c-0.545,0.0,-1.092,-0.015,-1.639,-0.037c-0.547,0.022,-1.093,0.037,-1.639,0.037c-5.45,0.0,-10.893,-0.917,-16.259,-2.673c0.683,5.307,3.656,9.894,7.911,12.724c2.861,1.902,6.292,3.016,9.986,3.016s7.125,-1.113,9.987,-3.016c4.255,-2.83,7.228,-7.416,7.912,-12.724C267.608,382.638,262.165,383.554,256.715,383.554z"" style=""fill:#C0C2C5;"">
    </path>
    <path d=""M165.387,213.343c-1.378,0.0,-2.655,0.429,-3.709,1.157c-1.706,1.179,-2.826,3.146,-2.826,5.377c0.0,68.797,16.309,93.63,29.99,116.956c13.399,22.846,30.429,38.185,48.336,44.048c5.366,1.757,10.809,2.673,16.259,2.673c0.545,0.0,1.092,-0.015,1.639,-0.037c0.547,0.022,1.094,0.037,1.639,0.037c5.45,0.0,10.893,-0.917,16.259,-2.673c17.907,-5.863,34.936,-21.202,48.335,-44.048c13.681,-23.326,29.99,-48.158,29.99,-116.956c0.0,-2.231,-1.12,-4.198,-2.826,-5.377c-1.054,-0.729,-2.331,-1.157,-3.708,-1.157H165.387z"" style=""fill:#EAEBEC;"">
    </path>
    <path d=""M360.173,80.194c-0.683,-2.946,-3.622,-4.779,-6.571,-4.098c-33.371,7.734,-55.41,16.603,-69.766,24.302c2.083,1.875,3.981,4.022,5.629,6.443c0.495,0.728,0.949,1.471,1.383,2.221c13.388,-6.933,34.013,-15.063,65.226,-22.298C359.021,86.082,360.856,83.14,360.173,80.194z"" style=""fill:#C5C158;"">
    </path>
    <path d=""M283.837,100.399c-11.885,-10.697,-29.948,-12.346,-43.758,-2.949c-13.476,9.17,-18.651,25.967,-13.703,40.694c1.012,3.011,2.437,5.938,4.312,8.693c11.045,16.231,33.157,20.436,49.388,9.391c6.644,-4.521,11.27,-10.898,13.662,-17.966c3.19,-9.423,2.397,-20.072,-2.888,-29.2c-0.434,-0.75,-0.888,-1.493,-1.383,-2.221C287.818,104.421,285.92,102.274,283.837,100.399z"" style=""fill:#D46A56;"">
    </path>
   </g>
  </g>
 </g>
</svg>


Question: What is the background color of the image?",Brown,Black,White,Gray,A,dairy
187,"Examine the following SVG code carefully and answer the question based on your interpretation of the rendered image.

<svg height=""512px"" style=""enable-background:new 0 0 512 512;"" version=""1.1"" viewbox=""0 0 512 512"" width=""512px"" x=""0px"" xml:space=""preserve"" y=""0px"">
 <g id=""Guides_For_Artboard"">
 </g>
 <g id=""Artwork"">
 </g>
 <g id=""Layer_3"">
  <g>
   <circle cx=""259.585"" cy=""260.516"" r=""245"" style=""fill:#735542;"">
   </circle>
   <g>
    <path d=""M280.075,156.229c-16.231,11.044,-38.343,6.84,-49.388,-9.391c-1.875,-2.755,-3.3,-5.682,-4.312,-8.693c-0.467,-0.017,-0.936,-0.028,-1.407,-0.028c-15.579,0.0,-28.974,9.223,-34.95,22.45c-17.586,5.5,-30.338,21.78,-30.338,41.014c0.0,4.502,0.702,8.841,1.997,12.92c1.054,-0.729,2.331,-1.157,3.709,-1.157h179.377c1.378,0.0,2.654,0.429,3.708,1.157c1.295,-4.079,1.997,-8.418,1.997,-12.92c0.0,-16.867,-9.811,-31.458,-24.085,-38.503c-4.979,-13.57,-17.562,-23.523,-32.648,-24.814C291.344,145.331,286.719,151.708,280.075,156.229z"" style=""fill:#FFFFFF;"">
    </path>
    <path d=""M245.089,393.605v34.143h-34.364c-5.597,0.0,-10.134,3.879,-10.134,8.665c0.0,4.785,4.537,8.665,10.134,8.665h88.703c5.596,0.0,10.133,-3.879,10.133,-8.665c0.0,-4.786,-4.537,-8.665,-10.133,-8.665h-34.365v-34.143c-2.861,1.903,-6.293,3.016,-9.987,3.016S247.95,395.507,245.089,393.605z"" style=""fill:#EAEBEC;"">
    </path>
    <path d=""M256.715,383.554c-0.545,0.0,-1.092,-0.015,-1.639,-0.037c-0.547,0.022,-1.093,0.037,-1.639,0.037c-5.45,0.0,-10.893,-0.917,-16.259,-2.673c0.683,5.307,3.656,9.894,7.911,12.724c2.861,1.902,6.292,3.016,9.986,3.016s7.125,-1.113,9.987,-3.016c4.255,-2.83,7.228,-7.416,7.912,-12.724C267.608,382.638,262.165,383.554,256.715,383.554z"" style=""fill:#C0C2C5;"">
    </path>
    <path d=""M165.387,213.343c-1.378,0.0,-2.655,0.429,-3.709,1.157c-1.706,1.179,-2.826,3.146,-2.826,5.377c0.0,68.797,16.309,93.63,29.99,116.956c13.399,22.846,30.429,38.185,48.336,44.048c5.366,1.757,10.809,2.673,16.259,2.673c0.545,0.0,1.092,-0.015,1.639,-0.037c0.547,0.022,1.094,0.037,1.639,0.037c5.45,0.0,10.893,-0.917,16.259,-2.673c17.907,-5.863,34.936,-21.202,48.335,-44.048c13.681,-23.326,29.99,-48.158,29.99,-116.956c0.0,-2.231,-1.12,-4.198,-2.826,-5.377c-1.054,-0.729,-2.331,-1.157,-3.708,-1.157H165.387z"" style=""fill:#EAEBEC;"">
    </path>
    <path d=""M360.173,80.194c-0.683,-2.946,-3.622,-4.779,-6.571,-4.098c-33.371,7.734,-55.41,16.603,-69.766,24.302c2.083,1.875,3.981,4.022,5.629,6.443c0.495,0.728,0.949,1.471,1.383,2.221c13.388,-6.933,34.013,-15.063,65.226,-22.298C359.021,86.082,360.856,83.14,360.173,80.194z"" style=""fill:#C5C158;"">
    </path>
    <path d=""M283.837,100.399c-11.885,-10.697,-29.948,-12.346,-43.758,-2.949c-13.476,9.17,-18.651,25.967,-13.703,40.694c1.012,3.011,2.437,5.938,4.312,8.693c11.045,16.231,33.157,20.436,49.388,9.391c6.644,-4.521,11.27,-10.898,13.662,-17.966c3.19,-9.423,2.397,-20.072,-2.888,-29.2c-0.434,-0.75,-0.888,-1.493,-1.383,-2.221C287.818,104.421,285.92,102.274,283.837,100.399z"" style=""fill:#D46A56;"">
    </path>
   </g>
  </g>
 </g>
</svg>


Question: What type of object is depicted in the image?",water,soup,sundae,coffee,C,dairy
4,"Examine the following SVG code carefully and answer the question based on your interpretation of the rendered image.

<svg id=""Capa_1"" style=""enable-background:new 0 0 297.499 297.499;"" version=""1.1"" viewbox=""0 0 297.499 297.499"" x=""0px"" xml:space=""preserve"" y=""0px"">
 <g>
  <g id=""XMLID_50_"">
   <g>
    <path d=""M272.528,135.705c3.13,4.58,6.83,15.72,7.71,26.18c-6.78,-16.18,-18.03,-30.97,-33.25,-43.329c-0.86,-0.71,-1.74,-1.4,-2.63,-2.08c2.34,0.689,4.88,1.689,7.51,2.979C261.298,124.075,269.398,131.125,272.528,135.705z"" style=""fill:#B04919;"">
    </path>
    <path d=""M57.858,116.476c-0.88,0.68,-1.76,1.38,-2.63,2.08c-15.22,12.359,-26.47,27.149,-33.25,43.329c0.88,-10.46,4.58,-21.6,7.71,-26.18c3.13,-4.58,11.23,-11.63,20.66,-16.25C52.978,118.165,55.518,117.165,57.858,116.476z"" style=""fill:#B04919;"">
    </path>
    <path d=""M196.228,86.526c7.37,3.84,13.31,7.99,17.51,12.12c-19.13,-8.15,-40.49,-12.471,-62.63,-12.471c-22.14,0.0,-43.49,4.32,-62.63,12.471c4.21,-4.13,10.14,-8.28,17.52,-12.12c14.55,-7.57,33.101,-12.86,45.11,-12.86C163.128,73.665,181.679,78.955,196.228,86.526z"" style=""fill:#F77E21;"">
    </path>
    <path d=""M268.498,198.995v15.88c0.0,7.82,-6.47,14.19,-14.43,14.19H48.158c-7.96,0.0,-14.44,-6.37,-14.44,-14.19v-15.88c0.0,-51.6,52.659,-93.58,117.39,-93.58C215.838,105.415,268.498,147.396,268.498,198.995zM181.418,173.736c0.0,-5.311,-4.309,-9.62,-9.62,-9.62c-5.309,0.0,-9.619,4.31,-9.619,9.62c0.0,5.31,4.31,9.62,9.619,9.62C177.108,183.356,181.418,179.045,181.418,173.736zM160.738,153.045c0.0,-5.31,-4.31,-9.62,-9.63,-9.62c-5.311,0.0,-9.62,4.311,-9.62,9.62c0.0,5.32,4.309,9.63,9.62,9.63C156.429,162.675,160.738,158.365,160.738,153.045zM160.738,194.425c0.0,-5.31,-4.31,-9.619,-9.63,-9.619c-5.311,0.0,-9.62,4.31,-9.62,9.619c0.0,5.311,4.309,9.62,9.62,9.62C156.429,204.045,160.738,199.736,160.738,194.425zM140.048,173.736c0.0,-5.311,-4.309,-9.62,-9.619,-9.62c-5.32,0.0,-9.631,4.31,-9.631,9.62c0.0,5.31,4.311,9.62,9.631,9.62C135.738,183.356,140.048,179.045,140.048,173.736z"" style=""fill:#F5B543;"">
    </path>
    <path d=""M299.348,159.245c1.39,16.521,-2.771,29.12,-11.7,35.61c0.06,1.38,0.1,2.76,0.1,4.14v15.88c0.0,18.431,-15.109,33.431,-33.68,33.431H48.158c-18.58,0.0,-33.68,-15.0,-33.68,-33.431v-15.88c0.0,-1.38,0.04,-2.76,0.1,-4.14c-8.939,-6.49,-13.1,-19.09,-11.7,-35.61c1.07,-12.76,5.36,-26.26,10.92,-34.399c5.57,-8.141,16.591,-17.04,28.08,-22.671c8.9,-4.369,17.21,-6.359,24.44,-6.0c5.41,-9.779,15.89,-18.96,30.79,-26.72c17.55,-9.13,38.75,-15.03,54.0,-15.03c15.26,0.0,36.45,5.9,54.0,15.03c14.91,7.76,25.39,16.941,30.79,26.73c7.24,-0.37,15.55,1.63,24.44,5.989c11.5,5.631,22.52,14.53,28.08,22.671C293.988,132.986,298.268,146.486,299.348,159.245zM280.238,161.885c-0.88,-10.46,-4.58,-21.6,-7.71,-26.18c-3.13,-4.58,-11.23,-11.63,-20.66,-16.25c-2.63,-1.29,-5.17,-2.29,-7.51,-2.979c0.89,0.68,1.77,1.37,2.63,2.08C262.208,130.915,273.458,145.705,280.238,161.885zM268.498,214.875v-15.88c0.0,-51.6,-52.66,-93.58,-117.39,-93.58c-64.73,0.0,-117.39,41.98,-117.39,93.58v15.88c0.0,7.82,6.48,14.19,14.44,14.19h205.91C262.028,229.066,268.498,222.696,268.498,214.875zM213.738,98.646c-4.2,-4.13,-10.14,-8.28,-17.51,-12.12c-14.55,-7.57,-33.101,-12.86,-45.12,-12.86c-12.01,0.0,-30.561,5.29,-45.11,12.86c-7.38,3.84,-13.31,7.99,-17.52,12.12c19.14,-8.15,40.49,-12.471,62.63,-12.471C173.248,86.175,194.608,90.495,213.738,98.646zM55.228,118.556c0.87,-0.7,1.75,-1.4,2.63,-2.08c-2.34,0.689,-4.88,1.689,-7.51,2.979c-9.431,4.62,-17.53,11.67,-20.66,16.25c-3.13,4.58,-6.83,15.72,-7.71,26.18C28.759,145.705,40.009,130.915,55.228,118.556z"">
    </path>
    <path d=""M171.798,164.115c5.311,0.0,9.62,4.31,9.62,9.62c0.0,5.31,-4.309,9.62,-9.62,9.62c-5.309,0.0,-9.619,-4.311,-9.619,-9.62C162.179,168.425,166.488,164.115,171.798,164.115z"">
    </path>
    <path d=""M151.108,143.425c5.32,0.0,9.63,4.311,9.63,9.62c0.0,5.32,-4.31,9.63,-9.63,9.63c-5.311,0.0,-9.62,-4.31,-9.62,-9.63C141.488,147.736,145.798,143.425,151.108,143.425z"">
    </path>
    <path d=""M151.108,184.806c5.32,0.0,9.63,4.31,9.63,9.619c0.0,5.311,-4.31,9.62,-9.63,9.62c-5.311,0.0,-9.62,-4.31,-9.62,-9.62C141.488,189.115,145.798,184.806,151.108,184.806z"">
    </path>
    <path d=""M130.429,164.115c5.31,0.0,9.619,4.31,9.619,9.62c0.0,5.31,-4.309,9.62,-9.619,9.62c-5.32,0.0,-9.631,-4.311,-9.631,-9.62C120.798,168.425,125.108,164.115,130.429,164.115z"">
    </path>
   </g>
  </g>
 </g>
</svg>


Question: What shape is the main body of the object?",Circular,Rectangular,Semi-circular,Triangular,C,food
5,"Examine the following SVG code carefully and answer the question based on your interpretation of the rendered image.

<svg id=""Capa_1"" style=""enable-background:new 0 0 297.499 297.499;"" version=""1.1"" viewbox=""0 0 297.499 297.499"" x=""0px"" xml:space=""preserve"" y=""0px"">
 <g>
  <g id=""XMLID_50_"">
   <g>
    <path d=""M272.528,135.705c3.13,4.58,6.83,15.72,7.71,26.18c-6.78,-16.18,-18.03,-30.97,-33.25,-43.329c-0.86,-0.71,-1.74,-1.4,-2.63,-2.08c2.34,0.689,4.88,1.689,7.51,2.979C261.298,124.075,269.398,131.125,272.528,135.705z"" style=""fill:#B04919;"">
    </path>
    <path d=""M57.858,116.476c-0.88,0.68,-1.76,1.38,-2.63,2.08c-15.22,12.359,-26.47,27.149,-33.25,43.329c0.88,-10.46,4.58,-21.6,7.71,-26.18c3.13,-4.58,11.23,-11.63,20.66,-16.25C52.978,118.165,55.518,117.165,57.858,116.476z"" style=""fill:#B04919;"">
    </path>
    <path d=""M196.228,86.526c7.37,3.84,13.31,7.99,17.51,12.12c-19.13,-8.15,-40.49,-12.471,-62.63,-12.471c-22.14,0.0,-43.49,4.32,-62.63,12.471c4.21,-4.13,10.14,-8.28,17.52,-12.12c14.55,-7.57,33.101,-12.86,45.11,-12.86C163.128,73.665,181.679,78.955,196.228,86.526z"" style=""fill:#F77E21;"">
    </path>
    <path d=""M268.498,198.995v15.88c0.0,7.82,-6.47,14.19,-14.43,14.19H48.158c-7.96,0.0,-14.44,-6.37,-14.44,-14.19v-15.88c0.0,-51.6,52.659,-93.58,117.39,-93.58C215.838,105.415,268.498,147.396,268.498,198.995zM181.418,173.736c0.0,-5.311,-4.309,-9.62,-9.62,-9.62c-5.309,0.0,-9.619,4.31,-9.619,9.62c0.0,5.31,4.31,9.62,9.619,9.62C177.108,183.356,181.418,179.045,181.418,173.736zM160.738,153.045c0.0,-5.31,-4.31,-9.62,-9.63,-9.62c-5.311,0.0,-9.62,4.311,-9.62,9.62c0.0,5.32,4.309,9.63,9.62,9.63C156.429,162.675,160.738,158.365,160.738,153.045zM160.738,194.425c0.0,-5.31,-4.31,-9.619,-9.63,-9.619c-5.311,0.0,-9.62,4.31,-9.62,9.619c0.0,5.311,4.309,9.62,9.62,9.62C156.429,204.045,160.738,199.736,160.738,194.425zM140.048,173.736c0.0,-5.311,-4.309,-9.62,-9.619,-9.62c-5.32,0.0,-9.631,4.31,-9.631,9.62c0.0,5.31,4.311,9.62,9.631,9.62C135.738,183.356,140.048,179.045,140.048,173.736z"" style=""fill:#F5B543;"">
    </path>
    <path d=""M299.348,159.245c1.39,16.521,-2.771,29.12,-11.7,35.61c0.06,1.38,0.1,2.76,0.1,4.14v15.88c0.0,18.431,-15.109,33.431,-33.68,33.431H48.158c-18.58,0.0,-33.68,-15.0,-33.68,-33.431v-15.88c0.0,-1.38,0.04,-2.76,0.1,-4.14c-8.939,-6.49,-13.1,-19.09,-11.7,-35.61c1.07,-12.76,5.36,-26.26,10.92,-34.399c5.57,-8.141,16.591,-17.04,28.08,-22.671c8.9,-4.369,17.21,-6.359,24.44,-6.0c5.41,-9.779,15.89,-18.96,30.79,-26.72c17.55,-9.13,38.75,-15.03,54.0,-15.03c15.26,0.0,36.45,5.9,54.0,15.03c14.91,7.76,25.39,16.941,30.79,26.73c7.24,-0.37,15.55,1.63,24.44,5.989c11.5,5.631,22.52,14.53,28.08,22.671C293.988,132.986,298.268,146.486,299.348,159.245zM280.238,161.885c-0.88,-10.46,-4.58,-21.6,-7.71,-26.18c-3.13,-4.58,-11.23,-11.63,-20.66,-16.25c-2.63,-1.29,-5.17,-2.29,-7.51,-2.979c0.89,0.68,1.77,1.37,2.63,2.08C262.208,130.915,273.458,145.705,280.238,161.885zM268.498,214.875v-15.88c0.0,-51.6,-52.66,-93.58,-117.39,-93.58c-64.73,0.0,-117.39,41.98,-117.39,93.58v15.88c0.0,7.82,6.48,14.19,14.44,14.19h205.91C262.028,229.066,268.498,222.696,268.498,214.875zM213.738,98.646c-4.2,-4.13,-10.14,-8.28,-17.51,-12.12c-14.55,-7.57,-33.101,-12.86,-45.12,-12.86c-12.01,0.0,-30.561,5.29,-45.11,12.86c-7.38,3.84,-13.31,7.99,-17.52,12.12c19.14,-8.15,40.49,-12.471,62.63,-12.471C173.248,86.175,194.608,90.495,213.738,98.646zM55.228,118.556c0.87,-0.7,1.75,-1.4,2.63,-2.08c-2.34,0.689,-4.88,1.689,-7.51,2.979c-9.431,4.62,-17.53,11.67,-20.66,16.25c-3.13,4.58,-6.83,15.72,-7.71,26.18C28.759,145.705,40.009,130.915,55.228,118.556z"">
    </path>
    <path d=""M171.798,164.115c5.311,0.0,9.62,4.31,9.62,9.62c0.0,5.31,-4.309,9.62,-9.62,9.62c-5.309,0.0,-9.619,-4.311,-9.619,-9.62C162.179,168.425,166.488,164.115,171.798,164.115z"">
    </path>
    <path d=""M151.108,143.425c5.32,0.0,9.63,4.311,9.63,9.62c0.0,5.32,-4.31,9.63,-9.63,9.63c-5.311,0.0,-9.62,-4.31,-9.62,-9.63C141.488,147.736,145.798,143.425,151.108,143.425z"">
    </path>
    <path d=""M151.108,184.806c5.32,0.0,9.63,4.31,9.63,9.619c0.0,5.311,-4.31,9.62,-9.63,9.62c-5.311,0.0,-9.62,-4.31,-9.62,-9.62C141.488,189.115,145.798,184.806,151.108,184.806z"">
    </path>
    <path d=""M130.429,164.115c5.31,0.0,9.619,4.31,9.619,9.62c0.0,5.31,-4.309,9.62,-9.619,9.62c-5.32,0.0,-9.631,-4.311,-9.631,-9.62C120.798,168.425,125.108,164.115,130.429,164.115z"">
    </path>
   </g>
  </g>
 </g>
</svg>


Question: How many black dots are present on the object?",Four,Three,Two,Five,A,food
6,"Examine the following SVG code carefully and answer the question based on your interpretation of the rendered image.

<svg id=""Capa_1"" style=""enable-background:new 0 0 297.499 297.499;"" version=""1.1"" viewbox=""0 0 297.499 297.499"" x=""0px"" xml:space=""preserve"" y=""0px"">
 <g>
  <g id=""XMLID_50_"">
   <g>
    <path d=""M272.528,135.705c3.13,4.58,6.83,15.72,7.71,26.18c-6.78,-16.18,-18.03,-30.97,-33.25,-43.329c-0.86,-0.71,-1.74,-1.4,-2.63,-2.08c2.34,0.689,4.88,1.689,7.51,2.979C261.298,124.075,269.398,131.125,272.528,135.705z"" style=""fill:#B04919;"">
    </path>
    <path d=""M57.858,116.476c-0.88,0.68,-1.76,1.38,-2.63,2.08c-15.22,12.359,-26.47,27.149,-33.25,43.329c0.88,-10.46,4.58,-21.6,7.71,-26.18c3.13,-4.58,11.23,-11.63,20.66,-16.25C52.978,118.165,55.518,117.165,57.858,116.476z"" style=""fill:#B04919;"">
    </path>
    <path d=""M196.228,86.526c7.37,3.84,13.31,7.99,17.51,12.12c-19.13,-8.15,-40.49,-12.471,-62.63,-12.471c-22.14,0.0,-43.49,4.32,-62.63,12.471c4.21,-4.13,10.14,-8.28,17.52,-12.12c14.55,-7.57,33.101,-12.86,45.11,-12.86C163.128,73.665,181.679,78.955,196.228,86.526z"" style=""fill:#F77E21;"">
    </path>
    <path d=""M268.498,198.995v15.88c0.0,7.82,-6.47,14.19,-14.43,14.19H48.158c-7.96,0.0,-14.44,-6.37,-14.44,-14.19v-15.88c0.0,-51.6,52.659,-93.58,117.39,-93.58C215.838,105.415,268.498,147.396,268.498,198.995zM181.418,173.736c0.0,-5.311,-4.309,-9.62,-9.62,-9.62c-5.309,0.0,-9.619,4.31,-9.619,9.62c0.0,5.31,4.31,9.62,9.619,9.62C177.108,183.356,181.418,179.045,181.418,173.736zM160.738,153.045c0.0,-5.31,-4.31,-9.62,-9.63,-9.62c-5.311,0.0,-9.62,4.311,-9.62,9.62c0.0,5.32,4.309,9.63,9.62,9.63C156.429,162.675,160.738,158.365,160.738,153.045zM160.738,194.425c0.0,-5.31,-4.31,-9.619,-9.63,-9.619c-5.311,0.0,-9.62,4.31,-9.62,9.619c0.0,5.311,4.309,9.62,9.62,9.62C156.429,204.045,160.738,199.736,160.738,194.425zM140.048,173.736c0.0,-5.311,-4.309,-9.62,-9.619,-9.62c-5.32,0.0,-9.631,4.31,-9.631,9.62c0.0,5.31,4.311,9.62,9.631,9.62C135.738,183.356,140.048,179.045,140.048,173.736z"" style=""fill:#F5B543;"">
    </path>
    <path d=""M299.348,159.245c1.39,16.521,-2.771,29.12,-11.7,35.61c0.06,1.38,0.1,2.76,0.1,4.14v15.88c0.0,18.431,-15.109,33.431,-33.68,33.431H48.158c-18.58,0.0,-33.68,-15.0,-33.68,-33.431v-15.88c0.0,-1.38,0.04,-2.76,0.1,-4.14c-8.939,-6.49,-13.1,-19.09,-11.7,-35.61c1.07,-12.76,5.36,-26.26,10.92,-34.399c5.57,-8.141,16.591,-17.04,28.08,-22.671c8.9,-4.369,17.21,-6.359,24.44,-6.0c5.41,-9.779,15.89,-18.96,30.79,-26.72c17.55,-9.13,38.75,-15.03,54.0,-15.03c15.26,0.0,36.45,5.9,54.0,15.03c14.91,7.76,25.39,16.941,30.79,26.73c7.24,-0.37,15.55,1.63,24.44,5.989c11.5,5.631,22.52,14.53,28.08,22.671C293.988,132.986,298.268,146.486,299.348,159.245zM280.238,161.885c-0.88,-10.46,-4.58,-21.6,-7.71,-26.18c-3.13,-4.58,-11.23,-11.63,-20.66,-16.25c-2.63,-1.29,-5.17,-2.29,-7.51,-2.979c0.89,0.68,1.77,1.37,2.63,2.08C262.208,130.915,273.458,145.705,280.238,161.885zM268.498,214.875v-15.88c0.0,-51.6,-52.66,-93.58,-117.39,-93.58c-64.73,0.0,-117.39,41.98,-117.39,93.58v15.88c0.0,7.82,6.48,14.19,14.44,14.19h205.91C262.028,229.066,268.498,222.696,268.498,214.875zM213.738,98.646c-4.2,-4.13,-10.14,-8.28,-17.51,-12.12c-14.55,-7.57,-33.101,-12.86,-45.12,-12.86c-12.01,0.0,-30.561,5.29,-45.11,12.86c-7.38,3.84,-13.31,7.99,-17.52,12.12c19.14,-8.15,40.49,-12.471,62.63,-12.471C173.248,86.175,194.608,90.495,213.738,98.646zM55.228,118.556c0.87,-0.7,1.75,-1.4,2.63,-2.08c-2.34,0.689,-4.88,1.689,-7.51,2.979c-9.431,4.62,-17.53,11.67,-20.66,16.25c-3.13,4.58,-6.83,15.72,-7.71,26.18C28.759,145.705,40.009,130.915,55.228,118.556z"">
    </path>
    <path d=""M171.798,164.115c5.311,0.0,9.62,4.31,9.62,9.62c0.0,5.31,-4.309,9.62,-9.62,9.62c-5.309,0.0,-9.619,-4.311,-9.619,-9.62C162.179,168.425,166.488,164.115,171.798,164.115z"">
    </path>
    <path d=""M151.108,143.425c5.32,0.0,9.63,4.311,9.63,9.62c0.0,5.32,-4.31,9.63,-9.63,9.63c-5.311,0.0,-9.62,-4.31,-9.62,-9.63C141.488,147.736,145.798,143.425,151.108,143.425z"">
    </path>
    <path d=""M151.108,184.806c5.32,0.0,9.63,4.31,9.63,9.619c0.0,5.311,-4.31,9.62,-9.63,9.62c-5.311,0.0,-9.62,-4.31,-9.62,-9.62C141.488,189.115,145.798,184.806,151.108,184.806z"">
    </path>
    <path d=""M130.429,164.115c5.31,0.0,9.619,4.31,9.619,9.62c0.0,5.31,-4.309,9.62,-9.619,9.62c-5.32,0.0,-9.631,-4.311,-9.631,-9.62C120.798,168.425,125.108,164.115,130.429,164.115z"">
    </path>
   </g>
  </g>
 </g>
</svg>


Question: What color is the main body of the object?",Red,Blue,Yellow,Green,C,food
7,"Examine the following SVG code carefully and answer the question based on your interpretation of the rendered image.

<svg id=""Capa_1"" style=""enable-background:new 0 0 297.499 297.499;"" version=""1.1"" viewbox=""0 0 297.499 297.499"" x=""0px"" xml:space=""preserve"" y=""0px"">
 <g>
  <g id=""XMLID_50_"">
   <g>
    <path d=""M272.528,135.705c3.13,4.58,6.83,15.72,7.71,26.18c-6.78,-16.18,-18.03,-30.97,-33.25,-43.329c-0.86,-0.71,-1.74,-1.4,-2.63,-2.08c2.34,0.689,4.88,1.689,7.51,2.979C261.298,124.075,269.398,131.125,272.528,135.705z"" style=""fill:#B04919;"">
    </path>
    <path d=""M57.858,116.476c-0.88,0.68,-1.76,1.38,-2.63,2.08c-15.22,12.359,-26.47,27.149,-33.25,43.329c0.88,-10.46,4.58,-21.6,7.71,-26.18c3.13,-4.58,11.23,-11.63,20.66,-16.25C52.978,118.165,55.518,117.165,57.858,116.476z"" style=""fill:#B04919;"">
    </path>
    <path d=""M196.228,86.526c7.37,3.84,13.31,7.99,17.51,12.12c-19.13,-8.15,-40.49,-12.471,-62.63,-12.471c-22.14,0.0,-43.49,4.32,-62.63,12.471c4.21,-4.13,10.14,-8.28,17.52,-12.12c14.55,-7.57,33.101,-12.86,45.11,-12.86C163.128,73.665,181.679,78.955,196.228,86.526z"" style=""fill:#F77E21;"">
    </path>
    <path d=""M268.498,198.995v15.88c0.0,7.82,-6.47,14.19,-14.43,14.19H48.158c-7.96,0.0,-14.44,-6.37,-14.44,-14.19v-15.88c0.0,-51.6,52.659,-93.58,117.39,-93.58C215.838,105.415,268.498,147.396,268.498,198.995zM181.418,173.736c0.0,-5.311,-4.309,-9.62,-9.62,-9.62c-5.309,0.0,-9.619,4.31,-9.619,9.62c0.0,5.31,4.31,9.62,9.619,9.62C177.108,183.356,181.418,179.045,181.418,173.736zM160.738,153.045c0.0,-5.31,-4.31,-9.62,-9.63,-9.62c-5.311,0.0,-9.62,4.311,-9.62,9.62c0.0,5.32,4.309,9.63,9.62,9.63C156.429,162.675,160.738,158.365,160.738,153.045zM160.738,194.425c0.0,-5.31,-4.31,-9.619,-9.63,-9.619c-5.311,0.0,-9.62,4.31,-9.62,9.619c0.0,5.311,4.309,9.62,9.62,9.62C156.429,204.045,160.738,199.736,160.738,194.425zM140.048,173.736c0.0,-5.311,-4.309,-9.62,-9.619,-9.62c-5.32,0.0,-9.631,4.31,-9.631,9.62c0.0,5.31,4.311,9.62,9.631,9.62C135.738,183.356,140.048,179.045,140.048,173.736z"" style=""fill:#F5B543;"">
    </path>
    <path d=""M299.348,159.245c1.39,16.521,-2.771,29.12,-11.7,35.61c0.06,1.38,0.1,2.76,0.1,4.14v15.88c0.0,18.431,-15.109,33.431,-33.68,33.431H48.158c-18.58,0.0,-33.68,-15.0,-33.68,-33.431v-15.88c0.0,-1.38,0.04,-2.76,0.1,-4.14c-8.939,-6.49,-13.1,-19.09,-11.7,-35.61c1.07,-12.76,5.36,-26.26,10.92,-34.399c5.57,-8.141,16.591,-17.04,28.08,-22.671c8.9,-4.369,17.21,-6.359,24.44,-6.0c5.41,-9.779,15.89,-18.96,30.79,-26.72c17.55,-9.13,38.75,-15.03,54.0,-15.03c15.26,0.0,36.45,5.9,54.0,15.03c14.91,7.76,25.39,16.941,30.79,26.73c7.24,-0.37,15.55,1.63,24.44,5.989c11.5,5.631,22.52,14.53,28.08,22.671C293.988,132.986,298.268,146.486,299.348,159.245zM280.238,161.885c-0.88,-10.46,-4.58,-21.6,-7.71,-26.18c-3.13,-4.58,-11.23,-11.63,-20.66,-16.25c-2.63,-1.29,-5.17,-2.29,-7.51,-2.979c0.89,0.68,1.77,1.37,2.63,2.08C262.208,130.915,273.458,145.705,280.238,161.885zM268.498,214.875v-15.88c0.0,-51.6,-52.66,-93.58,-117.39,-93.58c-64.73,0.0,-117.39,41.98,-117.39,93.58v15.88c0.0,7.82,6.48,14.19,14.44,14.19h205.91C262.028,229.066,268.498,222.696,268.498,214.875zM213.738,98.646c-4.2,-4.13,-10.14,-8.28,-17.51,-12.12c-14.55,-7.57,-33.101,-12.86,-45.12,-12.86c-12.01,0.0,-30.561,5.29,-45.11,12.86c-7.38,3.84,-13.31,7.99,-17.52,12.12c19.14,-8.15,40.49,-12.471,62.63,-12.471C173.248,86.175,194.608,90.495,213.738,98.646zM55.228,118.556c0.87,-0.7,1.75,-1.4,2.63,-2.08c-2.34,0.689,-4.88,1.689,-7.51,2.979c-9.431,4.62,-17.53,11.67,-20.66,16.25c-3.13,4.58,-6.83,15.72,-7.71,26.18C28.759,145.705,40.009,130.915,55.228,118.556z"">
    </path>
    <path d=""M171.798,164.115c5.311,0.0,9.62,4.31,9.62,9.62c0.0,5.31,-4.309,9.62,-9.62,9.62c-5.309,0.0,-9.619,-4.311,-9.619,-9.62C162.179,168.425,166.488,164.115,171.798,164.115z"">
    </path>
    <path d=""M151.108,143.425c5.32,0.0,9.63,4.311,9.63,9.62c0.0,5.32,-4.31,9.63,-9.63,9.63c-5.311,0.0,-9.62,-4.31,-9.62,-9.63C141.488,147.736,145.798,143.425,151.108,143.425z"">
    </path>
    <path d=""M151.108,184.806c5.32,0.0,9.63,4.31,9.63,9.619c0.0,5.311,-4.31,9.62,-9.63,9.62c-5.311,0.0,-9.62,-4.31,-9.62,-9.62C141.488,189.115,145.798,184.806,151.108,184.806z"">
    </path>
    <path d=""M130.429,164.115c5.31,0.0,9.619,4.31,9.619,9.62c0.0,5.31,-4.309,9.62,-9.619,9.62c-5.32,0.0,-9.631,-4.311,-9.631,-9.62C120.798,168.425,125.108,164.115,130.429,164.115z"">
    </path>
   </g>
  </g>
 </g>
</svg>


Question: What type of object is depicted in the image?",hat,taco,book,shoe,B,food
12,"Examine the following SVG code carefully and answer the question based on your interpretation of the rendered image.

<svg id=""Layer_1"" style=""enable-background:new 0 0 347.222 347.222;"" version=""1.1"" viewbox=""0 0 347.222 347.222"" x=""0px"" xml:space=""preserve"" y=""0px"">
 <g id=""XMLID_1071_"">
  <path d=""M349.534,175.76C349.534,79.877,271.805,2.149,175.923,2.149C80.04,2.149,2.312,79.877,2.312,175.76s77.728,173.611,173.611,173.611S349.534,271.642,349.534,175.76zM95.307,175.76c0.0,-44.523,36.093,-80.615,80.615,-80.615s80.615,36.093,80.615,80.615s-36.093,80.615,-80.615,80.615S95.307,220.282,95.307,175.76z"" id=""XMLID_597_"" style=""fill:#FFA250;"">
  </path>
  <g id=""XMLID_592_"">
   <path d=""M317.646,175.76c0.0,-19.894,5.659,-40.778,-1.514,-58.077c-7.436,-17.933,-26.481,-28.622,-39.996,-42.136c-13.515,-13.515,-24.203,-32.559,-42.136,-39.996c-17.299,-7.173,-38.184,-1.514,-58.077,-1.514c-19.894,0.0,-40.778,-5.659,-58.077,1.514C99.912,42.987,89.224,62.031,75.709,75.546S43.15,99.749,35.713,117.682c-7.173,17.299,-1.514,38.184,-1.514,58.077c0.0,19.894,-5.659,40.778,1.514,58.077c7.436,17.933,26.481,28.622,39.996,42.136c13.515,13.515,24.203,32.559,42.136,39.996c17.299,7.173,38.184,1.514,58.077,1.514c19.894,0.0,40.778,5.659,58.077,-1.514c17.933,-7.436,28.622,-26.481,42.136,-39.996c13.515,-13.515,32.559,-24.203,39.996,-42.136C323.306,216.538,317.646,195.654,317.646,175.76z"" id=""XMLID_1727_"" style=""fill:#FFFEB9;"">
   </path>
  </g>
  <path d=""M298.729,175.76c0.0,-26.354,-21.364,-47.718,-47.718,-47.718v95.437C277.365,223.478,298.729,202.114,298.729,175.76z"" id=""XMLID_591_"" style=""fill:#FFE165;"">
  </path>
  <path d=""M53.117,175.76c0.0,26.354,21.364,47.718,47.718,47.718v-95.437C74.481,128.042,53.117,149.406,53.117,175.76z"" id=""XMLID_590_"" style=""fill:#FFE165;"">
  </path>
  <g id=""XMLID_1072_"">
   <circle cx=""175.923"" cy=""260.260"" id=""XMLID_589_"" r=""22"" style=""fill:#FFA250;"">
   </circle>
   <circle cx=""175.923"" cy=""91.260"" id=""XMLID_588_"" r=""22"" style=""fill:#FFA250;"">
   </circle>
  </g>
  <g id=""XMLID_1074_"">
   <g id=""XMLID_1075_"">
    <path d=""M218.667,251.834l1.205,-1.205c4.344,-4.344,11.388,-4.344,15.733,0.0l17.324,17.324c4.344,4.344,4.344,11.388,0.0,15.733l-1.205,1.205c-4.344,4.344,-11.388,4.344,-15.733,0.0l-17.324,-17.324C214.323,263.222,214.323,256.178,218.667,251.834z"" id=""XMLID_586_"" style=""fill:#FFE165;"">
    </path>
    <path d=""M98.917,251.834l1.205,-1.205c4.344,-4.344,11.388,-4.344,15.733,0.0l17.324,17.324c4.344,4.344,4.344,11.388,0.0,15.733l-1.205,1.205c-4.344,4.344,-11.388,4.344,-15.733,0.0l-17.324,-17.324C94.572,263.222,94.572,256.178,98.917,251.834z"" id=""XMLID_585_"" style=""fill:#FFE165;"">
    </path>
   </g>
   <g id=""XMLID_1076_"">
    <path d=""M218.667,67.834l1.205,-1.205c4.344,-4.344,11.388,-4.344,15.733,0.0l17.324,17.324c4.344,4.344,4.344,11.388,0.0,15.733l-1.205,1.205c-4.344,4.344,-11.388,4.344,-15.733,0.0l-17.324,-17.324C214.323,79.222,214.323,72.178,218.667,67.834z"" id=""XMLID_583_"" style=""fill:#FFE165;"">
    </path>
    <path d=""M98.917,67.834l1.205,-1.205c4.344,-4.344,11.388,-4.344,15.733,0.0l17.324,17.324c4.344,4.344,4.344,11.388,0.0,15.733l-1.205,1.205c-4.344,4.344,-11.388,4.344,-15.733,0.0L98.917,83.567C94.572,79.222,94.572,72.178,98.917,67.834z"" id=""XMLID_582_"" style=""fill:#FFE165;"">
    </path>
   </g>
  </g>
  <path d=""M159.321,160.861h33.203c8.194,0.0,14.899,6.704,14.899,14.899l0.0,0.0c0.0,8.194,-6.704,14.899,-14.899,14.899h-33.203c-8.194,0.0,-14.899,-6.704,-14.899,-14.899l0.0,0.0C144.423,167.566,151.127,160.861,159.321,160.861z"" id=""XMLID_579_"" style=""fill:#FFA250;"">
  </path>
 </g>
</svg>


Question: What is the shape of the outermost boundary of the object?",Square,Triangle,Circle,Hexagon,C,food
13,"Examine the following SVG code carefully and answer the question based on your interpretation of the rendered image.

<svg id=""Layer_1"" style=""enable-background:new 0 0 347.222 347.222;"" version=""1.1"" viewbox=""0 0 347.222 347.222"" x=""0px"" xml:space=""preserve"" y=""0px"">
 <g id=""XMLID_1071_"">
  <path d=""M349.534,175.76C349.534,79.877,271.805,2.149,175.923,2.149C80.04,2.149,2.312,79.877,2.312,175.76s77.728,173.611,173.611,173.611S349.534,271.642,349.534,175.76zM95.307,175.76c0.0,-44.523,36.093,-80.615,80.615,-80.615s80.615,36.093,80.615,80.615s-36.093,80.615,-80.615,80.615S95.307,220.282,95.307,175.76z"" id=""XMLID_597_"" style=""fill:#FFA250;"">
  </path>
  <g id=""XMLID_592_"">
   <path d=""M317.646,175.76c0.0,-19.894,5.659,-40.778,-1.514,-58.077c-7.436,-17.933,-26.481,-28.622,-39.996,-42.136c-13.515,-13.515,-24.203,-32.559,-42.136,-39.996c-17.299,-7.173,-38.184,-1.514,-58.077,-1.514c-19.894,0.0,-40.778,-5.659,-58.077,1.514C99.912,42.987,89.224,62.031,75.709,75.546S43.15,99.749,35.713,117.682c-7.173,17.299,-1.514,38.184,-1.514,58.077c0.0,19.894,-5.659,40.778,1.514,58.077c7.436,17.933,26.481,28.622,39.996,42.136c13.515,13.515,24.203,32.559,42.136,39.996c17.299,7.173,38.184,1.514,58.077,1.514c19.894,0.0,40.778,5.659,58.077,-1.514c17.933,-7.436,28.622,-26.481,42.136,-39.996c13.515,-13.515,32.559,-24.203,39.996,-42.136C323.306,216.538,317.646,195.654,317.646,175.76z"" id=""XMLID_1727_"" style=""fill:#FFFEB9;"">
   </path>
  </g>
  <path d=""M298.729,175.76c0.0,-26.354,-21.364,-47.718,-47.718,-47.718v95.437C277.365,223.478,298.729,202.114,298.729,175.76z"" id=""XMLID_591_"" style=""fill:#FFE165;"">
  </path>
  <path d=""M53.117,175.76c0.0,26.354,21.364,47.718,47.718,47.718v-95.437C74.481,128.042,53.117,149.406,53.117,175.76z"" id=""XMLID_590_"" style=""fill:#FFE165;"">
  </path>
  <g id=""XMLID_1072_"">
   <circle cx=""175.923"" cy=""260.260"" id=""XMLID_589_"" r=""22"" style=""fill:#FFA250;"">
   </circle>
   <circle cx=""175.923"" cy=""91.260"" id=""XMLID_588_"" r=""22"" style=""fill:#FFA250;"">
   </circle>
  </g>
  <g id=""XMLID_1074_"">
   <g id=""XMLID_1075_"">
    <path d=""M218.667,251.834l1.205,-1.205c4.344,-4.344,11.388,-4.344,15.733,0.0l17.324,17.324c4.344,4.344,4.344,11.388,0.0,15.733l-1.205,1.205c-4.344,4.344,-11.388,4.344,-15.733,0.0l-17.324,-17.324C214.323,263.222,214.323,256.178,218.667,251.834z"" id=""XMLID_586_"" style=""fill:#FFE165;"">
    </path>
    <path d=""M98.917,251.834l1.205,-1.205c4.344,-4.344,11.388,-4.344,15.733,0.0l17.324,17.324c4.344,4.344,4.344,11.388,0.0,15.733l-1.205,1.205c-4.344,4.344,-11.388,4.344,-15.733,0.0l-17.324,-17.324C94.572,263.222,94.572,256.178,98.917,251.834z"" id=""XMLID_585_"" style=""fill:#FFE165;"">
    </path>
   </g>
   <g id=""XMLID_1076_"">
    <path d=""M218.667,67.834l1.205,-1.205c4.344,-4.344,11.388,-4.344,15.733,0.0l17.324,17.324c4.344,4.344,4.344,11.388,0.0,15.733l-1.205,1.205c-4.344,4.344,-11.388,4.344,-15.733,0.0l-17.324,-17.324C214.323,79.222,214.323,72.178,218.667,67.834z"" id=""XMLID_583_"" style=""fill:#FFE165;"">
    </path>
    <path d=""M98.917,67.834l1.205,-1.205c4.344,-4.344,11.388,-4.344,15.733,0.0l17.324,17.324c4.344,4.344,4.344,11.388,0.0,15.733l-1.205,1.205c-4.344,4.344,-11.388,4.344,-15.733,0.0L98.917,83.567C94.572,79.222,94.572,72.178,98.917,67.834z"" id=""XMLID_582_"" style=""fill:#FFE165;"">
    </path>
   </g>
  </g>
  <path d=""M159.321,160.861h33.203c8.194,0.0,14.899,6.704,14.899,14.899l0.0,0.0c0.0,8.194,-6.704,14.899,-14.899,14.899h-33.203c-8.194,0.0,-14.899,-6.704,-14.899,-14.899l0.0,0.0C144.423,167.566,151.127,160.861,159.321,160.861z"" id=""XMLID_579_"" style=""fill:#FFA250;"">
  </path>
 </g>
</svg>


Question: How many small circles are present inside the object?",1,2,3,4,B,food
14,"Examine the following SVG code carefully and answer the question based on your interpretation of the rendered image.

<svg id=""Layer_1"" style=""enable-background:new 0 0 347.222 347.222;"" version=""1.1"" viewbox=""0 0 347.222 347.222"" x=""0px"" xml:space=""preserve"" y=""0px"">
 <g id=""XMLID_1071_"">
  <path d=""M349.534,175.76C349.534,79.877,271.805,2.149,175.923,2.149C80.04,2.149,2.312,79.877,2.312,175.76s77.728,173.611,173.611,173.611S349.534,271.642,349.534,175.76zM95.307,175.76c0.0,-44.523,36.093,-80.615,80.615,-80.615s80.615,36.093,80.615,80.615s-36.093,80.615,-80.615,80.615S95.307,220.282,95.307,175.76z"" id=""XMLID_597_"" style=""fill:#FFA250;"">
  </path>
  <g id=""XMLID_592_"">
   <path d=""M317.646,175.76c0.0,-19.894,5.659,-40.778,-1.514,-58.077c-7.436,-17.933,-26.481,-28.622,-39.996,-42.136c-13.515,-13.515,-24.203,-32.559,-42.136,-39.996c-17.299,-7.173,-38.184,-1.514,-58.077,-1.514c-19.894,0.0,-40.778,-5.659,-58.077,1.514C99.912,42.987,89.224,62.031,75.709,75.546S43.15,99.749,35.713,117.682c-7.173,17.299,-1.514,38.184,-1.514,58.077c0.0,19.894,-5.659,40.778,1.514,58.077c7.436,17.933,26.481,28.622,39.996,42.136c13.515,13.515,24.203,32.559,42.136,39.996c17.299,7.173,38.184,1.514,58.077,1.514c19.894,0.0,40.778,5.659,58.077,-1.514c17.933,-7.436,28.622,-26.481,42.136,-39.996c13.515,-13.515,32.559,-24.203,39.996,-42.136C323.306,216.538,317.646,195.654,317.646,175.76z"" id=""XMLID_1727_"" style=""fill:#FFFEB9;"">
   </path>
  </g>
  <path d=""M298.729,175.76c0.0,-26.354,-21.364,-47.718,-47.718,-47.718v95.437C277.365,223.478,298.729,202.114,298.729,175.76z"" id=""XMLID_591_"" style=""fill:#FFE165;"">
  </path>
  <path d=""M53.117,175.76c0.0,26.354,21.364,47.718,47.718,47.718v-95.437C74.481,128.042,53.117,149.406,53.117,175.76z"" id=""XMLID_590_"" style=""fill:#FFE165;"">
  </path>
  <g id=""XMLID_1072_"">
   <circle cx=""175.923"" cy=""260.260"" id=""XMLID_589_"" r=""22"" style=""fill:#FFA250;"">
   </circle>
   <circle cx=""175.923"" cy=""91.260"" id=""XMLID_588_"" r=""22"" style=""fill:#FFA250;"">
   </circle>
  </g>
  <g id=""XMLID_1074_"">
   <g id=""XMLID_1075_"">
    <path d=""M218.667,251.834l1.205,-1.205c4.344,-4.344,11.388,-4.344,15.733,0.0l17.324,17.324c4.344,4.344,4.344,11.388,0.0,15.733l-1.205,1.205c-4.344,4.344,-11.388,4.344,-15.733,0.0l-17.324,-17.324C214.323,263.222,214.323,256.178,218.667,251.834z"" id=""XMLID_586_"" style=""fill:#FFE165;"">
    </path>
    <path d=""M98.917,251.834l1.205,-1.205c4.344,-4.344,11.388,-4.344,15.733,0.0l17.324,17.324c4.344,4.344,4.344,11.388,0.0,15.733l-1.205,1.205c-4.344,4.344,-11.388,4.344,-15.733,0.0l-17.324,-17.324C94.572,263.222,94.572,256.178,98.917,251.834z"" id=""XMLID_585_"" style=""fill:#FFE165;"">
    </path>
   </g>
   <g id=""XMLID_1076_"">
    <path d=""M218.667,67.834l1.205,-1.205c4.344,-4.344,11.388,-4.344,15.733,0.0l17.324,17.324c4.344,4.344,4.344,11.388,0.0,15.733l-1.205,1.205c-4.344,4.344,-11.388,4.344,-15.733,0.0l-17.324,-17.324C214.323,79.222,214.323,72.178,218.667,67.834z"" id=""XMLID_583_"" style=""fill:#FFE165;"">
    </path>
    <path d=""M98.917,67.834l1.205,-1.205c4.344,-4.344,11.388,-4.344,15.733,0.0l17.324,17.324c4.344,4.344,4.344,11.388,0.0,15.733l-1.205,1.205c-4.344,4.344,-11.388,4.344,-15.733,0.0L98.917,83.567C94.572,79.222,94.572,72.178,98.917,67.834z"" id=""XMLID_582_"" style=""fill:#FFE165;"">
    </path>
   </g>
  </g>
  <path d=""M159.321,160.861h33.203c8.194,0.0,14.899,6.704,14.899,14.899l0.0,0.0c0.0,8.194,-6.704,14.899,-14.899,14.899h-33.203c-8.194,0.0,-14.899,-6.704,-14.899,-14.899l0.0,0.0C144.423,167.566,151.127,160.861,159.321,160.861z"" id=""XMLID_579_"" style=""fill:#FFA250;"">
  </path>
 </g>
</svg>


Question: What is the color of the outermost boundary of the object?",Blue,Green,Red,Orange,D,food
15,"Examine the following SVG code carefully and answer the question based on your interpretation of the rendered image.

<svg id=""Layer_1"" style=""enable-background:new 0 0 347.222 347.222;"" version=""1.1"" viewbox=""0 0 347.222 347.222"" x=""0px"" xml:space=""preserve"" y=""0px"">
 <g id=""XMLID_1071_"">
  <path d=""M349.534,175.76C349.534,79.877,271.805,2.149,175.923,2.149C80.04,2.149,2.312,79.877,2.312,175.76s77.728,173.611,173.611,173.611S349.534,271.642,349.534,175.76zM95.307,175.76c0.0,-44.523,36.093,-80.615,80.615,-80.615s80.615,36.093,80.615,80.615s-36.093,80.615,-80.615,80.615S95.307,220.282,95.307,175.76z"" id=""XMLID_597_"" style=""fill:#FFA250;"">
  </path>
  <g id=""XMLID_592_"">
   <path d=""M317.646,175.76c0.0,-19.894,5.659,-40.778,-1.514,-58.077c-7.436,-17.933,-26.481,-28.622,-39.996,-42.136c-13.515,-13.515,-24.203,-32.559,-42.136,-39.996c-17.299,-7.173,-38.184,-1.514,-58.077,-1.514c-19.894,0.0,-40.778,-5.659,-58.077,1.514C99.912,42.987,89.224,62.031,75.709,75.546S43.15,99.749,35.713,117.682c-7.173,17.299,-1.514,38.184,-1.514,58.077c0.0,19.894,-5.659,40.778,1.514,58.077c7.436,17.933,26.481,28.622,39.996,42.136c13.515,13.515,24.203,32.559,42.136,39.996c17.299,7.173,38.184,1.514,58.077,1.514c19.894,0.0,40.778,5.659,58.077,-1.514c17.933,-7.436,28.622,-26.481,42.136,-39.996c13.515,-13.515,32.559,-24.203,39.996,-42.136C323.306,216.538,317.646,195.654,317.646,175.76z"" id=""XMLID_1727_"" style=""fill:#FFFEB9;"">
   </path>
  </g>
  <path d=""M298.729,175.76c0.0,-26.354,-21.364,-47.718,-47.718,-47.718v95.437C277.365,223.478,298.729,202.114,298.729,175.76z"" id=""XMLID_591_"" style=""fill:#FFE165;"">
  </path>
  <path d=""M53.117,175.76c0.0,26.354,21.364,47.718,47.718,47.718v-95.437C74.481,128.042,53.117,149.406,53.117,175.76z"" id=""XMLID_590_"" style=""fill:#FFE165;"">
  </path>
  <g id=""XMLID_1072_"">
   <circle cx=""175.923"" cy=""260.260"" id=""XMLID_589_"" r=""22"" style=""fill:#FFA250;"">
   </circle>
   <circle cx=""175.923"" cy=""91.260"" id=""XMLID_588_"" r=""22"" style=""fill:#FFA250;"">
   </circle>
  </g>
  <g id=""XMLID_1074_"">
   <g id=""XMLID_1075_"">
    <path d=""M218.667,251.834l1.205,-1.205c4.344,-4.344,11.388,-4.344,15.733,0.0l17.324,17.324c4.344,4.344,4.344,11.388,0.0,15.733l-1.205,1.205c-4.344,4.344,-11.388,4.344,-15.733,0.0l-17.324,-17.324C214.323,263.222,214.323,256.178,218.667,251.834z"" id=""XMLID_586_"" style=""fill:#FFE165;"">
    </path>
    <path d=""M98.917,251.834l1.205,-1.205c4.344,-4.344,11.388,-4.344,15.733,0.0l17.324,17.324c4.344,4.344,4.344,11.388,0.0,15.733l-1.205,1.205c-4.344,4.344,-11.388,4.344,-15.733,0.0l-17.324,-17.324C94.572,263.222,94.572,256.178,98.917,251.834z"" id=""XMLID_585_"" style=""fill:#FFE165;"">
    </path>
   </g>
   <g id=""XMLID_1076_"">
    <path d=""M218.667,67.834l1.205,-1.205c4.344,-4.344,11.388,-4.344,15.733,0.0l17.324,17.324c4.344,4.344,4.344,11.388,0.0,15.733l-1.205,1.205c-4.344,4.344,-11.388,4.344,-15.733,0.0l-17.324,-17.324C214.323,79.222,214.323,72.178,218.667,67.834z"" id=""XMLID_583_"" style=""fill:#FFE165;"">
    </path>
    <path d=""M98.917,67.834l1.205,-1.205c4.344,-4.344,11.388,-4.344,15.733,0.0l17.324,17.324c4.344,4.344,4.344,11.388,0.0,15.733l-1.205,1.205c-4.344,4.344,-11.388,4.344,-15.733,0.0L98.917,83.567C94.572,79.222,94.572,72.178,98.917,67.834z"" id=""XMLID_582_"" style=""fill:#FFE165;"">
    </path>
   </g>
  </g>
  <path d=""M159.321,160.861h33.203c8.194,0.0,14.899,6.704,14.899,14.899l0.0,0.0c0.0,8.194,-6.704,14.899,-14.899,14.899h-33.203c-8.194,0.0,-14.899,-6.704,-14.899,-14.899l0.0,0.0C144.423,167.566,151.127,160.861,159.321,160.861z"" id=""XMLID_579_"" style=""fill:#FFA250;"">
  </path>
 </g>
</svg>


Question: What type of object does the image represent?",Pizza,Plug,Flower,Clock,A,food
36,"Examine the following SVG code carefully and answer the question based on your interpretation of the rendered image.

<svg id=""Layer_1"" style=""enable-background:new 0 0 333.032 333.032;"" version=""1.1"" viewbox=""0 0 333.032 333.032"" x=""0px"" xml:space=""preserve"" y=""0px"">
 <g>
  <path d=""M231.767,91.044h-126.63c-52.854,0.0,-95.701,42.847,-95.701,95.701v15.939h318.032v-15.939C327.468,133.891,284.621,91.044,231.767,91.044z"" style=""fill:#FFE49C;"">
  </path>
  <path d=""M306.468,247.225H30.436c-11.598,0.0,-21.0,-9.402,-21.0,-21.0v-23.542h318.032v23.542C327.468,237.824,318.066,247.225,306.468,247.225z"" style=""fill:#F59D00;"">
  </path>
  <path d=""M231.767,83.544h-126.63C48.232,83.544,1.936,129.839,1.936,186.744c0.0,13.147,0.0,26.288,0.0,39.481c0.0,15.715,12.785,28.5,28.5,28.5h276.032c15.715,0.0,28.5,-12.785,28.5,-28.5c0.0,-13.178,0.0,-26.32,0.0,-39.481C334.968,129.839,288.672,83.544,231.767,83.544zM16.936,186.744c0.0,-47.149,37.188,-85.775,83.774,-88.089v35.387c0.0,4.143,3.358,7.5,7.5,7.5s7.5,-3.357,7.5,-7.5V98.544h45.242v35.498c0.0,4.143,3.358,7.5,7.5,7.5s7.5,-3.357,7.5,-7.5V98.544h45.242v35.498c0.0,4.143,3.358,7.5,7.5,7.5s7.5,-3.357,7.5,-7.5V98.655c46.585,2.314,83.774,40.94,83.774,88.089v8.439H16.936V186.744zM319.968,226.225c0.0,7.444,-6.056,13.5,-13.5,13.5H30.436c-7.444,0.0,-13.5,-6.056,-13.5,-13.5v-16.042h303.032V226.225z"" style=""fill:#414042;"">
  </path>
 </g>
</svg>


Question: What is the primary color of the top half of the object?",Blue,Yellow,Green,Red,B,food
37,"Examine the following SVG code carefully and answer the question based on your interpretation of the rendered image.

<svg id=""Layer_1"" style=""enable-background:new 0 0 333.032 333.032;"" version=""1.1"" viewbox=""0 0 333.032 333.032"" x=""0px"" xml:space=""preserve"" y=""0px"">
 <g>
  <path d=""M231.767,91.044h-126.63c-52.854,0.0,-95.701,42.847,-95.701,95.701v15.939h318.032v-15.939C327.468,133.891,284.621,91.044,231.767,91.044z"" style=""fill:#FFE49C;"">
  </path>
  <path d=""M306.468,247.225H30.436c-11.598,0.0,-21.0,-9.402,-21.0,-21.0v-23.542h318.032v23.542C327.468,237.824,318.066,247.225,306.468,247.225z"" style=""fill:#F59D00;"">
  </path>
  <path d=""M231.767,83.544h-126.63C48.232,83.544,1.936,129.839,1.936,186.744c0.0,13.147,0.0,26.288,0.0,39.481c0.0,15.715,12.785,28.5,28.5,28.5h276.032c15.715,0.0,28.5,-12.785,28.5,-28.5c0.0,-13.178,0.0,-26.32,0.0,-39.481C334.968,129.839,288.672,83.544,231.767,83.544zM16.936,186.744c0.0,-47.149,37.188,-85.775,83.774,-88.089v35.387c0.0,4.143,3.358,7.5,7.5,7.5s7.5,-3.357,7.5,-7.5V98.544h45.242v35.498c0.0,4.143,3.358,7.5,7.5,7.5s7.5,-3.357,7.5,-7.5V98.544h45.242v35.498c0.0,4.143,3.358,7.5,7.5,7.5s7.5,-3.357,7.5,-7.5V98.655c46.585,2.314,83.774,40.94,83.774,88.089v8.439H16.936V186.744zM319.968,226.225c0.0,7.444,-6.056,13.5,-13.5,13.5H30.436c-7.444,0.0,-13.5,-6.056,-13.5,-13.5v-16.042h303.032V226.225z"" style=""fill:#414042;"">
  </path>
 </g>
</svg>


Question: How many vertical lines are present on the top half of the object?",One,Two,Three,Four,C,food
38,"Examine the following SVG code carefully and answer the question based on your interpretation of the rendered image.

<svg id=""Layer_1"" style=""enable-background:new 0 0 333.032 333.032;"" version=""1.1"" viewbox=""0 0 333.032 333.032"" x=""0px"" xml:space=""preserve"" y=""0px"">
 <g>
  <path d=""M231.767,91.044h-126.63c-52.854,0.0,-95.701,42.847,-95.701,95.701v15.939h318.032v-15.939C327.468,133.891,284.621,91.044,231.767,91.044z"" style=""fill:#FFE49C;"">
  </path>
  <path d=""M306.468,247.225H30.436c-11.598,0.0,-21.0,-9.402,-21.0,-21.0v-23.542h318.032v23.542C327.468,237.824,318.066,247.225,306.468,247.225z"" style=""fill:#F59D00;"">
  </path>
  <path d=""M231.767,83.544h-126.63C48.232,83.544,1.936,129.839,1.936,186.744c0.0,13.147,0.0,26.288,0.0,39.481c0.0,15.715,12.785,28.5,28.5,28.5h276.032c15.715,0.0,28.5,-12.785,28.5,-28.5c0.0,-13.178,0.0,-26.32,0.0,-39.481C334.968,129.839,288.672,83.544,231.767,83.544zM16.936,186.744c0.0,-47.149,37.188,-85.775,83.774,-88.089v35.387c0.0,4.143,3.358,7.5,7.5,7.5s7.5,-3.357,7.5,-7.5V98.544h45.242v35.498c0.0,4.143,3.358,7.5,7.5,7.5s7.5,-3.357,7.5,-7.5V98.544h45.242v35.498c0.0,4.143,3.358,7.5,7.5,7.5s7.5,-3.357,7.5,-7.5V98.655c46.585,2.314,83.774,40.94,83.774,88.089v8.439H16.936V186.744zM319.968,226.225c0.0,7.444,-6.056,13.5,-13.5,13.5H30.436c-7.444,0.0,-13.5,-6.056,-13.5,-13.5v-16.042h303.032V226.225z"" style=""fill:#414042;"">
  </path>
 </g>
</svg>


Question: What shape best describes the overall form of the object?",Circle,Triangle,Square,Semi-circle,D,food
39,"Examine the following SVG code carefully and answer the question based on your interpretation of the rendered image.

<svg id=""Layer_1"" style=""enable-background:new 0 0 333.032 333.032;"" version=""1.1"" viewbox=""0 0 333.032 333.032"" x=""0px"" xml:space=""preserve"" y=""0px"">
 <g>
  <path d=""M231.767,91.044h-126.63c-52.854,0.0,-95.701,42.847,-95.701,95.701v15.939h318.032v-15.939C327.468,133.891,284.621,91.044,231.767,91.044z"" style=""fill:#FFE49C;"">
  </path>
  <path d=""M306.468,247.225H30.436c-11.598,0.0,-21.0,-9.402,-21.0,-21.0v-23.542h318.032v23.542C327.468,237.824,318.066,247.225,306.468,247.225z"" style=""fill:#F59D00;"">
  </path>
  <path d=""M231.767,83.544h-126.63C48.232,83.544,1.936,129.839,1.936,186.744c0.0,13.147,0.0,26.288,0.0,39.481c0.0,15.715,12.785,28.5,28.5,28.5h276.032c15.715,0.0,28.5,-12.785,28.5,-28.5c0.0,-13.178,0.0,-26.32,0.0,-39.481C334.968,129.839,288.672,83.544,231.767,83.544zM16.936,186.744c0.0,-47.149,37.188,-85.775,83.774,-88.089v35.387c0.0,4.143,3.358,7.5,7.5,7.5s7.5,-3.357,7.5,-7.5V98.544h45.242v35.498c0.0,4.143,3.358,7.5,7.5,7.5s7.5,-3.357,7.5,-7.5V98.544h45.242v35.498c0.0,4.143,3.358,7.5,7.5,7.5s7.5,-3.357,7.5,-7.5V98.655c46.585,2.314,83.774,40.94,83.774,88.089v8.439H16.936V186.744zM319.968,226.225c0.0,7.444,-6.056,13.5,-13.5,13.5H30.436c-7.444,0.0,-13.5,-6.056,-13.5,-13.5v-16.042h303.032V226.225z"" style=""fill:#414042;"">
  </path>
 </g>
</svg>


Question: What is the object in the image?",bread,book,hat,car,A,food
52,"Examine the following SVG code carefully and answer the question based on your interpretation of the rendered image.

<svg id=""Capa_1"" style=""enable-background:new 0 0 297 297;"" version=""1.1"" viewbox=""0 0 297 297"" x=""0px"" xml:space=""preserve"" y=""0px"">
 <g>
  <path d=""M293.496,107.636c-7.6,-18.688,-21.867,-39.06,-40.171,-57.363c-28.46,-28.46,-60.609,-46.141,-83.9,-46.141c-9.049,0.0,-16.722,2.74,-22.27,7.922c-6.41,4.834,-60.708,47.871,-67.199,122.547c-4.157,47.809,-31.03,56.643,-32.993,57.225c-3.599,0.822,-6.338,3.5,-7.372,7.05c-1.038,3.569,0.087,7.388,2.715,10.017l5.501,5.501l-6.37,6.37c-3.531,-1.571,-7.387,-2.43,-11.296,-2.46c-0.075,-0.001,-0.149,-0.001,-0.224,-0.001c-7.3,0.0,-14.129,2.773,-19.246,7.819c-10.86,10.697,-10.996,28.242,-0.307,39.106c4.518,4.597,10.362,7.416,16.686,8.098c0.57,6.123,3.171,12.094,7.809,16.809c5.183,5.27,12.105,8.201,19.491,8.258c0.073,0.002,0.145,0.002,0.216,0.002c7.304,-0.002,14.183,-2.821,19.387,-7.954c8.312,-8.192,10.339,-20.4,6.031,-30.546l6.662,-6.661l8.968,8.968c1.937,1.936,4.538,2.983,7.203,2.983c0.903,0.0,1.816,-0.121,2.711,-0.367c3.534,-0.977,6.271,-3.776,7.165,-7.333c0.073,-0.287,7.79,-28.771,56.48,-33.858c75.418,-7.878,118.652,-62.325,122.476,-67.329C301.336,145.804,302.022,128.598,293.496,107.636zM238.92,64.678c16.427,16.425,29.107,34.407,35.707,50.633c5.221,12.837,5.944,23.331,1.887,27.388c-1.712,1.713,-4.581,2.582,-8.527,2.582c-14.597,0.0,-41.746,-12.423,-69.496,-40.174c-16.426,-16.425,-29.105,-34.407,-35.705,-50.635c-5.222,-12.836,-5.944,-23.331,-1.886,-27.389c1.712,-1.712,4.579,-2.58,8.525,-2.58C184.021,24.503,211.168,36.925,238.92,64.678zM59.735,265.623c2.816,2.863,2.78,7.487,-0.083,10.31c-1.381,1.36,-3.191,2.105,-5.146,2.089c-1.94,-0.015,-3.76,-0.787,-5.123,-2.174c-2.82,-2.865,-2.785,-7.488,0.076,-10.305c2.023,-1.992,3.039,-4.623,3.04,-7.255c0.001,-2.581,-0.973,-5.164,-2.927,-7.149c-3.946,-4.01,-10.394,-4.061,-14.403,-0.114c-1.372,1.35,-3.181,2.091,-5.101,2.091c-0.021,0.0,-0.04,0.0,-0.059,0.0c-1.94,-0.015,-3.758,-0.786,-5.122,-2.174c-2.819,-2.865,-2.784,-7.49,0.083,-10.314c1.718,-1.693,3.819,-1.956,4.955,-1.956c0.021,0.0,0.039,0.0,0.057,0.0c2.08,0.016,4.091,0.857,5.518,2.309c1.905,1.936,4.504,3.032,7.221,3.044c0.014,0.0,0.027,0.0,0.042,0.0c2.701,0.0,5.292,-1.071,7.203,-2.982l12.246,-12.245l10.031,10.031l-12.45,12.447C55.837,255.232,55.812,261.637,59.735,265.623zM167.056,203.364c-39.127,4.088,-58.112,21.538,-66.965,34.504l-33.5,-33.5c12.914,-8.946,30.197,-28.192,33.66,-68.003c3.492,-40.183,23.315,-70.452,39.129,-88.628c0.99,4.563,2.487,9.374,4.535,14.41c7.601,18.688,21.867,39.059,40.171,57.363c23.666,23.666,49.879,39.867,71.434,44.656C237.303,179.72,207.155,199.176,167.056,203.364z"">
  </path>
  <path d=""M225.273,78.322c11.325,11.325,17.566,23.446,13.94,27.072s-15.747,-2.615,-27.072,-13.94s-17.566,-23.446,-13.94,-27.072C201.827,60.756,213.947,66.997,225.273,78.322z"">
  </path>
 </g>
</svg>


Question: What shape is the object in the image?",Circular,Triangular,Rectangular,Irregular,D,food
53,"Examine the following SVG code carefully and answer the question based on your interpretation of the rendered image.

<svg id=""Capa_1"" style=""enable-background:new 0 0 297 297;"" version=""1.1"" viewbox=""0 0 297 297"" x=""0px"" xml:space=""preserve"" y=""0px"">
 <g>
  <path d=""M293.496,107.636c-7.6,-18.688,-21.867,-39.06,-40.171,-57.363c-28.46,-28.46,-60.609,-46.141,-83.9,-46.141c-9.049,0.0,-16.722,2.74,-22.27,7.922c-6.41,4.834,-60.708,47.871,-67.199,122.547c-4.157,47.809,-31.03,56.643,-32.993,57.225c-3.599,0.822,-6.338,3.5,-7.372,7.05c-1.038,3.569,0.087,7.388,2.715,10.017l5.501,5.501l-6.37,6.37c-3.531,-1.571,-7.387,-2.43,-11.296,-2.46c-0.075,-0.001,-0.149,-0.001,-0.224,-0.001c-7.3,0.0,-14.129,2.773,-19.246,7.819c-10.86,10.697,-10.996,28.242,-0.307,39.106c4.518,4.597,10.362,7.416,16.686,8.098c0.57,6.123,3.171,12.094,7.809,16.809c5.183,5.27,12.105,8.201,19.491,8.258c0.073,0.002,0.145,0.002,0.216,0.002c7.304,-0.002,14.183,-2.821,19.387,-7.954c8.312,-8.192,10.339,-20.4,6.031,-30.546l6.662,-6.661l8.968,8.968c1.937,1.936,4.538,2.983,7.203,2.983c0.903,0.0,1.816,-0.121,2.711,-0.367c3.534,-0.977,6.271,-3.776,7.165,-7.333c0.073,-0.287,7.79,-28.771,56.48,-33.858c75.418,-7.878,118.652,-62.325,122.476,-67.329C301.336,145.804,302.022,128.598,293.496,107.636zM238.92,64.678c16.427,16.425,29.107,34.407,35.707,50.633c5.221,12.837,5.944,23.331,1.887,27.388c-1.712,1.713,-4.581,2.582,-8.527,2.582c-14.597,0.0,-41.746,-12.423,-69.496,-40.174c-16.426,-16.425,-29.105,-34.407,-35.705,-50.635c-5.222,-12.836,-5.944,-23.331,-1.886,-27.389c1.712,-1.712,4.579,-2.58,8.525,-2.58C184.021,24.503,211.168,36.925,238.92,64.678zM59.735,265.623c2.816,2.863,2.78,7.487,-0.083,10.31c-1.381,1.36,-3.191,2.105,-5.146,2.089c-1.94,-0.015,-3.76,-0.787,-5.123,-2.174c-2.82,-2.865,-2.785,-7.488,0.076,-10.305c2.023,-1.992,3.039,-4.623,3.04,-7.255c0.001,-2.581,-0.973,-5.164,-2.927,-7.149c-3.946,-4.01,-10.394,-4.061,-14.403,-0.114c-1.372,1.35,-3.181,2.091,-5.101,2.091c-0.021,0.0,-0.04,0.0,-0.059,0.0c-1.94,-0.015,-3.758,-0.786,-5.122,-2.174c-2.819,-2.865,-2.784,-7.49,0.083,-10.314c1.718,-1.693,3.819,-1.956,4.955,-1.956c0.021,0.0,0.039,0.0,0.057,0.0c2.08,0.016,4.091,0.857,5.518,2.309c1.905,1.936,4.504,3.032,7.221,3.044c0.014,0.0,0.027,0.0,0.042,0.0c2.701,0.0,5.292,-1.071,7.203,-2.982l12.246,-12.245l10.031,10.031l-12.45,12.447C55.837,255.232,55.812,261.637,59.735,265.623zM167.056,203.364c-39.127,4.088,-58.112,21.538,-66.965,34.504l-33.5,-33.5c12.914,-8.946,30.197,-28.192,33.66,-68.003c3.492,-40.183,23.315,-70.452,39.129,-88.628c0.99,4.563,2.487,9.374,4.535,14.41c7.601,18.688,21.867,39.059,40.171,57.363c23.666,23.666,49.879,39.867,71.434,44.656C237.303,179.72,207.155,199.176,167.056,203.364z"">
  </path>
  <path d=""M225.273,78.322c11.325,11.325,17.566,23.446,13.94,27.072s-15.747,-2.615,-27.072,-13.94s-17.566,-23.446,-13.94,-27.072C201.827,60.756,213.947,66.997,225.273,78.322z"">
  </path>
 </g>
</svg>


Question: What is the prominent feature inside the larger shape?",star,circle,square,oval,D,food
54,"Examine the following SVG code carefully and answer the question based on your interpretation of the rendered image.

<svg id=""Capa_1"" style=""enable-background:new 0 0 297 297;"" version=""1.1"" viewbox=""0 0 297 297"" x=""0px"" xml:space=""preserve"" y=""0px"">
 <g>
  <path d=""M293.496,107.636c-7.6,-18.688,-21.867,-39.06,-40.171,-57.363c-28.46,-28.46,-60.609,-46.141,-83.9,-46.141c-9.049,0.0,-16.722,2.74,-22.27,7.922c-6.41,4.834,-60.708,47.871,-67.199,122.547c-4.157,47.809,-31.03,56.643,-32.993,57.225c-3.599,0.822,-6.338,3.5,-7.372,7.05c-1.038,3.569,0.087,7.388,2.715,10.017l5.501,5.501l-6.37,6.37c-3.531,-1.571,-7.387,-2.43,-11.296,-2.46c-0.075,-0.001,-0.149,-0.001,-0.224,-0.001c-7.3,0.0,-14.129,2.773,-19.246,7.819c-10.86,10.697,-10.996,28.242,-0.307,39.106c4.518,4.597,10.362,7.416,16.686,8.098c0.57,6.123,3.171,12.094,7.809,16.809c5.183,5.27,12.105,8.201,19.491,8.258c0.073,0.002,0.145,0.002,0.216,0.002c7.304,-0.002,14.183,-2.821,19.387,-7.954c8.312,-8.192,10.339,-20.4,6.031,-30.546l6.662,-6.661l8.968,8.968c1.937,1.936,4.538,2.983,7.203,2.983c0.903,0.0,1.816,-0.121,2.711,-0.367c3.534,-0.977,6.271,-3.776,7.165,-7.333c0.073,-0.287,7.79,-28.771,56.48,-33.858c75.418,-7.878,118.652,-62.325,122.476,-67.329C301.336,145.804,302.022,128.598,293.496,107.636zM238.92,64.678c16.427,16.425,29.107,34.407,35.707,50.633c5.221,12.837,5.944,23.331,1.887,27.388c-1.712,1.713,-4.581,2.582,-8.527,2.582c-14.597,0.0,-41.746,-12.423,-69.496,-40.174c-16.426,-16.425,-29.105,-34.407,-35.705,-50.635c-5.222,-12.836,-5.944,-23.331,-1.886,-27.389c1.712,-1.712,4.579,-2.58,8.525,-2.58C184.021,24.503,211.168,36.925,238.92,64.678zM59.735,265.623c2.816,2.863,2.78,7.487,-0.083,10.31c-1.381,1.36,-3.191,2.105,-5.146,2.089c-1.94,-0.015,-3.76,-0.787,-5.123,-2.174c-2.82,-2.865,-2.785,-7.488,0.076,-10.305c2.023,-1.992,3.039,-4.623,3.04,-7.255c0.001,-2.581,-0.973,-5.164,-2.927,-7.149c-3.946,-4.01,-10.394,-4.061,-14.403,-0.114c-1.372,1.35,-3.181,2.091,-5.101,2.091c-0.021,0.0,-0.04,0.0,-0.059,0.0c-1.94,-0.015,-3.758,-0.786,-5.122,-2.174c-2.819,-2.865,-2.784,-7.49,0.083,-10.314c1.718,-1.693,3.819,-1.956,4.955,-1.956c0.021,0.0,0.039,0.0,0.057,0.0c2.08,0.016,4.091,0.857,5.518,2.309c1.905,1.936,4.504,3.032,7.221,3.044c0.014,0.0,0.027,0.0,0.042,0.0c2.701,0.0,5.292,-1.071,7.203,-2.982l12.246,-12.245l10.031,10.031l-12.45,12.447C55.837,255.232,55.812,261.637,59.735,265.623zM167.056,203.364c-39.127,4.088,-58.112,21.538,-66.965,34.504l-33.5,-33.5c12.914,-8.946,30.197,-28.192,33.66,-68.003c3.492,-40.183,23.315,-70.452,39.129,-88.628c0.99,4.563,2.487,9.374,4.535,14.41c7.601,18.688,21.867,39.059,40.171,57.363c23.666,23.666,49.879,39.867,71.434,44.656C237.303,179.72,207.155,199.176,167.056,203.364z"">
  </path>
  <path d=""M225.273,78.322c11.325,11.325,17.566,23.446,13.94,27.072s-15.747,-2.615,-27.072,-13.94s-17.566,-23.446,-13.94,-27.072C201.827,60.756,213.947,66.997,225.273,78.322z"">
  </path>
 </g>
</svg>


Question: How many small circles are there at the bottom left of the object?",Two,One,Three,Four,A,food
55,"Examine the following SVG code carefully and answer the question based on your interpretation of the rendered image.

<svg id=""Capa_1"" style=""enable-background:new 0 0 297 297;"" version=""1.1"" viewbox=""0 0 297 297"" x=""0px"" xml:space=""preserve"" y=""0px"">
 <g>
  <path d=""M293.496,107.636c-7.6,-18.688,-21.867,-39.06,-40.171,-57.363c-28.46,-28.46,-60.609,-46.141,-83.9,-46.141c-9.049,0.0,-16.722,2.74,-22.27,7.922c-6.41,4.834,-60.708,47.871,-67.199,122.547c-4.157,47.809,-31.03,56.643,-32.993,57.225c-3.599,0.822,-6.338,3.5,-7.372,7.05c-1.038,3.569,0.087,7.388,2.715,10.017l5.501,5.501l-6.37,6.37c-3.531,-1.571,-7.387,-2.43,-11.296,-2.46c-0.075,-0.001,-0.149,-0.001,-0.224,-0.001c-7.3,0.0,-14.129,2.773,-19.246,7.819c-10.86,10.697,-10.996,28.242,-0.307,39.106c4.518,4.597,10.362,7.416,16.686,8.098c0.57,6.123,3.171,12.094,7.809,16.809c5.183,5.27,12.105,8.201,19.491,8.258c0.073,0.002,0.145,0.002,0.216,0.002c7.304,-0.002,14.183,-2.821,19.387,-7.954c8.312,-8.192,10.339,-20.4,6.031,-30.546l6.662,-6.661l8.968,8.968c1.937,1.936,4.538,2.983,7.203,2.983c0.903,0.0,1.816,-0.121,2.711,-0.367c3.534,-0.977,6.271,-3.776,7.165,-7.333c0.073,-0.287,7.79,-28.771,56.48,-33.858c75.418,-7.878,118.652,-62.325,122.476,-67.329C301.336,145.804,302.022,128.598,293.496,107.636zM238.92,64.678c16.427,16.425,29.107,34.407,35.707,50.633c5.221,12.837,5.944,23.331,1.887,27.388c-1.712,1.713,-4.581,2.582,-8.527,2.582c-14.597,0.0,-41.746,-12.423,-69.496,-40.174c-16.426,-16.425,-29.105,-34.407,-35.705,-50.635c-5.222,-12.836,-5.944,-23.331,-1.886,-27.389c1.712,-1.712,4.579,-2.58,8.525,-2.58C184.021,24.503,211.168,36.925,238.92,64.678zM59.735,265.623c2.816,2.863,2.78,7.487,-0.083,10.31c-1.381,1.36,-3.191,2.105,-5.146,2.089c-1.94,-0.015,-3.76,-0.787,-5.123,-2.174c-2.82,-2.865,-2.785,-7.488,0.076,-10.305c2.023,-1.992,3.039,-4.623,3.04,-7.255c0.001,-2.581,-0.973,-5.164,-2.927,-7.149c-3.946,-4.01,-10.394,-4.061,-14.403,-0.114c-1.372,1.35,-3.181,2.091,-5.101,2.091c-0.021,0.0,-0.04,0.0,-0.059,0.0c-1.94,-0.015,-3.758,-0.786,-5.122,-2.174c-2.819,-2.865,-2.784,-7.49,0.083,-10.314c1.718,-1.693,3.819,-1.956,4.955,-1.956c0.021,0.0,0.039,0.0,0.057,0.0c2.08,0.016,4.091,0.857,5.518,2.309c1.905,1.936,4.504,3.032,7.221,3.044c0.014,0.0,0.027,0.0,0.042,0.0c2.701,0.0,5.292,-1.071,7.203,-2.982l12.246,-12.245l10.031,10.031l-12.45,12.447C55.837,255.232,55.812,261.637,59.735,265.623zM167.056,203.364c-39.127,4.088,-58.112,21.538,-66.965,34.504l-33.5,-33.5c12.914,-8.946,30.197,-28.192,33.66,-68.003c3.492,-40.183,23.315,-70.452,39.129,-88.628c0.99,4.563,2.487,9.374,4.535,14.41c7.601,18.688,21.867,39.059,40.171,57.363c23.666,23.666,49.879,39.867,71.434,44.656C237.303,179.72,207.155,199.176,167.056,203.364z"">
  </path>
  <path d=""M225.273,78.322c11.325,11.325,17.566,23.446,13.94,27.072s-15.747,-2.615,-27.072,-13.94s-17.566,-23.446,-13.94,-27.072C201.827,60.756,213.947,66.997,225.273,78.322z"">
  </path>
 </g>
</svg>


Question: What does the object in the image represent?",bulb,meat,leaf,key,B,food
64,"Examine the following SVG code carefully and answer the question based on your interpretation of the rendered image.

<svg id=""Layer_1"" style=""enable-background:new 0 0 511.876 511.876;"" version=""1.1"" viewbox=""0 0 511.876 511.876"" x=""0px"" xml:space=""preserve"" y=""0px"">
 <g>
  <g>
   <path d=""M505.359,15.112c-5.521,-6.391,-13.389,-9.873,-23.407,-10.334C425.948,2.056,299.356,101.0,199.166,200.106C80.758,317.234,4.154,426.751,4.0,479.112c-0.034,11.341,3.277,20.42,9.847,26.991c7.262,7.262,16.802,10.496,28.058,10.496c75.546,-0.026,227.755,-145.63,277.905,-195.78C377.342,263.287,560.527,71.432,505.359,15.112zM158.582,419.694c-6.613,3.814,-14.046,5.658,-21.444,5.658c-11.162,0.0,-22.238,-4.207,-30.285,-12.254c-6.281,-6.289,-15.753,-8.772,-24.713,-6.477c-4.548,1.195,-9.208,-1.596,-10.377,-6.161c-1.161,-4.565,1.596,-9.216,6.161,-10.377c14.754,-3.772,30.473,0.418,40.994,10.948c8.03,8.021,21.12,9.651,31.147,3.874c4.079,-2.347,9.31,-0.947,11.657,3.132C164.069,412.125,162.669,417.339,158.582,419.694zM227.531,352.759c-8.175,8.175,-19.174,12.262,-30.165,12.262c-10.999,0.0,-21.99,-4.087,-30.174,-12.262c-9.421,-9.429,-26.778,-9.429,-36.207,0.0c-3.328,3.336,-8.73,3.336,-12.066,0.0c-3.328,-3.337,-3.328,-8.73,0.0,-12.066c7.936,-7.936,18.654,-12.305,30.174,-12.305s22.229,4.369,30.165,12.305c9.822,9.805,26.394,9.805,36.207,0.0c3.337,-3.337,8.738,-3.337,12.066,0.0C230.868,344.029,230.868,349.431,227.531,352.759zM287.87,292.42c-8.175,8.175,-19.166,12.262,-30.165,12.262c-10.999,0.0,-21.999,-4.087,-30.174,-12.262c-9.421,-9.429,-26.778,-9.429,-36.198,0.0c-3.328,3.328,-8.738,3.328,-12.066,0.0c-3.336,-3.328,-3.336,-8.738,0.0,-12.066c7.927,-7.945,18.645,-12.314,30.165,-12.314c11.52,0.0,22.238,4.369,30.165,12.314c9.813,9.796,26.385,9.805,36.207,0.0c3.337,-3.337,8.738,-3.337,12.066,0.0C291.207,283.681,291.207,289.083,287.87,292.42zM348.209,232.08c-8.175,8.175,-19.174,12.262,-30.165,12.262c-11.0,0.0,-21.99,-4.087,-30.165,-12.262c-9.822,-9.813,-26.394,-9.813,-36.207,0.0c-3.337,3.336,-8.738,3.336,-12.075,0.0c-3.328,-3.337,-3.328,-8.738,0.0,-12.066c16.35,-16.358,43.998,-16.358,60.348,0.0c9.805,9.805,26.385,9.805,36.198,0.0c3.337,-3.337,8.738,-3.337,12.066,0.0C351.546,223.342,351.546,228.752,348.209,232.08zM408.549,171.741c-7.927,7.936,-18.645,12.305,-30.165,12.305c-11.52,0.0,-22.238,-4.369,-30.174,-12.305c-9.813,-9.813,-26.385,-9.822,-36.198,0.0c-3.337,3.328,-8.738,3.328,-12.066,0.0c-3.337,-3.337,-3.337,-8.738,0.0,-12.066c16.35,-16.367,43.989,-16.358,60.339,0.0c9.421,9.421,26.778,9.421,36.198,0.0c3.328,-3.336,8.738,-3.336,12.066,0.0C411.885,163.003,411.885,168.405,408.549,171.741zM449.543,122.35c-3.575,0.913,-7.219,1.357,-10.82,1.357c-11.255,0.0,-22.204,-4.344,-30.174,-12.314c-8.013,-8.021,-21.111,-9.651,-31.138,-3.866c-4.087,2.338,-9.301,0.947,-11.657,-3.14c-2.347,-4.079,-0.947,-9.301,3.14,-11.657c16.589,-9.54,38.34,-6.784,51.729,6.596c6.281,6.289,15.753,8.781,24.704,6.485c4.565,-1.178,9.207,1.596,10.377,6.161C456.864,116.539,454.108,121.181,449.543,122.35z"">
   </path>
  </g>
 </g>
</svg>


Question: What is the shape of the object?",Circular,Rectangular,Elliptical,Triangular,C,food
65,"Examine the following SVG code carefully and answer the question based on your interpretation of the rendered image.

<svg id=""Layer_1"" style=""enable-background:new 0 0 511.876 511.876;"" version=""1.1"" viewbox=""0 0 511.876 511.876"" x=""0px"" xml:space=""preserve"" y=""0px"">
 <g>
  <g>
   <path d=""M505.359,15.112c-5.521,-6.391,-13.389,-9.873,-23.407,-10.334C425.948,2.056,299.356,101.0,199.166,200.106C80.758,317.234,4.154,426.751,4.0,479.112c-0.034,11.341,3.277,20.42,9.847,26.991c7.262,7.262,16.802,10.496,28.058,10.496c75.546,-0.026,227.755,-145.63,277.905,-195.78C377.342,263.287,560.527,71.432,505.359,15.112zM158.582,419.694c-6.613,3.814,-14.046,5.658,-21.444,5.658c-11.162,0.0,-22.238,-4.207,-30.285,-12.254c-6.281,-6.289,-15.753,-8.772,-24.713,-6.477c-4.548,1.195,-9.208,-1.596,-10.377,-6.161c-1.161,-4.565,1.596,-9.216,6.161,-10.377c14.754,-3.772,30.473,0.418,40.994,10.948c8.03,8.021,21.12,9.651,31.147,3.874c4.079,-2.347,9.31,-0.947,11.657,3.132C164.069,412.125,162.669,417.339,158.582,419.694zM227.531,352.759c-8.175,8.175,-19.174,12.262,-30.165,12.262c-10.999,0.0,-21.99,-4.087,-30.174,-12.262c-9.421,-9.429,-26.778,-9.429,-36.207,0.0c-3.328,3.336,-8.73,3.336,-12.066,0.0c-3.328,-3.337,-3.328,-8.73,0.0,-12.066c7.936,-7.936,18.654,-12.305,30.174,-12.305s22.229,4.369,30.165,12.305c9.822,9.805,26.394,9.805,36.207,0.0c3.337,-3.337,8.738,-3.337,12.066,0.0C230.868,344.029,230.868,349.431,227.531,352.759zM287.87,292.42c-8.175,8.175,-19.166,12.262,-30.165,12.262c-10.999,0.0,-21.999,-4.087,-30.174,-12.262c-9.421,-9.429,-26.778,-9.429,-36.198,0.0c-3.328,3.328,-8.738,3.328,-12.066,0.0c-3.336,-3.328,-3.336,-8.738,0.0,-12.066c7.927,-7.945,18.645,-12.314,30.165,-12.314c11.52,0.0,22.238,4.369,30.165,12.314c9.813,9.796,26.385,9.805,36.207,0.0c3.337,-3.337,8.738,-3.337,12.066,0.0C291.207,283.681,291.207,289.083,287.87,292.42zM348.209,232.08c-8.175,8.175,-19.174,12.262,-30.165,12.262c-11.0,0.0,-21.99,-4.087,-30.165,-12.262c-9.822,-9.813,-26.394,-9.813,-36.207,0.0c-3.337,3.336,-8.738,3.336,-12.075,0.0c-3.328,-3.337,-3.328,-8.738,0.0,-12.066c16.35,-16.358,43.998,-16.358,60.348,0.0c9.805,9.805,26.385,9.805,36.198,0.0c3.337,-3.337,8.738,-3.337,12.066,0.0C351.546,223.342,351.546,228.752,348.209,232.08zM408.549,171.741c-7.927,7.936,-18.645,12.305,-30.165,12.305c-11.52,0.0,-22.238,-4.369,-30.174,-12.305c-9.813,-9.813,-26.385,-9.822,-36.198,0.0c-3.337,3.328,-8.738,3.328,-12.066,0.0c-3.337,-3.337,-3.337,-8.738,0.0,-12.066c16.35,-16.367,43.989,-16.358,60.339,0.0c9.421,9.421,26.778,9.421,36.198,0.0c3.328,-3.336,8.738,-3.336,12.066,0.0C411.885,163.003,411.885,168.405,408.549,171.741zM449.543,122.35c-3.575,0.913,-7.219,1.357,-10.82,1.357c-11.255,0.0,-22.204,-4.344,-30.174,-12.314c-8.013,-8.021,-21.111,-9.651,-31.138,-3.866c-4.087,2.338,-9.301,0.947,-11.657,-3.14c-2.347,-4.079,-0.947,-9.301,3.14,-11.657c16.589,-9.54,38.34,-6.784,51.729,6.596c6.281,6.289,15.753,8.781,24.704,6.485c4.565,-1.178,9.207,1.596,10.377,6.161C456.864,116.539,454.108,121.181,449.543,122.35z"">
   </path>
  </g>
 </g>
</svg>


Question: How many wavy lines are present on the object?",3,4,5,6,D,food
66,"Examine the following SVG code carefully and answer the question based on your interpretation of the rendered image.

<svg id=""Layer_1"" style=""enable-background:new 0 0 511.876 511.876;"" version=""1.1"" viewbox=""0 0 511.876 511.876"" x=""0px"" xml:space=""preserve"" y=""0px"">
 <g>
  <g>
   <path d=""M505.359,15.112c-5.521,-6.391,-13.389,-9.873,-23.407,-10.334C425.948,2.056,299.356,101.0,199.166,200.106C80.758,317.234,4.154,426.751,4.0,479.112c-0.034,11.341,3.277,20.42,9.847,26.991c7.262,7.262,16.802,10.496,28.058,10.496c75.546,-0.026,227.755,-145.63,277.905,-195.78C377.342,263.287,560.527,71.432,505.359,15.112zM158.582,419.694c-6.613,3.814,-14.046,5.658,-21.444,5.658c-11.162,0.0,-22.238,-4.207,-30.285,-12.254c-6.281,-6.289,-15.753,-8.772,-24.713,-6.477c-4.548,1.195,-9.208,-1.596,-10.377,-6.161c-1.161,-4.565,1.596,-9.216,6.161,-10.377c14.754,-3.772,30.473,0.418,40.994,10.948c8.03,8.021,21.12,9.651,31.147,3.874c4.079,-2.347,9.31,-0.947,11.657,3.132C164.069,412.125,162.669,417.339,158.582,419.694zM227.531,352.759c-8.175,8.175,-19.174,12.262,-30.165,12.262c-10.999,0.0,-21.99,-4.087,-30.174,-12.262c-9.421,-9.429,-26.778,-9.429,-36.207,0.0c-3.328,3.336,-8.73,3.336,-12.066,0.0c-3.328,-3.337,-3.328,-8.73,0.0,-12.066c7.936,-7.936,18.654,-12.305,30.174,-12.305s22.229,4.369,30.165,12.305c9.822,9.805,26.394,9.805,36.207,0.0c3.337,-3.337,8.738,-3.337,12.066,0.0C230.868,344.029,230.868,349.431,227.531,352.759zM287.87,292.42c-8.175,8.175,-19.166,12.262,-30.165,12.262c-10.999,0.0,-21.999,-4.087,-30.174,-12.262c-9.421,-9.429,-26.778,-9.429,-36.198,0.0c-3.328,3.328,-8.738,3.328,-12.066,0.0c-3.336,-3.328,-3.336,-8.738,0.0,-12.066c7.927,-7.945,18.645,-12.314,30.165,-12.314c11.52,0.0,22.238,4.369,30.165,12.314c9.813,9.796,26.385,9.805,36.207,0.0c3.337,-3.337,8.738,-3.337,12.066,0.0C291.207,283.681,291.207,289.083,287.87,292.42zM348.209,232.08c-8.175,8.175,-19.174,12.262,-30.165,12.262c-11.0,0.0,-21.99,-4.087,-30.165,-12.262c-9.822,-9.813,-26.394,-9.813,-36.207,0.0c-3.337,3.336,-8.738,3.336,-12.075,0.0c-3.328,-3.337,-3.328,-8.738,0.0,-12.066c16.35,-16.358,43.998,-16.358,60.348,0.0c9.805,9.805,26.385,9.805,36.198,0.0c3.337,-3.337,8.738,-3.337,12.066,0.0C351.546,223.342,351.546,228.752,348.209,232.08zM408.549,171.741c-7.927,7.936,-18.645,12.305,-30.165,12.305c-11.52,0.0,-22.238,-4.369,-30.174,-12.305c-9.813,-9.813,-26.385,-9.822,-36.198,0.0c-3.337,3.328,-8.738,3.328,-12.066,0.0c-3.337,-3.337,-3.337,-8.738,0.0,-12.066c16.35,-16.367,43.989,-16.358,60.339,0.0c9.421,9.421,26.778,9.421,36.198,0.0c3.328,-3.336,8.738,-3.336,12.066,0.0C411.885,163.003,411.885,168.405,408.549,171.741zM449.543,122.35c-3.575,0.913,-7.219,1.357,-10.82,1.357c-11.255,0.0,-22.204,-4.344,-30.174,-12.314c-8.013,-8.021,-21.111,-9.651,-31.138,-3.866c-4.087,2.338,-9.301,0.947,-11.657,-3.14c-2.347,-4.079,-0.947,-9.301,3.14,-11.657c16.589,-9.54,38.34,-6.784,51.729,6.596c6.281,6.289,15.753,8.781,24.704,6.485c4.565,-1.178,9.207,1.596,10.377,6.161C456.864,116.539,454.108,121.181,449.543,122.35z"">
   </path>
  </g>
 </g>
</svg>


Question: What is the color of the wavy lines on the object?",White,Black,Blue,Red,A,food
67,"Examine the following SVG code carefully and answer the question based on your interpretation of the rendered image.

<svg id=""Layer_1"" style=""enable-background:new 0 0 511.876 511.876;"" version=""1.1"" viewbox=""0 0 511.876 511.876"" x=""0px"" xml:space=""preserve"" y=""0px"">
 <g>
  <g>
   <path d=""M505.359,15.112c-5.521,-6.391,-13.389,-9.873,-23.407,-10.334C425.948,2.056,299.356,101.0,199.166,200.106C80.758,317.234,4.154,426.751,4.0,479.112c-0.034,11.341,3.277,20.42,9.847,26.991c7.262,7.262,16.802,10.496,28.058,10.496c75.546,-0.026,227.755,-145.63,277.905,-195.78C377.342,263.287,560.527,71.432,505.359,15.112zM158.582,419.694c-6.613,3.814,-14.046,5.658,-21.444,5.658c-11.162,0.0,-22.238,-4.207,-30.285,-12.254c-6.281,-6.289,-15.753,-8.772,-24.713,-6.477c-4.548,1.195,-9.208,-1.596,-10.377,-6.161c-1.161,-4.565,1.596,-9.216,6.161,-10.377c14.754,-3.772,30.473,0.418,40.994,10.948c8.03,8.021,21.12,9.651,31.147,3.874c4.079,-2.347,9.31,-0.947,11.657,3.132C164.069,412.125,162.669,417.339,158.582,419.694zM227.531,352.759c-8.175,8.175,-19.174,12.262,-30.165,12.262c-10.999,0.0,-21.99,-4.087,-30.174,-12.262c-9.421,-9.429,-26.778,-9.429,-36.207,0.0c-3.328,3.336,-8.73,3.336,-12.066,0.0c-3.328,-3.337,-3.328,-8.73,0.0,-12.066c7.936,-7.936,18.654,-12.305,30.174,-12.305s22.229,4.369,30.165,12.305c9.822,9.805,26.394,9.805,36.207,0.0c3.337,-3.337,8.738,-3.337,12.066,0.0C230.868,344.029,230.868,349.431,227.531,352.759zM287.87,292.42c-8.175,8.175,-19.166,12.262,-30.165,12.262c-10.999,0.0,-21.999,-4.087,-30.174,-12.262c-9.421,-9.429,-26.778,-9.429,-36.198,0.0c-3.328,3.328,-8.738,3.328,-12.066,0.0c-3.336,-3.328,-3.336,-8.738,0.0,-12.066c7.927,-7.945,18.645,-12.314,30.165,-12.314c11.52,0.0,22.238,4.369,30.165,12.314c9.813,9.796,26.385,9.805,36.207,0.0c3.337,-3.337,8.738,-3.337,12.066,0.0C291.207,283.681,291.207,289.083,287.87,292.42zM348.209,232.08c-8.175,8.175,-19.174,12.262,-30.165,12.262c-11.0,0.0,-21.99,-4.087,-30.165,-12.262c-9.822,-9.813,-26.394,-9.813,-36.207,0.0c-3.337,3.336,-8.738,3.336,-12.075,0.0c-3.328,-3.337,-3.328,-8.738,0.0,-12.066c16.35,-16.358,43.998,-16.358,60.348,0.0c9.805,9.805,26.385,9.805,36.198,0.0c3.337,-3.337,8.738,-3.337,12.066,0.0C351.546,223.342,351.546,228.752,348.209,232.08zM408.549,171.741c-7.927,7.936,-18.645,12.305,-30.165,12.305c-11.52,0.0,-22.238,-4.369,-30.174,-12.305c-9.813,-9.813,-26.385,-9.822,-36.198,0.0c-3.337,3.328,-8.738,3.328,-12.066,0.0c-3.337,-3.337,-3.337,-8.738,0.0,-12.066c16.35,-16.367,43.989,-16.358,60.339,0.0c9.421,9.421,26.778,9.421,36.198,0.0c3.328,-3.336,8.738,-3.336,12.066,0.0C411.885,163.003,411.885,168.405,408.549,171.741zM449.543,122.35c-3.575,0.913,-7.219,1.357,-10.82,1.357c-11.255,0.0,-22.204,-4.344,-30.174,-12.314c-8.013,-8.021,-21.111,-9.651,-31.138,-3.866c-4.087,2.338,-9.301,0.947,-11.657,-3.14c-2.347,-4.079,-0.947,-9.301,3.14,-11.657c16.589,-9.54,38.34,-6.784,51.729,6.596c6.281,6.289,15.753,8.781,24.704,6.485c4.565,-1.178,9.207,1.596,10.377,6.161C456.864,116.539,454.108,121.181,449.543,122.35z"">
   </path>
  </g>
 </g>
</svg>


Question: What does the object resemble?",pencil,bread,leaf,fish,B,food
72,"Examine the following SVG code carefully and answer the question based on your interpretation of the rendered image.

<svg id=""Capa_1"" style=""enable-background:new 0 0 480 480;"" version=""1.1"" viewbox=""0 0 480 480"" x=""0px"" xml:space=""preserve"" y=""0px"">
 <g id=""XMLID_861_"">
  <path d=""M439.208,48.377C410.876,20.046,373.208,4.443,333.141,4.443s-77.734,15.603,-106.066,43.934c-18.065,18.065,-31.282,40.544,-38.22,65.005l-42.618,150.184l-65.774,65.774H50.641c-26.191,0.0,-47.5,21.309,-47.5,47.5s21.309,47.5,47.5,47.5h12.604V436.943c0.0,26.191,21.309,47.5,47.5,47.5s47.5,-21.309,47.5,-47.5v-29.822l65.774,-65.774l150.183,-42.617c24.462,-6.938,46.94,-20.155,65.006,-38.221C497.692,202.024,497.692,106.862,439.208,48.377zM138.245,398.837V436.943c0.0,15.164,-12.336,27.5,-27.5,27.5s-27.5,-12.336,-27.5,-27.5v-32.604H50.641c-15.164,0.0,-27.5,-12.336,-27.5,-27.5s12.336,-27.5,27.5,-27.5h38.106l69.601,-69.601l40.588,8.909l8.909,40.588L138.245,398.837zM425.065,246.367c-15.658,15.659,-35.134,27.112,-56.321,33.122l-142.467,40.427l-10.55,-48.059l-48.059,-10.55l40.428,-142.467c6.01,-21.188,17.463,-40.663,33.121,-56.321C265.771,37.965,298.417,24.443,333.141,24.443s67.37,13.522,91.924,38.076C475.752,113.206,475.752,195.68,425.065,246.367z"" id=""XMLID_862_"">
  </path>
  <rect height=""20"" id=""XMLID_866_"" width=""20"" x=""240.997"" y=""226.588"">
  </rect>
  <rect height=""20"" id=""XMLID_867_"" width=""20"" x=""391.756"" y=""166.588"">
  </rect>
  <rect height=""20"" id=""XMLID_868_"" width=""20"" x=""351.756"" y=""136.588"">
  </rect>
 </g>
</svg>


Question: What shape is the main body of the object?",Square,Oval,Triangle,Rectangle,B,food
73,"Examine the following SVG code carefully and answer the question based on your interpretation of the rendered image.

<svg id=""Capa_1"" style=""enable-background:new 0 0 480 480;"" version=""1.1"" viewbox=""0 0 480 480"" x=""0px"" xml:space=""preserve"" y=""0px"">
 <g id=""XMLID_861_"">
  <path d=""M439.208,48.377C410.876,20.046,373.208,4.443,333.141,4.443s-77.734,15.603,-106.066,43.934c-18.065,18.065,-31.282,40.544,-38.22,65.005l-42.618,150.184l-65.774,65.774H50.641c-26.191,0.0,-47.5,21.309,-47.5,47.5s21.309,47.5,47.5,47.5h12.604V436.943c0.0,26.191,21.309,47.5,47.5,47.5s47.5,-21.309,47.5,-47.5v-29.822l65.774,-65.774l150.183,-42.617c24.462,-6.938,46.94,-20.155,65.006,-38.221C497.692,202.024,497.692,106.862,439.208,48.377zM138.245,398.837V436.943c0.0,15.164,-12.336,27.5,-27.5,27.5s-27.5,-12.336,-27.5,-27.5v-32.604H50.641c-15.164,0.0,-27.5,-12.336,-27.5,-27.5s12.336,-27.5,27.5,-27.5h38.106l69.601,-69.601l40.588,8.909l8.909,40.588L138.245,398.837zM425.065,246.367c-15.658,15.659,-35.134,27.112,-56.321,33.122l-142.467,40.427l-10.55,-48.059l-48.059,-10.55l40.428,-142.467c6.01,-21.188,17.463,-40.663,33.121,-56.321C265.771,37.965,298.417,24.443,333.141,24.443s67.37,13.522,91.924,38.076C475.752,113.206,475.752,195.68,425.065,246.367z"" id=""XMLID_862_"">
  </path>
  <rect height=""20"" id=""XMLID_866_"" width=""20"" x=""240.997"" y=""226.588"">
  </rect>
  <rect height=""20"" id=""XMLID_867_"" width=""20"" x=""391.756"" y=""166.588"">
  </rect>
  <rect height=""20"" id=""XMLID_868_"" width=""20"" x=""351.756"" y=""136.588"">
  </rect>
 </g>
</svg>


Question: How many small squares are inside the main body of the object?",1,2,4,3,D,food
74,"Examine the following SVG code carefully and answer the question based on your interpretation of the rendered image.

<svg id=""Capa_1"" style=""enable-background:new 0 0 480 480;"" version=""1.1"" viewbox=""0 0 480 480"" x=""0px"" xml:space=""preserve"" y=""0px"">
 <g id=""XMLID_861_"">
  <path d=""M439.208,48.377C410.876,20.046,373.208,4.443,333.141,4.443s-77.734,15.603,-106.066,43.934c-18.065,18.065,-31.282,40.544,-38.22,65.005l-42.618,150.184l-65.774,65.774H50.641c-26.191,0.0,-47.5,21.309,-47.5,47.5s21.309,47.5,47.5,47.5h12.604V436.943c0.0,26.191,21.309,47.5,47.5,47.5s47.5,-21.309,47.5,-47.5v-29.822l65.774,-65.774l150.183,-42.617c24.462,-6.938,46.94,-20.155,65.006,-38.221C497.692,202.024,497.692,106.862,439.208,48.377zM138.245,398.837V436.943c0.0,15.164,-12.336,27.5,-27.5,27.5s-27.5,-12.336,-27.5,-27.5v-32.604H50.641c-15.164,0.0,-27.5,-12.336,-27.5,-27.5s12.336,-27.5,27.5,-27.5h38.106l69.601,-69.601l40.588,8.909l8.909,40.588L138.245,398.837zM425.065,246.367c-15.658,15.659,-35.134,27.112,-56.321,33.122l-142.467,40.427l-10.55,-48.059l-48.059,-10.55l40.428,-142.467c6.01,-21.188,17.463,-40.663,33.121,-56.321C265.771,37.965,298.417,24.443,333.141,24.443s67.37,13.522,91.924,38.076C475.752,113.206,475.752,195.68,425.065,246.367z"" id=""XMLID_862_"">
  </path>
  <rect height=""20"" id=""XMLID_866_"" width=""20"" x=""240.997"" y=""226.588"">
  </rect>
  <rect height=""20"" id=""XMLID_867_"" width=""20"" x=""391.756"" y=""166.588"">
  </rect>
  <rect height=""20"" id=""XMLID_868_"" width=""20"" x=""351.756"" y=""136.588"">
  </rect>
 </g>
</svg>


Question: What geometric shape is at the bottom left of the object?",Circle,Triangle,Hexagon,Square,A,food
75,"Examine the following SVG code carefully and answer the question based on your interpretation of the rendered image.

<svg id=""Capa_1"" style=""enable-background:new 0 0 480 480;"" version=""1.1"" viewbox=""0 0 480 480"" x=""0px"" xml:space=""preserve"" y=""0px"">
 <g id=""XMLID_861_"">
  <path d=""M439.208,48.377C410.876,20.046,373.208,4.443,333.141,4.443s-77.734,15.603,-106.066,43.934c-18.065,18.065,-31.282,40.544,-38.22,65.005l-42.618,150.184l-65.774,65.774H50.641c-26.191,0.0,-47.5,21.309,-47.5,47.5s21.309,47.5,47.5,47.5h12.604V436.943c0.0,26.191,21.309,47.5,47.5,47.5s47.5,-21.309,47.5,-47.5v-29.822l65.774,-65.774l150.183,-42.617c24.462,-6.938,46.94,-20.155,65.006,-38.221C497.692,202.024,497.692,106.862,439.208,48.377zM138.245,398.837V436.943c0.0,15.164,-12.336,27.5,-27.5,27.5s-27.5,-12.336,-27.5,-27.5v-32.604H50.641c-15.164,0.0,-27.5,-12.336,-27.5,-27.5s12.336,-27.5,27.5,-27.5h38.106l69.601,-69.601l40.588,8.909l8.909,40.588L138.245,398.837zM425.065,246.367c-15.658,15.659,-35.134,27.112,-56.321,33.122l-142.467,40.427l-10.55,-48.059l-48.059,-10.55l40.428,-142.467c6.01,-21.188,17.463,-40.663,33.121,-56.321C265.771,37.965,298.417,24.443,333.141,24.443s67.37,13.522,91.924,38.076C475.752,113.206,475.752,195.68,425.065,246.367z"" id=""XMLID_862_"">
  </path>
  <rect height=""20"" id=""XMLID_866_"" width=""20"" x=""240.997"" y=""226.588"">
  </rect>
  <rect height=""20"" id=""XMLID_867_"" width=""20"" x=""391.756"" y=""166.588"">
  </rect>
  <rect height=""20"" id=""XMLID_868_"" width=""20"" x=""351.756"" y=""136.588"">
  </rect>
 </g>
</svg>


Question: What is the object in the image?",Chicken leg,Balloon,Glass,Key,A,food
76,"Examine the following SVG code carefully and answer the question based on your interpretation of the rendered image.

<svg id=""Layer_1"" style=""enable-background:new 0 0 512 512;"" version=""1.1"" viewbox=""0 0 512 512"" x=""0px"" xml:space=""preserve"" y=""0px"">
 <path d=""M226.645,310.302v118.929c-20.766,0.227,-37.531,17.122,-37.531,37.942c0.0,20.96,16.992,37.952,37.952,37.952c13.765,0.0,25.817,-7.327,32.47,-18.294c6.655,10.967,18.707,18.294,32.471,18.294c20.96,0.0,37.952,-16.992,37.952,-37.952c0.0,-20.82,-16.765,-37.715,-37.531,-37.942V310.302H226.645z"" style=""fill:#EDDABF;"">
 </path>
 <path d=""M259.537,13.523c67.458,0.0,122.144,54.685,122.144,122.144S326.995,376.925,259.537,376.925S137.393,203.124,137.393,135.667S192.079,13.523,259.537,13.523z"" style=""fill:#FFA22B;"">
 </path>
 <g>
  <path d=""M355.289,285.59c21.544,-50.57,36.591,-112.22,36.591,-149.923C391.88,62.693,332.511,3.324,259.537,3.324S127.194,62.693,127.194,135.667c0.0,37.703,15.047,99.354,36.591,149.923c12.534,29.419,30.271,62.419,52.661,82.589v52.038c-21.429,4.874,-37.531,24.158,-37.531,46.955c0.0,26.551,21.601,48.151,48.152,48.151c12.281,0.0,23.736,-4.54,32.47,-12.55c8.734,8.01,20.189,12.55,32.47,12.55c26.552,0.0,48.152,-21.601,48.152,-48.151c0.0,-22.797,-16.103,-42.081,-37.531,-46.955v-52.038C325.018,348.009,342.755,315.008,355.289,285.59zM182.552,277.595c-22.951,-53.871,-34.959,-112.176,-34.959,-141.928C147.593,73.94,197.81,23.722,259.537,23.722s111.944,50.218,111.944,111.944c0.0,29.752,-12.008,88.057,-34.959,141.928c-24.131,56.643,-52.192,89.131,-76.985,89.131C234.746,366.726,206.684,334.238,182.552,277.595zM292.318,439.429c15.133,0.165,27.443,12.611,27.443,27.743c0.0,15.303,-12.45,27.753,-27.754,27.753c-9.787,0.0,-18.666,-5.004,-23.75,-13.385c-1.849,-3.048,-5.156,-4.909,-8.72,-4.909s-6.87,1.861,-8.72,4.909c-5.084,8.383,-13.963,13.386,-23.75,13.386c-15.304,0.0,-27.754,-12.45,-27.754,-27.753c0.0,-15.132,12.31,-27.578,27.443,-27.743c5.588,-0.061,10.088,-4.61,10.088,-10.199v-47.254c7.198,3.296,14.764,5.147,22.693,5.147c7.929,0.0,15.496,-1.85,22.693,-5.147v47.254C282.23,434.82,286.729,439.367,292.318,439.429z"" style=""fill:#570029;"">
  </path>
  <path d=""M347.304,118.609c-5.615,0.458,-9.795,5.38,-9.336,10.994c0.173,2.133,0.262,4.309,0.262,6.468c0.0,5.633,4.567,10.199,10.199,10.199c5.632,0.0,10.199,-4.566,10.199,-10.199c0.0,-2.71,-0.11,-5.444,-0.329,-8.126C357.841,122.331,352.92,118.147,347.304,118.609z"" style=""fill:#570029;"">
  </path>
  <path d=""M259.537,57.38c30.74,0.0,58.855,18.076,71.628,46.051c1.712,3.751,5.414,5.966,9.284,5.966c1.418,0.0,2.857,-0.297,4.23,-0.924c5.123,-2.339,7.381,-8.39,5.041,-13.514c-16.08,-35.22,-51.479,-57.977,-90.183,-57.977c-5.632,0.0,-10.199,4.566,-10.199,10.199S253.905,57.38,259.537,57.38z"" style=""fill:#570029;"">
  </path>
 </g>
</svg>


Question: What is the primary color of the main part of the object?",Red,Blue,Green,Orange,D,food
77,"Examine the following SVG code carefully and answer the question based on your interpretation of the rendered image.

<svg id=""Layer_1"" style=""enable-background:new 0 0 512 512;"" version=""1.1"" viewbox=""0 0 512 512"" x=""0px"" xml:space=""preserve"" y=""0px"">
 <path d=""M226.645,310.302v118.929c-20.766,0.227,-37.531,17.122,-37.531,37.942c0.0,20.96,16.992,37.952,37.952,37.952c13.765,0.0,25.817,-7.327,32.47,-18.294c6.655,10.967,18.707,18.294,32.471,18.294c20.96,0.0,37.952,-16.992,37.952,-37.952c0.0,-20.82,-16.765,-37.715,-37.531,-37.942V310.302H226.645z"" style=""fill:#EDDABF;"">
 </path>
 <path d=""M259.537,13.523c67.458,0.0,122.144,54.685,122.144,122.144S326.995,376.925,259.537,376.925S137.393,203.124,137.393,135.667S192.079,13.523,259.537,13.523z"" style=""fill:#FFA22B;"">
 </path>
 <g>
  <path d=""M355.289,285.59c21.544,-50.57,36.591,-112.22,36.591,-149.923C391.88,62.693,332.511,3.324,259.537,3.324S127.194,62.693,127.194,135.667c0.0,37.703,15.047,99.354,36.591,149.923c12.534,29.419,30.271,62.419,52.661,82.589v52.038c-21.429,4.874,-37.531,24.158,-37.531,46.955c0.0,26.551,21.601,48.151,48.152,48.151c12.281,0.0,23.736,-4.54,32.47,-12.55c8.734,8.01,20.189,12.55,32.47,12.55c26.552,0.0,48.152,-21.601,48.152,-48.151c0.0,-22.797,-16.103,-42.081,-37.531,-46.955v-52.038C325.018,348.009,342.755,315.008,355.289,285.59zM182.552,277.595c-22.951,-53.871,-34.959,-112.176,-34.959,-141.928C147.593,73.94,197.81,23.722,259.537,23.722s111.944,50.218,111.944,111.944c0.0,29.752,-12.008,88.057,-34.959,141.928c-24.131,56.643,-52.192,89.131,-76.985,89.131C234.746,366.726,206.684,334.238,182.552,277.595zM292.318,439.429c15.133,0.165,27.443,12.611,27.443,27.743c0.0,15.303,-12.45,27.753,-27.754,27.753c-9.787,0.0,-18.666,-5.004,-23.75,-13.385c-1.849,-3.048,-5.156,-4.909,-8.72,-4.909s-6.87,1.861,-8.72,4.909c-5.084,8.383,-13.963,13.386,-23.75,13.386c-15.304,0.0,-27.754,-12.45,-27.754,-27.753c0.0,-15.132,12.31,-27.578,27.443,-27.743c5.588,-0.061,10.088,-4.61,10.088,-10.199v-47.254c7.198,3.296,14.764,5.147,22.693,5.147c7.929,0.0,15.496,-1.85,22.693,-5.147v47.254C282.23,434.82,286.729,439.367,292.318,439.429z"" style=""fill:#570029;"">
  </path>
  <path d=""M347.304,118.609c-5.615,0.458,-9.795,5.38,-9.336,10.994c0.173,2.133,0.262,4.309,0.262,6.468c0.0,5.633,4.567,10.199,10.199,10.199c5.632,0.0,10.199,-4.566,10.199,-10.199c0.0,-2.71,-0.11,-5.444,-0.329,-8.126C357.841,122.331,352.92,118.147,347.304,118.609z"" style=""fill:#570029;"">
  </path>
  <path d=""M259.537,57.38c30.74,0.0,58.855,18.076,71.628,46.051c1.712,3.751,5.414,5.966,9.284,5.966c1.418,0.0,2.857,-0.297,4.23,-0.924c5.123,-2.339,7.381,-8.39,5.041,-13.514c-16.08,-35.22,-51.479,-57.977,-90.183,-57.977c-5.632,0.0,-10.199,4.566,-10.199,10.199S253.905,57.38,259.537,57.38z"" style=""fill:#570029;"">
  </path>
 </g>
</svg>


Question: What shape is the main part of the object?",Square,Circle,Triangle,Oval,D,food
78,"Examine the following SVG code carefully and answer the question based on your interpretation of the rendered image.

<svg id=""Layer_1"" style=""enable-background:new 0 0 512 512;"" version=""1.1"" viewbox=""0 0 512 512"" x=""0px"" xml:space=""preserve"" y=""0px"">
 <path d=""M226.645,310.302v118.929c-20.766,0.227,-37.531,17.122,-37.531,37.942c0.0,20.96,16.992,37.952,37.952,37.952c13.765,0.0,25.817,-7.327,32.47,-18.294c6.655,10.967,18.707,18.294,32.471,18.294c20.96,0.0,37.952,-16.992,37.952,-37.952c0.0,-20.82,-16.765,-37.715,-37.531,-37.942V310.302H226.645z"" style=""fill:#EDDABF;"">
 </path>
 <path d=""M259.537,13.523c67.458,0.0,122.144,54.685,122.144,122.144S326.995,376.925,259.537,376.925S137.393,203.124,137.393,135.667S192.079,13.523,259.537,13.523z"" style=""fill:#FFA22B;"">
 </path>
 <g>
  <path d=""M355.289,285.59c21.544,-50.57,36.591,-112.22,36.591,-149.923C391.88,62.693,332.511,3.324,259.537,3.324S127.194,62.693,127.194,135.667c0.0,37.703,15.047,99.354,36.591,149.923c12.534,29.419,30.271,62.419,52.661,82.589v52.038c-21.429,4.874,-37.531,24.158,-37.531,46.955c0.0,26.551,21.601,48.151,48.152,48.151c12.281,0.0,23.736,-4.54,32.47,-12.55c8.734,8.01,20.189,12.55,32.47,12.55c26.552,0.0,48.152,-21.601,48.152,-48.151c0.0,-22.797,-16.103,-42.081,-37.531,-46.955v-52.038C325.018,348.009,342.755,315.008,355.289,285.59zM182.552,277.595c-22.951,-53.871,-34.959,-112.176,-34.959,-141.928C147.593,73.94,197.81,23.722,259.537,23.722s111.944,50.218,111.944,111.944c0.0,29.752,-12.008,88.057,-34.959,141.928c-24.131,56.643,-52.192,89.131,-76.985,89.131C234.746,366.726,206.684,334.238,182.552,277.595zM292.318,439.429c15.133,0.165,27.443,12.611,27.443,27.743c0.0,15.303,-12.45,27.753,-27.754,27.753c-9.787,0.0,-18.666,-5.004,-23.75,-13.385c-1.849,-3.048,-5.156,-4.909,-8.72,-4.909s-6.87,1.861,-8.72,4.909c-5.084,8.383,-13.963,13.386,-23.75,13.386c-15.304,0.0,-27.754,-12.45,-27.754,-27.753c0.0,-15.132,12.31,-27.578,27.443,-27.743c5.588,-0.061,10.088,-4.61,10.088,-10.199v-47.254c7.198,3.296,14.764,5.147,22.693,5.147c7.929,0.0,15.496,-1.85,22.693,-5.147v47.254C282.23,434.82,286.729,439.367,292.318,439.429z"" style=""fill:#570029;"">
  </path>
  <path d=""M347.304,118.609c-5.615,0.458,-9.795,5.38,-9.336,10.994c0.173,2.133,0.262,4.309,0.262,6.468c0.0,5.633,4.567,10.199,10.199,10.199c5.632,0.0,10.199,-4.566,10.199,-10.199c0.0,-2.71,-0.11,-5.444,-0.329,-8.126C357.841,122.331,352.92,118.147,347.304,118.609z"" style=""fill:#570029;"">
  </path>
  <path d=""M259.537,57.38c30.74,0.0,58.855,18.076,71.628,46.051c1.712,3.751,5.414,5.966,9.284,5.966c1.418,0.0,2.857,-0.297,4.23,-0.924c5.123,-2.339,7.381,-8.39,5.041,-13.514c-16.08,-35.22,-51.479,-57.977,-90.183,-57.977c-5.632,0.0,-10.199,4.566,-10.199,10.199S253.905,57.38,259.537,57.38z"" style=""fill:#570029;"">
  </path>
 </g>
</svg>


Question: What is the color of the smaller part at the bottom of the object?",White,Black,Gray,Beige,D,food
79,"Examine the following SVG code carefully and answer the question based on your interpretation of the rendered image.

<svg id=""Layer_1"" style=""enable-background:new 0 0 512 512;"" version=""1.1"" viewbox=""0 0 512 512"" x=""0px"" xml:space=""preserve"" y=""0px"">
 <path d=""M226.645,310.302v118.929c-20.766,0.227,-37.531,17.122,-37.531,37.942c0.0,20.96,16.992,37.952,37.952,37.952c13.765,0.0,25.817,-7.327,32.47,-18.294c6.655,10.967,18.707,18.294,32.471,18.294c20.96,0.0,37.952,-16.992,37.952,-37.952c0.0,-20.82,-16.765,-37.715,-37.531,-37.942V310.302H226.645z"" style=""fill:#EDDABF;"">
 </path>
 <path d=""M259.537,13.523c67.458,0.0,122.144,54.685,122.144,122.144S326.995,376.925,259.537,376.925S137.393,203.124,137.393,135.667S192.079,13.523,259.537,13.523z"" style=""fill:#FFA22B;"">
 </path>
 <g>
  <path d=""M355.289,285.59c21.544,-50.57,36.591,-112.22,36.591,-149.923C391.88,62.693,332.511,3.324,259.537,3.324S127.194,62.693,127.194,135.667c0.0,37.703,15.047,99.354,36.591,149.923c12.534,29.419,30.271,62.419,52.661,82.589v52.038c-21.429,4.874,-37.531,24.158,-37.531,46.955c0.0,26.551,21.601,48.151,48.152,48.151c12.281,0.0,23.736,-4.54,32.47,-12.55c8.734,8.01,20.189,12.55,32.47,12.55c26.552,0.0,48.152,-21.601,48.152,-48.151c0.0,-22.797,-16.103,-42.081,-37.531,-46.955v-52.038C325.018,348.009,342.755,315.008,355.289,285.59zM182.552,277.595c-22.951,-53.871,-34.959,-112.176,-34.959,-141.928C147.593,73.94,197.81,23.722,259.537,23.722s111.944,50.218,111.944,111.944c0.0,29.752,-12.008,88.057,-34.959,141.928c-24.131,56.643,-52.192,89.131,-76.985,89.131C234.746,366.726,206.684,334.238,182.552,277.595zM292.318,439.429c15.133,0.165,27.443,12.611,27.443,27.743c0.0,15.303,-12.45,27.753,-27.754,27.753c-9.787,0.0,-18.666,-5.004,-23.75,-13.385c-1.849,-3.048,-5.156,-4.909,-8.72,-4.909s-6.87,1.861,-8.72,4.909c-5.084,8.383,-13.963,13.386,-23.75,13.386c-15.304,0.0,-27.754,-12.45,-27.754,-27.753c0.0,-15.132,12.31,-27.578,27.443,-27.743c5.588,-0.061,10.088,-4.61,10.088,-10.199v-47.254c7.198,3.296,14.764,5.147,22.693,5.147c7.929,0.0,15.496,-1.85,22.693,-5.147v47.254C282.23,434.82,286.729,439.367,292.318,439.429z"" style=""fill:#570029;"">
  </path>
  <path d=""M347.304,118.609c-5.615,0.458,-9.795,5.38,-9.336,10.994c0.173,2.133,0.262,4.309,0.262,6.468c0.0,5.633,4.567,10.199,10.199,10.199c5.632,0.0,10.199,-4.566,10.199,-10.199c0.0,-2.71,-0.11,-5.444,-0.329,-8.126C357.841,122.331,352.92,118.147,347.304,118.609z"" style=""fill:#570029;"">
  </path>
  <path d=""M259.537,57.38c30.74,0.0,58.855,18.076,71.628,46.051c1.712,3.751,5.414,5.966,9.284,5.966c1.418,0.0,2.857,-0.297,4.23,-0.924c5.123,-2.339,7.381,-8.39,5.041,-13.514c-16.08,-35.22,-51.479,-57.977,-90.183,-57.977c-5.632,0.0,-10.199,4.566,-10.199,10.199S253.905,57.38,259.537,57.38z"" style=""fill:#570029;"">
  </path>
 </g>
</svg>


Question: What is the object depicted in the image?",Cone,Meat,Tree,Balloon,B,food
80,"Examine the following SVG code carefully and answer the question based on your interpretation of the rendered image.

<svg id=""Layer_1"" style=""enable-background:new 0 0 351.589 351.589;"" version=""1.1"" viewbox=""0 0 351.589 351.589"" x=""0px"" xml:space=""preserve"" y=""0px"">
 <g>
  <g>
   <circle cx=""159.289"" cy=""135.450"" r=""66.331"" style=""fill:#00783E;"">
   </circle>
   <circle cx=""208.352"" cy=""144.189"" r=""66.331"" style=""fill:#00783E;"">
   </circle>
   <circle cx=""274.683"" cy=""154.206"" r=""66.331"" style=""fill:#00783E;"">
   </circle>
   <circle cx=""118.318"" cy=""149.197"" r=""66.331"" style=""fill:#006132;"">
   </circle>
   <circle cx=""72.569"" cy=""161.132"" r=""54.397"" style=""fill:#00783E;"">
   </circle>
   <circle cx=""263.087"" cy=""167.098"" r=""55.889"" style=""fill:#006132;"">
   </circle>
  </g>
  <g>
   <path d=""M48.147,88.278c-10.777,10.777,-10.778,28.251,0.0,39.028c10.777,10.777,28.25,10.777,39.027,0.0L48.147,88.278z"" style=""fill:#E94F3D;"">
   </path>
   <path d=""M55.633,95.764c-6.643,6.643,-6.643,17.413,0.0,24.056c6.643,6.643,17.411,6.643,24.054,0.0L55.633,95.764z"" style=""fill:#FF8189;"">
   </path>
  </g>
  <g>
   <path d=""M204.991,116.388c-10.777,10.777,-10.778,28.25,0.0,39.028c10.777,10.777,28.249,10.777,39.027,0.0L204.991,116.388z"" style=""fill:#E94F3D;"">
   </path>
   <path d=""M212.477,123.874c-6.643,6.643,-6.643,17.413,0.0,24.055c6.643,6.643,17.411,6.642,24.054,0.0L212.477,123.874z"" style=""fill:#FF8189;"">
   </path>
  </g>
  <g>
   <path d=""M282.291,123.518c10.777,10.777,28.251,10.778,39.028,0.0c10.776,-10.778,10.776,-28.25,0.0,-39.028L282.291,123.518z"" style=""fill:#E94F3D;"">
   </path>
   <path d=""M289.777,116.032c6.644,6.643,17.412,6.643,24.056,0.0c6.643,-6.643,6.643,-17.411,0.0,-24.054L289.777,116.032z"" style=""fill:#FF8189;"">
   </path>
  </g>
  <g>
   <path d=""M122.742,92.142c0.0,15.242,12.356,27.598,27.598,27.597c15.241,0.0,27.596,-12.355,27.597,-27.597H122.742z"" style=""fill:#E94F3D;"">
   </path>
   <path d=""M133.331,92.142c0.0,9.394,7.615,17.01,17.009,17.01c9.395,0.0,17.009,-7.615,17.009,-17.01H133.331z"" style=""fill:#FF8189;"">
   </path>
  </g>
  <path d=""M353.903,149.197c0.0,76.936,-62.369,139.305,-139.305,139.305h-72.979C64.683,288.502,2.314,226.133,2.314,149.197H353.903z"" style=""fill:#F2D383;"">
  </path>
  <path d=""M16.512,210.519c7.337,14.942,17.267,28.378,29.211,39.718H310.494c11.944,-11.34,21.874,-24.776,29.211,-39.718H16.512z"" style=""fill:#D9A460;"">
  </path>
 </g>
</svg>


Question: What is the primary color of the bowl in the image?",Red,Blue,Yellow,Green,C,food
81,"Examine the following SVG code carefully and answer the question based on your interpretation of the rendered image.

<svg id=""Layer_1"" style=""enable-background:new 0 0 351.589 351.589;"" version=""1.1"" viewbox=""0 0 351.589 351.589"" x=""0px"" xml:space=""preserve"" y=""0px"">
 <g>
  <g>
   <circle cx=""159.289"" cy=""135.450"" r=""66.331"" style=""fill:#00783E;"">
   </circle>
   <circle cx=""208.352"" cy=""144.189"" r=""66.331"" style=""fill:#00783E;"">
   </circle>
   <circle cx=""274.683"" cy=""154.206"" r=""66.331"" style=""fill:#00783E;"">
   </circle>
   <circle cx=""118.318"" cy=""149.197"" r=""66.331"" style=""fill:#006132;"">
   </circle>
   <circle cx=""72.569"" cy=""161.132"" r=""54.397"" style=""fill:#00783E;"">
   </circle>
   <circle cx=""263.087"" cy=""167.098"" r=""55.889"" style=""fill:#006132;"">
   </circle>
  </g>
  <g>
   <path d=""M48.147,88.278c-10.777,10.777,-10.778,28.251,0.0,39.028c10.777,10.777,28.25,10.777,39.027,0.0L48.147,88.278z"" style=""fill:#E94F3D;"">
   </path>
   <path d=""M55.633,95.764c-6.643,6.643,-6.643,17.413,0.0,24.056c6.643,6.643,17.411,6.643,24.054,0.0L55.633,95.764z"" style=""fill:#FF8189;"">
   </path>
  </g>
  <g>
   <path d=""M204.991,116.388c-10.777,10.777,-10.778,28.25,0.0,39.028c10.777,10.777,28.249,10.777,39.027,0.0L204.991,116.388z"" style=""fill:#E94F3D;"">
   </path>
   <path d=""M212.477,123.874c-6.643,6.643,-6.643,17.413,0.0,24.055c6.643,6.643,17.411,6.642,24.054,0.0L212.477,123.874z"" style=""fill:#FF8189;"">
   </path>
  </g>
  <g>
   <path d=""M282.291,123.518c10.777,10.777,28.251,10.778,39.028,0.0c10.776,-10.778,10.776,-28.25,0.0,-39.028L282.291,123.518z"" style=""fill:#E94F3D;"">
   </path>
   <path d=""M289.777,116.032c6.644,6.643,17.412,6.643,24.056,0.0c6.643,-6.643,6.643,-17.411,0.0,-24.054L289.777,116.032z"" style=""fill:#FF8189;"">
   </path>
  </g>
  <g>
   <path d=""M122.742,92.142c0.0,15.242,12.356,27.598,27.598,27.597c15.241,0.0,27.596,-12.355,27.597,-27.597H122.742z"" style=""fill:#E94F3D;"">
   </path>
   <path d=""M133.331,92.142c0.0,9.394,7.615,17.01,17.009,17.01c9.395,0.0,17.009,-7.615,17.009,-17.01H133.331z"" style=""fill:#FF8189;"">
   </path>
  </g>
  <path d=""M353.903,149.197c0.0,76.936,-62.369,139.305,-139.305,139.305h-72.979C64.683,288.502,2.314,226.133,2.314,149.197H353.903z"" style=""fill:#F2D383;"">
  </path>
  <path d=""M16.512,210.519c7.337,14.942,17.267,28.378,29.211,39.718H310.494c11.944,-11.34,21.874,-24.776,29.211,-39.718H16.512z"" style=""fill:#D9A460;"">
  </path>
 </g>
</svg>


Question: How many red objects are visible in the bowl?",Two,Three,Four,Five,C,food
82,"Examine the following SVG code carefully and answer the question based on your interpretation of the rendered image.

<svg id=""Layer_1"" style=""enable-background:new 0 0 351.589 351.589;"" version=""1.1"" viewbox=""0 0 351.589 351.589"" x=""0px"" xml:space=""preserve"" y=""0px"">
 <g>
  <g>
   <circle cx=""159.289"" cy=""135.450"" r=""66.331"" style=""fill:#00783E;"">
   </circle>
   <circle cx=""208.352"" cy=""144.189"" r=""66.331"" style=""fill:#00783E;"">
   </circle>
   <circle cx=""274.683"" cy=""154.206"" r=""66.331"" style=""fill:#00783E;"">
   </circle>
   <circle cx=""118.318"" cy=""149.197"" r=""66.331"" style=""fill:#006132;"">
   </circle>
   <circle cx=""72.569"" cy=""161.132"" r=""54.397"" style=""fill:#00783E;"">
   </circle>
   <circle cx=""263.087"" cy=""167.098"" r=""55.889"" style=""fill:#006132;"">
   </circle>
  </g>
  <g>
   <path d=""M48.147,88.278c-10.777,10.777,-10.778,28.251,0.0,39.028c10.777,10.777,28.25,10.777,39.027,0.0L48.147,88.278z"" style=""fill:#E94F3D;"">
   </path>
   <path d=""M55.633,95.764c-6.643,6.643,-6.643,17.413,0.0,24.056c6.643,6.643,17.411,6.643,24.054,0.0L55.633,95.764z"" style=""fill:#FF8189;"">
   </path>
  </g>
  <g>
   <path d=""M204.991,116.388c-10.777,10.777,-10.778,28.25,0.0,39.028c10.777,10.777,28.249,10.777,39.027,0.0L204.991,116.388z"" style=""fill:#E94F3D;"">
   </path>
   <path d=""M212.477,123.874c-6.643,6.643,-6.643,17.413,0.0,24.055c6.643,6.643,17.411,6.642,24.054,0.0L212.477,123.874z"" style=""fill:#FF8189;"">
   </path>
  </g>
  <g>
   <path d=""M282.291,123.518c10.777,10.777,28.251,10.778,39.028,0.0c10.776,-10.778,10.776,-28.25,0.0,-39.028L282.291,123.518z"" style=""fill:#E94F3D;"">
   </path>
   <path d=""M289.777,116.032c6.644,6.643,17.412,6.643,24.056,0.0c6.643,-6.643,6.643,-17.411,0.0,-24.054L289.777,116.032z"" style=""fill:#FF8189;"">
   </path>
  </g>
  <g>
   <path d=""M122.742,92.142c0.0,15.242,12.356,27.598,27.598,27.597c15.241,0.0,27.596,-12.355,27.597,-27.597H122.742z"" style=""fill:#E94F3D;"">
   </path>
   <path d=""M133.331,92.142c0.0,9.394,7.615,17.01,17.009,17.01c9.395,0.0,17.009,-7.615,17.009,-17.01H133.331z"" style=""fill:#FF8189;"">
   </path>
  </g>
  <path d=""M353.903,149.197c0.0,76.936,-62.369,139.305,-139.305,139.305h-72.979C64.683,288.502,2.314,226.133,2.314,149.197H353.903z"" style=""fill:#F2D383;"">
  </path>
  <path d=""M16.512,210.519c7.337,14.942,17.267,28.378,29.211,39.718H310.494c11.944,-11.34,21.874,-24.776,29.211,-39.718H16.512z"" style=""fill:#D9A460;"">
  </path>
 </g>
</svg>


Question: What shape is the bowl in the image?",Square,Circular,Triangular,Semi-circle,D,food
83,"Examine the following SVG code carefully and answer the question based on your interpretation of the rendered image.

<svg id=""Layer_1"" style=""enable-background:new 0 0 351.589 351.589;"" version=""1.1"" viewbox=""0 0 351.589 351.589"" x=""0px"" xml:space=""preserve"" y=""0px"">
 <g>
  <g>
   <circle cx=""159.289"" cy=""135.450"" r=""66.331"" style=""fill:#00783E;"">
   </circle>
   <circle cx=""208.352"" cy=""144.189"" r=""66.331"" style=""fill:#00783E;"">
   </circle>
   <circle cx=""274.683"" cy=""154.206"" r=""66.331"" style=""fill:#00783E;"">
   </circle>
   <circle cx=""118.318"" cy=""149.197"" r=""66.331"" style=""fill:#006132;"">
   </circle>
   <circle cx=""72.569"" cy=""161.132"" r=""54.397"" style=""fill:#00783E;"">
   </circle>
   <circle cx=""263.087"" cy=""167.098"" r=""55.889"" style=""fill:#006132;"">
   </circle>
  </g>
  <g>
   <path d=""M48.147,88.278c-10.777,10.777,-10.778,28.251,0.0,39.028c10.777,10.777,28.25,10.777,39.027,0.0L48.147,88.278z"" style=""fill:#E94F3D;"">
   </path>
   <path d=""M55.633,95.764c-6.643,6.643,-6.643,17.413,0.0,24.056c6.643,6.643,17.411,6.643,24.054,0.0L55.633,95.764z"" style=""fill:#FF8189;"">
   </path>
  </g>
  <g>
   <path d=""M204.991,116.388c-10.777,10.777,-10.778,28.25,0.0,39.028c10.777,10.777,28.249,10.777,39.027,0.0L204.991,116.388z"" style=""fill:#E94F3D;"">
   </path>
   <path d=""M212.477,123.874c-6.643,6.643,-6.643,17.413,0.0,24.055c6.643,6.643,17.411,6.642,24.054,0.0L212.477,123.874z"" style=""fill:#FF8189;"">
   </path>
  </g>
  <g>
   <path d=""M282.291,123.518c10.777,10.777,28.251,10.778,39.028,0.0c10.776,-10.778,10.776,-28.25,0.0,-39.028L282.291,123.518z"" style=""fill:#E94F3D;"">
   </path>
   <path d=""M289.777,116.032c6.644,6.643,17.412,6.643,24.056,0.0c6.643,-6.643,6.643,-17.411,0.0,-24.054L289.777,116.032z"" style=""fill:#FF8189;"">
   </path>
  </g>
  <g>
   <path d=""M122.742,92.142c0.0,15.242,12.356,27.598,27.598,27.597c15.241,0.0,27.596,-12.355,27.597,-27.597H122.742z"" style=""fill:#E94F3D;"">
   </path>
   <path d=""M133.331,92.142c0.0,9.394,7.615,17.01,17.009,17.01c9.395,0.0,17.009,-7.615,17.009,-17.01H133.331z"" style=""fill:#FF8189;"">
   </path>
  </g>
  <path d=""M353.903,149.197c0.0,76.936,-62.369,139.305,-139.305,139.305h-72.979C64.683,288.502,2.314,226.133,2.314,149.197H353.903z"" style=""fill:#F2D383;"">
  </path>
  <path d=""M16.512,210.519c7.337,14.942,17.267,28.378,29.211,39.718H310.494c11.944,-11.34,21.874,-24.776,29.211,-39.718H16.512z"" style=""fill:#D9A460;"">
  </path>
 </g>
</svg>


Question: What is the object in the image?",basket with salad,bowl with salad,pot with salad,bowl with salad,B,food
104,"Examine the following SVG code carefully and answer the question based on your interpretation of the rendered image.

<svg id=""Layer_1"" style=""enable-background:new 0 0 512 512;"" version=""1.1"" viewbox=""0 0 512 512"" x=""0px"" xml:space=""preserve"" y=""0px"">
 <g>
  <g>
   <path d=""M201.334,280.794c-38.967,10.29,-72.376,36.578,-91.658,72.121l13.777,7.473c17.231,-31.761,47.077,-55.248,81.883,-64.441L201.334,280.794z"">
   </path>
  </g>
 </g>
 <g>
  <g>
   <path d=""M310.661,400.202l14.052,6.941c7.114,-14.401,21.462,-23.347,37.445,-23.347v-15.674C340.168,368.123,320.435,380.414,310.661,400.202z"">
   </path>
  </g>
 </g>
 <g>
  <g>
   <path d=""M296.407,414.644c3.872,-31.472,30.722,-55.925,63.187,-55.925c27.324,0.0,51.57,17.394,60.332,43.285l14.846,-5.025c-1.295,-3.824,-2.868,-7.495,-4.68,-11.003l36.274,-16.934c0.057,0.128,0.109,0.259,0.168,0.388c2.945,6.322,8.173,11.118,14.723,13.504c2.913,1.062,5.932,1.589,8.942,1.589c3.76,0.0,7.506,-0.824,11.014,-2.462c13.036,-6.084,18.696,-21.649,12.619,-34.696c-2.945,-6.322,-8.173,-11.118,-14.723,-13.504c-0.313,-0.114,-0.629,-0.216,-0.946,-0.319c2.644,-6.498,2.692,-14.035,-0.497,-20.88c-2.945,-6.322,-8.173,-11.118,-14.723,-13.504c-6.551,-2.385,-13.638,-2.076,-19.957,0.872c-13.035,6.084,-18.696,21.649,-12.619,34.697c0.062,0.133,0.139,0.254,0.203,0.385l-46.384,21.653c-12.852,-8.733,-28.28,-13.721,-44.595,-13.721c-41.117,0.0,-75.024,31.463,-78.969,71.599H76.573c4.11,-85.818,75.326,-154.374,162.283,-154.374c53.574,0.0,103.685,26.363,134.05,70.522l12.915,-8.88c-33.289,-48.413,-88.229,-77.316,-146.965,-77.316c-95.602,0.0,-173.844,75.585,-177.967,170.048H4.804v41.796h512.0v-41.796H296.407zM490.178,347.954c1.201,0.0,2.405,0.21,3.567,0.633c2.615,0.953,4.704,2.869,5.881,5.396c2.432,5.218,0.169,11.443,-5.042,13.875c-2.521,1.177,-5.349,1.301,-7.961,0.348c-2.615,-0.953,-4.703,-2.869,-5.881,-5.396c-2.431,-5.218,-0.17,-11.443,5.041,-13.875C487.183,348.282,488.677,347.954,490.178,347.954zM469.62,314.232c1.4,-0.653,2.894,-0.981,4.395,-0.981c1.201,0.0,2.405,0.21,3.567,0.633c2.615,0.953,4.703,2.869,5.88,5.396c2.431,5.218,0.17,11.443,-5.041,13.875c-2.521,1.174,-5.349,1.3,-7.961,0.348c-2.615,-0.953,-4.704,-2.868,-5.881,-5.395C462.147,322.89,464.409,316.665,469.62,314.232zM462.229,346.969c0.927,0.468,1.875,0.901,2.865,1.261c0.315,0.115,0.634,0.199,0.952,0.301c-0.522,1.281,-0.94,2.602,-1.255,3.95l-43.32,20.223c-1.324,-1.647,-2.707,-3.24,-4.151,-4.77L462.229,346.969zM501.131,440.766H20.477v-10.449h480.653V440.766z"">
   </path>
  </g>
 </g>
 <g>
  <g>
   <path d=""M174.648,133.289c-8.076,-6.729,-12.645,-10.965,-12.645,-19.755c0.0,-8.788,4.569,-13.023,12.645,-19.752c8.146,-6.788,18.285,-15.236,18.285,-31.792h-15.673c0.0,8.787,-4.569,13.022,-12.644,19.751c-8.146,6.788,-18.285,15.236,-18.285,31.793c0.0,16.559,10.139,25.008,18.285,31.796c8.076,6.729,12.644,10.965,12.644,19.754s-4.569,13.026,-12.645,19.755c-8.146,6.789,-18.285,15.238,-18.285,31.796h15.673c0.0,-8.789,4.569,-13.026,12.645,-19.755c8.146,-6.789,18.285,-15.238,18.285,-31.796C192.933,148.527,182.795,140.078,174.648,133.289z"">
   </path>
  </g>
 </g>
 <g>
  <g>
   <path d=""M221.146,133.289c-8.076,-6.729,-12.645,-10.965,-12.645,-19.755c0.0,-8.788,4.569,-13.023,12.645,-19.752c8.146,-6.788,18.285,-15.236,18.285,-31.792h-15.673c0.0,8.787,-4.569,13.022,-12.644,19.751c-8.146,6.788,-18.285,15.236,-18.285,31.793c0.0,16.559,10.139,25.008,18.285,31.796c8.076,6.729,12.644,10.965,12.644,19.754s-4.569,13.026,-12.645,19.755c-8.146,6.789,-18.285,15.238,-18.285,31.796h15.673c0.0,-8.789,4.569,-13.026,12.645,-19.755c8.146,-6.789,18.285,-15.238,18.285,-31.796C239.431,148.527,229.293,140.078,221.146,133.289z"">
   </path>
  </g>
 </g>
 <g>
  <g>
   <path d=""M267.121,133.289c-8.076,-6.729,-12.645,-10.965,-12.645,-19.755c0.0,-8.788,4.569,-13.023,12.645,-19.752c8.146,-6.788,18.284,-15.236,18.284,-31.792h-15.673c0.0,8.787,-4.569,13.022,-12.644,19.751c-8.146,6.788,-18.285,15.236,-18.285,31.793c0.001,16.559,10.14,25.008,18.286,31.796c8.076,6.729,12.644,10.965,12.644,19.754s-4.569,13.026,-12.645,19.755c-8.146,6.789,-18.285,15.238,-18.285,31.796h15.673c0.0,-8.789,4.569,-13.026,12.645,-19.755c8.146,-6.789,18.284,-15.238,18.284,-31.796C285.405,148.527,275.268,140.078,267.121,133.289z"">
   </path>
  </g>
 </g>
 <g>
  <g>
   <path d=""M313.097,133.289c-8.075,-6.729,-12.645,-10.965,-12.645,-19.755c0.0,-8.788,4.569,-13.023,12.645,-19.752c8.146,-6.788,18.285,-15.236,18.285,-31.792h-15.673c0.0,8.787,-4.568,13.022,-12.644,19.751c-8.146,6.788,-18.285,15.236,-18.285,31.793c0.0,16.559,10.138,25.008,18.285,31.796c8.076,6.729,12.644,10.965,12.644,19.754s-4.568,13.026,-12.645,19.755c-8.146,6.789,-18.285,15.238,-18.285,31.796h15.673c0.0,-8.789,4.569,-13.026,12.645,-19.755c8.146,-6.789,18.285,-15.238,18.285,-31.796C331.382,148.527,321.244,140.078,313.097,133.289z"">
   </path>
  </g>
 </g>
</svg>


Question: What shape is prominently featured in the center of the image?",Semi-circle,Triangle,Square,Rectangle,A,food
105,"Examine the following SVG code carefully and answer the question based on your interpretation of the rendered image.

<svg id=""Layer_1"" style=""enable-background:new 0 0 512 512;"" version=""1.1"" viewbox=""0 0 512 512"" x=""0px"" xml:space=""preserve"" y=""0px"">
 <g>
  <g>
   <path d=""M201.334,280.794c-38.967,10.29,-72.376,36.578,-91.658,72.121l13.777,7.473c17.231,-31.761,47.077,-55.248,81.883,-64.441L201.334,280.794z"">
   </path>
  </g>
 </g>
 <g>
  <g>
   <path d=""M310.661,400.202l14.052,6.941c7.114,-14.401,21.462,-23.347,37.445,-23.347v-15.674C340.168,368.123,320.435,380.414,310.661,400.202z"">
   </path>
  </g>
 </g>
 <g>
  <g>
   <path d=""M296.407,414.644c3.872,-31.472,30.722,-55.925,63.187,-55.925c27.324,0.0,51.57,17.394,60.332,43.285l14.846,-5.025c-1.295,-3.824,-2.868,-7.495,-4.68,-11.003l36.274,-16.934c0.057,0.128,0.109,0.259,0.168,0.388c2.945,6.322,8.173,11.118,14.723,13.504c2.913,1.062,5.932,1.589,8.942,1.589c3.76,0.0,7.506,-0.824,11.014,-2.462c13.036,-6.084,18.696,-21.649,12.619,-34.696c-2.945,-6.322,-8.173,-11.118,-14.723,-13.504c-0.313,-0.114,-0.629,-0.216,-0.946,-0.319c2.644,-6.498,2.692,-14.035,-0.497,-20.88c-2.945,-6.322,-8.173,-11.118,-14.723,-13.504c-6.551,-2.385,-13.638,-2.076,-19.957,0.872c-13.035,6.084,-18.696,21.649,-12.619,34.697c0.062,0.133,0.139,0.254,0.203,0.385l-46.384,21.653c-12.852,-8.733,-28.28,-13.721,-44.595,-13.721c-41.117,0.0,-75.024,31.463,-78.969,71.599H76.573c4.11,-85.818,75.326,-154.374,162.283,-154.374c53.574,0.0,103.685,26.363,134.05,70.522l12.915,-8.88c-33.289,-48.413,-88.229,-77.316,-146.965,-77.316c-95.602,0.0,-173.844,75.585,-177.967,170.048H4.804v41.796h512.0v-41.796H296.407zM490.178,347.954c1.201,0.0,2.405,0.21,3.567,0.633c2.615,0.953,4.704,2.869,5.881,5.396c2.432,5.218,0.169,11.443,-5.042,13.875c-2.521,1.177,-5.349,1.301,-7.961,0.348c-2.615,-0.953,-4.703,-2.869,-5.881,-5.396c-2.431,-5.218,-0.17,-11.443,5.041,-13.875C487.183,348.282,488.677,347.954,490.178,347.954zM469.62,314.232c1.4,-0.653,2.894,-0.981,4.395,-0.981c1.201,0.0,2.405,0.21,3.567,0.633c2.615,0.953,4.703,2.869,5.88,5.396c2.431,5.218,0.17,11.443,-5.041,13.875c-2.521,1.174,-5.349,1.3,-7.961,0.348c-2.615,-0.953,-4.704,-2.868,-5.881,-5.395C462.147,322.89,464.409,316.665,469.62,314.232zM462.229,346.969c0.927,0.468,1.875,0.901,2.865,1.261c0.315,0.115,0.634,0.199,0.952,0.301c-0.522,1.281,-0.94,2.602,-1.255,3.95l-43.32,20.223c-1.324,-1.647,-2.707,-3.24,-4.151,-4.77L462.229,346.969zM501.131,440.766H20.477v-10.449h480.653V440.766z"">
   </path>
  </g>
 </g>
 <g>
  <g>
   <path d=""M174.648,133.289c-8.076,-6.729,-12.645,-10.965,-12.645,-19.755c0.0,-8.788,4.569,-13.023,12.645,-19.752c8.146,-6.788,18.285,-15.236,18.285,-31.792h-15.673c0.0,8.787,-4.569,13.022,-12.644,19.751c-8.146,6.788,-18.285,15.236,-18.285,31.793c0.0,16.559,10.139,25.008,18.285,31.796c8.076,6.729,12.644,10.965,12.644,19.754s-4.569,13.026,-12.645,19.755c-8.146,6.789,-18.285,15.238,-18.285,31.796h15.673c0.0,-8.789,4.569,-13.026,12.645,-19.755c8.146,-6.789,18.285,-15.238,18.285,-31.796C192.933,148.527,182.795,140.078,174.648,133.289z"">
   </path>
  </g>
 </g>
 <g>
  <g>
   <path d=""M221.146,133.289c-8.076,-6.729,-12.645,-10.965,-12.645,-19.755c0.0,-8.788,4.569,-13.023,12.645,-19.752c8.146,-6.788,18.285,-15.236,18.285,-31.792h-15.673c0.0,8.787,-4.569,13.022,-12.644,19.751c-8.146,6.788,-18.285,15.236,-18.285,31.793c0.0,16.559,10.139,25.008,18.285,31.796c8.076,6.729,12.644,10.965,12.644,19.754s-4.569,13.026,-12.645,19.755c-8.146,6.789,-18.285,15.238,-18.285,31.796h15.673c0.0,-8.789,4.569,-13.026,12.645,-19.755c8.146,-6.789,18.285,-15.238,18.285,-31.796C239.431,148.527,229.293,140.078,221.146,133.289z"">
   </path>
  </g>
 </g>
 <g>
  <g>
   <path d=""M267.121,133.289c-8.076,-6.729,-12.645,-10.965,-12.645,-19.755c0.0,-8.788,4.569,-13.023,12.645,-19.752c8.146,-6.788,18.284,-15.236,18.284,-31.792h-15.673c0.0,8.787,-4.569,13.022,-12.644,19.751c-8.146,6.788,-18.285,15.236,-18.285,31.793c0.001,16.559,10.14,25.008,18.286,31.796c8.076,6.729,12.644,10.965,12.644,19.754s-4.569,13.026,-12.645,19.755c-8.146,6.789,-18.285,15.238,-18.285,31.796h15.673c0.0,-8.789,4.569,-13.026,12.645,-19.755c8.146,-6.789,18.284,-15.238,18.284,-31.796C285.405,148.527,275.268,140.078,267.121,133.289z"">
   </path>
  </g>
 </g>
 <g>
  <g>
   <path d=""M313.097,133.289c-8.075,-6.729,-12.645,-10.965,-12.645,-19.755c0.0,-8.788,4.569,-13.023,12.645,-19.752c8.146,-6.788,18.285,-15.236,18.285,-31.792h-15.673c0.0,8.787,-4.568,13.022,-12.644,19.751c-8.146,6.788,-18.285,15.236,-18.285,31.793c0.0,16.559,10.138,25.008,18.285,31.796c8.076,6.729,12.644,10.965,12.644,19.754s-4.568,13.026,-12.645,19.755c-8.146,6.789,-18.285,15.238,-18.285,31.796h15.673c0.0,-8.789,4.569,-13.026,12.645,-19.755c8.146,-6.789,18.285,-15.238,18.285,-31.796C331.382,148.527,321.244,140.078,313.097,133.289z"">
   </path>
  </g>
 </g>
</svg>


Question: How many wavy lines are depicted above the main object?",Two,Three,Four,Five,C,food
106,"Examine the following SVG code carefully and answer the question based on your interpretation of the rendered image.

<svg id=""Layer_1"" style=""enable-background:new 0 0 512 512;"" version=""1.1"" viewbox=""0 0 512 512"" x=""0px"" xml:space=""preserve"" y=""0px"">
 <g>
  <g>
   <path d=""M201.334,280.794c-38.967,10.29,-72.376,36.578,-91.658,72.121l13.777,7.473c17.231,-31.761,47.077,-55.248,81.883,-64.441L201.334,280.794z"">
   </path>
  </g>
 </g>
 <g>
  <g>
   <path d=""M310.661,400.202l14.052,6.941c7.114,-14.401,21.462,-23.347,37.445,-23.347v-15.674C340.168,368.123,320.435,380.414,310.661,400.202z"">
   </path>
  </g>
 </g>
 <g>
  <g>
   <path d=""M296.407,414.644c3.872,-31.472,30.722,-55.925,63.187,-55.925c27.324,0.0,51.57,17.394,60.332,43.285l14.846,-5.025c-1.295,-3.824,-2.868,-7.495,-4.68,-11.003l36.274,-16.934c0.057,0.128,0.109,0.259,0.168,0.388c2.945,6.322,8.173,11.118,14.723,13.504c2.913,1.062,5.932,1.589,8.942,1.589c3.76,0.0,7.506,-0.824,11.014,-2.462c13.036,-6.084,18.696,-21.649,12.619,-34.696c-2.945,-6.322,-8.173,-11.118,-14.723,-13.504c-0.313,-0.114,-0.629,-0.216,-0.946,-0.319c2.644,-6.498,2.692,-14.035,-0.497,-20.88c-2.945,-6.322,-8.173,-11.118,-14.723,-13.504c-6.551,-2.385,-13.638,-2.076,-19.957,0.872c-13.035,6.084,-18.696,21.649,-12.619,34.697c0.062,0.133,0.139,0.254,0.203,0.385l-46.384,21.653c-12.852,-8.733,-28.28,-13.721,-44.595,-13.721c-41.117,0.0,-75.024,31.463,-78.969,71.599H76.573c4.11,-85.818,75.326,-154.374,162.283,-154.374c53.574,0.0,103.685,26.363,134.05,70.522l12.915,-8.88c-33.289,-48.413,-88.229,-77.316,-146.965,-77.316c-95.602,0.0,-173.844,75.585,-177.967,170.048H4.804v41.796h512.0v-41.796H296.407zM490.178,347.954c1.201,0.0,2.405,0.21,3.567,0.633c2.615,0.953,4.704,2.869,5.881,5.396c2.432,5.218,0.169,11.443,-5.042,13.875c-2.521,1.177,-5.349,1.301,-7.961,0.348c-2.615,-0.953,-4.703,-2.869,-5.881,-5.396c-2.431,-5.218,-0.17,-11.443,5.041,-13.875C487.183,348.282,488.677,347.954,490.178,347.954zM469.62,314.232c1.4,-0.653,2.894,-0.981,4.395,-0.981c1.201,0.0,2.405,0.21,3.567,0.633c2.615,0.953,4.703,2.869,5.88,5.396c2.431,5.218,0.17,11.443,-5.041,13.875c-2.521,1.174,-5.349,1.3,-7.961,0.348c-2.615,-0.953,-4.704,-2.868,-5.881,-5.395C462.147,322.89,464.409,316.665,469.62,314.232zM462.229,346.969c0.927,0.468,1.875,0.901,2.865,1.261c0.315,0.115,0.634,0.199,0.952,0.301c-0.522,1.281,-0.94,2.602,-1.255,3.95l-43.32,20.223c-1.324,-1.647,-2.707,-3.24,-4.151,-4.77L462.229,346.969zM501.131,440.766H20.477v-10.449h480.653V440.766z"">
   </path>
  </g>
 </g>
 <g>
  <g>
   <path d=""M174.648,133.289c-8.076,-6.729,-12.645,-10.965,-12.645,-19.755c0.0,-8.788,4.569,-13.023,12.645,-19.752c8.146,-6.788,18.285,-15.236,18.285,-31.792h-15.673c0.0,8.787,-4.569,13.022,-12.644,19.751c-8.146,6.788,-18.285,15.236,-18.285,31.793c0.0,16.559,10.139,25.008,18.285,31.796c8.076,6.729,12.644,10.965,12.644,19.754s-4.569,13.026,-12.645,19.755c-8.146,6.789,-18.285,15.238,-18.285,31.796h15.673c0.0,-8.789,4.569,-13.026,12.645,-19.755c8.146,-6.789,18.285,-15.238,18.285,-31.796C192.933,148.527,182.795,140.078,174.648,133.289z"">
   </path>
  </g>
 </g>
 <g>
  <g>
   <path d=""M221.146,133.289c-8.076,-6.729,-12.645,-10.965,-12.645,-19.755c0.0,-8.788,4.569,-13.023,12.645,-19.752c8.146,-6.788,18.285,-15.236,18.285,-31.792h-15.673c0.0,8.787,-4.569,13.022,-12.644,19.751c-8.146,6.788,-18.285,15.236,-18.285,31.793c0.0,16.559,10.139,25.008,18.285,31.796c8.076,6.729,12.644,10.965,12.644,19.754s-4.569,13.026,-12.645,19.755c-8.146,6.789,-18.285,15.238,-18.285,31.796h15.673c0.0,-8.789,4.569,-13.026,12.645,-19.755c8.146,-6.789,18.285,-15.238,18.285,-31.796C239.431,148.527,229.293,140.078,221.146,133.289z"">
   </path>
  </g>
 </g>
 <g>
  <g>
   <path d=""M267.121,133.289c-8.076,-6.729,-12.645,-10.965,-12.645,-19.755c0.0,-8.788,4.569,-13.023,12.645,-19.752c8.146,-6.788,18.284,-15.236,18.284,-31.792h-15.673c0.0,8.787,-4.569,13.022,-12.644,19.751c-8.146,6.788,-18.285,15.236,-18.285,31.793c0.001,16.559,10.14,25.008,18.286,31.796c8.076,6.729,12.644,10.965,12.644,19.754s-4.569,13.026,-12.645,19.755c-8.146,6.789,-18.285,15.238,-18.285,31.796h15.673c0.0,-8.789,4.569,-13.026,12.645,-19.755c8.146,-6.789,18.284,-15.238,18.284,-31.796C285.405,148.527,275.268,140.078,267.121,133.289z"">
   </path>
  </g>
 </g>
 <g>
  <g>
   <path d=""M313.097,133.289c-8.075,-6.729,-12.645,-10.965,-12.645,-19.755c0.0,-8.788,4.569,-13.023,12.645,-19.752c8.146,-6.788,18.285,-15.236,18.285,-31.792h-15.673c0.0,8.787,-4.568,13.022,-12.644,19.751c-8.146,6.788,-18.285,15.236,-18.285,31.793c0.0,16.559,10.138,25.008,18.285,31.796c8.076,6.729,12.644,10.965,12.644,19.754s-4.568,13.026,-12.645,19.755c-8.146,6.789,-18.285,15.238,-18.285,31.796h15.673c0.0,-8.789,4.569,-13.026,12.645,-19.755c8.146,-6.789,18.285,-15.238,18.285,-31.796C331.382,148.527,321.244,140.078,313.097,133.289z"">
   </path>
  </g>
 </g>
</svg>


Question: What is the object on the right side of the main shape?",Spoon,Fork,Knife,Key,B,food
107,"Examine the following SVG code carefully and answer the question based on your interpretation of the rendered image.

<svg id=""Layer_1"" style=""enable-background:new 0 0 512 512;"" version=""1.1"" viewbox=""0 0 512 512"" x=""0px"" xml:space=""preserve"" y=""0px"">
 <g>
  <g>
   <path d=""M201.334,280.794c-38.967,10.29,-72.376,36.578,-91.658,72.121l13.777,7.473c17.231,-31.761,47.077,-55.248,81.883,-64.441L201.334,280.794z"">
   </path>
  </g>
 </g>
 <g>
  <g>
   <path d=""M310.661,400.202l14.052,6.941c7.114,-14.401,21.462,-23.347,37.445,-23.347v-15.674C340.168,368.123,320.435,380.414,310.661,400.202z"">
   </path>
  </g>
 </g>
 <g>
  <g>
   <path d=""M296.407,414.644c3.872,-31.472,30.722,-55.925,63.187,-55.925c27.324,0.0,51.57,17.394,60.332,43.285l14.846,-5.025c-1.295,-3.824,-2.868,-7.495,-4.68,-11.003l36.274,-16.934c0.057,0.128,0.109,0.259,0.168,0.388c2.945,6.322,8.173,11.118,14.723,13.504c2.913,1.062,5.932,1.589,8.942,1.589c3.76,0.0,7.506,-0.824,11.014,-2.462c13.036,-6.084,18.696,-21.649,12.619,-34.696c-2.945,-6.322,-8.173,-11.118,-14.723,-13.504c-0.313,-0.114,-0.629,-0.216,-0.946,-0.319c2.644,-6.498,2.692,-14.035,-0.497,-20.88c-2.945,-6.322,-8.173,-11.118,-14.723,-13.504c-6.551,-2.385,-13.638,-2.076,-19.957,0.872c-13.035,6.084,-18.696,21.649,-12.619,34.697c0.062,0.133,0.139,0.254,0.203,0.385l-46.384,21.653c-12.852,-8.733,-28.28,-13.721,-44.595,-13.721c-41.117,0.0,-75.024,31.463,-78.969,71.599H76.573c4.11,-85.818,75.326,-154.374,162.283,-154.374c53.574,0.0,103.685,26.363,134.05,70.522l12.915,-8.88c-33.289,-48.413,-88.229,-77.316,-146.965,-77.316c-95.602,0.0,-173.844,75.585,-177.967,170.048H4.804v41.796h512.0v-41.796H296.407zM490.178,347.954c1.201,0.0,2.405,0.21,3.567,0.633c2.615,0.953,4.704,2.869,5.881,5.396c2.432,5.218,0.169,11.443,-5.042,13.875c-2.521,1.177,-5.349,1.301,-7.961,0.348c-2.615,-0.953,-4.703,-2.869,-5.881,-5.396c-2.431,-5.218,-0.17,-11.443,5.041,-13.875C487.183,348.282,488.677,347.954,490.178,347.954zM469.62,314.232c1.4,-0.653,2.894,-0.981,4.395,-0.981c1.201,0.0,2.405,0.21,3.567,0.633c2.615,0.953,4.703,2.869,5.88,5.396c2.431,5.218,0.17,11.443,-5.041,13.875c-2.521,1.174,-5.349,1.3,-7.961,0.348c-2.615,-0.953,-4.704,-2.868,-5.881,-5.395C462.147,322.89,464.409,316.665,469.62,314.232zM462.229,346.969c0.927,0.468,1.875,0.901,2.865,1.261c0.315,0.115,0.634,0.199,0.952,0.301c-0.522,1.281,-0.94,2.602,-1.255,3.95l-43.32,20.223c-1.324,-1.647,-2.707,-3.24,-4.151,-4.77L462.229,346.969zM501.131,440.766H20.477v-10.449h480.653V440.766z"">
   </path>
  </g>
 </g>
 <g>
  <g>
   <path d=""M174.648,133.289c-8.076,-6.729,-12.645,-10.965,-12.645,-19.755c0.0,-8.788,4.569,-13.023,12.645,-19.752c8.146,-6.788,18.285,-15.236,18.285,-31.792h-15.673c0.0,8.787,-4.569,13.022,-12.644,19.751c-8.146,6.788,-18.285,15.236,-18.285,31.793c0.0,16.559,10.139,25.008,18.285,31.796c8.076,6.729,12.644,10.965,12.644,19.754s-4.569,13.026,-12.645,19.755c-8.146,6.789,-18.285,15.238,-18.285,31.796h15.673c0.0,-8.789,4.569,-13.026,12.645,-19.755c8.146,-6.789,18.285,-15.238,18.285,-31.796C192.933,148.527,182.795,140.078,174.648,133.289z"">
   </path>
  </g>
 </g>
 <g>
  <g>
   <path d=""M221.146,133.289c-8.076,-6.729,-12.645,-10.965,-12.645,-19.755c0.0,-8.788,4.569,-13.023,12.645,-19.752c8.146,-6.788,18.285,-15.236,18.285,-31.792h-15.673c0.0,8.787,-4.569,13.022,-12.644,19.751c-8.146,6.788,-18.285,15.236,-18.285,31.793c0.0,16.559,10.139,25.008,18.285,31.796c8.076,6.729,12.644,10.965,12.644,19.754s-4.569,13.026,-12.645,19.755c-8.146,6.789,-18.285,15.238,-18.285,31.796h15.673c0.0,-8.789,4.569,-13.026,12.645,-19.755c8.146,-6.789,18.285,-15.238,18.285,-31.796C239.431,148.527,229.293,140.078,221.146,133.289z"">
   </path>
  </g>
 </g>
 <g>
  <g>
   <path d=""M267.121,133.289c-8.076,-6.729,-12.645,-10.965,-12.645,-19.755c0.0,-8.788,4.569,-13.023,12.645,-19.752c8.146,-6.788,18.284,-15.236,18.284,-31.792h-15.673c0.0,8.787,-4.569,13.022,-12.644,19.751c-8.146,6.788,-18.285,15.236,-18.285,31.793c0.001,16.559,10.14,25.008,18.286,31.796c8.076,6.729,12.644,10.965,12.644,19.754s-4.569,13.026,-12.645,19.755c-8.146,6.789,-18.285,15.238,-18.285,31.796h15.673c0.0,-8.789,4.569,-13.026,12.645,-19.755c8.146,-6.789,18.284,-15.238,18.284,-31.796C285.405,148.527,275.268,140.078,267.121,133.289z"">
   </path>
  </g>
 </g>
 <g>
  <g>
   <path d=""M313.097,133.289c-8.075,-6.729,-12.645,-10.965,-12.645,-19.755c0.0,-8.788,4.569,-13.023,12.645,-19.752c8.146,-6.788,18.285,-15.236,18.285,-31.792h-15.673c0.0,8.787,-4.568,13.022,-12.644,19.751c-8.146,6.788,-18.285,15.236,-18.285,31.793c0.0,16.559,10.138,25.008,18.285,31.796c8.076,6.729,12.644,10.965,12.644,19.754s-4.568,13.026,-12.645,19.755c-8.146,6.789,-18.285,15.238,-18.285,31.796h15.673c0.0,-8.789,4.569,-13.026,12.645,-19.755c8.146,-6.789,18.285,-15.238,18.285,-31.796C331.382,148.527,321.244,140.078,313.097,133.289z"">
   </path>
  </g>
 </g>
</svg>


Question: What does the whole object in the image represent?",turkey,car,house,tree,A,food
120,"Examine the following SVG code carefully and answer the question based on your interpretation of the rendered image.

<svg height=""353.662px"" id=""Capa_1"" style=""enable-background:new 0 0 353.661 353.662;"" version=""1.1"" viewbox=""0 0 353.661 353.662"" width=""353.661px"" x=""0px"" xml:space=""preserve"" y=""0px"">
 <g>
  <g id=""Artwork_4_"">
   <g>
    <path d=""M100.06,154.482l13.351,-3.196c-3.424,-17.088,-4.811,-30.39,-25.041,-37.306c-55.372,25.457,-90.056,59.728,-86.322,77.024c0.397,1.845,1.299,3.549,2.571,5.142C25.973,177.481,63.922,162.508,100.06,154.482z"">
    </path>
    <path d=""M189.041,145.631c-0.011,0.025,-0.02,0.043,-0.029,0.068l15.605,1.081c10.528,0.724,21.113,1.924,31.466,3.553c18.771,2.954,49.4,11.376,55.199,13.33c36.582,-16.219,58.396,-33.526,55.488,-47.005c-3.404,-15.786,-41.802,-31.271,-94.819,-34.134c8.398,18.921,5.243,40.661,0.457,52.803c-6.522,16.544,6.69,-40.816,-37.532,-52.701c-9.802,0.554,-19.889,1.547,-30.164,3.026C197.763,105.953,194.445,131.922,189.041,145.631z"">
    </path>
    <path d=""M127.122,149.528l5.039,-0.646c12.045,-1.543,24.245,-2.504,36.266,-2.85l10.156,-0.608c1.853,-25.896,-4.983,-44.913,-27.922,-53.16c-11.598,2.858,-22.761,6.236,-33.393,9.999C127.609,117.121,129.014,135.58,127.122,149.528z"">
    </path>
    <path d=""M269.942,168.303c4.221,20.266,-3.446,40.854,-10.688,51.712c-9.862,14.795,6.617,-42.837,-25.575,-59.43c-9.699,-1.524,-19.768,-2.679,-30.124,-3.399c8.479,22.598,-0.241,47.28,-8.413,59.542c-9.87,14.798,8.625,-39.884,-26.267,-60.257c-11.94,0.35,-23.567,1.296,-34.752,2.734c9.003,21.553,2.213,45.87,-4.894,58.366c-8.783,15.459,6.537,-31.727,-25.824,-53.004C43.911,177.776,2.78,209.965,2.78,227.661c0.0,24.515,78.942,49.389,176.329,49.389c97.383,0.0,176.325,-24.874,176.325,-49.389C355.434,211.508,321.166,182.28,269.942,168.303z"">
    </path>
   </g>
  </g>
 </g>
</svg>


Question: What shape is the base of the object in the image?",Circle,Square,Oval,Triangle,C,food
121,"Examine the following SVG code carefully and answer the question based on your interpretation of the rendered image.

<svg height=""353.662px"" id=""Capa_1"" style=""enable-background:new 0 0 353.661 353.662;"" version=""1.1"" viewbox=""0 0 353.661 353.662"" width=""353.661px"" x=""0px"" xml:space=""preserve"" y=""0px"">
 <g>
  <g id=""Artwork_4_"">
   <g>
    <path d=""M100.06,154.482l13.351,-3.196c-3.424,-17.088,-4.811,-30.39,-25.041,-37.306c-55.372,25.457,-90.056,59.728,-86.322,77.024c0.397,1.845,1.299,3.549,2.571,5.142C25.973,177.481,63.922,162.508,100.06,154.482z"">
    </path>
    <path d=""M189.041,145.631c-0.011,0.025,-0.02,0.043,-0.029,0.068l15.605,1.081c10.528,0.724,21.113,1.924,31.466,3.553c18.771,2.954,49.4,11.376,55.199,13.33c36.582,-16.219,58.396,-33.526,55.488,-47.005c-3.404,-15.786,-41.802,-31.271,-94.819,-34.134c8.398,18.921,5.243,40.661,0.457,52.803c-6.522,16.544,6.69,-40.816,-37.532,-52.701c-9.802,0.554,-19.889,1.547,-30.164,3.026C197.763,105.953,194.445,131.922,189.041,145.631z"">
    </path>
    <path d=""M127.122,149.528l5.039,-0.646c12.045,-1.543,24.245,-2.504,36.266,-2.85l10.156,-0.608c1.853,-25.896,-4.983,-44.913,-27.922,-53.16c-11.598,2.858,-22.761,6.236,-33.393,9.999C127.609,117.121,129.014,135.58,127.122,149.528z"">
    </path>
    <path d=""M269.942,168.303c4.221,20.266,-3.446,40.854,-10.688,51.712c-9.862,14.795,6.617,-42.837,-25.575,-59.43c-9.699,-1.524,-19.768,-2.679,-30.124,-3.399c8.479,22.598,-0.241,47.28,-8.413,59.542c-9.87,14.798,8.625,-39.884,-26.267,-60.257c-11.94,0.35,-23.567,1.296,-34.752,2.734c9.003,21.553,2.213,45.87,-4.894,58.366c-8.783,15.459,6.537,-31.727,-25.824,-53.004C43.911,177.776,2.78,209.965,2.78,227.661c0.0,24.515,78.942,49.389,176.329,49.389c97.383,0.0,176.325,-24.874,176.325,-49.389C355.434,211.508,321.166,182.28,269.942,168.303z"">
    </path>
   </g>
  </g>
 </g>
</svg>


Question: How many segments are there in the top part of the object?",2,3,5,4,D,food
122,"Examine the following SVG code carefully and answer the question based on your interpretation of the rendered image.

<svg height=""353.662px"" id=""Capa_1"" style=""enable-background:new 0 0 353.661 353.662;"" version=""1.1"" viewbox=""0 0 353.661 353.662"" width=""353.661px"" x=""0px"" xml:space=""preserve"" y=""0px"">
 <g>
  <g id=""Artwork_4_"">
   <g>
    <path d=""M100.06,154.482l13.351,-3.196c-3.424,-17.088,-4.811,-30.39,-25.041,-37.306c-55.372,25.457,-90.056,59.728,-86.322,77.024c0.397,1.845,1.299,3.549,2.571,5.142C25.973,177.481,63.922,162.508,100.06,154.482z"">
    </path>
    <path d=""M189.041,145.631c-0.011,0.025,-0.02,0.043,-0.029,0.068l15.605,1.081c10.528,0.724,21.113,1.924,31.466,3.553c18.771,2.954,49.4,11.376,55.199,13.33c36.582,-16.219,58.396,-33.526,55.488,-47.005c-3.404,-15.786,-41.802,-31.271,-94.819,-34.134c8.398,18.921,5.243,40.661,0.457,52.803c-6.522,16.544,6.69,-40.816,-37.532,-52.701c-9.802,0.554,-19.889,1.547,-30.164,3.026C197.763,105.953,194.445,131.922,189.041,145.631z"">
    </path>
    <path d=""M127.122,149.528l5.039,-0.646c12.045,-1.543,24.245,-2.504,36.266,-2.85l10.156,-0.608c1.853,-25.896,-4.983,-44.913,-27.922,-53.16c-11.598,2.858,-22.761,6.236,-33.393,9.999C127.609,117.121,129.014,135.58,127.122,149.528z"">
    </path>
    <path d=""M269.942,168.303c4.221,20.266,-3.446,40.854,-10.688,51.712c-9.862,14.795,6.617,-42.837,-25.575,-59.43c-9.699,-1.524,-19.768,-2.679,-30.124,-3.399c8.479,22.598,-0.241,47.28,-8.413,59.542c-9.87,14.798,8.625,-39.884,-26.267,-60.257c-11.94,0.35,-23.567,1.296,-34.752,2.734c9.003,21.553,2.213,45.87,-4.894,58.366c-8.783,15.459,6.537,-31.727,-25.824,-53.004C43.911,177.776,2.78,209.965,2.78,227.661c0.0,24.515,78.942,49.389,176.329,49.389c97.383,0.0,176.325,-24.874,176.325,-49.389C355.434,211.508,321.166,182.28,269.942,168.303z"">
    </path>
   </g>
  </g>
 </g>
</svg>


Question: What is the color of the object in the image?",Red,Blue,Green,Black,D,food
123,"Examine the following SVG code carefully and answer the question based on your interpretation of the rendered image.

<svg height=""353.662px"" id=""Capa_1"" style=""enable-background:new 0 0 353.661 353.662;"" version=""1.1"" viewbox=""0 0 353.661 353.662"" width=""353.661px"" x=""0px"" xml:space=""preserve"" y=""0px"">
 <g>
  <g id=""Artwork_4_"">
   <g>
    <path d=""M100.06,154.482l13.351,-3.196c-3.424,-17.088,-4.811,-30.39,-25.041,-37.306c-55.372,25.457,-90.056,59.728,-86.322,77.024c0.397,1.845,1.299,3.549,2.571,5.142C25.973,177.481,63.922,162.508,100.06,154.482z"">
    </path>
    <path d=""M189.041,145.631c-0.011,0.025,-0.02,0.043,-0.029,0.068l15.605,1.081c10.528,0.724,21.113,1.924,31.466,3.553c18.771,2.954,49.4,11.376,55.199,13.33c36.582,-16.219,58.396,-33.526,55.488,-47.005c-3.404,-15.786,-41.802,-31.271,-94.819,-34.134c8.398,18.921,5.243,40.661,0.457,52.803c-6.522,16.544,6.69,-40.816,-37.532,-52.701c-9.802,0.554,-19.889,1.547,-30.164,3.026C197.763,105.953,194.445,131.922,189.041,145.631z"">
    </path>
    <path d=""M127.122,149.528l5.039,-0.646c12.045,-1.543,24.245,-2.504,36.266,-2.85l10.156,-0.608c1.853,-25.896,-4.983,-44.913,-27.922,-53.16c-11.598,2.858,-22.761,6.236,-33.393,9.999C127.609,117.121,129.014,135.58,127.122,149.528z"">
    </path>
    <path d=""M269.942,168.303c4.221,20.266,-3.446,40.854,-10.688,51.712c-9.862,14.795,6.617,-42.837,-25.575,-59.43c-9.699,-1.524,-19.768,-2.679,-30.124,-3.399c8.479,22.598,-0.241,47.28,-8.413,59.542c-9.87,14.798,8.625,-39.884,-26.267,-60.257c-11.94,0.35,-23.567,1.296,-34.752,2.734c9.003,21.553,2.213,45.87,-4.894,58.366c-8.783,15.459,6.537,-31.727,-25.824,-53.004C43.911,177.776,2.78,209.965,2.78,227.661c0.0,24.515,78.942,49.389,176.329,49.389c97.383,0.0,176.325,-24.874,176.325,-49.389C355.434,211.508,321.166,182.28,269.942,168.303z"">
    </path>
   </g>
  </g>
 </g>
</svg>


Question: What type of object is depicted in the image?",bread,car,tree,house,A,food
132,"Examine the following SVG code carefully and answer the question based on your interpretation of the rendered image.

<svg id=""Capa_1"" style=""enable-background:new 0 0 297 297;"" version=""1.1"" viewbox=""0 0 297 297"" x=""0px"" xml:space=""preserve"" y=""0px"">
 <g>
  <path d=""M272.249,53.051C239.838,20.64,196.744,2.79,150.908,2.79C105.071,2.79,61.978,20.64,29.567,53.051c-3.004,3.005,-3.753,7.591,-1.86,11.396l114.35,229.86c1.671,3.359,5.1,5.483,8.852,5.483s7.181,-2.124,8.852,-5.483l114.35,-229.86C276.002,60.642,275.253,56.055,272.249,53.051zM150.908,22.563c38.193,0.0,74.235,14.008,102.256,39.593l-7.65,15.378c-26.119,-23.188,-59.386,-35.869,-94.605,-35.869c-35.221,0.0,-68.488,12.681,-94.606,35.87l-7.65,-15.38C76.673,36.571,112.715,22.563,150.908,22.563zM93.122,150.093c-0.275,-0.084,-0.551,-0.148,-0.827,-0.207l-14.165,-28.474c1.817,-5.673,5.693,-10.337,10.965,-13.138c5.362,-2.854,11.516,-3.444,17.327,-1.67c5.808,1.774,10.574,5.705,13.426,11.067c2.85,5.363,3.442,11.516,1.663,17.327c-1.774,5.808,-5.704,10.576,-11.065,13.428C105.082,151.277,98.929,151.869,93.122,150.093zM150.908,267.707l-48.221,-96.932c5.886,-0.402,11.676,-2.038,17.041,-4.89c10.027,-5.332,17.375,-14.249,20.691,-25.105c3.322,-10.859,2.217,-22.361,-3.112,-32.389c-5.332,-10.028,-14.248,-17.379,-25.107,-20.697c-10.858,-3.318,-22.36,-2.211,-32.389,3.121c-4.668,2.482,-8.746,5.749,-12.116,9.62l-2.217,-4.456c23.042,-22.286,53.293,-34.541,85.431,-34.541c32.137,0.0,62.387,12.254,85.43,34.54l-31.993,64.31c-6.707,-11.268,-19.007,-18.839,-33.046,-18.839c-21.192,0.0,-38.434,17.241,-38.434,38.434s17.241,38.434,38.434,38.434c1.455,0.0,2.889,-0.089,4.302,-0.247L150.908,267.707zM171.3,198.544c-10.29,0.0,-18.66,-8.371,-18.66,-18.661c0.0,-10.29,8.37,-18.661,18.66,-18.661c10.29,0.0,18.661,8.371,18.661,18.661C189.961,190.173,181.59,198.544,171.3,198.544z"">
  </path>
  <path d=""M192.856,117.544c1.931,1.931,4.461,2.896,6.991,2.896c2.53,0.0,5.059,-0.966,6.991,-2.896c3.86,-3.86,3.86,-10.121,0.0,-13.981l-16.314,-16.313c-3.861,-3.859,-10.12,-3.859,-13.981,0.0c-3.861,3.861,-3.861,10.122,0.0,13.982L192.856,117.544z"">
  </path>
 </g>
</svg>


Question: What shape is the overall object in the image?",Circle,Square,Triangle,Rectangle,C,food
133,"Examine the following SVG code carefully and answer the question based on your interpretation of the rendered image.

<svg id=""Capa_1"" style=""enable-background:new 0 0 297 297;"" version=""1.1"" viewbox=""0 0 297 297"" x=""0px"" xml:space=""preserve"" y=""0px"">
 <g>
  <path d=""M272.249,53.051C239.838,20.64,196.744,2.79,150.908,2.79C105.071,2.79,61.978,20.64,29.567,53.051c-3.004,3.005,-3.753,7.591,-1.86,11.396l114.35,229.86c1.671,3.359,5.1,5.483,8.852,5.483s7.181,-2.124,8.852,-5.483l114.35,-229.86C276.002,60.642,275.253,56.055,272.249,53.051zM150.908,22.563c38.193,0.0,74.235,14.008,102.256,39.593l-7.65,15.378c-26.119,-23.188,-59.386,-35.869,-94.605,-35.869c-35.221,0.0,-68.488,12.681,-94.606,35.87l-7.65,-15.38C76.673,36.571,112.715,22.563,150.908,22.563zM93.122,150.093c-0.275,-0.084,-0.551,-0.148,-0.827,-0.207l-14.165,-28.474c1.817,-5.673,5.693,-10.337,10.965,-13.138c5.362,-2.854,11.516,-3.444,17.327,-1.67c5.808,1.774,10.574,5.705,13.426,11.067c2.85,5.363,3.442,11.516,1.663,17.327c-1.774,5.808,-5.704,10.576,-11.065,13.428C105.082,151.277,98.929,151.869,93.122,150.093zM150.908,267.707l-48.221,-96.932c5.886,-0.402,11.676,-2.038,17.041,-4.89c10.027,-5.332,17.375,-14.249,20.691,-25.105c3.322,-10.859,2.217,-22.361,-3.112,-32.389c-5.332,-10.028,-14.248,-17.379,-25.107,-20.697c-10.858,-3.318,-22.36,-2.211,-32.389,3.121c-4.668,2.482,-8.746,5.749,-12.116,9.62l-2.217,-4.456c23.042,-22.286,53.293,-34.541,85.431,-34.541c32.137,0.0,62.387,12.254,85.43,34.54l-31.993,64.31c-6.707,-11.268,-19.007,-18.839,-33.046,-18.839c-21.192,0.0,-38.434,17.241,-38.434,38.434s17.241,38.434,38.434,38.434c1.455,0.0,2.889,-0.089,4.302,-0.247L150.908,267.707zM171.3,198.544c-10.29,0.0,-18.66,-8.371,-18.66,-18.661c0.0,-10.29,8.37,-18.661,18.66,-18.661c10.29,0.0,18.661,8.371,18.661,18.661C189.961,190.173,181.59,198.544,171.3,198.544z"">
  </path>
  <path d=""M192.856,117.544c1.931,1.931,4.461,2.896,6.991,2.896c2.53,0.0,5.059,-0.966,6.991,-2.896c3.86,-3.86,3.86,-10.121,0.0,-13.981l-16.314,-16.313c-3.861,-3.859,-10.12,-3.859,-13.981,0.0c-3.861,3.861,-3.861,10.122,0.0,13.982L192.856,117.544z"">
  </path>
 </g>
</svg>


Question: How many circular shapes are present within the object?",Two,One,Three,Four,A,food
134,"Examine the following SVG code carefully and answer the question based on your interpretation of the rendered image.

<svg id=""Capa_1"" style=""enable-background:new 0 0 297 297;"" version=""1.1"" viewbox=""0 0 297 297"" x=""0px"" xml:space=""preserve"" y=""0px"">
 <g>
  <path d=""M272.249,53.051C239.838,20.64,196.744,2.79,150.908,2.79C105.071,2.79,61.978,20.64,29.567,53.051c-3.004,3.005,-3.753,7.591,-1.86,11.396l114.35,229.86c1.671,3.359,5.1,5.483,8.852,5.483s7.181,-2.124,8.852,-5.483l114.35,-229.86C276.002,60.642,275.253,56.055,272.249,53.051zM150.908,22.563c38.193,0.0,74.235,14.008,102.256,39.593l-7.65,15.378c-26.119,-23.188,-59.386,-35.869,-94.605,-35.869c-35.221,0.0,-68.488,12.681,-94.606,35.87l-7.65,-15.38C76.673,36.571,112.715,22.563,150.908,22.563zM93.122,150.093c-0.275,-0.084,-0.551,-0.148,-0.827,-0.207l-14.165,-28.474c1.817,-5.673,5.693,-10.337,10.965,-13.138c5.362,-2.854,11.516,-3.444,17.327,-1.67c5.808,1.774,10.574,5.705,13.426,11.067c2.85,5.363,3.442,11.516,1.663,17.327c-1.774,5.808,-5.704,10.576,-11.065,13.428C105.082,151.277,98.929,151.869,93.122,150.093zM150.908,267.707l-48.221,-96.932c5.886,-0.402,11.676,-2.038,17.041,-4.89c10.027,-5.332,17.375,-14.249,20.691,-25.105c3.322,-10.859,2.217,-22.361,-3.112,-32.389c-5.332,-10.028,-14.248,-17.379,-25.107,-20.697c-10.858,-3.318,-22.36,-2.211,-32.389,3.121c-4.668,2.482,-8.746,5.749,-12.116,9.62l-2.217,-4.456c23.042,-22.286,53.293,-34.541,85.431,-34.541c32.137,0.0,62.387,12.254,85.43,34.54l-31.993,64.31c-6.707,-11.268,-19.007,-18.839,-33.046,-18.839c-21.192,0.0,-38.434,17.241,-38.434,38.434s17.241,38.434,38.434,38.434c1.455,0.0,2.889,-0.089,4.302,-0.247L150.908,267.707zM171.3,198.544c-10.29,0.0,-18.66,-8.371,-18.66,-18.661c0.0,-10.29,8.37,-18.661,18.66,-18.661c10.29,0.0,18.661,8.371,18.661,18.661C189.961,190.173,181.59,198.544,171.3,198.544z"">
  </path>
  <path d=""M192.856,117.544c1.931,1.931,4.461,2.896,6.991,2.896c2.53,0.0,5.059,-0.966,6.991,-2.896c3.86,-3.86,3.86,-10.121,0.0,-13.981l-16.314,-16.313c-3.861,-3.859,-10.12,-3.859,-13.981,0.0c-3.861,3.861,-3.861,10.122,0.0,13.982L192.856,117.544z"">
  </path>
 </g>
</svg>


Question: What is the color of the object in the image?",Black,Yellow,Blue,Green,A,food
135,"Examine the following SVG code carefully and answer the question based on your interpretation of the rendered image.

<svg id=""Capa_1"" style=""enable-background:new 0 0 297 297;"" version=""1.1"" viewbox=""0 0 297 297"" x=""0px"" xml:space=""preserve"" y=""0px"">
 <g>
  <path d=""M272.249,53.051C239.838,20.64,196.744,2.79,150.908,2.79C105.071,2.79,61.978,20.64,29.567,53.051c-3.004,3.005,-3.753,7.591,-1.86,11.396l114.35,229.86c1.671,3.359,5.1,5.483,8.852,5.483s7.181,-2.124,8.852,-5.483l114.35,-229.86C276.002,60.642,275.253,56.055,272.249,53.051zM150.908,22.563c38.193,0.0,74.235,14.008,102.256,39.593l-7.65,15.378c-26.119,-23.188,-59.386,-35.869,-94.605,-35.869c-35.221,0.0,-68.488,12.681,-94.606,35.87l-7.65,-15.38C76.673,36.571,112.715,22.563,150.908,22.563zM93.122,150.093c-0.275,-0.084,-0.551,-0.148,-0.827,-0.207l-14.165,-28.474c1.817,-5.673,5.693,-10.337,10.965,-13.138c5.362,-2.854,11.516,-3.444,17.327,-1.67c5.808,1.774,10.574,5.705,13.426,11.067c2.85,5.363,3.442,11.516,1.663,17.327c-1.774,5.808,-5.704,10.576,-11.065,13.428C105.082,151.277,98.929,151.869,93.122,150.093zM150.908,267.707l-48.221,-96.932c5.886,-0.402,11.676,-2.038,17.041,-4.89c10.027,-5.332,17.375,-14.249,20.691,-25.105c3.322,-10.859,2.217,-22.361,-3.112,-32.389c-5.332,-10.028,-14.248,-17.379,-25.107,-20.697c-10.858,-3.318,-22.36,-2.211,-32.389,3.121c-4.668,2.482,-8.746,5.749,-12.116,9.62l-2.217,-4.456c23.042,-22.286,53.293,-34.541,85.431,-34.541c32.137,0.0,62.387,12.254,85.43,34.54l-31.993,64.31c-6.707,-11.268,-19.007,-18.839,-33.046,-18.839c-21.192,0.0,-38.434,17.241,-38.434,38.434s17.241,38.434,38.434,38.434c1.455,0.0,2.889,-0.089,4.302,-0.247L150.908,267.707zM171.3,198.544c-10.29,0.0,-18.66,-8.371,-18.66,-18.661c0.0,-10.29,8.37,-18.661,18.66,-18.661c10.29,0.0,18.661,8.371,18.661,18.661C189.961,190.173,181.59,198.544,171.3,198.544z"">
  </path>
  <path d=""M192.856,117.544c1.931,1.931,4.461,2.896,6.991,2.896c2.53,0.0,5.059,-0.966,6.991,-2.896c3.86,-3.86,3.86,-10.121,0.0,-13.981l-16.314,-16.313c-3.861,-3.859,-10.12,-3.859,-13.981,0.0c-3.861,3.861,-3.861,10.122,0.0,13.982L192.856,117.544z"">
  </path>
 </g>
</svg>


Question: What does the object in the image represent?",cake,pizza,cookies,sandwich,B,food
144,"Examine the following SVG code carefully and answer the question based on your interpretation of the rendered image.

<svg enable-background=""new 0 0 64 64"" id=""Layer_1"" version=""1.1"" viewbox=""0 0 64 64"" x=""0px"" xml:space=""preserve"" y=""0px"">
 <path d=""M64.35,27.267l-7.958,-8.638L52.89,7.418c-0.128,-0.411,-0.505,-0.693,-0.935,-0.702c-0.446,-0.006,-0.818,0.259,-0.962,0.665l-4.442,12.5c-1.036,-0.797,-2.23,-1.389,-3.532,-1.738c-2.596,-0.696,-5.303,-0.34,-7.628,1.002l-15.606,9.01c-3.625,2.094,-5.45,6.121,-4.934,10.035l-13.056,-2.404c-0.426,-0.073,-0.848,0.125,-1.057,0.5c-0.207,0.377,-0.151,0.845,0.141,1.161l7.959,8.637l3.502,11.21c0.128,0.411,0.504,0.693,0.934,0.702c0.007,0.0,0.013,0.0,0.02,0.0c0.422,0.0,0.8,-0.266,0.942,-0.664l4.453,-12.491c1.034,0.792,2.224,1.382,3.52,1.729c0.867,0.231,1.746,0.347,2.62,0.347c1.612,0.0,4.949,-1.316,5.007,-1.35l15.607,-9.011c2.324,-1.342,3.987,-3.51,4.682,-6.104c0.348,-1.297,0.432,-2.622,0.262,-3.913l13.046,2.389c0.06,0.012,0.12,0.017,0.18,0.017c0.359,0.0,0.698,-0.194,0.876,-0.518C64.698,28.051,64.642,27.583,64.35,27.267zM27.432,26.051l7.435,-4.292l2.45,17.181l-7.435,4.293L27.432,26.051zM13.357,53.843l-2.677,-8.569c-0.044,-0.142,-0.118,-0.271,-0.219,-0.38l-6.08,-6.598l10.799,1.988l0.923,1.599c0.001,0.002,0.002,0.004,0.003,0.006c0.001,0.002,0.002,0.004,0.004,0.006l0.932,1.614L13.357,53.843zM22.728,44.638c-2.079,-0.557,-3.814,-1.887,-4.889,-3.748l-0.002,-0.003c-2.218,-3.845,-0.896,-8.779,2.948,-11.0l4.779,-2.759l2.441,17.119C26.345,44.969,24.503,45.114,22.728,44.638zM48.195,29.935c-0.557,2.079,-1.889,3.816,-3.75,4.89l-5.261,3.037L36.737,20.707c1.149,-0.593,2.396,-0.91,3.665,-0.91c0.7,0.0,1.404,0.092,2.1,0.278c2.078,0.557,3.814,1.889,4.889,3.75C48.466,25.687,48.751,27.857,48.195,29.935zM50.059,24.446l-1.861,-3.224l3.677,-10.348l2.676,8.565c0.044,0.142,0.118,0.271,0.219,0.38l6.083,6.603L50.059,24.446z"" id=""Candy_2_"">
 </path>
</svg>


Question: What shape is the central part of the object?",Square,Oval,Triangle,Circle,B,food
145,"Examine the following SVG code carefully and answer the question based on your interpretation of the rendered image.

<svg enable-background=""new 0 0 64 64"" id=""Layer_1"" version=""1.1"" viewbox=""0 0 64 64"" x=""0px"" xml:space=""preserve"" y=""0px"">
 <path d=""M64.35,27.267l-7.958,-8.638L52.89,7.418c-0.128,-0.411,-0.505,-0.693,-0.935,-0.702c-0.446,-0.006,-0.818,0.259,-0.962,0.665l-4.442,12.5c-1.036,-0.797,-2.23,-1.389,-3.532,-1.738c-2.596,-0.696,-5.303,-0.34,-7.628,1.002l-15.606,9.01c-3.625,2.094,-5.45,6.121,-4.934,10.035l-13.056,-2.404c-0.426,-0.073,-0.848,0.125,-1.057,0.5c-0.207,0.377,-0.151,0.845,0.141,1.161l7.959,8.637l3.502,11.21c0.128,0.411,0.504,0.693,0.934,0.702c0.007,0.0,0.013,0.0,0.02,0.0c0.422,0.0,0.8,-0.266,0.942,-0.664l4.453,-12.491c1.034,0.792,2.224,1.382,3.52,1.729c0.867,0.231,1.746,0.347,2.62,0.347c1.612,0.0,4.949,-1.316,5.007,-1.35l15.607,-9.011c2.324,-1.342,3.987,-3.51,4.682,-6.104c0.348,-1.297,0.432,-2.622,0.262,-3.913l13.046,2.389c0.06,0.012,0.12,0.017,0.18,0.017c0.359,0.0,0.698,-0.194,0.876,-0.518C64.698,28.051,64.642,27.583,64.35,27.267zM27.432,26.051l7.435,-4.292l2.45,17.181l-7.435,4.293L27.432,26.051zM13.357,53.843l-2.677,-8.569c-0.044,-0.142,-0.118,-0.271,-0.219,-0.38l-6.08,-6.598l10.799,1.988l0.923,1.599c0.001,0.002,0.002,0.004,0.003,0.006c0.001,0.002,0.002,0.004,0.004,0.006l0.932,1.614L13.357,53.843zM22.728,44.638c-2.079,-0.557,-3.814,-1.887,-4.889,-3.748l-0.002,-0.003c-2.218,-3.845,-0.896,-8.779,2.948,-11.0l4.779,-2.759l2.441,17.119C26.345,44.969,24.503,45.114,22.728,44.638zM48.195,29.935c-0.557,2.079,-1.889,3.816,-3.75,4.89l-5.261,3.037L36.737,20.707c1.149,-0.593,2.396,-0.91,3.665,-0.91c0.7,0.0,1.404,0.092,2.1,0.278c2.078,0.557,3.814,1.889,4.889,3.75C48.466,25.687,48.751,27.857,48.195,29.935zM50.059,24.446l-1.861,-3.224l3.677,-10.348l2.676,8.565c0.044,0.142,0.118,0.271,0.219,0.38l6.083,6.603L50.059,24.446z"" id=""Candy_2_"">
 </path>
</svg>


Question: How many lines are there on the central part of the object?",Two,One,Three,Four,A,food
146,"Examine the following SVG code carefully and answer the question based on your interpretation of the rendered image.

<svg enable-background=""new 0 0 64 64"" id=""Layer_1"" version=""1.1"" viewbox=""0 0 64 64"" x=""0px"" xml:space=""preserve"" y=""0px"">
 <path d=""M64.35,27.267l-7.958,-8.638L52.89,7.418c-0.128,-0.411,-0.505,-0.693,-0.935,-0.702c-0.446,-0.006,-0.818,0.259,-0.962,0.665l-4.442,12.5c-1.036,-0.797,-2.23,-1.389,-3.532,-1.738c-2.596,-0.696,-5.303,-0.34,-7.628,1.002l-15.606,9.01c-3.625,2.094,-5.45,6.121,-4.934,10.035l-13.056,-2.404c-0.426,-0.073,-0.848,0.125,-1.057,0.5c-0.207,0.377,-0.151,0.845,0.141,1.161l7.959,8.637l3.502,11.21c0.128,0.411,0.504,0.693,0.934,0.702c0.007,0.0,0.013,0.0,0.02,0.0c0.422,0.0,0.8,-0.266,0.942,-0.664l4.453,-12.491c1.034,0.792,2.224,1.382,3.52,1.729c0.867,0.231,1.746,0.347,2.62,0.347c1.612,0.0,4.949,-1.316,5.007,-1.35l15.607,-9.011c2.324,-1.342,3.987,-3.51,4.682,-6.104c0.348,-1.297,0.432,-2.622,0.262,-3.913l13.046,2.389c0.06,0.012,0.12,0.017,0.18,0.017c0.359,0.0,0.698,-0.194,0.876,-0.518C64.698,28.051,64.642,27.583,64.35,27.267zM27.432,26.051l7.435,-4.292l2.45,17.181l-7.435,4.293L27.432,26.051zM13.357,53.843l-2.677,-8.569c-0.044,-0.142,-0.118,-0.271,-0.219,-0.38l-6.08,-6.598l10.799,1.988l0.923,1.599c0.001,0.002,0.002,0.004,0.003,0.006c0.001,0.002,0.002,0.004,0.004,0.006l0.932,1.614L13.357,53.843zM22.728,44.638c-2.079,-0.557,-3.814,-1.887,-4.889,-3.748l-0.002,-0.003c-2.218,-3.845,-0.896,-8.779,2.948,-11.0l4.779,-2.759l2.441,17.119C26.345,44.969,24.503,45.114,22.728,44.638zM48.195,29.935c-0.557,2.079,-1.889,3.816,-3.75,4.89l-5.261,3.037L36.737,20.707c1.149,-0.593,2.396,-0.91,3.665,-0.91c0.7,0.0,1.404,0.092,2.1,0.278c2.078,0.557,3.814,1.889,4.889,3.75C48.466,25.687,48.751,27.857,48.195,29.935zM50.059,24.446l-1.861,-3.224l3.677,-10.348l2.676,8.565c0.044,0.142,0.118,0.271,0.219,0.38l6.083,6.603L50.059,24.446z"" id=""Candy_2_"">
 </path>
</svg>


Question: What geometric shape are the ends of the object?",Triangles,Circles,Squares,Hexagons,A,food
147,"Examine the following SVG code carefully and answer the question based on your interpretation of the rendered image.

<svg enable-background=""new 0 0 64 64"" id=""Layer_1"" version=""1.1"" viewbox=""0 0 64 64"" x=""0px"" xml:space=""preserve"" y=""0px"">
 <path d=""M64.35,27.267l-7.958,-8.638L52.89,7.418c-0.128,-0.411,-0.505,-0.693,-0.935,-0.702c-0.446,-0.006,-0.818,0.259,-0.962,0.665l-4.442,12.5c-1.036,-0.797,-2.23,-1.389,-3.532,-1.738c-2.596,-0.696,-5.303,-0.34,-7.628,1.002l-15.606,9.01c-3.625,2.094,-5.45,6.121,-4.934,10.035l-13.056,-2.404c-0.426,-0.073,-0.848,0.125,-1.057,0.5c-0.207,0.377,-0.151,0.845,0.141,1.161l7.959,8.637l3.502,11.21c0.128,0.411,0.504,0.693,0.934,0.702c0.007,0.0,0.013,0.0,0.02,0.0c0.422,0.0,0.8,-0.266,0.942,-0.664l4.453,-12.491c1.034,0.792,2.224,1.382,3.52,1.729c0.867,0.231,1.746,0.347,2.62,0.347c1.612,0.0,4.949,-1.316,5.007,-1.35l15.607,-9.011c2.324,-1.342,3.987,-3.51,4.682,-6.104c0.348,-1.297,0.432,-2.622,0.262,-3.913l13.046,2.389c0.06,0.012,0.12,0.017,0.18,0.017c0.359,0.0,0.698,-0.194,0.876,-0.518C64.698,28.051,64.642,27.583,64.35,27.267zM27.432,26.051l7.435,-4.292l2.45,17.181l-7.435,4.293L27.432,26.051zM13.357,53.843l-2.677,-8.569c-0.044,-0.142,-0.118,-0.271,-0.219,-0.38l-6.08,-6.598l10.799,1.988l0.923,1.599c0.001,0.002,0.002,0.004,0.003,0.006c0.001,0.002,0.002,0.004,0.004,0.006l0.932,1.614L13.357,53.843zM22.728,44.638c-2.079,-0.557,-3.814,-1.887,-4.889,-3.748l-0.002,-0.003c-2.218,-3.845,-0.896,-8.779,2.948,-11.0l4.779,-2.759l2.441,17.119C26.345,44.969,24.503,45.114,22.728,44.638zM48.195,29.935c-0.557,2.079,-1.889,3.816,-3.75,4.89l-5.261,3.037L36.737,20.707c1.149,-0.593,2.396,-0.91,3.665,-0.91c0.7,0.0,1.404,0.092,2.1,0.278c2.078,0.557,3.814,1.889,4.889,3.75C48.466,25.687,48.751,27.857,48.195,29.935zM50.059,24.446l-1.861,-3.224l3.677,-10.348l2.676,8.565c0.044,0.142,0.118,0.271,0.219,0.38l6.083,6.603L50.059,24.446z"" id=""Candy_2_"">
 </path>
</svg>


Question: What is the object in the image?",book,candy,clock,tree,B,food
148,"Examine the following SVG code carefully and answer the question based on your interpretation of the rendered image.

<svg id=""Capa_1"" style=""enable-background:new 0 0 469.999 469.999;"" version=""1.1"" viewbox=""0 0 469.999 469.999"" x=""0px"" xml:space=""preserve"" y=""0px"">
 <g>
  <path d=""M322.295,126.811c-1.462,-11.178,-6.487,-21.236,-14.551,-28.865c-10.99,-10.397,-27.033,-16.033,-46.396,-16.296c-25.799,-0.355,-53.205,6.39,-75.173,18.495c-14.792,8.152,-25.339,17.812,-29.539,26.667H322.295z"" style=""fill:#D6B8A4;"">
  </path>
  <rect height=""67.51"" style=""fill:#FFCB59;"" width=""102.792"" x=""355.885"" y=""330.148"">
  </rect>
  <rect height=""173.336"" style=""fill:#855538;"" width=""102.792"" x=""355.885"" y=""141.811"">
  </rect>
  <path d=""M466.177,126.811H337.384c-1.543,-15.364,-8.246,-29.273,-19.331,-39.761c-13.771,-13.029,-33.309,-20.083,-56.499,-20.399c-28.338,-0.369,-58.44,7.034,-82.618,20.357c-20.962,11.552,-34.445,25.716,-38.227,39.804H11.178c-4.142,0.0,-7.5,3.358,-7.5,7.5v270.846c0.0,4.142,3.358,7.5,7.5,7.5h454.999c4.143,0.0,7.5,-3.358,7.5,-7.5V134.311C473.677,130.169,470.319,126.811,466.177,126.811zM186.176,100.145c21.968,-12.105,49.374,-18.85,75.173,-18.495c19.362,0.264,35.405,5.899,46.396,16.296c8.064,7.629,13.089,17.687,14.551,28.865H156.636C160.836,117.956,171.384,108.296,186.176,100.145zM458.677,315.148H355.885V141.811h102.792V315.148zM18.678,330.148h52.5c4.141,0.0,7.498,-3.356,7.5,-7.496c0.0,-0.001,0.0,-0.002,0.0,-0.004c0.0,-4.142,-3.358,-7.5,-7.5,-7.5H18.678V141.811h322.203V315.148H101.178c-4.142,0.0,-7.5,3.358,-7.5,7.5c0.0,0.001,0.0,0.002,0.0,0.004c0.002,4.14,3.359,7.496,7.5,7.496h239.703v67.51H18.678V330.148zM355.885,397.657V330.148h102.792v67.51H355.885z"" style=""fill:#3D2A20;"">
  </path>
  <path d=""M340.881,330.148H101.178c-4.141,0.0,-7.498,-3.356,-7.5,-7.496H78.678c-0.002,4.14,-3.359,7.496,-7.5,7.496H18.678v67.51h322.203V330.148z"" style=""fill:#FFD77D;"">
  </path>
  <path d=""M93.678,322.648c0.0,-4.142,3.358,-7.5,7.5,-7.5h239.703V141.811H18.678V315.148h52.5c4.142,0.0,7.5,3.358,7.5,7.5c0.0,0.001,0.0,0.002,0.0,0.004h15.0C93.678,322.65,93.678,322.649,93.678,322.648z"" style=""fill:#A67B60;"">
  </path>
 </g>
</svg>


Question: What is the primary shape of the object in the image?",Circle,Triangle,Rectangle,Hexagon,C,food
149,"Examine the following SVG code carefully and answer the question based on your interpretation of the rendered image.

<svg id=""Capa_1"" style=""enable-background:new 0 0 469.999 469.999;"" version=""1.1"" viewbox=""0 0 469.999 469.999"" x=""0px"" xml:space=""preserve"" y=""0px"">
 <g>
  <path d=""M322.295,126.811c-1.462,-11.178,-6.487,-21.236,-14.551,-28.865c-10.99,-10.397,-27.033,-16.033,-46.396,-16.296c-25.799,-0.355,-53.205,6.39,-75.173,18.495c-14.792,8.152,-25.339,17.812,-29.539,26.667H322.295z"" style=""fill:#D6B8A4;"">
  </path>
  <rect height=""67.51"" style=""fill:#FFCB59;"" width=""102.792"" x=""355.885"" y=""330.148"">
  </rect>
  <rect height=""173.336"" style=""fill:#855538;"" width=""102.792"" x=""355.885"" y=""141.811"">
  </rect>
  <path d=""M466.177,126.811H337.384c-1.543,-15.364,-8.246,-29.273,-19.331,-39.761c-13.771,-13.029,-33.309,-20.083,-56.499,-20.399c-28.338,-0.369,-58.44,7.034,-82.618,20.357c-20.962,11.552,-34.445,25.716,-38.227,39.804H11.178c-4.142,0.0,-7.5,3.358,-7.5,7.5v270.846c0.0,4.142,3.358,7.5,7.5,7.5h454.999c4.143,0.0,7.5,-3.358,7.5,-7.5V134.311C473.677,130.169,470.319,126.811,466.177,126.811zM186.176,100.145c21.968,-12.105,49.374,-18.85,75.173,-18.495c19.362,0.264,35.405,5.899,46.396,16.296c8.064,7.629,13.089,17.687,14.551,28.865H156.636C160.836,117.956,171.384,108.296,186.176,100.145zM458.677,315.148H355.885V141.811h102.792V315.148zM18.678,330.148h52.5c4.141,0.0,7.498,-3.356,7.5,-7.496c0.0,-0.001,0.0,-0.002,0.0,-0.004c0.0,-4.142,-3.358,-7.5,-7.5,-7.5H18.678V141.811h322.203V315.148H101.178c-4.142,0.0,-7.5,3.358,-7.5,7.5c0.0,0.001,0.0,0.002,0.0,0.004c0.002,4.14,3.359,7.496,7.5,7.496h239.703v67.51H18.678V330.148zM355.885,397.657V330.148h102.792v67.51H355.885z"" style=""fill:#3D2A20;"">
  </path>
  <path d=""M340.881,330.148H101.178c-4.141,0.0,-7.498,-3.356,-7.5,-7.496H78.678c-0.002,4.14,-3.359,7.496,-7.5,7.496H18.678v67.51h322.203V330.148z"" style=""fill:#FFD77D;"">
  </path>
  <path d=""M93.678,322.648c0.0,-4.142,3.358,-7.5,7.5,-7.5h239.703V141.811H18.678V315.148h52.5c4.142,0.0,7.5,3.358,7.5,7.5c0.0,0.001,0.0,0.002,0.0,0.004h15.0C93.678,322.65,93.678,322.649,93.678,322.648z"" style=""fill:#A67B60;"">
  </path>
 </g>
</svg>


Question: How many distinct color sections are there in the object?",2,3,4,5,D,food
150,"Examine the following SVG code carefully and answer the question based on your interpretation of the rendered image.

<svg id=""Capa_1"" style=""enable-background:new 0 0 469.999 469.999;"" version=""1.1"" viewbox=""0 0 469.999 469.999"" x=""0px"" xml:space=""preserve"" y=""0px"">
 <g>
  <path d=""M322.295,126.811c-1.462,-11.178,-6.487,-21.236,-14.551,-28.865c-10.99,-10.397,-27.033,-16.033,-46.396,-16.296c-25.799,-0.355,-53.205,6.39,-75.173,18.495c-14.792,8.152,-25.339,17.812,-29.539,26.667H322.295z"" style=""fill:#D6B8A4;"">
  </path>
  <rect height=""67.51"" style=""fill:#FFCB59;"" width=""102.792"" x=""355.885"" y=""330.148"">
  </rect>
  <rect height=""173.336"" style=""fill:#855538;"" width=""102.792"" x=""355.885"" y=""141.811"">
  </rect>
  <path d=""M466.177,126.811H337.384c-1.543,-15.364,-8.246,-29.273,-19.331,-39.761c-13.771,-13.029,-33.309,-20.083,-56.499,-20.399c-28.338,-0.369,-58.44,7.034,-82.618,20.357c-20.962,11.552,-34.445,25.716,-38.227,39.804H11.178c-4.142,0.0,-7.5,3.358,-7.5,7.5v270.846c0.0,4.142,3.358,7.5,7.5,7.5h454.999c4.143,0.0,7.5,-3.358,7.5,-7.5V134.311C473.677,130.169,470.319,126.811,466.177,126.811zM186.176,100.145c21.968,-12.105,49.374,-18.85,75.173,-18.495c19.362,0.264,35.405,5.899,46.396,16.296c8.064,7.629,13.089,17.687,14.551,28.865H156.636C160.836,117.956,171.384,108.296,186.176,100.145zM458.677,315.148H355.885V141.811h102.792V315.148zM18.678,330.148h52.5c4.141,0.0,7.498,-3.356,7.5,-7.496c0.0,-0.001,0.0,-0.002,0.0,-0.004c0.0,-4.142,-3.358,-7.5,-7.5,-7.5H18.678V141.811h322.203V315.148H101.178c-4.142,0.0,-7.5,3.358,-7.5,7.5c0.0,0.001,0.0,0.002,0.0,0.004c0.002,4.14,3.359,7.496,7.5,7.496h239.703v67.51H18.678V330.148zM355.885,397.657V330.148h102.792v67.51H355.885z"" style=""fill:#3D2A20;"">
  </path>
  <path d=""M340.881,330.148H101.178c-4.141,0.0,-7.498,-3.356,-7.5,-7.496H78.678c-0.002,4.14,-3.359,7.496,-7.5,7.496H18.678v67.51h322.203V330.148z"" style=""fill:#FFD77D;"">
  </path>
  <path d=""M93.678,322.648c0.0,-4.142,3.358,-7.5,7.5,-7.5h239.703V141.811H18.678V315.148h52.5c4.142,0.0,7.5,3.358,7.5,7.5c0.0,0.001,0.0,0.002,0.0,0.004h15.0C93.678,322.65,93.678,322.649,93.678,322.648z"" style=""fill:#A67B60;"">
  </path>
 </g>
</svg>


Question: What is the color of the topmost section of the object?",Yellow,White,Green,Beige,D,food
151,"Examine the following SVG code carefully and answer the question based on your interpretation of the rendered image.

<svg id=""Capa_1"" style=""enable-background:new 0 0 469.999 469.999;"" version=""1.1"" viewbox=""0 0 469.999 469.999"" x=""0px"" xml:space=""preserve"" y=""0px"">
 <g>
  <path d=""M322.295,126.811c-1.462,-11.178,-6.487,-21.236,-14.551,-28.865c-10.99,-10.397,-27.033,-16.033,-46.396,-16.296c-25.799,-0.355,-53.205,6.39,-75.173,18.495c-14.792,8.152,-25.339,17.812,-29.539,26.667H322.295z"" style=""fill:#D6B8A4;"">
  </path>
  <rect height=""67.51"" style=""fill:#FFCB59;"" width=""102.792"" x=""355.885"" y=""330.148"">
  </rect>
  <rect height=""173.336"" style=""fill:#855538;"" width=""102.792"" x=""355.885"" y=""141.811"">
  </rect>
  <path d=""M466.177,126.811H337.384c-1.543,-15.364,-8.246,-29.273,-19.331,-39.761c-13.771,-13.029,-33.309,-20.083,-56.499,-20.399c-28.338,-0.369,-58.44,7.034,-82.618,20.357c-20.962,11.552,-34.445,25.716,-38.227,39.804H11.178c-4.142,0.0,-7.5,3.358,-7.5,7.5v270.846c0.0,4.142,3.358,7.5,7.5,7.5h454.999c4.143,0.0,7.5,-3.358,7.5,-7.5V134.311C473.677,130.169,470.319,126.811,466.177,126.811zM186.176,100.145c21.968,-12.105,49.374,-18.85,75.173,-18.495c19.362,0.264,35.405,5.899,46.396,16.296c8.064,7.629,13.089,17.687,14.551,28.865H156.636C160.836,117.956,171.384,108.296,186.176,100.145zM458.677,315.148H355.885V141.811h102.792V315.148zM18.678,330.148h52.5c4.141,0.0,7.498,-3.356,7.5,-7.496c0.0,-0.001,0.0,-0.002,0.0,-0.004c0.0,-4.142,-3.358,-7.5,-7.5,-7.5H18.678V141.811h322.203V315.148H101.178c-4.142,0.0,-7.5,3.358,-7.5,7.5c0.0,0.001,0.0,0.002,0.0,0.004c0.002,4.14,3.359,7.496,7.5,7.496h239.703v67.51H18.678V330.148zM355.885,397.657V330.148h102.792v67.51H355.885z"" style=""fill:#3D2A20;"">
  </path>
  <path d=""M340.881,330.148H101.178c-4.141,0.0,-7.498,-3.356,-7.5,-7.496H78.678c-0.002,4.14,-3.359,7.496,-7.5,7.496H18.678v67.51h322.203V330.148z"" style=""fill:#FFD77D;"">
  </path>
  <path d=""M93.678,322.648c0.0,-4.142,3.358,-7.5,7.5,-7.5h239.703V141.811H18.678V315.148h52.5c4.142,0.0,7.5,3.358,7.5,7.5c0.0,0.001,0.0,0.002,0.0,0.004h15.0C93.678,322.65,93.678,322.649,93.678,322.648z"" style=""fill:#A67B60;"">
  </path>
 </g>
</svg>


Question: What type of object is depicted in the image?",Hat,Cake,Shoe,Book,B,food
156,"Examine the following SVG code carefully and answer the question based on your interpretation of the rendered image.

<svg height=""512"" id=""Layer_1"" style=""enable-background:new 0 0 413.246 413.246;"" version=""1.1"" viewbox=""0 0 413.246 413.246"" width=""512"" x=""0px"" xml:space=""preserve"" y=""0px"">
 <g>
  <path d=""M210.489,38.967c12.42,0.0,22.5,10.07,22.5,22.5s-10.08,22.5,-22.5,22.5c-12.43,0.0,-22.5,-10.07,-22.5,-22.5S198.059,38.967,210.489,38.967z"" style=""fill:#9AD14B;"">
  </path>
  <path d=""M380.489,280.897c4.23,4.22,6.84,10.05,6.84,16.5c0.0,12.88,-10.45,23.32,-23.33,23.32H56.969c-6.44,0.0,-12.27,-2.61,-16.49,-6.83c-4.22,-4.22,-6.83,-10.05,-6.83,-16.49c0.0,-12.89,10.44,-23.33,23.32,-23.33h307.03C370.439,274.067,376.269,276.677,380.489,280.897z"" style=""fill:#F95428;"">
  </path>
  <path d=""M101.146,297.397c0.0,-12.89,10.44,-23.33,23.32,-23.33H56.969c-12.88,0.0,-23.32,10.44,-23.32,23.33c0.0,6.44,2.61,12.27,6.83,16.49c4.22,4.22,10.05,6.83,16.49,6.83h67.497c-6.44,0.0,-12.27,-2.61,-16.49,-6.83C103.756,309.667,101.146,303.837,101.146,297.397z"" style=""fill:#E54728;"">
  </path>
  <path d=""M380.499,176.247c4.22,4.22,6.83,10.05,6.83,16.49c0.0,12.88,-10.44,23.33,-23.33,23.33h-94.91l46.65,-46.65h48.26C370.449,169.417,376.279,172.027,380.499,176.247z"" style=""fill:#F95428;"">
  </path>
  <path d=""M205.889,216.067H56.979c-6.45,0.0,-12.28,-2.61,-16.5,-6.83c-4.22,-4.23,-6.83,-10.06,-6.83,-16.5c0.0,-12.88,10.44,-23.32,23.33,-23.32h102.26L205.889,216.067z"" style=""fill:#F95428;"">
  </path>
  <polygon points=""315.739,169.417 269.089,216.067 237.489,247.667 205.889,216.067 159.239,169.417"" style=""fill:#F4DE3B;"">
  </polygon>
  <polygon points=""401.989,320.717 401.989,378.717 210.489,378.717 18.989,378.717 18.989,320.717 56.969,320.717 363.999,320.717"" style=""fill:#F7B239;"">
  </polygon>
  <path d=""M101.146,192.748c0.0,-12.89,10.44,-23.33,23.32,-23.33H56.969c-12.88,0.0,-23.32,10.44,-23.32,23.33c0.0,6.44,2.61,12.27,6.83,16.49c4.22,4.22,10.05,6.83,16.49,6.83h67.497c-6.44,0.0,-12.27,-2.61,-16.49,-6.83C103.756,205.018,101.146,199.187,101.146,192.748z"" style=""fill:#E54728;"">
  </path>
  <polygon points=""401.989,216.067 401.989,274.067 363.999,274.067 56.969,274.067 18.989,274.067 18.989,216.067 56.979,216.067 205.889,216.067 237.489,247.667 269.089,216.067 363.999,216.067"" style=""fill:#F7B239;"">
  </polygon>
  <polygon points=""401.989,111.417 401.989,169.417 363.999,169.417 315.739,169.417 159.239,169.417 56.979,169.417 18.989,169.417 18.989,111.417 210.489,111.417"" style=""fill:#F7B239;"">
  </polygon>
  <polygon points=""73.505,216.067 73.505,274.067 68.098,274.067 61.229,274.067 38.952,274.067 24.396,274.067 18.989,274.067 18.989,216.067 46.247,216.067"" style=""fill:#E09B2D;"">
  </polygon>
  <polygon points=""73.505,111.417 73.505,169.417 68.098,169.417 61.229,169.417 38.952,169.417 24.396,169.417 18.989,169.417 18.989,111.417 46.247,111.417"" style=""fill:#E09B2D;"">
  </polygon>
  <polygon points=""73.505,320.717 73.505,378.717 68.098,378.717 61.229,378.717 38.952,378.717 24.396,378.717 18.989,378.717 18.989,320.717 46.247,320.717"" style=""fill:#E09B2D;"">
  </polygon>
  <path d=""M379.822,157.45c-4.143,0.0,-7.5,-3.357,-7.5,-7.5v-19.066c0.0,-4.143,3.357,-7.5,7.5,-7.5s7.5,3.357,7.5,7.5v19.066C387.322,154.093,383.965,157.45,379.822,157.45z"" style=""fill:#FFFFFF;"">
  </path>
  <path d=""M379.822,262.101c-4.143,0.0,-7.5,-3.357,-7.5,-7.5v-19.066c0.0,-4.143,3.357,-7.5,7.5,-7.5s7.5,3.357,7.5,7.5v19.066C387.322,258.743,383.965,262.101,379.822,262.101z"" style=""fill:#FFFFFF;"">
  </path>
  <path d=""M379.822,366.75c-4.143,0.0,-7.5,-3.357,-7.5,-7.5v-19.066c0.0,-4.143,3.357,-7.5,7.5,-7.5s7.5,3.357,7.5,7.5v19.066C387.322,363.393,383.965,366.75,379.822,366.75z"" style=""fill:#FFFFFF;"">
  </path>
  <circle cx=""215.156"" cy=""57.747"" r=""7.5"" style=""fill:#FFFFFF;"">
  </circle>
  <circle cx=""365.489"" cy=""193.247"" r=""7.5"" style=""fill:#FFFFFF;"">
  </circle>
  <circle cx=""365.489"" cy=""297.392"" r=""7.5"" style=""fill:#FFFFFF;"">
  </circle>
  <path d=""M409.486,169.416v-58.0c0.0,-4.143,-3.357,-7.5,-7.5,-7.5h-184.0V90.518c12.925,-3.339,22.5,-15.098,22.5,-29.051s-9.575,-25.712,-22.5,-29.051V9.721c0.0,-4.143,-3.357,-7.5,-7.5,-7.5s-7.5,3.357,-7.5,7.5v22.695c-12.925,3.339,-22.5,15.098,-22.5,29.051s9.575,25.712,22.5,29.051v13.398h-184.0c-4.143,0.0,-7.5,3.357,-7.5,7.5v58.0c0.0,4.143,3.357,7.5,7.5,7.5h11.546c-2.782,4.629,-4.386,10.042,-4.386,15.824c0.0,5.661,1.518,11.092,4.361,15.83H18.986c-4.143,0.0,-7.5,3.357,-7.5,7.5v58.0c0.0,4.143,3.357,7.5,7.5,7.5h11.544c-2.781,4.629,-4.384,10.042,-4.384,15.824c0.0,5.783,1.604,11.197,4.385,15.826H18.986c-4.143,0.0,-7.5,3.357,-7.5,7.5v58.0c0.0,4.143,3.357,7.5,7.5,7.5h184.0v21.746c0.0,4.143,3.357,7.5,7.5,7.5s7.5,-3.357,7.5,-7.5V386.221h184.0c4.143,0.0,7.5,-3.357,7.5,-7.5v-58.0c0.0,-4.143,-3.357,-7.5,-7.5,-7.5h-11.545c2.781,-4.629,4.385,-10.043,4.385,-15.826c0.0,-5.782,-1.603,-11.195,-4.384,-15.824h11.544c4.143,0.0,7.5,-3.357,7.5,-7.5v-58.0c0.0,-4.143,-3.357,-7.5,-7.5,-7.5h-11.547c2.782,-4.63,4.386,-10.046,4.386,-15.83c0.0,-5.663,-1.517,-11.092,-4.358,-15.824h11.519C406.129,176.916,409.486,173.559,409.486,169.416zM195.486,61.467c0.0,-8.271,6.729,-15.0,15.0,-15.0s15.0,6.729,15.0,15.0s-6.729,15.0,-15.0,15.0S195.486,69.739,195.486,61.467zM237.486,237.065L177.343,176.921h120.286L237.486,237.065zM45.785,203.943c-2.991,-2.998,-4.639,-6.976,-4.639,-11.202c0.0,-8.723,7.102,-15.819,15.83,-15.819h99.152l31.649,31.649H56.976C52.743,208.571,48.767,206.925,45.785,203.943zM394.486,371.221h-368.0v-43.0h368.0V371.221zM379.826,297.395c0.0,8.727,-7.1,15.826,-15.826,15.826H56.972c-8.727,0.0,-15.826,-7.1,-15.826,-15.826c0.0,-8.713,7.079,-15.803,15.788,-15.824h307.104C372.747,281.592,379.826,288.681,379.826,297.395zM394.486,266.571h-368.0v-43.0h176.292l29.404,29.404c1.465,1.464,3.385,2.196,5.304,2.196s3.839,-0.732,5.304,-2.196l29.404,-29.404h122.292V266.571zM287.194,208.571L318.843,176.921h45.152c4.233,0.0,8.209,1.646,11.196,4.634c2.988,2.987,4.634,6.96,4.634,11.186c0.0,8.729,-7.102,15.83,-15.83,15.83H287.194zM394.486,161.916h-368.0v-43.0h368.0V161.916z"" style=""fill:#333333;"">
  </path>
 </g>
</svg>


Question: What shape is the green object at the top of the image?",Circle,Square,Triangle,Hexagon,A,food
157,"Examine the following SVG code carefully and answer the question based on your interpretation of the rendered image.

<svg height=""512"" id=""Layer_1"" style=""enable-background:new 0 0 413.246 413.246;"" version=""1.1"" viewbox=""0 0 413.246 413.246"" width=""512"" x=""0px"" xml:space=""preserve"" y=""0px"">
 <g>
  <path d=""M210.489,38.967c12.42,0.0,22.5,10.07,22.5,22.5s-10.08,22.5,-22.5,22.5c-12.43,0.0,-22.5,-10.07,-22.5,-22.5S198.059,38.967,210.489,38.967z"" style=""fill:#9AD14B;"">
  </path>
  <path d=""M380.489,280.897c4.23,4.22,6.84,10.05,6.84,16.5c0.0,12.88,-10.45,23.32,-23.33,23.32H56.969c-6.44,0.0,-12.27,-2.61,-16.49,-6.83c-4.22,-4.22,-6.83,-10.05,-6.83,-16.49c0.0,-12.89,10.44,-23.33,23.32,-23.33h307.03C370.439,274.067,376.269,276.677,380.489,280.897z"" style=""fill:#F95428;"">
  </path>
  <path d=""M101.146,297.397c0.0,-12.89,10.44,-23.33,23.32,-23.33H56.969c-12.88,0.0,-23.32,10.44,-23.32,23.33c0.0,6.44,2.61,12.27,6.83,16.49c4.22,4.22,10.05,6.83,16.49,6.83h67.497c-6.44,0.0,-12.27,-2.61,-16.49,-6.83C103.756,309.667,101.146,303.837,101.146,297.397z"" style=""fill:#E54728;"">
  </path>
  <path d=""M380.499,176.247c4.22,4.22,6.83,10.05,6.83,16.49c0.0,12.88,-10.44,23.33,-23.33,23.33h-94.91l46.65,-46.65h48.26C370.449,169.417,376.279,172.027,380.499,176.247z"" style=""fill:#F95428;"">
  </path>
  <path d=""M205.889,216.067H56.979c-6.45,0.0,-12.28,-2.61,-16.5,-6.83c-4.22,-4.23,-6.83,-10.06,-6.83,-16.5c0.0,-12.88,10.44,-23.32,23.33,-23.32h102.26L205.889,216.067z"" style=""fill:#F95428;"">
  </path>
  <polygon points=""315.739,169.417 269.089,216.067 237.489,247.667 205.889,216.067 159.239,169.417"" style=""fill:#F4DE3B;"">
  </polygon>
  <polygon points=""401.989,320.717 401.989,378.717 210.489,378.717 18.989,378.717 18.989,320.717 56.969,320.717 363.999,320.717"" style=""fill:#F7B239;"">
  </polygon>
  <path d=""M101.146,192.748c0.0,-12.89,10.44,-23.33,23.32,-23.33H56.969c-12.88,0.0,-23.32,10.44,-23.32,23.33c0.0,6.44,2.61,12.27,6.83,16.49c4.22,4.22,10.05,6.83,16.49,6.83h67.497c-6.44,0.0,-12.27,-2.61,-16.49,-6.83C103.756,205.018,101.146,199.187,101.146,192.748z"" style=""fill:#E54728;"">
  </path>
  <polygon points=""401.989,216.067 401.989,274.067 363.999,274.067 56.969,274.067 18.989,274.067 18.989,216.067 56.979,216.067 205.889,216.067 237.489,247.667 269.089,216.067 363.999,216.067"" style=""fill:#F7B239;"">
  </polygon>
  <polygon points=""401.989,111.417 401.989,169.417 363.999,169.417 315.739,169.417 159.239,169.417 56.979,169.417 18.989,169.417 18.989,111.417 210.489,111.417"" style=""fill:#F7B239;"">
  </polygon>
  <polygon points=""73.505,216.067 73.505,274.067 68.098,274.067 61.229,274.067 38.952,274.067 24.396,274.067 18.989,274.067 18.989,216.067 46.247,216.067"" style=""fill:#E09B2D;"">
  </polygon>
  <polygon points=""73.505,111.417 73.505,169.417 68.098,169.417 61.229,169.417 38.952,169.417 24.396,169.417 18.989,169.417 18.989,111.417 46.247,111.417"" style=""fill:#E09B2D;"">
  </polygon>
  <polygon points=""73.505,320.717 73.505,378.717 68.098,378.717 61.229,378.717 38.952,378.717 24.396,378.717 18.989,378.717 18.989,320.717 46.247,320.717"" style=""fill:#E09B2D;"">
  </polygon>
  <path d=""M379.822,157.45c-4.143,0.0,-7.5,-3.357,-7.5,-7.5v-19.066c0.0,-4.143,3.357,-7.5,7.5,-7.5s7.5,3.357,7.5,7.5v19.066C387.322,154.093,383.965,157.45,379.822,157.45z"" style=""fill:#FFFFFF;"">
  </path>
  <path d=""M379.822,262.101c-4.143,0.0,-7.5,-3.357,-7.5,-7.5v-19.066c0.0,-4.143,3.357,-7.5,7.5,-7.5s7.5,3.357,7.5,7.5v19.066C387.322,258.743,383.965,262.101,379.822,262.101z"" style=""fill:#FFFFFF;"">
  </path>
  <path d=""M379.822,366.75c-4.143,0.0,-7.5,-3.357,-7.5,-7.5v-19.066c0.0,-4.143,3.357,-7.5,7.5,-7.5s7.5,3.357,7.5,7.5v19.066C387.322,363.393,383.965,366.75,379.822,366.75z"" style=""fill:#FFFFFF;"">
  </path>
  <circle cx=""215.156"" cy=""57.747"" r=""7.5"" style=""fill:#FFFFFF;"">
  </circle>
  <circle cx=""365.489"" cy=""193.247"" r=""7.5"" style=""fill:#FFFFFF;"">
  </circle>
  <circle cx=""365.489"" cy=""297.392"" r=""7.5"" style=""fill:#FFFFFF;"">
  </circle>
  <path d=""M409.486,169.416v-58.0c0.0,-4.143,-3.357,-7.5,-7.5,-7.5h-184.0V90.518c12.925,-3.339,22.5,-15.098,22.5,-29.051s-9.575,-25.712,-22.5,-29.051V9.721c0.0,-4.143,-3.357,-7.5,-7.5,-7.5s-7.5,3.357,-7.5,7.5v22.695c-12.925,3.339,-22.5,15.098,-22.5,29.051s9.575,25.712,22.5,29.051v13.398h-184.0c-4.143,0.0,-7.5,3.357,-7.5,7.5v58.0c0.0,4.143,3.357,7.5,7.5,7.5h11.546c-2.782,4.629,-4.386,10.042,-4.386,15.824c0.0,5.661,1.518,11.092,4.361,15.83H18.986c-4.143,0.0,-7.5,3.357,-7.5,7.5v58.0c0.0,4.143,3.357,7.5,7.5,7.5h11.544c-2.781,4.629,-4.384,10.042,-4.384,15.824c0.0,5.783,1.604,11.197,4.385,15.826H18.986c-4.143,0.0,-7.5,3.357,-7.5,7.5v58.0c0.0,4.143,3.357,7.5,7.5,7.5h184.0v21.746c0.0,4.143,3.357,7.5,7.5,7.5s7.5,-3.357,7.5,-7.5V386.221h184.0c4.143,0.0,7.5,-3.357,7.5,-7.5v-58.0c0.0,-4.143,-3.357,-7.5,-7.5,-7.5h-11.545c2.781,-4.629,4.385,-10.043,4.385,-15.826c0.0,-5.782,-1.603,-11.195,-4.384,-15.824h11.544c4.143,0.0,7.5,-3.357,7.5,-7.5v-58.0c0.0,-4.143,-3.357,-7.5,-7.5,-7.5h-11.547c2.782,-4.63,4.386,-10.046,4.386,-15.83c0.0,-5.663,-1.517,-11.092,-4.358,-15.824h11.519C406.129,176.916,409.486,173.559,409.486,169.416zM195.486,61.467c0.0,-8.271,6.729,-15.0,15.0,-15.0s15.0,6.729,15.0,15.0s-6.729,15.0,-15.0,15.0S195.486,69.739,195.486,61.467zM237.486,237.065L177.343,176.921h120.286L237.486,237.065zM45.785,203.943c-2.991,-2.998,-4.639,-6.976,-4.639,-11.202c0.0,-8.723,7.102,-15.819,15.83,-15.819h99.152l31.649,31.649H56.976C52.743,208.571,48.767,206.925,45.785,203.943zM394.486,371.221h-368.0v-43.0h368.0V371.221zM379.826,297.395c0.0,8.727,-7.1,15.826,-15.826,15.826H56.972c-8.727,0.0,-15.826,-7.1,-15.826,-15.826c0.0,-8.713,7.079,-15.803,15.788,-15.824h307.104C372.747,281.592,379.826,288.681,379.826,297.395zM394.486,266.571h-368.0v-43.0h176.292l29.404,29.404c1.465,1.464,3.385,2.196,5.304,2.196s3.839,-0.732,5.304,-2.196l29.404,-29.404h122.292V266.571zM287.194,208.571L318.843,176.921h45.152c4.233,0.0,8.209,1.646,11.196,4.634c2.988,2.987,4.634,6.96,4.634,11.186c0.0,8.729,-7.102,15.83,-15.83,15.83H287.194zM394.486,161.916h-368.0v-43.0h368.0V161.916z"" style=""fill:#333333;"">
  </path>
 </g>
</svg>


Question: How many orange layers are there in the image?",One,Two,Three,Four,C,food
158,"Examine the following SVG code carefully and answer the question based on your interpretation of the rendered image.

<svg height=""512"" id=""Layer_1"" style=""enable-background:new 0 0 413.246 413.246;"" version=""1.1"" viewbox=""0 0 413.246 413.246"" width=""512"" x=""0px"" xml:space=""preserve"" y=""0px"">
 <g>
  <path d=""M210.489,38.967c12.42,0.0,22.5,10.07,22.5,22.5s-10.08,22.5,-22.5,22.5c-12.43,0.0,-22.5,-10.07,-22.5,-22.5S198.059,38.967,210.489,38.967z"" style=""fill:#9AD14B;"">
  </path>
  <path d=""M380.489,280.897c4.23,4.22,6.84,10.05,6.84,16.5c0.0,12.88,-10.45,23.32,-23.33,23.32H56.969c-6.44,0.0,-12.27,-2.61,-16.49,-6.83c-4.22,-4.22,-6.83,-10.05,-6.83,-16.49c0.0,-12.89,10.44,-23.33,23.32,-23.33h307.03C370.439,274.067,376.269,276.677,380.489,280.897z"" style=""fill:#F95428;"">
  </path>
  <path d=""M101.146,297.397c0.0,-12.89,10.44,-23.33,23.32,-23.33H56.969c-12.88,0.0,-23.32,10.44,-23.32,23.33c0.0,6.44,2.61,12.27,6.83,16.49c4.22,4.22,10.05,6.83,16.49,6.83h67.497c-6.44,0.0,-12.27,-2.61,-16.49,-6.83C103.756,309.667,101.146,303.837,101.146,297.397z"" style=""fill:#E54728;"">
  </path>
  <path d=""M380.499,176.247c4.22,4.22,6.83,10.05,6.83,16.49c0.0,12.88,-10.44,23.33,-23.33,23.33h-94.91l46.65,-46.65h48.26C370.449,169.417,376.279,172.027,380.499,176.247z"" style=""fill:#F95428;"">
  </path>
  <path d=""M205.889,216.067H56.979c-6.45,0.0,-12.28,-2.61,-16.5,-6.83c-4.22,-4.23,-6.83,-10.06,-6.83,-16.5c0.0,-12.88,10.44,-23.32,23.33,-23.32h102.26L205.889,216.067z"" style=""fill:#F95428;"">
  </path>
  <polygon points=""315.739,169.417 269.089,216.067 237.489,247.667 205.889,216.067 159.239,169.417"" style=""fill:#F4DE3B;"">
  </polygon>
  <polygon points=""401.989,320.717 401.989,378.717 210.489,378.717 18.989,378.717 18.989,320.717 56.969,320.717 363.999,320.717"" style=""fill:#F7B239;"">
  </polygon>
  <path d=""M101.146,192.748c0.0,-12.89,10.44,-23.33,23.32,-23.33H56.969c-12.88,0.0,-23.32,10.44,-23.32,23.33c0.0,6.44,2.61,12.27,6.83,16.49c4.22,4.22,10.05,6.83,16.49,6.83h67.497c-6.44,0.0,-12.27,-2.61,-16.49,-6.83C103.756,205.018,101.146,199.187,101.146,192.748z"" style=""fill:#E54728;"">
  </path>
  <polygon points=""401.989,216.067 401.989,274.067 363.999,274.067 56.969,274.067 18.989,274.067 18.989,216.067 56.979,216.067 205.889,216.067 237.489,247.667 269.089,216.067 363.999,216.067"" style=""fill:#F7B239;"">
  </polygon>
  <polygon points=""401.989,111.417 401.989,169.417 363.999,169.417 315.739,169.417 159.239,169.417 56.979,169.417 18.989,169.417 18.989,111.417 210.489,111.417"" style=""fill:#F7B239;"">
  </polygon>
  <polygon points=""73.505,216.067 73.505,274.067 68.098,274.067 61.229,274.067 38.952,274.067 24.396,274.067 18.989,274.067 18.989,216.067 46.247,216.067"" style=""fill:#E09B2D;"">
  </polygon>
  <polygon points=""73.505,111.417 73.505,169.417 68.098,169.417 61.229,169.417 38.952,169.417 24.396,169.417 18.989,169.417 18.989,111.417 46.247,111.417"" style=""fill:#E09B2D;"">
  </polygon>
  <polygon points=""73.505,320.717 73.505,378.717 68.098,378.717 61.229,378.717 38.952,378.717 24.396,378.717 18.989,378.717 18.989,320.717 46.247,320.717"" style=""fill:#E09B2D;"">
  </polygon>
  <path d=""M379.822,157.45c-4.143,0.0,-7.5,-3.357,-7.5,-7.5v-19.066c0.0,-4.143,3.357,-7.5,7.5,-7.5s7.5,3.357,7.5,7.5v19.066C387.322,154.093,383.965,157.45,379.822,157.45z"" style=""fill:#FFFFFF;"">
  </path>
  <path d=""M379.822,262.101c-4.143,0.0,-7.5,-3.357,-7.5,-7.5v-19.066c0.0,-4.143,3.357,-7.5,7.5,-7.5s7.5,3.357,7.5,7.5v19.066C387.322,258.743,383.965,262.101,379.822,262.101z"" style=""fill:#FFFFFF;"">
  </path>
  <path d=""M379.822,366.75c-4.143,0.0,-7.5,-3.357,-7.5,-7.5v-19.066c0.0,-4.143,3.357,-7.5,7.5,-7.5s7.5,3.357,7.5,7.5v19.066C387.322,363.393,383.965,366.75,379.822,366.75z"" style=""fill:#FFFFFF;"">
  </path>
  <circle cx=""215.156"" cy=""57.747"" r=""7.5"" style=""fill:#FFFFFF;"">
  </circle>
  <circle cx=""365.489"" cy=""193.247"" r=""7.5"" style=""fill:#FFFFFF;"">
  </circle>
  <circle cx=""365.489"" cy=""297.392"" r=""7.5"" style=""fill:#FFFFFF;"">
  </circle>
  <path d=""M409.486,169.416v-58.0c0.0,-4.143,-3.357,-7.5,-7.5,-7.5h-184.0V90.518c12.925,-3.339,22.5,-15.098,22.5,-29.051s-9.575,-25.712,-22.5,-29.051V9.721c0.0,-4.143,-3.357,-7.5,-7.5,-7.5s-7.5,3.357,-7.5,7.5v22.695c-12.925,3.339,-22.5,15.098,-22.5,29.051s9.575,25.712,22.5,29.051v13.398h-184.0c-4.143,0.0,-7.5,3.357,-7.5,7.5v58.0c0.0,4.143,3.357,7.5,7.5,7.5h11.546c-2.782,4.629,-4.386,10.042,-4.386,15.824c0.0,5.661,1.518,11.092,4.361,15.83H18.986c-4.143,0.0,-7.5,3.357,-7.5,7.5v58.0c0.0,4.143,3.357,7.5,7.5,7.5h11.544c-2.781,4.629,-4.384,10.042,-4.384,15.824c0.0,5.783,1.604,11.197,4.385,15.826H18.986c-4.143,0.0,-7.5,3.357,-7.5,7.5v58.0c0.0,4.143,3.357,7.5,7.5,7.5h184.0v21.746c0.0,4.143,3.357,7.5,7.5,7.5s7.5,-3.357,7.5,-7.5V386.221h184.0c4.143,0.0,7.5,-3.357,7.5,-7.5v-58.0c0.0,-4.143,-3.357,-7.5,-7.5,-7.5h-11.545c2.781,-4.629,4.385,-10.043,4.385,-15.826c0.0,-5.782,-1.603,-11.195,-4.384,-15.824h11.544c4.143,0.0,7.5,-3.357,7.5,-7.5v-58.0c0.0,-4.143,-3.357,-7.5,-7.5,-7.5h-11.547c2.782,-4.63,4.386,-10.046,4.386,-15.83c0.0,-5.663,-1.517,-11.092,-4.358,-15.824h11.519C406.129,176.916,409.486,173.559,409.486,169.416zM195.486,61.467c0.0,-8.271,6.729,-15.0,15.0,-15.0s15.0,6.729,15.0,15.0s-6.729,15.0,-15.0,15.0S195.486,69.739,195.486,61.467zM237.486,237.065L177.343,176.921h120.286L237.486,237.065zM45.785,203.943c-2.991,-2.998,-4.639,-6.976,-4.639,-11.202c0.0,-8.723,7.102,-15.819,15.83,-15.819h99.152l31.649,31.649H56.976C52.743,208.571,48.767,206.925,45.785,203.943zM394.486,371.221h-368.0v-43.0h368.0V371.221zM379.826,297.395c0.0,8.727,-7.1,15.826,-15.826,15.826H56.972c-8.727,0.0,-15.826,-7.1,-15.826,-15.826c0.0,-8.713,7.079,-15.803,15.788,-15.824h307.104C372.747,281.592,379.826,288.681,379.826,297.395zM394.486,266.571h-368.0v-43.0h176.292l29.404,29.404c1.465,1.464,3.385,2.196,5.304,2.196s3.839,-0.732,5.304,-2.196l29.404,-29.404h122.292V266.571zM287.194,208.571L318.843,176.921h45.152c4.233,0.0,8.209,1.646,11.196,4.634c2.988,2.987,4.634,6.96,4.634,11.186c0.0,8.729,-7.102,15.83,-15.83,15.83H287.194zM394.486,161.916h-368.0v-43.0h368.0V161.916z"" style=""fill:#333333;"">
  </path>
 </g>
</svg>


Question: What color is the triangle in the middle of the image?",Red,Blue,Green,Yellow,D,food
159,"Examine the following SVG code carefully and answer the question based on your interpretation of the rendered image.

<svg height=""512"" id=""Layer_1"" style=""enable-background:new 0 0 413.246 413.246;"" version=""1.1"" viewbox=""0 0 413.246 413.246"" width=""512"" x=""0px"" xml:space=""preserve"" y=""0px"">
 <g>
  <path d=""M210.489,38.967c12.42,0.0,22.5,10.07,22.5,22.5s-10.08,22.5,-22.5,22.5c-12.43,0.0,-22.5,-10.07,-22.5,-22.5S198.059,38.967,210.489,38.967z"" style=""fill:#9AD14B;"">
  </path>
  <path d=""M380.489,280.897c4.23,4.22,6.84,10.05,6.84,16.5c0.0,12.88,-10.45,23.32,-23.33,23.32H56.969c-6.44,0.0,-12.27,-2.61,-16.49,-6.83c-4.22,-4.22,-6.83,-10.05,-6.83,-16.49c0.0,-12.89,10.44,-23.33,23.32,-23.33h307.03C370.439,274.067,376.269,276.677,380.489,280.897z"" style=""fill:#F95428;"">
  </path>
  <path d=""M101.146,297.397c0.0,-12.89,10.44,-23.33,23.32,-23.33H56.969c-12.88,0.0,-23.32,10.44,-23.32,23.33c0.0,6.44,2.61,12.27,6.83,16.49c4.22,4.22,10.05,6.83,16.49,6.83h67.497c-6.44,0.0,-12.27,-2.61,-16.49,-6.83C103.756,309.667,101.146,303.837,101.146,297.397z"" style=""fill:#E54728;"">
  </path>
  <path d=""M380.499,176.247c4.22,4.22,6.83,10.05,6.83,16.49c0.0,12.88,-10.44,23.33,-23.33,23.33h-94.91l46.65,-46.65h48.26C370.449,169.417,376.279,172.027,380.499,176.247z"" style=""fill:#F95428;"">
  </path>
  <path d=""M205.889,216.067H56.979c-6.45,0.0,-12.28,-2.61,-16.5,-6.83c-4.22,-4.23,-6.83,-10.06,-6.83,-16.5c0.0,-12.88,10.44,-23.32,23.33,-23.32h102.26L205.889,216.067z"" style=""fill:#F95428;"">
  </path>
  <polygon points=""315.739,169.417 269.089,216.067 237.489,247.667 205.889,216.067 159.239,169.417"" style=""fill:#F4DE3B;"">
  </polygon>
  <polygon points=""401.989,320.717 401.989,378.717 210.489,378.717 18.989,378.717 18.989,320.717 56.969,320.717 363.999,320.717"" style=""fill:#F7B239;"">
  </polygon>
  <path d=""M101.146,192.748c0.0,-12.89,10.44,-23.33,23.32,-23.33H56.969c-12.88,0.0,-23.32,10.44,-23.32,23.33c0.0,6.44,2.61,12.27,6.83,16.49c4.22,4.22,10.05,6.83,16.49,6.83h67.497c-6.44,0.0,-12.27,-2.61,-16.49,-6.83C103.756,205.018,101.146,199.187,101.146,192.748z"" style=""fill:#E54728;"">
  </path>
  <polygon points=""401.989,216.067 401.989,274.067 363.999,274.067 56.969,274.067 18.989,274.067 18.989,216.067 56.979,216.067 205.889,216.067 237.489,247.667 269.089,216.067 363.999,216.067"" style=""fill:#F7B239;"">
  </polygon>
  <polygon points=""401.989,111.417 401.989,169.417 363.999,169.417 315.739,169.417 159.239,169.417 56.979,169.417 18.989,169.417 18.989,111.417 210.489,111.417"" style=""fill:#F7B239;"">
  </polygon>
  <polygon points=""73.505,216.067 73.505,274.067 68.098,274.067 61.229,274.067 38.952,274.067 24.396,274.067 18.989,274.067 18.989,216.067 46.247,216.067"" style=""fill:#E09B2D;"">
  </polygon>
  <polygon points=""73.505,111.417 73.505,169.417 68.098,169.417 61.229,169.417 38.952,169.417 24.396,169.417 18.989,169.417 18.989,111.417 46.247,111.417"" style=""fill:#E09B2D;"">
  </polygon>
  <polygon points=""73.505,320.717 73.505,378.717 68.098,378.717 61.229,378.717 38.952,378.717 24.396,378.717 18.989,378.717 18.989,320.717 46.247,320.717"" style=""fill:#E09B2D;"">
  </polygon>
  <path d=""M379.822,157.45c-4.143,0.0,-7.5,-3.357,-7.5,-7.5v-19.066c0.0,-4.143,3.357,-7.5,7.5,-7.5s7.5,3.357,7.5,7.5v19.066C387.322,154.093,383.965,157.45,379.822,157.45z"" style=""fill:#FFFFFF;"">
  </path>
  <path d=""M379.822,262.101c-4.143,0.0,-7.5,-3.357,-7.5,-7.5v-19.066c0.0,-4.143,3.357,-7.5,7.5,-7.5s7.5,3.357,7.5,7.5v19.066C387.322,258.743,383.965,262.101,379.822,262.101z"" style=""fill:#FFFFFF;"">
  </path>
  <path d=""M379.822,366.75c-4.143,0.0,-7.5,-3.357,-7.5,-7.5v-19.066c0.0,-4.143,3.357,-7.5,7.5,-7.5s7.5,3.357,7.5,7.5v19.066C387.322,363.393,383.965,366.75,379.822,366.75z"" style=""fill:#FFFFFF;"">
  </path>
  <circle cx=""215.156"" cy=""57.747"" r=""7.5"" style=""fill:#FFFFFF;"">
  </circle>
  <circle cx=""365.489"" cy=""193.247"" r=""7.5"" style=""fill:#FFFFFF;"">
  </circle>
  <circle cx=""365.489"" cy=""297.392"" r=""7.5"" style=""fill:#FFFFFF;"">
  </circle>
  <path d=""M409.486,169.416v-58.0c0.0,-4.143,-3.357,-7.5,-7.5,-7.5h-184.0V90.518c12.925,-3.339,22.5,-15.098,22.5,-29.051s-9.575,-25.712,-22.5,-29.051V9.721c0.0,-4.143,-3.357,-7.5,-7.5,-7.5s-7.5,3.357,-7.5,7.5v22.695c-12.925,3.339,-22.5,15.098,-22.5,29.051s9.575,25.712,22.5,29.051v13.398h-184.0c-4.143,0.0,-7.5,3.357,-7.5,7.5v58.0c0.0,4.143,3.357,7.5,7.5,7.5h11.546c-2.782,4.629,-4.386,10.042,-4.386,15.824c0.0,5.661,1.518,11.092,4.361,15.83H18.986c-4.143,0.0,-7.5,3.357,-7.5,7.5v58.0c0.0,4.143,3.357,7.5,7.5,7.5h11.544c-2.781,4.629,-4.384,10.042,-4.384,15.824c0.0,5.783,1.604,11.197,4.385,15.826H18.986c-4.143,0.0,-7.5,3.357,-7.5,7.5v58.0c0.0,4.143,3.357,7.5,7.5,7.5h184.0v21.746c0.0,4.143,3.357,7.5,7.5,7.5s7.5,-3.357,7.5,-7.5V386.221h184.0c4.143,0.0,7.5,-3.357,7.5,-7.5v-58.0c0.0,-4.143,-3.357,-7.5,-7.5,-7.5h-11.545c2.781,-4.629,4.385,-10.043,4.385,-15.826c0.0,-5.782,-1.603,-11.195,-4.384,-15.824h11.544c4.143,0.0,7.5,-3.357,7.5,-7.5v-58.0c0.0,-4.143,-3.357,-7.5,-7.5,-7.5h-11.547c2.782,-4.63,4.386,-10.046,4.386,-15.83c0.0,-5.663,-1.517,-11.092,-4.358,-15.824h11.519C406.129,176.916,409.486,173.559,409.486,169.416zM195.486,61.467c0.0,-8.271,6.729,-15.0,15.0,-15.0s15.0,6.729,15.0,15.0s-6.729,15.0,-15.0,15.0S195.486,69.739,195.486,61.467zM237.486,237.065L177.343,176.921h120.286L237.486,237.065zM45.785,203.943c-2.991,-2.998,-4.639,-6.976,-4.639,-11.202c0.0,-8.723,7.102,-15.819,15.83,-15.819h99.152l31.649,31.649H56.976C52.743,208.571,48.767,206.925,45.785,203.943zM394.486,371.221h-368.0v-43.0h368.0V371.221zM379.826,297.395c0.0,8.727,-7.1,15.826,-15.826,15.826H56.972c-8.727,0.0,-15.826,-7.1,-15.826,-15.826c0.0,-8.713,7.079,-15.803,15.788,-15.824h307.104C372.747,281.592,379.826,288.681,379.826,297.395zM394.486,266.571h-368.0v-43.0h176.292l29.404,29.404c1.465,1.464,3.385,2.196,5.304,2.196s3.839,-0.732,5.304,-2.196l29.404,-29.404h122.292V266.571zM287.194,208.571L318.843,176.921h45.152c4.233,0.0,8.209,1.646,11.196,4.634c2.988,2.987,4.634,6.96,4.634,11.186c0.0,8.729,-7.102,15.83,-15.83,15.83H287.194zM394.486,161.916h-368.0v-43.0h368.0V161.916z"" style=""fill:#333333;"">
  </path>
 </g>
</svg>


Question: What type of object does the image represent?",sandwich,book,lamp,toy,A,food
188,"Examine the following SVG code carefully and answer the question based on your interpretation of the rendered image.

<svg height=""946.323px"" id=""Capa_1"" style=""enable-background:new 0 0 946.323 946.323;"" version=""1.1"" viewbox=""0 0 946.323 946.323"" width=""946.323px"" x=""0px"" xml:space=""preserve"" y=""0px"">
 <g>
  <g>
   <path d=""M809.132,915.011v-79.3c-16.4,9.3,-35.0,14.199,-54.4,14.199c-17.399,0.0,-34.8,-4.199,-50.199,-12.0c-6.5,-3.3,-12.601,-7.199,-18.301,-11.699c-5.699,4.5,-11.899,8.399,-18.3,11.699c-15.399,7.9,-32.8,12.0,-50.2,12.0c-17.399,0.0,-34.8,-4.199,-50.199,-12.0c-6.5,-3.3,-12.601,-7.199,-18.301,-11.699c-5.699,4.5,-11.899,8.399,-18.3,11.699c-15.399,7.9,-32.8,12.0,-50.201,12.0c-17.399,0.0,-34.8,-4.199,-50.199,-12.0c-6.5,-3.3,-12.601,-7.199,-18.301,-11.699c-5.699,4.5,-11.899,8.399,-18.3,11.699c-15.399,7.9,-32.8,12.0,-50.2,12.0c-17.399,0.0,-34.8,-4.199,-50.199,-12.0c-6.5,-3.3,-12.601,-7.199,-18.3,-11.699c-5.7,4.5,-11.9,8.399,-18.3,11.699c-15.4,7.9,-32.8,12.0,-50.2,12.0c-19.4,0.0,-38.0,-4.899,-54.4,-14.199v79.3c0.0,21.8,17.7,39.5,39.5,39.5h578.0C791.432,954.511,809.132,936.811,809.132,915.011z"">
   </path>
   <path d=""M151.132,804.611c0.2,0.101,0.3,0.3,0.5,0.4c0.2,0.1,0.3,0.3,0.5,0.399c14.8,12.101,33.7,19.4,54.4,19.4c28.0,0.0,52.8,-13.4,68.5,-34.1c15.7,20.699,40.5,34.1,68.5,34.1s52.8,-13.4,68.5,-34.1c15.699,20.699,40.5,34.1,68.5,34.1c28.0,0.0,52.8,-13.4,68.5,-34.1c15.699,20.699,40.5,34.1,68.5,34.1s52.8,-13.4,68.5,-34.1c15.699,20.699,40.5,34.1,68.5,34.1c20.6,0.0,39.6,-7.3,54.399,-19.4c0.2,-0.1,0.3,-0.3,0.5,-0.399c0.2,-0.101,0.3,-0.3,0.5,-0.4c18.601,-15.8,30.5,-39.3,30.5,-65.6c0.0,-43.101,-31.8,-78.8,-73.2,-84.9v-109.6c-14.399,7.399,-30.6,11.6,-47.8,11.6c-16.5,0.0,-32.899,-3.899,-47.5,-11.399c-4.2,-2.2,-8.3,-4.601,-12.2,-7.301c-3.899,2.7,-8.0,5.2,-12.199,7.301c-14.601,7.399,-31.0,11.399,-47.5,11.399s-32.9,-3.899,-47.5,-11.399c-4.2,-2.2,-8.301,-4.601,-12.2,-7.301c-3.9,2.7,-8.0,5.2,-12.2,7.301c-14.6,7.399,-31.0,11.399,-47.5,11.399c-16.5,0.0,-32.9,-3.899,-47.5,-11.399c-4.2,-2.2,-8.3,-4.601,-12.2,-7.301c-3.899,2.7,-8.0,5.2,-12.2,7.301c-14.6,7.399,-31.0,11.399,-47.5,11.399s-32.899,-3.899,-47.5,-11.399c-4.199,-2.2,-8.3,-4.601,-12.199,-7.301c-3.9,2.7,-8.0,5.2,-12.2,7.301c-14.6,7.399,-31.0,11.399,-47.5,11.399c-17.2,0.0,-33.5,-4.2,-47.8,-11.6v109.6c-41.4,6.101,-73.2,41.8,-73.2,84.9C120.632,765.311,132.531,788.911,151.132,804.611z"">
   </path>
   <path d=""M241.632,376.311c-41.4,0.0,-74.9,33.5,-74.9,74.9c0.0,23.199,10.5,43.8,27.0,57.6c13.0,10.8,29.7,17.3,47.8,17.3c24.4,0.0,46.1,-11.7,59.7,-29.7c13.7,18.101,35.301,29.7,59.7,29.7c24.4,0.0,46.101,-11.7,59.7,-29.7c13.7,18.101,35.3,29.7,59.7,29.7c24.4,0.0,46.1,-11.7,59.701,-29.7c13.699,18.101,35.3,29.7,59.699,29.7c24.4,0.0,46.101,-11.7,59.7,-29.7c13.7,18.101,35.3,29.7,59.7,29.7c18.2,0.0,34.9,-6.5,47.8,-17.3c16.5,-13.7,27.0,-34.4,27.0,-57.6c0.0,-41.4,-33.5,-74.9,-74.899,-74.9C695.232,376.311,266.031,376.311,241.632,376.311z"">
   </path>
   <path d=""M589.832,344.111c86.3,-13.7,130.6,-53.5,142.1,-80.0c0.601,-1.3,0.9,-2.0,0.9,-2.0c13.0,-30.0,-0.8,-64.9,-30.8,-77.9c-19.4,-8.4,-40.9,-5.6,-57.101,5.6c-3.0,-19.5,-15.6,-37.1,-35.0,-45.5c-30.0,-13.0,-64.899,0.8,-77.899,30.8c0.0,0.0,-0.301,0.7,-0.801,2.0c-11.5,26.5,-10.1,86.0,39.0,158.3C574.532,342.011,582.232,345.311,589.832,344.111z"">
   </path>
   <path d=""M160.031,210.911c19.0,43.9,93.6,110.4,239.3,131.4c7.5,1.1,14.899,-2.1,19.2,-8.3c84.5,-120.7,87.1,-220.5,68.1,-264.4c-0.9,-2.1,-1.4,-3.3,-1.4,-3.3c-21.0,-48.8,-77.8,-71.3,-126.6,-50.2c-31.6,13.7,-52.1,42.2,-57.0,73.9c-26.4,-18.2,-61.3,-22.7,-92.9,-9.1c-48.8,21.1,-71.3,77.8,-50.2,126.7C158.531,207.711,159.132,208.811,160.031,210.911z"">
   </path>
  </g>
 </g>
</svg>


Question: How many hearts are present in the image?",1,2,3,4,B,food
189,"Examine the following SVG code carefully and answer the question based on your interpretation of the rendered image.

<svg height=""946.323px"" id=""Capa_1"" style=""enable-background:new 0 0 946.323 946.323;"" version=""1.1"" viewbox=""0 0 946.323 946.323"" width=""946.323px"" x=""0px"" xml:space=""preserve"" y=""0px"">
 <g>
  <g>
   <path d=""M809.132,915.011v-79.3c-16.4,9.3,-35.0,14.199,-54.4,14.199c-17.399,0.0,-34.8,-4.199,-50.199,-12.0c-6.5,-3.3,-12.601,-7.199,-18.301,-11.699c-5.699,4.5,-11.899,8.399,-18.3,11.699c-15.399,7.9,-32.8,12.0,-50.2,12.0c-17.399,0.0,-34.8,-4.199,-50.199,-12.0c-6.5,-3.3,-12.601,-7.199,-18.301,-11.699c-5.699,4.5,-11.899,8.399,-18.3,11.699c-15.399,7.9,-32.8,12.0,-50.201,12.0c-17.399,0.0,-34.8,-4.199,-50.199,-12.0c-6.5,-3.3,-12.601,-7.199,-18.301,-11.699c-5.699,4.5,-11.899,8.399,-18.3,11.699c-15.399,7.9,-32.8,12.0,-50.2,12.0c-17.399,0.0,-34.8,-4.199,-50.199,-12.0c-6.5,-3.3,-12.601,-7.199,-18.3,-11.699c-5.7,4.5,-11.9,8.399,-18.3,11.699c-15.4,7.9,-32.8,12.0,-50.2,12.0c-19.4,0.0,-38.0,-4.899,-54.4,-14.199v79.3c0.0,21.8,17.7,39.5,39.5,39.5h578.0C791.432,954.511,809.132,936.811,809.132,915.011z"">
   </path>
   <path d=""M151.132,804.611c0.2,0.101,0.3,0.3,0.5,0.4c0.2,0.1,0.3,0.3,0.5,0.399c14.8,12.101,33.7,19.4,54.4,19.4c28.0,0.0,52.8,-13.4,68.5,-34.1c15.7,20.699,40.5,34.1,68.5,34.1s52.8,-13.4,68.5,-34.1c15.699,20.699,40.5,34.1,68.5,34.1c28.0,0.0,52.8,-13.4,68.5,-34.1c15.699,20.699,40.5,34.1,68.5,34.1s52.8,-13.4,68.5,-34.1c15.699,20.699,40.5,34.1,68.5,34.1c20.6,0.0,39.6,-7.3,54.399,-19.4c0.2,-0.1,0.3,-0.3,0.5,-0.399c0.2,-0.101,0.3,-0.3,0.5,-0.4c18.601,-15.8,30.5,-39.3,30.5,-65.6c0.0,-43.101,-31.8,-78.8,-73.2,-84.9v-109.6c-14.399,7.399,-30.6,11.6,-47.8,11.6c-16.5,0.0,-32.899,-3.899,-47.5,-11.399c-4.2,-2.2,-8.3,-4.601,-12.2,-7.301c-3.899,2.7,-8.0,5.2,-12.199,7.301c-14.601,7.399,-31.0,11.399,-47.5,11.399s-32.9,-3.899,-47.5,-11.399c-4.2,-2.2,-8.301,-4.601,-12.2,-7.301c-3.9,2.7,-8.0,5.2,-12.2,7.301c-14.6,7.399,-31.0,11.399,-47.5,11.399c-16.5,0.0,-32.9,-3.899,-47.5,-11.399c-4.2,-2.2,-8.3,-4.601,-12.2,-7.301c-3.899,2.7,-8.0,5.2,-12.2,7.301c-14.6,7.399,-31.0,11.399,-47.5,11.399s-32.899,-3.899,-47.5,-11.399c-4.199,-2.2,-8.3,-4.601,-12.199,-7.301c-3.9,2.7,-8.0,5.2,-12.2,7.301c-14.6,7.399,-31.0,11.399,-47.5,11.399c-17.2,0.0,-33.5,-4.2,-47.8,-11.6v109.6c-41.4,6.101,-73.2,41.8,-73.2,84.9C120.632,765.311,132.531,788.911,151.132,804.611z"">
   </path>
   <path d=""M241.632,376.311c-41.4,0.0,-74.9,33.5,-74.9,74.9c0.0,23.199,10.5,43.8,27.0,57.6c13.0,10.8,29.7,17.3,47.8,17.3c24.4,0.0,46.1,-11.7,59.7,-29.7c13.7,18.101,35.301,29.7,59.7,29.7c24.4,0.0,46.101,-11.7,59.7,-29.7c13.7,18.101,35.3,29.7,59.7,29.7c24.4,0.0,46.1,-11.7,59.701,-29.7c13.699,18.101,35.3,29.7,59.699,29.7c24.4,0.0,46.101,-11.7,59.7,-29.7c13.7,18.101,35.3,29.7,59.7,29.7c18.2,0.0,34.9,-6.5,47.8,-17.3c16.5,-13.7,27.0,-34.4,27.0,-57.6c0.0,-41.4,-33.5,-74.9,-74.899,-74.9C695.232,376.311,266.031,376.311,241.632,376.311z"">
   </path>
   <path d=""M589.832,344.111c86.3,-13.7,130.6,-53.5,142.1,-80.0c0.601,-1.3,0.9,-2.0,0.9,-2.0c13.0,-30.0,-0.8,-64.9,-30.8,-77.9c-19.4,-8.4,-40.9,-5.6,-57.101,5.6c-3.0,-19.5,-15.6,-37.1,-35.0,-45.5c-30.0,-13.0,-64.899,0.8,-77.899,30.8c0.0,0.0,-0.301,0.7,-0.801,2.0c-11.5,26.5,-10.1,86.0,39.0,158.3C574.532,342.011,582.232,345.311,589.832,344.111z"">
   </path>
   <path d=""M160.031,210.911c19.0,43.9,93.6,110.4,239.3,131.4c7.5,1.1,14.899,-2.1,19.2,-8.3c84.5,-120.7,87.1,-220.5,68.1,-264.4c-0.9,-2.1,-1.4,-3.3,-1.4,-3.3c-21.0,-48.8,-77.8,-71.3,-126.6,-50.2c-31.6,13.7,-52.1,42.2,-57.0,73.9c-26.4,-18.2,-61.3,-22.7,-92.9,-9.1c-48.8,21.1,-71.3,77.8,-50.2,126.7C158.531,207.711,159.132,208.811,160.031,210.911z"">
   </path>
  </g>
 </g>
</svg>


Question: What shape is predominantly seen at the top of the object?",Heart,Square,Circle,Triangle,A,food
190,"Examine the following SVG code carefully and answer the question based on your interpretation of the rendered image.

<svg height=""946.323px"" id=""Capa_1"" style=""enable-background:new 0 0 946.323 946.323;"" version=""1.1"" viewbox=""0 0 946.323 946.323"" width=""946.323px"" x=""0px"" xml:space=""preserve"" y=""0px"">
 <g>
  <g>
   <path d=""M809.132,915.011v-79.3c-16.4,9.3,-35.0,14.199,-54.4,14.199c-17.399,0.0,-34.8,-4.199,-50.199,-12.0c-6.5,-3.3,-12.601,-7.199,-18.301,-11.699c-5.699,4.5,-11.899,8.399,-18.3,11.699c-15.399,7.9,-32.8,12.0,-50.2,12.0c-17.399,0.0,-34.8,-4.199,-50.199,-12.0c-6.5,-3.3,-12.601,-7.199,-18.301,-11.699c-5.699,4.5,-11.899,8.399,-18.3,11.699c-15.399,7.9,-32.8,12.0,-50.201,12.0c-17.399,0.0,-34.8,-4.199,-50.199,-12.0c-6.5,-3.3,-12.601,-7.199,-18.301,-11.699c-5.699,4.5,-11.899,8.399,-18.3,11.699c-15.399,7.9,-32.8,12.0,-50.2,12.0c-17.399,0.0,-34.8,-4.199,-50.199,-12.0c-6.5,-3.3,-12.601,-7.199,-18.3,-11.699c-5.7,4.5,-11.9,8.399,-18.3,11.699c-15.4,7.9,-32.8,12.0,-50.2,12.0c-19.4,0.0,-38.0,-4.899,-54.4,-14.199v79.3c0.0,21.8,17.7,39.5,39.5,39.5h578.0C791.432,954.511,809.132,936.811,809.132,915.011z"">
   </path>
   <path d=""M151.132,804.611c0.2,0.101,0.3,0.3,0.5,0.4c0.2,0.1,0.3,0.3,0.5,0.399c14.8,12.101,33.7,19.4,54.4,19.4c28.0,0.0,52.8,-13.4,68.5,-34.1c15.7,20.699,40.5,34.1,68.5,34.1s52.8,-13.4,68.5,-34.1c15.699,20.699,40.5,34.1,68.5,34.1c28.0,0.0,52.8,-13.4,68.5,-34.1c15.699,20.699,40.5,34.1,68.5,34.1s52.8,-13.4,68.5,-34.1c15.699,20.699,40.5,34.1,68.5,34.1c20.6,0.0,39.6,-7.3,54.399,-19.4c0.2,-0.1,0.3,-0.3,0.5,-0.399c0.2,-0.101,0.3,-0.3,0.5,-0.4c18.601,-15.8,30.5,-39.3,30.5,-65.6c0.0,-43.101,-31.8,-78.8,-73.2,-84.9v-109.6c-14.399,7.399,-30.6,11.6,-47.8,11.6c-16.5,0.0,-32.899,-3.899,-47.5,-11.399c-4.2,-2.2,-8.3,-4.601,-12.2,-7.301c-3.899,2.7,-8.0,5.2,-12.199,7.301c-14.601,7.399,-31.0,11.399,-47.5,11.399s-32.9,-3.899,-47.5,-11.399c-4.2,-2.2,-8.301,-4.601,-12.2,-7.301c-3.9,2.7,-8.0,5.2,-12.2,7.301c-14.6,7.399,-31.0,11.399,-47.5,11.399c-16.5,0.0,-32.9,-3.899,-47.5,-11.399c-4.2,-2.2,-8.3,-4.601,-12.2,-7.301c-3.899,2.7,-8.0,5.2,-12.2,7.301c-14.6,7.399,-31.0,11.399,-47.5,11.399s-32.899,-3.899,-47.5,-11.399c-4.199,-2.2,-8.3,-4.601,-12.199,-7.301c-3.9,2.7,-8.0,5.2,-12.2,7.301c-14.6,7.399,-31.0,11.399,-47.5,11.399c-17.2,0.0,-33.5,-4.2,-47.8,-11.6v109.6c-41.4,6.101,-73.2,41.8,-73.2,84.9C120.632,765.311,132.531,788.911,151.132,804.611z"">
   </path>
   <path d=""M241.632,376.311c-41.4,0.0,-74.9,33.5,-74.9,74.9c0.0,23.199,10.5,43.8,27.0,57.6c13.0,10.8,29.7,17.3,47.8,17.3c24.4,0.0,46.1,-11.7,59.7,-29.7c13.7,18.101,35.301,29.7,59.7,29.7c24.4,0.0,46.101,-11.7,59.7,-29.7c13.7,18.101,35.3,29.7,59.7,29.7c24.4,0.0,46.1,-11.7,59.701,-29.7c13.699,18.101,35.3,29.7,59.699,29.7c24.4,0.0,46.101,-11.7,59.7,-29.7c13.7,18.101,35.3,29.7,59.7,29.7c18.2,0.0,34.9,-6.5,47.8,-17.3c16.5,-13.7,27.0,-34.4,27.0,-57.6c0.0,-41.4,-33.5,-74.9,-74.899,-74.9C695.232,376.311,266.031,376.311,241.632,376.311z"">
   </path>
   <path d=""M589.832,344.111c86.3,-13.7,130.6,-53.5,142.1,-80.0c0.601,-1.3,0.9,-2.0,0.9,-2.0c13.0,-30.0,-0.8,-64.9,-30.8,-77.9c-19.4,-8.4,-40.9,-5.6,-57.101,5.6c-3.0,-19.5,-15.6,-37.1,-35.0,-45.5c-30.0,-13.0,-64.899,0.8,-77.899,30.8c0.0,0.0,-0.301,0.7,-0.801,2.0c-11.5,26.5,-10.1,86.0,39.0,158.3C574.532,342.011,582.232,345.311,589.832,344.111z"">
   </path>
   <path d=""M160.031,210.911c19.0,43.9,93.6,110.4,239.3,131.4c7.5,1.1,14.899,-2.1,19.2,-8.3c84.5,-120.7,87.1,-220.5,68.1,-264.4c-0.9,-2.1,-1.4,-3.3,-1.4,-3.3c-21.0,-48.8,-77.8,-71.3,-126.6,-50.2c-31.6,13.7,-52.1,42.2,-57.0,73.9c-26.4,-18.2,-61.3,-22.7,-92.9,-9.1c-48.8,21.1,-71.3,77.8,-50.2,126.7C158.531,207.711,159.132,208.811,160.031,210.911z"">
   </path>
  </g>
 </g>
</svg>


Question: How many layers does the object have?",1,2,3,4,C,food
191,"Examine the following SVG code carefully and answer the question based on your interpretation of the rendered image.

<svg height=""946.323px"" id=""Capa_1"" style=""enable-background:new 0 0 946.323 946.323;"" version=""1.1"" viewbox=""0 0 946.323 946.323"" width=""946.323px"" x=""0px"" xml:space=""preserve"" y=""0px"">
 <g>
  <g>
   <path d=""M809.132,915.011v-79.3c-16.4,9.3,-35.0,14.199,-54.4,14.199c-17.399,0.0,-34.8,-4.199,-50.199,-12.0c-6.5,-3.3,-12.601,-7.199,-18.301,-11.699c-5.699,4.5,-11.899,8.399,-18.3,11.699c-15.399,7.9,-32.8,12.0,-50.2,12.0c-17.399,0.0,-34.8,-4.199,-50.199,-12.0c-6.5,-3.3,-12.601,-7.199,-18.301,-11.699c-5.699,4.5,-11.899,8.399,-18.3,11.699c-15.399,7.9,-32.8,12.0,-50.201,12.0c-17.399,0.0,-34.8,-4.199,-50.199,-12.0c-6.5,-3.3,-12.601,-7.199,-18.301,-11.699c-5.699,4.5,-11.899,8.399,-18.3,11.699c-15.399,7.9,-32.8,12.0,-50.2,12.0c-17.399,0.0,-34.8,-4.199,-50.199,-12.0c-6.5,-3.3,-12.601,-7.199,-18.3,-11.699c-5.7,4.5,-11.9,8.399,-18.3,11.699c-15.4,7.9,-32.8,12.0,-50.2,12.0c-19.4,0.0,-38.0,-4.899,-54.4,-14.199v79.3c0.0,21.8,17.7,39.5,39.5,39.5h578.0C791.432,954.511,809.132,936.811,809.132,915.011z"">
   </path>
   <path d=""M151.132,804.611c0.2,0.101,0.3,0.3,0.5,0.4c0.2,0.1,0.3,0.3,0.5,0.399c14.8,12.101,33.7,19.4,54.4,19.4c28.0,0.0,52.8,-13.4,68.5,-34.1c15.7,20.699,40.5,34.1,68.5,34.1s52.8,-13.4,68.5,-34.1c15.699,20.699,40.5,34.1,68.5,34.1c28.0,0.0,52.8,-13.4,68.5,-34.1c15.699,20.699,40.5,34.1,68.5,34.1s52.8,-13.4,68.5,-34.1c15.699,20.699,40.5,34.1,68.5,34.1c20.6,0.0,39.6,-7.3,54.399,-19.4c0.2,-0.1,0.3,-0.3,0.5,-0.399c0.2,-0.101,0.3,-0.3,0.5,-0.4c18.601,-15.8,30.5,-39.3,30.5,-65.6c0.0,-43.101,-31.8,-78.8,-73.2,-84.9v-109.6c-14.399,7.399,-30.6,11.6,-47.8,11.6c-16.5,0.0,-32.899,-3.899,-47.5,-11.399c-4.2,-2.2,-8.3,-4.601,-12.2,-7.301c-3.899,2.7,-8.0,5.2,-12.199,7.301c-14.601,7.399,-31.0,11.399,-47.5,11.399s-32.9,-3.899,-47.5,-11.399c-4.2,-2.2,-8.301,-4.601,-12.2,-7.301c-3.9,2.7,-8.0,5.2,-12.2,7.301c-14.6,7.399,-31.0,11.399,-47.5,11.399c-16.5,0.0,-32.9,-3.899,-47.5,-11.399c-4.2,-2.2,-8.3,-4.601,-12.2,-7.301c-3.899,2.7,-8.0,5.2,-12.2,7.301c-14.6,7.399,-31.0,11.399,-47.5,11.399s-32.899,-3.899,-47.5,-11.399c-4.199,-2.2,-8.3,-4.601,-12.199,-7.301c-3.9,2.7,-8.0,5.2,-12.2,7.301c-14.6,7.399,-31.0,11.399,-47.5,11.399c-17.2,0.0,-33.5,-4.2,-47.8,-11.6v109.6c-41.4,6.101,-73.2,41.8,-73.2,84.9C120.632,765.311,132.531,788.911,151.132,804.611z"">
   </path>
   <path d=""M241.632,376.311c-41.4,0.0,-74.9,33.5,-74.9,74.9c0.0,23.199,10.5,43.8,27.0,57.6c13.0,10.8,29.7,17.3,47.8,17.3c24.4,0.0,46.1,-11.7,59.7,-29.7c13.7,18.101,35.301,29.7,59.7,29.7c24.4,0.0,46.101,-11.7,59.7,-29.7c13.7,18.101,35.3,29.7,59.7,29.7c24.4,0.0,46.1,-11.7,59.701,-29.7c13.699,18.101,35.3,29.7,59.699,29.7c24.4,0.0,46.101,-11.7,59.7,-29.7c13.7,18.101,35.3,29.7,59.7,29.7c18.2,0.0,34.9,-6.5,47.8,-17.3c16.5,-13.7,27.0,-34.4,27.0,-57.6c0.0,-41.4,-33.5,-74.9,-74.899,-74.9C695.232,376.311,266.031,376.311,241.632,376.311z"">
   </path>
   <path d=""M589.832,344.111c86.3,-13.7,130.6,-53.5,142.1,-80.0c0.601,-1.3,0.9,-2.0,0.9,-2.0c13.0,-30.0,-0.8,-64.9,-30.8,-77.9c-19.4,-8.4,-40.9,-5.6,-57.101,5.6c-3.0,-19.5,-15.6,-37.1,-35.0,-45.5c-30.0,-13.0,-64.899,0.8,-77.899,30.8c0.0,0.0,-0.301,0.7,-0.801,2.0c-11.5,26.5,-10.1,86.0,39.0,158.3C574.532,342.011,582.232,345.311,589.832,344.111z"">
   </path>
   <path d=""M160.031,210.911c19.0,43.9,93.6,110.4,239.3,131.4c7.5,1.1,14.899,-2.1,19.2,-8.3c84.5,-120.7,87.1,-220.5,68.1,-264.4c-0.9,-2.1,-1.4,-3.3,-1.4,-3.3c-21.0,-48.8,-77.8,-71.3,-126.6,-50.2c-31.6,13.7,-52.1,42.2,-57.0,73.9c-26.4,-18.2,-61.3,-22.7,-92.9,-9.1c-48.8,21.1,-71.3,77.8,-50.2,126.7C158.531,207.711,159.132,208.811,160.031,210.911z"">
   </path>
  </g>
 </g>
</svg>


Question: What is the object in the image?",cake,book,building,tree,A,food
192,"Examine the following SVG code carefully and answer the question based on your interpretation of the rendered image.

<svg id=""Layer_1"" style=""enable-background:new 0 0 361.292 361.292;"" version=""1.1"" viewbox=""0 0 361.292 361.292"" x=""0px"" xml:space=""preserve"" y=""0px"">
 <g id=""XMLID_907_"">
  <path d=""M339.507,270.947c3.238,-12.686,4.968,-29.306,4.968,-43.0c0.0,-88.366,-71.634,-160.0,-160.0,-160.0s-160.0,71.634,-160.0,160.0c0.0,13.694,1.73,30.314,4.968,43.0H339.507z"" id=""XMLID_908_"" style=""fill:#BD720D;"">
  </path>
  <path d=""M184.476,270.947c0.0,-20.0,0.0,-113.0,0.0,-203.0c-88.366,0.0,-160.0,71.634,-160.0,160.0c0.0,13.694,1.73,30.314,4.968,43.0H184.476z"" id=""XMLID_909_"" style=""fill:#804C09;"">
  </path>
  <g id=""XMLID_910_"">
   <rect height=""40.001"" id=""XMLID_22_"" style=""fill:#FFE98F;"" transform=""matrix(-0.8805 -0.4741 0.4741 -0.8805 70.7992 288.2433)"" width=""80.002"" x=""34.917"" y=""117.498"">
   </rect>
   <path d=""M182.605,127.335c-25.896,-13.944,-68.755,-11.734,-89.402,-2.709l-18.964,35.218c3.83,22.205,25.577,59.202,51.474,73.146c38.901,20.947,83.173,14.276,98.884,-14.9C240.307,188.915,221.507,148.281,182.605,127.335z"" id=""XMLID_21_"" style=""fill:#BD720D;"">
   </path>
   <circle cx=""42.407"" cy=""102.952"" id=""XMLID_20_"" r=""25"" style=""fill:#FFE98F;"">
   </circle>
   <circle cx=""28.184"" cy=""129.366"" id=""XMLID_19_"" r=""25"" style=""fill:#FFE98F;"">
   </circle>
  </g>
  <path d=""M184.476,128.394v115.799c17.611,-2.809,32.36,-11.688,40.121,-26.102C240.05,189.391,222.093,149.622,184.476,128.394z"" id=""XMLID_911_"" style=""fill:#FF9811;"">
  </path>
  <path d=""M364.476,282.947c0.0,8.284,-6.716,15.0,-15.0,15.0h-330.0c-8.284,0.0,-15.0,-6.716,-15.0,-15.0l0.0,0.0c0.0,-8.284,6.716,-15.0,15.0,-15.0h330.0C357.76,267.947,364.476,274.663,364.476,282.947L364.476,282.947z"" id=""XMLID_912_"" style=""fill:#CDCDD0;"">
  </path>
  <path d=""M184.476,267.947h-165.0c-8.284,0.0,-15.0,6.716,-15.0,15.0s6.716,15.0,15.0,15.0h165.0V267.947z"" id=""XMLID_913_"" style=""fill:#ACABB1;"">
  </path>
 </g>
</svg>


Question: What is the primary color of the object in the image?",Red,Blue,Brown,Green,C,food
193,"Examine the following SVG code carefully and answer the question based on your interpretation of the rendered image.

<svg id=""Layer_1"" style=""enable-background:new 0 0 361.292 361.292;"" version=""1.1"" viewbox=""0 0 361.292 361.292"" x=""0px"" xml:space=""preserve"" y=""0px"">
 <g id=""XMLID_907_"">
  <path d=""M339.507,270.947c3.238,-12.686,4.968,-29.306,4.968,-43.0c0.0,-88.366,-71.634,-160.0,-160.0,-160.0s-160.0,71.634,-160.0,160.0c0.0,13.694,1.73,30.314,4.968,43.0H339.507z"" id=""XMLID_908_"" style=""fill:#BD720D;"">
  </path>
  <path d=""M184.476,270.947c0.0,-20.0,0.0,-113.0,0.0,-203.0c-88.366,0.0,-160.0,71.634,-160.0,160.0c0.0,13.694,1.73,30.314,4.968,43.0H184.476z"" id=""XMLID_909_"" style=""fill:#804C09;"">
  </path>
  <g id=""XMLID_910_"">
   <rect height=""40.001"" id=""XMLID_22_"" style=""fill:#FFE98F;"" transform=""matrix(-0.8805 -0.4741 0.4741 -0.8805 70.7992 288.2433)"" width=""80.002"" x=""34.917"" y=""117.498"">
   </rect>
   <path d=""M182.605,127.335c-25.896,-13.944,-68.755,-11.734,-89.402,-2.709l-18.964,35.218c3.83,22.205,25.577,59.202,51.474,73.146c38.901,20.947,83.173,14.276,98.884,-14.9C240.307,188.915,221.507,148.281,182.605,127.335z"" id=""XMLID_21_"" style=""fill:#BD720D;"">
   </path>
   <circle cx=""42.407"" cy=""102.952"" id=""XMLID_20_"" r=""25"" style=""fill:#FFE98F;"">
   </circle>
   <circle cx=""28.184"" cy=""129.366"" id=""XMLID_19_"" r=""25"" style=""fill:#FFE98F;"">
   </circle>
  </g>
  <path d=""M184.476,128.394v115.799c17.611,-2.809,32.36,-11.688,40.121,-26.102C240.05,189.391,222.093,149.622,184.476,128.394z"" id=""XMLID_911_"" style=""fill:#FF9811;"">
  </path>
  <path d=""M364.476,282.947c0.0,8.284,-6.716,15.0,-15.0,15.0h-330.0c-8.284,0.0,-15.0,-6.716,-15.0,-15.0l0.0,0.0c0.0,-8.284,6.716,-15.0,15.0,-15.0h330.0C357.76,267.947,364.476,274.663,364.476,282.947L364.476,282.947z"" id=""XMLID_912_"" style=""fill:#CDCDD0;"">
  </path>
  <path d=""M184.476,267.947h-165.0c-8.284,0.0,-15.0,6.716,-15.0,15.0s6.716,15.0,15.0,15.0h165.0V267.947z"" id=""XMLID_913_"" style=""fill:#ACABB1;"">
  </path>
 </g>
</svg>


Question: What shape is the object in the image?",Circle,Square,Triangle,Rectangle,A,food
194,"Examine the following SVG code carefully and answer the question based on your interpretation of the rendered image.

<svg id=""Layer_1"" style=""enable-background:new 0 0 361.292 361.292;"" version=""1.1"" viewbox=""0 0 361.292 361.292"" x=""0px"" xml:space=""preserve"" y=""0px"">
 <g id=""XMLID_907_"">
  <path d=""M339.507,270.947c3.238,-12.686,4.968,-29.306,4.968,-43.0c0.0,-88.366,-71.634,-160.0,-160.0,-160.0s-160.0,71.634,-160.0,160.0c0.0,13.694,1.73,30.314,4.968,43.0H339.507z"" id=""XMLID_908_"" style=""fill:#BD720D;"">
  </path>
  <path d=""M184.476,270.947c0.0,-20.0,0.0,-113.0,0.0,-203.0c-88.366,0.0,-160.0,71.634,-160.0,160.0c0.0,13.694,1.73,30.314,4.968,43.0H184.476z"" id=""XMLID_909_"" style=""fill:#804C09;"">
  </path>
  <g id=""XMLID_910_"">
   <rect height=""40.001"" id=""XMLID_22_"" style=""fill:#FFE98F;"" transform=""matrix(-0.8805 -0.4741 0.4741 -0.8805 70.7992 288.2433)"" width=""80.002"" x=""34.917"" y=""117.498"">
   </rect>
   <path d=""M182.605,127.335c-25.896,-13.944,-68.755,-11.734,-89.402,-2.709l-18.964,35.218c3.83,22.205,25.577,59.202,51.474,73.146c38.901,20.947,83.173,14.276,98.884,-14.9C240.307,188.915,221.507,148.281,182.605,127.335z"" id=""XMLID_21_"" style=""fill:#BD720D;"">
   </path>
   <circle cx=""42.407"" cy=""102.952"" id=""XMLID_20_"" r=""25"" style=""fill:#FFE98F;"">
   </circle>
   <circle cx=""28.184"" cy=""129.366"" id=""XMLID_19_"" r=""25"" style=""fill:#FFE98F;"">
   </circle>
  </g>
  <path d=""M184.476,128.394v115.799c17.611,-2.809,32.36,-11.688,40.121,-26.102C240.05,189.391,222.093,149.622,184.476,128.394z"" id=""XMLID_911_"" style=""fill:#FF9811;"">
  </path>
  <path d=""M364.476,282.947c0.0,8.284,-6.716,15.0,-15.0,15.0h-330.0c-8.284,0.0,-15.0,-6.716,-15.0,-15.0l0.0,0.0c0.0,-8.284,6.716,-15.0,15.0,-15.0h330.0C357.76,267.947,364.476,274.663,364.476,282.947L364.476,282.947z"" id=""XMLID_912_"" style=""fill:#CDCDD0;"">
  </path>
  <path d=""M184.476,267.947h-165.0c-8.284,0.0,-15.0,6.716,-15.0,15.0s6.716,15.0,15.0,15.0h165.0V267.947z"" id=""XMLID_913_"" style=""fill:#ACABB1;"">
  </path>
 </g>
</svg>


Question: What is the object placed on?",table,plate,chair,floor,B,food
195,"Examine the following SVG code carefully and answer the question based on your interpretation of the rendered image.

<svg id=""Layer_1"" style=""enable-background:new 0 0 361.292 361.292;"" version=""1.1"" viewbox=""0 0 361.292 361.292"" x=""0px"" xml:space=""preserve"" y=""0px"">
 <g id=""XMLID_907_"">
  <path d=""M339.507,270.947c3.238,-12.686,4.968,-29.306,4.968,-43.0c0.0,-88.366,-71.634,-160.0,-160.0,-160.0s-160.0,71.634,-160.0,160.0c0.0,13.694,1.73,30.314,4.968,43.0H339.507z"" id=""XMLID_908_"" style=""fill:#BD720D;"">
  </path>
  <path d=""M184.476,270.947c0.0,-20.0,0.0,-113.0,0.0,-203.0c-88.366,0.0,-160.0,71.634,-160.0,160.0c0.0,13.694,1.73,30.314,4.968,43.0H184.476z"" id=""XMLID_909_"" style=""fill:#804C09;"">
  </path>
  <g id=""XMLID_910_"">
   <rect height=""40.001"" id=""XMLID_22_"" style=""fill:#FFE98F;"" transform=""matrix(-0.8805 -0.4741 0.4741 -0.8805 70.7992 288.2433)"" width=""80.002"" x=""34.917"" y=""117.498"">
   </rect>
   <path d=""M182.605,127.335c-25.896,-13.944,-68.755,-11.734,-89.402,-2.709l-18.964,35.218c3.83,22.205,25.577,59.202,51.474,73.146c38.901,20.947,83.173,14.276,98.884,-14.9C240.307,188.915,221.507,148.281,182.605,127.335z"" id=""XMLID_21_"" style=""fill:#BD720D;"">
   </path>
   <circle cx=""42.407"" cy=""102.952"" id=""XMLID_20_"" r=""25"" style=""fill:#FFE98F;"">
   </circle>
   <circle cx=""28.184"" cy=""129.366"" id=""XMLID_19_"" r=""25"" style=""fill:#FFE98F;"">
   </circle>
  </g>
  <path d=""M184.476,128.394v115.799c17.611,-2.809,32.36,-11.688,40.121,-26.102C240.05,189.391,222.093,149.622,184.476,128.394z"" id=""XMLID_911_"" style=""fill:#FF9811;"">
  </path>
  <path d=""M364.476,282.947c0.0,8.284,-6.716,15.0,-15.0,15.0h-330.0c-8.284,0.0,-15.0,-6.716,-15.0,-15.0l0.0,0.0c0.0,-8.284,6.716,-15.0,15.0,-15.0h330.0C357.76,267.947,364.476,274.663,364.476,282.947L364.476,282.947z"" id=""XMLID_912_"" style=""fill:#CDCDD0;"">
  </path>
  <path d=""M184.476,267.947h-165.0c-8.284,0.0,-15.0,6.716,-15.0,15.0s6.716,15.0,15.0,15.0h165.0V267.947z"" id=""XMLID_913_"" style=""fill:#ACABB1;"">
  </path>
 </g>
</svg>


Question: What is the object in the image?",bread,fruit,cake,chicken,D,food
204,"Examine the following SVG code carefully and answer the question based on your interpretation of the rendered image.

<svg id=""Layer_1"" style=""enable-background:new 0 0 501.551 501.551;"" version=""1.1"" viewbox=""0 0 501.551 501.551"" x=""0px"" xml:space=""preserve"" y=""0px"">
 <rect height=""369.894"" style=""fill:#F1543F;"" width=""222.563"" x=""148.377"" y=""3.5546873741851934"">
 </rect>
 <polygon points=""158.826,74.608 158.826,14.004 218.385,14.004"" style=""fill:#F98478;"">
 </polygon>
 <polygon points=""218.385,74.608 158.826,74.608 218.385,14.004"" style=""fill:#E83E36;"">
 </polygon>
 <rect height=""39.706"" style=""fill:#FF7058;"" width=""39.706"" x=""168.345"" y=""24.871"">
 </rect>
 <polygon points=""228.834,74.608 228.834,14.004 289.438,14.004"" style=""fill:#F98478;"">
 </polygon>
 <polygon points=""289.438,74.608 228.834,74.608 289.438,14.004"" style=""fill:#E83E36;"">
 </polygon>
 <rect height=""39.706"" style=""fill:#FF7058;"" width=""39.706"" x=""238.865"" y=""24.328"">
 </rect>
 <polygon points=""299.887,74.608 299.887,14.004 359.446,14.004"" style=""fill:#F98478;"">
 </polygon>
 <polygon points=""359.446,74.608 299.887,74.608 359.446,14.004"" style=""fill:#E83E36;"">
 </polygon>
 <rect height=""39.706"" style=""fill:#FF7058;"" width=""39.706"" x=""309.500"" y=""24.871"">
 </rect>
 <polygon points=""158.826,144.616 158.826,85.057 218.385,85.057"" style=""fill:#F98478;"">
 </polygon>
 <polygon points=""218.385,144.616 158.826,144.616 218.385,85.057"" style=""fill:#E83E36;"">
 </polygon>
 <rect height=""39.706"" style=""fill:#FF7058;"" width=""39.706"" x=""167.812"" y=""95.402"">
 </rect>
 <polygon points=""228.834,144.616 228.834,85.057 289.438,85.057"" style=""fill:#F98478;"">
 </polygon>
 <polygon points=""289.438,144.616 228.834,144.616 289.438,85.057"" style=""fill:#E83E36;"">
 </polygon>
 <rect height=""39.706"" style=""fill:#FF7058;"" width=""39.706"" x=""238.447"" y=""94.879"">
 </rect>
 <polygon points=""299.887,144.616 299.887,85.057 359.446,85.057"" style=""fill:#F98478;"">
 </polygon>
 <polygon points=""359.446,144.616 299.887,144.616 359.446,85.057"" style=""fill:#E83E36;"">
 </polygon>
 <rect height=""39.706"" style=""fill:#FF7058;"" width=""39.706"" x=""308.946"" y=""95.381"">
 </rect>
 <polygon points=""158.826,215.669 158.826,155.065 218.385,155.065"" style=""fill:#F98478;"">
 </polygon>
 <polygon points=""218.385,215.669 158.826,215.669 218.385,155.065"" style=""fill:#E83E36;"">
 </polygon>
 <rect height=""39.706"" style=""fill:#FF7058;"" width=""39.706"" x=""168.439"" y=""165.974"">
 </rect>
 <polygon points=""228.834,215.669 228.834,155.065 289.438,155.065"" style=""fill:#F98478;"">
 </polygon>
 <polygon points=""289.438,215.669 228.834,215.669 289.438,155.065"" style=""fill:#E83E36;"">
 </polygon>
 <rect height=""39.706"" style=""fill:#FF7058;"" width=""39.706"" x=""238.938"" y=""165.410"">
 </rect>
 <polygon points=""299.887,215.669 299.887,155.065 359.446,155.065"" style=""fill:#F98478;"">
 </polygon>
 <polygon points=""359.446,215.669 299.887,215.669 359.446,155.065"" style=""fill:#E83E36;"">
 </polygon>
 <rect height=""39.706"" style=""fill:#FF7058;"" width=""39.706"" x=""309.500"" y=""165.932"">
 </rect>
 <polygon points=""158.826,285.677 158.826,226.118 218.385,226.118"" style=""fill:#F98478;"">
 </polygon>
 <polygon points=""218.385,285.677 158.826,285.677 218.385,226.118"" style=""fill:#E83E36;"">
 </polygon>
 <rect height=""39.706"" style=""fill:#FF7058;"" width=""39.706"" x=""167.885"" y=""236.525"">
 </rect>
 <polygon points=""228.834,285.677 228.834,226.118 289.438,226.118"" style=""fill:#F98478;"">
 </polygon>
 <polygon points=""289.438,285.677 228.834,285.677 289.438,226.118"" style=""fill:#E83E36;"">
 </polygon>
 <rect height=""39.706"" style=""fill:#FF7058;"" width=""39.706"" x=""238.447"" y=""235.982"">
 </rect>
 <polygon points=""299.887,285.677 299.887,226.118 359.446,226.118"" style=""fill:#F98478;"">
 </polygon>
 <polygon points=""359.446,285.677 299.887,285.677 359.446,226.118"" style=""fill:#E83E36;"">
 </polygon>
 <rect height=""39.706"" style=""fill:#FF7058;"" width=""39.706"" x=""308.978"" y=""236.463"">
 </rect>
 <path d=""M142.108,260.6v223.608c0.0,11.494,9.404,20.898,20.898,20.898h192.261c11.494,0.0,20.898,-9.404,20.898,-20.898V260.6H142.108z"" style=""fill:#F2F2F2;"">
 </path>
 <g>
  <polygon points=""142.108,260.600 135.838,260.600 110.761,294.037 142.108,344.192"" style=""fill:#ACB3BA;"">
  </polygon>
  <polygon points=""376.165,260.600 382.434,260.600 399.152,271.049 376.165,344.192"" style=""fill:#ACB3BA;"">
  </polygon>
 </g>
 <polygon points=""135.838,260.600 326.010,407.931 382.434,260.600"" style=""fill:#CDD6E0;"">
 </polygon>
</svg>


Question: What is the primary color of the object in the image?",Blue,Red,Green,Yellow,B,food
205,"Examine the following SVG code carefully and answer the question based on your interpretation of the rendered image.

<svg id=""Layer_1"" style=""enable-background:new 0 0 501.551 501.551;"" version=""1.1"" viewbox=""0 0 501.551 501.551"" x=""0px"" xml:space=""preserve"" y=""0px"">
 <rect height=""369.894"" style=""fill:#F1543F;"" width=""222.563"" x=""148.377"" y=""3.5546873741851934"">
 </rect>
 <polygon points=""158.826,74.608 158.826,14.004 218.385,14.004"" style=""fill:#F98478;"">
 </polygon>
 <polygon points=""218.385,74.608 158.826,74.608 218.385,14.004"" style=""fill:#E83E36;"">
 </polygon>
 <rect height=""39.706"" style=""fill:#FF7058;"" width=""39.706"" x=""168.345"" y=""24.871"">
 </rect>
 <polygon points=""228.834,74.608 228.834,14.004 289.438,14.004"" style=""fill:#F98478;"">
 </polygon>
 <polygon points=""289.438,74.608 228.834,74.608 289.438,14.004"" style=""fill:#E83E36;"">
 </polygon>
 <rect height=""39.706"" style=""fill:#FF7058;"" width=""39.706"" x=""238.865"" y=""24.328"">
 </rect>
 <polygon points=""299.887,74.608 299.887,14.004 359.446,14.004"" style=""fill:#F98478;"">
 </polygon>
 <polygon points=""359.446,74.608 299.887,74.608 359.446,14.004"" style=""fill:#E83E36;"">
 </polygon>
 <rect height=""39.706"" style=""fill:#FF7058;"" width=""39.706"" x=""309.500"" y=""24.871"">
 </rect>
 <polygon points=""158.826,144.616 158.826,85.057 218.385,85.057"" style=""fill:#F98478;"">
 </polygon>
 <polygon points=""218.385,144.616 158.826,144.616 218.385,85.057"" style=""fill:#E83E36;"">
 </polygon>
 <rect height=""39.706"" style=""fill:#FF7058;"" width=""39.706"" x=""167.812"" y=""95.402"">
 </rect>
 <polygon points=""228.834,144.616 228.834,85.057 289.438,85.057"" style=""fill:#F98478;"">
 </polygon>
 <polygon points=""289.438,144.616 228.834,144.616 289.438,85.057"" style=""fill:#E83E36;"">
 </polygon>
 <rect height=""39.706"" style=""fill:#FF7058;"" width=""39.706"" x=""238.447"" y=""94.879"">
 </rect>
 <polygon points=""299.887,144.616 299.887,85.057 359.446,85.057"" style=""fill:#F98478;"">
 </polygon>
 <polygon points=""359.446,144.616 299.887,144.616 359.446,85.057"" style=""fill:#E83E36;"">
 </polygon>
 <rect height=""39.706"" style=""fill:#FF7058;"" width=""39.706"" x=""308.946"" y=""95.381"">
 </rect>
 <polygon points=""158.826,215.669 158.826,155.065 218.385,155.065"" style=""fill:#F98478;"">
 </polygon>
 <polygon points=""218.385,215.669 158.826,215.669 218.385,155.065"" style=""fill:#E83E36;"">
 </polygon>
 <rect height=""39.706"" style=""fill:#FF7058;"" width=""39.706"" x=""168.439"" y=""165.974"">
 </rect>
 <polygon points=""228.834,215.669 228.834,155.065 289.438,155.065"" style=""fill:#F98478;"">
 </polygon>
 <polygon points=""289.438,215.669 228.834,215.669 289.438,155.065"" style=""fill:#E83E36;"">
 </polygon>
 <rect height=""39.706"" style=""fill:#FF7058;"" width=""39.706"" x=""238.938"" y=""165.410"">
 </rect>
 <polygon points=""299.887,215.669 299.887,155.065 359.446,155.065"" style=""fill:#F98478;"">
 </polygon>
 <polygon points=""359.446,215.669 299.887,215.669 359.446,155.065"" style=""fill:#E83E36;"">
 </polygon>
 <rect height=""39.706"" style=""fill:#FF7058;"" width=""39.706"" x=""309.500"" y=""165.932"">
 </rect>
 <polygon points=""158.826,285.677 158.826,226.118 218.385,226.118"" style=""fill:#F98478;"">
 </polygon>
 <polygon points=""218.385,285.677 158.826,285.677 218.385,226.118"" style=""fill:#E83E36;"">
 </polygon>
 <rect height=""39.706"" style=""fill:#FF7058;"" width=""39.706"" x=""167.885"" y=""236.525"">
 </rect>
 <polygon points=""228.834,285.677 228.834,226.118 289.438,226.118"" style=""fill:#F98478;"">
 </polygon>
 <polygon points=""289.438,285.677 228.834,285.677 289.438,226.118"" style=""fill:#E83E36;"">
 </polygon>
 <rect height=""39.706"" style=""fill:#FF7058;"" width=""39.706"" x=""238.447"" y=""235.982"">
 </rect>
 <polygon points=""299.887,285.677 299.887,226.118 359.446,226.118"" style=""fill:#F98478;"">
 </polygon>
 <polygon points=""359.446,285.677 299.887,285.677 359.446,226.118"" style=""fill:#E83E36;"">
 </polygon>
 <rect height=""39.706"" style=""fill:#FF7058;"" width=""39.706"" x=""308.978"" y=""236.463"">
 </rect>
 <path d=""M142.108,260.6v223.608c0.0,11.494,9.404,20.898,20.898,20.898h192.261c11.494,0.0,20.898,-9.404,20.898,-20.898V260.6H142.108z"" style=""fill:#F2F2F2;"">
 </path>
 <g>
  <polygon points=""142.108,260.600 135.838,260.600 110.761,294.037 142.108,344.192"" style=""fill:#ACB3BA;"">
  </polygon>
  <polygon points=""376.165,260.600 382.434,260.600 399.152,271.049 376.165,344.192"" style=""fill:#ACB3BA;"">
  </polygon>
 </g>
 <polygon points=""135.838,260.600 326.010,407.931 382.434,260.600"" style=""fill:#CDD6E0;"">
 </polygon>
</svg>


Question: How many rows of squares are visible on the object?",2,3,4,5,C,food
206,"Examine the following SVG code carefully and answer the question based on your interpretation of the rendered image.

<svg id=""Layer_1"" style=""enable-background:new 0 0 501.551 501.551;"" version=""1.1"" viewbox=""0 0 501.551 501.551"" x=""0px"" xml:space=""preserve"" y=""0px"">
 <rect height=""369.894"" style=""fill:#F1543F;"" width=""222.563"" x=""148.377"" y=""3.5546873741851934"">
 </rect>
 <polygon points=""158.826,74.608 158.826,14.004 218.385,14.004"" style=""fill:#F98478;"">
 </polygon>
 <polygon points=""218.385,74.608 158.826,74.608 218.385,14.004"" style=""fill:#E83E36;"">
 </polygon>
 <rect height=""39.706"" style=""fill:#FF7058;"" width=""39.706"" x=""168.345"" y=""24.871"">
 </rect>
 <polygon points=""228.834,74.608 228.834,14.004 289.438,14.004"" style=""fill:#F98478;"">
 </polygon>
 <polygon points=""289.438,74.608 228.834,74.608 289.438,14.004"" style=""fill:#E83E36;"">
 </polygon>
 <rect height=""39.706"" style=""fill:#FF7058;"" width=""39.706"" x=""238.865"" y=""24.328"">
 </rect>
 <polygon points=""299.887,74.608 299.887,14.004 359.446,14.004"" style=""fill:#F98478;"">
 </polygon>
 <polygon points=""359.446,74.608 299.887,74.608 359.446,14.004"" style=""fill:#E83E36;"">
 </polygon>
 <rect height=""39.706"" style=""fill:#FF7058;"" width=""39.706"" x=""309.500"" y=""24.871"">
 </rect>
 <polygon points=""158.826,144.616 158.826,85.057 218.385,85.057"" style=""fill:#F98478;"">
 </polygon>
 <polygon points=""218.385,144.616 158.826,144.616 218.385,85.057"" style=""fill:#E83E36;"">
 </polygon>
 <rect height=""39.706"" style=""fill:#FF7058;"" width=""39.706"" x=""167.812"" y=""95.402"">
 </rect>
 <polygon points=""228.834,144.616 228.834,85.057 289.438,85.057"" style=""fill:#F98478;"">
 </polygon>
 <polygon points=""289.438,144.616 228.834,144.616 289.438,85.057"" style=""fill:#E83E36;"">
 </polygon>
 <rect height=""39.706"" style=""fill:#FF7058;"" width=""39.706"" x=""238.447"" y=""94.879"">
 </rect>
 <polygon points=""299.887,144.616 299.887,85.057 359.446,85.057"" style=""fill:#F98478;"">
 </polygon>
 <polygon points=""359.446,144.616 299.887,144.616 359.446,85.057"" style=""fill:#E83E36;"">
 </polygon>
 <rect height=""39.706"" style=""fill:#FF7058;"" width=""39.706"" x=""308.946"" y=""95.381"">
 </rect>
 <polygon points=""158.826,215.669 158.826,155.065 218.385,155.065"" style=""fill:#F98478;"">
 </polygon>
 <polygon points=""218.385,215.669 158.826,215.669 218.385,155.065"" style=""fill:#E83E36;"">
 </polygon>
 <rect height=""39.706"" style=""fill:#FF7058;"" width=""39.706"" x=""168.439"" y=""165.974"">
 </rect>
 <polygon points=""228.834,215.669 228.834,155.065 289.438,155.065"" style=""fill:#F98478;"">
 </polygon>
 <polygon points=""289.438,215.669 228.834,215.669 289.438,155.065"" style=""fill:#E83E36;"">
 </polygon>
 <rect height=""39.706"" style=""fill:#FF7058;"" width=""39.706"" x=""238.938"" y=""165.410"">
 </rect>
 <polygon points=""299.887,215.669 299.887,155.065 359.446,155.065"" style=""fill:#F98478;"">
 </polygon>
 <polygon points=""359.446,215.669 299.887,215.669 359.446,155.065"" style=""fill:#E83E36;"">
 </polygon>
 <rect height=""39.706"" style=""fill:#FF7058;"" width=""39.706"" x=""309.500"" y=""165.932"">
 </rect>
 <polygon points=""158.826,285.677 158.826,226.118 218.385,226.118"" style=""fill:#F98478;"">
 </polygon>
 <polygon points=""218.385,285.677 158.826,285.677 218.385,226.118"" style=""fill:#E83E36;"">
 </polygon>
 <rect height=""39.706"" style=""fill:#FF7058;"" width=""39.706"" x=""167.885"" y=""236.525"">
 </rect>
 <polygon points=""228.834,285.677 228.834,226.118 289.438,226.118"" style=""fill:#F98478;"">
 </polygon>
 <polygon points=""289.438,285.677 228.834,285.677 289.438,226.118"" style=""fill:#E83E36;"">
 </polygon>
 <rect height=""39.706"" style=""fill:#FF7058;"" width=""39.706"" x=""238.447"" y=""235.982"">
 </rect>
 <polygon points=""299.887,285.677 299.887,226.118 359.446,226.118"" style=""fill:#F98478;"">
 </polygon>
 <polygon points=""359.446,285.677 299.887,285.677 359.446,226.118"" style=""fill:#E83E36;"">
 </polygon>
 <rect height=""39.706"" style=""fill:#FF7058;"" width=""39.706"" x=""308.978"" y=""236.463"">
 </rect>
 <path d=""M142.108,260.6v223.608c0.0,11.494,9.404,20.898,20.898,20.898h192.261c11.494,0.0,20.898,-9.404,20.898,-20.898V260.6H142.108z"" style=""fill:#F2F2F2;"">
 </path>
 <g>
  <polygon points=""142.108,260.600 135.838,260.600 110.761,294.037 142.108,344.192"" style=""fill:#ACB3BA;"">
  </polygon>
  <polygon points=""376.165,260.600 382.434,260.600 399.152,271.049 376.165,344.192"" style=""fill:#ACB3BA;"">
  </polygon>
 </g>
 <polygon points=""135.838,260.600 326.010,407.931 382.434,260.600"" style=""fill:#CDD6E0;"">
 </polygon>
</svg>


Question: What is the shape of the individual segments on the object?",Squares,Triangles,Circles,Hexagons,A,food
207,"Examine the following SVG code carefully and answer the question based on your interpretation of the rendered image.

<svg id=""Layer_1"" style=""enable-background:new 0 0 501.551 501.551;"" version=""1.1"" viewbox=""0 0 501.551 501.551"" x=""0px"" xml:space=""preserve"" y=""0px"">
 <rect height=""369.894"" style=""fill:#F1543F;"" width=""222.563"" x=""148.377"" y=""3.5546873741851934"">
 </rect>
 <polygon points=""158.826,74.608 158.826,14.004 218.385,14.004"" style=""fill:#F98478;"">
 </polygon>
 <polygon points=""218.385,74.608 158.826,74.608 218.385,14.004"" style=""fill:#E83E36;"">
 </polygon>
 <rect height=""39.706"" style=""fill:#FF7058;"" width=""39.706"" x=""168.345"" y=""24.871"">
 </rect>
 <polygon points=""228.834,74.608 228.834,14.004 289.438,14.004"" style=""fill:#F98478;"">
 </polygon>
 <polygon points=""289.438,74.608 228.834,74.608 289.438,14.004"" style=""fill:#E83E36;"">
 </polygon>
 <rect height=""39.706"" style=""fill:#FF7058;"" width=""39.706"" x=""238.865"" y=""24.328"">
 </rect>
 <polygon points=""299.887,74.608 299.887,14.004 359.446,14.004"" style=""fill:#F98478;"">
 </polygon>
 <polygon points=""359.446,74.608 299.887,74.608 359.446,14.004"" style=""fill:#E83E36;"">
 </polygon>
 <rect height=""39.706"" style=""fill:#FF7058;"" width=""39.706"" x=""309.500"" y=""24.871"">
 </rect>
 <polygon points=""158.826,144.616 158.826,85.057 218.385,85.057"" style=""fill:#F98478;"">
 </polygon>
 <polygon points=""218.385,144.616 158.826,144.616 218.385,85.057"" style=""fill:#E83E36;"">
 </polygon>
 <rect height=""39.706"" style=""fill:#FF7058;"" width=""39.706"" x=""167.812"" y=""95.402"">
 </rect>
 <polygon points=""228.834,144.616 228.834,85.057 289.438,85.057"" style=""fill:#F98478;"">
 </polygon>
 <polygon points=""289.438,144.616 228.834,144.616 289.438,85.057"" style=""fill:#E83E36;"">
 </polygon>
 <rect height=""39.706"" style=""fill:#FF7058;"" width=""39.706"" x=""238.447"" y=""94.879"">
 </rect>
 <polygon points=""299.887,144.616 299.887,85.057 359.446,85.057"" style=""fill:#F98478;"">
 </polygon>
 <polygon points=""359.446,144.616 299.887,144.616 359.446,85.057"" style=""fill:#E83E36;"">
 </polygon>
 <rect height=""39.706"" style=""fill:#FF7058;"" width=""39.706"" x=""308.946"" y=""95.381"">
 </rect>
 <polygon points=""158.826,215.669 158.826,155.065 218.385,155.065"" style=""fill:#F98478;"">
 </polygon>
 <polygon points=""218.385,215.669 158.826,215.669 218.385,155.065"" style=""fill:#E83E36;"">
 </polygon>
 <rect height=""39.706"" style=""fill:#FF7058;"" width=""39.706"" x=""168.439"" y=""165.974"">
 </rect>
 <polygon points=""228.834,215.669 228.834,155.065 289.438,155.065"" style=""fill:#F98478;"">
 </polygon>
 <polygon points=""289.438,215.669 228.834,215.669 289.438,155.065"" style=""fill:#E83E36;"">
 </polygon>
 <rect height=""39.706"" style=""fill:#FF7058;"" width=""39.706"" x=""238.938"" y=""165.410"">
 </rect>
 <polygon points=""299.887,215.669 299.887,155.065 359.446,155.065"" style=""fill:#F98478;"">
 </polygon>
 <polygon points=""359.446,215.669 299.887,215.669 359.446,155.065"" style=""fill:#E83E36;"">
 </polygon>
 <rect height=""39.706"" style=""fill:#FF7058;"" width=""39.706"" x=""309.500"" y=""165.932"">
 </rect>
 <polygon points=""158.826,285.677 158.826,226.118 218.385,226.118"" style=""fill:#F98478;"">
 </polygon>
 <polygon points=""218.385,285.677 158.826,285.677 218.385,226.118"" style=""fill:#E83E36;"">
 </polygon>
 <rect height=""39.706"" style=""fill:#FF7058;"" width=""39.706"" x=""167.885"" y=""236.525"">
 </rect>
 <polygon points=""228.834,285.677 228.834,226.118 289.438,226.118"" style=""fill:#F98478;"">
 </polygon>
 <polygon points=""289.438,285.677 228.834,285.677 289.438,226.118"" style=""fill:#E83E36;"">
 </polygon>
 <rect height=""39.706"" style=""fill:#FF7058;"" width=""39.706"" x=""238.447"" y=""235.982"">
 </rect>
 <polygon points=""299.887,285.677 299.887,226.118 359.446,226.118"" style=""fill:#F98478;"">
 </polygon>
 <polygon points=""359.446,285.677 299.887,285.677 359.446,226.118"" style=""fill:#E83E36;"">
 </polygon>
 <rect height=""39.706"" style=""fill:#FF7058;"" width=""39.706"" x=""308.978"" y=""236.463"">
 </rect>
 <path d=""M142.108,260.6v223.608c0.0,11.494,9.404,20.898,20.898,20.898h192.261c11.494,0.0,20.898,-9.404,20.898,-20.898V260.6H142.108z"" style=""fill:#F2F2F2;"">
 </path>
 <g>
  <polygon points=""142.108,260.600 135.838,260.600 110.761,294.037 142.108,344.192"" style=""fill:#ACB3BA;"">
  </polygon>
  <polygon points=""376.165,260.600 382.434,260.600 399.152,271.049 376.165,344.192"" style=""fill:#ACB3BA;"">
  </polygon>
 </g>
 <polygon points=""135.838,260.600 326.010,407.931 382.434,260.600"" style=""fill:#CDD6E0;"">
 </polygon>
</svg>


Question: What is the object in the image?",book,chocolate,phone,notebook,B,food
0,"Examine the following SVG code carefully and answer the question based on your interpretation of the rendered image.

<svg id=""Layer_1"" style=""enable-background:new 0 0 512 512;"" version=""1.1"" viewbox=""0 0 512 512"" x=""0px"" xml:space=""preserve"" y=""0px"">
 <g>
  <polygon points=""372.095,500.061 153.702,500.061 183.738,428.009 342.057,428.009"" style=""fill:#FEE187;"">
  </polygon>
  <path d=""M212.263,242.953L57.836,88.528l81.201,-53.188c24.429,-16.001,56.734,-12.671,77.384,7.979l41.051,41.051c20.649,20.649,23.982,52.955,7.979,77.384L212.263,242.953z"" style=""fill:#FEE187;"">
  </path>
 </g>
 <path d=""M433.348,227.353L409.442,106.752c16.581,-9.631,27.761,-27.575,27.761,-48.091C437.204,28.01,412.267,3.072,381.615,3.072c-25.451,0.0,-46.947,17.199,-53.513,40.58h-90.122l-10.948,-10.948c-14.481,-14.481,-33.74,-22.457,-54.232,-22.457c-14.951,0.0,-29.469,4.336,-41.988,12.536L49.611,75.971c-3.779,2.475,-6.242,6.523,-6.706,11.017c-0.464,4.494,1.123,8.957,4.317,12.153l36.882,36.882c-8.557,10.265,-13.22,23.072,-13.22,36.6c0.0,15.3,5.959,29.686,16.779,40.505c10.819,10.82,25.205,16.779,40.506,16.779c13.528,0.0,26.335,-4.663,36.6,-13.22l36.882,36.882c2.829,2.829,6.654,4.396,10.613,4.396c0.512,0.0,1.027,-0.027,1.54,-0.08c4.494,-0.464,8.54,-2.927,11.015,-6.706l53.188,-81.201c19.791,-30.215,15.617,-70.681,-9.921,-96.22l-0.087,-0.087h73.037c8.288,0.0,15.009,-6.721,15.009,-15.009c0.0,-14.101,11.471,-25.571,25.571,-25.571c14.101,0.0,25.571,11.471,25.571,25.571S395.715,84.232,381.615,84.232c-8.288,0.0,-15.009,6.721,-15.009,15.009c0.0,7.848,6.029,14.283,13.708,14.943l25.634,129.321c1.06,5.343,4.834,9.456,9.606,11.192c1.99,0.974,4.219,1.537,6.583,1.537c14.101,0.0,25.571,11.471,25.571,25.571s-11.471,25.569,-25.571,25.569s-25.571,-11.471,-25.571,-25.569c0.0,-8.288,-6.721,-15.009,-15.009,-15.009c-8.288,0.0,-15.009,6.721,-15.009,15.009c0.0,9.856,2.591,19.114,7.108,27.15L251.098,413.0h-67.358c-6.058,0.0,-11.522,3.643,-13.853,9.234l-30.038,72.053c-1.932,4.632,-1.42,9.922,1.364,14.1c2.783,4.177,7.47,6.685,12.489,6.685h218.393c0.012,0.001,0.023,0.001,0.03,0.0c8.289,0.0,15.009,-6.721,15.009,-15.009c0.0,-2.391,-0.557,-4.65,-1.552,-6.655l-29.67,-71.173c-2.332,-5.592,-7.796,-9.234,-13.853,-9.234h-44.58l97.463,-82.739c8.046,4.534,17.32,7.132,27.195,7.132c30.652,0.0,55.589,-24.936,55.589,-55.588C477.726,254.995,458.645,232.555,433.348,227.353zM128.169,199.887c-7.284,0.0,-14.131,-2.837,-19.281,-7.986s-7.985,-11.995,-7.985,-19.279c0.0,-5.492,1.612,-10.734,4.612,-15.189l37.842,37.842C138.902,198.275,133.659,199.887,128.169,199.887zM252.894,153.529l-43.073,65.759l-34.254,-34.254c-0.005,-0.005,-0.007,-0.009,-0.012,-0.014l-59.787,-59.787c-0.003,-0.003,-0.006,-0.006,-0.011,-0.009L81.503,90.968l65.758,-43.073c7.617,-4.989,16.448,-7.628,25.539,-7.628c12.473,0.0,24.195,4.852,33.006,13.664l41.053,41.053C262.397,110.523,264.938,135.146,252.894,153.529zM349.577,485.052H176.22l17.523,-42.034h138.31L349.577,485.052z"" style=""fill:#FFC61B;"">
 </path>
</svg>


Question: What is the primary color of the object?",Red,Blue,Green,Yellow,D,furniture
1,"Examine the following SVG code carefully and answer the question based on your interpretation of the rendered image.

<svg id=""Layer_1"" style=""enable-background:new 0 0 512 512;"" version=""1.1"" viewbox=""0 0 512 512"" x=""0px"" xml:space=""preserve"" y=""0px"">
 <g>
  <polygon points=""372.095,500.061 153.702,500.061 183.738,428.009 342.057,428.009"" style=""fill:#FEE187;"">
  </polygon>
  <path d=""M212.263,242.953L57.836,88.528l81.201,-53.188c24.429,-16.001,56.734,-12.671,77.384,7.979l41.051,41.051c20.649,20.649,23.982,52.955,7.979,77.384L212.263,242.953z"" style=""fill:#FEE187;"">
  </path>
 </g>
 <path d=""M433.348,227.353L409.442,106.752c16.581,-9.631,27.761,-27.575,27.761,-48.091C437.204,28.01,412.267,3.072,381.615,3.072c-25.451,0.0,-46.947,17.199,-53.513,40.58h-90.122l-10.948,-10.948c-14.481,-14.481,-33.74,-22.457,-54.232,-22.457c-14.951,0.0,-29.469,4.336,-41.988,12.536L49.611,75.971c-3.779,2.475,-6.242,6.523,-6.706,11.017c-0.464,4.494,1.123,8.957,4.317,12.153l36.882,36.882c-8.557,10.265,-13.22,23.072,-13.22,36.6c0.0,15.3,5.959,29.686,16.779,40.505c10.819,10.82,25.205,16.779,40.506,16.779c13.528,0.0,26.335,-4.663,36.6,-13.22l36.882,36.882c2.829,2.829,6.654,4.396,10.613,4.396c0.512,0.0,1.027,-0.027,1.54,-0.08c4.494,-0.464,8.54,-2.927,11.015,-6.706l53.188,-81.201c19.791,-30.215,15.617,-70.681,-9.921,-96.22l-0.087,-0.087h73.037c8.288,0.0,15.009,-6.721,15.009,-15.009c0.0,-14.101,11.471,-25.571,25.571,-25.571c14.101,0.0,25.571,11.471,25.571,25.571S395.715,84.232,381.615,84.232c-8.288,0.0,-15.009,6.721,-15.009,15.009c0.0,7.848,6.029,14.283,13.708,14.943l25.634,129.321c1.06,5.343,4.834,9.456,9.606,11.192c1.99,0.974,4.219,1.537,6.583,1.537c14.101,0.0,25.571,11.471,25.571,25.571s-11.471,25.569,-25.571,25.569s-25.571,-11.471,-25.571,-25.569c0.0,-8.288,-6.721,-15.009,-15.009,-15.009c-8.288,0.0,-15.009,6.721,-15.009,15.009c0.0,9.856,2.591,19.114,7.108,27.15L251.098,413.0h-67.358c-6.058,0.0,-11.522,3.643,-13.853,9.234l-30.038,72.053c-1.932,4.632,-1.42,9.922,1.364,14.1c2.783,4.177,7.47,6.685,12.489,6.685h218.393c0.012,0.001,0.023,0.001,0.03,0.0c8.289,0.0,15.009,-6.721,15.009,-15.009c0.0,-2.391,-0.557,-4.65,-1.552,-6.655l-29.67,-71.173c-2.332,-5.592,-7.796,-9.234,-13.853,-9.234h-44.58l97.463,-82.739c8.046,4.534,17.32,7.132,27.195,7.132c30.652,0.0,55.589,-24.936,55.589,-55.588C477.726,254.995,458.645,232.555,433.348,227.353zM128.169,199.887c-7.284,0.0,-14.131,-2.837,-19.281,-7.986s-7.985,-11.995,-7.985,-19.279c0.0,-5.492,1.612,-10.734,4.612,-15.189l37.842,37.842C138.902,198.275,133.659,199.887,128.169,199.887zM252.894,153.529l-43.073,65.759l-34.254,-34.254c-0.005,-0.005,-0.007,-0.009,-0.012,-0.014l-59.787,-59.787c-0.003,-0.003,-0.006,-0.006,-0.011,-0.009L81.503,90.968l65.758,-43.073c7.617,-4.989,16.448,-7.628,25.539,-7.628c12.473,0.0,24.195,4.852,33.006,13.664l41.053,41.053C262.397,110.523,264.938,135.146,252.894,153.529zM349.577,485.052H176.22l17.523,-42.034h138.31L349.577,485.052z"" style=""fill:#FFC61B;"">
 </path>
</svg>


Question: What shape is the base of the object?",Trapezoid,Circle,Square,Hexagon,A,furniture
2,"Examine the following SVG code carefully and answer the question based on your interpretation of the rendered image.

<svg id=""Layer_1"" style=""enable-background:new 0 0 512 512;"" version=""1.1"" viewbox=""0 0 512 512"" x=""0px"" xml:space=""preserve"" y=""0px"">
 <g>
  <polygon points=""372.095,500.061 153.702,500.061 183.738,428.009 342.057,428.009"" style=""fill:#FEE187;"">
  </polygon>
  <path d=""M212.263,242.953L57.836,88.528l81.201,-53.188c24.429,-16.001,56.734,-12.671,77.384,7.979l41.051,41.051c20.649,20.649,23.982,52.955,7.979,77.384L212.263,242.953z"" style=""fill:#FEE187;"">
  </path>
 </g>
 <path d=""M433.348,227.353L409.442,106.752c16.581,-9.631,27.761,-27.575,27.761,-48.091C437.204,28.01,412.267,3.072,381.615,3.072c-25.451,0.0,-46.947,17.199,-53.513,40.58h-90.122l-10.948,-10.948c-14.481,-14.481,-33.74,-22.457,-54.232,-22.457c-14.951,0.0,-29.469,4.336,-41.988,12.536L49.611,75.971c-3.779,2.475,-6.242,6.523,-6.706,11.017c-0.464,4.494,1.123,8.957,4.317,12.153l36.882,36.882c-8.557,10.265,-13.22,23.072,-13.22,36.6c0.0,15.3,5.959,29.686,16.779,40.505c10.819,10.82,25.205,16.779,40.506,16.779c13.528,0.0,26.335,-4.663,36.6,-13.22l36.882,36.882c2.829,2.829,6.654,4.396,10.613,4.396c0.512,0.0,1.027,-0.027,1.54,-0.08c4.494,-0.464,8.54,-2.927,11.015,-6.706l53.188,-81.201c19.791,-30.215,15.617,-70.681,-9.921,-96.22l-0.087,-0.087h73.037c8.288,0.0,15.009,-6.721,15.009,-15.009c0.0,-14.101,11.471,-25.571,25.571,-25.571c14.101,0.0,25.571,11.471,25.571,25.571S395.715,84.232,381.615,84.232c-8.288,0.0,-15.009,6.721,-15.009,15.009c0.0,7.848,6.029,14.283,13.708,14.943l25.634,129.321c1.06,5.343,4.834,9.456,9.606,11.192c1.99,0.974,4.219,1.537,6.583,1.537c14.101,0.0,25.571,11.471,25.571,25.571s-11.471,25.569,-25.571,25.569s-25.571,-11.471,-25.571,-25.569c0.0,-8.288,-6.721,-15.009,-15.009,-15.009c-8.288,0.0,-15.009,6.721,-15.009,15.009c0.0,9.856,2.591,19.114,7.108,27.15L251.098,413.0h-67.358c-6.058,0.0,-11.522,3.643,-13.853,9.234l-30.038,72.053c-1.932,4.632,-1.42,9.922,1.364,14.1c2.783,4.177,7.47,6.685,12.489,6.685h218.393c0.012,0.001,0.023,0.001,0.03,0.0c8.289,0.0,15.009,-6.721,15.009,-15.009c0.0,-2.391,-0.557,-4.65,-1.552,-6.655l-29.67,-71.173c-2.332,-5.592,-7.796,-9.234,-13.853,-9.234h-44.58l97.463,-82.739c8.046,4.534,17.32,7.132,27.195,7.132c30.652,0.0,55.589,-24.936,55.589,-55.588C477.726,254.995,458.645,232.555,433.348,227.353zM128.169,199.887c-7.284,0.0,-14.131,-2.837,-19.281,-7.986s-7.985,-11.995,-7.985,-19.279c0.0,-5.492,1.612,-10.734,4.612,-15.189l37.842,37.842C138.902,198.275,133.659,199.887,128.169,199.887zM252.894,153.529l-43.073,65.759l-34.254,-34.254c-0.005,-0.005,-0.007,-0.009,-0.012,-0.014l-59.787,-59.787c-0.003,-0.003,-0.006,-0.006,-0.011,-0.009L81.503,90.968l65.758,-43.073c7.617,-4.989,16.448,-7.628,25.539,-7.628c12.473,0.0,24.195,4.852,33.006,13.664l41.053,41.053C262.397,110.523,264.938,135.146,252.894,153.529zM349.577,485.052H176.22l17.523,-42.034h138.31L349.577,485.052z"" style=""fill:#FFC61B;"">
 </path>
</svg>


Question: How many joints does the arm of the object have?",One,Two,Three,Four,B,furniture
3,"Examine the following SVG code carefully and answer the question based on your interpretation of the rendered image.

<svg id=""Layer_1"" style=""enable-background:new 0 0 512 512;"" version=""1.1"" viewbox=""0 0 512 512"" x=""0px"" xml:space=""preserve"" y=""0px"">
 <g>
  <polygon points=""372.095,500.061 153.702,500.061 183.738,428.009 342.057,428.009"" style=""fill:#FEE187;"">
  </polygon>
  <path d=""M212.263,242.953L57.836,88.528l81.201,-53.188c24.429,-16.001,56.734,-12.671,77.384,7.979l41.051,41.051c20.649,20.649,23.982,52.955,7.979,77.384L212.263,242.953z"" style=""fill:#FEE187;"">
  </path>
 </g>
 <path d=""M433.348,227.353L409.442,106.752c16.581,-9.631,27.761,-27.575,27.761,-48.091C437.204,28.01,412.267,3.072,381.615,3.072c-25.451,0.0,-46.947,17.199,-53.513,40.58h-90.122l-10.948,-10.948c-14.481,-14.481,-33.74,-22.457,-54.232,-22.457c-14.951,0.0,-29.469,4.336,-41.988,12.536L49.611,75.971c-3.779,2.475,-6.242,6.523,-6.706,11.017c-0.464,4.494,1.123,8.957,4.317,12.153l36.882,36.882c-8.557,10.265,-13.22,23.072,-13.22,36.6c0.0,15.3,5.959,29.686,16.779,40.505c10.819,10.82,25.205,16.779,40.506,16.779c13.528,0.0,26.335,-4.663,36.6,-13.22l36.882,36.882c2.829,2.829,6.654,4.396,10.613,4.396c0.512,0.0,1.027,-0.027,1.54,-0.08c4.494,-0.464,8.54,-2.927,11.015,-6.706l53.188,-81.201c19.791,-30.215,15.617,-70.681,-9.921,-96.22l-0.087,-0.087h73.037c8.288,0.0,15.009,-6.721,15.009,-15.009c0.0,-14.101,11.471,-25.571,25.571,-25.571c14.101,0.0,25.571,11.471,25.571,25.571S395.715,84.232,381.615,84.232c-8.288,0.0,-15.009,6.721,-15.009,15.009c0.0,7.848,6.029,14.283,13.708,14.943l25.634,129.321c1.06,5.343,4.834,9.456,9.606,11.192c1.99,0.974,4.219,1.537,6.583,1.537c14.101,0.0,25.571,11.471,25.571,25.571s-11.471,25.569,-25.571,25.569s-25.571,-11.471,-25.571,-25.569c0.0,-8.288,-6.721,-15.009,-15.009,-15.009c-8.288,0.0,-15.009,6.721,-15.009,15.009c0.0,9.856,2.591,19.114,7.108,27.15L251.098,413.0h-67.358c-6.058,0.0,-11.522,3.643,-13.853,9.234l-30.038,72.053c-1.932,4.632,-1.42,9.922,1.364,14.1c2.783,4.177,7.47,6.685,12.489,6.685h218.393c0.012,0.001,0.023,0.001,0.03,0.0c8.289,0.0,15.009,-6.721,15.009,-15.009c0.0,-2.391,-0.557,-4.65,-1.552,-6.655l-29.67,-71.173c-2.332,-5.592,-7.796,-9.234,-13.853,-9.234h-44.58l97.463,-82.739c8.046,4.534,17.32,7.132,27.195,7.132c30.652,0.0,55.589,-24.936,55.589,-55.588C477.726,254.995,458.645,232.555,433.348,227.353zM128.169,199.887c-7.284,0.0,-14.131,-2.837,-19.281,-7.986s-7.985,-11.995,-7.985,-19.279c0.0,-5.492,1.612,-10.734,4.612,-15.189l37.842,37.842C138.902,198.275,133.659,199.887,128.169,199.887zM252.894,153.529l-43.073,65.759l-34.254,-34.254c-0.005,-0.005,-0.007,-0.009,-0.012,-0.014l-59.787,-59.787c-0.003,-0.003,-0.006,-0.006,-0.011,-0.009L81.503,90.968l65.758,-43.073c7.617,-4.989,16.448,-7.628,25.539,-7.628c12.473,0.0,24.195,4.852,33.006,13.664l41.053,41.053C262.397,110.523,264.938,135.146,252.894,153.529zM349.577,485.052H176.22l17.523,-42.034h138.31L349.577,485.052z"" style=""fill:#FFC61B;"">
 </path>
</svg>


Question: What is the object in the image?",table,chair,lamp,fan,C,furniture
20,"Examine the following SVG code carefully and answer the question based on your interpretation of the rendered image.

<svg id=""Layer_1"" style=""enable-background:new 0 0 512 512;"" version=""1.1"" viewbox=""0 0 512 512"" x=""0px"" xml:space=""preserve"" y=""0px"">
 <g>
  <g>
   <path d=""M446.722,182.071V163.505c0.0,-64.612,-52.566,-117.177,-117.177,-117.177H189.769c-64.612,0.0,-117.177,52.566,-117.177,117.177v18.566C34.183,184.442,3.657,216.427,3.657,255.422c0.0,29.109,17.225,55.158,43.079,66.92v151.3h73.52h30.417h217.967h30.417h73.52v-151.3C498.432,310.579,515.657,284.531,515.657,255.422C515.657,216.427,485.131,184.442,446.722,182.071zM120.256,274.115v30.417v21.875v30.417v86.4H77.153V300.053l-11.247,-3.035c-18.742,-5.057,-31.832,-22.162,-31.832,-41.596c0.0,-23.761,19.33,-43.091,43.091,-43.091c2.696,0.0,5.331,0.261,7.891,0.737c0.577,0.107,1.149,0.227,1.717,0.356c0.112,0.025,0.222,0.051,0.333,0.077c0.485,0.114,0.965,0.237,1.443,0.367c0.225,0.062,0.449,0.127,0.673,0.192c0.37,0.107,0.739,0.218,1.104,0.334c0.393,0.127,0.785,0.261,1.173,0.397c0.2,0.07,0.401,0.138,0.6,0.211c12.454,4.616,22.213,14.831,26.2,27.574c0.024,0.079,0.047,0.159,0.071,0.239c0.168,0.551,0.326,1.105,0.474,1.665c0.052,0.197,0.098,0.395,0.147,0.594c0.11,0.448,0.216,0.898,0.313,1.353c0.053,0.245,0.101,0.491,0.149,0.737c0.081,0.417,0.156,0.835,0.225,1.257c0.044,0.265,0.086,0.529,0.125,0.796c0.061,0.419,0.113,0.84,0.161,1.262c0.03,0.263,0.063,0.525,0.088,0.789c0.044,0.458,0.076,0.921,0.105,1.383c0.014,0.228,0.034,0.455,0.046,0.684c0.033,0.692,0.053,1.386,0.053,2.086V274.115zM368.64,443.225H150.674v-86.4h217.967V443.225zM368.64,326.408H150.674v-21.874h217.967V326.408zM371.979,233.498c-0.036,0.116,-0.069,0.233,-0.104,0.349c-0.286,0.933,-0.554,1.874,-0.803,2.821c-0.073,0.277,-0.144,0.555,-0.214,0.833c-0.215,0.856,-0.413,1.716,-0.597,2.582c-0.054,0.251,-0.113,0.502,-0.163,0.754c-0.22,1.091,-0.419,2.188,-0.59,3.295c-0.03,0.196,-0.053,0.394,-0.081,0.591c-0.133,0.907,-0.249,1.82,-0.349,2.738c-0.04,0.362,-0.072,0.725,-0.106,1.088c-0.075,0.803,-0.136,1.61,-0.185,2.419c-0.021,0.346,-0.045,0.69,-0.061,1.037c-0.052,1.134,-0.086,2.271,-0.086,3.416v18.694h-32.936V148.117h-30.417v125.999h-30.421V148.117h-30.417v125.999H214.027V148.117h-30.417v125.999h-32.936v-18.694c0.0,-1.145,-0.034,-2.282,-0.086,-3.416c-0.016,-0.347,-0.041,-0.691,-0.061,-1.037c-0.049,-0.81,-0.109,-1.616,-0.185,-2.419c-0.033,-0.363,-0.067,-0.726,-0.106,-1.088c-0.099,-0.918,-0.216,-1.829,-0.349,-2.738c-0.028,-0.197,-0.051,-0.395,-0.081,-0.591c-0.171,-1.106,-0.37,-2.204,-0.59,-3.295c-0.052,-0.253,-0.109,-0.502,-0.163,-0.754c-0.185,-0.866,-0.383,-1.727,-0.597,-2.582c-0.07,-0.279,-0.141,-0.557,-0.214,-0.833c-0.25,-0.948,-0.517,-1.89,-0.804,-2.824c-0.035,-0.115,-0.067,-0.23,-0.103,-0.345c-6.699,-21.455,-22.989,-38.92,-44.326,-46.902V163.505c0.0,-47.84,38.921,-86.76,86.76,-86.76h139.776c47.84,0.0,86.76,38.921,86.76,86.76v23.092C394.969,194.579,378.678,212.044,371.979,233.498zM453.407,297.018l-11.247,3.035V443.225H399.057v-86.4v-30.417v-21.874v-30.417v-18.694c0.0,-0.7,0.02,-1.394,0.053,-2.086c0.011,-0.229,0.031,-0.456,0.046,-0.684c0.029,-0.462,0.062,-0.925,0.105,-1.383c0.025,-0.264,0.058,-0.526,0.088,-0.789c0.049,-0.423,0.1,-0.844,0.161,-1.262c0.039,-0.266,0.081,-0.531,0.125,-0.796c0.069,-0.421,0.144,-0.84,0.225,-1.257c0.048,-0.246,0.096,-0.493,0.149,-0.737c0.096,-0.454,0.202,-0.904,0.313,-1.353c0.049,-0.198,0.095,-0.396,0.147,-0.594c0.147,-0.56,0.305,-1.114,0.474,-1.665c0.024,-0.079,0.046,-0.159,0.071,-0.239c3.988,-12.743,13.747,-22.958,26.2,-27.574c0.199,-0.073,0.399,-0.141,0.6,-0.211c0.389,-0.138,0.78,-0.272,1.173,-0.397c0.366,-0.117,0.734,-0.227,1.104,-0.334c0.224,-0.065,0.448,-0.13,0.673,-0.192c0.478,-0.13,0.958,-0.253,1.443,-0.367c0.111,-0.026,0.222,-0.052,0.333,-0.077c0.568,-0.129,1.14,-0.249,1.717,-0.356c2.56,-0.477,5.195,-0.737,7.891,-0.737c23.761,0.0,43.091,19.33,43.091,43.091C485.24,274.856,472.149,291.961,453.407,297.018z"">
   </path>
  </g>
 </g>
</svg>


Question: What shape are the armrests of the object?",Circular,Rectangular,Triangular,Hexagonal,A,furniture
21,"Examine the following SVG code carefully and answer the question based on your interpretation of the rendered image.

<svg id=""Layer_1"" style=""enable-background:new 0 0 512 512;"" version=""1.1"" viewbox=""0 0 512 512"" x=""0px"" xml:space=""preserve"" y=""0px"">
 <g>
  <g>
   <path d=""M446.722,182.071V163.505c0.0,-64.612,-52.566,-117.177,-117.177,-117.177H189.769c-64.612,0.0,-117.177,52.566,-117.177,117.177v18.566C34.183,184.442,3.657,216.427,3.657,255.422c0.0,29.109,17.225,55.158,43.079,66.92v151.3h73.52h30.417h217.967h30.417h73.52v-151.3C498.432,310.579,515.657,284.531,515.657,255.422C515.657,216.427,485.131,184.442,446.722,182.071zM120.256,274.115v30.417v21.875v30.417v86.4H77.153V300.053l-11.247,-3.035c-18.742,-5.057,-31.832,-22.162,-31.832,-41.596c0.0,-23.761,19.33,-43.091,43.091,-43.091c2.696,0.0,5.331,0.261,7.891,0.737c0.577,0.107,1.149,0.227,1.717,0.356c0.112,0.025,0.222,0.051,0.333,0.077c0.485,0.114,0.965,0.237,1.443,0.367c0.225,0.062,0.449,0.127,0.673,0.192c0.37,0.107,0.739,0.218,1.104,0.334c0.393,0.127,0.785,0.261,1.173,0.397c0.2,0.07,0.401,0.138,0.6,0.211c12.454,4.616,22.213,14.831,26.2,27.574c0.024,0.079,0.047,0.159,0.071,0.239c0.168,0.551,0.326,1.105,0.474,1.665c0.052,0.197,0.098,0.395,0.147,0.594c0.11,0.448,0.216,0.898,0.313,1.353c0.053,0.245,0.101,0.491,0.149,0.737c0.081,0.417,0.156,0.835,0.225,1.257c0.044,0.265,0.086,0.529,0.125,0.796c0.061,0.419,0.113,0.84,0.161,1.262c0.03,0.263,0.063,0.525,0.088,0.789c0.044,0.458,0.076,0.921,0.105,1.383c0.014,0.228,0.034,0.455,0.046,0.684c0.033,0.692,0.053,1.386,0.053,2.086V274.115zM368.64,443.225H150.674v-86.4h217.967V443.225zM368.64,326.408H150.674v-21.874h217.967V326.408zM371.979,233.498c-0.036,0.116,-0.069,0.233,-0.104,0.349c-0.286,0.933,-0.554,1.874,-0.803,2.821c-0.073,0.277,-0.144,0.555,-0.214,0.833c-0.215,0.856,-0.413,1.716,-0.597,2.582c-0.054,0.251,-0.113,0.502,-0.163,0.754c-0.22,1.091,-0.419,2.188,-0.59,3.295c-0.03,0.196,-0.053,0.394,-0.081,0.591c-0.133,0.907,-0.249,1.82,-0.349,2.738c-0.04,0.362,-0.072,0.725,-0.106,1.088c-0.075,0.803,-0.136,1.61,-0.185,2.419c-0.021,0.346,-0.045,0.69,-0.061,1.037c-0.052,1.134,-0.086,2.271,-0.086,3.416v18.694h-32.936V148.117h-30.417v125.999h-30.421V148.117h-30.417v125.999H214.027V148.117h-30.417v125.999h-32.936v-18.694c0.0,-1.145,-0.034,-2.282,-0.086,-3.416c-0.016,-0.347,-0.041,-0.691,-0.061,-1.037c-0.049,-0.81,-0.109,-1.616,-0.185,-2.419c-0.033,-0.363,-0.067,-0.726,-0.106,-1.088c-0.099,-0.918,-0.216,-1.829,-0.349,-2.738c-0.028,-0.197,-0.051,-0.395,-0.081,-0.591c-0.171,-1.106,-0.37,-2.204,-0.59,-3.295c-0.052,-0.253,-0.109,-0.502,-0.163,-0.754c-0.185,-0.866,-0.383,-1.727,-0.597,-2.582c-0.07,-0.279,-0.141,-0.557,-0.214,-0.833c-0.25,-0.948,-0.517,-1.89,-0.804,-2.824c-0.035,-0.115,-0.067,-0.23,-0.103,-0.345c-6.699,-21.455,-22.989,-38.92,-44.326,-46.902V163.505c0.0,-47.84,38.921,-86.76,86.76,-86.76h139.776c47.84,0.0,86.76,38.921,86.76,86.76v23.092C394.969,194.579,378.678,212.044,371.979,233.498zM453.407,297.018l-11.247,3.035V443.225H399.057v-86.4v-30.417v-21.874v-30.417v-18.694c0.0,-0.7,0.02,-1.394,0.053,-2.086c0.011,-0.229,0.031,-0.456,0.046,-0.684c0.029,-0.462,0.062,-0.925,0.105,-1.383c0.025,-0.264,0.058,-0.526,0.088,-0.789c0.049,-0.423,0.1,-0.844,0.161,-1.262c0.039,-0.266,0.081,-0.531,0.125,-0.796c0.069,-0.421,0.144,-0.84,0.225,-1.257c0.048,-0.246,0.096,-0.493,0.149,-0.737c0.096,-0.454,0.202,-0.904,0.313,-1.353c0.049,-0.198,0.095,-0.396,0.147,-0.594c0.147,-0.56,0.305,-1.114,0.474,-1.665c0.024,-0.079,0.046,-0.159,0.071,-0.239c3.988,-12.743,13.747,-22.958,26.2,-27.574c0.199,-0.073,0.399,-0.141,0.6,-0.211c0.389,-0.138,0.78,-0.272,1.173,-0.397c0.366,-0.117,0.734,-0.227,1.104,-0.334c0.224,-0.065,0.448,-0.13,0.673,-0.192c0.478,-0.13,0.958,-0.253,1.443,-0.367c0.111,-0.026,0.222,-0.052,0.333,-0.077c0.568,-0.129,1.14,-0.249,1.717,-0.356c2.56,-0.477,5.195,-0.737,7.891,-0.737c23.761,0.0,43.091,19.33,43.091,43.091C485.24,274.856,472.149,291.961,453.407,297.018z"">
   </path>
  </g>
 </g>
</svg>


Question: How many vertical bars are present in the backrest of the object?",Two,Three,Four,Five,B,furniture
22,"Examine the following SVG code carefully and answer the question based on your interpretation of the rendered image.

<svg id=""Layer_1"" style=""enable-background:new 0 0 512 512;"" version=""1.1"" viewbox=""0 0 512 512"" x=""0px"" xml:space=""preserve"" y=""0px"">
 <g>
  <g>
   <path d=""M446.722,182.071V163.505c0.0,-64.612,-52.566,-117.177,-117.177,-117.177H189.769c-64.612,0.0,-117.177,52.566,-117.177,117.177v18.566C34.183,184.442,3.657,216.427,3.657,255.422c0.0,29.109,17.225,55.158,43.079,66.92v151.3h73.52h30.417h217.967h30.417h73.52v-151.3C498.432,310.579,515.657,284.531,515.657,255.422C515.657,216.427,485.131,184.442,446.722,182.071zM120.256,274.115v30.417v21.875v30.417v86.4H77.153V300.053l-11.247,-3.035c-18.742,-5.057,-31.832,-22.162,-31.832,-41.596c0.0,-23.761,19.33,-43.091,43.091,-43.091c2.696,0.0,5.331,0.261,7.891,0.737c0.577,0.107,1.149,0.227,1.717,0.356c0.112,0.025,0.222,0.051,0.333,0.077c0.485,0.114,0.965,0.237,1.443,0.367c0.225,0.062,0.449,0.127,0.673,0.192c0.37,0.107,0.739,0.218,1.104,0.334c0.393,0.127,0.785,0.261,1.173,0.397c0.2,0.07,0.401,0.138,0.6,0.211c12.454,4.616,22.213,14.831,26.2,27.574c0.024,0.079,0.047,0.159,0.071,0.239c0.168,0.551,0.326,1.105,0.474,1.665c0.052,0.197,0.098,0.395,0.147,0.594c0.11,0.448,0.216,0.898,0.313,1.353c0.053,0.245,0.101,0.491,0.149,0.737c0.081,0.417,0.156,0.835,0.225,1.257c0.044,0.265,0.086,0.529,0.125,0.796c0.061,0.419,0.113,0.84,0.161,1.262c0.03,0.263,0.063,0.525,0.088,0.789c0.044,0.458,0.076,0.921,0.105,1.383c0.014,0.228,0.034,0.455,0.046,0.684c0.033,0.692,0.053,1.386,0.053,2.086V274.115zM368.64,443.225H150.674v-86.4h217.967V443.225zM368.64,326.408H150.674v-21.874h217.967V326.408zM371.979,233.498c-0.036,0.116,-0.069,0.233,-0.104,0.349c-0.286,0.933,-0.554,1.874,-0.803,2.821c-0.073,0.277,-0.144,0.555,-0.214,0.833c-0.215,0.856,-0.413,1.716,-0.597,2.582c-0.054,0.251,-0.113,0.502,-0.163,0.754c-0.22,1.091,-0.419,2.188,-0.59,3.295c-0.03,0.196,-0.053,0.394,-0.081,0.591c-0.133,0.907,-0.249,1.82,-0.349,2.738c-0.04,0.362,-0.072,0.725,-0.106,1.088c-0.075,0.803,-0.136,1.61,-0.185,2.419c-0.021,0.346,-0.045,0.69,-0.061,1.037c-0.052,1.134,-0.086,2.271,-0.086,3.416v18.694h-32.936V148.117h-30.417v125.999h-30.421V148.117h-30.417v125.999H214.027V148.117h-30.417v125.999h-32.936v-18.694c0.0,-1.145,-0.034,-2.282,-0.086,-3.416c-0.016,-0.347,-0.041,-0.691,-0.061,-1.037c-0.049,-0.81,-0.109,-1.616,-0.185,-2.419c-0.033,-0.363,-0.067,-0.726,-0.106,-1.088c-0.099,-0.918,-0.216,-1.829,-0.349,-2.738c-0.028,-0.197,-0.051,-0.395,-0.081,-0.591c-0.171,-1.106,-0.37,-2.204,-0.59,-3.295c-0.052,-0.253,-0.109,-0.502,-0.163,-0.754c-0.185,-0.866,-0.383,-1.727,-0.597,-2.582c-0.07,-0.279,-0.141,-0.557,-0.214,-0.833c-0.25,-0.948,-0.517,-1.89,-0.804,-2.824c-0.035,-0.115,-0.067,-0.23,-0.103,-0.345c-6.699,-21.455,-22.989,-38.92,-44.326,-46.902V163.505c0.0,-47.84,38.921,-86.76,86.76,-86.76h139.776c47.84,0.0,86.76,38.921,86.76,86.76v23.092C394.969,194.579,378.678,212.044,371.979,233.498zM453.407,297.018l-11.247,3.035V443.225H399.057v-86.4v-30.417v-21.874v-30.417v-18.694c0.0,-0.7,0.02,-1.394,0.053,-2.086c0.011,-0.229,0.031,-0.456,0.046,-0.684c0.029,-0.462,0.062,-0.925,0.105,-1.383c0.025,-0.264,0.058,-0.526,0.088,-0.789c0.049,-0.423,0.1,-0.844,0.161,-1.262c0.039,-0.266,0.081,-0.531,0.125,-0.796c0.069,-0.421,0.144,-0.84,0.225,-1.257c0.048,-0.246,0.096,-0.493,0.149,-0.737c0.096,-0.454,0.202,-0.904,0.313,-1.353c0.049,-0.198,0.095,-0.396,0.147,-0.594c0.147,-0.56,0.305,-1.114,0.474,-1.665c0.024,-0.079,0.046,-0.159,0.071,-0.239c3.988,-12.743,13.747,-22.958,26.2,-27.574c0.199,-0.073,0.399,-0.141,0.6,-0.211c0.389,-0.138,0.78,-0.272,1.173,-0.397c0.366,-0.117,0.734,-0.227,1.104,-0.334c0.224,-0.065,0.448,-0.13,0.673,-0.192c0.478,-0.13,0.958,-0.253,1.443,-0.367c0.111,-0.026,0.222,-0.052,0.333,-0.077c0.568,-0.129,1.14,-0.249,1.717,-0.356c2.56,-0.477,5.195,-0.737,7.891,-0.737c23.761,0.0,43.091,19.33,43.091,43.091C485.24,274.856,472.149,291.961,453.407,297.018z"">
   </path>
  </g>
 </g>
</svg>


Question: What is the shape of the seat of the object?",Square,Circular,Triangular,Oval,A,furniture
23,"Examine the following SVG code carefully and answer the question based on your interpretation of the rendered image.

<svg id=""Layer_1"" style=""enable-background:new 0 0 512 512;"" version=""1.1"" viewbox=""0 0 512 512"" x=""0px"" xml:space=""preserve"" y=""0px"">
 <g>
  <g>
   <path d=""M446.722,182.071V163.505c0.0,-64.612,-52.566,-117.177,-117.177,-117.177H189.769c-64.612,0.0,-117.177,52.566,-117.177,117.177v18.566C34.183,184.442,3.657,216.427,3.657,255.422c0.0,29.109,17.225,55.158,43.079,66.92v151.3h73.52h30.417h217.967h30.417h73.52v-151.3C498.432,310.579,515.657,284.531,515.657,255.422C515.657,216.427,485.131,184.442,446.722,182.071zM120.256,274.115v30.417v21.875v30.417v86.4H77.153V300.053l-11.247,-3.035c-18.742,-5.057,-31.832,-22.162,-31.832,-41.596c0.0,-23.761,19.33,-43.091,43.091,-43.091c2.696,0.0,5.331,0.261,7.891,0.737c0.577,0.107,1.149,0.227,1.717,0.356c0.112,0.025,0.222,0.051,0.333,0.077c0.485,0.114,0.965,0.237,1.443,0.367c0.225,0.062,0.449,0.127,0.673,0.192c0.37,0.107,0.739,0.218,1.104,0.334c0.393,0.127,0.785,0.261,1.173,0.397c0.2,0.07,0.401,0.138,0.6,0.211c12.454,4.616,22.213,14.831,26.2,27.574c0.024,0.079,0.047,0.159,0.071,0.239c0.168,0.551,0.326,1.105,0.474,1.665c0.052,0.197,0.098,0.395,0.147,0.594c0.11,0.448,0.216,0.898,0.313,1.353c0.053,0.245,0.101,0.491,0.149,0.737c0.081,0.417,0.156,0.835,0.225,1.257c0.044,0.265,0.086,0.529,0.125,0.796c0.061,0.419,0.113,0.84,0.161,1.262c0.03,0.263,0.063,0.525,0.088,0.789c0.044,0.458,0.076,0.921,0.105,1.383c0.014,0.228,0.034,0.455,0.046,0.684c0.033,0.692,0.053,1.386,0.053,2.086V274.115zM368.64,443.225H150.674v-86.4h217.967V443.225zM368.64,326.408H150.674v-21.874h217.967V326.408zM371.979,233.498c-0.036,0.116,-0.069,0.233,-0.104,0.349c-0.286,0.933,-0.554,1.874,-0.803,2.821c-0.073,0.277,-0.144,0.555,-0.214,0.833c-0.215,0.856,-0.413,1.716,-0.597,2.582c-0.054,0.251,-0.113,0.502,-0.163,0.754c-0.22,1.091,-0.419,2.188,-0.59,3.295c-0.03,0.196,-0.053,0.394,-0.081,0.591c-0.133,0.907,-0.249,1.82,-0.349,2.738c-0.04,0.362,-0.072,0.725,-0.106,1.088c-0.075,0.803,-0.136,1.61,-0.185,2.419c-0.021,0.346,-0.045,0.69,-0.061,1.037c-0.052,1.134,-0.086,2.271,-0.086,3.416v18.694h-32.936V148.117h-30.417v125.999h-30.421V148.117h-30.417v125.999H214.027V148.117h-30.417v125.999h-32.936v-18.694c0.0,-1.145,-0.034,-2.282,-0.086,-3.416c-0.016,-0.347,-0.041,-0.691,-0.061,-1.037c-0.049,-0.81,-0.109,-1.616,-0.185,-2.419c-0.033,-0.363,-0.067,-0.726,-0.106,-1.088c-0.099,-0.918,-0.216,-1.829,-0.349,-2.738c-0.028,-0.197,-0.051,-0.395,-0.081,-0.591c-0.171,-1.106,-0.37,-2.204,-0.59,-3.295c-0.052,-0.253,-0.109,-0.502,-0.163,-0.754c-0.185,-0.866,-0.383,-1.727,-0.597,-2.582c-0.07,-0.279,-0.141,-0.557,-0.214,-0.833c-0.25,-0.948,-0.517,-1.89,-0.804,-2.824c-0.035,-0.115,-0.067,-0.23,-0.103,-0.345c-6.699,-21.455,-22.989,-38.92,-44.326,-46.902V163.505c0.0,-47.84,38.921,-86.76,86.76,-86.76h139.776c47.84,0.0,86.76,38.921,86.76,86.76v23.092C394.969,194.579,378.678,212.044,371.979,233.498zM453.407,297.018l-11.247,3.035V443.225H399.057v-86.4v-30.417v-21.874v-30.417v-18.694c0.0,-0.7,0.02,-1.394,0.053,-2.086c0.011,-0.229,0.031,-0.456,0.046,-0.684c0.029,-0.462,0.062,-0.925,0.105,-1.383c0.025,-0.264,0.058,-0.526,0.088,-0.789c0.049,-0.423,0.1,-0.844,0.161,-1.262c0.039,-0.266,0.081,-0.531,0.125,-0.796c0.069,-0.421,0.144,-0.84,0.225,-1.257c0.048,-0.246,0.096,-0.493,0.149,-0.737c0.096,-0.454,0.202,-0.904,0.313,-1.353c0.049,-0.198,0.095,-0.396,0.147,-0.594c0.147,-0.56,0.305,-1.114,0.474,-1.665c0.024,-0.079,0.046,-0.159,0.071,-0.239c3.988,-12.743,13.747,-22.958,26.2,-27.574c0.199,-0.073,0.399,-0.141,0.6,-0.211c0.389,-0.138,0.78,-0.272,1.173,-0.397c0.366,-0.117,0.734,-0.227,1.104,-0.334c0.224,-0.065,0.448,-0.13,0.673,-0.192c0.478,-0.13,0.958,-0.253,1.443,-0.367c0.111,-0.026,0.222,-0.052,0.333,-0.077c0.568,-0.129,1.14,-0.249,1.717,-0.356c2.56,-0.477,5.195,-0.737,7.891,-0.737c23.761,0.0,43.091,19.33,43.091,43.091C485.24,274.856,472.149,291.961,453.407,297.018z"">
   </path>
  </g>
 </g>
</svg>


Question: What type of object is depicted in the image?",Table,Chair,Bed,Sofa,D,furniture
24,"Examine the following SVG code carefully and answer the question based on your interpretation of the rendered image.

<svg id=""Layer_1"" style=""enable-background:new 0 0 511.996 511.996;"" version=""1.1"" viewbox=""0 0 511.996 511.996"" x=""0px"" xml:space=""preserve"" y=""0px"">
 <path d=""M282.511,225.959c-2.7,4.811,-5.542,9.504,-8.501,14.067c-2.618,4.033,-5.33,7.971,-8.136,11.803H109.136c-2.771,-3.797,-5.459,-7.676,-8.041,-11.661c-2.995,-4.61,-5.86,-9.339,-8.596,-14.208c22.792,-40.538,54.463,-72.185,94.989,-95.0c0.012,-0.012,0.012,-0.012,0.012,-0.012C228.037,153.762,259.708,185.421,282.511,225.959z"" style=""fill:#CFDCE5;"">
 </path>
 <g>
  <path d=""M142.406,251.824h-33.274c-5.99,-8.183,-11.532,-16.802,-16.637,-25.87c22.792,-40.538,54.463,-72.185,94.989,-95.0C186.669,132.074,128.351,212.265,142.406,251.824z"" style=""fill:#BAC6CC;"">
  </path>
  <path d=""M274.01,240.026c-2.618,4.033,-5.33,7.971,-8.136,11.803H109.136c-2.771,-3.797,-5.459,-7.676,-8.041,-11.661c1.238,-0.094,2.5,-0.141,3.773,-0.141H274.01z"" style=""fill:#BAC6CC;"">
  </path>
 </g>
 <path d=""M55.343,302.656h406.695v-1.317c0.0,-27.349,-22.171,-49.52,-49.52,-49.52H104.863c-27.349,0.0,-49.52,22.171,-49.52,49.52V302.656z"" style=""fill:#CFDCE5;"">
 </path>
 <g>
  <path d=""M152.568,251.819h-47.705c-27.349,0.0,-49.52,22.171,-49.52,49.52v1.317h47.705v-1.317C103.048,273.99,125.219,251.819,152.568,251.819z"" style=""fill:#BAC6CC;"">
  </path>
  <path d=""M364.813,251.819h47.705c27.349,0.0,49.52,22.171,49.52,49.52v1.317h-47.705v-1.317C414.333,273.99,392.162,251.819,364.813,251.819z"" style=""fill:#BAC6CC;"">
  </path>
 </g>
 <g>
  <rect height=""359.485"" style=""fill:#FCD577;"" width=""52.653"" x=""2.6901689123509565"" y=""81.197"">
  </rect>
  <rect height=""232.284"" style=""fill:#FCD577;"" width=""52.653"" x=""462.034"" y=""208.410"">
  </rect>
  <rect height=""115.364"" style=""fill:#FCD577;"" width=""431.564"" x=""42.909"" y=""287.198"">
  </rect>
 </g>
 <g>
  <rect height=""115.364"" style=""fill:#EAC36E;"" width=""18.224"" x=""443.816"" y=""287.198"">
  </rect>
  <rect height=""115.364"" style=""fill:#EAC36E;"" width=""6.952"" x=""55.343"" y=""287.198"">
  </rect>
 </g>
</svg>


Question: What is the primary color of the bed frame in the image?",Red,Blue,Yellow,Green,C,furniture
25,"Examine the following SVG code carefully and answer the question based on your interpretation of the rendered image.

<svg id=""Layer_1"" style=""enable-background:new 0 0 511.996 511.996;"" version=""1.1"" viewbox=""0 0 511.996 511.996"" x=""0px"" xml:space=""preserve"" y=""0px"">
 <path d=""M282.511,225.959c-2.7,4.811,-5.542,9.504,-8.501,14.067c-2.618,4.033,-5.33,7.971,-8.136,11.803H109.136c-2.771,-3.797,-5.459,-7.676,-8.041,-11.661c-2.995,-4.61,-5.86,-9.339,-8.596,-14.208c22.792,-40.538,54.463,-72.185,94.989,-95.0c0.012,-0.012,0.012,-0.012,0.012,-0.012C228.037,153.762,259.708,185.421,282.511,225.959z"" style=""fill:#CFDCE5;"">
 </path>
 <g>
  <path d=""M142.406,251.824h-33.274c-5.99,-8.183,-11.532,-16.802,-16.637,-25.87c22.792,-40.538,54.463,-72.185,94.989,-95.0C186.669,132.074,128.351,212.265,142.406,251.824z"" style=""fill:#BAC6CC;"">
  </path>
  <path d=""M274.01,240.026c-2.618,4.033,-5.33,7.971,-8.136,11.803H109.136c-2.771,-3.797,-5.459,-7.676,-8.041,-11.661c1.238,-0.094,2.5,-0.141,3.773,-0.141H274.01z"" style=""fill:#BAC6CC;"">
  </path>
 </g>
 <path d=""M55.343,302.656h406.695v-1.317c0.0,-27.349,-22.171,-49.52,-49.52,-49.52H104.863c-27.349,0.0,-49.52,22.171,-49.52,49.52V302.656z"" style=""fill:#CFDCE5;"">
 </path>
 <g>
  <path d=""M152.568,251.819h-47.705c-27.349,0.0,-49.52,22.171,-49.52,49.52v1.317h47.705v-1.317C103.048,273.99,125.219,251.819,152.568,251.819z"" style=""fill:#BAC6CC;"">
  </path>
  <path d=""M364.813,251.819h47.705c27.349,0.0,49.52,22.171,49.52,49.52v1.317h-47.705v-1.317C414.333,273.99,392.162,251.819,364.813,251.819z"" style=""fill:#BAC6CC;"">
  </path>
 </g>
 <g>
  <rect height=""359.485"" style=""fill:#FCD577;"" width=""52.653"" x=""2.6901689123509565"" y=""81.197"">
  </rect>
  <rect height=""232.284"" style=""fill:#FCD577;"" width=""52.653"" x=""462.034"" y=""208.410"">
  </rect>
  <rect height=""115.364"" style=""fill:#FCD577;"" width=""431.564"" x=""42.909"" y=""287.198"">
  </rect>
 </g>
 <g>
  <rect height=""115.364"" style=""fill:#EAC36E;"" width=""18.224"" x=""443.816"" y=""287.198"">
  </rect>
  <rect height=""115.364"" style=""fill:#EAC36E;"" width=""6.952"" x=""55.343"" y=""287.198"">
  </rect>
 </g>
</svg>


Question: What shape is the pillow in the image?",Square,Circular,Triangular,Rectangular,C,furniture
26,"Examine the following SVG code carefully and answer the question based on your interpretation of the rendered image.

<svg id=""Layer_1"" style=""enable-background:new 0 0 511.996 511.996;"" version=""1.1"" viewbox=""0 0 511.996 511.996"" x=""0px"" xml:space=""preserve"" y=""0px"">
 <path d=""M282.511,225.959c-2.7,4.811,-5.542,9.504,-8.501,14.067c-2.618,4.033,-5.33,7.971,-8.136,11.803H109.136c-2.771,-3.797,-5.459,-7.676,-8.041,-11.661c-2.995,-4.61,-5.86,-9.339,-8.596,-14.208c22.792,-40.538,54.463,-72.185,94.989,-95.0c0.012,-0.012,0.012,-0.012,0.012,-0.012C228.037,153.762,259.708,185.421,282.511,225.959z"" style=""fill:#CFDCE5;"">
 </path>
 <g>
  <path d=""M142.406,251.824h-33.274c-5.99,-8.183,-11.532,-16.802,-16.637,-25.87c22.792,-40.538,54.463,-72.185,94.989,-95.0C186.669,132.074,128.351,212.265,142.406,251.824z"" style=""fill:#BAC6CC;"">
  </path>
  <path d=""M274.01,240.026c-2.618,4.033,-5.33,7.971,-8.136,11.803H109.136c-2.771,-3.797,-5.459,-7.676,-8.041,-11.661c1.238,-0.094,2.5,-0.141,3.773,-0.141H274.01z"" style=""fill:#BAC6CC;"">
  </path>
 </g>
 <path d=""M55.343,302.656h406.695v-1.317c0.0,-27.349,-22.171,-49.52,-49.52,-49.52H104.863c-27.349,0.0,-49.52,22.171,-49.52,49.52V302.656z"" style=""fill:#CFDCE5;"">
 </path>
 <g>
  <path d=""M152.568,251.819h-47.705c-27.349,0.0,-49.52,22.171,-49.52,49.52v1.317h47.705v-1.317C103.048,273.99,125.219,251.819,152.568,251.819z"" style=""fill:#BAC6CC;"">
  </path>
  <path d=""M364.813,251.819h47.705c27.349,0.0,49.52,22.171,49.52,49.52v1.317h-47.705v-1.317C414.333,273.99,392.162,251.819,364.813,251.819z"" style=""fill:#BAC6CC;"">
  </path>
 </g>
 <g>
  <rect height=""359.485"" style=""fill:#FCD577;"" width=""52.653"" x=""2.6901689123509565"" y=""81.197"">
  </rect>
  <rect height=""232.284"" style=""fill:#FCD577;"" width=""52.653"" x=""462.034"" y=""208.410"">
  </rect>
  <rect height=""115.364"" style=""fill:#FCD577;"" width=""431.564"" x=""42.909"" y=""287.198"">
  </rect>
 </g>
 <g>
  <rect height=""115.364"" style=""fill:#EAC36E;"" width=""18.224"" x=""443.816"" y=""287.198"">
  </rect>
  <rect height=""115.364"" style=""fill:#EAC36E;"" width=""6.952"" x=""55.343"" y=""287.198"">
  </rect>
 </g>
</svg>


Question: How many vertical posts are visible in the image?",One,Two,Three,Four,B,furniture
27,"Examine the following SVG code carefully and answer the question based on your interpretation of the rendered image.

<svg id=""Layer_1"" style=""enable-background:new 0 0 511.996 511.996;"" version=""1.1"" viewbox=""0 0 511.996 511.996"" x=""0px"" xml:space=""preserve"" y=""0px"">
 <path d=""M282.511,225.959c-2.7,4.811,-5.542,9.504,-8.501,14.067c-2.618,4.033,-5.33,7.971,-8.136,11.803H109.136c-2.771,-3.797,-5.459,-7.676,-8.041,-11.661c-2.995,-4.61,-5.86,-9.339,-8.596,-14.208c22.792,-40.538,54.463,-72.185,94.989,-95.0c0.012,-0.012,0.012,-0.012,0.012,-0.012C228.037,153.762,259.708,185.421,282.511,225.959z"" style=""fill:#CFDCE5;"">
 </path>
 <g>
  <path d=""M142.406,251.824h-33.274c-5.99,-8.183,-11.532,-16.802,-16.637,-25.87c22.792,-40.538,54.463,-72.185,94.989,-95.0C186.669,132.074,128.351,212.265,142.406,251.824z"" style=""fill:#BAC6CC;"">
  </path>
  <path d=""M274.01,240.026c-2.618,4.033,-5.33,7.971,-8.136,11.803H109.136c-2.771,-3.797,-5.459,-7.676,-8.041,-11.661c1.238,-0.094,2.5,-0.141,3.773,-0.141H274.01z"" style=""fill:#BAC6CC;"">
  </path>
 </g>
 <path d=""M55.343,302.656h406.695v-1.317c0.0,-27.349,-22.171,-49.52,-49.52,-49.52H104.863c-27.349,0.0,-49.52,22.171,-49.52,49.52V302.656z"" style=""fill:#CFDCE5;"">
 </path>
 <g>
  <path d=""M152.568,251.819h-47.705c-27.349,0.0,-49.52,22.171,-49.52,49.52v1.317h47.705v-1.317C103.048,273.99,125.219,251.819,152.568,251.819z"" style=""fill:#BAC6CC;"">
  </path>
  <path d=""M364.813,251.819h47.705c27.349,0.0,49.52,22.171,49.52,49.52v1.317h-47.705v-1.317C414.333,273.99,392.162,251.819,364.813,251.819z"" style=""fill:#BAC6CC;"">
  </path>
 </g>
 <g>
  <rect height=""359.485"" style=""fill:#FCD577;"" width=""52.653"" x=""2.6901689123509565"" y=""81.197"">
  </rect>
  <rect height=""232.284"" style=""fill:#FCD577;"" width=""52.653"" x=""462.034"" y=""208.410"">
  </rect>
  <rect height=""115.364"" style=""fill:#FCD577;"" width=""431.564"" x=""42.909"" y=""287.198"">
  </rect>
 </g>
 <g>
  <rect height=""115.364"" style=""fill:#EAC36E;"" width=""18.224"" x=""443.816"" y=""287.198"">
  </rect>
  <rect height=""115.364"" style=""fill:#EAC36E;"" width=""6.952"" x=""55.343"" y=""287.198"">
  </rect>
 </g>
</svg>


Question: What is the object in the image?",Chair,Table,Sofa,Bed,D,furniture
44,"Examine the following SVG code carefully and answer the question based on your interpretation of the rendered image.

<svg height=""512"" id=""Capa_1"" style=""enable-background:new 0 0 470.002 470.002;"" version=""1.1"" viewbox=""0 0 470.002 470.002"" width=""512"" x=""0px"" xml:space=""preserve"" y=""0px"">
 <g>
  <path d=""M312.744,144.598c8.284,0.0,15.0,-6.716,15.0,-15.0c0.0,-8.284,0.0,-25.0,0.0,-25.0h-30.0c0.0,0.0,0.0,16.716,0.0,25.0C297.744,137.882,304.46,144.598,312.744,144.598z"" style=""fill:#99D9FF;"">
  </path>
  <path d=""M162.744,144.598c8.284,0.0,15.0,-6.716,15.0,-15.0c0.0,-8.284,0.0,-25.0,0.0,-25.0h-30.0c0.0,0.0,0.0,16.716,0.0,25.0C147.744,137.882,154.46,144.598,162.744,144.598z"" style=""fill:#CCECFF;"">
  </path>
  <path d=""M237.744,84.598c-11.046,0.0,-20.0,8.954,-20.0,20.0c0.0,11.046,0.0,80.0,0.0,80.0h40.0c0.0,0.0,0.0,-68.954,0.0,-80.0C257.744,93.552,248.79,84.598,237.744,84.598z"" style=""fill:#668A30;"">
  </path>
  <polygon points=""32.744,284.598 32.744,314.598 67.092,314.598 68.396,284.598"" style=""fill:#FD7555;"">
  </polygon>
  <polygon points=""165.246,284.598 68.396,284.598 67.092,314.598 165.246,314.598"" style=""fill:#EF431D;"">
  </polygon>
  <polygon points=""442.744,284.598 442.744,314.598 408.396,314.598 407.092,284.598"" style=""fill:#FD7555;"">
  </polygon>
  <polygon points=""310.242,284.598 407.092,284.598 408.396,314.598 310.242,314.598"" style=""fill:#EF431D;"">
  </polygon>
  <path d=""M101.44,214.598l-2.595,59.683l253.603,133.495c7.44,3.741,16.076,6.822,30.297,6.822l-8.696,-200.0H101.44z"" style=""fill:#FDFA7B;"">
  </path>
  <path d=""M98.831,274.598l-6.087,140.0c36.251,0.0,36.251,-20.0,72.502,-20.0s36.251,20.0,72.502,20.0c36.249,0.0,36.249,-20.0,72.499,-20.0c22.028,0.0,30.675,7.383,42.2,13.178l-5.79,-133.178H98.831z"" style=""fill:#FEFDCA;"">
  </path>
  <polygon points=""382.744,184.598 92.744,184.598 90.135,244.598 385.352,244.598"" style=""fill:#FFFFFF;"">
  </polygon>
  <path d=""M466.357,127.181c-4.102,-0.613,-7.916,2.208,-8.53,6.305l-21.542,143.612H384.273l-1.087,-25.0h2.166c2.046,0.0,4.002,-0.836,5.417,-2.313c1.415,-1.478,2.164,-3.469,2.076,-5.513l-2.608,-60.0c-0.175,-4.011,-3.478,-7.174,-7.493,-7.174h-62.5v-26.29c8.729,-3.096,15.0,-11.433,15.0,-21.21v-25.0c0.0,-4.143,-3.358,-7.5,-7.5,-7.5h-30.0c-4.142,0.0,-7.5,3.357,-7.5,7.5v25.0c0.0,9.777,6.271,18.114,15.0,21.21v26.29h-40.0v-72.5c0.0,-12.563,-8.472,-23.178,-20.0,-26.452V34.598c0.0,-4.143,-3.358,-7.5,-7.5,-7.5s-7.5,3.357,-7.5,7.5v43.548c-11.528,3.274,-20.0,13.889,-20.0,26.452v72.5h-40.0v-26.29c8.729,-3.096,15.0,-11.433,15.0,-21.21v-25.0c0.0,-4.143,-3.358,-7.5,-7.5,-7.5h-30.0c-4.142,0.0,-7.5,3.357,-7.5,7.5v25.0c0.0,9.777,6.271,18.114,15.0,21.21v26.29h-62.5c-4.016,0.0,-7.318,3.163,-7.493,7.174l-2.608,60.0c-0.088,2.044,0.661,4.035,2.076,5.513c1.415,1.478,3.372,2.313,5.417,2.313h2.167l-1.087,25.0H39.203L17.661,133.486c-0.615,-4.097,-4.427,-6.921,-8.53,-6.305c-4.096,0.614,-6.918,4.434,-6.304,8.529l22.417,149.447v159.44c0.0,4.143,3.358,7.5,7.5,7.5s7.5,-3.357,7.5,-7.5v-122.5h49.015l-4.008,92.174c-0.088,2.044,0.661,4.035,2.076,5.513c1.415,1.478,3.372,2.313,5.417,2.313c9.267,0.0,16.484,-1.248,22.5,-3.087v25.587c0.0,4.143,3.358,7.5,7.5,7.5s7.5,-3.357,7.5,-7.5v-32.133c0.802,-0.436,1.595,-0.871,2.374,-1.301c7.329,-4.043,13.845,-7.619,25.128,-8.715v42.149c0.0,4.143,3.358,7.5,7.5,7.5s7.5,-3.357,7.5,-7.5v-42.149c11.284,1.096,17.799,4.672,25.128,8.716c9.289,5.124,19.817,10.933,39.874,10.933c20.057,0.0,30.584,-5.809,39.873,-10.934c7.327,-4.042,13.842,-7.618,25.121,-8.714v42.148c0.0,4.143,3.358,7.5,7.5,7.5s7.5,-3.357,7.5,-7.5v-42.149c11.285,1.095,17.801,4.672,25.131,8.716c0.778,0.429,1.57,0.864,2.371,1.299v32.135c0.0,4.143,3.358,7.5,7.5,7.5s7.5,-3.357,7.5,-7.5v-25.588c6.016,1.84,13.233,3.088,22.5,3.088c2.046,0.0,4.002,-0.836,5.417,-2.313c1.415,-1.478,2.164,-3.469,2.076,-5.513l-4.007,-92.174h49.014v122.5c0.0,4.143,3.358,7.5,7.5,7.5s7.5,-3.357,7.5,-7.5v-159.44l22.417,-149.447C473.275,131.615,470.453,127.795,466.357,127.181zM305.244,112.098h15.0v17.5c0.0,4.136,-3.364,7.5,-7.5,7.5s-7.5,-3.364,-7.5,-7.5V112.098zM155.244,112.098h15.0v17.5c0.0,4.136,-3.364,7.5,-7.5,7.5s-7.5,-3.364,-7.5,-7.5V112.098zM225.244,104.598c0.0,-6.893,5.607,-12.5,12.5,-12.5s12.5,5.607,12.5,12.5v72.5h-25.0V104.598zM40.244,307.098v-15.0H90.563l-0.652,15.0H40.244zM350.119,398.032c-9.288,-5.125,-19.815,-10.934,-39.872,-10.934c-20.06,0.002,-30.585,5.809,-39.873,10.934c-8.818,4.864,-16.434,9.066,-32.626,9.066c-16.194,0.0,-23.81,-4.202,-32.628,-9.066c-9.289,-5.125,-19.817,-10.934,-39.875,-10.934c-20.057,0.0,-30.585,5.809,-39.874,10.934c-2.089,1.152,-4.112,2.265,-6.197,3.296c-5.161,2.552,-10.696,4.588,-18.582,5.395l6.723,-154.624h208.011c4.142,0.0,7.5,-3.357,7.5,-7.5s-3.358,-7.5,-7.5,-7.5H97.969l1.957,-45.0H375.563l1.957,45.0h-32.192c-4.142,0.0,-7.5,3.357,-7.5,7.5s3.358,7.5,7.5,7.5h22.845l6.723,154.624C363.817,405.589,357.375,402.034,350.119,398.032zM385.578,307.098l-0.652,-15.0h50.319v15.0H385.578z"">
  </path>
 </g>
</svg>


Question: What is the primary color of the tablecloth in the image?",Blue,Yellow,Green,Red,B,furniture
45,"Examine the following SVG code carefully and answer the question based on your interpretation of the rendered image.

<svg height=""512"" id=""Capa_1"" style=""enable-background:new 0 0 470.002 470.002;"" version=""1.1"" viewbox=""0 0 470.002 470.002"" width=""512"" x=""0px"" xml:space=""preserve"" y=""0px"">
 <g>
  <path d=""M312.744,144.598c8.284,0.0,15.0,-6.716,15.0,-15.0c0.0,-8.284,0.0,-25.0,0.0,-25.0h-30.0c0.0,0.0,0.0,16.716,0.0,25.0C297.744,137.882,304.46,144.598,312.744,144.598z"" style=""fill:#99D9FF;"">
  </path>
  <path d=""M162.744,144.598c8.284,0.0,15.0,-6.716,15.0,-15.0c0.0,-8.284,0.0,-25.0,0.0,-25.0h-30.0c0.0,0.0,0.0,16.716,0.0,25.0C147.744,137.882,154.46,144.598,162.744,144.598z"" style=""fill:#CCECFF;"">
  </path>
  <path d=""M237.744,84.598c-11.046,0.0,-20.0,8.954,-20.0,20.0c0.0,11.046,0.0,80.0,0.0,80.0h40.0c0.0,0.0,0.0,-68.954,0.0,-80.0C257.744,93.552,248.79,84.598,237.744,84.598z"" style=""fill:#668A30;"">
  </path>
  <polygon points=""32.744,284.598 32.744,314.598 67.092,314.598 68.396,284.598"" style=""fill:#FD7555;"">
  </polygon>
  <polygon points=""165.246,284.598 68.396,284.598 67.092,314.598 165.246,314.598"" style=""fill:#EF431D;"">
  </polygon>
  <polygon points=""442.744,284.598 442.744,314.598 408.396,314.598 407.092,284.598"" style=""fill:#FD7555;"">
  </polygon>
  <polygon points=""310.242,284.598 407.092,284.598 408.396,314.598 310.242,314.598"" style=""fill:#EF431D;"">
  </polygon>
  <path d=""M101.44,214.598l-2.595,59.683l253.603,133.495c7.44,3.741,16.076,6.822,30.297,6.822l-8.696,-200.0H101.44z"" style=""fill:#FDFA7B;"">
  </path>
  <path d=""M98.831,274.598l-6.087,140.0c36.251,0.0,36.251,-20.0,72.502,-20.0s36.251,20.0,72.502,20.0c36.249,0.0,36.249,-20.0,72.499,-20.0c22.028,0.0,30.675,7.383,42.2,13.178l-5.79,-133.178H98.831z"" style=""fill:#FEFDCA;"">
  </path>
  <polygon points=""382.744,184.598 92.744,184.598 90.135,244.598 385.352,244.598"" style=""fill:#FFFFFF;"">
  </polygon>
  <path d=""M466.357,127.181c-4.102,-0.613,-7.916,2.208,-8.53,6.305l-21.542,143.612H384.273l-1.087,-25.0h2.166c2.046,0.0,4.002,-0.836,5.417,-2.313c1.415,-1.478,2.164,-3.469,2.076,-5.513l-2.608,-60.0c-0.175,-4.011,-3.478,-7.174,-7.493,-7.174h-62.5v-26.29c8.729,-3.096,15.0,-11.433,15.0,-21.21v-25.0c0.0,-4.143,-3.358,-7.5,-7.5,-7.5h-30.0c-4.142,0.0,-7.5,3.357,-7.5,7.5v25.0c0.0,9.777,6.271,18.114,15.0,21.21v26.29h-40.0v-72.5c0.0,-12.563,-8.472,-23.178,-20.0,-26.452V34.598c0.0,-4.143,-3.358,-7.5,-7.5,-7.5s-7.5,3.357,-7.5,7.5v43.548c-11.528,3.274,-20.0,13.889,-20.0,26.452v72.5h-40.0v-26.29c8.729,-3.096,15.0,-11.433,15.0,-21.21v-25.0c0.0,-4.143,-3.358,-7.5,-7.5,-7.5h-30.0c-4.142,0.0,-7.5,3.357,-7.5,7.5v25.0c0.0,9.777,6.271,18.114,15.0,21.21v26.29h-62.5c-4.016,0.0,-7.318,3.163,-7.493,7.174l-2.608,60.0c-0.088,2.044,0.661,4.035,2.076,5.513c1.415,1.478,3.372,2.313,5.417,2.313h2.167l-1.087,25.0H39.203L17.661,133.486c-0.615,-4.097,-4.427,-6.921,-8.53,-6.305c-4.096,0.614,-6.918,4.434,-6.304,8.529l22.417,149.447v159.44c0.0,4.143,3.358,7.5,7.5,7.5s7.5,-3.357,7.5,-7.5v-122.5h49.015l-4.008,92.174c-0.088,2.044,0.661,4.035,2.076,5.513c1.415,1.478,3.372,2.313,5.417,2.313c9.267,0.0,16.484,-1.248,22.5,-3.087v25.587c0.0,4.143,3.358,7.5,7.5,7.5s7.5,-3.357,7.5,-7.5v-32.133c0.802,-0.436,1.595,-0.871,2.374,-1.301c7.329,-4.043,13.845,-7.619,25.128,-8.715v42.149c0.0,4.143,3.358,7.5,7.5,7.5s7.5,-3.357,7.5,-7.5v-42.149c11.284,1.096,17.799,4.672,25.128,8.716c9.289,5.124,19.817,10.933,39.874,10.933c20.057,0.0,30.584,-5.809,39.873,-10.934c7.327,-4.042,13.842,-7.618,25.121,-8.714v42.148c0.0,4.143,3.358,7.5,7.5,7.5s7.5,-3.357,7.5,-7.5v-42.149c11.285,1.095,17.801,4.672,25.131,8.716c0.778,0.429,1.57,0.864,2.371,1.299v32.135c0.0,4.143,3.358,7.5,7.5,7.5s7.5,-3.357,7.5,-7.5v-25.588c6.016,1.84,13.233,3.088,22.5,3.088c2.046,0.0,4.002,-0.836,5.417,-2.313c1.415,-1.478,2.164,-3.469,2.076,-5.513l-4.007,-92.174h49.014v122.5c0.0,4.143,3.358,7.5,7.5,7.5s7.5,-3.357,7.5,-7.5v-159.44l22.417,-149.447C473.275,131.615,470.453,127.795,466.357,127.181zM305.244,112.098h15.0v17.5c0.0,4.136,-3.364,7.5,-7.5,7.5s-7.5,-3.364,-7.5,-7.5V112.098zM155.244,112.098h15.0v17.5c0.0,4.136,-3.364,7.5,-7.5,7.5s-7.5,-3.364,-7.5,-7.5V112.098zM225.244,104.598c0.0,-6.893,5.607,-12.5,12.5,-12.5s12.5,5.607,12.5,12.5v72.5h-25.0V104.598zM40.244,307.098v-15.0H90.563l-0.652,15.0H40.244zM350.119,398.032c-9.288,-5.125,-19.815,-10.934,-39.872,-10.934c-20.06,0.002,-30.585,5.809,-39.873,10.934c-8.818,4.864,-16.434,9.066,-32.626,9.066c-16.194,0.0,-23.81,-4.202,-32.628,-9.066c-9.289,-5.125,-19.817,-10.934,-39.875,-10.934c-20.057,0.0,-30.585,5.809,-39.874,10.934c-2.089,1.152,-4.112,2.265,-6.197,3.296c-5.161,2.552,-10.696,4.588,-18.582,5.395l6.723,-154.624h208.011c4.142,0.0,7.5,-3.357,7.5,-7.5s-3.358,-7.5,-7.5,-7.5H97.969l1.957,-45.0H375.563l1.957,45.0h-32.192c-4.142,0.0,-7.5,3.357,-7.5,7.5s3.358,7.5,7.5,7.5h22.845l6.723,154.624C363.817,405.589,357.375,402.034,350.119,398.032zM385.578,307.098l-0.652,-15.0h50.319v15.0H385.578z"">
  </path>
 </g>
</svg>


Question: How many chairs are visible in the image?",One,Two,Three,Four,B,furniture
46,"Examine the following SVG code carefully and answer the question based on your interpretation of the rendered image.

<svg height=""512"" id=""Capa_1"" style=""enable-background:new 0 0 470.002 470.002;"" version=""1.1"" viewbox=""0 0 470.002 470.002"" width=""512"" x=""0px"" xml:space=""preserve"" y=""0px"">
 <g>
  <path d=""M312.744,144.598c8.284,0.0,15.0,-6.716,15.0,-15.0c0.0,-8.284,0.0,-25.0,0.0,-25.0h-30.0c0.0,0.0,0.0,16.716,0.0,25.0C297.744,137.882,304.46,144.598,312.744,144.598z"" style=""fill:#99D9FF;"">
  </path>
  <path d=""M162.744,144.598c8.284,0.0,15.0,-6.716,15.0,-15.0c0.0,-8.284,0.0,-25.0,0.0,-25.0h-30.0c0.0,0.0,0.0,16.716,0.0,25.0C147.744,137.882,154.46,144.598,162.744,144.598z"" style=""fill:#CCECFF;"">
  </path>
  <path d=""M237.744,84.598c-11.046,0.0,-20.0,8.954,-20.0,20.0c0.0,11.046,0.0,80.0,0.0,80.0h40.0c0.0,0.0,0.0,-68.954,0.0,-80.0C257.744,93.552,248.79,84.598,237.744,84.598z"" style=""fill:#668A30;"">
  </path>
  <polygon points=""32.744,284.598 32.744,314.598 67.092,314.598 68.396,284.598"" style=""fill:#FD7555;"">
  </polygon>
  <polygon points=""165.246,284.598 68.396,284.598 67.092,314.598 165.246,314.598"" style=""fill:#EF431D;"">
  </polygon>
  <polygon points=""442.744,284.598 442.744,314.598 408.396,314.598 407.092,284.598"" style=""fill:#FD7555;"">
  </polygon>
  <polygon points=""310.242,284.598 407.092,284.598 408.396,314.598 310.242,314.598"" style=""fill:#EF431D;"">
  </polygon>
  <path d=""M101.44,214.598l-2.595,59.683l253.603,133.495c7.44,3.741,16.076,6.822,30.297,6.822l-8.696,-200.0H101.44z"" style=""fill:#FDFA7B;"">
  </path>
  <path d=""M98.831,274.598l-6.087,140.0c36.251,0.0,36.251,-20.0,72.502,-20.0s36.251,20.0,72.502,20.0c36.249,0.0,36.249,-20.0,72.499,-20.0c22.028,0.0,30.675,7.383,42.2,13.178l-5.79,-133.178H98.831z"" style=""fill:#FEFDCA;"">
  </path>
  <polygon points=""382.744,184.598 92.744,184.598 90.135,244.598 385.352,244.598"" style=""fill:#FFFFFF;"">
  </polygon>
  <path d=""M466.357,127.181c-4.102,-0.613,-7.916,2.208,-8.53,6.305l-21.542,143.612H384.273l-1.087,-25.0h2.166c2.046,0.0,4.002,-0.836,5.417,-2.313c1.415,-1.478,2.164,-3.469,2.076,-5.513l-2.608,-60.0c-0.175,-4.011,-3.478,-7.174,-7.493,-7.174h-62.5v-26.29c8.729,-3.096,15.0,-11.433,15.0,-21.21v-25.0c0.0,-4.143,-3.358,-7.5,-7.5,-7.5h-30.0c-4.142,0.0,-7.5,3.357,-7.5,7.5v25.0c0.0,9.777,6.271,18.114,15.0,21.21v26.29h-40.0v-72.5c0.0,-12.563,-8.472,-23.178,-20.0,-26.452V34.598c0.0,-4.143,-3.358,-7.5,-7.5,-7.5s-7.5,3.357,-7.5,7.5v43.548c-11.528,3.274,-20.0,13.889,-20.0,26.452v72.5h-40.0v-26.29c8.729,-3.096,15.0,-11.433,15.0,-21.21v-25.0c0.0,-4.143,-3.358,-7.5,-7.5,-7.5h-30.0c-4.142,0.0,-7.5,3.357,-7.5,7.5v25.0c0.0,9.777,6.271,18.114,15.0,21.21v26.29h-62.5c-4.016,0.0,-7.318,3.163,-7.493,7.174l-2.608,60.0c-0.088,2.044,0.661,4.035,2.076,5.513c1.415,1.478,3.372,2.313,5.417,2.313h2.167l-1.087,25.0H39.203L17.661,133.486c-0.615,-4.097,-4.427,-6.921,-8.53,-6.305c-4.096,0.614,-6.918,4.434,-6.304,8.529l22.417,149.447v159.44c0.0,4.143,3.358,7.5,7.5,7.5s7.5,-3.357,7.5,-7.5v-122.5h49.015l-4.008,92.174c-0.088,2.044,0.661,4.035,2.076,5.513c1.415,1.478,3.372,2.313,5.417,2.313c9.267,0.0,16.484,-1.248,22.5,-3.087v25.587c0.0,4.143,3.358,7.5,7.5,7.5s7.5,-3.357,7.5,-7.5v-32.133c0.802,-0.436,1.595,-0.871,2.374,-1.301c7.329,-4.043,13.845,-7.619,25.128,-8.715v42.149c0.0,4.143,3.358,7.5,7.5,7.5s7.5,-3.357,7.5,-7.5v-42.149c11.284,1.096,17.799,4.672,25.128,8.716c9.289,5.124,19.817,10.933,39.874,10.933c20.057,0.0,30.584,-5.809,39.873,-10.934c7.327,-4.042,13.842,-7.618,25.121,-8.714v42.148c0.0,4.143,3.358,7.5,7.5,7.5s7.5,-3.357,7.5,-7.5v-42.149c11.285,1.095,17.801,4.672,25.131,8.716c0.778,0.429,1.57,0.864,2.371,1.299v32.135c0.0,4.143,3.358,7.5,7.5,7.5s7.5,-3.357,7.5,-7.5v-25.588c6.016,1.84,13.233,3.088,22.5,3.088c2.046,0.0,4.002,-0.836,5.417,-2.313c1.415,-1.478,2.164,-3.469,2.076,-5.513l-4.007,-92.174h49.014v122.5c0.0,4.143,3.358,7.5,7.5,7.5s7.5,-3.357,7.5,-7.5v-159.44l22.417,-149.447C473.275,131.615,470.453,127.795,466.357,127.181zM305.244,112.098h15.0v17.5c0.0,4.136,-3.364,7.5,-7.5,7.5s-7.5,-3.364,-7.5,-7.5V112.098zM155.244,112.098h15.0v17.5c0.0,4.136,-3.364,7.5,-7.5,7.5s-7.5,-3.364,-7.5,-7.5V112.098zM225.244,104.598c0.0,-6.893,5.607,-12.5,12.5,-12.5s12.5,5.607,12.5,12.5v72.5h-25.0V104.598zM40.244,307.098v-15.0H90.563l-0.652,15.0H40.244zM350.119,398.032c-9.288,-5.125,-19.815,-10.934,-39.872,-10.934c-20.06,0.002,-30.585,5.809,-39.873,10.934c-8.818,4.864,-16.434,9.066,-32.626,9.066c-16.194,0.0,-23.81,-4.202,-32.628,-9.066c-9.289,-5.125,-19.817,-10.934,-39.875,-10.934c-20.057,0.0,-30.585,5.809,-39.874,10.934c-2.089,1.152,-4.112,2.265,-6.197,3.296c-5.161,2.552,-10.696,4.588,-18.582,5.395l6.723,-154.624h208.011c4.142,0.0,7.5,-3.357,7.5,-7.5s-3.358,-7.5,-7.5,-7.5H97.969l1.957,-45.0H375.563l1.957,45.0h-32.192c-4.142,0.0,-7.5,3.357,-7.5,7.5s3.358,7.5,7.5,7.5h22.845l6.723,154.624C363.817,405.589,357.375,402.034,350.119,398.032zM385.578,307.098l-0.652,-15.0h50.319v15.0H385.578z"">
  </path>
 </g>
</svg>


Question: What is the color of the liquid in the glasses on the table?",Red,Blue,black,Yellow,B,furniture
47,"Examine the following SVG code carefully and answer the question based on your interpretation of the rendered image.

<svg height=""512"" id=""Capa_1"" style=""enable-background:new 0 0 470.002 470.002;"" version=""1.1"" viewbox=""0 0 470.002 470.002"" width=""512"" x=""0px"" xml:space=""preserve"" y=""0px"">
 <g>
  <path d=""M312.744,144.598c8.284,0.0,15.0,-6.716,15.0,-15.0c0.0,-8.284,0.0,-25.0,0.0,-25.0h-30.0c0.0,0.0,0.0,16.716,0.0,25.0C297.744,137.882,304.46,144.598,312.744,144.598z"" style=""fill:#99D9FF;"">
  </path>
  <path d=""M162.744,144.598c8.284,0.0,15.0,-6.716,15.0,-15.0c0.0,-8.284,0.0,-25.0,0.0,-25.0h-30.0c0.0,0.0,0.0,16.716,0.0,25.0C147.744,137.882,154.46,144.598,162.744,144.598z"" style=""fill:#CCECFF;"">
  </path>
  <path d=""M237.744,84.598c-11.046,0.0,-20.0,8.954,-20.0,20.0c0.0,11.046,0.0,80.0,0.0,80.0h40.0c0.0,0.0,0.0,-68.954,0.0,-80.0C257.744,93.552,248.79,84.598,237.744,84.598z"" style=""fill:#668A30;"">
  </path>
  <polygon points=""32.744,284.598 32.744,314.598 67.092,314.598 68.396,284.598"" style=""fill:#FD7555;"">
  </polygon>
  <polygon points=""165.246,284.598 68.396,284.598 67.092,314.598 165.246,314.598"" style=""fill:#EF431D;"">
  </polygon>
  <polygon points=""442.744,284.598 442.744,314.598 408.396,314.598 407.092,284.598"" style=""fill:#FD7555;"">
  </polygon>
  <polygon points=""310.242,284.598 407.092,284.598 408.396,314.598 310.242,314.598"" style=""fill:#EF431D;"">
  </polygon>
  <path d=""M101.44,214.598l-2.595,59.683l253.603,133.495c7.44,3.741,16.076,6.822,30.297,6.822l-8.696,-200.0H101.44z"" style=""fill:#FDFA7B;"">
  </path>
  <path d=""M98.831,274.598l-6.087,140.0c36.251,0.0,36.251,-20.0,72.502,-20.0s36.251,20.0,72.502,20.0c36.249,0.0,36.249,-20.0,72.499,-20.0c22.028,0.0,30.675,7.383,42.2,13.178l-5.79,-133.178H98.831z"" style=""fill:#FEFDCA;"">
  </path>
  <polygon points=""382.744,184.598 92.744,184.598 90.135,244.598 385.352,244.598"" style=""fill:#FFFFFF;"">
  </polygon>
  <path d=""M466.357,127.181c-4.102,-0.613,-7.916,2.208,-8.53,6.305l-21.542,143.612H384.273l-1.087,-25.0h2.166c2.046,0.0,4.002,-0.836,5.417,-2.313c1.415,-1.478,2.164,-3.469,2.076,-5.513l-2.608,-60.0c-0.175,-4.011,-3.478,-7.174,-7.493,-7.174h-62.5v-26.29c8.729,-3.096,15.0,-11.433,15.0,-21.21v-25.0c0.0,-4.143,-3.358,-7.5,-7.5,-7.5h-30.0c-4.142,0.0,-7.5,3.357,-7.5,7.5v25.0c0.0,9.777,6.271,18.114,15.0,21.21v26.29h-40.0v-72.5c0.0,-12.563,-8.472,-23.178,-20.0,-26.452V34.598c0.0,-4.143,-3.358,-7.5,-7.5,-7.5s-7.5,3.357,-7.5,7.5v43.548c-11.528,3.274,-20.0,13.889,-20.0,26.452v72.5h-40.0v-26.29c8.729,-3.096,15.0,-11.433,15.0,-21.21v-25.0c0.0,-4.143,-3.358,-7.5,-7.5,-7.5h-30.0c-4.142,0.0,-7.5,3.357,-7.5,7.5v25.0c0.0,9.777,6.271,18.114,15.0,21.21v26.29h-62.5c-4.016,0.0,-7.318,3.163,-7.493,7.174l-2.608,60.0c-0.088,2.044,0.661,4.035,2.076,5.513c1.415,1.478,3.372,2.313,5.417,2.313h2.167l-1.087,25.0H39.203L17.661,133.486c-0.615,-4.097,-4.427,-6.921,-8.53,-6.305c-4.096,0.614,-6.918,4.434,-6.304,8.529l22.417,149.447v159.44c0.0,4.143,3.358,7.5,7.5,7.5s7.5,-3.357,7.5,-7.5v-122.5h49.015l-4.008,92.174c-0.088,2.044,0.661,4.035,2.076,5.513c1.415,1.478,3.372,2.313,5.417,2.313c9.267,0.0,16.484,-1.248,22.5,-3.087v25.587c0.0,4.143,3.358,7.5,7.5,7.5s7.5,-3.357,7.5,-7.5v-32.133c0.802,-0.436,1.595,-0.871,2.374,-1.301c7.329,-4.043,13.845,-7.619,25.128,-8.715v42.149c0.0,4.143,3.358,7.5,7.5,7.5s7.5,-3.357,7.5,-7.5v-42.149c11.284,1.096,17.799,4.672,25.128,8.716c9.289,5.124,19.817,10.933,39.874,10.933c20.057,0.0,30.584,-5.809,39.873,-10.934c7.327,-4.042,13.842,-7.618,25.121,-8.714v42.148c0.0,4.143,3.358,7.5,7.5,7.5s7.5,-3.357,7.5,-7.5v-42.149c11.285,1.095,17.801,4.672,25.131,8.716c0.778,0.429,1.57,0.864,2.371,1.299v32.135c0.0,4.143,3.358,7.5,7.5,7.5s7.5,-3.357,7.5,-7.5v-25.588c6.016,1.84,13.233,3.088,22.5,3.088c2.046,0.0,4.002,-0.836,5.417,-2.313c1.415,-1.478,2.164,-3.469,2.076,-5.513l-4.007,-92.174h49.014v122.5c0.0,4.143,3.358,7.5,7.5,7.5s7.5,-3.357,7.5,-7.5v-159.44l22.417,-149.447C473.275,131.615,470.453,127.795,466.357,127.181zM305.244,112.098h15.0v17.5c0.0,4.136,-3.364,7.5,-7.5,7.5s-7.5,-3.364,-7.5,-7.5V112.098zM155.244,112.098h15.0v17.5c0.0,4.136,-3.364,7.5,-7.5,7.5s-7.5,-3.364,-7.5,-7.5V112.098zM225.244,104.598c0.0,-6.893,5.607,-12.5,12.5,-12.5s12.5,5.607,12.5,12.5v72.5h-25.0V104.598zM40.244,307.098v-15.0H90.563l-0.652,15.0H40.244zM350.119,398.032c-9.288,-5.125,-19.815,-10.934,-39.872,-10.934c-20.06,0.002,-30.585,5.809,-39.873,10.934c-8.818,4.864,-16.434,9.066,-32.626,9.066c-16.194,0.0,-23.81,-4.202,-32.628,-9.066c-9.289,-5.125,-19.817,-10.934,-39.875,-10.934c-20.057,0.0,-30.585,5.809,-39.874,10.934c-2.089,1.152,-4.112,2.265,-6.197,3.296c-5.161,2.552,-10.696,4.588,-18.582,5.395l6.723,-154.624h208.011c4.142,0.0,7.5,-3.357,7.5,-7.5s-3.358,-7.5,-7.5,-7.5H97.969l1.957,-45.0H375.563l1.957,45.0h-32.192c-4.142,0.0,-7.5,3.357,-7.5,7.5s3.358,7.5,7.5,7.5h22.845l6.723,154.624C363.817,405.589,357.375,402.034,350.119,398.032zM385.578,307.098l-0.652,-15.0h50.319v15.0H385.578z"">
  </path>
 </g>
</svg>


Question: What is the object depicted in the image?",room,bedroom,table,kitchen,C,furniture
64,"Examine the following SVG code carefully and answer the question based on your interpretation of the rendered image.

<svg enable-background=""new 0 0 315 315"" version=""1.1"" viewbox=""0 0 315 315"">
 <path d=""M309.303,131.152h-25.939V9.191c0.0,-3.866,-3.134,-7.0,-7.0,-7.0H42.217c-3.866,0.0,-7.0,3.134,-7.0,7.0v121.961H9.277c-3.866,0.0,-7.0,3.134,-7.0,7.0V283.471c0.0,3.866,3.134,7.0,7.0,7.0h25.939V310.191c0.0,3.866,3.134,7.0,7.0,7.0c3.866,0.0,7.0,-3.134,7.0,-7.0v-19.72h220.146V310.191c0.0,3.866,3.134,7.0,7.0,7.0c3.866,0.0,7.0,-3.134,7.0,-7.0v-19.72h25.939c3.866,0.0,7.0,-3.134,7.0,-7.0V138.152C316.303,134.286,313.169,131.152,309.303,131.152zM49.217,16.191h220.146v114.961h-25.938c-3.866,0.0,-7.0,3.134,-7.0,7.0v71.67H82.154v-71.67c0.0,-3.866,-3.134,-7.0,-7.0,-7.0H49.217V16.191zM302.303,276.471H16.277V145.152h51.877v71.67c0.0,3.866,3.134,7.0,7.0,7.0h168.271c3.866,0.0,7.0,-3.134,7.0,-7.0v-71.67h51.878V276.471z"">
 </path>
</svg>


Question: What is the shape of the object in the image?",Circle,Triangle,Oval,Rectangle,D,furniture
65,"Examine the following SVG code carefully and answer the question based on your interpretation of the rendered image.

<svg enable-background=""new 0 0 315 315"" version=""1.1"" viewbox=""0 0 315 315"">
 <path d=""M309.303,131.152h-25.939V9.191c0.0,-3.866,-3.134,-7.0,-7.0,-7.0H42.217c-3.866,0.0,-7.0,3.134,-7.0,7.0v121.961H9.277c-3.866,0.0,-7.0,3.134,-7.0,7.0V283.471c0.0,3.866,3.134,7.0,7.0,7.0h25.939V310.191c0.0,3.866,3.134,7.0,7.0,7.0c3.866,0.0,7.0,-3.134,7.0,-7.0v-19.72h220.146V310.191c0.0,3.866,3.134,7.0,7.0,7.0c3.866,0.0,7.0,-3.134,7.0,-7.0v-19.72h25.939c3.866,0.0,7.0,-3.134,7.0,-7.0V138.152C316.303,134.286,313.169,131.152,309.303,131.152zM49.217,16.191h220.146v114.961h-25.938c-3.866,0.0,-7.0,3.134,-7.0,7.0v71.67H82.154v-71.67c0.0,-3.866,-3.134,-7.0,-7.0,-7.0H49.217V16.191zM302.303,276.471H16.277V145.152h51.877v71.67c0.0,3.866,3.134,7.0,7.0,7.0h168.271c3.866,0.0,7.0,-3.134,7.0,-7.0v-71.67h51.878V276.471z"">
 </path>
</svg>


Question: How many legs does the object in the image have?",One,Two,Three,Four,B,furniture
66,"Examine the following SVG code carefully and answer the question based on your interpretation of the rendered image.

<svg enable-background=""new 0 0 315 315"" version=""1.1"" viewbox=""0 0 315 315"">
 <path d=""M309.303,131.152h-25.939V9.191c0.0,-3.866,-3.134,-7.0,-7.0,-7.0H42.217c-3.866,0.0,-7.0,3.134,-7.0,7.0v121.961H9.277c-3.866,0.0,-7.0,3.134,-7.0,7.0V283.471c0.0,3.866,3.134,7.0,7.0,7.0h25.939V310.191c0.0,3.866,3.134,7.0,7.0,7.0c3.866,0.0,7.0,-3.134,7.0,-7.0v-19.72h220.146V310.191c0.0,3.866,3.134,7.0,7.0,7.0c3.866,0.0,7.0,-3.134,7.0,-7.0v-19.72h25.939c3.866,0.0,7.0,-3.134,7.0,-7.0V138.152C316.303,134.286,313.169,131.152,309.303,131.152zM49.217,16.191h220.146v114.961h-25.938c-3.866,0.0,-7.0,3.134,-7.0,7.0v71.67H82.154v-71.67c0.0,-3.866,-3.134,-7.0,-7.0,-7.0H49.217V16.191zM302.303,276.471H16.277V145.152h51.877v71.67c0.0,3.866,3.134,7.0,7.0,7.0h168.271c3.866,0.0,7.0,-3.134,7.0,-7.0v-71.67h51.878V276.471z"">
 </path>
</svg>


Question: What is the primary color of the object in the image?",Red,Blue,Green,White,D,furniture
67,"Examine the following SVG code carefully and answer the question based on your interpretation of the rendered image.

<svg enable-background=""new 0 0 315 315"" version=""1.1"" viewbox=""0 0 315 315"">
 <path d=""M309.303,131.152h-25.939V9.191c0.0,-3.866,-3.134,-7.0,-7.0,-7.0H42.217c-3.866,0.0,-7.0,3.134,-7.0,7.0v121.961H9.277c-3.866,0.0,-7.0,3.134,-7.0,7.0V283.471c0.0,3.866,3.134,7.0,7.0,7.0h25.939V310.191c0.0,3.866,3.134,7.0,7.0,7.0c3.866,0.0,7.0,-3.134,7.0,-7.0v-19.72h220.146V310.191c0.0,3.866,3.134,7.0,7.0,7.0c3.866,0.0,7.0,-3.134,7.0,-7.0v-19.72h25.939c3.866,0.0,7.0,-3.134,7.0,-7.0V138.152C316.303,134.286,313.169,131.152,309.303,131.152zM49.217,16.191h220.146v114.961h-25.938c-3.866,0.0,-7.0,3.134,-7.0,7.0v71.67H82.154v-71.67c0.0,-3.866,-3.134,-7.0,-7.0,-7.0H49.217V16.191zM302.303,276.471H16.277V145.152h51.877v71.67c0.0,3.866,3.134,7.0,7.0,7.0h168.271c3.866,0.0,7.0,-3.134,7.0,-7.0v-71.67h51.878V276.471z"">
 </path>
</svg>


Question: What is the object in the image most likely to be?",chair,table,bed,sofa,D,furniture
88,"Examine the following SVG code carefully and answer the question based on your interpretation of the rendered image.

<svg id=""Capa_1"" style=""enable-background:new 0 0 56 56;"" version=""1.1"" viewbox=""0 0 56 56"" x=""0px"" xml:space=""preserve"" y=""0px"">
 <path d=""M48.833,0.51C45.851,0.226,43.342,2.564,43.342,5.487c0.0,-2.761,-2.239,-5.0,-5.0,-5.0s-5.0,2.239,-5.0,5.0c0.0,-2.761,-2.239,-5.0,-5.0,-5.0s-5.0,2.239,-5.0,5.0c0.0,-2.761,-2.239,-5.0,-5.0,-5.0s-5.0,2.239,-5.0,5.0c0.0,-2.923,-2.509,-5.261,-5.491,-4.977C5.251,0.758,3.342,3.09,3.342,5.702l0.0,11.417C3.342,17.875,3.954,18.487,4.71,18.487h47.265C52.73,18.487,53.342,17.875,53.342,17.119V5.702C53.342,3.09,51.433,0.758,48.833,0.51z"" style=""fill:#DD352E;"">
 </path>
 <path d=""M51.974,18.487H4.71C3.954,18.487,3.342,17.875,3.342,17.119V14.487h50.0v2.632C53.342,17.875,52.73,18.487,51.974,18.487z"" style=""fill:#BFA380;"">
 </path>
 <path d=""M47.342,56.487c-0.553,0.0,-1.0,-0.447,-1.0,-1.0v-3.0c0.0,-0.553,0.447,-1.0,1.0,-1.0s1.0,0.447,1.0,1.0v3.0C48.342,56.04,47.895,56.487,47.342,56.487z"" style=""fill:#C7CAC7;"">
 </path>
 <path d=""M48.342,56.487h-2.0c-0.553,0.0,-1.0,-0.447,-1.0,-1.0s0.447,-1.0,1.0,-1.0h2.0c0.553,0.0,1.0,0.447,1.0,1.0S48.895,56.487,48.342,56.487z"" style=""fill:#C7CAC7;"">
 </path>
 <path d=""M9.342,56.487c-0.552,0.0,-1.0,-0.447,-1.0,-1.0v-3.0c0.0,-0.553,0.448,-1.0,1.0,-1.0s1.0,0.447,1.0,1.0v3.0C10.342,56.04,9.894,56.487,9.342,56.487z"" style=""fill:#C7CAC7;"">
 </path>
 <path d=""M10.342,56.487H8.342c-0.552,0.0,-1.0,-0.447,-1.0,-1.0s0.448,-1.0,1.0,-1.0h2.0c0.552,0.0,1.0,0.447,1.0,1.0S10.894,56.487,10.342,56.487z"" style=""fill:#C7CAC7;"">
 </path>
 <polygon points=""45.342,18.487 45.342,25.487 11.342,25.487 11.342,18.487 7.342,18.487 7.342,52.487 11.342,52.487 11.342,29.487 45.342,29.487 45.342,52.487 49.342,52.487 49.342,18.487"" style=""fill:#A88F71;"">
 </polygon>
</svg>


Question: What is the primary color of the top part of the object?",Red,Green,Blue,Yellow,A,furniture
89,"Examine the following SVG code carefully and answer the question based on your interpretation of the rendered image.

<svg id=""Capa_1"" style=""enable-background:new 0 0 56 56;"" version=""1.1"" viewbox=""0 0 56 56"" x=""0px"" xml:space=""preserve"" y=""0px"">
 <path d=""M48.833,0.51C45.851,0.226,43.342,2.564,43.342,5.487c0.0,-2.761,-2.239,-5.0,-5.0,-5.0s-5.0,2.239,-5.0,5.0c0.0,-2.761,-2.239,-5.0,-5.0,-5.0s-5.0,2.239,-5.0,5.0c0.0,-2.761,-2.239,-5.0,-5.0,-5.0s-5.0,2.239,-5.0,5.0c0.0,-2.923,-2.509,-5.261,-5.491,-4.977C5.251,0.758,3.342,3.09,3.342,5.702l0.0,11.417C3.342,17.875,3.954,18.487,4.71,18.487h47.265C52.73,18.487,53.342,17.875,53.342,17.119V5.702C53.342,3.09,51.433,0.758,48.833,0.51z"" style=""fill:#DD352E;"">
 </path>
 <path d=""M51.974,18.487H4.71C3.954,18.487,3.342,17.875,3.342,17.119V14.487h50.0v2.632C53.342,17.875,52.73,18.487,51.974,18.487z"" style=""fill:#BFA380;"">
 </path>
 <path d=""M47.342,56.487c-0.553,0.0,-1.0,-0.447,-1.0,-1.0v-3.0c0.0,-0.553,0.447,-1.0,1.0,-1.0s1.0,0.447,1.0,1.0v3.0C48.342,56.04,47.895,56.487,47.342,56.487z"" style=""fill:#C7CAC7;"">
 </path>
 <path d=""M48.342,56.487h-2.0c-0.553,0.0,-1.0,-0.447,-1.0,-1.0s0.447,-1.0,1.0,-1.0h2.0c0.553,0.0,1.0,0.447,1.0,1.0S48.895,56.487,48.342,56.487z"" style=""fill:#C7CAC7;"">
 </path>
 <path d=""M9.342,56.487c-0.552,0.0,-1.0,-0.447,-1.0,-1.0v-3.0c0.0,-0.553,0.448,-1.0,1.0,-1.0s1.0,0.447,1.0,1.0v3.0C10.342,56.04,9.894,56.487,9.342,56.487z"" style=""fill:#C7CAC7;"">
 </path>
 <path d=""M10.342,56.487H8.342c-0.552,0.0,-1.0,-0.447,-1.0,-1.0s0.448,-1.0,1.0,-1.0h2.0c0.552,0.0,1.0,0.447,1.0,1.0S10.894,56.487,10.342,56.487z"" style=""fill:#C7CAC7;"">
 </path>
 <polygon points=""45.342,18.487 45.342,25.487 11.342,25.487 11.342,18.487 7.342,18.487 7.342,52.487 11.342,52.487 11.342,29.487 45.342,29.487 45.342,52.487 49.342,52.487 49.342,18.487"" style=""fill:#A88F71;"">
 </polygon>
</svg>


Question: How many legs does the object have?",Two,Three,Four,Five,A,furniture
90,"Examine the following SVG code carefully and answer the question based on your interpretation of the rendered image.

<svg id=""Capa_1"" style=""enable-background:new 0 0 56 56;"" version=""1.1"" viewbox=""0 0 56 56"" x=""0px"" xml:space=""preserve"" y=""0px"">
 <path d=""M48.833,0.51C45.851,0.226,43.342,2.564,43.342,5.487c0.0,-2.761,-2.239,-5.0,-5.0,-5.0s-5.0,2.239,-5.0,5.0c0.0,-2.761,-2.239,-5.0,-5.0,-5.0s-5.0,2.239,-5.0,5.0c0.0,-2.761,-2.239,-5.0,-5.0,-5.0s-5.0,2.239,-5.0,5.0c0.0,-2.923,-2.509,-5.261,-5.491,-4.977C5.251,0.758,3.342,3.09,3.342,5.702l0.0,11.417C3.342,17.875,3.954,18.487,4.71,18.487h47.265C52.73,18.487,53.342,17.875,53.342,17.119V5.702C53.342,3.09,51.433,0.758,48.833,0.51z"" style=""fill:#DD352E;"">
 </path>
 <path d=""M51.974,18.487H4.71C3.954,18.487,3.342,17.875,3.342,17.119V14.487h50.0v2.632C53.342,17.875,52.73,18.487,51.974,18.487z"" style=""fill:#BFA380;"">
 </path>
 <path d=""M47.342,56.487c-0.553,0.0,-1.0,-0.447,-1.0,-1.0v-3.0c0.0,-0.553,0.447,-1.0,1.0,-1.0s1.0,0.447,1.0,1.0v3.0C48.342,56.04,47.895,56.487,47.342,56.487z"" style=""fill:#C7CAC7;"">
 </path>
 <path d=""M48.342,56.487h-2.0c-0.553,0.0,-1.0,-0.447,-1.0,-1.0s0.447,-1.0,1.0,-1.0h2.0c0.553,0.0,1.0,0.447,1.0,1.0S48.895,56.487,48.342,56.487z"" style=""fill:#C7CAC7;"">
 </path>
 <path d=""M9.342,56.487c-0.552,0.0,-1.0,-0.447,-1.0,-1.0v-3.0c0.0,-0.553,0.448,-1.0,1.0,-1.0s1.0,0.447,1.0,1.0v3.0C10.342,56.04,9.894,56.487,9.342,56.487z"" style=""fill:#C7CAC7;"">
 </path>
 <path d=""M10.342,56.487H8.342c-0.552,0.0,-1.0,-0.447,-1.0,-1.0s0.448,-1.0,1.0,-1.0h2.0c0.552,0.0,1.0,0.447,1.0,1.0S10.894,56.487,10.342,56.487z"" style=""fill:#C7CAC7;"">
 </path>
 <polygon points=""45.342,18.487 45.342,25.487 11.342,25.487 11.342,18.487 7.342,18.487 7.342,52.487 11.342,52.487 11.342,29.487 45.342,29.487 45.342,52.487 49.342,52.487 49.342,18.487"" style=""fill:#A88F71;"">
 </polygon>
</svg>


Question: What shape are the top decorations of the object?",Triangular,Arch,Square,Rectangular,B,furniture
91,"Examine the following SVG code carefully and answer the question based on your interpretation of the rendered image.

<svg id=""Capa_1"" style=""enable-background:new 0 0 56 56;"" version=""1.1"" viewbox=""0 0 56 56"" x=""0px"" xml:space=""preserve"" y=""0px"">
 <path d=""M48.833,0.51C45.851,0.226,43.342,2.564,43.342,5.487c0.0,-2.761,-2.239,-5.0,-5.0,-5.0s-5.0,2.239,-5.0,5.0c0.0,-2.761,-2.239,-5.0,-5.0,-5.0s-5.0,2.239,-5.0,5.0c0.0,-2.761,-2.239,-5.0,-5.0,-5.0s-5.0,2.239,-5.0,5.0c0.0,-2.923,-2.509,-5.261,-5.491,-4.977C5.251,0.758,3.342,3.09,3.342,5.702l0.0,11.417C3.342,17.875,3.954,18.487,4.71,18.487h47.265C52.73,18.487,53.342,17.875,53.342,17.119V5.702C53.342,3.09,51.433,0.758,48.833,0.51z"" style=""fill:#DD352E;"">
 </path>
 <path d=""M51.974,18.487H4.71C3.954,18.487,3.342,17.875,3.342,17.119V14.487h50.0v2.632C53.342,17.875,52.73,18.487,51.974,18.487z"" style=""fill:#BFA380;"">
 </path>
 <path d=""M47.342,56.487c-0.553,0.0,-1.0,-0.447,-1.0,-1.0v-3.0c0.0,-0.553,0.447,-1.0,1.0,-1.0s1.0,0.447,1.0,1.0v3.0C48.342,56.04,47.895,56.487,47.342,56.487z"" style=""fill:#C7CAC7;"">
 </path>
 <path d=""M48.342,56.487h-2.0c-0.553,0.0,-1.0,-0.447,-1.0,-1.0s0.447,-1.0,1.0,-1.0h2.0c0.553,0.0,1.0,0.447,1.0,1.0S48.895,56.487,48.342,56.487z"" style=""fill:#C7CAC7;"">
 </path>
 <path d=""M9.342,56.487c-0.552,0.0,-1.0,-0.447,-1.0,-1.0v-3.0c0.0,-0.553,0.448,-1.0,1.0,-1.0s1.0,0.447,1.0,1.0v3.0C10.342,56.04,9.894,56.487,9.342,56.487z"" style=""fill:#C7CAC7;"">
 </path>
 <path d=""M10.342,56.487H8.342c-0.552,0.0,-1.0,-0.447,-1.0,-1.0s0.448,-1.0,1.0,-1.0h2.0c0.552,0.0,1.0,0.447,1.0,1.0S10.894,56.487,10.342,56.487z"" style=""fill:#C7CAC7;"">
 </path>
 <polygon points=""45.342,18.487 45.342,25.487 11.342,25.487 11.342,18.487 7.342,18.487 7.342,52.487 11.342,52.487 11.342,29.487 45.342,29.487 45.342,52.487 49.342,52.487 49.342,18.487"" style=""fill:#A88F71;"">
 </polygon>
</svg>


Question: What is the object in the image?",Dresser,stool,bed,bookshelve,B,furniture
96,"Examine the following SVG code carefully and answer the question based on your interpretation of the rendered image.

<svg id=""Layer_1"" style=""enable-background:new 0 0 389.523 389.523;"" version=""1.1"" viewbox=""0 0 389.523 389.523"" x=""0px"" xml:space=""preserve"" y=""0px"">
 <g>
  <polyline points=""364.073,59.902 29.637,59.902 29.637,169.677 364.073,169.677 364.073,59.902"" style=""fill:#F7B239;"">
  </polyline>
  <polyline points=""385.616,170.361 8.094,170.361 8.094,295.729 385.616,295.729 385.616,170.361"" style=""fill:#F7B239;"">
  </polyline>
  <path d=""M255.003,126.558H138.707c-19.053,0.0,-34.498,15.446,-34.498,34.498v9.305h185.293v-9.305C289.501,142.003,274.056,126.558,255.003,126.558"" style=""fill:#F2F2F2;"">
  </path>
  <path d=""M179.117,126.554h-34.834c-0.189,0.0,-0.38,0.001,-0.568,0.004h34.834C178.737,126.555,178.928,126.554,179.117,126.554"" style=""fill:#A17A36;"">
  </path>
  <polyline points=""139.056,170.361 104.211,170.361 104.211,170.366 139.056,170.366 139.056,170.361"" style=""fill:#A17A36;"">
  </polyline>
  <path d=""M178.549,126.558h-34.834c-21.878,0.303,-39.504,18.131,-39.504,40.068v3.735h34.845v-3.735C139.056,144.689,156.683,126.861,178.549,126.558"" style=""fill:#9E9E9E;"">
  </path>
  <path d=""M339.142,202.411h-0.016l-52.795,-0.137c-3.313,-0.009,-5.993,-2.702,-5.984,-6.016c0.009,-3.308,2.693,-5.984,6.0,-5.984h0.016l52.795,0.137c3.313,0.009,5.993,2.702,5.984,6.016C345.134,199.735,342.449,202.411,339.142,202.411z"" style=""fill:#FFFFFF;"">
  </path>
  <path d=""M360.938,202.274c-0.391,0.0,-0.79,-0.04,-1.17,-0.12c-0.391,-0.07,-0.761,-0.19,-1.13,-0.34c-0.36,-0.15,-0.711,-0.33,-1.03,-0.55c-0.33,-0.22,-0.641,-0.47,-0.91,-0.75c-0.28,-0.27,-0.53,-0.58,-0.75,-0.91c-0.22,-0.32,-0.4,-0.67,-0.55,-1.03c-0.15,-0.37,-0.271,-0.74,-0.34,-1.13c-0.08,-0.38,-0.12,-0.78,-0.12,-1.17s0.04,-0.79,0.12,-1.17c0.069,-0.38,0.189,-0.76,0.34,-1.12c0.149,-0.37,0.33,-0.71,0.55,-1.04s0.47,-0.64,0.75,-0.91c0.27,-0.28,0.58,-0.53,0.91,-0.75c0.319,-0.21,0.67,-0.4,1.03,-0.55c0.369,-0.15,0.739,-0.27,1.13,-0.34c0.77,-0.16,1.569,-0.16,2.34,0.0c0.38,0.07,0.76,0.19,1.12,0.34c0.37,0.15,0.71,0.34,1.04,0.55c0.33,0.22,0.64,0.47,0.909,0.75c0.28,0.27,0.53,0.58,0.75,0.91c0.211,0.33,0.4,0.67,0.551,1.04c0.149,0.36,0.26,0.74,0.34,1.12s0.12,0.78,0.12,1.17s-0.04,0.79,-0.12,1.17c-0.08,0.39,-0.19,0.76,-0.34,1.13c-0.15,0.36,-0.34,0.71,-0.551,1.03c-0.22,0.33,-0.47,0.64,-0.75,0.91c-0.27,0.28,-0.579,0.53,-0.909,0.75s-0.67,0.4,-1.04,0.55c-0.36,0.15,-0.74,0.27,-1.12,0.34C361.718,202.234,361.328,202.274,360.938,202.274z"" style=""fill:#FFFFFF;"">
  </path>
  <path d=""M319.473,93.466h-0.006l-136.387,-0.137c-3.314,-0.003,-5.998,-2.692,-5.994,-6.006c0.003,-3.312,2.689,-5.994,6.0,-5.994h0.006l136.387,0.137c3.313,0.003,5.997,2.692,5.994,6.006C325.47,90.784,322.784,93.466,319.473,93.466z"" style=""fill:#FFFFFF;"">
  </path>
  <path d=""M341.268,93.324c-1.58,0.0,-3.13,-0.64,-4.24,-1.75c-0.28,-0.28,-0.53,-0.59,-0.75,-0.91c-0.21,-0.33,-0.4,-0.68,-0.55,-1.04s-0.271,-0.74,-0.34,-1.12c-0.08,-0.39,-0.12,-0.78,-0.12,-1.17c0.0,-0.4,0.04,-0.79,0.12,-1.18c0.069,-0.38,0.189,-0.76,0.34,-1.12c0.149,-0.36,0.34,-0.71,0.55,-1.04c0.22,-0.32,0.47,-0.63,0.75,-0.91c1.11,-1.11,2.66,-1.76,4.24,-1.76s3.13,0.65,4.239,1.76c0.28,0.28,0.53,0.59,0.75,0.91c0.221,0.33,0.4,0.68,0.551,1.04c0.149,0.36,0.27,0.74,0.34,1.12c0.08,0.39,0.12,0.78,0.12,1.18c0.0,0.39,-0.04,0.78,-0.12,1.17c-0.07,0.38,-0.19,0.76,-0.34,1.12s-0.33,0.71,-0.551,1.04c-0.22,0.32,-0.47,0.63,-0.75,0.91C344.398,92.684,342.848,93.324,341.268,93.324z"" style=""fill:#FFFFFF;"">
  </path>
  <polyline points=""68.995,332.888 29.230,332.888 29.230,295.729 68.995,295.729 68.995,332.888"" style=""fill:#F7B239;"">
  </polyline>
  <polyline points=""364.480,332.888 324.715,332.888 324.715,295.729 364.480,295.729 364.480,332.888"" style=""fill:#F7B239;"">
  </polyline>
  <polyline points=""68.995,296.804 29.230,296.804 29.230,316.054 68.995,316.054 68.995,296.804"" style=""fill:#A17A36;"">
  </polyline>
  <polyline points=""364.480,296.804 324.715,296.804 324.715,316.054 364.480,316.054 364.480,296.804"" style=""fill:#A17A36;"">
  </polyline>
  <path d=""M385.616,164.361h-15.543V60.602c0.0,-3.313,-2.687,-6.0,-6.0,-6.0H29.637c-3.313,0.0,-6.0,2.687,-6.0,6.0v103.76H8.094c-3.313,0.0,-6.0,2.687,-6.0,6.0v125.368c0.0,3.314,2.687,6.0,6.0,6.0h15.136v31.159c0.0,3.313,2.687,6.0,6.0,6.0h39.765c3.313,0.0,6.0,-2.687,6.0,-6.0v-31.159h243.721v31.159c0.0,3.313,2.687,6.0,6.0,6.0h39.765c3.313,0.0,6.0,-2.687,6.0,-6.0v-31.159h15.136c3.313,0.0,6.0,-2.686,6.0,-6.0V170.361C391.616,167.048,388.929,164.361,385.616,164.361zM35.637,66.602h322.436v97.76h-62.571v-3.305c0.0,-22.331,-18.167,-40.498,-40.498,-40.498H138.707c-22.331,0.0,-40.498,18.167,-40.498,40.498v3.305H35.637V66.602zM283.502,164.361H110.209v-3.305c0.0,-15.714,12.784,-28.498,28.498,-28.498H255.004c15.714,0.0,28.498,12.784,28.498,28.498V164.361zM62.995,326.888H35.23v-25.159h27.765V326.888zM358.48,326.888h-27.765v-25.159h27.765V326.888zM379.616,289.729H14.094V176.361h365.522V289.729z"" style=""fill:#333333;"">
  </path>
 </g>
</svg>


Question: What is the primary color of the object?",Red,Blue,Yellow,Green,C,furniture
97,"Examine the following SVG code carefully and answer the question based on your interpretation of the rendered image.

<svg id=""Layer_1"" style=""enable-background:new 0 0 389.523 389.523;"" version=""1.1"" viewbox=""0 0 389.523 389.523"" x=""0px"" xml:space=""preserve"" y=""0px"">
 <g>
  <polyline points=""364.073,59.902 29.637,59.902 29.637,169.677 364.073,169.677 364.073,59.902"" style=""fill:#F7B239;"">
  </polyline>
  <polyline points=""385.616,170.361 8.094,170.361 8.094,295.729 385.616,295.729 385.616,170.361"" style=""fill:#F7B239;"">
  </polyline>
  <path d=""M255.003,126.558H138.707c-19.053,0.0,-34.498,15.446,-34.498,34.498v9.305h185.293v-9.305C289.501,142.003,274.056,126.558,255.003,126.558"" style=""fill:#F2F2F2;"">
  </path>
  <path d=""M179.117,126.554h-34.834c-0.189,0.0,-0.38,0.001,-0.568,0.004h34.834C178.737,126.555,178.928,126.554,179.117,126.554"" style=""fill:#A17A36;"">
  </path>
  <polyline points=""139.056,170.361 104.211,170.361 104.211,170.366 139.056,170.366 139.056,170.361"" style=""fill:#A17A36;"">
  </polyline>
  <path d=""M178.549,126.558h-34.834c-21.878,0.303,-39.504,18.131,-39.504,40.068v3.735h34.845v-3.735C139.056,144.689,156.683,126.861,178.549,126.558"" style=""fill:#9E9E9E;"">
  </path>
  <path d=""M339.142,202.411h-0.016l-52.795,-0.137c-3.313,-0.009,-5.993,-2.702,-5.984,-6.016c0.009,-3.308,2.693,-5.984,6.0,-5.984h0.016l52.795,0.137c3.313,0.009,5.993,2.702,5.984,6.016C345.134,199.735,342.449,202.411,339.142,202.411z"" style=""fill:#FFFFFF;"">
  </path>
  <path d=""M360.938,202.274c-0.391,0.0,-0.79,-0.04,-1.17,-0.12c-0.391,-0.07,-0.761,-0.19,-1.13,-0.34c-0.36,-0.15,-0.711,-0.33,-1.03,-0.55c-0.33,-0.22,-0.641,-0.47,-0.91,-0.75c-0.28,-0.27,-0.53,-0.58,-0.75,-0.91c-0.22,-0.32,-0.4,-0.67,-0.55,-1.03c-0.15,-0.37,-0.271,-0.74,-0.34,-1.13c-0.08,-0.38,-0.12,-0.78,-0.12,-1.17s0.04,-0.79,0.12,-1.17c0.069,-0.38,0.189,-0.76,0.34,-1.12c0.149,-0.37,0.33,-0.71,0.55,-1.04s0.47,-0.64,0.75,-0.91c0.27,-0.28,0.58,-0.53,0.91,-0.75c0.319,-0.21,0.67,-0.4,1.03,-0.55c0.369,-0.15,0.739,-0.27,1.13,-0.34c0.77,-0.16,1.569,-0.16,2.34,0.0c0.38,0.07,0.76,0.19,1.12,0.34c0.37,0.15,0.71,0.34,1.04,0.55c0.33,0.22,0.64,0.47,0.909,0.75c0.28,0.27,0.53,0.58,0.75,0.91c0.211,0.33,0.4,0.67,0.551,1.04c0.149,0.36,0.26,0.74,0.34,1.12s0.12,0.78,0.12,1.17s-0.04,0.79,-0.12,1.17c-0.08,0.39,-0.19,0.76,-0.34,1.13c-0.15,0.36,-0.34,0.71,-0.551,1.03c-0.22,0.33,-0.47,0.64,-0.75,0.91c-0.27,0.28,-0.579,0.53,-0.909,0.75s-0.67,0.4,-1.04,0.55c-0.36,0.15,-0.74,0.27,-1.12,0.34C361.718,202.234,361.328,202.274,360.938,202.274z"" style=""fill:#FFFFFF;"">
  </path>
  <path d=""M319.473,93.466h-0.006l-136.387,-0.137c-3.314,-0.003,-5.998,-2.692,-5.994,-6.006c0.003,-3.312,2.689,-5.994,6.0,-5.994h0.006l136.387,0.137c3.313,0.003,5.997,2.692,5.994,6.006C325.47,90.784,322.784,93.466,319.473,93.466z"" style=""fill:#FFFFFF;"">
  </path>
  <path d=""M341.268,93.324c-1.58,0.0,-3.13,-0.64,-4.24,-1.75c-0.28,-0.28,-0.53,-0.59,-0.75,-0.91c-0.21,-0.33,-0.4,-0.68,-0.55,-1.04s-0.271,-0.74,-0.34,-1.12c-0.08,-0.39,-0.12,-0.78,-0.12,-1.17c0.0,-0.4,0.04,-0.79,0.12,-1.18c0.069,-0.38,0.189,-0.76,0.34,-1.12c0.149,-0.36,0.34,-0.71,0.55,-1.04c0.22,-0.32,0.47,-0.63,0.75,-0.91c1.11,-1.11,2.66,-1.76,4.24,-1.76s3.13,0.65,4.239,1.76c0.28,0.28,0.53,0.59,0.75,0.91c0.221,0.33,0.4,0.68,0.551,1.04c0.149,0.36,0.27,0.74,0.34,1.12c0.08,0.39,0.12,0.78,0.12,1.18c0.0,0.39,-0.04,0.78,-0.12,1.17c-0.07,0.38,-0.19,0.76,-0.34,1.12s-0.33,0.71,-0.551,1.04c-0.22,0.32,-0.47,0.63,-0.75,0.91C344.398,92.684,342.848,93.324,341.268,93.324z"" style=""fill:#FFFFFF;"">
  </path>
  <polyline points=""68.995,332.888 29.230,332.888 29.230,295.729 68.995,295.729 68.995,332.888"" style=""fill:#F7B239;"">
  </polyline>
  <polyline points=""364.480,332.888 324.715,332.888 324.715,295.729 364.480,295.729 364.480,332.888"" style=""fill:#F7B239;"">
  </polyline>
  <polyline points=""68.995,296.804 29.230,296.804 29.230,316.054 68.995,316.054 68.995,296.804"" style=""fill:#A17A36;"">
  </polyline>
  <polyline points=""364.480,296.804 324.715,296.804 324.715,316.054 364.480,316.054 364.480,296.804"" style=""fill:#A17A36;"">
  </polyline>
  <path d=""M385.616,164.361h-15.543V60.602c0.0,-3.313,-2.687,-6.0,-6.0,-6.0H29.637c-3.313,0.0,-6.0,2.687,-6.0,6.0v103.76H8.094c-3.313,0.0,-6.0,2.687,-6.0,6.0v125.368c0.0,3.314,2.687,6.0,6.0,6.0h15.136v31.159c0.0,3.313,2.687,6.0,6.0,6.0h39.765c3.313,0.0,6.0,-2.687,6.0,-6.0v-31.159h243.721v31.159c0.0,3.313,2.687,6.0,6.0,6.0h39.765c3.313,0.0,6.0,-2.687,6.0,-6.0v-31.159h15.136c3.313,0.0,6.0,-2.686,6.0,-6.0V170.361C391.616,167.048,388.929,164.361,385.616,164.361zM35.637,66.602h322.436v97.76h-62.571v-3.305c0.0,-22.331,-18.167,-40.498,-40.498,-40.498H138.707c-22.331,0.0,-40.498,18.167,-40.498,40.498v3.305H35.637V66.602zM283.502,164.361H110.209v-3.305c0.0,-15.714,12.784,-28.498,28.498,-28.498H255.004c15.714,0.0,28.498,12.784,28.498,28.498V164.361zM62.995,326.888H35.23v-25.159h27.765V326.888zM358.48,326.888h-27.765v-25.159h27.765V326.888zM379.616,289.729H14.094V176.361h365.522V289.729z"" style=""fill:#333333;"">
  </path>
 </g>
</svg>


Question: How many legs does the object have?",One,Two,Three,Four,B,furniture
98,"Examine the following SVG code carefully and answer the question based on your interpretation of the rendered image.

<svg id=""Layer_1"" style=""enable-background:new 0 0 389.523 389.523;"" version=""1.1"" viewbox=""0 0 389.523 389.523"" x=""0px"" xml:space=""preserve"" y=""0px"">
 <g>
  <polyline points=""364.073,59.902 29.637,59.902 29.637,169.677 364.073,169.677 364.073,59.902"" style=""fill:#F7B239;"">
  </polyline>
  <polyline points=""385.616,170.361 8.094,170.361 8.094,295.729 385.616,295.729 385.616,170.361"" style=""fill:#F7B239;"">
  </polyline>
  <path d=""M255.003,126.558H138.707c-19.053,0.0,-34.498,15.446,-34.498,34.498v9.305h185.293v-9.305C289.501,142.003,274.056,126.558,255.003,126.558"" style=""fill:#F2F2F2;"">
  </path>
  <path d=""M179.117,126.554h-34.834c-0.189,0.0,-0.38,0.001,-0.568,0.004h34.834C178.737,126.555,178.928,126.554,179.117,126.554"" style=""fill:#A17A36;"">
  </path>
  <polyline points=""139.056,170.361 104.211,170.361 104.211,170.366 139.056,170.366 139.056,170.361"" style=""fill:#A17A36;"">
  </polyline>
  <path d=""M178.549,126.558h-34.834c-21.878,0.303,-39.504,18.131,-39.504,40.068v3.735h34.845v-3.735C139.056,144.689,156.683,126.861,178.549,126.558"" style=""fill:#9E9E9E;"">
  </path>
  <path d=""M339.142,202.411h-0.016l-52.795,-0.137c-3.313,-0.009,-5.993,-2.702,-5.984,-6.016c0.009,-3.308,2.693,-5.984,6.0,-5.984h0.016l52.795,0.137c3.313,0.009,5.993,2.702,5.984,6.016C345.134,199.735,342.449,202.411,339.142,202.411z"" style=""fill:#FFFFFF;"">
  </path>
  <path d=""M360.938,202.274c-0.391,0.0,-0.79,-0.04,-1.17,-0.12c-0.391,-0.07,-0.761,-0.19,-1.13,-0.34c-0.36,-0.15,-0.711,-0.33,-1.03,-0.55c-0.33,-0.22,-0.641,-0.47,-0.91,-0.75c-0.28,-0.27,-0.53,-0.58,-0.75,-0.91c-0.22,-0.32,-0.4,-0.67,-0.55,-1.03c-0.15,-0.37,-0.271,-0.74,-0.34,-1.13c-0.08,-0.38,-0.12,-0.78,-0.12,-1.17s0.04,-0.79,0.12,-1.17c0.069,-0.38,0.189,-0.76,0.34,-1.12c0.149,-0.37,0.33,-0.71,0.55,-1.04s0.47,-0.64,0.75,-0.91c0.27,-0.28,0.58,-0.53,0.91,-0.75c0.319,-0.21,0.67,-0.4,1.03,-0.55c0.369,-0.15,0.739,-0.27,1.13,-0.34c0.77,-0.16,1.569,-0.16,2.34,0.0c0.38,0.07,0.76,0.19,1.12,0.34c0.37,0.15,0.71,0.34,1.04,0.55c0.33,0.22,0.64,0.47,0.909,0.75c0.28,0.27,0.53,0.58,0.75,0.91c0.211,0.33,0.4,0.67,0.551,1.04c0.149,0.36,0.26,0.74,0.34,1.12s0.12,0.78,0.12,1.17s-0.04,0.79,-0.12,1.17c-0.08,0.39,-0.19,0.76,-0.34,1.13c-0.15,0.36,-0.34,0.71,-0.551,1.03c-0.22,0.33,-0.47,0.64,-0.75,0.91c-0.27,0.28,-0.579,0.53,-0.909,0.75s-0.67,0.4,-1.04,0.55c-0.36,0.15,-0.74,0.27,-1.12,0.34C361.718,202.234,361.328,202.274,360.938,202.274z"" style=""fill:#FFFFFF;"">
  </path>
  <path d=""M319.473,93.466h-0.006l-136.387,-0.137c-3.314,-0.003,-5.998,-2.692,-5.994,-6.006c0.003,-3.312,2.689,-5.994,6.0,-5.994h0.006l136.387,0.137c3.313,0.003,5.997,2.692,5.994,6.006C325.47,90.784,322.784,93.466,319.473,93.466z"" style=""fill:#FFFFFF;"">
  </path>
  <path d=""M341.268,93.324c-1.58,0.0,-3.13,-0.64,-4.24,-1.75c-0.28,-0.28,-0.53,-0.59,-0.75,-0.91c-0.21,-0.33,-0.4,-0.68,-0.55,-1.04s-0.271,-0.74,-0.34,-1.12c-0.08,-0.39,-0.12,-0.78,-0.12,-1.17c0.0,-0.4,0.04,-0.79,0.12,-1.18c0.069,-0.38,0.189,-0.76,0.34,-1.12c0.149,-0.36,0.34,-0.71,0.55,-1.04c0.22,-0.32,0.47,-0.63,0.75,-0.91c1.11,-1.11,2.66,-1.76,4.24,-1.76s3.13,0.65,4.239,1.76c0.28,0.28,0.53,0.59,0.75,0.91c0.221,0.33,0.4,0.68,0.551,1.04c0.149,0.36,0.27,0.74,0.34,1.12c0.08,0.39,0.12,0.78,0.12,1.18c0.0,0.39,-0.04,0.78,-0.12,1.17c-0.07,0.38,-0.19,0.76,-0.34,1.12s-0.33,0.71,-0.551,1.04c-0.22,0.32,-0.47,0.63,-0.75,0.91C344.398,92.684,342.848,93.324,341.268,93.324z"" style=""fill:#FFFFFF;"">
  </path>
  <polyline points=""68.995,332.888 29.230,332.888 29.230,295.729 68.995,295.729 68.995,332.888"" style=""fill:#F7B239;"">
  </polyline>
  <polyline points=""364.480,332.888 324.715,332.888 324.715,295.729 364.480,295.729 364.480,332.888"" style=""fill:#F7B239;"">
  </polyline>
  <polyline points=""68.995,296.804 29.230,296.804 29.230,316.054 68.995,316.054 68.995,296.804"" style=""fill:#A17A36;"">
  </polyline>
  <polyline points=""364.480,296.804 324.715,296.804 324.715,316.054 364.480,316.054 364.480,296.804"" style=""fill:#A17A36;"">
  </polyline>
  <path d=""M385.616,164.361h-15.543V60.602c0.0,-3.313,-2.687,-6.0,-6.0,-6.0H29.637c-3.313,0.0,-6.0,2.687,-6.0,6.0v103.76H8.094c-3.313,0.0,-6.0,2.687,-6.0,6.0v125.368c0.0,3.314,2.687,6.0,6.0,6.0h15.136v31.159c0.0,3.313,2.687,6.0,6.0,6.0h39.765c3.313,0.0,6.0,-2.687,6.0,-6.0v-31.159h243.721v31.159c0.0,3.313,2.687,6.0,6.0,6.0h39.765c3.313,0.0,6.0,-2.687,6.0,-6.0v-31.159h15.136c3.313,0.0,6.0,-2.686,6.0,-6.0V170.361C391.616,167.048,388.929,164.361,385.616,164.361zM35.637,66.602h322.436v97.76h-62.571v-3.305c0.0,-22.331,-18.167,-40.498,-40.498,-40.498H138.707c-22.331,0.0,-40.498,18.167,-40.498,40.498v3.305H35.637V66.602zM283.502,164.361H110.209v-3.305c0.0,-15.714,12.784,-28.498,28.498,-28.498H255.004c15.714,0.0,28.498,12.784,28.498,28.498V164.361zM62.995,326.888H35.23v-25.159h27.765V326.888zM358.48,326.888h-27.765v-25.159h27.765V326.888zM379.616,289.729H14.094V176.361h365.522V289.729z"" style=""fill:#333333;"">
  </path>
 </g>
</svg>


Question: What shape is the top part of the object?",Circular,Triangular,Hexagonal,Rectangular,D,furniture
99,"Examine the following SVG code carefully and answer the question based on your interpretation of the rendered image.

<svg id=""Layer_1"" style=""enable-background:new 0 0 389.523 389.523;"" version=""1.1"" viewbox=""0 0 389.523 389.523"" x=""0px"" xml:space=""preserve"" y=""0px"">
 <g>
  <polyline points=""364.073,59.902 29.637,59.902 29.637,169.677 364.073,169.677 364.073,59.902"" style=""fill:#F7B239;"">
  </polyline>
  <polyline points=""385.616,170.361 8.094,170.361 8.094,295.729 385.616,295.729 385.616,170.361"" style=""fill:#F7B239;"">
  </polyline>
  <path d=""M255.003,126.558H138.707c-19.053,0.0,-34.498,15.446,-34.498,34.498v9.305h185.293v-9.305C289.501,142.003,274.056,126.558,255.003,126.558"" style=""fill:#F2F2F2;"">
  </path>
  <path d=""M179.117,126.554h-34.834c-0.189,0.0,-0.38,0.001,-0.568,0.004h34.834C178.737,126.555,178.928,126.554,179.117,126.554"" style=""fill:#A17A36;"">
  </path>
  <polyline points=""139.056,170.361 104.211,170.361 104.211,170.366 139.056,170.366 139.056,170.361"" style=""fill:#A17A36;"">
  </polyline>
  <path d=""M178.549,126.558h-34.834c-21.878,0.303,-39.504,18.131,-39.504,40.068v3.735h34.845v-3.735C139.056,144.689,156.683,126.861,178.549,126.558"" style=""fill:#9E9E9E;"">
  </path>
  <path d=""M339.142,202.411h-0.016l-52.795,-0.137c-3.313,-0.009,-5.993,-2.702,-5.984,-6.016c0.009,-3.308,2.693,-5.984,6.0,-5.984h0.016l52.795,0.137c3.313,0.009,5.993,2.702,5.984,6.016C345.134,199.735,342.449,202.411,339.142,202.411z"" style=""fill:#FFFFFF;"">
  </path>
  <path d=""M360.938,202.274c-0.391,0.0,-0.79,-0.04,-1.17,-0.12c-0.391,-0.07,-0.761,-0.19,-1.13,-0.34c-0.36,-0.15,-0.711,-0.33,-1.03,-0.55c-0.33,-0.22,-0.641,-0.47,-0.91,-0.75c-0.28,-0.27,-0.53,-0.58,-0.75,-0.91c-0.22,-0.32,-0.4,-0.67,-0.55,-1.03c-0.15,-0.37,-0.271,-0.74,-0.34,-1.13c-0.08,-0.38,-0.12,-0.78,-0.12,-1.17s0.04,-0.79,0.12,-1.17c0.069,-0.38,0.189,-0.76,0.34,-1.12c0.149,-0.37,0.33,-0.71,0.55,-1.04s0.47,-0.64,0.75,-0.91c0.27,-0.28,0.58,-0.53,0.91,-0.75c0.319,-0.21,0.67,-0.4,1.03,-0.55c0.369,-0.15,0.739,-0.27,1.13,-0.34c0.77,-0.16,1.569,-0.16,2.34,0.0c0.38,0.07,0.76,0.19,1.12,0.34c0.37,0.15,0.71,0.34,1.04,0.55c0.33,0.22,0.64,0.47,0.909,0.75c0.28,0.27,0.53,0.58,0.75,0.91c0.211,0.33,0.4,0.67,0.551,1.04c0.149,0.36,0.26,0.74,0.34,1.12s0.12,0.78,0.12,1.17s-0.04,0.79,-0.12,1.17c-0.08,0.39,-0.19,0.76,-0.34,1.13c-0.15,0.36,-0.34,0.71,-0.551,1.03c-0.22,0.33,-0.47,0.64,-0.75,0.91c-0.27,0.28,-0.579,0.53,-0.909,0.75s-0.67,0.4,-1.04,0.55c-0.36,0.15,-0.74,0.27,-1.12,0.34C361.718,202.234,361.328,202.274,360.938,202.274z"" style=""fill:#FFFFFF;"">
  </path>
  <path d=""M319.473,93.466h-0.006l-136.387,-0.137c-3.314,-0.003,-5.998,-2.692,-5.994,-6.006c0.003,-3.312,2.689,-5.994,6.0,-5.994h0.006l136.387,0.137c3.313,0.003,5.997,2.692,5.994,6.006C325.47,90.784,322.784,93.466,319.473,93.466z"" style=""fill:#FFFFFF;"">
  </path>
  <path d=""M341.268,93.324c-1.58,0.0,-3.13,-0.64,-4.24,-1.75c-0.28,-0.28,-0.53,-0.59,-0.75,-0.91c-0.21,-0.33,-0.4,-0.68,-0.55,-1.04s-0.271,-0.74,-0.34,-1.12c-0.08,-0.39,-0.12,-0.78,-0.12,-1.17c0.0,-0.4,0.04,-0.79,0.12,-1.18c0.069,-0.38,0.189,-0.76,0.34,-1.12c0.149,-0.36,0.34,-0.71,0.55,-1.04c0.22,-0.32,0.47,-0.63,0.75,-0.91c1.11,-1.11,2.66,-1.76,4.24,-1.76s3.13,0.65,4.239,1.76c0.28,0.28,0.53,0.59,0.75,0.91c0.221,0.33,0.4,0.68,0.551,1.04c0.149,0.36,0.27,0.74,0.34,1.12c0.08,0.39,0.12,0.78,0.12,1.18c0.0,0.39,-0.04,0.78,-0.12,1.17c-0.07,0.38,-0.19,0.76,-0.34,1.12s-0.33,0.71,-0.551,1.04c-0.22,0.32,-0.47,0.63,-0.75,0.91C344.398,92.684,342.848,93.324,341.268,93.324z"" style=""fill:#FFFFFF;"">
  </path>
  <polyline points=""68.995,332.888 29.230,332.888 29.230,295.729 68.995,295.729 68.995,332.888"" style=""fill:#F7B239;"">
  </polyline>
  <polyline points=""364.480,332.888 324.715,332.888 324.715,295.729 364.480,295.729 364.480,332.888"" style=""fill:#F7B239;"">
  </polyline>
  <polyline points=""68.995,296.804 29.230,296.804 29.230,316.054 68.995,316.054 68.995,296.804"" style=""fill:#A17A36;"">
  </polyline>
  <polyline points=""364.480,296.804 324.715,296.804 324.715,316.054 364.480,316.054 364.480,296.804"" style=""fill:#A17A36;"">
  </polyline>
  <path d=""M385.616,164.361h-15.543V60.602c0.0,-3.313,-2.687,-6.0,-6.0,-6.0H29.637c-3.313,0.0,-6.0,2.687,-6.0,6.0v103.76H8.094c-3.313,0.0,-6.0,2.687,-6.0,6.0v125.368c0.0,3.314,2.687,6.0,6.0,6.0h15.136v31.159c0.0,3.313,2.687,6.0,6.0,6.0h39.765c3.313,0.0,6.0,-2.687,6.0,-6.0v-31.159h243.721v31.159c0.0,3.313,2.687,6.0,6.0,6.0h39.765c3.313,0.0,6.0,-2.687,6.0,-6.0v-31.159h15.136c3.313,0.0,6.0,-2.686,6.0,-6.0V170.361C391.616,167.048,388.929,164.361,385.616,164.361zM35.637,66.602h322.436v97.76h-62.571v-3.305c0.0,-22.331,-18.167,-40.498,-40.498,-40.498H138.707c-22.331,0.0,-40.498,18.167,-40.498,40.498v3.305H35.637V66.602zM283.502,164.361H110.209v-3.305c0.0,-15.714,12.784,-28.498,28.498,-28.498H255.004c15.714,0.0,28.498,12.784,28.498,28.498V164.361zM62.995,326.888H35.23v-25.159h27.765V326.888zM358.48,326.888h-27.765v-25.159h27.765V326.888zM379.616,289.729H14.094V176.361h365.522V289.729z"" style=""fill:#333333;"">
  </path>
 </g>
</svg>


Question: What is the object in the image?",Chair,Bed,Table,Sofa,B,furniture
120,"Examine the following SVG code carefully and answer the question based on your interpretation of the rendered image.

<svg id=""Capa_1"" style=""enable-background:new 0 0 512 512;"" version=""1.1"" viewbox=""0 0 512 512"" x=""0px"" xml:space=""preserve"" y=""0px"">
 <g>
  <path d=""M467.883,179.523c-26.469,0.0,-48.0,21.531,-48.0,48.0v40.0v56.0c0.0,8.837,-7.163,16.0,-16.0,16.0H115.883c-8.837,0.0,-16.0,-7.163,-16.0,-16.0v-56.0v-40.0c0.0,-26.469,-21.531,-48.0,-48.0,-48.0S3.883,201.054,3.883,227.523c0.0,20.852,13.387,38.589,32.0,45.2V283.523v136.0c0.0,17.645,14.351,32.0,32.0,32.0h384.0c17.649,0.0,32.0,-14.355,32.0,-32.0V283.523v-10.8c18.613,-6.61,32.0,-24.348,32.0,-45.2C515.883,201.054,494.352,179.523,467.883,179.523z"" style=""fill:#3F556B;"">
  </path>
  <path d=""M419.883,267.523V83.523c0.0,-22.055,-19.383,-40.0,-43.203,-40.0H143.078C119.258,43.523,99.883,61.468,99.883,83.523v184.0H419.883z"" style=""fill:#3CB44A;"">
  </path>
  <circle cx=""211.883"" cy=""123.523"" r=""16"" style=""fill:#0E9247;"">
  </circle>
  <circle cx=""307.883"" cy=""123.523"" r=""16"" style=""fill:#0E9247;"">
  </circle>
  <circle cx=""211.883"" cy=""195.523"" r=""16"" style=""fill:#0E9247;"">
  </circle>
  <circle cx=""307.883"" cy=""195.523"" r=""16"" style=""fill:#0E9247;"">
  </circle>
  <path d=""M419.883,267.523H99.883v56.0c0.0,8.837,7.163,16.0,16.0,16.0h288.0c8.837,0.0,16.0,-7.163,16.0,-16.0V267.523z"" style=""fill:#0E9247;"">
  </path>
  <path d=""M403.883,339.523H115.883c-8.837,0.0,-16.0,-7.163,-16.0,-16.0v128.0h16.0v-80.0c0.0,-8.837,7.163,-16.0,16.0,-16.0h256.0c8.837,0.0,16.0,7.163,16.0,16.0v80.0h16.0V323.523C419.883,332.36,412.72,339.523,403.883,339.523z"" style=""fill:#35495C;"">
  </path>
  <path d=""M99.681,231.523C97.643,256.157,77.042,275.523,51.883,275.523c-5.63,0.0,-10.983,-1.069,-16.0,-2.854V291.523h16.0c26.51,0.0,48.0,-29.49,48.0,-56.0C99.883,234.173,99.79,232.845,99.681,231.523z"" style=""fill:#35495C;"">
  </path>
  <path d=""M420.085,231.523c2.038,24.634,22.638,44.0,47.798,44.0c5.63,0.0,10.983,-1.069,16.0,-2.854V291.523h-16.0c-26.51,0.0,-48.0,-29.49,-48.0,-56.0C419.883,234.173,419.976,232.845,420.085,231.523z"" style=""fill:#35495C;"">
  </path>
  <path d=""M419.883,267.523L419.883,267.523c-8.837,0.0,-16.0,7.163,-16.0,16.0v32.0c0.0,4.418,-3.582,8.0,-8.0,8.0H99.883c0.0,8.837,7.163,16.0,16.0,16.0h288.0c8.837,0.0,16.0,-7.164,16.0,-16.001V267.523z"" style=""fill:#04803D;"">
  </path>
  <path d=""M360.305,468.368C362.273,472.303,367.483,475.523,371.883,475.523h24.0c4.4,0.0,8.0,-3.6,8.0,-8.0v-16.0h-52.0L360.305,468.368z"" style=""fill:#35495C;"">
  </path>
  <path d=""M115.883,451.523v16.0c0.0,4.4,3.6,8.0,8.0,8.0h24.0c4.4,0.0,9.609,-3.22,11.578,-7.155L167.883,451.523H115.883z"" style=""fill:#35495C;"">
  </path>
 </g>
</svg>


Question: What is the primary color of the backrest of the object?",Green,Blue,Red,Yellow,A,furniture
121,"Examine the following SVG code carefully and answer the question based on your interpretation of the rendered image.

<svg id=""Capa_1"" style=""enable-background:new 0 0 512 512;"" version=""1.1"" viewbox=""0 0 512 512"" x=""0px"" xml:space=""preserve"" y=""0px"">
 <g>
  <path d=""M467.883,179.523c-26.469,0.0,-48.0,21.531,-48.0,48.0v40.0v56.0c0.0,8.837,-7.163,16.0,-16.0,16.0H115.883c-8.837,0.0,-16.0,-7.163,-16.0,-16.0v-56.0v-40.0c0.0,-26.469,-21.531,-48.0,-48.0,-48.0S3.883,201.054,3.883,227.523c0.0,20.852,13.387,38.589,32.0,45.2V283.523v136.0c0.0,17.645,14.351,32.0,32.0,32.0h384.0c17.649,0.0,32.0,-14.355,32.0,-32.0V283.523v-10.8c18.613,-6.61,32.0,-24.348,32.0,-45.2C515.883,201.054,494.352,179.523,467.883,179.523z"" style=""fill:#3F556B;"">
  </path>
  <path d=""M419.883,267.523V83.523c0.0,-22.055,-19.383,-40.0,-43.203,-40.0H143.078C119.258,43.523,99.883,61.468,99.883,83.523v184.0H419.883z"" style=""fill:#3CB44A;"">
  </path>
  <circle cx=""211.883"" cy=""123.523"" r=""16"" style=""fill:#0E9247;"">
  </circle>
  <circle cx=""307.883"" cy=""123.523"" r=""16"" style=""fill:#0E9247;"">
  </circle>
  <circle cx=""211.883"" cy=""195.523"" r=""16"" style=""fill:#0E9247;"">
  </circle>
  <circle cx=""307.883"" cy=""195.523"" r=""16"" style=""fill:#0E9247;"">
  </circle>
  <path d=""M419.883,267.523H99.883v56.0c0.0,8.837,7.163,16.0,16.0,16.0h288.0c8.837,0.0,16.0,-7.163,16.0,-16.0V267.523z"" style=""fill:#0E9247;"">
  </path>
  <path d=""M403.883,339.523H115.883c-8.837,0.0,-16.0,-7.163,-16.0,-16.0v128.0h16.0v-80.0c0.0,-8.837,7.163,-16.0,16.0,-16.0h256.0c8.837,0.0,16.0,7.163,16.0,16.0v80.0h16.0V323.523C419.883,332.36,412.72,339.523,403.883,339.523z"" style=""fill:#35495C;"">
  </path>
  <path d=""M99.681,231.523C97.643,256.157,77.042,275.523,51.883,275.523c-5.63,0.0,-10.983,-1.069,-16.0,-2.854V291.523h16.0c26.51,0.0,48.0,-29.49,48.0,-56.0C99.883,234.173,99.79,232.845,99.681,231.523z"" style=""fill:#35495C;"">
  </path>
  <path d=""M420.085,231.523c2.038,24.634,22.638,44.0,47.798,44.0c5.63,0.0,10.983,-1.069,16.0,-2.854V291.523h-16.0c-26.51,0.0,-48.0,-29.49,-48.0,-56.0C419.883,234.173,419.976,232.845,420.085,231.523z"" style=""fill:#35495C;"">
  </path>
  <path d=""M419.883,267.523L419.883,267.523c-8.837,0.0,-16.0,7.163,-16.0,16.0v32.0c0.0,4.418,-3.582,8.0,-8.0,8.0H99.883c0.0,8.837,7.163,16.0,16.0,16.0h288.0c8.837,0.0,16.0,-7.164,16.0,-16.001V267.523z"" style=""fill:#04803D;"">
  </path>
  <path d=""M360.305,468.368C362.273,472.303,367.483,475.523,371.883,475.523h24.0c4.4,0.0,8.0,-3.6,8.0,-8.0v-16.0h-52.0L360.305,468.368z"" style=""fill:#35495C;"">
  </path>
  <path d=""M115.883,451.523v16.0c0.0,4.4,3.6,8.0,8.0,8.0h24.0c4.4,0.0,9.609,-3.22,11.578,-7.155L167.883,451.523H115.883z"" style=""fill:#35495C;"">
  </path>
 </g>
</svg>


Question: How many buttons are visible on the backrest of the object?",Four,Three,Two,Five,A,furniture
122,"Examine the following SVG code carefully and answer the question based on your interpretation of the rendered image.

<svg id=""Capa_1"" style=""enable-background:new 0 0 512 512;"" version=""1.1"" viewbox=""0 0 512 512"" x=""0px"" xml:space=""preserve"" y=""0px"">
 <g>
  <path d=""M467.883,179.523c-26.469,0.0,-48.0,21.531,-48.0,48.0v40.0v56.0c0.0,8.837,-7.163,16.0,-16.0,16.0H115.883c-8.837,0.0,-16.0,-7.163,-16.0,-16.0v-56.0v-40.0c0.0,-26.469,-21.531,-48.0,-48.0,-48.0S3.883,201.054,3.883,227.523c0.0,20.852,13.387,38.589,32.0,45.2V283.523v136.0c0.0,17.645,14.351,32.0,32.0,32.0h384.0c17.649,0.0,32.0,-14.355,32.0,-32.0V283.523v-10.8c18.613,-6.61,32.0,-24.348,32.0,-45.2C515.883,201.054,494.352,179.523,467.883,179.523z"" style=""fill:#3F556B;"">
  </path>
  <path d=""M419.883,267.523V83.523c0.0,-22.055,-19.383,-40.0,-43.203,-40.0H143.078C119.258,43.523,99.883,61.468,99.883,83.523v184.0H419.883z"" style=""fill:#3CB44A;"">
  </path>
  <circle cx=""211.883"" cy=""123.523"" r=""16"" style=""fill:#0E9247;"">
  </circle>
  <circle cx=""307.883"" cy=""123.523"" r=""16"" style=""fill:#0E9247;"">
  </circle>
  <circle cx=""211.883"" cy=""195.523"" r=""16"" style=""fill:#0E9247;"">
  </circle>
  <circle cx=""307.883"" cy=""195.523"" r=""16"" style=""fill:#0E9247;"">
  </circle>
  <path d=""M419.883,267.523H99.883v56.0c0.0,8.837,7.163,16.0,16.0,16.0h288.0c8.837,0.0,16.0,-7.163,16.0,-16.0V267.523z"" style=""fill:#0E9247;"">
  </path>
  <path d=""M403.883,339.523H115.883c-8.837,0.0,-16.0,-7.163,-16.0,-16.0v128.0h16.0v-80.0c0.0,-8.837,7.163,-16.0,16.0,-16.0h256.0c8.837,0.0,16.0,7.163,16.0,16.0v80.0h16.0V323.523C419.883,332.36,412.72,339.523,403.883,339.523z"" style=""fill:#35495C;"">
  </path>
  <path d=""M99.681,231.523C97.643,256.157,77.042,275.523,51.883,275.523c-5.63,0.0,-10.983,-1.069,-16.0,-2.854V291.523h16.0c26.51,0.0,48.0,-29.49,48.0,-56.0C99.883,234.173,99.79,232.845,99.681,231.523z"" style=""fill:#35495C;"">
  </path>
  <path d=""M420.085,231.523c2.038,24.634,22.638,44.0,47.798,44.0c5.63,0.0,10.983,-1.069,16.0,-2.854V291.523h-16.0c-26.51,0.0,-48.0,-29.49,-48.0,-56.0C419.883,234.173,419.976,232.845,420.085,231.523z"" style=""fill:#35495C;"">
  </path>
  <path d=""M419.883,267.523L419.883,267.523c-8.837,0.0,-16.0,7.163,-16.0,16.0v32.0c0.0,4.418,-3.582,8.0,-8.0,8.0H99.883c0.0,8.837,7.163,16.0,16.0,16.0h288.0c8.837,0.0,16.0,-7.164,16.0,-16.001V267.523z"" style=""fill:#04803D;"">
  </path>
  <path d=""M360.305,468.368C362.273,472.303,367.483,475.523,371.883,475.523h24.0c4.4,0.0,8.0,-3.6,8.0,-8.0v-16.0h-52.0L360.305,468.368z"" style=""fill:#35495C;"">
  </path>
  <path d=""M115.883,451.523v16.0c0.0,4.4,3.6,8.0,8.0,8.0h24.0c4.4,0.0,9.609,-3.22,11.578,-7.155L167.883,451.523H115.883z"" style=""fill:#35495C;"">
  </path>
 </g>
</svg>


Question: What shape are the armrests of the object?",Circular,Rectangular,Triangular,Hexagonal,A,furniture
123,"Examine the following SVG code carefully and answer the question based on your interpretation of the rendered image.

<svg id=""Capa_1"" style=""enable-background:new 0 0 512 512;"" version=""1.1"" viewbox=""0 0 512 512"" x=""0px"" xml:space=""preserve"" y=""0px"">
 <g>
  <path d=""M467.883,179.523c-26.469,0.0,-48.0,21.531,-48.0,48.0v40.0v56.0c0.0,8.837,-7.163,16.0,-16.0,16.0H115.883c-8.837,0.0,-16.0,-7.163,-16.0,-16.0v-56.0v-40.0c0.0,-26.469,-21.531,-48.0,-48.0,-48.0S3.883,201.054,3.883,227.523c0.0,20.852,13.387,38.589,32.0,45.2V283.523v136.0c0.0,17.645,14.351,32.0,32.0,32.0h384.0c17.649,0.0,32.0,-14.355,32.0,-32.0V283.523v-10.8c18.613,-6.61,32.0,-24.348,32.0,-45.2C515.883,201.054,494.352,179.523,467.883,179.523z"" style=""fill:#3F556B;"">
  </path>
  <path d=""M419.883,267.523V83.523c0.0,-22.055,-19.383,-40.0,-43.203,-40.0H143.078C119.258,43.523,99.883,61.468,99.883,83.523v184.0H419.883z"" style=""fill:#3CB44A;"">
  </path>
  <circle cx=""211.883"" cy=""123.523"" r=""16"" style=""fill:#0E9247;"">
  </circle>
  <circle cx=""307.883"" cy=""123.523"" r=""16"" style=""fill:#0E9247;"">
  </circle>
  <circle cx=""211.883"" cy=""195.523"" r=""16"" style=""fill:#0E9247;"">
  </circle>
  <circle cx=""307.883"" cy=""195.523"" r=""16"" style=""fill:#0E9247;"">
  </circle>
  <path d=""M419.883,267.523H99.883v56.0c0.0,8.837,7.163,16.0,16.0,16.0h288.0c8.837,0.0,16.0,-7.163,16.0,-16.0V267.523z"" style=""fill:#0E9247;"">
  </path>
  <path d=""M403.883,339.523H115.883c-8.837,0.0,-16.0,-7.163,-16.0,-16.0v128.0h16.0v-80.0c0.0,-8.837,7.163,-16.0,16.0,-16.0h256.0c8.837,0.0,16.0,7.163,16.0,16.0v80.0h16.0V323.523C419.883,332.36,412.72,339.523,403.883,339.523z"" style=""fill:#35495C;"">
  </path>
  <path d=""M99.681,231.523C97.643,256.157,77.042,275.523,51.883,275.523c-5.63,0.0,-10.983,-1.069,-16.0,-2.854V291.523h16.0c26.51,0.0,48.0,-29.49,48.0,-56.0C99.883,234.173,99.79,232.845,99.681,231.523z"" style=""fill:#35495C;"">
  </path>
  <path d=""M420.085,231.523c2.038,24.634,22.638,44.0,47.798,44.0c5.63,0.0,10.983,-1.069,16.0,-2.854V291.523h-16.0c-26.51,0.0,-48.0,-29.49,-48.0,-56.0C419.883,234.173,419.976,232.845,420.085,231.523z"" style=""fill:#35495C;"">
  </path>
  <path d=""M419.883,267.523L419.883,267.523c-8.837,0.0,-16.0,7.163,-16.0,16.0v32.0c0.0,4.418,-3.582,8.0,-8.0,8.0H99.883c0.0,8.837,7.163,16.0,16.0,16.0h288.0c8.837,0.0,16.0,-7.164,16.0,-16.001V267.523z"" style=""fill:#04803D;"">
  </path>
  <path d=""M360.305,468.368C362.273,472.303,367.483,475.523,371.883,475.523h24.0c4.4,0.0,8.0,-3.6,8.0,-8.0v-16.0h-52.0L360.305,468.368z"" style=""fill:#35495C;"">
  </path>
  <path d=""M115.883,451.523v16.0c0.0,4.4,3.6,8.0,8.0,8.0h24.0c4.4,0.0,9.609,-3.22,11.578,-7.155L167.883,451.523H115.883z"" style=""fill:#35495C;"">
  </path>
 </g>
</svg>


Question: What type of furniture is depicted in the image?",Table,Chair,Bed,Sofa,D,furniture
136,"Examine the following SVG code carefully and answer the question based on your interpretation of the rendered image.

<svg id=""Layer_1"" style=""enable-background:new 0 0 490 490;"" version=""1.1"" viewbox=""0 0 490 490"" x=""0px"" xml:space=""preserve"" y=""0px"">
 <g>
  <rect height=""22.969"" style=""fill:#FCC062;"" width=""125.558"" x=""177.079"" y=""19.525"">
  </rect>
  <path d=""M177.079,187.963h125.558V57.806H177.079V187.963zM209.214,73.119h76.563c4.229,0.0,7.656,3.428,7.656,7.656l9.0,18.32h-91.875l-6.03,-12.275c-1.804,-1.4,-2.97,-3.584,-2.97,-6.045C201.558,76.547,204.986,73.119,209.214,73.119zM184.559,162.848v-55.334h16.0v67.91h-16.0V162.848z"" style=""fill:#FCC062;"">
  </path>
  <path d=""M177.079,264.526h125.558v-22.969H186.246c-4.229,0.0,-7.656,-3.428,-7.656,-7.656c0.0,-4.229,3.428,-7.656,7.656,-7.656h116.391v-22.969H177.079V264.526z"" style=""fill:#FCC062;"">
  </path>
  <path d=""M177.079,409.995h125.558V279.838H177.079V409.995zM209.214,295.151h76.563c4.229,0.0,7.656,3.428,7.656,7.656l9.0,18.32h-91.875l-6.03,-12.275c-1.804,-1.401,-2.97,-3.584,-2.97,-6.045C201.558,298.579,204.986,295.151,209.214,295.151zM184.559,383.149v-55.334h16.0v67.91h-16.0V383.149z"" style=""fill:#FCC062;"">
  </path>
  <rect height=""22.969"" style=""fill:#FCC062;"" width=""125.558"" x=""177.079"" y=""425.307"">
  </rect>
  <rect height=""130.157"" style=""fill:#FBB03B;"" width=""21.422"" x=""302.637"" y=""57.806"">
  </rect>
  <path d=""M302.637,42.494h29.078c4.229,0.0,7.656,3.428,7.656,7.656v145.469c0.0,4.229,-3.427,7.656,-7.656,7.656h-29.078v22.969h6.108c4.229,0.0,7.656,3.427,7.656,7.656s-3.428,7.656,-7.656,7.656h-6.108v22.969h29.078c4.229,0.0,7.656,3.427,7.656,7.656v145.469c0.0,4.229,-3.427,7.656,-7.656,7.656h-29.078v22.969h59.703v-206.72h-15.313c-4.228,0.0,-7.656,-3.428,-7.656,-7.656c0.0,-4.229,3.428,-7.656,7.656,-7.656h15.313V19.525h-59.703V42.494z"" style=""fill:#FBB03B;"">
  </path>
  <rect height=""130.157"" style=""fill:#FBB03B;"" width=""21.422"" x=""302.637"" y=""279.838"">
  </rect>
  <rect height=""130.157"" style=""fill:#FDD089;"" width=""6.146"" x=""170.933"" y=""57.806"">
  </rect>
  <path d=""M163.277,425.307c-4.228,0.0,-7.656,-3.427,-7.656,-7.656V272.182c0.0,-4.229,3.428,-7.656,7.656,-7.656h13.802v-61.251h-13.802c-4.228,0.0,-7.656,-3.427,-7.656,-7.656V50.15c0.0,-4.229,3.428,-7.656,7.656,-7.656h13.802V19.525h-44.428v206.719h15.313c4.229,0.0,7.656,3.427,7.656,7.656s-3.428,7.656,-7.656,7.656h-15.313v206.72h44.428v-22.969H163.277z"" style=""fill:#FDD089;"">
  </path>
  <rect height=""130.157"" style=""fill:#FDD089;"" width=""6.146"" x=""170.933"" y=""279.838"">
  </rect>
  <path d=""M285.777,88.431h-76.563c-1.768,0.0,-3.39,-0.605,-4.686,-1.611l6.03,12.275h91.875l-9.0,-18.32C293.433,85.004,290.006,88.431,285.777,88.431z"" style=""fill:#FBB03B;"">
  </path>
  <path d=""M285.777,310.463h-76.563c-1.768,0.0,-3.39,-0.605,-4.686,-1.611l6.03,12.275h91.875l-9.0,-18.32C293.433,307.036,290.006,310.463,285.777,310.463z"" style=""fill:#FBB03B;"">
  </path>
  <path d=""M369.996,4.213h-245.0c-4.229,0.0,-7.656,3.428,-7.656,7.656v444.063c0.0,4.229,3.427,7.656,7.656,7.656h22.969v22.969c0.0,4.229,3.428,7.656,7.656,7.656c4.228,0.0,7.656,-3.427,7.656,-7.656v-22.969h169.231v22.969c0.0,4.229,3.427,7.656,7.656,7.656c4.228,0.0,7.656,-3.427,7.656,-7.656v-22.969H369.996c4.229,0.0,7.656,-3.427,7.656,-7.656V11.869C377.652,7.641,374.225,4.213,369.996,4.213zM362.34,226.244h-15.313c-4.228,0.0,-7.656,3.427,-7.656,7.656s3.428,7.656,7.656,7.656h15.313v206.72h-59.703H177.079h-44.428v-206.72h15.313c4.229,0.0,7.656,-3.428,7.656,-7.656c0.0,-4.229,-3.428,-7.656,-7.656,-7.656h-15.313V19.525h44.428h125.558h59.703V226.244z"">
  </path>
  <path d=""M163.277,42.494c-4.228,0.0,-7.656,3.428,-7.656,7.656v145.469c0.0,4.229,3.428,7.656,7.656,7.656h13.802h125.558h29.078c4.229,0.0,7.656,-3.427,7.656,-7.656V50.15c0.0,-4.229,-3.427,-7.656,-7.656,-7.656h-29.078H177.079H163.277zM324.059,57.806V187.963h-21.422H177.079h-6.146V57.806h6.146h125.558H324.059z"">
  </path>
  <path d=""M163.277,264.526c-4.228,0.0,-7.656,3.427,-7.656,7.656v145.469c0.0,4.229,3.428,7.656,7.656,7.656h13.802h125.558h29.078c4.229,0.0,7.656,-3.427,7.656,-7.656V272.182c0.0,-4.229,-3.427,-7.656,-7.656,-7.656h-29.078H177.079H163.277zM324.059,279.838v130.157h-21.422H177.079h-6.146V279.838h6.146h125.558H324.059z"">
  </path>
  <path d=""M178.59,233.9c0.0,4.229,3.428,7.656,7.656,7.656h116.391h6.108c4.229,0.0,7.656,-3.428,7.656,-7.656c0.0,-4.229,-3.428,-7.656,-7.656,-7.656h-6.108H186.246C182.018,226.244,178.59,229.672,178.59,233.9z"">
  </path>
  <path d=""M204.528,86.821c1.296,1.006,2.918,1.611,4.686,1.611h76.563c4.229,0.0,7.656,-3.427,7.656,-7.656s-3.427,-7.656,-7.656,-7.656h-76.563c-4.229,0.0,-7.656,3.428,-7.656,7.656C201.558,83.236,202.724,85.42,204.528,86.821z"">
  </path>
  <path d=""M204.528,308.852c1.296,1.006,2.919,1.611,4.686,1.611h76.563c4.229,0.0,7.656,-3.428,7.656,-7.656s-3.427,-7.656,-7.656,-7.656h-76.563c-4.229,0.0,-7.656,3.428,-7.656,7.656C201.558,305.268,202.724,307.452,204.528,308.852z"">
  </path>
  <rect height=""67.91"" style=""fill:#FFFFFF;"" width=""16"" x=""184.559"" y=""107.514"">
  </rect>
  <rect height=""67.91"" style=""fill:#FFFFFF;"" width=""16"" x=""184.559"" y=""327.815"">
  </rect>
 </g>
</svg>


Question: What is the primary color of the object?",Red,Blue,Yellow,Green,C,furniture
137,"Examine the following SVG code carefully and answer the question based on your interpretation of the rendered image.

<svg id=""Layer_1"" style=""enable-background:new 0 0 490 490;"" version=""1.1"" viewbox=""0 0 490 490"" x=""0px"" xml:space=""preserve"" y=""0px"">
 <g>
  <rect height=""22.969"" style=""fill:#FCC062;"" width=""125.558"" x=""177.079"" y=""19.525"">
  </rect>
  <path d=""M177.079,187.963h125.558V57.806H177.079V187.963zM209.214,73.119h76.563c4.229,0.0,7.656,3.428,7.656,7.656l9.0,18.32h-91.875l-6.03,-12.275c-1.804,-1.4,-2.97,-3.584,-2.97,-6.045C201.558,76.547,204.986,73.119,209.214,73.119zM184.559,162.848v-55.334h16.0v67.91h-16.0V162.848z"" style=""fill:#FCC062;"">
  </path>
  <path d=""M177.079,264.526h125.558v-22.969H186.246c-4.229,0.0,-7.656,-3.428,-7.656,-7.656c0.0,-4.229,3.428,-7.656,7.656,-7.656h116.391v-22.969H177.079V264.526z"" style=""fill:#FCC062;"">
  </path>
  <path d=""M177.079,409.995h125.558V279.838H177.079V409.995zM209.214,295.151h76.563c4.229,0.0,7.656,3.428,7.656,7.656l9.0,18.32h-91.875l-6.03,-12.275c-1.804,-1.401,-2.97,-3.584,-2.97,-6.045C201.558,298.579,204.986,295.151,209.214,295.151zM184.559,383.149v-55.334h16.0v67.91h-16.0V383.149z"" style=""fill:#FCC062;"">
  </path>
  <rect height=""22.969"" style=""fill:#FCC062;"" width=""125.558"" x=""177.079"" y=""425.307"">
  </rect>
  <rect height=""130.157"" style=""fill:#FBB03B;"" width=""21.422"" x=""302.637"" y=""57.806"">
  </rect>
  <path d=""M302.637,42.494h29.078c4.229,0.0,7.656,3.428,7.656,7.656v145.469c0.0,4.229,-3.427,7.656,-7.656,7.656h-29.078v22.969h6.108c4.229,0.0,7.656,3.427,7.656,7.656s-3.428,7.656,-7.656,7.656h-6.108v22.969h29.078c4.229,0.0,7.656,3.427,7.656,7.656v145.469c0.0,4.229,-3.427,7.656,-7.656,7.656h-29.078v22.969h59.703v-206.72h-15.313c-4.228,0.0,-7.656,-3.428,-7.656,-7.656c0.0,-4.229,3.428,-7.656,7.656,-7.656h15.313V19.525h-59.703V42.494z"" style=""fill:#FBB03B;"">
  </path>
  <rect height=""130.157"" style=""fill:#FBB03B;"" width=""21.422"" x=""302.637"" y=""279.838"">
  </rect>
  <rect height=""130.157"" style=""fill:#FDD089;"" width=""6.146"" x=""170.933"" y=""57.806"">
  </rect>
  <path d=""M163.277,425.307c-4.228,0.0,-7.656,-3.427,-7.656,-7.656V272.182c0.0,-4.229,3.428,-7.656,7.656,-7.656h13.802v-61.251h-13.802c-4.228,0.0,-7.656,-3.427,-7.656,-7.656V50.15c0.0,-4.229,3.428,-7.656,7.656,-7.656h13.802V19.525h-44.428v206.719h15.313c4.229,0.0,7.656,3.427,7.656,7.656s-3.428,7.656,-7.656,7.656h-15.313v206.72h44.428v-22.969H163.277z"" style=""fill:#FDD089;"">
  </path>
  <rect height=""130.157"" style=""fill:#FDD089;"" width=""6.146"" x=""170.933"" y=""279.838"">
  </rect>
  <path d=""M285.777,88.431h-76.563c-1.768,0.0,-3.39,-0.605,-4.686,-1.611l6.03,12.275h91.875l-9.0,-18.32C293.433,85.004,290.006,88.431,285.777,88.431z"" style=""fill:#FBB03B;"">
  </path>
  <path d=""M285.777,310.463h-76.563c-1.768,0.0,-3.39,-0.605,-4.686,-1.611l6.03,12.275h91.875l-9.0,-18.32C293.433,307.036,290.006,310.463,285.777,310.463z"" style=""fill:#FBB03B;"">
  </path>
  <path d=""M369.996,4.213h-245.0c-4.229,0.0,-7.656,3.428,-7.656,7.656v444.063c0.0,4.229,3.427,7.656,7.656,7.656h22.969v22.969c0.0,4.229,3.428,7.656,7.656,7.656c4.228,0.0,7.656,-3.427,7.656,-7.656v-22.969h169.231v22.969c0.0,4.229,3.427,7.656,7.656,7.656c4.228,0.0,7.656,-3.427,7.656,-7.656v-22.969H369.996c4.229,0.0,7.656,-3.427,7.656,-7.656V11.869C377.652,7.641,374.225,4.213,369.996,4.213zM362.34,226.244h-15.313c-4.228,0.0,-7.656,3.427,-7.656,7.656s3.428,7.656,7.656,7.656h15.313v206.72h-59.703H177.079h-44.428v-206.72h15.313c4.229,0.0,7.656,-3.428,7.656,-7.656c0.0,-4.229,-3.428,-7.656,-7.656,-7.656h-15.313V19.525h44.428h125.558h59.703V226.244z"">
  </path>
  <path d=""M163.277,42.494c-4.228,0.0,-7.656,3.428,-7.656,7.656v145.469c0.0,4.229,3.428,7.656,7.656,7.656h13.802h125.558h29.078c4.229,0.0,7.656,-3.427,7.656,-7.656V50.15c0.0,-4.229,-3.427,-7.656,-7.656,-7.656h-29.078H177.079H163.277zM324.059,57.806V187.963h-21.422H177.079h-6.146V57.806h6.146h125.558H324.059z"">
  </path>
  <path d=""M163.277,264.526c-4.228,0.0,-7.656,3.427,-7.656,7.656v145.469c0.0,4.229,3.428,7.656,7.656,7.656h13.802h125.558h29.078c4.229,0.0,7.656,-3.427,7.656,-7.656V272.182c0.0,-4.229,-3.427,-7.656,-7.656,-7.656h-29.078H177.079H163.277zM324.059,279.838v130.157h-21.422H177.079h-6.146V279.838h6.146h125.558H324.059z"">
  </path>
  <path d=""M178.59,233.9c0.0,4.229,3.428,7.656,7.656,7.656h116.391h6.108c4.229,0.0,7.656,-3.428,7.656,-7.656c0.0,-4.229,-3.428,-7.656,-7.656,-7.656h-6.108H186.246C182.018,226.244,178.59,229.672,178.59,233.9z"">
  </path>
  <path d=""M204.528,86.821c1.296,1.006,2.918,1.611,4.686,1.611h76.563c4.229,0.0,7.656,-3.427,7.656,-7.656s-3.427,-7.656,-7.656,-7.656h-76.563c-4.229,0.0,-7.656,3.428,-7.656,7.656C201.558,83.236,202.724,85.42,204.528,86.821z"">
  </path>
  <path d=""M204.528,308.852c1.296,1.006,2.919,1.611,4.686,1.611h76.563c4.229,0.0,7.656,-3.428,7.656,-7.656s-3.427,-7.656,-7.656,-7.656h-76.563c-4.229,0.0,-7.656,3.428,-7.656,7.656C201.558,305.268,202.724,307.452,204.528,308.852z"">
  </path>
  <rect height=""67.91"" style=""fill:#FFFFFF;"" width=""16"" x=""184.559"" y=""107.514"">
  </rect>
  <rect height=""67.91"" style=""fill:#FFFFFF;"" width=""16"" x=""184.559"" y=""327.815"">
  </rect>
 </g>
</svg>


Question: How many compartments does the object have?",One,Two,Three,Four,B,furniture
138,"Examine the following SVG code carefully and answer the question based on your interpretation of the rendered image.

<svg id=""Layer_1"" style=""enable-background:new 0 0 490 490;"" version=""1.1"" viewbox=""0 0 490 490"" x=""0px"" xml:space=""preserve"" y=""0px"">
 <g>
  <rect height=""22.969"" style=""fill:#FCC062;"" width=""125.558"" x=""177.079"" y=""19.525"">
  </rect>
  <path d=""M177.079,187.963h125.558V57.806H177.079V187.963zM209.214,73.119h76.563c4.229,0.0,7.656,3.428,7.656,7.656l9.0,18.32h-91.875l-6.03,-12.275c-1.804,-1.4,-2.97,-3.584,-2.97,-6.045C201.558,76.547,204.986,73.119,209.214,73.119zM184.559,162.848v-55.334h16.0v67.91h-16.0V162.848z"" style=""fill:#FCC062;"">
  </path>
  <path d=""M177.079,264.526h125.558v-22.969H186.246c-4.229,0.0,-7.656,-3.428,-7.656,-7.656c0.0,-4.229,3.428,-7.656,7.656,-7.656h116.391v-22.969H177.079V264.526z"" style=""fill:#FCC062;"">
  </path>
  <path d=""M177.079,409.995h125.558V279.838H177.079V409.995zM209.214,295.151h76.563c4.229,0.0,7.656,3.428,7.656,7.656l9.0,18.32h-91.875l-6.03,-12.275c-1.804,-1.401,-2.97,-3.584,-2.97,-6.045C201.558,298.579,204.986,295.151,209.214,295.151zM184.559,383.149v-55.334h16.0v67.91h-16.0V383.149z"" style=""fill:#FCC062;"">
  </path>
  <rect height=""22.969"" style=""fill:#FCC062;"" width=""125.558"" x=""177.079"" y=""425.307"">
  </rect>
  <rect height=""130.157"" style=""fill:#FBB03B;"" width=""21.422"" x=""302.637"" y=""57.806"">
  </rect>
  <path d=""M302.637,42.494h29.078c4.229,0.0,7.656,3.428,7.656,7.656v145.469c0.0,4.229,-3.427,7.656,-7.656,7.656h-29.078v22.969h6.108c4.229,0.0,7.656,3.427,7.656,7.656s-3.428,7.656,-7.656,7.656h-6.108v22.969h29.078c4.229,0.0,7.656,3.427,7.656,7.656v145.469c0.0,4.229,-3.427,7.656,-7.656,7.656h-29.078v22.969h59.703v-206.72h-15.313c-4.228,0.0,-7.656,-3.428,-7.656,-7.656c0.0,-4.229,3.428,-7.656,7.656,-7.656h15.313V19.525h-59.703V42.494z"" style=""fill:#FBB03B;"">
  </path>
  <rect height=""130.157"" style=""fill:#FBB03B;"" width=""21.422"" x=""302.637"" y=""279.838"">
  </rect>
  <rect height=""130.157"" style=""fill:#FDD089;"" width=""6.146"" x=""170.933"" y=""57.806"">
  </rect>
  <path d=""M163.277,425.307c-4.228,0.0,-7.656,-3.427,-7.656,-7.656V272.182c0.0,-4.229,3.428,-7.656,7.656,-7.656h13.802v-61.251h-13.802c-4.228,0.0,-7.656,-3.427,-7.656,-7.656V50.15c0.0,-4.229,3.428,-7.656,7.656,-7.656h13.802V19.525h-44.428v206.719h15.313c4.229,0.0,7.656,3.427,7.656,7.656s-3.428,7.656,-7.656,7.656h-15.313v206.72h44.428v-22.969H163.277z"" style=""fill:#FDD089;"">
  </path>
  <rect height=""130.157"" style=""fill:#FDD089;"" width=""6.146"" x=""170.933"" y=""279.838"">
  </rect>
  <path d=""M285.777,88.431h-76.563c-1.768,0.0,-3.39,-0.605,-4.686,-1.611l6.03,12.275h91.875l-9.0,-18.32C293.433,85.004,290.006,88.431,285.777,88.431z"" style=""fill:#FBB03B;"">
  </path>
  <path d=""M285.777,310.463h-76.563c-1.768,0.0,-3.39,-0.605,-4.686,-1.611l6.03,12.275h91.875l-9.0,-18.32C293.433,307.036,290.006,310.463,285.777,310.463z"" style=""fill:#FBB03B;"">
  </path>
  <path d=""M369.996,4.213h-245.0c-4.229,0.0,-7.656,3.428,-7.656,7.656v444.063c0.0,4.229,3.427,7.656,7.656,7.656h22.969v22.969c0.0,4.229,3.428,7.656,7.656,7.656c4.228,0.0,7.656,-3.427,7.656,-7.656v-22.969h169.231v22.969c0.0,4.229,3.427,7.656,7.656,7.656c4.228,0.0,7.656,-3.427,7.656,-7.656v-22.969H369.996c4.229,0.0,7.656,-3.427,7.656,-7.656V11.869C377.652,7.641,374.225,4.213,369.996,4.213zM362.34,226.244h-15.313c-4.228,0.0,-7.656,3.427,-7.656,7.656s3.428,7.656,7.656,7.656h15.313v206.72h-59.703H177.079h-44.428v-206.72h15.313c4.229,0.0,7.656,-3.428,7.656,-7.656c0.0,-4.229,-3.428,-7.656,-7.656,-7.656h-15.313V19.525h44.428h125.558h59.703V226.244z"">
  </path>
  <path d=""M163.277,42.494c-4.228,0.0,-7.656,3.428,-7.656,7.656v145.469c0.0,4.229,3.428,7.656,7.656,7.656h13.802h125.558h29.078c4.229,0.0,7.656,-3.427,7.656,-7.656V50.15c0.0,-4.229,-3.427,-7.656,-7.656,-7.656h-29.078H177.079H163.277zM324.059,57.806V187.963h-21.422H177.079h-6.146V57.806h6.146h125.558H324.059z"">
  </path>
  <path d=""M163.277,264.526c-4.228,0.0,-7.656,3.427,-7.656,7.656v145.469c0.0,4.229,3.428,7.656,7.656,7.656h13.802h125.558h29.078c4.229,0.0,7.656,-3.427,7.656,-7.656V272.182c0.0,-4.229,-3.427,-7.656,-7.656,-7.656h-29.078H177.079H163.277zM324.059,279.838v130.157h-21.422H177.079h-6.146V279.838h6.146h125.558H324.059z"">
  </path>
  <path d=""M178.59,233.9c0.0,4.229,3.428,7.656,7.656,7.656h116.391h6.108c4.229,0.0,7.656,-3.428,7.656,-7.656c0.0,-4.229,-3.428,-7.656,-7.656,-7.656h-6.108H186.246C182.018,226.244,178.59,229.672,178.59,233.9z"">
  </path>
  <path d=""M204.528,86.821c1.296,1.006,2.918,1.611,4.686,1.611h76.563c4.229,0.0,7.656,-3.427,7.656,-7.656s-3.427,-7.656,-7.656,-7.656h-76.563c-4.229,0.0,-7.656,3.428,-7.656,7.656C201.558,83.236,202.724,85.42,204.528,86.821z"">
  </path>
  <path d=""M204.528,308.852c1.296,1.006,2.919,1.611,4.686,1.611h76.563c4.229,0.0,7.656,-3.428,7.656,-7.656s-3.427,-7.656,-7.656,-7.656h-76.563c-4.229,0.0,-7.656,3.428,-7.656,7.656C201.558,305.268,202.724,307.452,204.528,308.852z"">
  </path>
  <rect height=""67.91"" style=""fill:#FFFFFF;"" width=""16"" x=""184.559"" y=""107.514"">
  </rect>
  <rect height=""67.91"" style=""fill:#FFFFFF;"" width=""16"" x=""184.559"" y=""327.815"">
  </rect>
 </g>
</svg>


Question: What shape are the compartments of the object?",Circular,Triangular,Hexagonal,Rectangular,D,furniture
139,"Examine the following SVG code carefully and answer the question based on your interpretation of the rendered image.

<svg id=""Layer_1"" style=""enable-background:new 0 0 490 490;"" version=""1.1"" viewbox=""0 0 490 490"" x=""0px"" xml:space=""preserve"" y=""0px"">
 <g>
  <rect height=""22.969"" style=""fill:#FCC062;"" width=""125.558"" x=""177.079"" y=""19.525"">
  </rect>
  <path d=""M177.079,187.963h125.558V57.806H177.079V187.963zM209.214,73.119h76.563c4.229,0.0,7.656,3.428,7.656,7.656l9.0,18.32h-91.875l-6.03,-12.275c-1.804,-1.4,-2.97,-3.584,-2.97,-6.045C201.558,76.547,204.986,73.119,209.214,73.119zM184.559,162.848v-55.334h16.0v67.91h-16.0V162.848z"" style=""fill:#FCC062;"">
  </path>
  <path d=""M177.079,264.526h125.558v-22.969H186.246c-4.229,0.0,-7.656,-3.428,-7.656,-7.656c0.0,-4.229,3.428,-7.656,7.656,-7.656h116.391v-22.969H177.079V264.526z"" style=""fill:#FCC062;"">
  </path>
  <path d=""M177.079,409.995h125.558V279.838H177.079V409.995zM209.214,295.151h76.563c4.229,0.0,7.656,3.428,7.656,7.656l9.0,18.32h-91.875l-6.03,-12.275c-1.804,-1.401,-2.97,-3.584,-2.97,-6.045C201.558,298.579,204.986,295.151,209.214,295.151zM184.559,383.149v-55.334h16.0v67.91h-16.0V383.149z"" style=""fill:#FCC062;"">
  </path>
  <rect height=""22.969"" style=""fill:#FCC062;"" width=""125.558"" x=""177.079"" y=""425.307"">
  </rect>
  <rect height=""130.157"" style=""fill:#FBB03B;"" width=""21.422"" x=""302.637"" y=""57.806"">
  </rect>
  <path d=""M302.637,42.494h29.078c4.229,0.0,7.656,3.428,7.656,7.656v145.469c0.0,4.229,-3.427,7.656,-7.656,7.656h-29.078v22.969h6.108c4.229,0.0,7.656,3.427,7.656,7.656s-3.428,7.656,-7.656,7.656h-6.108v22.969h29.078c4.229,0.0,7.656,3.427,7.656,7.656v145.469c0.0,4.229,-3.427,7.656,-7.656,7.656h-29.078v22.969h59.703v-206.72h-15.313c-4.228,0.0,-7.656,-3.428,-7.656,-7.656c0.0,-4.229,3.428,-7.656,7.656,-7.656h15.313V19.525h-59.703V42.494z"" style=""fill:#FBB03B;"">
  </path>
  <rect height=""130.157"" style=""fill:#FBB03B;"" width=""21.422"" x=""302.637"" y=""279.838"">
  </rect>
  <rect height=""130.157"" style=""fill:#FDD089;"" width=""6.146"" x=""170.933"" y=""57.806"">
  </rect>
  <path d=""M163.277,425.307c-4.228,0.0,-7.656,-3.427,-7.656,-7.656V272.182c0.0,-4.229,3.428,-7.656,7.656,-7.656h13.802v-61.251h-13.802c-4.228,0.0,-7.656,-3.427,-7.656,-7.656V50.15c0.0,-4.229,3.428,-7.656,7.656,-7.656h13.802V19.525h-44.428v206.719h15.313c4.229,0.0,7.656,3.427,7.656,7.656s-3.428,7.656,-7.656,7.656h-15.313v206.72h44.428v-22.969H163.277z"" style=""fill:#FDD089;"">
  </path>
  <rect height=""130.157"" style=""fill:#FDD089;"" width=""6.146"" x=""170.933"" y=""279.838"">
  </rect>
  <path d=""M285.777,88.431h-76.563c-1.768,0.0,-3.39,-0.605,-4.686,-1.611l6.03,12.275h91.875l-9.0,-18.32C293.433,85.004,290.006,88.431,285.777,88.431z"" style=""fill:#FBB03B;"">
  </path>
  <path d=""M285.777,310.463h-76.563c-1.768,0.0,-3.39,-0.605,-4.686,-1.611l6.03,12.275h91.875l-9.0,-18.32C293.433,307.036,290.006,310.463,285.777,310.463z"" style=""fill:#FBB03B;"">
  </path>
  <path d=""M369.996,4.213h-245.0c-4.229,0.0,-7.656,3.428,-7.656,7.656v444.063c0.0,4.229,3.427,7.656,7.656,7.656h22.969v22.969c0.0,4.229,3.428,7.656,7.656,7.656c4.228,0.0,7.656,-3.427,7.656,-7.656v-22.969h169.231v22.969c0.0,4.229,3.427,7.656,7.656,7.656c4.228,0.0,7.656,-3.427,7.656,-7.656v-22.969H369.996c4.229,0.0,7.656,-3.427,7.656,-7.656V11.869C377.652,7.641,374.225,4.213,369.996,4.213zM362.34,226.244h-15.313c-4.228,0.0,-7.656,3.427,-7.656,7.656s3.428,7.656,7.656,7.656h15.313v206.72h-59.703H177.079h-44.428v-206.72h15.313c4.229,0.0,7.656,-3.428,7.656,-7.656c0.0,-4.229,-3.428,-7.656,-7.656,-7.656h-15.313V19.525h44.428h125.558h59.703V226.244z"">
  </path>
  <path d=""M163.277,42.494c-4.228,0.0,-7.656,3.428,-7.656,7.656v145.469c0.0,4.229,3.428,7.656,7.656,7.656h13.802h125.558h29.078c4.229,0.0,7.656,-3.427,7.656,-7.656V50.15c0.0,-4.229,-3.427,-7.656,-7.656,-7.656h-29.078H177.079H163.277zM324.059,57.806V187.963h-21.422H177.079h-6.146V57.806h6.146h125.558H324.059z"">
  </path>
  <path d=""M163.277,264.526c-4.228,0.0,-7.656,3.427,-7.656,7.656v145.469c0.0,4.229,3.428,7.656,7.656,7.656h13.802h125.558h29.078c4.229,0.0,7.656,-3.427,7.656,-7.656V272.182c0.0,-4.229,-3.427,-7.656,-7.656,-7.656h-29.078H177.079H163.277zM324.059,279.838v130.157h-21.422H177.079h-6.146V279.838h6.146h125.558H324.059z"">
  </path>
  <path d=""M178.59,233.9c0.0,4.229,3.428,7.656,7.656,7.656h116.391h6.108c4.229,0.0,7.656,-3.428,7.656,-7.656c0.0,-4.229,-3.428,-7.656,-7.656,-7.656h-6.108H186.246C182.018,226.244,178.59,229.672,178.59,233.9z"">
  </path>
  <path d=""M204.528,86.821c1.296,1.006,2.918,1.611,4.686,1.611h76.563c4.229,0.0,7.656,-3.427,7.656,-7.656s-3.427,-7.656,-7.656,-7.656h-76.563c-4.229,0.0,-7.656,3.428,-7.656,7.656C201.558,83.236,202.724,85.42,204.528,86.821z"">
  </path>
  <path d=""M204.528,308.852c1.296,1.006,2.919,1.611,4.686,1.611h76.563c4.229,0.0,7.656,-3.428,7.656,-7.656s-3.427,-7.656,-7.656,-7.656h-76.563c-4.229,0.0,-7.656,3.428,-7.656,7.656C201.558,305.268,202.724,307.452,204.528,308.852z"">
  </path>
  <rect height=""67.91"" style=""fill:#FFFFFF;"" width=""16"" x=""184.559"" y=""107.514"">
  </rect>
  <rect height=""67.91"" style=""fill:#FFFFFF;"" width=""16"" x=""184.559"" y=""327.815"">
  </rect>
 </g>
</svg>


Question: What is the object in the image?",bookshelf,refrigerator,machine,microwave,B,furniture
144,"Examine the following SVG code carefully and answer the question based on your interpretation of the rendered image.

<svg id=""Layer_1"" style=""enable-background:new 0 0 504.123 504.123;"" version=""1.1"" viewbox=""0 0 504.123 504.123"" x=""0px"" xml:space=""preserve"" y=""0px"">
 <g>
  <path d=""M245.166,249.26c0.0,14.722,-11.949,26.648,-26.656,26.648h-90.309c-14.714,0.0,-26.656,-11.926,-26.656,-26.648v-9.618c0.0,-14.722,11.941,-26.656,26.656,-26.656h90.317c14.706,0.0,26.656,11.934,26.656,26.656v9.618H245.166z"" style=""fill:#33322B;"">
  </path>
  <path d=""M136.811,219.438c0.0,18.109,-14.675,32.776,-32.784,32.776H83.531c-18.093,0.0,-32.776,-14.667,-32.776,-32.776V198.942c0.0,-18.117,14.683,-32.776,32.776,-32.776h20.496c18.109,0.0,32.784,14.659,32.784,32.776V219.438z"" style=""fill:#33322B;"">
  </path>
 </g>
 <path d=""M73.764,234.79c22.52,21.929,51.61,30.625,39.66,42.898c-11.941,12.28,-39.849,4.458,-62.369,-17.463c-22.52,-21.89,-31.114,-49.577,-19.188,-61.85C43.824,186.103,51.22,212.9,73.764,234.79z"" style=""fill:#D8CA68;"">
 </path>
 <path d=""M43.075,403.23c0.0,4.907,-3.978,8.893,-8.885,8.893H11.993c-4.915,0.0,-8.893,-3.986,-8.893,-8.893V107.869c0.0,-4.907,3.978,-8.885,8.893,-8.885H34.19c4.907,0.0,8.885,3.978,8.885,8.885V403.23z"" style=""fill:#634B27;"">
 </path>
 <path d=""M3.1,262.588V107.869c0.0,-4.907,3.978,-8.885,8.893,-8.885H34.19c4.907,0.0,8.885,3.978,8.885,8.885"" style=""fill:#8E6F43;"">
 </path>
 <g>
  <path d=""M467.248,272.197v131.033c0.0,4.907,3.978,8.893,8.885,8.893h22.205c4.915,0.0,8.885,-3.986,8.885,-8.893V272.197H467.248z"" style=""fill:#634B27;"">
  </path>
  <path d=""M507.223,314.772c0.0,4.923,-3.97,8.893,-8.885,8.893H16.42c-4.907,0.0,-8.877,-3.97,-8.877,-8.893v-44.418c0.0,-4.907,3.97,-8.877,8.877,-8.877h481.918c4.915,0.0,8.885,3.97,8.885,8.877V314.772z"" style=""fill:#634B27;"">
  </path>
 </g>
 <path d=""M480.575,271.095c0.0,14.722,5.829,26.648,-8.893,26.648H133.014c-14.706,0.0,0.0,-11.926,0.0,-26.648v-58.848c0.0,-14.722,11.934,-26.648,26.656,-26.648h294.258c14.706,0.0,26.648,11.926,26.648,26.648V271.095z"" style=""fill:#D8CA68;"">
 </path>
 <path d=""M471.682,249.63c5.089,0.0,7.625,-1.505,8.893,-3.978v-22.678v-10.728c0.0,-14.722,-11.941,-26.648,-26.648,-26.648H159.67c-14.722,0.0,-26.656,11.926,-26.656,26.648v10.728v26.656L471.682,249.63L471.682,249.63z"" style=""fill:#E2D779;"">
 </path>
</svg>


Question: What is the primary color of the blanket on the bed?",Yellow,Blue,Red,Green,A,furniture
145,"Examine the following SVG code carefully and answer the question based on your interpretation of the rendered image.

<svg id=""Layer_1"" style=""enable-background:new 0 0 504.123 504.123;"" version=""1.1"" viewbox=""0 0 504.123 504.123"" x=""0px"" xml:space=""preserve"" y=""0px"">
 <g>
  <path d=""M245.166,249.26c0.0,14.722,-11.949,26.648,-26.656,26.648h-90.309c-14.714,0.0,-26.656,-11.926,-26.656,-26.648v-9.618c0.0,-14.722,11.941,-26.656,26.656,-26.656h90.317c14.706,0.0,26.656,11.934,26.656,26.656v9.618H245.166z"" style=""fill:#33322B;"">
  </path>
  <path d=""M136.811,219.438c0.0,18.109,-14.675,32.776,-32.784,32.776H83.531c-18.093,0.0,-32.776,-14.667,-32.776,-32.776V198.942c0.0,-18.117,14.683,-32.776,32.776,-32.776h20.496c18.109,0.0,32.784,14.659,32.784,32.776V219.438z"" style=""fill:#33322B;"">
  </path>
 </g>
 <path d=""M73.764,234.79c22.52,21.929,51.61,30.625,39.66,42.898c-11.941,12.28,-39.849,4.458,-62.369,-17.463c-22.52,-21.89,-31.114,-49.577,-19.188,-61.85C43.824,186.103,51.22,212.9,73.764,234.79z"" style=""fill:#D8CA68;"">
 </path>
 <path d=""M43.075,403.23c0.0,4.907,-3.978,8.893,-8.885,8.893H11.993c-4.915,0.0,-8.893,-3.986,-8.893,-8.893V107.869c0.0,-4.907,3.978,-8.885,8.893,-8.885H34.19c4.907,0.0,8.885,3.978,8.885,8.885V403.23z"" style=""fill:#634B27;"">
 </path>
 <path d=""M3.1,262.588V107.869c0.0,-4.907,3.978,-8.885,8.893,-8.885H34.19c4.907,0.0,8.885,3.978,8.885,8.885"" style=""fill:#8E6F43;"">
 </path>
 <g>
  <path d=""M467.248,272.197v131.033c0.0,4.907,3.978,8.893,8.885,8.893h22.205c4.915,0.0,8.885,-3.986,8.885,-8.893V272.197H467.248z"" style=""fill:#634B27;"">
  </path>
  <path d=""M507.223,314.772c0.0,4.923,-3.97,8.893,-8.885,8.893H16.42c-4.907,0.0,-8.877,-3.97,-8.877,-8.893v-44.418c0.0,-4.907,3.97,-8.877,8.877,-8.877h481.918c4.915,0.0,8.885,3.97,8.885,8.877V314.772z"" style=""fill:#634B27;"">
  </path>
 </g>
 <path d=""M480.575,271.095c0.0,14.722,5.829,26.648,-8.893,26.648H133.014c-14.706,0.0,0.0,-11.926,0.0,-26.648v-58.848c0.0,-14.722,11.934,-26.648,26.656,-26.648h294.258c14.706,0.0,26.648,11.926,26.648,26.648V271.095z"" style=""fill:#D8CA68;"">
 </path>
 <path d=""M471.682,249.63c5.089,0.0,7.625,-1.505,8.893,-3.978v-22.678v-10.728c0.0,-14.722,-11.941,-26.648,-26.648,-26.648H159.67c-14.722,0.0,-26.656,11.926,-26.656,26.648v10.728v26.656L471.682,249.63L471.682,249.63z"" style=""fill:#E2D779;"">
 </path>
</svg>


Question: What is the color of the bed frame?",Black,White,Gray,Brown,D,furniture
146,"Examine the following SVG code carefully and answer the question based on your interpretation of the rendered image.

<svg id=""Layer_1"" style=""enable-background:new 0 0 504.123 504.123;"" version=""1.1"" viewbox=""0 0 504.123 504.123"" x=""0px"" xml:space=""preserve"" y=""0px"">
 <g>
  <path d=""M245.166,249.26c0.0,14.722,-11.949,26.648,-26.656,26.648h-90.309c-14.714,0.0,-26.656,-11.926,-26.656,-26.648v-9.618c0.0,-14.722,11.941,-26.656,26.656,-26.656h90.317c14.706,0.0,26.656,11.934,26.656,26.656v9.618H245.166z"" style=""fill:#33322B;"">
  </path>
  <path d=""M136.811,219.438c0.0,18.109,-14.675,32.776,-32.784,32.776H83.531c-18.093,0.0,-32.776,-14.667,-32.776,-32.776V198.942c0.0,-18.117,14.683,-32.776,32.776,-32.776h20.496c18.109,0.0,32.784,14.659,32.784,32.776V219.438z"" style=""fill:#33322B;"">
  </path>
 </g>
 <path d=""M73.764,234.79c22.52,21.929,51.61,30.625,39.66,42.898c-11.941,12.28,-39.849,4.458,-62.369,-17.463c-22.52,-21.89,-31.114,-49.577,-19.188,-61.85C43.824,186.103,51.22,212.9,73.764,234.79z"" style=""fill:#D8CA68;"">
 </path>
 <path d=""M43.075,403.23c0.0,4.907,-3.978,8.893,-8.885,8.893H11.993c-4.915,0.0,-8.893,-3.986,-8.893,-8.893V107.869c0.0,-4.907,3.978,-8.885,8.893,-8.885H34.19c4.907,0.0,8.885,3.978,8.885,8.885V403.23z"" style=""fill:#634B27;"">
 </path>
 <path d=""M3.1,262.588V107.869c0.0,-4.907,3.978,-8.885,8.893,-8.885H34.19c4.907,0.0,8.885,3.978,8.885,8.885"" style=""fill:#8E6F43;"">
 </path>
 <g>
  <path d=""M467.248,272.197v131.033c0.0,4.907,3.978,8.893,8.885,8.893h22.205c4.915,0.0,8.885,-3.986,8.885,-8.893V272.197H467.248z"" style=""fill:#634B27;"">
  </path>
  <path d=""M507.223,314.772c0.0,4.923,-3.97,8.893,-8.885,8.893H16.42c-4.907,0.0,-8.877,-3.97,-8.877,-8.893v-44.418c0.0,-4.907,3.97,-8.877,8.877,-8.877h481.918c4.915,0.0,8.885,3.97,8.885,8.877V314.772z"" style=""fill:#634B27;"">
  </path>
 </g>
 <path d=""M480.575,271.095c0.0,14.722,5.829,26.648,-8.893,26.648H133.014c-14.706,0.0,0.0,-11.926,0.0,-26.648v-58.848c0.0,-14.722,11.934,-26.648,26.656,-26.648h294.258c14.706,0.0,26.648,11.926,26.648,26.648V271.095z"" style=""fill:#D8CA68;"">
 </path>
 <path d=""M471.682,249.63c5.089,0.0,7.625,-1.505,8.893,-3.978v-22.678v-10.728c0.0,-14.722,-11.941,-26.648,-26.648,-26.648H159.67c-14.722,0.0,-26.656,11.926,-26.656,26.648v10.728v26.656L471.682,249.63L471.682,249.63z"" style=""fill:#E2D779;"">
 </path>
</svg>


Question: What is the shape of the blanket on the bed?",Square,Circular,Triangular,Rectangular,D,furniture
147,"Examine the following SVG code carefully and answer the question based on your interpretation of the rendered image.

<svg id=""Layer_1"" style=""enable-background:new 0 0 504.123 504.123;"" version=""1.1"" viewbox=""0 0 504.123 504.123"" x=""0px"" xml:space=""preserve"" y=""0px"">
 <g>
  <path d=""M245.166,249.26c0.0,14.722,-11.949,26.648,-26.656,26.648h-90.309c-14.714,0.0,-26.656,-11.926,-26.656,-26.648v-9.618c0.0,-14.722,11.941,-26.656,26.656,-26.656h90.317c14.706,0.0,26.656,11.934,26.656,26.656v9.618H245.166z"" style=""fill:#33322B;"">
  </path>
  <path d=""M136.811,219.438c0.0,18.109,-14.675,32.776,-32.784,32.776H83.531c-18.093,0.0,-32.776,-14.667,-32.776,-32.776V198.942c0.0,-18.117,14.683,-32.776,32.776,-32.776h20.496c18.109,0.0,32.784,14.659,32.784,32.776V219.438z"" style=""fill:#33322B;"">
  </path>
 </g>
 <path d=""M73.764,234.79c22.52,21.929,51.61,30.625,39.66,42.898c-11.941,12.28,-39.849,4.458,-62.369,-17.463c-22.52,-21.89,-31.114,-49.577,-19.188,-61.85C43.824,186.103,51.22,212.9,73.764,234.79z"" style=""fill:#D8CA68;"">
 </path>
 <path d=""M43.075,403.23c0.0,4.907,-3.978,8.893,-8.885,8.893H11.993c-4.915,0.0,-8.893,-3.986,-8.893,-8.893V107.869c0.0,-4.907,3.978,-8.885,8.893,-8.885H34.19c4.907,0.0,8.885,3.978,8.885,8.885V403.23z"" style=""fill:#634B27;"">
 </path>
 <path d=""M3.1,262.588V107.869c0.0,-4.907,3.978,-8.885,8.893,-8.885H34.19c4.907,0.0,8.885,3.978,8.885,8.885"" style=""fill:#8E6F43;"">
 </path>
 <g>
  <path d=""M467.248,272.197v131.033c0.0,4.907,3.978,8.893,8.885,8.893h22.205c4.915,0.0,8.885,-3.986,8.885,-8.893V272.197H467.248z"" style=""fill:#634B27;"">
  </path>
  <path d=""M507.223,314.772c0.0,4.923,-3.97,8.893,-8.885,8.893H16.42c-4.907,0.0,-8.877,-3.97,-8.877,-8.893v-44.418c0.0,-4.907,3.97,-8.877,8.877,-8.877h481.918c4.915,0.0,8.885,3.97,8.885,8.877V314.772z"" style=""fill:#634B27;"">
  </path>
 </g>
 <path d=""M480.575,271.095c0.0,14.722,5.829,26.648,-8.893,26.648H133.014c-14.706,0.0,0.0,-11.926,0.0,-26.648v-58.848c0.0,-14.722,11.934,-26.648,26.656,-26.648h294.258c14.706,0.0,26.648,11.926,26.648,26.648V271.095z"" style=""fill:#D8CA68;"">
 </path>
 <path d=""M471.682,249.63c5.089,0.0,7.625,-1.505,8.893,-3.978v-22.678v-10.728c0.0,-14.722,-11.941,-26.648,-26.648,-26.648H159.67c-14.722,0.0,-26.656,11.926,-26.656,26.648v10.728v26.656L471.682,249.63L471.682,249.63z"" style=""fill:#E2D779;"">
 </path>
</svg>


Question: What is the object in the image?",Chair,Table,Bed,Sofa,C,furniture
160,"Examine the following SVG code carefully and answer the question based on your interpretation of the rendered image.

<svg height=""512"" id=""Layer_1"" style=""enable-background:new 0 0 449.37 449.37;"" version=""1.1"" viewbox=""0 0 449.37 449.37"" width=""512"" x=""0px"" xml:space=""preserve"" y=""0px"">
 <g>
  <path d=""M236.435,190.4c-1.56,1.69,-3.48,3.35,-5.69,4.97c-7.67,5.61,-18.87,10.7,-30.98,14.83h-89.79c-2.39,-0.82,-4.75,-1.67,-7.05,-2.56c-9.35,-3.6,-17.78,-7.77,-23.93,-12.27c-2.21,-1.62,-4.13,-3.28,-5.69,-4.97c5.54,-10.45,15.58,-27.28,31.67,-44.17c15.4,-16.62,36.84,-33.28,49.89,-37.39c1.84,0.58,3.84,1.41,5.97,2.45c13.0,6.35,30.68,20.66,43.93,34.94C220.835,163.12,230.895,179.95,236.435,190.4z"" style=""fill:#F2F2F2;"">
  </path>
  <path d=""M160.835,111.29c-16.22,13.15,-48.1,50.35,-57.91,96.35c-9.35,-3.6,-17.78,-7.77,-23.93,-12.27c-2.21,-1.62,-4.13,-3.28,-5.69,-4.97c5.54,-10.45,15.58,-27.28,31.67,-44.17c15.4,-16.62,36.84,-33.28,49.89,-37.39C156.705,109.42,158.705,110.25,160.835,111.29z"" style=""fill:#E6E6E6;"">
  </path>
  <path d=""M230.745,195.37c-7.67,5.61,-18.87,10.7,-30.98,14.83h-89.79c-12.11,-4.13,-23.31,-9.22,-30.98,-14.83H230.745z"" style=""fill:#E6E6E6;"">
  </path>
  <path d=""M408.805,204.2H313.957l-77.052,15.836l-93.058,-15.836h-26.442h-7.428H45.905c-5.85,0.0,-10.6,4.75,-10.6,10.6v18.68h52.82h85.002h246.278v-18.68C419.405,208.95,414.655,204.2,408.805,204.2"" style=""fill:#F24125;"">
  </path>
  <path d=""M68.905,204.2h-23.0c-5.85,0.0,-10.6,4.75,-10.6,10.6v18.68h23.0v-18.68C58.305,208.95,63.055,204.2,68.905,204.2z"" style=""fill:#DD3B2A;"">
  </path>
  <polyline points=""280.957,204.200 143.847,204.200 136.007,204.200 158.581,230.980 173.127,230.980 175.627,233.480 251.677,233.480 280.957,204.200"" style=""fill:#DD3B2A;"">
  </polyline>
  <polygon points=""436.225,312.840 432.185,337.770 429.285,355.570 403.475,355.570 403.475,315.340 54.335,315.340 54.335,355.570 28.515,355.570 25.615,337.770 21.565,312.840 12.905,240.370 28.315,230.980 429.475,230.980 445.905,233.370"" style=""fill:#F7B239;"">
  </polygon>
  <path d=""M453.587,185.407v129.934h-16.04h-8.07v-84.36v-45.574c0.0,-2.892,2.344,-5.236,5.236,-5.236h13.637C451.243,180.17,453.587,182.515,453.587,185.407z"" style=""fill:#F7B239;"">
  </path>
  <polyline points=""251.677,233.480 175.627,233.480 221.673,279.526 251.677,233.480"" style=""fill:#D0D0D0;"">
  </polyline>
  <path d=""M173.127,230.98h-14.546l46.768,55.482c1.544,1.832,3.707,2.728,5.861,2.728c2.473,0.0,4.934,-1.181,6.435,-3.485l4.027,-6.179l-1.268,-38.656L173.127,230.98"" style=""fill:#E5A030;"">
  </path>
  <path d=""M28.317,230.98v84.36h-8.07H4.217V105.367c0.0,-2.892,2.344,-5.236,5.236,-5.236h13.627c2.892,0.0,5.236,2.344,5.236,5.236V230.98z"" style=""fill:#F7B239;"">
  </path>
  <polygon points=""313.957,204.200 284.677,233.480 228.897,289.250 173.127,233.480 143.847,204.200 199.767,204.200"" style=""fill:#F2F2F2;"">
  </polygon>
  <rect height=""84.36"" style=""fill:#E5A030;"" width=""9"" x=""28.315"" y=""230.980"">
  </rect>
  <rect height=""84.36"" style=""fill:#E5A030;"" width=""9"" x=""420.475"" y=""230.980"">
  </rect>
  <polygon points=""403.471,315.340 403.471,337.767 432.185,337.767 435.821,315.340"" style=""fill:#E5A030;"">
  </polygon>
  <polygon points=""21.973,315.340 25.619,337.767 54.332,337.767 54.332,315.340"" style=""fill:#E5A030;"">
  </polygon>
 </g>
</svg>


Question: What color is the blanket on the bed?",Blue,Red,Green,Yellow,B,furniture
161,"Examine the following SVG code carefully and answer the question based on your interpretation of the rendered image.

<svg height=""512"" id=""Layer_1"" style=""enable-background:new 0 0 449.37 449.37;"" version=""1.1"" viewbox=""0 0 449.37 449.37"" width=""512"" x=""0px"" xml:space=""preserve"" y=""0px"">
 <g>
  <path d=""M236.435,190.4c-1.56,1.69,-3.48,3.35,-5.69,4.97c-7.67,5.61,-18.87,10.7,-30.98,14.83h-89.79c-2.39,-0.82,-4.75,-1.67,-7.05,-2.56c-9.35,-3.6,-17.78,-7.77,-23.93,-12.27c-2.21,-1.62,-4.13,-3.28,-5.69,-4.97c5.54,-10.45,15.58,-27.28,31.67,-44.17c15.4,-16.62,36.84,-33.28,49.89,-37.39c1.84,0.58,3.84,1.41,5.97,2.45c13.0,6.35,30.68,20.66,43.93,34.94C220.835,163.12,230.895,179.95,236.435,190.4z"" style=""fill:#F2F2F2;"">
  </path>
  <path d=""M160.835,111.29c-16.22,13.15,-48.1,50.35,-57.91,96.35c-9.35,-3.6,-17.78,-7.77,-23.93,-12.27c-2.21,-1.62,-4.13,-3.28,-5.69,-4.97c5.54,-10.45,15.58,-27.28,31.67,-44.17c15.4,-16.62,36.84,-33.28,49.89,-37.39C156.705,109.42,158.705,110.25,160.835,111.29z"" style=""fill:#E6E6E6;"">
  </path>
  <path d=""M230.745,195.37c-7.67,5.61,-18.87,10.7,-30.98,14.83h-89.79c-12.11,-4.13,-23.31,-9.22,-30.98,-14.83H230.745z"" style=""fill:#E6E6E6;"">
  </path>
  <path d=""M408.805,204.2H313.957l-77.052,15.836l-93.058,-15.836h-26.442h-7.428H45.905c-5.85,0.0,-10.6,4.75,-10.6,10.6v18.68h52.82h85.002h246.278v-18.68C419.405,208.95,414.655,204.2,408.805,204.2"" style=""fill:#F24125;"">
  </path>
  <path d=""M68.905,204.2h-23.0c-5.85,0.0,-10.6,4.75,-10.6,10.6v18.68h23.0v-18.68C58.305,208.95,63.055,204.2,68.905,204.2z"" style=""fill:#DD3B2A;"">
  </path>
  <polyline points=""280.957,204.200 143.847,204.200 136.007,204.200 158.581,230.980 173.127,230.980 175.627,233.480 251.677,233.480 280.957,204.200"" style=""fill:#DD3B2A;"">
  </polyline>
  <polygon points=""436.225,312.840 432.185,337.770 429.285,355.570 403.475,355.570 403.475,315.340 54.335,315.340 54.335,355.570 28.515,355.570 25.615,337.770 21.565,312.840 12.905,240.370 28.315,230.980 429.475,230.980 445.905,233.370"" style=""fill:#F7B239;"">
  </polygon>
  <path d=""M453.587,185.407v129.934h-16.04h-8.07v-84.36v-45.574c0.0,-2.892,2.344,-5.236,5.236,-5.236h13.637C451.243,180.17,453.587,182.515,453.587,185.407z"" style=""fill:#F7B239;"">
  </path>
  <polyline points=""251.677,233.480 175.627,233.480 221.673,279.526 251.677,233.480"" style=""fill:#D0D0D0;"">
  </polyline>
  <path d=""M173.127,230.98h-14.546l46.768,55.482c1.544,1.832,3.707,2.728,5.861,2.728c2.473,0.0,4.934,-1.181,6.435,-3.485l4.027,-6.179l-1.268,-38.656L173.127,230.98"" style=""fill:#E5A030;"">
  </path>
  <path d=""M28.317,230.98v84.36h-8.07H4.217V105.367c0.0,-2.892,2.344,-5.236,5.236,-5.236h13.627c2.892,0.0,5.236,2.344,5.236,5.236V230.98z"" style=""fill:#F7B239;"">
  </path>
  <polygon points=""313.957,204.200 284.677,233.480 228.897,289.250 173.127,233.480 143.847,204.200 199.767,204.200"" style=""fill:#F2F2F2;"">
  </polygon>
  <rect height=""84.36"" style=""fill:#E5A030;"" width=""9"" x=""28.315"" y=""230.980"">
  </rect>
  <rect height=""84.36"" style=""fill:#E5A030;"" width=""9"" x=""420.475"" y=""230.980"">
  </rect>
  <polygon points=""403.471,315.340 403.471,337.767 432.185,337.767 435.821,315.340"" style=""fill:#E5A030;"">
  </polygon>
  <polygon points=""21.973,315.340 25.619,337.767 54.332,337.767 54.332,315.340"" style=""fill:#E5A030;"">
  </polygon>
 </g>
</svg>


Question: What shape is the pillow on the bed?",Square,Circle,Triangle,Rectangle,C,furniture
162,"Examine the following SVG code carefully and answer the question based on your interpretation of the rendered image.

<svg height=""512"" id=""Layer_1"" style=""enable-background:new 0 0 449.37 449.37;"" version=""1.1"" viewbox=""0 0 449.37 449.37"" width=""512"" x=""0px"" xml:space=""preserve"" y=""0px"">
 <g>
  <path d=""M236.435,190.4c-1.56,1.69,-3.48,3.35,-5.69,4.97c-7.67,5.61,-18.87,10.7,-30.98,14.83h-89.79c-2.39,-0.82,-4.75,-1.67,-7.05,-2.56c-9.35,-3.6,-17.78,-7.77,-23.93,-12.27c-2.21,-1.62,-4.13,-3.28,-5.69,-4.97c5.54,-10.45,15.58,-27.28,31.67,-44.17c15.4,-16.62,36.84,-33.28,49.89,-37.39c1.84,0.58,3.84,1.41,5.97,2.45c13.0,6.35,30.68,20.66,43.93,34.94C220.835,163.12,230.895,179.95,236.435,190.4z"" style=""fill:#F2F2F2;"">
  </path>
  <path d=""M160.835,111.29c-16.22,13.15,-48.1,50.35,-57.91,96.35c-9.35,-3.6,-17.78,-7.77,-23.93,-12.27c-2.21,-1.62,-4.13,-3.28,-5.69,-4.97c5.54,-10.45,15.58,-27.28,31.67,-44.17c15.4,-16.62,36.84,-33.28,49.89,-37.39C156.705,109.42,158.705,110.25,160.835,111.29z"" style=""fill:#E6E6E6;"">
  </path>
  <path d=""M230.745,195.37c-7.67,5.61,-18.87,10.7,-30.98,14.83h-89.79c-12.11,-4.13,-23.31,-9.22,-30.98,-14.83H230.745z"" style=""fill:#E6E6E6;"">
  </path>
  <path d=""M408.805,204.2H313.957l-77.052,15.836l-93.058,-15.836h-26.442h-7.428H45.905c-5.85,0.0,-10.6,4.75,-10.6,10.6v18.68h52.82h85.002h246.278v-18.68C419.405,208.95,414.655,204.2,408.805,204.2"" style=""fill:#F24125;"">
  </path>
  <path d=""M68.905,204.2h-23.0c-5.85,0.0,-10.6,4.75,-10.6,10.6v18.68h23.0v-18.68C58.305,208.95,63.055,204.2,68.905,204.2z"" style=""fill:#DD3B2A;"">
  </path>
  <polyline points=""280.957,204.200 143.847,204.200 136.007,204.200 158.581,230.980 173.127,230.980 175.627,233.480 251.677,233.480 280.957,204.200"" style=""fill:#DD3B2A;"">
  </polyline>
  <polygon points=""436.225,312.840 432.185,337.770 429.285,355.570 403.475,355.570 403.475,315.340 54.335,315.340 54.335,355.570 28.515,355.570 25.615,337.770 21.565,312.840 12.905,240.370 28.315,230.980 429.475,230.980 445.905,233.370"" style=""fill:#F7B239;"">
  </polygon>
  <path d=""M453.587,185.407v129.934h-16.04h-8.07v-84.36v-45.574c0.0,-2.892,2.344,-5.236,5.236,-5.236h13.637C451.243,180.17,453.587,182.515,453.587,185.407z"" style=""fill:#F7B239;"">
  </path>
  <polyline points=""251.677,233.480 175.627,233.480 221.673,279.526 251.677,233.480"" style=""fill:#D0D0D0;"">
  </polyline>
  <path d=""M173.127,230.98h-14.546l46.768,55.482c1.544,1.832,3.707,2.728,5.861,2.728c2.473,0.0,4.934,-1.181,6.435,-3.485l4.027,-6.179l-1.268,-38.656L173.127,230.98"" style=""fill:#E5A030;"">
  </path>
  <path d=""M28.317,230.98v84.36h-8.07H4.217V105.367c0.0,-2.892,2.344,-5.236,5.236,-5.236h13.627c2.892,0.0,5.236,2.344,5.236,5.236V230.98z"" style=""fill:#F7B239;"">
  </path>
  <polygon points=""313.957,204.200 284.677,233.480 228.897,289.250 173.127,233.480 143.847,204.200 199.767,204.200"" style=""fill:#F2F2F2;"">
  </polygon>
  <rect height=""84.36"" style=""fill:#E5A030;"" width=""9"" x=""28.315"" y=""230.980"">
  </rect>
  <rect height=""84.36"" style=""fill:#E5A030;"" width=""9"" x=""420.475"" y=""230.980"">
  </rect>
  <polygon points=""403.471,315.340 403.471,337.767 432.185,337.767 435.821,315.340"" style=""fill:#E5A030;"">
  </polygon>
  <polygon points=""21.973,315.340 25.619,337.767 54.332,337.767 54.332,315.340"" style=""fill:#E5A030;"">
  </polygon>
 </g>
</svg>


Question: What is the primary color of the bed frame?",Blue,Green,Red,Yellow,D,furniture
163,"Examine the following SVG code carefully and answer the question based on your interpretation of the rendered image.

<svg height=""512"" id=""Layer_1"" style=""enable-background:new 0 0 449.37 449.37;"" version=""1.1"" viewbox=""0 0 449.37 449.37"" width=""512"" x=""0px"" xml:space=""preserve"" y=""0px"">
 <g>
  <path d=""M236.435,190.4c-1.56,1.69,-3.48,3.35,-5.69,4.97c-7.67,5.61,-18.87,10.7,-30.98,14.83h-89.79c-2.39,-0.82,-4.75,-1.67,-7.05,-2.56c-9.35,-3.6,-17.78,-7.77,-23.93,-12.27c-2.21,-1.62,-4.13,-3.28,-5.69,-4.97c5.54,-10.45,15.58,-27.28,31.67,-44.17c15.4,-16.62,36.84,-33.28,49.89,-37.39c1.84,0.58,3.84,1.41,5.97,2.45c13.0,6.35,30.68,20.66,43.93,34.94C220.835,163.12,230.895,179.95,236.435,190.4z"" style=""fill:#F2F2F2;"">
  </path>
  <path d=""M160.835,111.29c-16.22,13.15,-48.1,50.35,-57.91,96.35c-9.35,-3.6,-17.78,-7.77,-23.93,-12.27c-2.21,-1.62,-4.13,-3.28,-5.69,-4.97c5.54,-10.45,15.58,-27.28,31.67,-44.17c15.4,-16.62,36.84,-33.28,49.89,-37.39C156.705,109.42,158.705,110.25,160.835,111.29z"" style=""fill:#E6E6E6;"">
  </path>
  <path d=""M230.745,195.37c-7.67,5.61,-18.87,10.7,-30.98,14.83h-89.79c-12.11,-4.13,-23.31,-9.22,-30.98,-14.83H230.745z"" style=""fill:#E6E6E6;"">
  </path>
  <path d=""M408.805,204.2H313.957l-77.052,15.836l-93.058,-15.836h-26.442h-7.428H45.905c-5.85,0.0,-10.6,4.75,-10.6,10.6v18.68h52.82h85.002h246.278v-18.68C419.405,208.95,414.655,204.2,408.805,204.2"" style=""fill:#F24125;"">
  </path>
  <path d=""M68.905,204.2h-23.0c-5.85,0.0,-10.6,4.75,-10.6,10.6v18.68h23.0v-18.68C58.305,208.95,63.055,204.2,68.905,204.2z"" style=""fill:#DD3B2A;"">
  </path>
  <polyline points=""280.957,204.200 143.847,204.200 136.007,204.200 158.581,230.980 173.127,230.980 175.627,233.480 251.677,233.480 280.957,204.200"" style=""fill:#DD3B2A;"">
  </polyline>
  <polygon points=""436.225,312.840 432.185,337.770 429.285,355.570 403.475,355.570 403.475,315.340 54.335,315.340 54.335,355.570 28.515,355.570 25.615,337.770 21.565,312.840 12.905,240.370 28.315,230.980 429.475,230.980 445.905,233.370"" style=""fill:#F7B239;"">
  </polygon>
  <path d=""M453.587,185.407v129.934h-16.04h-8.07v-84.36v-45.574c0.0,-2.892,2.344,-5.236,5.236,-5.236h13.637C451.243,180.17,453.587,182.515,453.587,185.407z"" style=""fill:#F7B239;"">
  </path>
  <polyline points=""251.677,233.480 175.627,233.480 221.673,279.526 251.677,233.480"" style=""fill:#D0D0D0;"">
  </polyline>
  <path d=""M173.127,230.98h-14.546l46.768,55.482c1.544,1.832,3.707,2.728,5.861,2.728c2.473,0.0,4.934,-1.181,6.435,-3.485l4.027,-6.179l-1.268,-38.656L173.127,230.98"" style=""fill:#E5A030;"">
  </path>
  <path d=""M28.317,230.98v84.36h-8.07H4.217V105.367c0.0,-2.892,2.344,-5.236,5.236,-5.236h13.627c2.892,0.0,5.236,2.344,5.236,5.236V230.98z"" style=""fill:#F7B239;"">
  </path>
  <polygon points=""313.957,204.200 284.677,233.480 228.897,289.250 173.127,233.480 143.847,204.200 199.767,204.200"" style=""fill:#F2F2F2;"">
  </polygon>
  <rect height=""84.36"" style=""fill:#E5A030;"" width=""9"" x=""28.315"" y=""230.980"">
  </rect>
  <rect height=""84.36"" style=""fill:#E5A030;"" width=""9"" x=""420.475"" y=""230.980"">
  </rect>
  <polygon points=""403.471,315.340 403.471,337.767 432.185,337.767 435.821,315.340"" style=""fill:#E5A030;"">
  </polygon>
  <polygon points=""21.973,315.340 25.619,337.767 54.332,337.767 54.332,315.340"" style=""fill:#E5A030;"">
  </polygon>
 </g>
</svg>


Question: What is the object in the image?",Chair,Table,Bed,Sofa,C,furniture
172,"Examine the following SVG code carefully and answer the question based on your interpretation of the rendered image.

<svg id=""Layer_1"" style=""enable-background:new 0 0 512 512;"" version=""1.1"" viewbox=""0 0 512 512"" x=""0px"" xml:space=""preserve"" y=""0px"">
 <rect height=""61.485"" style=""fill:#5B370D;"" width=""33.391"" x=""434.112"" y=""455.264"">
 </rect>
 <rect height=""61.485"" style=""fill:#82370D;"" width=""33.391"" x=""53.383"" y=""455.264"">
 </rect>
 <path d=""M454.137,405.445H66.751V77.484C66.751,37.377,99.38,4.749,139.486,4.749h241.916c40.106,0.0,72.735,32.628,72.735,72.735V405.445z"" style=""fill:#F9ECB1;"">
 </path>
 <g>
  <path d=""M454.137,405.445H260.438c0.0,0.0,0.0,-354.166,0.0,-400.696h120.963c40.106,0.0,72.735,32.628,72.735,72.735V405.445z"" style=""fill:#F0C838;"">
  </path>
  <path d=""M391.933,471.957h-262.99l0.012,-146.716h262.978V471.957z"" style=""fill:#F0C838;"">
  </path>
 </g>
 <g>
  <path d=""M391.933,471.957H260.438L260.444,325.24h131.488v146.717H391.933z"" style=""fill:#E79C25;"">
  </path>
  <path d=""M162.335,471.957H4.55V276.061c0.0,-26.617,21.655,-48.273,48.273,-48.273h61.25c26.617,0.0,48.273,21.655,48.273,48.274L162.335,471.957z"" style=""fill:#E79C25;"">
  </path>
 </g>
 <path d=""M516.338,471.957H358.553l-0.01,-195.893c0.0,-26.62,21.655,-48.275,48.273,-48.275h61.25c26.617,0.0,48.273,21.655,48.273,48.273L516.338,471.957L516.338,471.957z"" style=""fill:#E0711B;"">
 </path>
</svg>


Question: What is the primary color of the backrest of the object?",Blue,Yellow,Green,Red,B,furniture
173,"Examine the following SVG code carefully and answer the question based on your interpretation of the rendered image.

<svg id=""Layer_1"" style=""enable-background:new 0 0 512 512;"" version=""1.1"" viewbox=""0 0 512 512"" x=""0px"" xml:space=""preserve"" y=""0px"">
 <rect height=""61.485"" style=""fill:#5B370D;"" width=""33.391"" x=""434.112"" y=""455.264"">
 </rect>
 <rect height=""61.485"" style=""fill:#82370D;"" width=""33.391"" x=""53.383"" y=""455.264"">
 </rect>
 <path d=""M454.137,405.445H66.751V77.484C66.751,37.377,99.38,4.749,139.486,4.749h241.916c40.106,0.0,72.735,32.628,72.735,72.735V405.445z"" style=""fill:#F9ECB1;"">
 </path>
 <g>
  <path d=""M454.137,405.445H260.438c0.0,0.0,0.0,-354.166,0.0,-400.696h120.963c40.106,0.0,72.735,32.628,72.735,72.735V405.445z"" style=""fill:#F0C838;"">
  </path>
  <path d=""M391.933,471.957h-262.99l0.012,-146.716h262.978V471.957z"" style=""fill:#F0C838;"">
  </path>
 </g>
 <g>
  <path d=""M391.933,471.957H260.438L260.444,325.24h131.488v146.717H391.933z"" style=""fill:#E79C25;"">
  </path>
  <path d=""M162.335,471.957H4.55V276.061c0.0,-26.617,21.655,-48.273,48.273,-48.273h61.25c26.617,0.0,48.273,21.655,48.273,48.274L162.335,471.957z"" style=""fill:#E79C25;"">
  </path>
 </g>
 <path d=""M516.338,471.957H358.553l-0.01,-195.893c0.0,-26.62,21.655,-48.275,48.273,-48.275h61.25c26.617,0.0,48.273,21.655,48.273,48.273L516.338,471.957L516.338,471.957z"" style=""fill:#E0711B;"">
 </path>
</svg>


Question: How many legs does the object have?",2,3,4,5,A,furniture
174,"Examine the following SVG code carefully and answer the question based on your interpretation of the rendered image.

<svg id=""Layer_1"" style=""enable-background:new 0 0 512 512;"" version=""1.1"" viewbox=""0 0 512 512"" x=""0px"" xml:space=""preserve"" y=""0px"">
 <rect height=""61.485"" style=""fill:#5B370D;"" width=""33.391"" x=""434.112"" y=""455.264"">
 </rect>
 <rect height=""61.485"" style=""fill:#82370D;"" width=""33.391"" x=""53.383"" y=""455.264"">
 </rect>
 <path d=""M454.137,405.445H66.751V77.484C66.751,37.377,99.38,4.749,139.486,4.749h241.916c40.106,0.0,72.735,32.628,72.735,72.735V405.445z"" style=""fill:#F9ECB1;"">
 </path>
 <g>
  <path d=""M454.137,405.445H260.438c0.0,0.0,0.0,-354.166,0.0,-400.696h120.963c40.106,0.0,72.735,32.628,72.735,72.735V405.445z"" style=""fill:#F0C838;"">
  </path>
  <path d=""M391.933,471.957h-262.99l0.012,-146.716h262.978V471.957z"" style=""fill:#F0C838;"">
  </path>
 </g>
 <g>
  <path d=""M391.933,471.957H260.438L260.444,325.24h131.488v146.717H391.933z"" style=""fill:#E79C25;"">
  </path>
  <path d=""M162.335,471.957H4.55V276.061c0.0,-26.617,21.655,-48.273,48.273,-48.273h61.25c26.617,0.0,48.273,21.655,48.273,48.274L162.335,471.957z"" style=""fill:#E79C25;"">
  </path>
 </g>
 <path d=""M516.338,471.957H358.553l-0.01,-195.893c0.0,-26.62,21.655,-48.275,48.273,-48.275h61.25c26.617,0.0,48.273,21.655,48.273,48.273L516.338,471.957L516.338,471.957z"" style=""fill:#E0711B;"">
 </path>
</svg>


Question: What is the color of the armrests of the object?",Blue,Green,Orange,Purple,C,furniture
175,"Examine the following SVG code carefully and answer the question based on your interpretation of the rendered image.

<svg id=""Layer_1"" style=""enable-background:new 0 0 512 512;"" version=""1.1"" viewbox=""0 0 512 512"" x=""0px"" xml:space=""preserve"" y=""0px"">
 <rect height=""61.485"" style=""fill:#5B370D;"" width=""33.391"" x=""434.112"" y=""455.264"">
 </rect>
 <rect height=""61.485"" style=""fill:#82370D;"" width=""33.391"" x=""53.383"" y=""455.264"">
 </rect>
 <path d=""M454.137,405.445H66.751V77.484C66.751,37.377,99.38,4.749,139.486,4.749h241.916c40.106,0.0,72.735,32.628,72.735,72.735V405.445z"" style=""fill:#F9ECB1;"">
 </path>
 <g>
  <path d=""M454.137,405.445H260.438c0.0,0.0,0.0,-354.166,0.0,-400.696h120.963c40.106,0.0,72.735,32.628,72.735,72.735V405.445z"" style=""fill:#F0C838;"">
  </path>
  <path d=""M391.933,471.957h-262.99l0.012,-146.716h262.978V471.957z"" style=""fill:#F0C838;"">
  </path>
 </g>
 <g>
  <path d=""M391.933,471.957H260.438L260.444,325.24h131.488v146.717H391.933z"" style=""fill:#E79C25;"">
  </path>
  <path d=""M162.335,471.957H4.55V276.061c0.0,-26.617,21.655,-48.273,48.273,-48.273h61.25c26.617,0.0,48.273,21.655,48.273,48.274L162.335,471.957z"" style=""fill:#E79C25;"">
  </path>
 </g>
 <path d=""M516.338,471.957H358.553l-0.01,-195.893c0.0,-26.62,21.655,-48.275,48.273,-48.275h61.25c26.617,0.0,48.273,21.655,48.273,48.273L516.338,471.957L516.338,471.957z"" style=""fill:#E0711B;"">
 </path>
</svg>


Question: What type of object is shown in the image?",Sofa,Chair,Table,Bed,A,furniture
4,"Examine the following SVG code carefully and answer the question based on your interpretation of the rendered image.

<svg id=""Capa_1"" style=""enable-background:new 0 0 52 52;"" version=""1.1"" viewbox=""0 0 52 52"" x=""0px"" xml:space=""preserve"" y=""0px"">
 <g>
  <path d=""M46.46,23.579H7.46L9.799,6.804C10.178,4.027,12.549,1.957,15.352,1.957h23.216c2.803,0.0,5.174,2.07,5.553,4.847L46.46,23.579z"" style=""fill:#556080;"">
  </path>
  <path d=""M45.205,14.579H8.715l-0.274,1.967c0.055,0.009,0.105,0.033,0.162,0.033h36.715c0.057,0.0,0.107,-0.023,0.162,-0.033L45.205,14.579z"" style=""fill:#8697CB;"">
  </path>
  <path d=""M45.763,18.579H8.157l-0.274,1.965c0.059,0.011,0.112,0.035,0.174,0.035h37.806c0.062,0.0,0.115,-0.024,0.174,-0.035L45.763,18.579z"" style=""fill:#8697CB;"">
  </path>
  <path d=""M50.46,30.457c0.0,-1.898,-1.337,-3.839,-3.0,-4.5c-0.277,-1.567,-1.0,-2.378,-1.0,-2.378H7.46c0.0,0.0,-0.723,0.811,-1.0,2.378c-1.663,0.661,-3.0,2.602,-3.0,4.5c0.0,1.978,1.284,3.639,3.058,4.242C8.67,44.009,16.996,50.957,26.96,50.957c9.964,0.0,18.29,-6.947,20.442,-16.258C49.176,34.096,50.46,32.435,50.46,30.457z"" style=""fill:#FFD581;"">
  </path>
  <circle cx=""19.460"" cy=""31.957"" r=""2"" style=""fill:#414141;"">
  </circle>
  <circle cx=""34.460"" cy=""31.957"" r=""2"" style=""fill:#414141;"">
  </circle>
  <path d=""M27.425,37.616C22.918,35.509,17.567,37.451,15.46,41.957C19.966,44.064,25.318,42.122,27.425,37.616z"" style=""fill:#414141;"">
  </path>
  <path d=""M27.46,37.616c4.506,-2.107,9.858,-0.165,11.965,4.341C34.918,44.064,29.567,42.122,27.46,37.616z"" style=""fill:#414141;"">
  </path>
  <path d=""M51.46,24.579H1.46c-0.552,0.0,-1.0,-0.447,-1.0,-1.0s0.448,-1.0,1.0,-1.0h50.0c0.552,0.0,1.0,0.447,1.0,1.0S52.012,24.579,51.46,24.579z"" style=""fill:#3D324C;"">
  </path>
 </g>
</svg>


Question: What type of hat is the object wearing?",cap,Fedora,Beanie,hat,B,human
5,"Examine the following SVG code carefully and answer the question based on your interpretation of the rendered image.

<svg id=""Capa_1"" style=""enable-background:new 0 0 52 52;"" version=""1.1"" viewbox=""0 0 52 52"" x=""0px"" xml:space=""preserve"" y=""0px"">
 <g>
  <path d=""M46.46,23.579H7.46L9.799,6.804C10.178,4.027,12.549,1.957,15.352,1.957h23.216c2.803,0.0,5.174,2.07,5.553,4.847L46.46,23.579z"" style=""fill:#556080;"">
  </path>
  <path d=""M45.205,14.579H8.715l-0.274,1.967c0.055,0.009,0.105,0.033,0.162,0.033h36.715c0.057,0.0,0.107,-0.023,0.162,-0.033L45.205,14.579z"" style=""fill:#8697CB;"">
  </path>
  <path d=""M45.763,18.579H8.157l-0.274,1.965c0.059,0.011,0.112,0.035,0.174,0.035h37.806c0.062,0.0,0.115,-0.024,0.174,-0.035L45.763,18.579z"" style=""fill:#8697CB;"">
  </path>
  <path d=""M50.46,30.457c0.0,-1.898,-1.337,-3.839,-3.0,-4.5c-0.277,-1.567,-1.0,-2.378,-1.0,-2.378H7.46c0.0,0.0,-0.723,0.811,-1.0,2.378c-1.663,0.661,-3.0,2.602,-3.0,4.5c0.0,1.978,1.284,3.639,3.058,4.242C8.67,44.009,16.996,50.957,26.96,50.957c9.964,0.0,18.29,-6.947,20.442,-16.258C49.176,34.096,50.46,32.435,50.46,30.457z"" style=""fill:#FFD581;"">
  </path>
  <circle cx=""19.460"" cy=""31.957"" r=""2"" style=""fill:#414141;"">
  </circle>
  <circle cx=""34.460"" cy=""31.957"" r=""2"" style=""fill:#414141;"">
  </circle>
  <path d=""M27.425,37.616C22.918,35.509,17.567,37.451,15.46,41.957C19.966,44.064,25.318,42.122,27.425,37.616z"" style=""fill:#414141;"">
  </path>
  <path d=""M27.46,37.616c4.506,-2.107,9.858,-0.165,11.965,4.341C34.918,44.064,29.567,42.122,27.46,37.616z"" style=""fill:#414141;"">
  </path>
  <path d=""M51.46,24.579H1.46c-0.552,0.0,-1.0,-0.447,-1.0,-1.0s0.448,-1.0,1.0,-1.0h50.0c0.552,0.0,1.0,0.447,1.0,1.0S52.012,24.579,51.46,24.579z"" style=""fill:#3D324C;"">
  </path>
 </g>
</svg>


Question: What facial feature is prominent on the object?",Glasses,Beard,Mustache,Scar,C,human
6,"Examine the following SVG code carefully and answer the question based on your interpretation of the rendered image.

<svg id=""Capa_1"" style=""enable-background:new 0 0 52 52;"" version=""1.1"" viewbox=""0 0 52 52"" x=""0px"" xml:space=""preserve"" y=""0px"">
 <g>
  <path d=""M46.46,23.579H7.46L9.799,6.804C10.178,4.027,12.549,1.957,15.352,1.957h23.216c2.803,0.0,5.174,2.07,5.553,4.847L46.46,23.579z"" style=""fill:#556080;"">
  </path>
  <path d=""M45.205,14.579H8.715l-0.274,1.967c0.055,0.009,0.105,0.033,0.162,0.033h36.715c0.057,0.0,0.107,-0.023,0.162,-0.033L45.205,14.579z"" style=""fill:#8697CB;"">
  </path>
  <path d=""M45.763,18.579H8.157l-0.274,1.965c0.059,0.011,0.112,0.035,0.174,0.035h37.806c0.062,0.0,0.115,-0.024,0.174,-0.035L45.763,18.579z"" style=""fill:#8697CB;"">
  </path>
  <path d=""M50.46,30.457c0.0,-1.898,-1.337,-3.839,-3.0,-4.5c-0.277,-1.567,-1.0,-2.378,-1.0,-2.378H7.46c0.0,0.0,-0.723,0.811,-1.0,2.378c-1.663,0.661,-3.0,2.602,-3.0,4.5c0.0,1.978,1.284,3.639,3.058,4.242C8.67,44.009,16.996,50.957,26.96,50.957c9.964,0.0,18.29,-6.947,20.442,-16.258C49.176,34.096,50.46,32.435,50.46,30.457z"" style=""fill:#FFD581;"">
  </path>
  <circle cx=""19.460"" cy=""31.957"" r=""2"" style=""fill:#414141;"">
  </circle>
  <circle cx=""34.460"" cy=""31.957"" r=""2"" style=""fill:#414141;"">
  </circle>
  <path d=""M27.425,37.616C22.918,35.509,17.567,37.451,15.46,41.957C19.966,44.064,25.318,42.122,27.425,37.616z"" style=""fill:#414141;"">
  </path>
  <path d=""M27.46,37.616c4.506,-2.107,9.858,-0.165,11.965,4.341C34.918,44.064,29.567,42.122,27.46,37.616z"" style=""fill:#414141;"">
  </path>
  <path d=""M51.46,24.579H1.46c-0.552,0.0,-1.0,-0.447,-1.0,-1.0s0.448,-1.0,1.0,-1.0h50.0c0.552,0.0,1.0,0.447,1.0,1.0S52.012,24.579,51.46,24.579z"" style=""fill:#3D324C;"">
  </path>
 </g>
</svg>


Question: What is the color of the hat's band?",Red,Green,Blue,Purple,C,human
7,"Examine the following SVG code carefully and answer the question based on your interpretation of the rendered image.

<svg id=""Capa_1"" style=""enable-background:new 0 0 52 52;"" version=""1.1"" viewbox=""0 0 52 52"" x=""0px"" xml:space=""preserve"" y=""0px"">
 <g>
  <path d=""M46.46,23.579H7.46L9.799,6.804C10.178,4.027,12.549,1.957,15.352,1.957h23.216c2.803,0.0,5.174,2.07,5.553,4.847L46.46,23.579z"" style=""fill:#556080;"">
  </path>
  <path d=""M45.205,14.579H8.715l-0.274,1.967c0.055,0.009,0.105,0.033,0.162,0.033h36.715c0.057,0.0,0.107,-0.023,0.162,-0.033L45.205,14.579z"" style=""fill:#8697CB;"">
  </path>
  <path d=""M45.763,18.579H8.157l-0.274,1.965c0.059,0.011,0.112,0.035,0.174,0.035h37.806c0.062,0.0,0.115,-0.024,0.174,-0.035L45.763,18.579z"" style=""fill:#8697CB;"">
  </path>
  <path d=""M50.46,30.457c0.0,-1.898,-1.337,-3.839,-3.0,-4.5c-0.277,-1.567,-1.0,-2.378,-1.0,-2.378H7.46c0.0,0.0,-0.723,0.811,-1.0,2.378c-1.663,0.661,-3.0,2.602,-3.0,4.5c0.0,1.978,1.284,3.639,3.058,4.242C8.67,44.009,16.996,50.957,26.96,50.957c9.964,0.0,18.29,-6.947,20.442,-16.258C49.176,34.096,50.46,32.435,50.46,30.457z"" style=""fill:#FFD581;"">
  </path>
  <circle cx=""19.460"" cy=""31.957"" r=""2"" style=""fill:#414141;"">
  </circle>
  <circle cx=""34.460"" cy=""31.957"" r=""2"" style=""fill:#414141;"">
  </circle>
  <path d=""M27.425,37.616C22.918,35.509,17.567,37.451,15.46,41.957C19.966,44.064,25.318,42.122,27.425,37.616z"" style=""fill:#414141;"">
  </path>
  <path d=""M27.46,37.616c4.506,-2.107,9.858,-0.165,11.965,4.341C34.918,44.064,29.567,42.122,27.46,37.616z"" style=""fill:#414141;"">
  </path>
  <path d=""M51.46,24.579H1.46c-0.552,0.0,-1.0,-0.447,-1.0,-1.0s0.448,-1.0,1.0,-1.0h50.0c0.552,0.0,1.0,0.447,1.0,1.0S52.012,24.579,51.46,24.579z"" style=""fill:#3D324C;"">
  </path>
 </g>
</svg>


Question: What is the object in the image?",cat,robot,face,car,C,human
12,"Examine the following SVG code carefully and answer the question based on your interpretation of the rendered image.

<svg id=""Layer_1"" style=""enable-background:new 0 0 503.195 503.195;"" version=""1.1"" viewbox=""0 0 503.195 503.195"" x=""0px"" xml:space=""preserve"" y=""0px"">
 <g>
  <path d=""M401.135,402.318c3.503,-6.422,8.03,-12.162,12.863,-17.66c47.257,-53.823,39.424,-137.872,39.424,-137.872c0.0,-80.276,-44.912,-152.702,-44.912,-152.702C332.159,-34.472,255.808,13.243,255.808,13.243S179.457,-34.472,103.106,94.085c0.0,0.0,-44.912,72.426,-44.912,152.702c0.0,0.0,-7.824,84.049,39.433,137.872c4.833,5.497,9.36,11.237,12.863,17.66c12.243,22.483,28.825,69.928,-43.313,78.013c0.0,0.0,60.075,61.754,107.789,0.0c0.0,0.0,34.25,-40.978,8.982,-98.807c0.0,0.0,-41.661,-61.449,-34.259,-135.518c2.003,-20.049,19.267,-35.148,39.415,-35.148h66.704h66.713c20.148,0.0,37.403,15.1,39.406,35.148c7.411,74.069,-34.259,135.518,-34.259,135.518c-25.259,57.829,8.982,98.807,8.982,98.807c47.724,61.754,107.789,0.0,107.789,0.0C372.31,472.247,388.892,424.801,401.135,402.318"" style=""fill:#C03A2B;"">
  </path>
  <path d=""M327.67,381.525c0.0,0.0,41.67,-61.449,34.259,-135.518c-2.003,-20.049,-19.267,-35.148,-39.415,-35.148H255.811h-66.704c-20.148,0.0,-37.412,15.1,-39.415,35.148c-7.411,74.069,34.259,135.518,34.259,135.518c12.953,29.642,10.249,54.811,4.545,72.345c4.06,2.713,8.12,5.416,12.144,8.147c17.363,11.776,32.669,27.298,55.17,27.298s37.807,-15.522,55.17,-27.298c4.024,-2.731,8.084,-5.434,12.144,-8.147C317.421,436.336,314.718,411.167,327.67,381.525"" style=""fill:#FDD7AD;"">
  </path>
 </g>
</svg>


Question: What is the color of the hair in the image?",Black,Brown,Red,Blonde,C,human
13,"Examine the following SVG code carefully and answer the question based on your interpretation of the rendered image.

<svg id=""Layer_1"" style=""enable-background:new 0 0 503.195 503.195;"" version=""1.1"" viewbox=""0 0 503.195 503.195"" x=""0px"" xml:space=""preserve"" y=""0px"">
 <g>
  <path d=""M401.135,402.318c3.503,-6.422,8.03,-12.162,12.863,-17.66c47.257,-53.823,39.424,-137.872,39.424,-137.872c0.0,-80.276,-44.912,-152.702,-44.912,-152.702C332.159,-34.472,255.808,13.243,255.808,13.243S179.457,-34.472,103.106,94.085c0.0,0.0,-44.912,72.426,-44.912,152.702c0.0,0.0,-7.824,84.049,39.433,137.872c4.833,5.497,9.36,11.237,12.863,17.66c12.243,22.483,28.825,69.928,-43.313,78.013c0.0,0.0,60.075,61.754,107.789,0.0c0.0,0.0,34.25,-40.978,8.982,-98.807c0.0,0.0,-41.661,-61.449,-34.259,-135.518c2.003,-20.049,19.267,-35.148,39.415,-35.148h66.704h66.713c20.148,0.0,37.403,15.1,39.406,35.148c7.411,74.069,-34.259,135.518,-34.259,135.518c-25.259,57.829,8.982,98.807,8.982,98.807c47.724,61.754,107.789,0.0,107.789,0.0C372.31,472.247,388.892,424.801,401.135,402.318"" style=""fill:#C03A2B;"">
  </path>
  <path d=""M327.67,381.525c0.0,0.0,41.67,-61.449,34.259,-135.518c-2.003,-20.049,-19.267,-35.148,-39.415,-35.148H255.811h-66.704c-20.148,0.0,-37.412,15.1,-39.415,35.148c-7.411,74.069,34.259,135.518,34.259,135.518c12.953,29.642,10.249,54.811,4.545,72.345c4.06,2.713,8.12,5.416,12.144,8.147c17.363,11.776,32.669,27.298,55.17,27.298s37.807,-15.522,55.17,-27.298c4.024,-2.731,8.084,-5.434,12.144,-8.147C317.421,436.336,314.718,411.167,327.67,381.525"" style=""fill:#FDD7AD;"">
  </path>
 </g>
</svg>


Question: What shape is the face in the image?",Square,Oval,Round,Heart,B,human
14,"Examine the following SVG code carefully and answer the question based on your interpretation of the rendered image.

<svg id=""Layer_1"" style=""enable-background:new 0 0 503.195 503.195;"" version=""1.1"" viewbox=""0 0 503.195 503.195"" x=""0px"" xml:space=""preserve"" y=""0px"">
 <g>
  <path d=""M401.135,402.318c3.503,-6.422,8.03,-12.162,12.863,-17.66c47.257,-53.823,39.424,-137.872,39.424,-137.872c0.0,-80.276,-44.912,-152.702,-44.912,-152.702C332.159,-34.472,255.808,13.243,255.808,13.243S179.457,-34.472,103.106,94.085c0.0,0.0,-44.912,72.426,-44.912,152.702c0.0,0.0,-7.824,84.049,39.433,137.872c4.833,5.497,9.36,11.237,12.863,17.66c12.243,22.483,28.825,69.928,-43.313,78.013c0.0,0.0,60.075,61.754,107.789,0.0c0.0,0.0,34.25,-40.978,8.982,-98.807c0.0,0.0,-41.661,-61.449,-34.259,-135.518c2.003,-20.049,19.267,-35.148,39.415,-35.148h66.704h66.713c20.148,0.0,37.403,15.1,39.406,35.148c7.411,74.069,-34.259,135.518,-34.259,135.518c-25.259,57.829,8.982,98.807,8.982,98.807c47.724,61.754,107.789,0.0,107.789,0.0C372.31,472.247,388.892,424.801,401.135,402.318"" style=""fill:#C03A2B;"">
  </path>
  <path d=""M327.67,381.525c0.0,0.0,41.67,-61.449,34.259,-135.518c-2.003,-20.049,-19.267,-35.148,-39.415,-35.148H255.811h-66.704c-20.148,0.0,-37.412,15.1,-39.415,35.148c-7.411,74.069,34.259,135.518,34.259,135.518c12.953,29.642,10.249,54.811,4.545,72.345c4.06,2.713,8.12,5.416,12.144,8.147c17.363,11.776,32.669,27.298,55.17,27.298s37.807,-15.522,55.17,-27.298c4.024,-2.731,8.084,-5.434,12.144,-8.147C317.421,436.336,314.718,411.167,327.67,381.525"" style=""fill:#FDD7AD;"">
  </path>
 </g>
</svg>


Question: What is the color of the face in the image?",Blue,Green,Pink,Beige,D,human
15,"Examine the following SVG code carefully and answer the question based on your interpretation of the rendered image.

<svg id=""Layer_1"" style=""enable-background:new 0 0 503.195 503.195;"" version=""1.1"" viewbox=""0 0 503.195 503.195"" x=""0px"" xml:space=""preserve"" y=""0px"">
 <g>
  <path d=""M401.135,402.318c3.503,-6.422,8.03,-12.162,12.863,-17.66c47.257,-53.823,39.424,-137.872,39.424,-137.872c0.0,-80.276,-44.912,-152.702,-44.912,-152.702C332.159,-34.472,255.808,13.243,255.808,13.243S179.457,-34.472,103.106,94.085c0.0,0.0,-44.912,72.426,-44.912,152.702c0.0,0.0,-7.824,84.049,39.433,137.872c4.833,5.497,9.36,11.237,12.863,17.66c12.243,22.483,28.825,69.928,-43.313,78.013c0.0,0.0,60.075,61.754,107.789,0.0c0.0,0.0,34.25,-40.978,8.982,-98.807c0.0,0.0,-41.661,-61.449,-34.259,-135.518c2.003,-20.049,19.267,-35.148,39.415,-35.148h66.704h66.713c20.148,0.0,37.403,15.1,39.406,35.148c7.411,74.069,-34.259,135.518,-34.259,135.518c-25.259,57.829,8.982,98.807,8.982,98.807c47.724,61.754,107.789,0.0,107.789,0.0C372.31,472.247,388.892,424.801,401.135,402.318"" style=""fill:#C03A2B;"">
  </path>
  <path d=""M327.67,381.525c0.0,0.0,41.67,-61.449,34.259,-135.518c-2.003,-20.049,-19.267,-35.148,-39.415,-35.148H255.811h-66.704c-20.148,0.0,-37.412,15.1,-39.415,35.148c-7.411,74.069,34.259,135.518,34.259,135.518c12.953,29.642,10.249,54.811,4.545,72.345c4.06,2.713,8.12,5.416,12.144,8.147c17.363,11.776,32.669,27.298,55.17,27.298s37.807,-15.522,55.17,-27.298c4.024,-2.731,8.084,-5.434,12.144,-8.147C317.421,436.336,314.718,411.167,327.67,381.525"" style=""fill:#FDD7AD;"">
  </path>
 </g>
</svg>


Question: What does the image represent?",tree,house,car,face,D,human
20,"Examine the following SVG code carefully and answer the question based on your interpretation of the rendered image.

<svg height=""574.86px"" id=""Capa_1"" style=""enable-background:new 0 0 574.859 574.86;"" version=""1.1"" viewbox=""0 0 574.859 574.86"" width=""574.859px"" x=""0px"" xml:space=""preserve"" y=""0px"">
 <g>
  <path d=""M184.869,526.704V359.36H22.306v167.344c0.0,10.566,13.34,23.906,23.906,23.906h124.312C181.091,550.61,184.869,537.27,184.869,526.704zM70.119,507.579c0.0,2.64,-2.142,4.781,-4.781,4.781s-4.781,-2.142,-4.781,-4.781V383.267c0.0,-2.64,2.142,-4.781,4.781,-4.781s4.781,2.142,4.781,4.781V507.579zM108.369,507.579c0.0,2.64,-2.142,4.781,-4.781,4.781s-4.781,-2.142,-4.781,-4.781V383.267c0.0,-2.64,2.142,-4.781,4.781,-4.781s4.781,2.142,4.781,4.781V507.579zM146.619,507.579c0.0,2.64,-2.142,4.781,-4.781,4.781s-4.781,-2.142,-4.781,-4.781V383.267c0.0,-2.64,2.142,-4.781,4.781,-4.781s4.781,2.142,4.781,4.781V507.579z"">
  </path>
  <path d=""M22.306,340.235h162.562v-19.125h19.125v-19.125h-57.375c0.0,-10.566,-6.828,-19.125,-15.243,-19.125H80.58c-8.415,0.0,-15.243,8.559,-15.243,19.125H3.181v19.125h19.125V340.235z"">
  </path>
  <path d=""M360.188,197.075C374.149,335.33,247.073,547.599,247.073,547.599c145.235,-78.212,169.189,-207.363,169.189,-207.363c42.333,66.479,44.475,228.305,44.475,228.305c80.995,-194.109,0.0,-377.049,0.0,-377.049l117.304,48.874c-19.546,-74.014,-141.047,-125.68,-141.047,-125.68c-110.322,50.27,-249.974,44.686,-249.974,44.686C262.43,231.988,360.188,197.075,360.188,197.075z"">
  </path>
  <circle cx=""372.963"" cy=""60.647"" r=""43.29"">
  </circle>
  <path d=""M97.611,235.048c5.977,-2.391,27.492,-13.148,28.764,0.0c1.271,13.148,11.876,9.562,19.048,0.0s3.586,-25.102,11.953,-23.906s15.539,-10.758,17.93,-21.735c2.391,-10.978,-22.711,-18.905,-33.469,-21.458s-20.32,13.321,-27.492,13.321s-17.93,-20.33,-25.102,-10.768s-11.953,40.641,-11.953,40.641c-10.758,-5.977,-21.516,7.172,-25.102,16.734S91.634,237.438,97.611,235.048z"">
  </path>
 </g>
</svg>


Question: What is the shape of the object being thrown away?",Circle,Square,Fish,Triangle,C,human
21,"Examine the following SVG code carefully and answer the question based on your interpretation of the rendered image.

<svg height=""574.86px"" id=""Capa_1"" style=""enable-background:new 0 0 574.859 574.86;"" version=""1.1"" viewbox=""0 0 574.859 574.86"" width=""574.859px"" x=""0px"" xml:space=""preserve"" y=""0px"">
 <g>
  <path d=""M184.869,526.704V359.36H22.306v167.344c0.0,10.566,13.34,23.906,23.906,23.906h124.312C181.091,550.61,184.869,537.27,184.869,526.704zM70.119,507.579c0.0,2.64,-2.142,4.781,-4.781,4.781s-4.781,-2.142,-4.781,-4.781V383.267c0.0,-2.64,2.142,-4.781,4.781,-4.781s4.781,2.142,4.781,4.781V507.579zM108.369,507.579c0.0,2.64,-2.142,4.781,-4.781,4.781s-4.781,-2.142,-4.781,-4.781V383.267c0.0,-2.64,2.142,-4.781,4.781,-4.781s4.781,2.142,4.781,4.781V507.579zM146.619,507.579c0.0,2.64,-2.142,4.781,-4.781,4.781s-4.781,-2.142,-4.781,-4.781V383.267c0.0,-2.64,2.142,-4.781,4.781,-4.781s4.781,2.142,4.781,4.781V507.579z"">
  </path>
  <path d=""M22.306,340.235h162.562v-19.125h19.125v-19.125h-57.375c0.0,-10.566,-6.828,-19.125,-15.243,-19.125H80.58c-8.415,0.0,-15.243,8.559,-15.243,19.125H3.181v19.125h19.125V340.235z"">
  </path>
  <path d=""M360.188,197.075C374.149,335.33,247.073,547.599,247.073,547.599c145.235,-78.212,169.189,-207.363,169.189,-207.363c42.333,66.479,44.475,228.305,44.475,228.305c80.995,-194.109,0.0,-377.049,0.0,-377.049l117.304,48.874c-19.546,-74.014,-141.047,-125.68,-141.047,-125.68c-110.322,50.27,-249.974,44.686,-249.974,44.686C262.43,231.988,360.188,197.075,360.188,197.075z"">
  </path>
  <circle cx=""372.963"" cy=""60.647"" r=""43.29"">
  </circle>
  <path d=""M97.611,235.048c5.977,-2.391,27.492,-13.148,28.764,0.0c1.271,13.148,11.876,9.562,19.048,0.0s3.586,-25.102,11.953,-23.906s15.539,-10.758,17.93,-21.735c2.391,-10.978,-22.711,-18.905,-33.469,-21.458s-20.32,13.321,-27.492,13.321s-17.93,-20.33,-25.102,-10.768s-11.953,40.641,-11.953,40.641c-10.758,-5.977,-21.516,7.172,-25.102,16.734S91.634,237.438,97.611,235.048z"">
  </path>
 </g>
</svg>


Question: What is the shape of the trash can's lid?",Round,Flat,Pointed,Triangular,B,human
22,"Examine the following SVG code carefully and answer the question based on your interpretation of the rendered image.

<svg height=""574.86px"" id=""Capa_1"" style=""enable-background:new 0 0 574.859 574.86;"" version=""1.1"" viewbox=""0 0 574.859 574.86"" width=""574.859px"" x=""0px"" xml:space=""preserve"" y=""0px"">
 <g>
  <path d=""M184.869,526.704V359.36H22.306v167.344c0.0,10.566,13.34,23.906,23.906,23.906h124.312C181.091,550.61,184.869,537.27,184.869,526.704zM70.119,507.579c0.0,2.64,-2.142,4.781,-4.781,4.781s-4.781,-2.142,-4.781,-4.781V383.267c0.0,-2.64,2.142,-4.781,4.781,-4.781s4.781,2.142,4.781,4.781V507.579zM108.369,507.579c0.0,2.64,-2.142,4.781,-4.781,4.781s-4.781,-2.142,-4.781,-4.781V383.267c0.0,-2.64,2.142,-4.781,4.781,-4.781s4.781,2.142,4.781,4.781V507.579zM146.619,507.579c0.0,2.64,-2.142,4.781,-4.781,4.781s-4.781,-2.142,-4.781,-4.781V383.267c0.0,-2.64,2.142,-4.781,4.781,-4.781s4.781,2.142,4.781,4.781V507.579z"">
  </path>
  <path d=""M22.306,340.235h162.562v-19.125h19.125v-19.125h-57.375c0.0,-10.566,-6.828,-19.125,-15.243,-19.125H80.58c-8.415,0.0,-15.243,8.559,-15.243,19.125H3.181v19.125h19.125V340.235z"">
  </path>
  <path d=""M360.188,197.075C374.149,335.33,247.073,547.599,247.073,547.599c145.235,-78.212,169.189,-207.363,169.189,-207.363c42.333,66.479,44.475,228.305,44.475,228.305c80.995,-194.109,0.0,-377.049,0.0,-377.049l117.304,48.874c-19.546,-74.014,-141.047,-125.68,-141.047,-125.68c-110.322,50.27,-249.974,44.686,-249.974,44.686C262.43,231.988,360.188,197.075,360.188,197.075z"">
  </path>
  <circle cx=""372.963"" cy=""60.647"" r=""43.29"">
  </circle>
  <path d=""M97.611,235.048c5.977,-2.391,27.492,-13.148,28.764,0.0c1.271,13.148,11.876,9.562,19.048,0.0s3.586,-25.102,11.953,-23.906s15.539,-10.758,17.93,-21.735c2.391,-10.978,-22.711,-18.905,-33.469,-21.458s-20.32,13.321,-27.492,13.321s-17.93,-20.33,-25.102,-10.768s-11.953,40.641,-11.953,40.641c-10.758,-5.977,-21.516,7.172,-25.102,16.734S91.634,237.438,97.611,235.048z"">
  </path>
 </g>
</svg>


Question: How many vertical lines are on the trash can?",2,3,4,5,C,human
23,"Examine the following SVG code carefully and answer the question based on your interpretation of the rendered image.

<svg height=""574.86px"" id=""Capa_1"" style=""enable-background:new 0 0 574.859 574.86;"" version=""1.1"" viewbox=""0 0 574.859 574.86"" width=""574.859px"" x=""0px"" xml:space=""preserve"" y=""0px"">
 <g>
  <path d=""M184.869,526.704V359.36H22.306v167.344c0.0,10.566,13.34,23.906,23.906,23.906h124.312C181.091,550.61,184.869,537.27,184.869,526.704zM70.119,507.579c0.0,2.64,-2.142,4.781,-4.781,4.781s-4.781,-2.142,-4.781,-4.781V383.267c0.0,-2.64,2.142,-4.781,4.781,-4.781s4.781,2.142,4.781,4.781V507.579zM108.369,507.579c0.0,2.64,-2.142,4.781,-4.781,4.781s-4.781,-2.142,-4.781,-4.781V383.267c0.0,-2.64,2.142,-4.781,4.781,-4.781s4.781,2.142,4.781,4.781V507.579zM146.619,507.579c0.0,2.64,-2.142,4.781,-4.781,4.781s-4.781,-2.142,-4.781,-4.781V383.267c0.0,-2.64,2.142,-4.781,4.781,-4.781s4.781,2.142,4.781,4.781V507.579z"">
  </path>
  <path d=""M22.306,340.235h162.562v-19.125h19.125v-19.125h-57.375c0.0,-10.566,-6.828,-19.125,-15.243,-19.125H80.58c-8.415,0.0,-15.243,8.559,-15.243,19.125H3.181v19.125h19.125V340.235z"">
  </path>
  <path d=""M360.188,197.075C374.149,335.33,247.073,547.599,247.073,547.599c145.235,-78.212,169.189,-207.363,169.189,-207.363c42.333,66.479,44.475,228.305,44.475,228.305c80.995,-194.109,0.0,-377.049,0.0,-377.049l117.304,48.874c-19.546,-74.014,-141.047,-125.68,-141.047,-125.68c-110.322,50.27,-249.974,44.686,-249.974,44.686C262.43,231.988,360.188,197.075,360.188,197.075z"">
  </path>
  <circle cx=""372.963"" cy=""60.647"" r=""43.29"">
  </circle>
  <path d=""M97.611,235.048c5.977,-2.391,27.492,-13.148,28.764,0.0c1.271,13.148,11.876,9.562,19.048,0.0s3.586,-25.102,11.953,-23.906s15.539,-10.758,17.93,-21.735c2.391,-10.978,-22.711,-18.905,-33.469,-21.458s-20.32,13.321,-27.492,13.321s-17.93,-20.33,-25.102,-10.768s-11.953,40.641,-11.953,40.641c-10.758,-5.977,-21.516,7.172,-25.102,16.734S91.634,237.438,97.611,235.048z"">
  </path>
 </g>
</svg>


Question: What is the main action depicted in the image?",trash,Running,Jumping,Eating,A,human
32,"Examine the following SVG code carefully and answer the question based on your interpretation of the rendered image.

<svg id=""Capa_1"" style=""enable-background:new 0 0 436.558 436.558;"" version=""1.1"" viewbox=""0 0 436.558 436.558"" x=""0px"" xml:space=""preserve"" y=""0px"">
 <path d=""M338.841,242.735l-55.617,-16.857c-1.344,-4.064,-4.323,-7.579,-8.491,-10.555c4.585,-5.094,8.455,-10.251,11.397,-14.517c6.979,-10.122,12.79,-21.023,16.813,-31.541c1.98,-4.436,3.67,-8.889,5.038,-13.259c5.415,-4.538,8.603,-11.318,8.603,-18.429v-17.418c0.0,-5.0,-1.572,-9.888,-4.464,-13.941V81.697c0.0,-43.019,-34.996,-78.01,-78.01,-78.01h-25.288c-43.014,0.0,-78.01,34.991,-78.01,78.01v24.523c-2.892,4.053,-4.463,8.944,-4.463,13.939v17.418c0.0,7.105,3.188,13.88,8.603,18.426c1.366,4.365,3.057,8.822,5.038,13.269c4.025,10.514,9.834,21.413,16.812,31.528c2.943,4.268,6.813,9.426,11.399,14.522c-4.168,2.976,-7.148,6.492,-8.492,10.555l-55.617,16.857c-39.159,11.254,-62.625,180.444,-62.625,180.444h0.003c-0.118,0.752,-0.197,1.517,-0.197,2.302c0.0,8.154,6.609,14.764,14.764,14.764h330.86c8.155,0.0,14.764,-6.609,14.764,-14.764C401.66,418.402,378.0,253.989,338.841,242.735zM207.977,256.098c0.948,1.051,1.406,2.454,1.261,3.862l-2.74,26.575c-0.211,2.045,-1.652,3.752,-3.632,4.304c-0.444,0.124,-0.895,0.184,-1.341,0.184c-1.544,0.0,-3.032,-0.717,-3.993,-1.99l-14.05,-18.636c-0.654,-0.868,-1.008,-1.926,-1.007,-3.013l0.018,-29.881c0.001,-1.752,0.919,-3.376,2.421,-4.281c1.502,-0.904,3.367,-0.956,4.916,-0.137c4.09,2.162,8.174,3.615,12.139,4.319c2.387,0.423,4.126,2.499,4.126,4.923v12.467C206.806,255.073,207.453,255.517,207.977,256.098zM233.693,259.959c-0.145,-1.408,0.313,-2.811,1.261,-3.862c0.524,-0.581,1.171,-1.024,1.883,-1.304V242.327c0.0,-2.424,1.739,-4.499,4.126,-4.923c3.963,-0.704,8.046,-2.156,12.135,-4.317c1.55,-0.818,3.415,-0.766,4.917,0.138c1.502,0.905,2.419,2.529,2.419,4.282l0.003,29.88c0.0,1.086,-0.353,2.142,-1.007,3.009l-14.031,18.623c-0.96,1.274,-2.449,1.992,-3.993,1.992c-0.446,0.0,-0.897,-0.06,-1.341,-0.184c-1.98,-0.551,-3.422,-2.259,-3.633,-4.304L233.693,259.959zM160.473,143.852l-0.271,-2.071l-4.852,-3.153c-1.419,-0.922,-2.275,-2.5,-2.275,-4.192v-8.232c0.0,-2.761,2.239,-5.0,5.0,-5.0h2.043v-8.916c0.0,-1.895,1.071,-3.627,2.767,-4.474c6.884,-3.437,20.544,-9.202,34.688,-9.202c11.285,0.0,20.642,3.754,27.812,11.157c8.933,9.233,19.229,13.914,30.604,13.914c6.439,0.0,13.094,-1.52,19.782,-4.516c1.546,-0.693,3.339,-0.555,4.763,0.366c0.665,0.431,1.208,1.007,1.597,1.67h2.728c2.761,0.0,5.0,2.239,5.0,5.0v8.232c0.0,1.692,-0.856,3.27,-2.275,4.192l-4.852,3.154l-0.27,2.059c-1.58,11.956,-8.287,27.444,-17.942,41.438c-12.226,17.733,-23.687,25.671,-29.62,25.671h-26.862c-5.934,0.0,-17.395,-7.939,-29.622,-25.675C168.759,171.286,162.052,155.8,160.473,143.852z"">
 </path>
</svg>


Question: What is the shape of the object on the head of the figure?",Square,Circle,Triangle,Hexagon,B,human
33,"Examine the following SVG code carefully and answer the question based on your interpretation of the rendered image.

<svg id=""Capa_1"" style=""enable-background:new 0 0 436.558 436.558;"" version=""1.1"" viewbox=""0 0 436.558 436.558"" x=""0px"" xml:space=""preserve"" y=""0px"">
 <path d=""M338.841,242.735l-55.617,-16.857c-1.344,-4.064,-4.323,-7.579,-8.491,-10.555c4.585,-5.094,8.455,-10.251,11.397,-14.517c6.979,-10.122,12.79,-21.023,16.813,-31.541c1.98,-4.436,3.67,-8.889,5.038,-13.259c5.415,-4.538,8.603,-11.318,8.603,-18.429v-17.418c0.0,-5.0,-1.572,-9.888,-4.464,-13.941V81.697c0.0,-43.019,-34.996,-78.01,-78.01,-78.01h-25.288c-43.014,0.0,-78.01,34.991,-78.01,78.01v24.523c-2.892,4.053,-4.463,8.944,-4.463,13.939v17.418c0.0,7.105,3.188,13.88,8.603,18.426c1.366,4.365,3.057,8.822,5.038,13.269c4.025,10.514,9.834,21.413,16.812,31.528c2.943,4.268,6.813,9.426,11.399,14.522c-4.168,2.976,-7.148,6.492,-8.492,10.555l-55.617,16.857c-39.159,11.254,-62.625,180.444,-62.625,180.444h0.003c-0.118,0.752,-0.197,1.517,-0.197,2.302c0.0,8.154,6.609,14.764,14.764,14.764h330.86c8.155,0.0,14.764,-6.609,14.764,-14.764C401.66,418.402,378.0,253.989,338.841,242.735zM207.977,256.098c0.948,1.051,1.406,2.454,1.261,3.862l-2.74,26.575c-0.211,2.045,-1.652,3.752,-3.632,4.304c-0.444,0.124,-0.895,0.184,-1.341,0.184c-1.544,0.0,-3.032,-0.717,-3.993,-1.99l-14.05,-18.636c-0.654,-0.868,-1.008,-1.926,-1.007,-3.013l0.018,-29.881c0.001,-1.752,0.919,-3.376,2.421,-4.281c1.502,-0.904,3.367,-0.956,4.916,-0.137c4.09,2.162,8.174,3.615,12.139,4.319c2.387,0.423,4.126,2.499,4.126,4.923v12.467C206.806,255.073,207.453,255.517,207.977,256.098zM233.693,259.959c-0.145,-1.408,0.313,-2.811,1.261,-3.862c0.524,-0.581,1.171,-1.024,1.883,-1.304V242.327c0.0,-2.424,1.739,-4.499,4.126,-4.923c3.963,-0.704,8.046,-2.156,12.135,-4.317c1.55,-0.818,3.415,-0.766,4.917,0.138c1.502,0.905,2.419,2.529,2.419,4.282l0.003,29.88c0.0,1.086,-0.353,2.142,-1.007,3.009l-14.031,18.623c-0.96,1.274,-2.449,1.992,-3.993,1.992c-0.446,0.0,-0.897,-0.06,-1.341,-0.184c-1.98,-0.551,-3.422,-2.259,-3.633,-4.304L233.693,259.959zM160.473,143.852l-0.271,-2.071l-4.852,-3.153c-1.419,-0.922,-2.275,-2.5,-2.275,-4.192v-8.232c0.0,-2.761,2.239,-5.0,5.0,-5.0h2.043v-8.916c0.0,-1.895,1.071,-3.627,2.767,-4.474c6.884,-3.437,20.544,-9.202,34.688,-9.202c11.285,0.0,20.642,3.754,27.812,11.157c8.933,9.233,19.229,13.914,30.604,13.914c6.439,0.0,13.094,-1.52,19.782,-4.516c1.546,-0.693,3.339,-0.555,4.763,0.366c0.665,0.431,1.208,1.007,1.597,1.67h2.728c2.761,0.0,5.0,2.239,5.0,5.0v8.232c0.0,1.692,-0.856,3.27,-2.275,4.192l-4.852,3.154l-0.27,2.059c-1.58,11.956,-8.287,27.444,-17.942,41.438c-12.226,17.733,-23.687,25.671,-29.62,25.671h-26.862c-5.934,0.0,-17.395,-7.939,-29.622,-25.675C168.759,171.286,162.052,155.8,160.473,143.852z"">
 </path>
</svg>


Question: What is the color of the object in the image?",Red,Blue,Black,Green,C,human
34,"Examine the following SVG code carefully and answer the question based on your interpretation of the rendered image.

<svg id=""Capa_1"" style=""enable-background:new 0 0 436.558 436.558;"" version=""1.1"" viewbox=""0 0 436.558 436.558"" x=""0px"" xml:space=""preserve"" y=""0px"">
 <path d=""M338.841,242.735l-55.617,-16.857c-1.344,-4.064,-4.323,-7.579,-8.491,-10.555c4.585,-5.094,8.455,-10.251,11.397,-14.517c6.979,-10.122,12.79,-21.023,16.813,-31.541c1.98,-4.436,3.67,-8.889,5.038,-13.259c5.415,-4.538,8.603,-11.318,8.603,-18.429v-17.418c0.0,-5.0,-1.572,-9.888,-4.464,-13.941V81.697c0.0,-43.019,-34.996,-78.01,-78.01,-78.01h-25.288c-43.014,0.0,-78.01,34.991,-78.01,78.01v24.523c-2.892,4.053,-4.463,8.944,-4.463,13.939v17.418c0.0,7.105,3.188,13.88,8.603,18.426c1.366,4.365,3.057,8.822,5.038,13.269c4.025,10.514,9.834,21.413,16.812,31.528c2.943,4.268,6.813,9.426,11.399,14.522c-4.168,2.976,-7.148,6.492,-8.492,10.555l-55.617,16.857c-39.159,11.254,-62.625,180.444,-62.625,180.444h0.003c-0.118,0.752,-0.197,1.517,-0.197,2.302c0.0,8.154,6.609,14.764,14.764,14.764h330.86c8.155,0.0,14.764,-6.609,14.764,-14.764C401.66,418.402,378.0,253.989,338.841,242.735zM207.977,256.098c0.948,1.051,1.406,2.454,1.261,3.862l-2.74,26.575c-0.211,2.045,-1.652,3.752,-3.632,4.304c-0.444,0.124,-0.895,0.184,-1.341,0.184c-1.544,0.0,-3.032,-0.717,-3.993,-1.99l-14.05,-18.636c-0.654,-0.868,-1.008,-1.926,-1.007,-3.013l0.018,-29.881c0.001,-1.752,0.919,-3.376,2.421,-4.281c1.502,-0.904,3.367,-0.956,4.916,-0.137c4.09,2.162,8.174,3.615,12.139,4.319c2.387,0.423,4.126,2.499,4.126,4.923v12.467C206.806,255.073,207.453,255.517,207.977,256.098zM233.693,259.959c-0.145,-1.408,0.313,-2.811,1.261,-3.862c0.524,-0.581,1.171,-1.024,1.883,-1.304V242.327c0.0,-2.424,1.739,-4.499,4.126,-4.923c3.963,-0.704,8.046,-2.156,12.135,-4.317c1.55,-0.818,3.415,-0.766,4.917,0.138c1.502,0.905,2.419,2.529,2.419,4.282l0.003,29.88c0.0,1.086,-0.353,2.142,-1.007,3.009l-14.031,18.623c-0.96,1.274,-2.449,1.992,-3.993,1.992c-0.446,0.0,-0.897,-0.06,-1.341,-0.184c-1.98,-0.551,-3.422,-2.259,-3.633,-4.304L233.693,259.959zM160.473,143.852l-0.271,-2.071l-4.852,-3.153c-1.419,-0.922,-2.275,-2.5,-2.275,-4.192v-8.232c0.0,-2.761,2.239,-5.0,5.0,-5.0h2.043v-8.916c0.0,-1.895,1.071,-3.627,2.767,-4.474c6.884,-3.437,20.544,-9.202,34.688,-9.202c11.285,0.0,20.642,3.754,27.812,11.157c8.933,9.233,19.229,13.914,30.604,13.914c6.439,0.0,13.094,-1.52,19.782,-4.516c1.546,-0.693,3.339,-0.555,4.763,0.366c0.665,0.431,1.208,1.007,1.597,1.67h2.728c2.761,0.0,5.0,2.239,5.0,5.0v8.232c0.0,1.692,-0.856,3.27,-2.275,4.192l-4.852,3.154l-0.27,2.059c-1.58,11.956,-8.287,27.444,-17.942,41.438c-12.226,17.733,-23.687,25.671,-29.62,25.671h-26.862c-5.934,0.0,-17.395,-7.939,-29.622,-25.675C168.759,171.286,162.052,155.8,160.473,143.852z"">
 </path>
</svg>


Question: What is the figure wearing around the neck?",Scarf,Necklace,Bowtie,Tie,D,human
35,"Examine the following SVG code carefully and answer the question based on your interpretation of the rendered image.

<svg id=""Capa_1"" style=""enable-background:new 0 0 436.558 436.558;"" version=""1.1"" viewbox=""0 0 436.558 436.558"" x=""0px"" xml:space=""preserve"" y=""0px"">
 <path d=""M338.841,242.735l-55.617,-16.857c-1.344,-4.064,-4.323,-7.579,-8.491,-10.555c4.585,-5.094,8.455,-10.251,11.397,-14.517c6.979,-10.122,12.79,-21.023,16.813,-31.541c1.98,-4.436,3.67,-8.889,5.038,-13.259c5.415,-4.538,8.603,-11.318,8.603,-18.429v-17.418c0.0,-5.0,-1.572,-9.888,-4.464,-13.941V81.697c0.0,-43.019,-34.996,-78.01,-78.01,-78.01h-25.288c-43.014,0.0,-78.01,34.991,-78.01,78.01v24.523c-2.892,4.053,-4.463,8.944,-4.463,13.939v17.418c0.0,7.105,3.188,13.88,8.603,18.426c1.366,4.365,3.057,8.822,5.038,13.269c4.025,10.514,9.834,21.413,16.812,31.528c2.943,4.268,6.813,9.426,11.399,14.522c-4.168,2.976,-7.148,6.492,-8.492,10.555l-55.617,16.857c-39.159,11.254,-62.625,180.444,-62.625,180.444h0.003c-0.118,0.752,-0.197,1.517,-0.197,2.302c0.0,8.154,6.609,14.764,14.764,14.764h330.86c8.155,0.0,14.764,-6.609,14.764,-14.764C401.66,418.402,378.0,253.989,338.841,242.735zM207.977,256.098c0.948,1.051,1.406,2.454,1.261,3.862l-2.74,26.575c-0.211,2.045,-1.652,3.752,-3.632,4.304c-0.444,0.124,-0.895,0.184,-1.341,0.184c-1.544,0.0,-3.032,-0.717,-3.993,-1.99l-14.05,-18.636c-0.654,-0.868,-1.008,-1.926,-1.007,-3.013l0.018,-29.881c0.001,-1.752,0.919,-3.376,2.421,-4.281c1.502,-0.904,3.367,-0.956,4.916,-0.137c4.09,2.162,8.174,3.615,12.139,4.319c2.387,0.423,4.126,2.499,4.126,4.923v12.467C206.806,255.073,207.453,255.517,207.977,256.098zM233.693,259.959c-0.145,-1.408,0.313,-2.811,1.261,-3.862c0.524,-0.581,1.171,-1.024,1.883,-1.304V242.327c0.0,-2.424,1.739,-4.499,4.126,-4.923c3.963,-0.704,8.046,-2.156,12.135,-4.317c1.55,-0.818,3.415,-0.766,4.917,0.138c1.502,0.905,2.419,2.529,2.419,4.282l0.003,29.88c0.0,1.086,-0.353,2.142,-1.007,3.009l-14.031,18.623c-0.96,1.274,-2.449,1.992,-3.993,1.992c-0.446,0.0,-0.897,-0.06,-1.341,-0.184c-1.98,-0.551,-3.422,-2.259,-3.633,-4.304L233.693,259.959zM160.473,143.852l-0.271,-2.071l-4.852,-3.153c-1.419,-0.922,-2.275,-2.5,-2.275,-4.192v-8.232c0.0,-2.761,2.239,-5.0,5.0,-5.0h2.043v-8.916c0.0,-1.895,1.071,-3.627,2.767,-4.474c6.884,-3.437,20.544,-9.202,34.688,-9.202c11.285,0.0,20.642,3.754,27.812,11.157c8.933,9.233,19.229,13.914,30.604,13.914c6.439,0.0,13.094,-1.52,19.782,-4.516c1.546,-0.693,3.339,-0.555,4.763,0.366c0.665,0.431,1.208,1.007,1.597,1.67h2.728c2.761,0.0,5.0,2.239,5.0,5.0v8.232c0.0,1.692,-0.856,3.27,-2.275,4.192l-4.852,3.154l-0.27,2.059c-1.58,11.956,-8.287,27.444,-17.942,41.438c-12.226,17.733,-23.687,25.671,-29.62,25.671h-26.862c-5.934,0.0,-17.395,-7.939,-29.622,-25.675C168.759,171.286,162.052,155.8,160.473,143.852z"">
 </path>
</svg>


Question: What does the whole object represent?",person,house,tree,car,A,human
48,"Examine the following SVG code carefully and answer the question based on your interpretation of the rendered image.

<svg height=""97.126px"" id=""Capa_1"" style=""enable-background:new 0 0 97.126 97.126;"" version=""1.1"" viewbox=""0 0 97.126 97.126"" width=""97.126px"" x=""0px"" xml:space=""preserve"" y=""0px"">
 <g>
  <g>
   <path d=""M79.442,56.841c-3.735,-6.055,-13.433,-10.234,-25.939,-11.183c-0.563,-0.047,-1.1,0.147,-1.507,0.522c-0.272,0.252,-0.581,0.602,-0.924,0.998c-0.567,0.661,-1.154,1.345,-1.736,1.515h-0.001c-0.58,-0.169,-1.168,-0.854,-1.772,-1.557c-0.315,-0.364,-0.621,-0.712,-0.895,-0.962c-0.407,-0.373,-0.952,-0.563,-1.5,-0.52c-12.5,0.937,-22.209,5.138,-26.012,11.306c-0.591,1.046,-14.342,25.777,-2.999,40.164c0.379,0.482,0.958,0.763,1.57,0.763h63.215c0.612,0.0,1.191,-0.28,1.57,-0.763C93.996,82.56,79.62,57.15,79.442,56.841zM53.0,82.654c-0.007,0.233,-0.066,0.463,-0.179,0.67l-2.179,4.053c-0.262,0.486,-0.771,0.791,-1.321,0.791s-1.06,-0.305,-1.32,-0.791l-2.18,-4.053c-0.11,-0.207,-0.172,-0.437,-0.178,-0.67l-0.772,-29.066c-0.014,-0.493,0.218,-0.961,0.614,-1.252l2.95,-2.153c0.527,-0.385,1.241,-0.385,1.769,0.0l2.952,2.153c0.398,0.291,0.629,0.759,0.615,1.252L53.0,82.654z"">
   </path>
   <path d=""M48.973,43.159c11.688,0.0,21.198,-9.511,21.198,-21.2C70.171,10.271,60.66,0.761,48.973,0.761c-11.689,0.0,-21.2,9.51,-21.2,21.198C27.773,33.648,37.283,43.159,48.973,43.159z"">
   </path>
  </g>
 </g>
</svg>


Question: What shape is the head of the object?",Square,Triangle,Circle,Hexagon,C,human
49,"Examine the following SVG code carefully and answer the question based on your interpretation of the rendered image.

<svg height=""97.126px"" id=""Capa_1"" style=""enable-background:new 0 0 97.126 97.126;"" version=""1.1"" viewbox=""0 0 97.126 97.126"" width=""97.126px"" x=""0px"" xml:space=""preserve"" y=""0px"">
 <g>
  <g>
   <path d=""M79.442,56.841c-3.735,-6.055,-13.433,-10.234,-25.939,-11.183c-0.563,-0.047,-1.1,0.147,-1.507,0.522c-0.272,0.252,-0.581,0.602,-0.924,0.998c-0.567,0.661,-1.154,1.345,-1.736,1.515h-0.001c-0.58,-0.169,-1.168,-0.854,-1.772,-1.557c-0.315,-0.364,-0.621,-0.712,-0.895,-0.962c-0.407,-0.373,-0.952,-0.563,-1.5,-0.52c-12.5,0.937,-22.209,5.138,-26.012,11.306c-0.591,1.046,-14.342,25.777,-2.999,40.164c0.379,0.482,0.958,0.763,1.57,0.763h63.215c0.612,0.0,1.191,-0.28,1.57,-0.763C93.996,82.56,79.62,57.15,79.442,56.841zM53.0,82.654c-0.007,0.233,-0.066,0.463,-0.179,0.67l-2.179,4.053c-0.262,0.486,-0.771,0.791,-1.321,0.791s-1.06,-0.305,-1.32,-0.791l-2.18,-4.053c-0.11,-0.207,-0.172,-0.437,-0.178,-0.67l-0.772,-29.066c-0.014,-0.493,0.218,-0.961,0.614,-1.252l2.95,-2.153c0.527,-0.385,1.241,-0.385,1.769,0.0l2.952,2.153c0.398,0.291,0.629,0.759,0.615,1.252L53.0,82.654z"">
   </path>
   <path d=""M48.973,43.159c11.688,0.0,21.198,-9.511,21.198,-21.2C70.171,10.271,60.66,0.761,48.973,0.761c-11.689,0.0,-21.2,9.51,-21.2,21.198C27.773,33.648,37.283,43.159,48.973,43.159z"">
   </path>
  </g>
 </g>
</svg>


Question: What is the object wearing around its neck?",Scarf,tie,Necklace,Tie,D,human
50,"Examine the following SVG code carefully and answer the question based on your interpretation of the rendered image.

<svg height=""97.126px"" id=""Capa_1"" style=""enable-background:new 0 0 97.126 97.126;"" version=""1.1"" viewbox=""0 0 97.126 97.126"" width=""97.126px"" x=""0px"" xml:space=""preserve"" y=""0px"">
 <g>
  <g>
   <path d=""M79.442,56.841c-3.735,-6.055,-13.433,-10.234,-25.939,-11.183c-0.563,-0.047,-1.1,0.147,-1.507,0.522c-0.272,0.252,-0.581,0.602,-0.924,0.998c-0.567,0.661,-1.154,1.345,-1.736,1.515h-0.001c-0.58,-0.169,-1.168,-0.854,-1.772,-1.557c-0.315,-0.364,-0.621,-0.712,-0.895,-0.962c-0.407,-0.373,-0.952,-0.563,-1.5,-0.52c-12.5,0.937,-22.209,5.138,-26.012,11.306c-0.591,1.046,-14.342,25.777,-2.999,40.164c0.379,0.482,0.958,0.763,1.57,0.763h63.215c0.612,0.0,1.191,-0.28,1.57,-0.763C93.996,82.56,79.62,57.15,79.442,56.841zM53.0,82.654c-0.007,0.233,-0.066,0.463,-0.179,0.67l-2.179,4.053c-0.262,0.486,-0.771,0.791,-1.321,0.791s-1.06,-0.305,-1.32,-0.791l-2.18,-4.053c-0.11,-0.207,-0.172,-0.437,-0.178,-0.67l-0.772,-29.066c-0.014,-0.493,0.218,-0.961,0.614,-1.252l2.95,-2.153c0.527,-0.385,1.241,-0.385,1.769,0.0l2.952,2.153c0.398,0.291,0.629,0.759,0.615,1.252L53.0,82.654z"">
   </path>
   <path d=""M48.973,43.159c11.688,0.0,21.198,-9.511,21.198,-21.2C70.171,10.271,60.66,0.761,48.973,0.761c-11.689,0.0,-21.2,9.51,-21.2,21.198C27.773,33.648,37.283,43.159,48.973,43.159z"">
   </path>
  </g>
 </g>
</svg>


Question: What is the color of the object?",Red,Blue,Black,Green,C,human
51,"Examine the following SVG code carefully and answer the question based on your interpretation of the rendered image.

<svg height=""97.126px"" id=""Capa_1"" style=""enable-background:new 0 0 97.126 97.126;"" version=""1.1"" viewbox=""0 0 97.126 97.126"" width=""97.126px"" x=""0px"" xml:space=""preserve"" y=""0px"">
 <g>
  <g>
   <path d=""M79.442,56.841c-3.735,-6.055,-13.433,-10.234,-25.939,-11.183c-0.563,-0.047,-1.1,0.147,-1.507,0.522c-0.272,0.252,-0.581,0.602,-0.924,0.998c-0.567,0.661,-1.154,1.345,-1.736,1.515h-0.001c-0.58,-0.169,-1.168,-0.854,-1.772,-1.557c-0.315,-0.364,-0.621,-0.712,-0.895,-0.962c-0.407,-0.373,-0.952,-0.563,-1.5,-0.52c-12.5,0.937,-22.209,5.138,-26.012,11.306c-0.591,1.046,-14.342,25.777,-2.999,40.164c0.379,0.482,0.958,0.763,1.57,0.763h63.215c0.612,0.0,1.191,-0.28,1.57,-0.763C93.996,82.56,79.62,57.15,79.442,56.841zM53.0,82.654c-0.007,0.233,-0.066,0.463,-0.179,0.67l-2.179,4.053c-0.262,0.486,-0.771,0.791,-1.321,0.791s-1.06,-0.305,-1.32,-0.791l-2.18,-4.053c-0.11,-0.207,-0.172,-0.437,-0.178,-0.67l-0.772,-29.066c-0.014,-0.493,0.218,-0.961,0.614,-1.252l2.95,-2.153c0.527,-0.385,1.241,-0.385,1.769,0.0l2.952,2.153c0.398,0.291,0.629,0.759,0.615,1.252L53.0,82.654z"">
   </path>
   <path d=""M48.973,43.159c11.688,0.0,21.198,-9.511,21.198,-21.2C70.171,10.271,60.66,0.761,48.973,0.761c-11.689,0.0,-21.2,9.51,-21.2,21.198C27.773,33.648,37.283,43.159,48.973,43.159z"">
   </path>
  </g>
 </g>
</svg>


Question: What does the object represent?",tree,person,house,car,B,human
60,"Examine the following SVG code carefully and answer the question based on your interpretation of the rendered image.

<svg id=""Layer_1"" style=""enable-background:new 0 0 512.001 512.001;"" version=""1.1"" viewbox=""0 0 512.001 512.001"" x=""0px"" xml:space=""preserve"" y=""0px"">
 <g>
  <g>
   <path d=""M434.066,2.931H86.289c-4.928,0.0,-8.921,3.994,-8.921,8.921s3.993,8.921,8.921,8.921h82.0v69.902c-20.351,22.681,-31.52,51.784,-31.52,82.365c0.0,38.962,18.153,73.757,46.44,96.392c-37.451,18.566,-61.635,56.74,-61.635,99.626v136.955c0.0,4.927,3.993,8.921,8.921,8.921h259.368c4.928,0.0,8.921,-3.994,8.921,-8.921V369.056c0.0,-42.889,-24.186,-81.064,-61.639,-99.628c28.282,-22.633,46.431,-57.429,46.431,-96.389c0.0,-29.922,-10.758,-58.559,-30.36,-81.045V20.772h51.407v60.436l-10.704,42.343c-1.207,4.777,1.687,9.627,6.463,10.834c0.734,0.186,1.468,0.274,2.193,0.274c3.988,0.0,7.619,-2.694,8.642,-6.737l2.326,-9.206l2.328,9.207c1.208,4.777,6.066,7.672,10.834,6.462c4.778,-1.207,7.669,-6.058,6.463,-10.834l-10.705,-42.343V20.772h11.6c4.928,0.0,8.921,-3.994,8.921,-8.921S438.994,2.931,434.066,2.931zM186.131,20.772H335.377v65.702h-0.001H186.131V20.772zM180.055,104.316h47.409c2.447,3.31,6.454,8.376,12.076,14.382c-15.518,19.799,-58.529,35.353,-84.258,42.629C157.608,140.269,166.165,120.487,180.055,104.316zM251.26,497.088H139.417V369.056c0.0,-35.68,19.926,-67.479,50.874,-83.225l60.97,105.611V497.088zM211.152,286.282c15.037,6.536,31.616,10.168,49.03,10.168s33.995,-3.635,49.031,-10.172l-49.031,84.933L211.152,286.282zM380.945,369.056v128.034H269.103V391.443l60.97,-105.611C361.019,301.576,380.945,333.377,380.945,369.056zM260.182,278.609c-55.902,0.0,-101.785,-43.675,-105.34,-98.694c8.525,-2.282,23.666,-6.692,39.969,-13.112c27.352,-10.771,46.628,-22.72,57.53,-35.627c2.8,2.494,5.809,5.04,9.044,7.603c21.173,16.767,56.019,37.221,104.041,42.399C361.258,235.602,315.647,278.609,260.182,278.609zM365.279,163.192c-34.243,-4.012,-65.244,-16.736,-92.255,-37.957c-9.537,-7.492,-17.01,-14.892,-22.453,-20.919h89.697C354.565,120.964,363.259,141.466,365.279,163.192z"">
   </path>
  </g>
 </g>
 <g>
  <g>
   <path d=""M213.232,186.939c-4.928,0.0,-8.921,3.994,-8.921,8.921v17.011c0.0,4.927,3.993,8.921,8.921,8.921c4.928,0.0,8.921,-3.994,8.921,-8.921v-17.011C222.153,190.933,218.16,186.939,213.232,186.939z"">
   </path>
  </g>
 </g>
 <g>
  <g>
   <path d=""M308.277,186.939c-4.928,0.0,-8.921,3.994,-8.921,8.921v17.011c0.0,4.927,3.993,8.921,8.921,8.921c4.928,0.0,8.921,-3.994,8.921,-8.921v-17.011C317.197,190.933,313.204,186.939,308.277,186.939z"">
   </path>
  </g>
 </g>
</svg>


Question: What is the shape of the object on the head of the figure?",Circle,Square,Triangle,Rectangle,B,human
61,"Examine the following SVG code carefully and answer the question based on your interpretation of the rendered image.

<svg id=""Layer_1"" style=""enable-background:new 0 0 512.001 512.001;"" version=""1.1"" viewbox=""0 0 512.001 512.001"" x=""0px"" xml:space=""preserve"" y=""0px"">
 <g>
  <g>
   <path d=""M434.066,2.931H86.289c-4.928,0.0,-8.921,3.994,-8.921,8.921s3.993,8.921,8.921,8.921h82.0v69.902c-20.351,22.681,-31.52,51.784,-31.52,82.365c0.0,38.962,18.153,73.757,46.44,96.392c-37.451,18.566,-61.635,56.74,-61.635,99.626v136.955c0.0,4.927,3.993,8.921,8.921,8.921h259.368c4.928,0.0,8.921,-3.994,8.921,-8.921V369.056c0.0,-42.889,-24.186,-81.064,-61.639,-99.628c28.282,-22.633,46.431,-57.429,46.431,-96.389c0.0,-29.922,-10.758,-58.559,-30.36,-81.045V20.772h51.407v60.436l-10.704,42.343c-1.207,4.777,1.687,9.627,6.463,10.834c0.734,0.186,1.468,0.274,2.193,0.274c3.988,0.0,7.619,-2.694,8.642,-6.737l2.326,-9.206l2.328,9.207c1.208,4.777,6.066,7.672,10.834,6.462c4.778,-1.207,7.669,-6.058,6.463,-10.834l-10.705,-42.343V20.772h11.6c4.928,0.0,8.921,-3.994,8.921,-8.921S438.994,2.931,434.066,2.931zM186.131,20.772H335.377v65.702h-0.001H186.131V20.772zM180.055,104.316h47.409c2.447,3.31,6.454,8.376,12.076,14.382c-15.518,19.799,-58.529,35.353,-84.258,42.629C157.608,140.269,166.165,120.487,180.055,104.316zM251.26,497.088H139.417V369.056c0.0,-35.68,19.926,-67.479,50.874,-83.225l60.97,105.611V497.088zM211.152,286.282c15.037,6.536,31.616,10.168,49.03,10.168s33.995,-3.635,49.031,-10.172l-49.031,84.933L211.152,286.282zM380.945,369.056v128.034H269.103V391.443l60.97,-105.611C361.019,301.576,380.945,333.377,380.945,369.056zM260.182,278.609c-55.902,0.0,-101.785,-43.675,-105.34,-98.694c8.525,-2.282,23.666,-6.692,39.969,-13.112c27.352,-10.771,46.628,-22.72,57.53,-35.627c2.8,2.494,5.809,5.04,9.044,7.603c21.173,16.767,56.019,37.221,104.041,42.399C361.258,235.602,315.647,278.609,260.182,278.609zM365.279,163.192c-34.243,-4.012,-65.244,-16.736,-92.255,-37.957c-9.537,-7.492,-17.01,-14.892,-22.453,-20.919h89.697C354.565,120.964,363.259,141.466,365.279,163.192z"">
   </path>
  </g>
 </g>
 <g>
  <g>
   <path d=""M213.232,186.939c-4.928,0.0,-8.921,3.994,-8.921,8.921v17.011c0.0,4.927,3.993,8.921,8.921,8.921c4.928,0.0,8.921,-3.994,8.921,-8.921v-17.011C222.153,190.933,218.16,186.939,213.232,186.939z"">
   </path>
  </g>
 </g>
 <g>
  <g>
   <path d=""M308.277,186.939c-4.928,0.0,-8.921,3.994,-8.921,8.921v17.011c0.0,4.927,3.993,8.921,8.921,8.921c4.928,0.0,8.921,-3.994,8.921,-8.921v-17.011C317.197,190.933,313.204,186.939,308.277,186.939z"">
   </path>
  </g>
 </g>
</svg>


Question: What is the shape of the object in the middle of the figure's body?",Circle,Square,Triangle,Rectangle,C,human
62,"Examine the following SVG code carefully and answer the question based on your interpretation of the rendered image.

<svg id=""Layer_1"" style=""enable-background:new 0 0 512.001 512.001;"" version=""1.1"" viewbox=""0 0 512.001 512.001"" x=""0px"" xml:space=""preserve"" y=""0px"">
 <g>
  <g>
   <path d=""M434.066,2.931H86.289c-4.928,0.0,-8.921,3.994,-8.921,8.921s3.993,8.921,8.921,8.921h82.0v69.902c-20.351,22.681,-31.52,51.784,-31.52,82.365c0.0,38.962,18.153,73.757,46.44,96.392c-37.451,18.566,-61.635,56.74,-61.635,99.626v136.955c0.0,4.927,3.993,8.921,8.921,8.921h259.368c4.928,0.0,8.921,-3.994,8.921,-8.921V369.056c0.0,-42.889,-24.186,-81.064,-61.639,-99.628c28.282,-22.633,46.431,-57.429,46.431,-96.389c0.0,-29.922,-10.758,-58.559,-30.36,-81.045V20.772h51.407v60.436l-10.704,42.343c-1.207,4.777,1.687,9.627,6.463,10.834c0.734,0.186,1.468,0.274,2.193,0.274c3.988,0.0,7.619,-2.694,8.642,-6.737l2.326,-9.206l2.328,9.207c1.208,4.777,6.066,7.672,10.834,6.462c4.778,-1.207,7.669,-6.058,6.463,-10.834l-10.705,-42.343V20.772h11.6c4.928,0.0,8.921,-3.994,8.921,-8.921S438.994,2.931,434.066,2.931zM186.131,20.772H335.377v65.702h-0.001H186.131V20.772zM180.055,104.316h47.409c2.447,3.31,6.454,8.376,12.076,14.382c-15.518,19.799,-58.529,35.353,-84.258,42.629C157.608,140.269,166.165,120.487,180.055,104.316zM251.26,497.088H139.417V369.056c0.0,-35.68,19.926,-67.479,50.874,-83.225l60.97,105.611V497.088zM211.152,286.282c15.037,6.536,31.616,10.168,49.03,10.168s33.995,-3.635,49.031,-10.172l-49.031,84.933L211.152,286.282zM380.945,369.056v128.034H269.103V391.443l60.97,-105.611C361.019,301.576,380.945,333.377,380.945,369.056zM260.182,278.609c-55.902,0.0,-101.785,-43.675,-105.34,-98.694c8.525,-2.282,23.666,-6.692,39.969,-13.112c27.352,-10.771,46.628,-22.72,57.53,-35.627c2.8,2.494,5.809,5.04,9.044,7.603c21.173,16.767,56.019,37.221,104.041,42.399C361.258,235.602,315.647,278.609,260.182,278.609zM365.279,163.192c-34.243,-4.012,-65.244,-16.736,-92.255,-37.957c-9.537,-7.492,-17.01,-14.892,-22.453,-20.919h89.697C354.565,120.964,363.259,141.466,365.279,163.192z"">
   </path>
  </g>
 </g>
 <g>
  <g>
   <path d=""M213.232,186.939c-4.928,0.0,-8.921,3.994,-8.921,8.921v17.011c0.0,4.927,3.993,8.921,8.921,8.921c4.928,0.0,8.921,-3.994,8.921,-8.921v-17.011C222.153,190.933,218.16,186.939,213.232,186.939z"">
   </path>
  </g>
 </g>
 <g>
  <g>
   <path d=""M308.277,186.939c-4.928,0.0,-8.921,3.994,-8.921,8.921v17.011c0.0,4.927,3.993,8.921,8.921,8.921c4.928,0.0,8.921,-3.994,8.921,-8.921v-17.011C317.197,190.933,313.204,186.939,308.277,186.939z"">
   </path>
  </g>
 </g>
</svg>


Question: How many eyes does the figure have?",Two,One,Three,Four,A,human
63,"Examine the following SVG code carefully and answer the question based on your interpretation of the rendered image.

<svg id=""Layer_1"" style=""enable-background:new 0 0 512.001 512.001;"" version=""1.1"" viewbox=""0 0 512.001 512.001"" x=""0px"" xml:space=""preserve"" y=""0px"">
 <g>
  <g>
   <path d=""M434.066,2.931H86.289c-4.928,0.0,-8.921,3.994,-8.921,8.921s3.993,8.921,8.921,8.921h82.0v69.902c-20.351,22.681,-31.52,51.784,-31.52,82.365c0.0,38.962,18.153,73.757,46.44,96.392c-37.451,18.566,-61.635,56.74,-61.635,99.626v136.955c0.0,4.927,3.993,8.921,8.921,8.921h259.368c4.928,0.0,8.921,-3.994,8.921,-8.921V369.056c0.0,-42.889,-24.186,-81.064,-61.639,-99.628c28.282,-22.633,46.431,-57.429,46.431,-96.389c0.0,-29.922,-10.758,-58.559,-30.36,-81.045V20.772h51.407v60.436l-10.704,42.343c-1.207,4.777,1.687,9.627,6.463,10.834c0.734,0.186,1.468,0.274,2.193,0.274c3.988,0.0,7.619,-2.694,8.642,-6.737l2.326,-9.206l2.328,9.207c1.208,4.777,6.066,7.672,10.834,6.462c4.778,-1.207,7.669,-6.058,6.463,-10.834l-10.705,-42.343V20.772h11.6c4.928,0.0,8.921,-3.994,8.921,-8.921S438.994,2.931,434.066,2.931zM186.131,20.772H335.377v65.702h-0.001H186.131V20.772zM180.055,104.316h47.409c2.447,3.31,6.454,8.376,12.076,14.382c-15.518,19.799,-58.529,35.353,-84.258,42.629C157.608,140.269,166.165,120.487,180.055,104.316zM251.26,497.088H139.417V369.056c0.0,-35.68,19.926,-67.479,50.874,-83.225l60.97,105.611V497.088zM211.152,286.282c15.037,6.536,31.616,10.168,49.03,10.168s33.995,-3.635,49.031,-10.172l-49.031,84.933L211.152,286.282zM380.945,369.056v128.034H269.103V391.443l60.97,-105.611C361.019,301.576,380.945,333.377,380.945,369.056zM260.182,278.609c-55.902,0.0,-101.785,-43.675,-105.34,-98.694c8.525,-2.282,23.666,-6.692,39.969,-13.112c27.352,-10.771,46.628,-22.72,57.53,-35.627c2.8,2.494,5.809,5.04,9.044,7.603c21.173,16.767,56.019,37.221,104.041,42.399C361.258,235.602,315.647,278.609,260.182,278.609zM365.279,163.192c-34.243,-4.012,-65.244,-16.736,-92.255,-37.957c-9.537,-7.492,-17.01,-14.892,-22.453,-20.919h89.697C354.565,120.964,363.259,141.466,365.279,163.192z"">
   </path>
  </g>
 </g>
 <g>
  <g>
   <path d=""M213.232,186.939c-4.928,0.0,-8.921,3.994,-8.921,8.921v17.011c0.0,4.927,3.993,8.921,8.921,8.921c4.928,0.0,8.921,-3.994,8.921,-8.921v-17.011C222.153,190.933,218.16,186.939,213.232,186.939z"">
   </path>
  </g>
 </g>
 <g>
  <g>
   <path d=""M308.277,186.939c-4.928,0.0,-8.921,3.994,-8.921,8.921v17.011c0.0,4.927,3.993,8.921,8.921,8.921c4.928,0.0,8.921,-3.994,8.921,-8.921v-17.011C317.197,190.933,313.204,186.939,308.277,186.939z"">
   </path>
  </g>
 </g>
</svg>


Question: What is the object in the image?",teacher,student,doctor,chef,B,human
64,"Examine the following SVG code carefully and answer the question based on your interpretation of the rendered image.

<svg id=""Capa_1"" style=""enable-background:new 0 0 486.797 486.797;"" version=""1.1"" viewbox=""0 0 486.797 486.797"" x=""0px"" xml:space=""preserve"" y=""0px"">
 <g>
  <path d=""M262.778,408.027v15.511c0.0,12.259,9.934,22.184,22.185,22.184c12.265,0.0,22.199,-9.925,22.199,-22.184v-15.519c-0.016,0.0,-0.032,0.008,-0.049,0.008H262.778z"">
  </path>
  <path d=""M311.51,91.345c21.279,0.0,38.528,-19.74,38.528,-44.074C350.038,22.937,332.789,3.205,311.51,3.205c-21.278,0.0,-38.526,19.732,-38.526,44.066C272.983,71.605,290.231,91.345,311.51,91.345z"">
  </path>
  <path d=""M434.869,259.096h-2.903l-14.805,-14.798l-7.538,-7.522c5.649,-5.497,7.57,-14.05,3.825,-21.454l-49.939,-98.342c-3.507,-6.935,-10.821,-10.648,-18.151,-9.981c-0.255,-0.016,-67.44,-0.016,-67.695,0.0c-7.315,-0.666,-14.614,3.047,-18.137,9.981l-17.026,33.522c1.189,1.506,2.252,3.141,3.157,4.903l44.462,87.594l5.46,10.75c4.142,8.18,4.014,17.32,0.619,25.128l8.885,8.878h2.031c0.017,0.0,0.033,0.006,0.049,0.006c3.237,0.008,6.188,0.96,8.885,2.341c6.476,3.309,11.06,9.87,11.06,17.645v80.277c0.0,7.777,-4.585,14.338,-11.06,17.654v18.693c0.0,12.258,9.935,22.183,22.185,22.183c12.266,0.0,22.199,-9.925,22.199,-22.183v-59.8h-1.397c-11.043,0.0,-19.993,-8.966,-19.993,-19.995v-80.285c0.0,-7.767,4.555,-14.328,11.045,-17.637c2.728,-1.389,5.681,-2.357,8.948,-2.357h1.635V193.115l19.788,38.949c0.951,1.888,2.237,3.443,3.682,4.84l-7.411,7.394l-14.773,14.798h-2.92c-2.888,0.0,-5.22,2.324,-5.22,5.196v80.285c0.0,2.873,2.332,5.205,5.22,5.205h75.834c2.89,0.0,5.206,-2.332,5.206,-5.205v-80.285C440.075,261.42,437.759,259.096,434.869,259.096zM387.201,244.298l3.396,-3.388c2.048,0.754,4.175,1.279,6.363,1.279c2.127,0.0,4.254,-0.501,6.349,-1.271l3.38,3.38l14.805,14.798h-49.097L387.201,244.298z"">
  </path>
  <path d=""M183.755,134.792c21.279,0.0,38.528,-19.732,38.528,-44.059c0.0,-24.342,-17.249,-44.082,-38.528,-44.082c-21.278,0.0,-38.528,19.74,-38.528,44.082C145.226,115.06,162.476,134.792,183.755,134.792z"">
  </path>
  <path d=""M307.114,302.543h-2.903l-14.805,-14.788l-7.538,-7.53c2.937,-2.849,4.682,-6.443,5.284,-10.395c0.54,-3.674,0.35,-7.497,-1.459,-11.059l-49.922,-98.344c-3.539,-6.942,-10.839,-10.64,-18.153,-9.98c-0.095,0.0,-9.6,-0.008,-21.471,-0.008c-19.771,0.0,-46.064,0.0,-46.239,0.008c-7.315,-0.66,-14.614,3.047,-18.138,9.98l-49.937,98.344c-3.476,6.846,-2.27,14.843,2.428,20.358l-8.633,8.625l-14.789,14.788h-2.936c-2.871,0.0,-5.204,2.333,-5.204,5.205v80.277c0.0,2.873,2.333,5.206,5.204,5.206h75.834c2.873,0.0,5.204,-2.333,5.204,-5.206v-50.801c2.938,3.182,7.046,5.237,11.711,5.237h3.096v45.564c0.0,10.576,-8.316,19.042,-18.726,19.741v59.22c0.0,12.258,9.934,22.185,22.2,22.185c12.25,0.0,22.184,-9.927,22.184,-22.185V342.46h8.885v125.358c0.0,12.258,9.935,22.183,22.186,22.183c12.266,0.0,22.199,-9.925,22.199,-22.183v-59.792h-1.398c-11.028,0.0,-19.993,-8.973,-19.993,-20.002v-45.564h5.585c3.492,0.0,6.553,-1.357,9.189,-3.253v48.817c0.0,2.873,2.332,5.206,5.22,5.206h75.834c2.889,0.0,5.205,-2.333,5.205,-5.206v-80.277C312.319,304.876,310.003,302.543,307.114,302.543zM71.297,302.543l14.79,-14.788l4.046,-4.056c2.634,1.302,5.427,1.937,8.173,1.937c1.539,0.0,3.062,-0.239,4.537,-0.619l2.729,2.738l14.79,14.788H71.297zM130.835,302.543l-14.805,-14.788l-6.283,-6.293c1.998,-1.594,3.807,-3.506,5.045,-5.942l19.788,-38.972v51.373v14.622H130.835zM232.93,302.543V287.755v-26.691v-24.5l17.375,34.203l2.397,4.753c0.952,1.88,2.237,3.443,3.682,4.841l-7.411,7.395l-14.773,14.788H232.93zM244.641,302.543l14.805,-14.788l3.396,-3.397c2.047,0.754,4.174,1.277,6.362,1.277c2.127,0.0,4.253,-0.5,6.349,-1.269l3.395,3.388l14.79,14.788H244.641z"">
  </path>
 </g>
</svg>


Question: How many figures are present in the image?",One,Two,Three,Four,B,human
65,"Examine the following SVG code carefully and answer the question based on your interpretation of the rendered image.

<svg id=""Capa_1"" style=""enable-background:new 0 0 486.797 486.797;"" version=""1.1"" viewbox=""0 0 486.797 486.797"" x=""0px"" xml:space=""preserve"" y=""0px"">
 <g>
  <path d=""M262.778,408.027v15.511c0.0,12.259,9.934,22.184,22.185,22.184c12.265,0.0,22.199,-9.925,22.199,-22.184v-15.519c-0.016,0.0,-0.032,0.008,-0.049,0.008H262.778z"">
  </path>
  <path d=""M311.51,91.345c21.279,0.0,38.528,-19.74,38.528,-44.074C350.038,22.937,332.789,3.205,311.51,3.205c-21.278,0.0,-38.526,19.732,-38.526,44.066C272.983,71.605,290.231,91.345,311.51,91.345z"">
  </path>
  <path d=""M434.869,259.096h-2.903l-14.805,-14.798l-7.538,-7.522c5.649,-5.497,7.57,-14.05,3.825,-21.454l-49.939,-98.342c-3.507,-6.935,-10.821,-10.648,-18.151,-9.981c-0.255,-0.016,-67.44,-0.016,-67.695,0.0c-7.315,-0.666,-14.614,3.047,-18.137,9.981l-17.026,33.522c1.189,1.506,2.252,3.141,3.157,4.903l44.462,87.594l5.46,10.75c4.142,8.18,4.014,17.32,0.619,25.128l8.885,8.878h2.031c0.017,0.0,0.033,0.006,0.049,0.006c3.237,0.008,6.188,0.96,8.885,2.341c6.476,3.309,11.06,9.87,11.06,17.645v80.277c0.0,7.777,-4.585,14.338,-11.06,17.654v18.693c0.0,12.258,9.935,22.183,22.185,22.183c12.266,0.0,22.199,-9.925,22.199,-22.183v-59.8h-1.397c-11.043,0.0,-19.993,-8.966,-19.993,-19.995v-80.285c0.0,-7.767,4.555,-14.328,11.045,-17.637c2.728,-1.389,5.681,-2.357,8.948,-2.357h1.635V193.115l19.788,38.949c0.951,1.888,2.237,3.443,3.682,4.84l-7.411,7.394l-14.773,14.798h-2.92c-2.888,0.0,-5.22,2.324,-5.22,5.196v80.285c0.0,2.873,2.332,5.205,5.22,5.205h75.834c2.89,0.0,5.206,-2.332,5.206,-5.205v-80.285C440.075,261.42,437.759,259.096,434.869,259.096zM387.201,244.298l3.396,-3.388c2.048,0.754,4.175,1.279,6.363,1.279c2.127,0.0,4.254,-0.501,6.349,-1.271l3.38,3.38l14.805,14.798h-49.097L387.201,244.298z"">
  </path>
  <path d=""M183.755,134.792c21.279,0.0,38.528,-19.732,38.528,-44.059c0.0,-24.342,-17.249,-44.082,-38.528,-44.082c-21.278,0.0,-38.528,19.74,-38.528,44.082C145.226,115.06,162.476,134.792,183.755,134.792z"">
  </path>
  <path d=""M307.114,302.543h-2.903l-14.805,-14.788l-7.538,-7.53c2.937,-2.849,4.682,-6.443,5.284,-10.395c0.54,-3.674,0.35,-7.497,-1.459,-11.059l-49.922,-98.344c-3.539,-6.942,-10.839,-10.64,-18.153,-9.98c-0.095,0.0,-9.6,-0.008,-21.471,-0.008c-19.771,0.0,-46.064,0.0,-46.239,0.008c-7.315,-0.66,-14.614,3.047,-18.138,9.98l-49.937,98.344c-3.476,6.846,-2.27,14.843,2.428,20.358l-8.633,8.625l-14.789,14.788h-2.936c-2.871,0.0,-5.204,2.333,-5.204,5.205v80.277c0.0,2.873,2.333,5.206,5.204,5.206h75.834c2.873,0.0,5.204,-2.333,5.204,-5.206v-50.801c2.938,3.182,7.046,5.237,11.711,5.237h3.096v45.564c0.0,10.576,-8.316,19.042,-18.726,19.741v59.22c0.0,12.258,9.934,22.185,22.2,22.185c12.25,0.0,22.184,-9.927,22.184,-22.185V342.46h8.885v125.358c0.0,12.258,9.935,22.183,22.186,22.183c12.266,0.0,22.199,-9.925,22.199,-22.183v-59.792h-1.398c-11.028,0.0,-19.993,-8.973,-19.993,-20.002v-45.564h5.585c3.492,0.0,6.553,-1.357,9.189,-3.253v48.817c0.0,2.873,2.332,5.206,5.22,5.206h75.834c2.889,0.0,5.205,-2.333,5.205,-5.206v-80.277C312.319,304.876,310.003,302.543,307.114,302.543zM71.297,302.543l14.79,-14.788l4.046,-4.056c2.634,1.302,5.427,1.937,8.173,1.937c1.539,0.0,3.062,-0.239,4.537,-0.619l2.729,2.738l14.79,14.788H71.297zM130.835,302.543l-14.805,-14.788l-6.283,-6.293c1.998,-1.594,3.807,-3.506,5.045,-5.942l19.788,-38.972v51.373v14.622H130.835zM232.93,302.543V287.755v-26.691v-24.5l17.375,34.203l2.397,4.753c0.952,1.88,2.237,3.443,3.682,4.841l-7.411,7.395l-14.773,14.788H232.93zM244.641,302.543l14.805,-14.788l3.396,-3.397c2.047,0.754,4.174,1.277,6.362,1.277c2.127,0.0,4.253,-0.5,6.349,-1.269l3.395,3.388l14.79,14.788H244.641z"">
  </path>
 </g>
</svg>


Question: What are the figures in the image holding?",Bags,Books,Umbrellas,Flowers,A,human
66,"Examine the following SVG code carefully and answer the question based on your interpretation of the rendered image.

<svg id=""Capa_1"" style=""enable-background:new 0 0 486.797 486.797;"" version=""1.1"" viewbox=""0 0 486.797 486.797"" x=""0px"" xml:space=""preserve"" y=""0px"">
 <g>
  <path d=""M262.778,408.027v15.511c0.0,12.259,9.934,22.184,22.185,22.184c12.265,0.0,22.199,-9.925,22.199,-22.184v-15.519c-0.016,0.0,-0.032,0.008,-0.049,0.008H262.778z"">
  </path>
  <path d=""M311.51,91.345c21.279,0.0,38.528,-19.74,38.528,-44.074C350.038,22.937,332.789,3.205,311.51,3.205c-21.278,0.0,-38.526,19.732,-38.526,44.066C272.983,71.605,290.231,91.345,311.51,91.345z"">
  </path>
  <path d=""M434.869,259.096h-2.903l-14.805,-14.798l-7.538,-7.522c5.649,-5.497,7.57,-14.05,3.825,-21.454l-49.939,-98.342c-3.507,-6.935,-10.821,-10.648,-18.151,-9.981c-0.255,-0.016,-67.44,-0.016,-67.695,0.0c-7.315,-0.666,-14.614,3.047,-18.137,9.981l-17.026,33.522c1.189,1.506,2.252,3.141,3.157,4.903l44.462,87.594l5.46,10.75c4.142,8.18,4.014,17.32,0.619,25.128l8.885,8.878h2.031c0.017,0.0,0.033,0.006,0.049,0.006c3.237,0.008,6.188,0.96,8.885,2.341c6.476,3.309,11.06,9.87,11.06,17.645v80.277c0.0,7.777,-4.585,14.338,-11.06,17.654v18.693c0.0,12.258,9.935,22.183,22.185,22.183c12.266,0.0,22.199,-9.925,22.199,-22.183v-59.8h-1.397c-11.043,0.0,-19.993,-8.966,-19.993,-19.995v-80.285c0.0,-7.767,4.555,-14.328,11.045,-17.637c2.728,-1.389,5.681,-2.357,8.948,-2.357h1.635V193.115l19.788,38.949c0.951,1.888,2.237,3.443,3.682,4.84l-7.411,7.394l-14.773,14.798h-2.92c-2.888,0.0,-5.22,2.324,-5.22,5.196v80.285c0.0,2.873,2.332,5.205,5.22,5.205h75.834c2.89,0.0,5.206,-2.332,5.206,-5.205v-80.285C440.075,261.42,437.759,259.096,434.869,259.096zM387.201,244.298l3.396,-3.388c2.048,0.754,4.175,1.279,6.363,1.279c2.127,0.0,4.254,-0.501,6.349,-1.271l3.38,3.38l14.805,14.798h-49.097L387.201,244.298z"">
  </path>
  <path d=""M183.755,134.792c21.279,0.0,38.528,-19.732,38.528,-44.059c0.0,-24.342,-17.249,-44.082,-38.528,-44.082c-21.278,0.0,-38.528,19.74,-38.528,44.082C145.226,115.06,162.476,134.792,183.755,134.792z"">
  </path>
  <path d=""M307.114,302.543h-2.903l-14.805,-14.788l-7.538,-7.53c2.937,-2.849,4.682,-6.443,5.284,-10.395c0.54,-3.674,0.35,-7.497,-1.459,-11.059l-49.922,-98.344c-3.539,-6.942,-10.839,-10.64,-18.153,-9.98c-0.095,0.0,-9.6,-0.008,-21.471,-0.008c-19.771,0.0,-46.064,0.0,-46.239,0.008c-7.315,-0.66,-14.614,3.047,-18.138,9.98l-49.937,98.344c-3.476,6.846,-2.27,14.843,2.428,20.358l-8.633,8.625l-14.789,14.788h-2.936c-2.871,0.0,-5.204,2.333,-5.204,5.205v80.277c0.0,2.873,2.333,5.206,5.204,5.206h75.834c2.873,0.0,5.204,-2.333,5.204,-5.206v-50.801c2.938,3.182,7.046,5.237,11.711,5.237h3.096v45.564c0.0,10.576,-8.316,19.042,-18.726,19.741v59.22c0.0,12.258,9.934,22.185,22.2,22.185c12.25,0.0,22.184,-9.927,22.184,-22.185V342.46h8.885v125.358c0.0,12.258,9.935,22.183,22.186,22.183c12.266,0.0,22.199,-9.925,22.199,-22.183v-59.792h-1.398c-11.028,0.0,-19.993,-8.973,-19.993,-20.002v-45.564h5.585c3.492,0.0,6.553,-1.357,9.189,-3.253v48.817c0.0,2.873,2.332,5.206,5.22,5.206h75.834c2.889,0.0,5.205,-2.333,5.205,-5.206v-80.277C312.319,304.876,310.003,302.543,307.114,302.543zM71.297,302.543l14.79,-14.788l4.046,-4.056c2.634,1.302,5.427,1.937,8.173,1.937c1.539,0.0,3.062,-0.239,4.537,-0.619l2.729,2.738l14.79,14.788H71.297zM130.835,302.543l-14.805,-14.788l-6.283,-6.293c1.998,-1.594,3.807,-3.506,5.045,-5.942l19.788,-38.972v51.373v14.622H130.835zM232.93,302.543V287.755v-26.691v-24.5l17.375,34.203l2.397,4.753c0.952,1.88,2.237,3.443,3.682,4.841l-7.411,7.395l-14.773,14.788H232.93zM244.641,302.543l14.805,-14.788l3.396,-3.397c2.047,0.754,4.174,1.277,6.362,1.277c2.127,0.0,4.253,-0.5,6.349,-1.269l3.395,3.388l14.79,14.788H244.641z"">
  </path>
 </g>
</svg>


Question: What shape are the heads of the figures in the image?",Square,Triangle,Circle,Hexagon,C,human
67,"Examine the following SVG code carefully and answer the question based on your interpretation of the rendered image.

<svg id=""Capa_1"" style=""enable-background:new 0 0 486.797 486.797;"" version=""1.1"" viewbox=""0 0 486.797 486.797"" x=""0px"" xml:space=""preserve"" y=""0px"">
 <g>
  <path d=""M262.778,408.027v15.511c0.0,12.259,9.934,22.184,22.185,22.184c12.265,0.0,22.199,-9.925,22.199,-22.184v-15.519c-0.016,0.0,-0.032,0.008,-0.049,0.008H262.778z"">
  </path>
  <path d=""M311.51,91.345c21.279,0.0,38.528,-19.74,38.528,-44.074C350.038,22.937,332.789,3.205,311.51,3.205c-21.278,0.0,-38.526,19.732,-38.526,44.066C272.983,71.605,290.231,91.345,311.51,91.345z"">
  </path>
  <path d=""M434.869,259.096h-2.903l-14.805,-14.798l-7.538,-7.522c5.649,-5.497,7.57,-14.05,3.825,-21.454l-49.939,-98.342c-3.507,-6.935,-10.821,-10.648,-18.151,-9.981c-0.255,-0.016,-67.44,-0.016,-67.695,0.0c-7.315,-0.666,-14.614,3.047,-18.137,9.981l-17.026,33.522c1.189,1.506,2.252,3.141,3.157,4.903l44.462,87.594l5.46,10.75c4.142,8.18,4.014,17.32,0.619,25.128l8.885,8.878h2.031c0.017,0.0,0.033,0.006,0.049,0.006c3.237,0.008,6.188,0.96,8.885,2.341c6.476,3.309,11.06,9.87,11.06,17.645v80.277c0.0,7.777,-4.585,14.338,-11.06,17.654v18.693c0.0,12.258,9.935,22.183,22.185,22.183c12.266,0.0,22.199,-9.925,22.199,-22.183v-59.8h-1.397c-11.043,0.0,-19.993,-8.966,-19.993,-19.995v-80.285c0.0,-7.767,4.555,-14.328,11.045,-17.637c2.728,-1.389,5.681,-2.357,8.948,-2.357h1.635V193.115l19.788,38.949c0.951,1.888,2.237,3.443,3.682,4.84l-7.411,7.394l-14.773,14.798h-2.92c-2.888,0.0,-5.22,2.324,-5.22,5.196v80.285c0.0,2.873,2.332,5.205,5.22,5.205h75.834c2.89,0.0,5.206,-2.332,5.206,-5.205v-80.285C440.075,261.42,437.759,259.096,434.869,259.096zM387.201,244.298l3.396,-3.388c2.048,0.754,4.175,1.279,6.363,1.279c2.127,0.0,4.254,-0.501,6.349,-1.271l3.38,3.38l14.805,14.798h-49.097L387.201,244.298z"">
  </path>
  <path d=""M183.755,134.792c21.279,0.0,38.528,-19.732,38.528,-44.059c0.0,-24.342,-17.249,-44.082,-38.528,-44.082c-21.278,0.0,-38.528,19.74,-38.528,44.082C145.226,115.06,162.476,134.792,183.755,134.792z"">
  </path>
  <path d=""M307.114,302.543h-2.903l-14.805,-14.788l-7.538,-7.53c2.937,-2.849,4.682,-6.443,5.284,-10.395c0.54,-3.674,0.35,-7.497,-1.459,-11.059l-49.922,-98.344c-3.539,-6.942,-10.839,-10.64,-18.153,-9.98c-0.095,0.0,-9.6,-0.008,-21.471,-0.008c-19.771,0.0,-46.064,0.0,-46.239,0.008c-7.315,-0.66,-14.614,3.047,-18.138,9.98l-49.937,98.344c-3.476,6.846,-2.27,14.843,2.428,20.358l-8.633,8.625l-14.789,14.788h-2.936c-2.871,0.0,-5.204,2.333,-5.204,5.205v80.277c0.0,2.873,2.333,5.206,5.204,5.206h75.834c2.873,0.0,5.204,-2.333,5.204,-5.206v-50.801c2.938,3.182,7.046,5.237,11.711,5.237h3.096v45.564c0.0,10.576,-8.316,19.042,-18.726,19.741v59.22c0.0,12.258,9.934,22.185,22.2,22.185c12.25,0.0,22.184,-9.927,22.184,-22.185V342.46h8.885v125.358c0.0,12.258,9.935,22.183,22.186,22.183c12.266,0.0,22.199,-9.925,22.199,-22.183v-59.792h-1.398c-11.028,0.0,-19.993,-8.973,-19.993,-20.002v-45.564h5.585c3.492,0.0,6.553,-1.357,9.189,-3.253v48.817c0.0,2.873,2.332,5.206,5.22,5.206h75.834c2.889,0.0,5.205,-2.333,5.205,-5.206v-80.277C312.319,304.876,310.003,302.543,307.114,302.543zM71.297,302.543l14.79,-14.788l4.046,-4.056c2.634,1.302,5.427,1.937,8.173,1.937c1.539,0.0,3.062,-0.239,4.537,-0.619l2.729,2.738l14.79,14.788H71.297zM130.835,302.543l-14.805,-14.788l-6.283,-6.293c1.998,-1.594,3.807,-3.506,5.045,-5.942l19.788,-38.972v51.373v14.622H130.835zM232.93,302.543V287.755v-26.691v-24.5l17.375,34.203l2.397,4.753c0.952,1.88,2.237,3.443,3.682,4.841l-7.411,7.395l-14.773,14.788H232.93zM244.641,302.543l14.805,-14.788l3.396,-3.397c2.047,0.754,4.174,1.277,6.362,1.277c2.127,0.0,4.253,-0.5,6.349,-1.269l3.395,3.388l14.79,14.788H244.641z"">
  </path>
 </g>
</svg>


Question: What does the image likely represent?",shopping,running,dancing,reading,A,human
80,"Examine the following SVG code carefully and answer the question based on your interpretation of the rendered image.

<svg enable-background=""new 0 0 297 297"" version=""1.1"" viewbox=""0 0 297 297"">
 <g>
  <path d=""M94.067,69.997c18.756,0.0,34.015,-15.259,34.015,-34.015S112.823,1.968,94.067,1.968S60.052,17.227,60.052,35.983S75.311,69.997,94.067,69.997z"">
  </path>
  <path d=""M232.423,69.997c18.756,0.0,34.015,-15.259,34.015,-34.015S251.179,1.968,232.423,1.968s-34.015,15.259,-34.015,34.015S213.667,69.997,232.423,69.997z"">
  </path>
  <path d=""m228.04,82.5c-19.002,0.0,-34.405,15.404,-34.405,34.405v171.552c0.0,4.718,3.825,8.543,8.543,8.543h39.625c4.718,0.0,8.543,-3.825,8.543,-8.543v-81.409l11.582,-31.749c0.342,-0.938,0.517,-1.93,0.517,-2.928v-55.465c0.001,-19.002,-15.403,-34.406,-34.405,-34.406z"">
  </path>
  <path d=""m128.664,84.513l-0.057,-0.019,-9.708,-2.979c-1.531,-0.471,-3.167,0.34,-3.718,1.85l-20.414,56.011c-1.178,3.231,-5.748,3.231,-6.925,0.0l-20.415,-56.011c-0.445,-1.22,-1.596,-1.985,-2.83,-1.985,-0.292,0.0,-0.59,0.043,-0.884,0.133l-9.7,2.976c-12.401,4.132,-20.687,15.629,-20.687,28.629v59.251c0.0,0.588,0.172,1.163,0.495,1.655l21.3,32.415v82.017c0.0,1.665,1.35,3.015,3.015,3.015h66.335c1.665,0.0,3.015,-1.35,3.015,-3.015v-82.016l21.301,-32.415c0.323,-0.492,0.495,-1.067,0.495,-1.655v-59.406c0.0,-12.944,-8.318,-24.422,-20.618,-28.451z"">
  </path>
  <path d=""m99.119,80.218c-0.786,-0.856,-1.935,-1.287,-3.097,-1.287h-8.67c-1.162,0.0,-2.311,0.431,-3.098,1.287,-1.217,1.326,-1.393,3.241,-0.53,4.738l4.635,6.987,-2.17,18.302,4.272,11.365c0.417,1.143,2.033,1.143,2.45,0.0l4.272,-11.365,-2.17,-18.302,4.634,-6.987c0.866,-1.497,0.689,-3.412,-0.528,-4.738z"">
  </path>
 </g>
</svg>


Question: What shape is the head of the figure on the left?",Square,Triangle,Hexagon,Circle,D,human
81,"Examine the following SVG code carefully and answer the question based on your interpretation of the rendered image.

<svg enable-background=""new 0 0 297 297"" version=""1.1"" viewbox=""0 0 297 297"">
 <g>
  <path d=""M94.067,69.997c18.756,0.0,34.015,-15.259,34.015,-34.015S112.823,1.968,94.067,1.968S60.052,17.227,60.052,35.983S75.311,69.997,94.067,69.997z"">
  </path>
  <path d=""M232.423,69.997c18.756,0.0,34.015,-15.259,34.015,-34.015S251.179,1.968,232.423,1.968s-34.015,15.259,-34.015,34.015S213.667,69.997,232.423,69.997z"">
  </path>
  <path d=""m228.04,82.5c-19.002,0.0,-34.405,15.404,-34.405,34.405v171.552c0.0,4.718,3.825,8.543,8.543,8.543h39.625c4.718,0.0,8.543,-3.825,8.543,-8.543v-81.409l11.582,-31.749c0.342,-0.938,0.517,-1.93,0.517,-2.928v-55.465c0.001,-19.002,-15.403,-34.406,-34.405,-34.406z"">
  </path>
  <path d=""m128.664,84.513l-0.057,-0.019,-9.708,-2.979c-1.531,-0.471,-3.167,0.34,-3.718,1.85l-20.414,56.011c-1.178,3.231,-5.748,3.231,-6.925,0.0l-20.415,-56.011c-0.445,-1.22,-1.596,-1.985,-2.83,-1.985,-0.292,0.0,-0.59,0.043,-0.884,0.133l-9.7,2.976c-12.401,4.132,-20.687,15.629,-20.687,28.629v59.251c0.0,0.588,0.172,1.163,0.495,1.655l21.3,32.415v82.017c0.0,1.665,1.35,3.015,3.015,3.015h66.335c1.665,0.0,3.015,-1.35,3.015,-3.015v-82.016l21.301,-32.415c0.323,-0.492,0.495,-1.067,0.495,-1.655v-59.406c0.0,-12.944,-8.318,-24.422,-20.618,-28.451z"">
  </path>
  <path d=""m99.119,80.218c-0.786,-0.856,-1.935,-1.287,-3.097,-1.287h-8.67c-1.162,0.0,-2.311,0.431,-3.098,1.287,-1.217,1.326,-1.393,3.241,-0.53,4.738l4.635,6.987,-2.17,18.302,4.272,11.365c0.417,1.143,2.033,1.143,2.45,0.0l4.272,-11.365,-2.17,-18.302,4.634,-6.987c0.866,-1.497,0.689,-3.412,-0.528,-4.738z"">
  </path>
 </g>
</svg>


Question: What accessory is the figure on the left wearing?",Hat,Tie,Glasses,Scarf,B,human
82,"Examine the following SVG code carefully and answer the question based on your interpretation of the rendered image.

<svg enable-background=""new 0 0 297 297"" version=""1.1"" viewbox=""0 0 297 297"">
 <g>
  <path d=""M94.067,69.997c18.756,0.0,34.015,-15.259,34.015,-34.015S112.823,1.968,94.067,1.968S60.052,17.227,60.052,35.983S75.311,69.997,94.067,69.997z"">
  </path>
  <path d=""M232.423,69.997c18.756,0.0,34.015,-15.259,34.015,-34.015S251.179,1.968,232.423,1.968s-34.015,15.259,-34.015,34.015S213.667,69.997,232.423,69.997z"">
  </path>
  <path d=""m228.04,82.5c-19.002,0.0,-34.405,15.404,-34.405,34.405v171.552c0.0,4.718,3.825,8.543,8.543,8.543h39.625c4.718,0.0,8.543,-3.825,8.543,-8.543v-81.409l11.582,-31.749c0.342,-0.938,0.517,-1.93,0.517,-2.928v-55.465c0.001,-19.002,-15.403,-34.406,-34.405,-34.406z"">
  </path>
  <path d=""m128.664,84.513l-0.057,-0.019,-9.708,-2.979c-1.531,-0.471,-3.167,0.34,-3.718,1.85l-20.414,56.011c-1.178,3.231,-5.748,3.231,-6.925,0.0l-20.415,-56.011c-0.445,-1.22,-1.596,-1.985,-2.83,-1.985,-0.292,0.0,-0.59,0.043,-0.884,0.133l-9.7,2.976c-12.401,4.132,-20.687,15.629,-20.687,28.629v59.251c0.0,0.588,0.172,1.163,0.495,1.655l21.3,32.415v82.017c0.0,1.665,1.35,3.015,3.015,3.015h66.335c1.665,0.0,3.015,-1.35,3.015,-3.015v-82.016l21.301,-32.415c0.323,-0.492,0.495,-1.067,0.495,-1.655v-59.406c0.0,-12.944,-8.318,-24.422,-20.618,-28.451z"">
  </path>
  <path d=""m99.119,80.218c-0.786,-0.856,-1.935,-1.287,-3.097,-1.287h-8.67c-1.162,0.0,-2.311,0.431,-3.098,1.287,-1.217,1.326,-1.393,3.241,-0.53,4.738l4.635,6.987,-2.17,18.302,4.272,11.365c0.417,1.143,2.033,1.143,2.45,0.0l4.272,-11.365,-2.17,-18.302,4.634,-6.987c0.866,-1.497,0.689,-3.412,-0.528,-4.738z"">
  </path>
 </g>
</svg>


Question: How many figures are there in the image?",One,Two,Three,Four,B,human
83,"Examine the following SVG code carefully and answer the question based on your interpretation of the rendered image.

<svg enable-background=""new 0 0 297 297"" version=""1.1"" viewbox=""0 0 297 297"">
 <g>
  <path d=""M94.067,69.997c18.756,0.0,34.015,-15.259,34.015,-34.015S112.823,1.968,94.067,1.968S60.052,17.227,60.052,35.983S75.311,69.997,94.067,69.997z"">
  </path>
  <path d=""M232.423,69.997c18.756,0.0,34.015,-15.259,34.015,-34.015S251.179,1.968,232.423,1.968s-34.015,15.259,-34.015,34.015S213.667,69.997,232.423,69.997z"">
  </path>
  <path d=""m228.04,82.5c-19.002,0.0,-34.405,15.404,-34.405,34.405v171.552c0.0,4.718,3.825,8.543,8.543,8.543h39.625c4.718,0.0,8.543,-3.825,8.543,-8.543v-81.409l11.582,-31.749c0.342,-0.938,0.517,-1.93,0.517,-2.928v-55.465c0.001,-19.002,-15.403,-34.406,-34.405,-34.406z"">
  </path>
  <path d=""m128.664,84.513l-0.057,-0.019,-9.708,-2.979c-1.531,-0.471,-3.167,0.34,-3.718,1.85l-20.414,56.011c-1.178,3.231,-5.748,3.231,-6.925,0.0l-20.415,-56.011c-0.445,-1.22,-1.596,-1.985,-2.83,-1.985,-0.292,0.0,-0.59,0.043,-0.884,0.133l-9.7,2.976c-12.401,4.132,-20.687,15.629,-20.687,28.629v59.251c0.0,0.588,0.172,1.163,0.495,1.655l21.3,32.415v82.017c0.0,1.665,1.35,3.015,3.015,3.015h66.335c1.665,0.0,3.015,-1.35,3.015,-3.015v-82.016l21.301,-32.415c0.323,-0.492,0.495,-1.067,0.495,-1.655v-59.406c0.0,-12.944,-8.318,-24.422,-20.618,-28.451z"">
  </path>
  <path d=""m99.119,80.218c-0.786,-0.856,-1.935,-1.287,-3.097,-1.287h-8.67c-1.162,0.0,-2.311,0.431,-3.098,1.287,-1.217,1.326,-1.393,3.241,-0.53,4.738l4.635,6.987,-2.17,18.302,4.272,11.365c0.417,1.143,2.033,1.143,2.45,0.0l4.272,-11.365,-2.17,-18.302,4.634,-6.987c0.866,-1.497,0.689,-3.412,-0.528,-4.738z"">
  </path>
 </g>
</svg>


Question: What is the semantic representation of the figures in the image?",Animals,Trees,People,Buildings,C,human
96,"Examine the following SVG code carefully and answer the question based on your interpretation of the rendered image.

<svg height=""475px"" id=""Capa_1"" style=""enable-background:new 0 0 475 475;"" version=""1.1"" viewbox=""0 0 475 475"" width=""475px"" x=""0px"" xml:space=""preserve"" y=""0px"">
 <g>
  <g id=""Layer_2"">
   <g>
    <path d=""M194.901,254.648c11.414,0.0,20.693,-9.264,20.693,-20.708c0.0,-11.429,-9.279,-20.707,-20.693,-20.707c-11.442,0.0,-20.722,9.277,-20.722,20.707C174.18,245.355,183.459,254.648,194.901,254.648zM199.147,225.881c5.864,0.0,10.596,4.761,10.596,10.611c0.0,5.879,-4.731,10.639,-10.596,10.639c-5.865,0.0,-10.613,-4.76,-10.613,-10.639C188.534,230.642,193.283,225.881,199.147,225.881z"">
    </path>
    <path d=""M175.589,360.569l-0.008,-0.007c0.0,0.0,-0.045,0.0,-0.111,0.001c-0.005,0.0,-0.009,0.0,-0.014,0.0c-0.007,0.0,-0.014,0.001,-0.021,0.001c-1.604,0.019,-16.799,0.181,-20.827,0.181c-29.928,0.0,-70.009,27.255,-70.009,61.991c0.0,34.735,0.0,55.577,0.0,55.577h124.346c-12.063,-29.27,-22.813,-101.287,-23.95,-109.057C184.55,364.426,180.521,360.637,175.589,360.569z"">
    </path>
    <path d=""M414.972,143.014c-4.668,-9.722,-16.272,-13.863,-26.039,-9.284c-0.481,0.219,-10.5,4.627,-30.83,9.329v-92.72C358.102,24.477,336.94,3.313,311.077,3.313H241.206h-69.871c-25.863,0.0,-47.025,21.164,-47.025,47.026v92.72c-20.33,-4.702,-30.349,-9.11,-30.831,-9.329c-9.766,-4.579,-21.371,-0.438,-26.039,9.284c-4.668,9.764,-0.534,21.461,9.231,26.129c0.723,0.342,7.109,3.318,19.656,7.091c-12.949,8.692,-20.595,25.191,-20.595,45.841c0.0,14.286,3.385,25.808,10.06,34.249c6.717,8.494,16.431,13.304,28.228,14.021c12.02,21.2,29.643,40.469,50.134,54.712c24.077,16.736,50.685,25.71,77.052,26.045c26.367,-0.335,52.976,-9.309,77.052,-26.045c20.491,-14.243,38.114,-33.512,50.134,-54.712c11.797,-0.716,21.511,-5.527,28.229,-14.021c6.675,-8.439,10.06,-19.963,10.06,-34.249c0.0,-20.65,-7.646,-37.149,-20.595,-45.841c12.547,-3.773,18.934,-6.749,19.656,-7.091C415.506,164.476,419.64,152.778,414.972,143.014zM387.44,222.076c0.0,19.325,-7.462,29.124,-22.179,29.124c-0.345,0.0,-0.852,-0.039,-1.389,-0.082l-6.812,-0.52l-2.923,5.667c-18.592,36.067,-61.746,74.851,-112.934,75.612c-51.188,-0.762,-94.342,-39.545,-112.934,-75.612l-2.922,-5.667l-6.812,0.52c-0.537,0.041,-1.044,0.082,-1.389,0.082c-14.716,0.0,-22.178,-9.799,-22.178,-29.124c0.0,-6.366,1.245,-27.066,16.83,-32.187c0.97,6.667,4.739,28.068,13.304,29.42c8.769,1.385,2.911,-21.928,8.385,-34.321c26.157,4.771,61.763,8.771,107.715,8.809c45.953,-0.039,81.559,-4.039,107.715,-8.809c5.474,12.394,-0.384,35.706,8.385,34.321c8.564,-1.352,12.333,-22.752,13.305,-29.42C386.195,195.009,387.44,215.709,387.44,222.076z"">
    </path>
    <path d=""M287.512,213.234c-11.414,0.0,-20.693,9.277,-20.693,20.707c0.0,11.443,9.279,20.708,20.693,20.708c11.441,0.0,20.722,-9.293,20.722,-20.708C308.232,222.511,298.953,213.234,287.512,213.234zM283.266,247.133c-5.864,0.0,-10.597,-4.762,-10.597,-10.64c0.0,-5.851,4.731,-10.611,10.597,-10.611c5.864,0.0,10.612,4.761,10.612,10.611C293.878,242.372,289.129,247.133,283.266,247.133z"">
    </path>
    <path d=""M241.23,391.739c-0.008,0.0,-0.016,0.001,-0.024,0.001s-0.016,-0.001,-0.024,-0.001c-6.05,0.0,-10.955,4.906,-10.955,10.955c0.0,6.052,4.905,10.958,10.955,10.958c0.008,0.0,0.016,-0.001,0.024,-0.001s0.016,0.001,0.024,0.001c6.05,0.0,10.956,-4.905,10.956,-10.958C252.185,396.645,247.28,391.739,241.23,391.739z"">
    </path>
    <path d=""M241.23,432.354c-0.008,0.0,-0.016,0.001,-0.024,0.001s-0.016,-0.001,-0.024,-0.001c-6.05,0.0,-10.955,4.905,-10.955,10.958c0.0,6.049,4.905,10.954,10.955,10.954c0.008,0.0,0.016,-0.001,0.024,-0.001s0.016,0.001,0.024,0.001c6.05,0.0,10.956,-4.904,10.956,-10.954C252.185,437.259,247.28,432.354,241.23,432.354z"">
    </path>
    <path d=""M299.101,281.625c-1.459,0.0,-2.781,0.58,-3.758,1.515c-1.436,1.155,-2.766,2.588,-4.303,1.886c-11.131,-6.764,-21.108,-28.878,-49.417,-28.878c-0.087,0.0,-0.237,0.0,-0.417,0.0s-0.33,0.0,-0.417,0.0c-28.307,0.0,-38.286,22.114,-49.417,28.878c-1.537,0.702,-2.867,-0.73,-4.303,-1.886c-0.977,-0.937,-2.299,-1.515,-3.758,-1.515c-3.002,0.0,-5.436,2.435,-5.436,5.437c0.0,0.222,0.018,0.44,0.043,0.655c0.195,5.416,12.866,11.1,22.524,8.619c0.806,-0.203,22.292,-2.918,40.763,-21.012c18.473,18.094,39.958,20.811,40.764,21.012c9.657,2.48,22.328,-3.203,22.523,-8.619c0.026,-0.215,0.043,-0.434,0.043,-0.655C304.537,284.06,302.102,281.625,299.101,281.625z"">
    </path>
    <path d=""M327.805,360.745c-4.027,0.0,-19.224,-0.164,-20.826,-0.181c-0.008,0.0,-0.015,-0.001,-0.021,-0.001c-0.005,0.0,-0.009,0.0,-0.014,0.0c-0.065,0.0,-0.111,-0.001,-0.111,-0.001l-0.008,0.007c-4.933,0.068,-8.96,3.855,-9.405,8.688c-1.137,7.77,-11.887,79.787,-23.949,109.057h124.346c0.0,0.0,0.0,-20.842,0.0,-55.577C397.813,388.0,357.732,360.745,327.805,360.745z"">
    </path>
   </g>
  </g>
 </g>
</svg>


Question: What type of hat is the object wearing?",cap,Beanie,hat,hat,C,human
97,"Examine the following SVG code carefully and answer the question based on your interpretation of the rendered image.

<svg height=""475px"" id=""Capa_1"" style=""enable-background:new 0 0 475 475;"" version=""1.1"" viewbox=""0 0 475 475"" width=""475px"" x=""0px"" xml:space=""preserve"" y=""0px"">
 <g>
  <g id=""Layer_2"">
   <g>
    <path d=""M194.901,254.648c11.414,0.0,20.693,-9.264,20.693,-20.708c0.0,-11.429,-9.279,-20.707,-20.693,-20.707c-11.442,0.0,-20.722,9.277,-20.722,20.707C174.18,245.355,183.459,254.648,194.901,254.648zM199.147,225.881c5.864,0.0,10.596,4.761,10.596,10.611c0.0,5.879,-4.731,10.639,-10.596,10.639c-5.865,0.0,-10.613,-4.76,-10.613,-10.639C188.534,230.642,193.283,225.881,199.147,225.881z"">
    </path>
    <path d=""M175.589,360.569l-0.008,-0.007c0.0,0.0,-0.045,0.0,-0.111,0.001c-0.005,0.0,-0.009,0.0,-0.014,0.0c-0.007,0.0,-0.014,0.001,-0.021,0.001c-1.604,0.019,-16.799,0.181,-20.827,0.181c-29.928,0.0,-70.009,27.255,-70.009,61.991c0.0,34.735,0.0,55.577,0.0,55.577h124.346c-12.063,-29.27,-22.813,-101.287,-23.95,-109.057C184.55,364.426,180.521,360.637,175.589,360.569z"">
    </path>
    <path d=""M414.972,143.014c-4.668,-9.722,-16.272,-13.863,-26.039,-9.284c-0.481,0.219,-10.5,4.627,-30.83,9.329v-92.72C358.102,24.477,336.94,3.313,311.077,3.313H241.206h-69.871c-25.863,0.0,-47.025,21.164,-47.025,47.026v92.72c-20.33,-4.702,-30.349,-9.11,-30.831,-9.329c-9.766,-4.579,-21.371,-0.438,-26.039,9.284c-4.668,9.764,-0.534,21.461,9.231,26.129c0.723,0.342,7.109,3.318,19.656,7.091c-12.949,8.692,-20.595,25.191,-20.595,45.841c0.0,14.286,3.385,25.808,10.06,34.249c6.717,8.494,16.431,13.304,28.228,14.021c12.02,21.2,29.643,40.469,50.134,54.712c24.077,16.736,50.685,25.71,77.052,26.045c26.367,-0.335,52.976,-9.309,77.052,-26.045c20.491,-14.243,38.114,-33.512,50.134,-54.712c11.797,-0.716,21.511,-5.527,28.229,-14.021c6.675,-8.439,10.06,-19.963,10.06,-34.249c0.0,-20.65,-7.646,-37.149,-20.595,-45.841c12.547,-3.773,18.934,-6.749,19.656,-7.091C415.506,164.476,419.64,152.778,414.972,143.014zM387.44,222.076c0.0,19.325,-7.462,29.124,-22.179,29.124c-0.345,0.0,-0.852,-0.039,-1.389,-0.082l-6.812,-0.52l-2.923,5.667c-18.592,36.067,-61.746,74.851,-112.934,75.612c-51.188,-0.762,-94.342,-39.545,-112.934,-75.612l-2.922,-5.667l-6.812,0.52c-0.537,0.041,-1.044,0.082,-1.389,0.082c-14.716,0.0,-22.178,-9.799,-22.178,-29.124c0.0,-6.366,1.245,-27.066,16.83,-32.187c0.97,6.667,4.739,28.068,13.304,29.42c8.769,1.385,2.911,-21.928,8.385,-34.321c26.157,4.771,61.763,8.771,107.715,8.809c45.953,-0.039,81.559,-4.039,107.715,-8.809c5.474,12.394,-0.384,35.706,8.385,34.321c8.564,-1.352,12.333,-22.752,13.305,-29.42C386.195,195.009,387.44,215.709,387.44,222.076z"">
    </path>
    <path d=""M287.512,213.234c-11.414,0.0,-20.693,9.277,-20.693,20.707c0.0,11.443,9.279,20.708,20.693,20.708c11.441,0.0,20.722,-9.293,20.722,-20.708C308.232,222.511,298.953,213.234,287.512,213.234zM283.266,247.133c-5.864,0.0,-10.597,-4.762,-10.597,-10.64c0.0,-5.851,4.731,-10.611,10.597,-10.611c5.864,0.0,10.612,4.761,10.612,10.611C293.878,242.372,289.129,247.133,283.266,247.133z"">
    </path>
    <path d=""M241.23,391.739c-0.008,0.0,-0.016,0.001,-0.024,0.001s-0.016,-0.001,-0.024,-0.001c-6.05,0.0,-10.955,4.906,-10.955,10.955c0.0,6.052,4.905,10.958,10.955,10.958c0.008,0.0,0.016,-0.001,0.024,-0.001s0.016,0.001,0.024,0.001c6.05,0.0,10.956,-4.905,10.956,-10.958C252.185,396.645,247.28,391.739,241.23,391.739z"">
    </path>
    <path d=""M241.23,432.354c-0.008,0.0,-0.016,0.001,-0.024,0.001s-0.016,-0.001,-0.024,-0.001c-6.05,0.0,-10.955,4.905,-10.955,10.958c0.0,6.049,4.905,10.954,10.955,10.954c0.008,0.0,0.016,-0.001,0.024,-0.001s0.016,0.001,0.024,0.001c6.05,0.0,10.956,-4.904,10.956,-10.954C252.185,437.259,247.28,432.354,241.23,432.354z"">
    </path>
    <path d=""M299.101,281.625c-1.459,0.0,-2.781,0.58,-3.758,1.515c-1.436,1.155,-2.766,2.588,-4.303,1.886c-11.131,-6.764,-21.108,-28.878,-49.417,-28.878c-0.087,0.0,-0.237,0.0,-0.417,0.0s-0.33,0.0,-0.417,0.0c-28.307,0.0,-38.286,22.114,-49.417,28.878c-1.537,0.702,-2.867,-0.73,-4.303,-1.886c-0.977,-0.937,-2.299,-1.515,-3.758,-1.515c-3.002,0.0,-5.436,2.435,-5.436,5.437c0.0,0.222,0.018,0.44,0.043,0.655c0.195,5.416,12.866,11.1,22.524,8.619c0.806,-0.203,22.292,-2.918,40.763,-21.012c18.473,18.094,39.958,20.811,40.764,21.012c9.657,2.48,22.328,-3.203,22.523,-8.619c0.026,-0.215,0.043,-0.434,0.043,-0.655C304.537,284.06,302.102,281.625,299.101,281.625z"">
    </path>
    <path d=""M327.805,360.745c-4.027,0.0,-19.224,-0.164,-20.826,-0.181c-0.008,0.0,-0.015,-0.001,-0.021,-0.001c-0.005,0.0,-0.009,0.0,-0.014,0.0c-0.065,0.0,-0.111,-0.001,-0.111,-0.001l-0.008,0.007c-4.933,0.068,-8.96,3.855,-9.405,8.688c-1.137,7.77,-11.887,79.787,-23.949,109.057h124.346c0.0,0.0,0.0,-20.842,0.0,-55.577C397.813,388.0,357.732,360.745,327.805,360.745z"">
    </path>
   </g>
  </g>
 </g>
</svg>


Question: How many buttons are visible on the object’s clothing?",One,Two,Three,Four,B,human
98,"Examine the following SVG code carefully and answer the question based on your interpretation of the rendered image.

<svg height=""475px"" id=""Capa_1"" style=""enable-background:new 0 0 475 475;"" version=""1.1"" viewbox=""0 0 475 475"" width=""475px"" x=""0px"" xml:space=""preserve"" y=""0px"">
 <g>
  <g id=""Layer_2"">
   <g>
    <path d=""M194.901,254.648c11.414,0.0,20.693,-9.264,20.693,-20.708c0.0,-11.429,-9.279,-20.707,-20.693,-20.707c-11.442,0.0,-20.722,9.277,-20.722,20.707C174.18,245.355,183.459,254.648,194.901,254.648zM199.147,225.881c5.864,0.0,10.596,4.761,10.596,10.611c0.0,5.879,-4.731,10.639,-10.596,10.639c-5.865,0.0,-10.613,-4.76,-10.613,-10.639C188.534,230.642,193.283,225.881,199.147,225.881z"">
    </path>
    <path d=""M175.589,360.569l-0.008,-0.007c0.0,0.0,-0.045,0.0,-0.111,0.001c-0.005,0.0,-0.009,0.0,-0.014,0.0c-0.007,0.0,-0.014,0.001,-0.021,0.001c-1.604,0.019,-16.799,0.181,-20.827,0.181c-29.928,0.0,-70.009,27.255,-70.009,61.991c0.0,34.735,0.0,55.577,0.0,55.577h124.346c-12.063,-29.27,-22.813,-101.287,-23.95,-109.057C184.55,364.426,180.521,360.637,175.589,360.569z"">
    </path>
    <path d=""M414.972,143.014c-4.668,-9.722,-16.272,-13.863,-26.039,-9.284c-0.481,0.219,-10.5,4.627,-30.83,9.329v-92.72C358.102,24.477,336.94,3.313,311.077,3.313H241.206h-69.871c-25.863,0.0,-47.025,21.164,-47.025,47.026v92.72c-20.33,-4.702,-30.349,-9.11,-30.831,-9.329c-9.766,-4.579,-21.371,-0.438,-26.039,9.284c-4.668,9.764,-0.534,21.461,9.231,26.129c0.723,0.342,7.109,3.318,19.656,7.091c-12.949,8.692,-20.595,25.191,-20.595,45.841c0.0,14.286,3.385,25.808,10.06,34.249c6.717,8.494,16.431,13.304,28.228,14.021c12.02,21.2,29.643,40.469,50.134,54.712c24.077,16.736,50.685,25.71,77.052,26.045c26.367,-0.335,52.976,-9.309,77.052,-26.045c20.491,-14.243,38.114,-33.512,50.134,-54.712c11.797,-0.716,21.511,-5.527,28.229,-14.021c6.675,-8.439,10.06,-19.963,10.06,-34.249c0.0,-20.65,-7.646,-37.149,-20.595,-45.841c12.547,-3.773,18.934,-6.749,19.656,-7.091C415.506,164.476,419.64,152.778,414.972,143.014zM387.44,222.076c0.0,19.325,-7.462,29.124,-22.179,29.124c-0.345,0.0,-0.852,-0.039,-1.389,-0.082l-6.812,-0.52l-2.923,5.667c-18.592,36.067,-61.746,74.851,-112.934,75.612c-51.188,-0.762,-94.342,-39.545,-112.934,-75.612l-2.922,-5.667l-6.812,0.52c-0.537,0.041,-1.044,0.082,-1.389,0.082c-14.716,0.0,-22.178,-9.799,-22.178,-29.124c0.0,-6.366,1.245,-27.066,16.83,-32.187c0.97,6.667,4.739,28.068,13.304,29.42c8.769,1.385,2.911,-21.928,8.385,-34.321c26.157,4.771,61.763,8.771,107.715,8.809c45.953,-0.039,81.559,-4.039,107.715,-8.809c5.474,12.394,-0.384,35.706,8.385,34.321c8.564,-1.352,12.333,-22.752,13.305,-29.42C386.195,195.009,387.44,215.709,387.44,222.076z"">
    </path>
    <path d=""M287.512,213.234c-11.414,0.0,-20.693,9.277,-20.693,20.707c0.0,11.443,9.279,20.708,20.693,20.708c11.441,0.0,20.722,-9.293,20.722,-20.708C308.232,222.511,298.953,213.234,287.512,213.234zM283.266,247.133c-5.864,0.0,-10.597,-4.762,-10.597,-10.64c0.0,-5.851,4.731,-10.611,10.597,-10.611c5.864,0.0,10.612,4.761,10.612,10.611C293.878,242.372,289.129,247.133,283.266,247.133z"">
    </path>
    <path d=""M241.23,391.739c-0.008,0.0,-0.016,0.001,-0.024,0.001s-0.016,-0.001,-0.024,-0.001c-6.05,0.0,-10.955,4.906,-10.955,10.955c0.0,6.052,4.905,10.958,10.955,10.958c0.008,0.0,0.016,-0.001,0.024,-0.001s0.016,0.001,0.024,0.001c6.05,0.0,10.956,-4.905,10.956,-10.958C252.185,396.645,247.28,391.739,241.23,391.739z"">
    </path>
    <path d=""M241.23,432.354c-0.008,0.0,-0.016,0.001,-0.024,0.001s-0.016,-0.001,-0.024,-0.001c-6.05,0.0,-10.955,4.905,-10.955,10.958c0.0,6.049,4.905,10.954,10.955,10.954c0.008,0.0,0.016,-0.001,0.024,-0.001s0.016,0.001,0.024,0.001c6.05,0.0,10.956,-4.904,10.956,-10.954C252.185,437.259,247.28,432.354,241.23,432.354z"">
    </path>
    <path d=""M299.101,281.625c-1.459,0.0,-2.781,0.58,-3.758,1.515c-1.436,1.155,-2.766,2.588,-4.303,1.886c-11.131,-6.764,-21.108,-28.878,-49.417,-28.878c-0.087,0.0,-0.237,0.0,-0.417,0.0s-0.33,0.0,-0.417,0.0c-28.307,0.0,-38.286,22.114,-49.417,28.878c-1.537,0.702,-2.867,-0.73,-4.303,-1.886c-0.977,-0.937,-2.299,-1.515,-3.758,-1.515c-3.002,0.0,-5.436,2.435,-5.436,5.437c0.0,0.222,0.018,0.44,0.043,0.655c0.195,5.416,12.866,11.1,22.524,8.619c0.806,-0.203,22.292,-2.918,40.763,-21.012c18.473,18.094,39.958,20.811,40.764,21.012c9.657,2.48,22.328,-3.203,22.523,-8.619c0.026,-0.215,0.043,-0.434,0.043,-0.655C304.537,284.06,302.102,281.625,299.101,281.625z"">
    </path>
    <path d=""M327.805,360.745c-4.027,0.0,-19.224,-0.164,-20.826,-0.181c-0.008,0.0,-0.015,-0.001,-0.021,-0.001c-0.005,0.0,-0.009,0.0,-0.014,0.0c-0.065,0.0,-0.111,-0.001,-0.111,-0.001l-0.008,0.007c-4.933,0.068,-8.96,3.855,-9.405,8.688c-1.137,7.77,-11.887,79.787,-23.949,109.057h124.346c0.0,0.0,0.0,-20.842,0.0,-55.577C397.813,388.0,357.732,360.745,327.805,360.745z"">
    </path>
   </g>
  </g>
 </g>
</svg>


Question: What shape are the eyes of the object?",Squares,Circles,Triangles,Ovals,B,human
99,"Examine the following SVG code carefully and answer the question based on your interpretation of the rendered image.

<svg height=""475px"" id=""Capa_1"" style=""enable-background:new 0 0 475 475;"" version=""1.1"" viewbox=""0 0 475 475"" width=""475px"" x=""0px"" xml:space=""preserve"" y=""0px"">
 <g>
  <g id=""Layer_2"">
   <g>
    <path d=""M194.901,254.648c11.414,0.0,20.693,-9.264,20.693,-20.708c0.0,-11.429,-9.279,-20.707,-20.693,-20.707c-11.442,0.0,-20.722,9.277,-20.722,20.707C174.18,245.355,183.459,254.648,194.901,254.648zM199.147,225.881c5.864,0.0,10.596,4.761,10.596,10.611c0.0,5.879,-4.731,10.639,-10.596,10.639c-5.865,0.0,-10.613,-4.76,-10.613,-10.639C188.534,230.642,193.283,225.881,199.147,225.881z"">
    </path>
    <path d=""M175.589,360.569l-0.008,-0.007c0.0,0.0,-0.045,0.0,-0.111,0.001c-0.005,0.0,-0.009,0.0,-0.014,0.0c-0.007,0.0,-0.014,0.001,-0.021,0.001c-1.604,0.019,-16.799,0.181,-20.827,0.181c-29.928,0.0,-70.009,27.255,-70.009,61.991c0.0,34.735,0.0,55.577,0.0,55.577h124.346c-12.063,-29.27,-22.813,-101.287,-23.95,-109.057C184.55,364.426,180.521,360.637,175.589,360.569z"">
    </path>
    <path d=""M414.972,143.014c-4.668,-9.722,-16.272,-13.863,-26.039,-9.284c-0.481,0.219,-10.5,4.627,-30.83,9.329v-92.72C358.102,24.477,336.94,3.313,311.077,3.313H241.206h-69.871c-25.863,0.0,-47.025,21.164,-47.025,47.026v92.72c-20.33,-4.702,-30.349,-9.11,-30.831,-9.329c-9.766,-4.579,-21.371,-0.438,-26.039,9.284c-4.668,9.764,-0.534,21.461,9.231,26.129c0.723,0.342,7.109,3.318,19.656,7.091c-12.949,8.692,-20.595,25.191,-20.595,45.841c0.0,14.286,3.385,25.808,10.06,34.249c6.717,8.494,16.431,13.304,28.228,14.021c12.02,21.2,29.643,40.469,50.134,54.712c24.077,16.736,50.685,25.71,77.052,26.045c26.367,-0.335,52.976,-9.309,77.052,-26.045c20.491,-14.243,38.114,-33.512,50.134,-54.712c11.797,-0.716,21.511,-5.527,28.229,-14.021c6.675,-8.439,10.06,-19.963,10.06,-34.249c0.0,-20.65,-7.646,-37.149,-20.595,-45.841c12.547,-3.773,18.934,-6.749,19.656,-7.091C415.506,164.476,419.64,152.778,414.972,143.014zM387.44,222.076c0.0,19.325,-7.462,29.124,-22.179,29.124c-0.345,0.0,-0.852,-0.039,-1.389,-0.082l-6.812,-0.52l-2.923,5.667c-18.592,36.067,-61.746,74.851,-112.934,75.612c-51.188,-0.762,-94.342,-39.545,-112.934,-75.612l-2.922,-5.667l-6.812,0.52c-0.537,0.041,-1.044,0.082,-1.389,0.082c-14.716,0.0,-22.178,-9.799,-22.178,-29.124c0.0,-6.366,1.245,-27.066,16.83,-32.187c0.97,6.667,4.739,28.068,13.304,29.42c8.769,1.385,2.911,-21.928,8.385,-34.321c26.157,4.771,61.763,8.771,107.715,8.809c45.953,-0.039,81.559,-4.039,107.715,-8.809c5.474,12.394,-0.384,35.706,8.385,34.321c8.564,-1.352,12.333,-22.752,13.305,-29.42C386.195,195.009,387.44,215.709,387.44,222.076z"">
    </path>
    <path d=""M287.512,213.234c-11.414,0.0,-20.693,9.277,-20.693,20.707c0.0,11.443,9.279,20.708,20.693,20.708c11.441,0.0,20.722,-9.293,20.722,-20.708C308.232,222.511,298.953,213.234,287.512,213.234zM283.266,247.133c-5.864,0.0,-10.597,-4.762,-10.597,-10.64c0.0,-5.851,4.731,-10.611,10.597,-10.611c5.864,0.0,10.612,4.761,10.612,10.611C293.878,242.372,289.129,247.133,283.266,247.133z"">
    </path>
    <path d=""M241.23,391.739c-0.008,0.0,-0.016,0.001,-0.024,0.001s-0.016,-0.001,-0.024,-0.001c-6.05,0.0,-10.955,4.906,-10.955,10.955c0.0,6.052,4.905,10.958,10.955,10.958c0.008,0.0,0.016,-0.001,0.024,-0.001s0.016,0.001,0.024,0.001c6.05,0.0,10.956,-4.905,10.956,-10.958C252.185,396.645,247.28,391.739,241.23,391.739z"">
    </path>
    <path d=""M241.23,432.354c-0.008,0.0,-0.016,0.001,-0.024,0.001s-0.016,-0.001,-0.024,-0.001c-6.05,0.0,-10.955,4.905,-10.955,10.958c0.0,6.049,4.905,10.954,10.955,10.954c0.008,0.0,0.016,-0.001,0.024,-0.001s0.016,0.001,0.024,0.001c6.05,0.0,10.956,-4.904,10.956,-10.954C252.185,437.259,247.28,432.354,241.23,432.354z"">
    </path>
    <path d=""M299.101,281.625c-1.459,0.0,-2.781,0.58,-3.758,1.515c-1.436,1.155,-2.766,2.588,-4.303,1.886c-11.131,-6.764,-21.108,-28.878,-49.417,-28.878c-0.087,0.0,-0.237,0.0,-0.417,0.0s-0.33,0.0,-0.417,0.0c-28.307,0.0,-38.286,22.114,-49.417,28.878c-1.537,0.702,-2.867,-0.73,-4.303,-1.886c-0.977,-0.937,-2.299,-1.515,-3.758,-1.515c-3.002,0.0,-5.436,2.435,-5.436,5.437c0.0,0.222,0.018,0.44,0.043,0.655c0.195,5.416,12.866,11.1,22.524,8.619c0.806,-0.203,22.292,-2.918,40.763,-21.012c18.473,18.094,39.958,20.811,40.764,21.012c9.657,2.48,22.328,-3.203,22.523,-8.619c0.026,-0.215,0.043,-0.434,0.043,-0.655C304.537,284.06,302.102,281.625,299.101,281.625z"">
    </path>
    <path d=""M327.805,360.745c-4.027,0.0,-19.224,-0.164,-20.826,-0.181c-0.008,0.0,-0.015,-0.001,-0.021,-0.001c-0.005,0.0,-0.009,0.0,-0.014,0.0c-0.065,0.0,-0.111,-0.001,-0.111,-0.001l-0.008,0.007c-4.933,0.068,-8.96,3.855,-9.405,8.688c-1.137,7.77,-11.887,79.787,-23.949,109.057h124.346c0.0,0.0,0.0,-20.842,0.0,-55.577C397.813,388.0,357.732,360.745,327.805,360.745z"">
    </path>
   </g>
  </g>
 </g>
</svg>


Question: What is the object in the image?",cat,tree,person,car,C,human
100,"Examine the following SVG code carefully and answer the question based on your interpretation of the rendered image.

<svg id=""Layer_1"" style=""enable-background:new 0 0 512 512;"" version=""1.1"" viewbox=""0 0 512 512"" x=""0px"" xml:space=""preserve"" y=""0px"">
 <g>
  <path d=""M268.79,75.283H260.889h-7.901c0.0,0.0,-142.168,-7.848,-142.168,203.997c0.0,55.428,4.317,116.401,46.133,156.089c14.998,14.239,32.662,25.203,49.717,36.776c17.064,11.573,32.106,26.827,54.219,26.827s37.155,-15.254,54.219,-26.827c17.064,-11.573,34.719,-22.537,49.717,-36.776c41.816,-39.689,46.133,-100.661,46.133,-156.089C410.958,67.435,268.79,75.283,268.79,75.283"" style=""fill:#FDD7AD;"">
  </path>
  <path d=""M315.109,472.145c-17.064,11.573,-32.106,26.827,-54.219,26.827s-37.155,-15.254,-54.219,-26.827c-8.316,-5.641,-16.764,-11.149,-24.991,-16.949V516.627h158.897v-61.758C332.208,460.801,323.583,466.398,315.109,472.145"" style=""fill:#DBB38D;"">
  </path>
  <path d=""M252.993,75.283h7.901h7.901c0.0,0.0,14.38,-0.759,33.977,4.961L340.58,4.627H181.683l37.738,75.485C238.816,74.524,252.993,75.283,252.993,75.283"" style=""fill:#D75D72;"">
  </path>
 </g>
</svg>


Question: What is the shape of the topmost part of the object?",Circle,Triangle,Square,Rectangle,B,human
101,"Examine the following SVG code carefully and answer the question based on your interpretation of the rendered image.

<svg id=""Layer_1"" style=""enable-background:new 0 0 512 512;"" version=""1.1"" viewbox=""0 0 512 512"" x=""0px"" xml:space=""preserve"" y=""0px"">
 <g>
  <path d=""M268.79,75.283H260.889h-7.901c0.0,0.0,-142.168,-7.848,-142.168,203.997c0.0,55.428,4.317,116.401,46.133,156.089c14.998,14.239,32.662,25.203,49.717,36.776c17.064,11.573,32.106,26.827,54.219,26.827s37.155,-15.254,54.219,-26.827c17.064,-11.573,34.719,-22.537,49.717,-36.776c41.816,-39.689,46.133,-100.661,46.133,-156.089C410.958,67.435,268.79,75.283,268.79,75.283"" style=""fill:#FDD7AD;"">
  </path>
  <path d=""M315.109,472.145c-17.064,11.573,-32.106,26.827,-54.219,26.827s-37.155,-15.254,-54.219,-26.827c-8.316,-5.641,-16.764,-11.149,-24.991,-16.949V516.627h158.897v-61.758C332.208,460.801,323.583,466.398,315.109,472.145"" style=""fill:#DBB38D;"">
  </path>
  <path d=""M252.993,75.283h7.901h7.901c0.0,0.0,14.38,-0.759,33.977,4.961L340.58,4.627H181.683l37.738,75.485C238.816,74.524,252.993,75.283,252.993,75.283"" style=""fill:#D75D72;"">
  </path>
 </g>
</svg>


Question: What is the color of the middle part of the object?",Blue,Green,Beige,Red,C,human
102,"Examine the following SVG code carefully and answer the question based on your interpretation of the rendered image.

<svg id=""Layer_1"" style=""enable-background:new 0 0 512 512;"" version=""1.1"" viewbox=""0 0 512 512"" x=""0px"" xml:space=""preserve"" y=""0px"">
 <g>
  <path d=""M268.79,75.283H260.889h-7.901c0.0,0.0,-142.168,-7.848,-142.168,203.997c0.0,55.428,4.317,116.401,46.133,156.089c14.998,14.239,32.662,25.203,49.717,36.776c17.064,11.573,32.106,26.827,54.219,26.827s37.155,-15.254,54.219,-26.827c17.064,-11.573,34.719,-22.537,49.717,-36.776c41.816,-39.689,46.133,-100.661,46.133,-156.089C410.958,67.435,268.79,75.283,268.79,75.283"" style=""fill:#FDD7AD;"">
  </path>
  <path d=""M315.109,472.145c-17.064,11.573,-32.106,26.827,-54.219,26.827s-37.155,-15.254,-54.219,-26.827c-8.316,-5.641,-16.764,-11.149,-24.991,-16.949V516.627h158.897v-61.758C332.208,460.801,323.583,466.398,315.109,472.145"" style=""fill:#DBB38D;"">
  </path>
  <path d=""M252.993,75.283h7.901h7.901c0.0,0.0,14.38,-0.759,33.977,4.961L340.58,4.627H181.683l37.738,75.485C238.816,74.524,252.993,75.283,252.993,75.283"" style=""fill:#D75D72;"">
  </path>
 </g>
</svg>


Question: What is the shape of the bottom part of the object?",Circle,Triangle,Square,Rectangle,D,human
103,"Examine the following SVG code carefully and answer the question based on your interpretation of the rendered image.

<svg id=""Layer_1"" style=""enable-background:new 0 0 512 512;"" version=""1.1"" viewbox=""0 0 512 512"" x=""0px"" xml:space=""preserve"" y=""0px"">
 <g>
  <path d=""M268.79,75.283H260.889h-7.901c0.0,0.0,-142.168,-7.848,-142.168,203.997c0.0,55.428,4.317,116.401,46.133,156.089c14.998,14.239,32.662,25.203,49.717,36.776c17.064,11.573,32.106,26.827,54.219,26.827s37.155,-15.254,54.219,-26.827c17.064,-11.573,34.719,-22.537,49.717,-36.776c41.816,-39.689,46.133,-100.661,46.133,-156.089C410.958,67.435,268.79,75.283,268.79,75.283"" style=""fill:#FDD7AD;"">
  </path>
  <path d=""M315.109,472.145c-17.064,11.573,-32.106,26.827,-54.219,26.827s-37.155,-15.254,-54.219,-26.827c-8.316,-5.641,-16.764,-11.149,-24.991,-16.949V516.627h158.897v-61.758C332.208,460.801,323.583,466.398,315.109,472.145"" style=""fill:#DBB38D;"">
  </path>
  <path d=""M252.993,75.283h7.901h7.901c0.0,0.0,14.38,-0.759,33.977,4.961L340.58,4.627H181.683l37.738,75.485C238.816,74.524,252.993,75.283,252.993,75.283"" style=""fill:#D75D72;"">
  </path>
 </g>
</svg>


Question: What does the whole object resemble?",person,tree,house,car,A,human
108,"Examine the following SVG code carefully and answer the question based on your interpretation of the rendered image.

<svg id=""Layer_1"" style=""enable-background:new 0 0 511.998 511.998;"" version=""1.1"" viewbox=""0 0 511.998 511.998"" x=""0px"" xml:space=""preserve"" y=""0px"">
 <g>
  <g>
   <path d=""M248.645,213.635l-69.321,-8.403l-44.679,-29.696c3.975,0.977,14.954,4.171,26.681,8.76c-1.387,-4.78,-3.935,-9.194,-7.478,-12.82c-5.686,-5.818,-13.46,-9.122,-21.594,-9.18l-28.055,-0.201c-16.96,-0.122,-30.764,13.632,-30.717,30.582l0.283,103.442c0.022,8.114,3.277,15.883,9.043,21.592c4.068,4.026,9.151,6.786,14.64,8.045H59.112L33.12,193.529c-1.606,-8.17,-9.532,-13.489,-17.7,-11.885c-8.17,1.606,-13.491,9.531,-11.885,17.7L31.919,343.741c1.39,7.07,7.588,12.168,14.793,12.168H87.779v52.221L41.229,433.622c-4.868,2.667,-6.654,8.774,-3.988,13.643s8.772,6.655,13.643,3.988l46.947,-25.708l46.947,25.708c4.871,2.668,10.978,0.878,13.643,-3.988c2.667,-4.868,0.881,-10.976,-3.988,-13.643l-46.551,-25.492v-52.221h44.362c8.326,0.0,15.076,-6.75,15.076,-15.076c0.0,-5.044,-2.485,-9.496,-6.288,-12.233l14.026,3.27v99.103c0.0,12.07,9.785,21.855,21.855,21.855s21.855,-9.785,21.855,-21.855v-116.45c0.0,-10.16,-6.999,-18.979,-16.893,-21.285l-40.768,-9.504l0.512,-31.387l-41.722,-42.876l42.864,28.489c2.367,1.573,5.068,2.571,7.89,2.912l73.612,8.923c10.019,1.21,19.065,-5.932,20.272,-15.889C265.744,223.922,258.631,214.847,248.645,213.635z"">
   </path>
  </g>
 </g>
 <g>
  <g>
   <circle cx=""141.940"" cy=""108.147"" r=""40.197"">
   </circle>
  </g>
 </g>
 <g>
  <g>
   <path d=""M501.512,260.828H232.305c-7.586,0.0,-13.736,6.15,-13.736,13.736s6.15,13.736,13.736,13.736h6.68v149.468c0.0,8.317,6.742,15.06,15.06,15.06h0.06c8.317,0.0,15.06,-6.742,15.06,-15.06V288.3h196.372v149.468c0.0,8.317,6.742,15.06,15.06,15.06h0.06c8.317,0.0,15.06,-6.742,15.06,-15.06V288.3h5.792c7.586,0.0,13.736,-6.15,13.736,-13.736C515.248,266.978,509.098,260.828,501.512,260.828z"">
   </path>
  </g>
 </g>
 <g>
  <g>
   <path d=""M407.804,227.45h-20.489v-70.055l17.247,-42.213c2.099,-5.138,-0.364,-11.006,-5.503,-13.105c-5.137,-2.1,-11.006,0.365,-13.105,5.502c-15.214,37.235,-24.536,60.052,-39.599,96.916c-2.099,5.139,0.365,11.007,5.503,13.106c5.141,2.1,11.007,-0.366,13.105,-5.502l2.251,-5.508v30.909c0.0,5.551,4.499,10.05,10.05,10.05h30.539c5.551,0.0,10.05,-4.5,10.05,-10.05C417.854,231.949,413.354,227.45,407.804,227.45z"">
   </path>
  </g>
 </g>
 <g>
  <g>
   <path d=""M328.244,228.642H289.579c-5.551,0.0,-10.05,4.499,-10.05,10.05s4.499,10.05,10.05,10.05h38.665c5.551,0.0,10.05,-4.499,10.05,-10.05S333.795,228.642,328.244,228.642z"">
   </path>
  </g>
 </g>
</svg>


Question: What is the person in the image doing?",Sitting,Running,Jumping,Sleeping,A,human
109,"Examine the following SVG code carefully and answer the question based on your interpretation of the rendered image.

<svg id=""Layer_1"" style=""enable-background:new 0 0 511.998 511.998;"" version=""1.1"" viewbox=""0 0 511.998 511.998"" x=""0px"" xml:space=""preserve"" y=""0px"">
 <g>
  <g>
   <path d=""M248.645,213.635l-69.321,-8.403l-44.679,-29.696c3.975,0.977,14.954,4.171,26.681,8.76c-1.387,-4.78,-3.935,-9.194,-7.478,-12.82c-5.686,-5.818,-13.46,-9.122,-21.594,-9.18l-28.055,-0.201c-16.96,-0.122,-30.764,13.632,-30.717,30.582l0.283,103.442c0.022,8.114,3.277,15.883,9.043,21.592c4.068,4.026,9.151,6.786,14.64,8.045H59.112L33.12,193.529c-1.606,-8.17,-9.532,-13.489,-17.7,-11.885c-8.17,1.606,-13.491,9.531,-11.885,17.7L31.919,343.741c1.39,7.07,7.588,12.168,14.793,12.168H87.779v52.221L41.229,433.622c-4.868,2.667,-6.654,8.774,-3.988,13.643s8.772,6.655,13.643,3.988l46.947,-25.708l46.947,25.708c4.871,2.668,10.978,0.878,13.643,-3.988c2.667,-4.868,0.881,-10.976,-3.988,-13.643l-46.551,-25.492v-52.221h44.362c8.326,0.0,15.076,-6.75,15.076,-15.076c0.0,-5.044,-2.485,-9.496,-6.288,-12.233l14.026,3.27v99.103c0.0,12.07,9.785,21.855,21.855,21.855s21.855,-9.785,21.855,-21.855v-116.45c0.0,-10.16,-6.999,-18.979,-16.893,-21.285l-40.768,-9.504l0.512,-31.387l-41.722,-42.876l42.864,28.489c2.367,1.573,5.068,2.571,7.89,2.912l73.612,8.923c10.019,1.21,19.065,-5.932,20.272,-15.889C265.744,223.922,258.631,214.847,248.645,213.635z"">
   </path>
  </g>
 </g>
 <g>
  <g>
   <circle cx=""141.940"" cy=""108.147"" r=""40.197"">
   </circle>
  </g>
 </g>
 <g>
  <g>
   <path d=""M501.512,260.828H232.305c-7.586,0.0,-13.736,6.15,-13.736,13.736s6.15,13.736,13.736,13.736h6.68v149.468c0.0,8.317,6.742,15.06,15.06,15.06h0.06c8.317,0.0,15.06,-6.742,15.06,-15.06V288.3h196.372v149.468c0.0,8.317,6.742,15.06,15.06,15.06h0.06c8.317,0.0,15.06,-6.742,15.06,-15.06V288.3h5.792c7.586,0.0,13.736,-6.15,13.736,-13.736C515.248,266.978,509.098,260.828,501.512,260.828z"">
   </path>
  </g>
 </g>
 <g>
  <g>
   <path d=""M407.804,227.45h-20.489v-70.055l17.247,-42.213c2.099,-5.138,-0.364,-11.006,-5.503,-13.105c-5.137,-2.1,-11.006,0.365,-13.105,5.502c-15.214,37.235,-24.536,60.052,-39.599,96.916c-2.099,5.139,0.365,11.007,5.503,13.106c5.141,2.1,11.007,-0.366,13.105,-5.502l2.251,-5.508v30.909c0.0,5.551,4.499,10.05,10.05,10.05h30.539c5.551,0.0,10.05,-4.5,10.05,-10.05C417.854,231.949,413.354,227.45,407.804,227.45z"">
   </path>
  </g>
 </g>
 <g>
  <g>
   <path d=""M328.244,228.642H289.579c-5.551,0.0,-10.05,4.499,-10.05,10.05s4.499,10.05,10.05,10.05h38.665c5.551,0.0,10.05,-4.499,10.05,-10.05S333.795,228.642,328.244,228.642z"">
   </path>
  </g>
 </g>
</svg>


Question: What is the object in front of the person?",chair,table,bed,door,B,human
110,"Examine the following SVG code carefully and answer the question based on your interpretation of the rendered image.

<svg id=""Layer_1"" style=""enable-background:new 0 0 511.998 511.998;"" version=""1.1"" viewbox=""0 0 511.998 511.998"" x=""0px"" xml:space=""preserve"" y=""0px"">
 <g>
  <g>
   <path d=""M248.645,213.635l-69.321,-8.403l-44.679,-29.696c3.975,0.977,14.954,4.171,26.681,8.76c-1.387,-4.78,-3.935,-9.194,-7.478,-12.82c-5.686,-5.818,-13.46,-9.122,-21.594,-9.18l-28.055,-0.201c-16.96,-0.122,-30.764,13.632,-30.717,30.582l0.283,103.442c0.022,8.114,3.277,15.883,9.043,21.592c4.068,4.026,9.151,6.786,14.64,8.045H59.112L33.12,193.529c-1.606,-8.17,-9.532,-13.489,-17.7,-11.885c-8.17,1.606,-13.491,9.531,-11.885,17.7L31.919,343.741c1.39,7.07,7.588,12.168,14.793,12.168H87.779v52.221L41.229,433.622c-4.868,2.667,-6.654,8.774,-3.988,13.643s8.772,6.655,13.643,3.988l46.947,-25.708l46.947,25.708c4.871,2.668,10.978,0.878,13.643,-3.988c2.667,-4.868,0.881,-10.976,-3.988,-13.643l-46.551,-25.492v-52.221h44.362c8.326,0.0,15.076,-6.75,15.076,-15.076c0.0,-5.044,-2.485,-9.496,-6.288,-12.233l14.026,3.27v99.103c0.0,12.07,9.785,21.855,21.855,21.855s21.855,-9.785,21.855,-21.855v-116.45c0.0,-10.16,-6.999,-18.979,-16.893,-21.285l-40.768,-9.504l0.512,-31.387l-41.722,-42.876l42.864,28.489c2.367,1.573,5.068,2.571,7.89,2.912l73.612,8.923c10.019,1.21,19.065,-5.932,20.272,-15.889C265.744,223.922,258.631,214.847,248.645,213.635z"">
   </path>
  </g>
 </g>
 <g>
  <g>
   <circle cx=""141.940"" cy=""108.147"" r=""40.197"">
   </circle>
  </g>
 </g>
 <g>
  <g>
   <path d=""M501.512,260.828H232.305c-7.586,0.0,-13.736,6.15,-13.736,13.736s6.15,13.736,13.736,13.736h6.68v149.468c0.0,8.317,6.742,15.06,15.06,15.06h0.06c8.317,0.0,15.06,-6.742,15.06,-15.06V288.3h196.372v149.468c0.0,8.317,6.742,15.06,15.06,15.06h0.06c8.317,0.0,15.06,-6.742,15.06,-15.06V288.3h5.792c7.586,0.0,13.736,-6.15,13.736,-13.736C515.248,266.978,509.098,260.828,501.512,260.828z"">
   </path>
  </g>
 </g>
 <g>
  <g>
   <path d=""M407.804,227.45h-20.489v-70.055l17.247,-42.213c2.099,-5.138,-0.364,-11.006,-5.503,-13.105c-5.137,-2.1,-11.006,0.365,-13.105,5.502c-15.214,37.235,-24.536,60.052,-39.599,96.916c-2.099,5.139,0.365,11.007,5.503,13.106c5.141,2.1,11.007,-0.366,13.105,-5.502l2.251,-5.508v30.909c0.0,5.551,4.499,10.05,10.05,10.05h30.539c5.551,0.0,10.05,-4.5,10.05,-10.05C417.854,231.949,413.354,227.45,407.804,227.45z"">
   </path>
  </g>
 </g>
 <g>
  <g>
   <path d=""M328.244,228.642H289.579c-5.551,0.0,-10.05,4.499,-10.05,10.05s4.499,10.05,10.05,10.05h38.665c5.551,0.0,10.05,-4.499,10.05,-10.05S333.795,228.642,328.244,228.642z"">
   </path>
  </g>
 </g>
</svg>


Question: What is the person holding in their hand?",book,pen,phone,microphone,D,human
111,"Examine the following SVG code carefully and answer the question based on your interpretation of the rendered image.

<svg id=""Layer_1"" style=""enable-background:new 0 0 511.998 511.998;"" version=""1.1"" viewbox=""0 0 511.998 511.998"" x=""0px"" xml:space=""preserve"" y=""0px"">
 <g>
  <g>
   <path d=""M248.645,213.635l-69.321,-8.403l-44.679,-29.696c3.975,0.977,14.954,4.171,26.681,8.76c-1.387,-4.78,-3.935,-9.194,-7.478,-12.82c-5.686,-5.818,-13.46,-9.122,-21.594,-9.18l-28.055,-0.201c-16.96,-0.122,-30.764,13.632,-30.717,30.582l0.283,103.442c0.022,8.114,3.277,15.883,9.043,21.592c4.068,4.026,9.151,6.786,14.64,8.045H59.112L33.12,193.529c-1.606,-8.17,-9.532,-13.489,-17.7,-11.885c-8.17,1.606,-13.491,9.531,-11.885,17.7L31.919,343.741c1.39,7.07,7.588,12.168,14.793,12.168H87.779v52.221L41.229,433.622c-4.868,2.667,-6.654,8.774,-3.988,13.643s8.772,6.655,13.643,3.988l46.947,-25.708l46.947,25.708c4.871,2.668,10.978,0.878,13.643,-3.988c2.667,-4.868,0.881,-10.976,-3.988,-13.643l-46.551,-25.492v-52.221h44.362c8.326,0.0,15.076,-6.75,15.076,-15.076c0.0,-5.044,-2.485,-9.496,-6.288,-12.233l14.026,3.27v99.103c0.0,12.07,9.785,21.855,21.855,21.855s21.855,-9.785,21.855,-21.855v-116.45c0.0,-10.16,-6.999,-18.979,-16.893,-21.285l-40.768,-9.504l0.512,-31.387l-41.722,-42.876l42.864,28.489c2.367,1.573,5.068,2.571,7.89,2.912l73.612,8.923c10.019,1.21,19.065,-5.932,20.272,-15.889C265.744,223.922,258.631,214.847,248.645,213.635z"">
   </path>
  </g>
 </g>
 <g>
  <g>
   <circle cx=""141.940"" cy=""108.147"" r=""40.197"">
   </circle>
  </g>
 </g>
 <g>
  <g>
   <path d=""M501.512,260.828H232.305c-7.586,0.0,-13.736,6.15,-13.736,13.736s6.15,13.736,13.736,13.736h6.68v149.468c0.0,8.317,6.742,15.06,15.06,15.06h0.06c8.317,0.0,15.06,-6.742,15.06,-15.06V288.3h196.372v149.468c0.0,8.317,6.742,15.06,15.06,15.06h0.06c8.317,0.0,15.06,-6.742,15.06,-15.06V288.3h5.792c7.586,0.0,13.736,-6.15,13.736,-13.736C515.248,266.978,509.098,260.828,501.512,260.828z"">
   </path>
  </g>
 </g>
 <g>
  <g>
   <path d=""M407.804,227.45h-20.489v-70.055l17.247,-42.213c2.099,-5.138,-0.364,-11.006,-5.503,-13.105c-5.137,-2.1,-11.006,0.365,-13.105,5.502c-15.214,37.235,-24.536,60.052,-39.599,96.916c-2.099,5.139,0.365,11.007,5.503,13.106c5.141,2.1,11.007,-0.366,13.105,-5.502l2.251,-5.508v30.909c0.0,5.551,4.499,10.05,10.05,10.05h30.539c5.551,0.0,10.05,-4.5,10.05,-10.05C417.854,231.949,413.354,227.45,407.804,227.45z"">
   </path>
  </g>
 </g>
 <g>
  <g>
   <path d=""M328.244,228.642H289.579c-5.551,0.0,-10.05,4.499,-10.05,10.05s4.499,10.05,10.05,10.05h38.665c5.551,0.0,10.05,-4.499,10.05,-10.05S333.795,228.642,328.244,228.642z"">
   </path>
  </g>
 </g>
</svg>


Question: What is the overall activity depicted in the image?",Cooking,Exercising,sport,desk,D,human
112,"Examine the following SVG code carefully and answer the question based on your interpretation of the rendered image.

<svg id=""Capa_1"" style=""enable-background:new 0 0 495.815 495.815;"" version=""1.1"" viewbox=""0 0 495.815 495.815"" x=""0px"" xml:space=""preserve"" y=""0px"">
 <g>
  <g>
   <path d=""M492.169,399.344c-19.876,-16.557,-43.646,-40.701,-47.388,-50.244c-3.998,-10.232,-4.503,-49.207,-2.479,-79.424c0.063,-0.867,0.271,-8.551,-0.256,-11.695l-6.807,-40.724c9.138,14.361,18.085,30.573,25.326,45.854c2.74,5.779,8.48,9.168,14.476,9.168c2.302,0.0,4.64,-0.492,6.839,-1.535c8.021,-3.771,11.424,-13.326,7.641,-21.322c-7.381,-15.603,-44.205,-89.739,-82.706,-105.603c-0.419,-0.141,-7.941,-3.474,-17.004,-4.287l-8.425,11.906l-11.559,-8.681c-0.017,0.019,-0.055,0.026,-0.101,0.049c-4.857,2.063,-12.373,7.379,-15.876,10.509c-7.111,6.191,-11.92,12.542,-16.146,18.146c-6.731,8.913,-10.434,13.817,-20.789,16.392c-16.479,4.124,-33.163,-7.656,-33.254,-7.718c-7.121,-5.259,-17.164,-3.739,-22.411,3.382c-0.523,0.725,-0.979,1.908,-1.37,2.938l-43.854,-21.997v-29.42h6.31c9.789,0.0,17.735,-7.299,17.735,-16.296c0.0,-8.993,-7.954,-16.292,-17.735,-16.292H21.345C11.568,102.45,3.629,109.749,3.629,118.742c0.0,8.997,7.938,16.296,17.716,16.296h6.065v153.188h84.91v137.772H80.157l-0.1,21.678h80.688l0.1,-21.678h-32.181V288.244h87.396l0.001,-118.665l42.438,21.455c-0.687,5.56,1.325,11.305,6.138,14.861c0.953,0.708,20.425,14.837,45.136,14.837c4.772,0.0,9.785,-0.544,14.872,-1.801c10.072,-2.509,17.451,-6.667,23.322,-11.422l11.021,65.854c0.686,3.988,2.022,7.613,3.884,10.854c-16.604,28.492,-45.354,86.191,-45.127,143.439c0.038,11.125,9.063,20.104,20.172,20.104c0.022,0.0,0.046,0.0,0.076,0.0c11.155,-0.045,20.146,-9.107,20.096,-20.264c-0.168,-48.516,26.408,-100.344,40.61,-124.521c0.729,0.0,1.469,-0.066,2.186,-0.098c-0.188,21.945,0.977,47.227,6.313,60.895c9.523,24.406,50.941,59.732,59.148,66.586c3.757,3.129,8.341,4.668,12.896,4.668c5.788,0.0,11.529,-2.469,15.535,-7.27C501.9,419.188,500.743,406.471,492.169,399.344zM210.786,283.369h-0.007H32.698V135.038h178.082v27.649l-27.082,-13.417l-1.557,4.606l28.632,13.943l0.016,115.549h-0.003V283.369zM394.974,231.938l-0.186,0.035l-12.039,-11.8l-1.202,-67.225l0.197,-0.03l20.804,63.95L394.974,231.938z"" style=""fill:#010002;"">
   </path>
   <path d=""M372.47,139.436c22.784,0.0,41.251,-18.469,41.251,-41.25c0.0,-22.78,-18.467,-41.25,-41.251,-41.25c-22.773,0.0,-41.249,18.47,-41.249,41.25C331.221,120.967,349.693,139.436,372.47,139.436z"" style=""fill:#010002;"">
   </path>
   <path d=""M165.452,167.78c-6.205,0.0,-11.235,5.03,-11.235,11.235c0.0,3.247,1.386,6.164,3.588,8.215l-11.317,24.322c-1.429,-0.12,-2.878,0.054,-4.255,0.497l-20.816,-26.546c0.677,-1.46,1.02,-2.997,1.02,-4.584c0.0,-6.188,-5.036,-11.224,-11.225,-11.224c-6.187,0.0,-11.22,5.035,-11.22,11.224c0.0,2.109,0.63,4.202,1.794,6.014l-23.915,25.495c-1.383,-0.601,-2.824,-0.904,-4.296,-0.904c-6.189,0.0,-11.224,5.032,-11.224,11.217c0.0,6.189,5.035,11.225,11.224,11.225c6.189,0.0,11.225,-5.035,11.225,-11.225c0.0,-1.708,-0.406,-3.397,-1.183,-4.947l24.508,-26.099c2.533,0.752,5.275,0.555,7.71,-0.571l20.242,25.814c-1.091,1.771,-1.663,3.759,-1.663,5.811c0.0,6.189,5.035,11.225,11.224,11.225c6.181,0.0,11.209,-5.035,11.209,-11.225c0.0,-2.928,-1.168,-5.718,-3.241,-7.817l11.493,-24.698c0.118,0.003,0.234,0.018,0.353,0.018c6.205,0.0,11.235,-5.03,11.235,-11.235S171.657,167.78,165.452,167.78z"" style=""fill:#010002;"">
   </path>
  </g>
 </g>
</svg>


Question: What is the person in the image holding?",pointer,book,laptop,microphone,A,human
113,"Examine the following SVG code carefully and answer the question based on your interpretation of the rendered image.

<svg id=""Capa_1"" style=""enable-background:new 0 0 495.815 495.815;"" version=""1.1"" viewbox=""0 0 495.815 495.815"" x=""0px"" xml:space=""preserve"" y=""0px"">
 <g>
  <g>
   <path d=""M492.169,399.344c-19.876,-16.557,-43.646,-40.701,-47.388,-50.244c-3.998,-10.232,-4.503,-49.207,-2.479,-79.424c0.063,-0.867,0.271,-8.551,-0.256,-11.695l-6.807,-40.724c9.138,14.361,18.085,30.573,25.326,45.854c2.74,5.779,8.48,9.168,14.476,9.168c2.302,0.0,4.64,-0.492,6.839,-1.535c8.021,-3.771,11.424,-13.326,7.641,-21.322c-7.381,-15.603,-44.205,-89.739,-82.706,-105.603c-0.419,-0.141,-7.941,-3.474,-17.004,-4.287l-8.425,11.906l-11.559,-8.681c-0.017,0.019,-0.055,0.026,-0.101,0.049c-4.857,2.063,-12.373,7.379,-15.876,10.509c-7.111,6.191,-11.92,12.542,-16.146,18.146c-6.731,8.913,-10.434,13.817,-20.789,16.392c-16.479,4.124,-33.163,-7.656,-33.254,-7.718c-7.121,-5.259,-17.164,-3.739,-22.411,3.382c-0.523,0.725,-0.979,1.908,-1.37,2.938l-43.854,-21.997v-29.42h6.31c9.789,0.0,17.735,-7.299,17.735,-16.296c0.0,-8.993,-7.954,-16.292,-17.735,-16.292H21.345C11.568,102.45,3.629,109.749,3.629,118.742c0.0,8.997,7.938,16.296,17.716,16.296h6.065v153.188h84.91v137.772H80.157l-0.1,21.678h80.688l0.1,-21.678h-32.181V288.244h87.396l0.001,-118.665l42.438,21.455c-0.687,5.56,1.325,11.305,6.138,14.861c0.953,0.708,20.425,14.837,45.136,14.837c4.772,0.0,9.785,-0.544,14.872,-1.801c10.072,-2.509,17.451,-6.667,23.322,-11.422l11.021,65.854c0.686,3.988,2.022,7.613,3.884,10.854c-16.604,28.492,-45.354,86.191,-45.127,143.439c0.038,11.125,9.063,20.104,20.172,20.104c0.022,0.0,0.046,0.0,0.076,0.0c11.155,-0.045,20.146,-9.107,20.096,-20.264c-0.168,-48.516,26.408,-100.344,40.61,-124.521c0.729,0.0,1.469,-0.066,2.186,-0.098c-0.188,21.945,0.977,47.227,6.313,60.895c9.523,24.406,50.941,59.732,59.148,66.586c3.757,3.129,8.341,4.668,12.896,4.668c5.788,0.0,11.529,-2.469,15.535,-7.27C501.9,419.188,500.743,406.471,492.169,399.344zM210.786,283.369h-0.007H32.698V135.038h178.082v27.649l-27.082,-13.417l-1.557,4.606l28.632,13.943l0.016,115.549h-0.003V283.369zM394.974,231.938l-0.186,0.035l-12.039,-11.8l-1.202,-67.225l0.197,-0.03l20.804,63.95L394.974,231.938z"" style=""fill:#010002;"">
   </path>
   <path d=""M372.47,139.436c22.784,0.0,41.251,-18.469,41.251,-41.25c0.0,-22.78,-18.467,-41.25,-41.251,-41.25c-22.773,0.0,-41.249,18.47,-41.249,41.25C331.221,120.967,349.693,139.436,372.47,139.436z"" style=""fill:#010002;"">
   </path>
   <path d=""M165.452,167.78c-6.205,0.0,-11.235,5.03,-11.235,11.235c0.0,3.247,1.386,6.164,3.588,8.215l-11.317,24.322c-1.429,-0.12,-2.878,0.054,-4.255,0.497l-20.816,-26.546c0.677,-1.46,1.02,-2.997,1.02,-4.584c0.0,-6.188,-5.036,-11.224,-11.225,-11.224c-6.187,0.0,-11.22,5.035,-11.22,11.224c0.0,2.109,0.63,4.202,1.794,6.014l-23.915,25.495c-1.383,-0.601,-2.824,-0.904,-4.296,-0.904c-6.189,0.0,-11.224,5.032,-11.224,11.217c0.0,6.189,5.035,11.225,11.224,11.225c6.189,0.0,11.225,-5.035,11.225,-11.225c0.0,-1.708,-0.406,-3.397,-1.183,-4.947l24.508,-26.099c2.533,0.752,5.275,0.555,7.71,-0.571l20.242,25.814c-1.091,1.771,-1.663,3.759,-1.663,5.811c0.0,6.189,5.035,11.225,11.224,11.225c6.181,0.0,11.209,-5.035,11.209,-11.225c0.0,-2.928,-1.168,-5.718,-3.241,-7.817l11.493,-24.698c0.118,0.003,0.234,0.018,0.353,0.018c6.205,0.0,11.235,-5.03,11.235,-11.235S171.657,167.78,165.452,167.78z"" style=""fill:#010002;"">
   </path>
  </g>
 </g>
</svg>


Question: What is displayed on the board in the image?",map,graph,text,picture,B,human
114,"Examine the following SVG code carefully and answer the question based on your interpretation of the rendered image.

<svg id=""Capa_1"" style=""enable-background:new 0 0 495.815 495.815;"" version=""1.1"" viewbox=""0 0 495.815 495.815"" x=""0px"" xml:space=""preserve"" y=""0px"">
 <g>
  <g>
   <path d=""M492.169,399.344c-19.876,-16.557,-43.646,-40.701,-47.388,-50.244c-3.998,-10.232,-4.503,-49.207,-2.479,-79.424c0.063,-0.867,0.271,-8.551,-0.256,-11.695l-6.807,-40.724c9.138,14.361,18.085,30.573,25.326,45.854c2.74,5.779,8.48,9.168,14.476,9.168c2.302,0.0,4.64,-0.492,6.839,-1.535c8.021,-3.771,11.424,-13.326,7.641,-21.322c-7.381,-15.603,-44.205,-89.739,-82.706,-105.603c-0.419,-0.141,-7.941,-3.474,-17.004,-4.287l-8.425,11.906l-11.559,-8.681c-0.017,0.019,-0.055,0.026,-0.101,0.049c-4.857,2.063,-12.373,7.379,-15.876,10.509c-7.111,6.191,-11.92,12.542,-16.146,18.146c-6.731,8.913,-10.434,13.817,-20.789,16.392c-16.479,4.124,-33.163,-7.656,-33.254,-7.718c-7.121,-5.259,-17.164,-3.739,-22.411,3.382c-0.523,0.725,-0.979,1.908,-1.37,2.938l-43.854,-21.997v-29.42h6.31c9.789,0.0,17.735,-7.299,17.735,-16.296c0.0,-8.993,-7.954,-16.292,-17.735,-16.292H21.345C11.568,102.45,3.629,109.749,3.629,118.742c0.0,8.997,7.938,16.296,17.716,16.296h6.065v153.188h84.91v137.772H80.157l-0.1,21.678h80.688l0.1,-21.678h-32.181V288.244h87.396l0.001,-118.665l42.438,21.455c-0.687,5.56,1.325,11.305,6.138,14.861c0.953,0.708,20.425,14.837,45.136,14.837c4.772,0.0,9.785,-0.544,14.872,-1.801c10.072,-2.509,17.451,-6.667,23.322,-11.422l11.021,65.854c0.686,3.988,2.022,7.613,3.884,10.854c-16.604,28.492,-45.354,86.191,-45.127,143.439c0.038,11.125,9.063,20.104,20.172,20.104c0.022,0.0,0.046,0.0,0.076,0.0c11.155,-0.045,20.146,-9.107,20.096,-20.264c-0.168,-48.516,26.408,-100.344,40.61,-124.521c0.729,0.0,1.469,-0.066,2.186,-0.098c-0.188,21.945,0.977,47.227,6.313,60.895c9.523,24.406,50.941,59.732,59.148,66.586c3.757,3.129,8.341,4.668,12.896,4.668c5.788,0.0,11.529,-2.469,15.535,-7.27C501.9,419.188,500.743,406.471,492.169,399.344zM210.786,283.369h-0.007H32.698V135.038h178.082v27.649l-27.082,-13.417l-1.557,4.606l28.632,13.943l0.016,115.549h-0.003V283.369zM394.974,231.938l-0.186,0.035l-12.039,-11.8l-1.202,-67.225l0.197,-0.03l20.804,63.95L394.974,231.938z"" style=""fill:#010002;"">
   </path>
   <path d=""M372.47,139.436c22.784,0.0,41.251,-18.469,41.251,-41.25c0.0,-22.78,-18.467,-41.25,-41.251,-41.25c-22.773,0.0,-41.249,18.47,-41.249,41.25C331.221,120.967,349.693,139.436,372.47,139.436z"" style=""fill:#010002;"">
   </path>
   <path d=""M165.452,167.78c-6.205,0.0,-11.235,5.03,-11.235,11.235c0.0,3.247,1.386,6.164,3.588,8.215l-11.317,24.322c-1.429,-0.12,-2.878,0.054,-4.255,0.497l-20.816,-26.546c0.677,-1.46,1.02,-2.997,1.02,-4.584c0.0,-6.188,-5.036,-11.224,-11.225,-11.224c-6.187,0.0,-11.22,5.035,-11.22,11.224c0.0,2.109,0.63,4.202,1.794,6.014l-23.915,25.495c-1.383,-0.601,-2.824,-0.904,-4.296,-0.904c-6.189,0.0,-11.224,5.032,-11.224,11.217c0.0,6.189,5.035,11.225,11.224,11.225c6.189,0.0,11.225,-5.035,11.225,-11.225c0.0,-1.708,-0.406,-3.397,-1.183,-4.947l24.508,-26.099c2.533,0.752,5.275,0.555,7.71,-0.571l20.242,25.814c-1.091,1.771,-1.663,3.759,-1.663,5.811c0.0,6.189,5.035,11.225,11.224,11.225c6.181,0.0,11.209,-5.035,11.209,-11.225c0.0,-2.928,-1.168,-5.718,-3.241,-7.817l11.493,-24.698c0.118,0.003,0.234,0.018,0.353,0.018c6.205,0.0,11.235,-5.03,11.235,-11.235S171.657,167.78,165.452,167.78z"" style=""fill:#010002;"">
   </path>
  </g>
 </g>
</svg>


Question: What is the person in the image wearing around their neck?",scarf,necklace,bowtie,tie,D,human
115,"Examine the following SVG code carefully and answer the question based on your interpretation of the rendered image.

<svg id=""Capa_1"" style=""enable-background:new 0 0 495.815 495.815;"" version=""1.1"" viewbox=""0 0 495.815 495.815"" x=""0px"" xml:space=""preserve"" y=""0px"">
 <g>
  <g>
   <path d=""M492.169,399.344c-19.876,-16.557,-43.646,-40.701,-47.388,-50.244c-3.998,-10.232,-4.503,-49.207,-2.479,-79.424c0.063,-0.867,0.271,-8.551,-0.256,-11.695l-6.807,-40.724c9.138,14.361,18.085,30.573,25.326,45.854c2.74,5.779,8.48,9.168,14.476,9.168c2.302,0.0,4.64,-0.492,6.839,-1.535c8.021,-3.771,11.424,-13.326,7.641,-21.322c-7.381,-15.603,-44.205,-89.739,-82.706,-105.603c-0.419,-0.141,-7.941,-3.474,-17.004,-4.287l-8.425,11.906l-11.559,-8.681c-0.017,0.019,-0.055,0.026,-0.101,0.049c-4.857,2.063,-12.373,7.379,-15.876,10.509c-7.111,6.191,-11.92,12.542,-16.146,18.146c-6.731,8.913,-10.434,13.817,-20.789,16.392c-16.479,4.124,-33.163,-7.656,-33.254,-7.718c-7.121,-5.259,-17.164,-3.739,-22.411,3.382c-0.523,0.725,-0.979,1.908,-1.37,2.938l-43.854,-21.997v-29.42h6.31c9.789,0.0,17.735,-7.299,17.735,-16.296c0.0,-8.993,-7.954,-16.292,-17.735,-16.292H21.345C11.568,102.45,3.629,109.749,3.629,118.742c0.0,8.997,7.938,16.296,17.716,16.296h6.065v153.188h84.91v137.772H80.157l-0.1,21.678h80.688l0.1,-21.678h-32.181V288.244h87.396l0.001,-118.665l42.438,21.455c-0.687,5.56,1.325,11.305,6.138,14.861c0.953,0.708,20.425,14.837,45.136,14.837c4.772,0.0,9.785,-0.544,14.872,-1.801c10.072,-2.509,17.451,-6.667,23.322,-11.422l11.021,65.854c0.686,3.988,2.022,7.613,3.884,10.854c-16.604,28.492,-45.354,86.191,-45.127,143.439c0.038,11.125,9.063,20.104,20.172,20.104c0.022,0.0,0.046,0.0,0.076,0.0c11.155,-0.045,20.146,-9.107,20.096,-20.264c-0.168,-48.516,26.408,-100.344,40.61,-124.521c0.729,0.0,1.469,-0.066,2.186,-0.098c-0.188,21.945,0.977,47.227,6.313,60.895c9.523,24.406,50.941,59.732,59.148,66.586c3.757,3.129,8.341,4.668,12.896,4.668c5.788,0.0,11.529,-2.469,15.535,-7.27C501.9,419.188,500.743,406.471,492.169,399.344zM210.786,283.369h-0.007H32.698V135.038h178.082v27.649l-27.082,-13.417l-1.557,4.606l28.632,13.943l0.016,115.549h-0.003V283.369zM394.974,231.938l-0.186,0.035l-12.039,-11.8l-1.202,-67.225l0.197,-0.03l20.804,63.95L394.974,231.938z"" style=""fill:#010002;"">
   </path>
   <path d=""M372.47,139.436c22.784,0.0,41.251,-18.469,41.251,-41.25c0.0,-22.78,-18.467,-41.25,-41.251,-41.25c-22.773,0.0,-41.249,18.47,-41.249,41.25C331.221,120.967,349.693,139.436,372.47,139.436z"" style=""fill:#010002;"">
   </path>
   <path d=""M165.452,167.78c-6.205,0.0,-11.235,5.03,-11.235,11.235c0.0,3.247,1.386,6.164,3.588,8.215l-11.317,24.322c-1.429,-0.12,-2.878,0.054,-4.255,0.497l-20.816,-26.546c0.677,-1.46,1.02,-2.997,1.02,-4.584c0.0,-6.188,-5.036,-11.224,-11.225,-11.224c-6.187,0.0,-11.22,5.035,-11.22,11.224c0.0,2.109,0.63,4.202,1.794,6.014l-23.915,25.495c-1.383,-0.601,-2.824,-0.904,-4.296,-0.904c-6.189,0.0,-11.224,5.032,-11.224,11.217c0.0,6.189,5.035,11.225,11.224,11.225c6.189,0.0,11.225,-5.035,11.225,-11.225c0.0,-1.708,-0.406,-3.397,-1.183,-4.947l24.508,-26.099c2.533,0.752,5.275,0.555,7.71,-0.571l20.242,25.814c-1.091,1.771,-1.663,3.759,-1.663,5.811c0.0,6.189,5.035,11.225,11.224,11.225c6.181,0.0,11.209,-5.035,11.209,-11.225c0.0,-2.928,-1.168,-5.718,-3.241,-7.817l11.493,-24.698c0.118,0.003,0.234,0.018,0.353,0.018c6.205,0.0,11.235,-5.03,11.235,-11.235S171.657,167.78,165.452,167.78z"" style=""fill:#010002;"">
   </path>
  </g>
 </g>
</svg>


Question: What is the person in the image doing?",Running,Dancing,Sleeping,Presenting,D,human
120,"Examine the following SVG code carefully and answer the question based on your interpretation of the rendered image.

<svg id=""Capa_1"" style=""enable-background:new 0 0 480.545 480.545;"" version=""1.1"" viewbox=""0 0 480.545 480.545"" x=""0px"" xml:space=""preserve"" y=""0px"">
 <g>
  <g>
   <g>
    <path d=""M246.746,167.899c45.105,0.0,81.773,-36.692,81.773,-81.773C328.519,40.996,291.851,4.255,246.746,4.255c-45.081,0.0,-81.773,36.741,-81.773,81.871C164.972,131.215,201.665,167.899,246.746,167.899zM246.746,15.464c38.903,0.0,70.564,31.693,70.564,70.662c0.0,38.895,-31.661,70.548,-70.564,70.548c-38.92,0.0,-70.572,-31.653,-70.572,-70.548C176.182,47.158,207.826,15.464,246.746,15.464z"" style=""fill:#010002;"">
    </path>
   </g>
   <g>
    <path d=""M97.367,410.919l-4.812,0.024c-6.812,0.0,-12.168,-1.967,-15.932,-5.828c-6.901,-7.08,-6.812,-18.46,-6.804,-18.81l0.252,-126.456c0.179,-1.756,3.674,-29.442,30.848,-48.373L97.367,410.919zM108.576,410.489l3.682,-205.206c7.812,-2.691,28.735,-8.925,58.851,-11.112l44.171,165.758c8.519,19.549,15.144,44.341,11.437,50.023c-0.187,0.26,-0.35,0.528,-1.406,0.528H108.576V410.489zM417.739,458.26c0.0,14.64,-11.908,26.54,-26.515,26.54c-14.64,0.0,-26.548,-11.9,-26.548,-26.824l-0.057,-5.592V252.932h-12.811l0.098,227.803l-200.768,-0.146l0.033,-58.908h74.133h23.508c19.183,0.0,34.798,-15.623,34.798,-34.815s-15.615,-34.79,-34.798,-34.79h-24.093l-42.082,-158.19h136.828c3.829,-0.024,91.788,-0.26,98.283,76.709v187.664H417.739zM228.749,363.286h20.061c13.014,0.0,23.589,10.583,23.589,23.581c0.0,13.038,-10.583,23.613,-23.589,23.613l-10.616,0.024C240.991,397.45,233.708,375.772,228.749,363.286z"" style=""fill:#010002;"">
    </path>
   </g>
  </g>
 </g>
</svg>


Question: What shape is the head of the object?",Square,Triangle,Circle,Hexagon,C,human
121,"Examine the following SVG code carefully and answer the question based on your interpretation of the rendered image.

<svg id=""Capa_1"" style=""enable-background:new 0 0 480.545 480.545;"" version=""1.1"" viewbox=""0 0 480.545 480.545"" x=""0px"" xml:space=""preserve"" y=""0px"">
 <g>
  <g>
   <g>
    <path d=""M246.746,167.899c45.105,0.0,81.773,-36.692,81.773,-81.773C328.519,40.996,291.851,4.255,246.746,4.255c-45.081,0.0,-81.773,36.741,-81.773,81.871C164.972,131.215,201.665,167.899,246.746,167.899zM246.746,15.464c38.903,0.0,70.564,31.693,70.564,70.662c0.0,38.895,-31.661,70.548,-70.564,70.548c-38.92,0.0,-70.572,-31.653,-70.572,-70.548C176.182,47.158,207.826,15.464,246.746,15.464z"" style=""fill:#010002;"">
    </path>
   </g>
   <g>
    <path d=""M97.367,410.919l-4.812,0.024c-6.812,0.0,-12.168,-1.967,-15.932,-5.828c-6.901,-7.08,-6.812,-18.46,-6.804,-18.81l0.252,-126.456c0.179,-1.756,3.674,-29.442,30.848,-48.373L97.367,410.919zM108.576,410.489l3.682,-205.206c7.812,-2.691,28.735,-8.925,58.851,-11.112l44.171,165.758c8.519,19.549,15.144,44.341,11.437,50.023c-0.187,0.26,-0.35,0.528,-1.406,0.528H108.576V410.489zM417.739,458.26c0.0,14.64,-11.908,26.54,-26.515,26.54c-14.64,0.0,-26.548,-11.9,-26.548,-26.824l-0.057,-5.592V252.932h-12.811l0.098,227.803l-200.768,-0.146l0.033,-58.908h74.133h23.508c19.183,0.0,34.798,-15.623,34.798,-34.815s-15.615,-34.79,-34.798,-34.79h-24.093l-42.082,-158.19h136.828c3.829,-0.024,91.788,-0.26,98.283,76.709v187.664H417.739zM228.749,363.286h20.061c13.014,0.0,23.589,10.583,23.589,23.581c0.0,13.038,-10.583,23.613,-23.589,23.613l-10.616,0.024C240.991,397.45,233.708,375.772,228.749,363.286z"" style=""fill:#010002;"">
    </path>
   </g>
  </g>
 </g>
</svg>


Question: What is the object on the left side of the figure?",book,sling,hat,bag,B,human
122,"Examine the following SVG code carefully and answer the question based on your interpretation of the rendered image.

<svg id=""Capa_1"" style=""enable-background:new 0 0 480.545 480.545;"" version=""1.1"" viewbox=""0 0 480.545 480.545"" x=""0px"" xml:space=""preserve"" y=""0px"">
 <g>
  <g>
   <g>
    <path d=""M246.746,167.899c45.105,0.0,81.773,-36.692,81.773,-81.773C328.519,40.996,291.851,4.255,246.746,4.255c-45.081,0.0,-81.773,36.741,-81.773,81.871C164.972,131.215,201.665,167.899,246.746,167.899zM246.746,15.464c38.903,0.0,70.564,31.693,70.564,70.662c0.0,38.895,-31.661,70.548,-70.564,70.548c-38.92,0.0,-70.572,-31.653,-70.572,-70.548C176.182,47.158,207.826,15.464,246.746,15.464z"" style=""fill:#010002;"">
    </path>
   </g>
   <g>
    <path d=""M97.367,410.919l-4.812,0.024c-6.812,0.0,-12.168,-1.967,-15.932,-5.828c-6.901,-7.08,-6.812,-18.46,-6.804,-18.81l0.252,-126.456c0.179,-1.756,3.674,-29.442,30.848,-48.373L97.367,410.919zM108.576,410.489l3.682,-205.206c7.812,-2.691,28.735,-8.925,58.851,-11.112l44.171,165.758c8.519,19.549,15.144,44.341,11.437,50.023c-0.187,0.26,-0.35,0.528,-1.406,0.528H108.576V410.489zM417.739,458.26c0.0,14.64,-11.908,26.54,-26.515,26.54c-14.64,0.0,-26.548,-11.9,-26.548,-26.824l-0.057,-5.592V252.932h-12.811l0.098,227.803l-200.768,-0.146l0.033,-58.908h74.133h23.508c19.183,0.0,34.798,-15.623,34.798,-34.815s-15.615,-34.79,-34.798,-34.79h-24.093l-42.082,-158.19h136.828c3.829,-0.024,91.788,-0.26,98.283,76.709v187.664H417.739zM228.749,363.286h20.061c13.014,0.0,23.589,10.583,23.589,23.581c0.0,13.038,-10.583,23.613,-23.589,23.613l-10.616,0.024C240.991,397.45,233.708,375.772,228.749,363.286z"" style=""fill:#010002;"">
    </path>
   </g>
  </g>
 </g>
</svg>


Question: What is the color of the object?",Red,Blue,Green,Black,D,human
123,"Examine the following SVG code carefully and answer the question based on your interpretation of the rendered image.

<svg id=""Capa_1"" style=""enable-background:new 0 0 480.545 480.545;"" version=""1.1"" viewbox=""0 0 480.545 480.545"" x=""0px"" xml:space=""preserve"" y=""0px"">
 <g>
  <g>
   <g>
    <path d=""M246.746,167.899c45.105,0.0,81.773,-36.692,81.773,-81.773C328.519,40.996,291.851,4.255,246.746,4.255c-45.081,0.0,-81.773,36.741,-81.773,81.871C164.972,131.215,201.665,167.899,246.746,167.899zM246.746,15.464c38.903,0.0,70.564,31.693,70.564,70.662c0.0,38.895,-31.661,70.548,-70.564,70.548c-38.92,0.0,-70.572,-31.653,-70.572,-70.548C176.182,47.158,207.826,15.464,246.746,15.464z"" style=""fill:#010002;"">
    </path>
   </g>
   <g>
    <path d=""M97.367,410.919l-4.812,0.024c-6.812,0.0,-12.168,-1.967,-15.932,-5.828c-6.901,-7.08,-6.812,-18.46,-6.804,-18.81l0.252,-126.456c0.179,-1.756,3.674,-29.442,30.848,-48.373L97.367,410.919zM108.576,410.489l3.682,-205.206c7.812,-2.691,28.735,-8.925,58.851,-11.112l44.171,165.758c8.519,19.549,15.144,44.341,11.437,50.023c-0.187,0.26,-0.35,0.528,-1.406,0.528H108.576V410.489zM417.739,458.26c0.0,14.64,-11.908,26.54,-26.515,26.54c-14.64,0.0,-26.548,-11.9,-26.548,-26.824l-0.057,-5.592V252.932h-12.811l0.098,227.803l-200.768,-0.146l0.033,-58.908h74.133h23.508c19.183,0.0,34.798,-15.623,34.798,-34.815s-15.615,-34.79,-34.798,-34.79h-24.093l-42.082,-158.19h136.828c3.829,-0.024,91.788,-0.26,98.283,76.709v187.664H417.739zM228.749,363.286h20.061c13.014,0.0,23.589,10.583,23.589,23.581c0.0,13.038,-10.583,23.613,-23.589,23.613l-10.616,0.024C240.991,397.45,233.708,375.772,228.749,363.286z"" style=""fill:#010002;"">
    </path>
   </g>
  </g>
 </g>
</svg>


Question: What does the whole object represent?",leg,arm,hat,bag,B,human
152,"Examine the following SVG code carefully and answer the question based on your interpretation of the rendered image.

<svg id=""Capa_1"" style=""enable-background:new 0 0 342.529 342.529;"" version=""1.1"" viewbox=""0 0 342.529 342.529"" x=""0px"" xml:space=""preserve"" y=""0px"">
 <g>
  <g>
   <path d=""M124.035,94.223c-0.523,-0.369,-1.055,-0.723,-1.592,-1.066c5.592,-5.475,9.07,-13.1,9.07,-21.525c0.0,-2.514,-0.314,-4.957,-0.896,-7.293l21.73,-13.221c2.139,-1.301,3.486,-3.582,3.596,-6.082c0.107,-2.5,-1.037,-4.891,-3.055,-6.371L105.849,4.124c-2.574,-1.922,-6.197,-2.033,-8.922,-0.033L49.843,38.665c-2.017,1.48,-3.162,3.871,-3.054,6.371c0.108,2.5,1.457,4.781,3.595,6.082l21.732,13.221c-0.583,2.336,-0.897,4.779,-0.897,7.293c0.0,8.426,3.479,16.051,9.07,21.525c-0.533,0.344,-1.062,0.693,-1.583,1.061c-6.892,4.4,-46.636,33.035,-48.077,108.654c-0.043,2.268,0.942,4.434,2.68,5.891l21.243,17.812v85.182c0.0,4.142,3.357,7.5,7.5,7.5h4.149c-1.939,5.18,-3.034,11.449,-3.034,18.408c0.0,4.143,3.357,7.5,7.5,7.5h61.399c4.143,0.0,7.5,-3.357,7.5,-7.5c0.0,-6.961,-1.1,-13.227,-3.039,-18.408h4.154c4.143,0.0,7.5,-3.358,7.5,-7.5v-85.182l21.242,-17.812c1.738,-1.457,2.723,-3.623,2.68,-5.891C170.664,127.282,130.949,98.641,124.035,94.223zM54.552,206.999l-8.825,-7.4c0.728,-19.463,4.281,-35.186,8.825,-47.615V206.999zM67.751,44.126l33.616,-24.685l33.615,24.685l-11.531,7.014c-5.51,-5.932,-13.369,-9.654,-22.086,-9.654c-8.715,0.0,-16.574,3.723,-22.083,9.654L67.751,44.126zM116.513,71.632c0.0,8.352,-6.795,15.145,-15.148,15.145c-8.351,0.0,-15.146,-6.793,-15.146,-15.145c0.0,-8.352,6.795,-15.146,15.146,-15.146C109.718,56.485,116.513,63.28,116.513,71.632zM78.797,330.165c1.131,-6.4,3.496,-10.182,4.706,-10.908h5.028c1.21,0.726,3.575,4.508,4.706,10.908H78.797zM93.866,304.257H69.552V146.137c0.0,-14.141,4.773,-26.752,12.188,-34.879l12.126,18.42V304.257zM101.367,113.794l-7.154,-10.867c2.3,-0.744,4.693,-1.15,7.154,-1.15c2.461,0.0,4.854,0.406,7.154,1.15L101.367,113.794zM109.498,330.165c1.131,-6.4,3.496,-10.182,4.705,-10.908h5.029c1.209,0.726,3.574,4.51,4.703,10.908H109.498zM133.181,304.257h-24.314V129.68l12.119,-18.412c7.416,8.127,12.195,20.729,12.195,34.869V304.257zM148.181,206.999v-55.131c4.643,12.654,8.107,28.389,8.824,47.73L148.181,206.999z"">
   </path>
   <g>
    <path d=""M269.512,94.223c-0.523,-0.369,-1.057,-0.723,-1.592,-1.066c5.592,-5.475,9.07,-13.1,9.07,-21.525c0.0,-2.514,-0.314,-4.957,-0.898,-7.293l21.732,-13.221c2.137,-1.301,3.486,-3.582,3.594,-6.082c0.109,-2.5,-1.037,-4.891,-3.053,-6.371L251.326,4.124c-2.574,-1.922,-6.199,-2.033,-8.924,-0.033l-47.084,34.574c-2.016,1.48,-3.162,3.871,-3.053,6.371c0.108,2.5,1.457,4.781,3.594,6.082l21.732,13.221c-0.582,2.336,-0.896,4.779,-0.896,7.293c0.0,8.426,3.479,16.051,9.07,21.525c-0.533,0.344,-1.063,0.693,-1.584,1.061c-6.891,4.4,-46.635,33.035,-48.076,108.654c-0.043,2.268,0.941,4.434,2.68,5.891l21.242,17.812v85.182c0.0,4.142,3.357,7.5,7.5,7.5h4.15c-1.939,5.18,-3.035,11.449,-3.035,18.408c0.0,4.143,3.357,7.5,7.5,7.5h61.398c4.143,0.0,7.5,-3.357,7.5,-7.5c0.0,-6.961,-1.098,-13.227,-3.039,-18.408h4.154c4.143,0.0,7.5,-3.358,7.5,-7.5v-85.182l21.244,-17.812c1.736,-1.457,2.723,-3.623,2.68,-5.891C316.141,127.282,276.426,98.641,269.512,94.223zM200.027,206.999l-8.824,-7.4c0.727,-19.463,4.281,-35.186,8.824,-47.615V206.999zM213.227,44.126l33.615,-24.685l33.615,24.685l-11.529,7.014c-5.51,-5.932,-13.371,-9.654,-22.086,-9.654c-8.717,0.0,-16.574,3.723,-22.084,9.654L213.227,44.126zM261.99,71.632c0.0,8.352,-6.797,15.145,-15.148,15.145c-8.352,0.0,-15.146,-6.793,-15.146,-15.145c0.0,-8.352,6.795,-15.146,15.146,-15.146C255.193,56.485,261.99,63.28,261.99,71.632zM224.273,330.165c1.131,-6.4,3.496,-10.182,4.705,-10.908h5.029c1.209,0.726,3.574,4.508,4.705,10.908H224.273zM239.342,304.257h-24.314V146.137c0.0,-14.141,4.773,-26.752,12.189,-34.879l12.125,18.42V304.257zM246.844,113.794l-7.154,-10.867c2.301,-0.744,4.693,-1.15,7.154,-1.15c2.461,0.0,4.852,0.406,7.152,1.15L246.844,113.794zM254.973,330.165c1.131,-6.4,3.496,-10.182,4.707,-10.908h5.027c1.209,0.726,3.574,4.51,4.705,10.908H254.973zM278.656,304.257h-24.314V129.68l12.121,-18.412c7.416,8.127,12.193,20.729,12.193,34.869V304.257zM293.656,206.999v-55.131c4.645,12.654,8.109,28.389,8.826,47.73L293.656,206.999z"">
    </path>
   </g>
  </g>
 </g>
</svg>


Question: How many figures are present in the image?",One,Two,Three,Four,B,human
153,"Examine the following SVG code carefully and answer the question based on your interpretation of the rendered image.

<svg id=""Capa_1"" style=""enable-background:new 0 0 342.529 342.529;"" version=""1.1"" viewbox=""0 0 342.529 342.529"" x=""0px"" xml:space=""preserve"" y=""0px"">
 <g>
  <g>
   <path d=""M124.035,94.223c-0.523,-0.369,-1.055,-0.723,-1.592,-1.066c5.592,-5.475,9.07,-13.1,9.07,-21.525c0.0,-2.514,-0.314,-4.957,-0.896,-7.293l21.73,-13.221c2.139,-1.301,3.486,-3.582,3.596,-6.082c0.107,-2.5,-1.037,-4.891,-3.055,-6.371L105.849,4.124c-2.574,-1.922,-6.197,-2.033,-8.922,-0.033L49.843,38.665c-2.017,1.48,-3.162,3.871,-3.054,6.371c0.108,2.5,1.457,4.781,3.595,6.082l21.732,13.221c-0.583,2.336,-0.897,4.779,-0.897,7.293c0.0,8.426,3.479,16.051,9.07,21.525c-0.533,0.344,-1.062,0.693,-1.583,1.061c-6.892,4.4,-46.636,33.035,-48.077,108.654c-0.043,2.268,0.942,4.434,2.68,5.891l21.243,17.812v85.182c0.0,4.142,3.357,7.5,7.5,7.5h4.149c-1.939,5.18,-3.034,11.449,-3.034,18.408c0.0,4.143,3.357,7.5,7.5,7.5h61.399c4.143,0.0,7.5,-3.357,7.5,-7.5c0.0,-6.961,-1.1,-13.227,-3.039,-18.408h4.154c4.143,0.0,7.5,-3.358,7.5,-7.5v-85.182l21.242,-17.812c1.738,-1.457,2.723,-3.623,2.68,-5.891C170.664,127.282,130.949,98.641,124.035,94.223zM54.552,206.999l-8.825,-7.4c0.728,-19.463,4.281,-35.186,8.825,-47.615V206.999zM67.751,44.126l33.616,-24.685l33.615,24.685l-11.531,7.014c-5.51,-5.932,-13.369,-9.654,-22.086,-9.654c-8.715,0.0,-16.574,3.723,-22.083,9.654L67.751,44.126zM116.513,71.632c0.0,8.352,-6.795,15.145,-15.148,15.145c-8.351,0.0,-15.146,-6.793,-15.146,-15.145c0.0,-8.352,6.795,-15.146,15.146,-15.146C109.718,56.485,116.513,63.28,116.513,71.632zM78.797,330.165c1.131,-6.4,3.496,-10.182,4.706,-10.908h5.028c1.21,0.726,3.575,4.508,4.706,10.908H78.797zM93.866,304.257H69.552V146.137c0.0,-14.141,4.773,-26.752,12.188,-34.879l12.126,18.42V304.257zM101.367,113.794l-7.154,-10.867c2.3,-0.744,4.693,-1.15,7.154,-1.15c2.461,0.0,4.854,0.406,7.154,1.15L101.367,113.794zM109.498,330.165c1.131,-6.4,3.496,-10.182,4.705,-10.908h5.029c1.209,0.726,3.574,4.51,4.703,10.908H109.498zM133.181,304.257h-24.314V129.68l12.119,-18.412c7.416,8.127,12.195,20.729,12.195,34.869V304.257zM148.181,206.999v-55.131c4.643,12.654,8.107,28.389,8.824,47.73L148.181,206.999z"">
   </path>
   <g>
    <path d=""M269.512,94.223c-0.523,-0.369,-1.057,-0.723,-1.592,-1.066c5.592,-5.475,9.07,-13.1,9.07,-21.525c0.0,-2.514,-0.314,-4.957,-0.898,-7.293l21.732,-13.221c2.137,-1.301,3.486,-3.582,3.594,-6.082c0.109,-2.5,-1.037,-4.891,-3.053,-6.371L251.326,4.124c-2.574,-1.922,-6.199,-2.033,-8.924,-0.033l-47.084,34.574c-2.016,1.48,-3.162,3.871,-3.053,6.371c0.108,2.5,1.457,4.781,3.594,6.082l21.732,13.221c-0.582,2.336,-0.896,4.779,-0.896,7.293c0.0,8.426,3.479,16.051,9.07,21.525c-0.533,0.344,-1.063,0.693,-1.584,1.061c-6.891,4.4,-46.635,33.035,-48.076,108.654c-0.043,2.268,0.941,4.434,2.68,5.891l21.242,17.812v85.182c0.0,4.142,3.357,7.5,7.5,7.5h4.15c-1.939,5.18,-3.035,11.449,-3.035,18.408c0.0,4.143,3.357,7.5,7.5,7.5h61.398c4.143,0.0,7.5,-3.357,7.5,-7.5c0.0,-6.961,-1.098,-13.227,-3.039,-18.408h4.154c4.143,0.0,7.5,-3.358,7.5,-7.5v-85.182l21.244,-17.812c1.736,-1.457,2.723,-3.623,2.68,-5.891C316.141,127.282,276.426,98.641,269.512,94.223zM200.027,206.999l-8.824,-7.4c0.727,-19.463,4.281,-35.186,8.824,-47.615V206.999zM213.227,44.126l33.615,-24.685l33.615,24.685l-11.529,7.014c-5.51,-5.932,-13.371,-9.654,-22.086,-9.654c-8.717,0.0,-16.574,3.723,-22.084,9.654L213.227,44.126zM261.99,71.632c0.0,8.352,-6.797,15.145,-15.148,15.145c-8.352,0.0,-15.146,-6.793,-15.146,-15.145c0.0,-8.352,6.795,-15.146,15.146,-15.146C255.193,56.485,261.99,63.28,261.99,71.632zM224.273,330.165c1.131,-6.4,3.496,-10.182,4.705,-10.908h5.029c1.209,0.726,3.574,4.508,4.705,10.908H224.273zM239.342,304.257h-24.314V146.137c0.0,-14.141,4.773,-26.752,12.189,-34.879l12.125,18.42V304.257zM246.844,113.794l-7.154,-10.867c2.301,-0.744,4.693,-1.15,7.154,-1.15c2.461,0.0,4.852,0.406,7.152,1.15L246.844,113.794zM254.973,330.165c1.131,-6.4,3.496,-10.182,4.707,-10.908h5.027c1.209,0.726,3.574,4.51,4.705,10.908H254.973zM278.656,304.257h-24.314V129.68l12.121,-18.412c7.416,8.127,12.193,20.729,12.193,34.869V304.257zM293.656,206.999v-55.131c4.645,12.654,8.109,28.389,8.826,47.73L293.656,206.999z"">
    </path>
   </g>
  </g>
 </g>
</svg>


Question: What shape is prominently featured at the top of each figure?",Circle,Square,Triangle,Hexagon,A,human
154,"Examine the following SVG code carefully and answer the question based on your interpretation of the rendered image.

<svg id=""Capa_1"" style=""enable-background:new 0 0 342.529 342.529;"" version=""1.1"" viewbox=""0 0 342.529 342.529"" x=""0px"" xml:space=""preserve"" y=""0px"">
 <g>
  <g>
   <path d=""M124.035,94.223c-0.523,-0.369,-1.055,-0.723,-1.592,-1.066c5.592,-5.475,9.07,-13.1,9.07,-21.525c0.0,-2.514,-0.314,-4.957,-0.896,-7.293l21.73,-13.221c2.139,-1.301,3.486,-3.582,3.596,-6.082c0.107,-2.5,-1.037,-4.891,-3.055,-6.371L105.849,4.124c-2.574,-1.922,-6.197,-2.033,-8.922,-0.033L49.843,38.665c-2.017,1.48,-3.162,3.871,-3.054,6.371c0.108,2.5,1.457,4.781,3.595,6.082l21.732,13.221c-0.583,2.336,-0.897,4.779,-0.897,7.293c0.0,8.426,3.479,16.051,9.07,21.525c-0.533,0.344,-1.062,0.693,-1.583,1.061c-6.892,4.4,-46.636,33.035,-48.077,108.654c-0.043,2.268,0.942,4.434,2.68,5.891l21.243,17.812v85.182c0.0,4.142,3.357,7.5,7.5,7.5h4.149c-1.939,5.18,-3.034,11.449,-3.034,18.408c0.0,4.143,3.357,7.5,7.5,7.5h61.399c4.143,0.0,7.5,-3.357,7.5,-7.5c0.0,-6.961,-1.1,-13.227,-3.039,-18.408h4.154c4.143,0.0,7.5,-3.358,7.5,-7.5v-85.182l21.242,-17.812c1.738,-1.457,2.723,-3.623,2.68,-5.891C170.664,127.282,130.949,98.641,124.035,94.223zM54.552,206.999l-8.825,-7.4c0.728,-19.463,4.281,-35.186,8.825,-47.615V206.999zM67.751,44.126l33.616,-24.685l33.615,24.685l-11.531,7.014c-5.51,-5.932,-13.369,-9.654,-22.086,-9.654c-8.715,0.0,-16.574,3.723,-22.083,9.654L67.751,44.126zM116.513,71.632c0.0,8.352,-6.795,15.145,-15.148,15.145c-8.351,0.0,-15.146,-6.793,-15.146,-15.145c0.0,-8.352,6.795,-15.146,15.146,-15.146C109.718,56.485,116.513,63.28,116.513,71.632zM78.797,330.165c1.131,-6.4,3.496,-10.182,4.706,-10.908h5.028c1.21,0.726,3.575,4.508,4.706,10.908H78.797zM93.866,304.257H69.552V146.137c0.0,-14.141,4.773,-26.752,12.188,-34.879l12.126,18.42V304.257zM101.367,113.794l-7.154,-10.867c2.3,-0.744,4.693,-1.15,7.154,-1.15c2.461,0.0,4.854,0.406,7.154,1.15L101.367,113.794zM109.498,330.165c1.131,-6.4,3.496,-10.182,4.705,-10.908h5.029c1.209,0.726,3.574,4.51,4.703,10.908H109.498zM133.181,304.257h-24.314V129.68l12.119,-18.412c7.416,8.127,12.195,20.729,12.195,34.869V304.257zM148.181,206.999v-55.131c4.643,12.654,8.107,28.389,8.824,47.73L148.181,206.999z"">
   </path>
   <g>
    <path d=""M269.512,94.223c-0.523,-0.369,-1.057,-0.723,-1.592,-1.066c5.592,-5.475,9.07,-13.1,9.07,-21.525c0.0,-2.514,-0.314,-4.957,-0.898,-7.293l21.732,-13.221c2.137,-1.301,3.486,-3.582,3.594,-6.082c0.109,-2.5,-1.037,-4.891,-3.053,-6.371L251.326,4.124c-2.574,-1.922,-6.199,-2.033,-8.924,-0.033l-47.084,34.574c-2.016,1.48,-3.162,3.871,-3.053,6.371c0.108,2.5,1.457,4.781,3.594,6.082l21.732,13.221c-0.582,2.336,-0.896,4.779,-0.896,7.293c0.0,8.426,3.479,16.051,9.07,21.525c-0.533,0.344,-1.063,0.693,-1.584,1.061c-6.891,4.4,-46.635,33.035,-48.076,108.654c-0.043,2.268,0.941,4.434,2.68,5.891l21.242,17.812v85.182c0.0,4.142,3.357,7.5,7.5,7.5h4.15c-1.939,5.18,-3.035,11.449,-3.035,18.408c0.0,4.143,3.357,7.5,7.5,7.5h61.398c4.143,0.0,7.5,-3.357,7.5,-7.5c0.0,-6.961,-1.098,-13.227,-3.039,-18.408h4.154c4.143,0.0,7.5,-3.358,7.5,-7.5v-85.182l21.244,-17.812c1.736,-1.457,2.723,-3.623,2.68,-5.891C316.141,127.282,276.426,98.641,269.512,94.223zM200.027,206.999l-8.824,-7.4c0.727,-19.463,4.281,-35.186,8.824,-47.615V206.999zM213.227,44.126l33.615,-24.685l33.615,24.685l-11.529,7.014c-5.51,-5.932,-13.371,-9.654,-22.086,-9.654c-8.717,0.0,-16.574,3.723,-22.084,9.654L213.227,44.126zM261.99,71.632c0.0,8.352,-6.797,15.145,-15.148,15.145c-8.352,0.0,-15.146,-6.793,-15.146,-15.145c0.0,-8.352,6.795,-15.146,15.146,-15.146C255.193,56.485,261.99,63.28,261.99,71.632zM224.273,330.165c1.131,-6.4,3.496,-10.182,4.705,-10.908h5.029c1.209,0.726,3.574,4.508,4.705,10.908H224.273zM239.342,304.257h-24.314V146.137c0.0,-14.141,4.773,-26.752,12.189,-34.879l12.125,18.42V304.257zM246.844,113.794l-7.154,-10.867c2.301,-0.744,4.693,-1.15,7.154,-1.15c2.461,0.0,4.852,0.406,7.152,1.15L246.844,113.794zM254.973,330.165c1.131,-6.4,3.496,-10.182,4.707,-10.908h5.027c1.209,0.726,3.574,4.51,4.705,10.908H254.973zM278.656,304.257h-24.314V129.68l12.121,-18.412c7.416,8.127,12.193,20.729,12.193,34.869V304.257zM293.656,206.999v-55.131c4.645,12.654,8.109,28.389,8.826,47.73L293.656,206.999z"">
    </path>
   </g>
  </g>
 </g>
</svg>


Question: What geometric shape is formed by the base of each figure?",Circle,Square,Triangle,Rectangle,D,human
155,"Examine the following SVG code carefully and answer the question based on your interpretation of the rendered image.

<svg id=""Capa_1"" style=""enable-background:new 0 0 342.529 342.529;"" version=""1.1"" viewbox=""0 0 342.529 342.529"" x=""0px"" xml:space=""preserve"" y=""0px"">
 <g>
  <g>
   <path d=""M124.035,94.223c-0.523,-0.369,-1.055,-0.723,-1.592,-1.066c5.592,-5.475,9.07,-13.1,9.07,-21.525c0.0,-2.514,-0.314,-4.957,-0.896,-7.293l21.73,-13.221c2.139,-1.301,3.486,-3.582,3.596,-6.082c0.107,-2.5,-1.037,-4.891,-3.055,-6.371L105.849,4.124c-2.574,-1.922,-6.197,-2.033,-8.922,-0.033L49.843,38.665c-2.017,1.48,-3.162,3.871,-3.054,6.371c0.108,2.5,1.457,4.781,3.595,6.082l21.732,13.221c-0.583,2.336,-0.897,4.779,-0.897,7.293c0.0,8.426,3.479,16.051,9.07,21.525c-0.533,0.344,-1.062,0.693,-1.583,1.061c-6.892,4.4,-46.636,33.035,-48.077,108.654c-0.043,2.268,0.942,4.434,2.68,5.891l21.243,17.812v85.182c0.0,4.142,3.357,7.5,7.5,7.5h4.149c-1.939,5.18,-3.034,11.449,-3.034,18.408c0.0,4.143,3.357,7.5,7.5,7.5h61.399c4.143,0.0,7.5,-3.357,7.5,-7.5c0.0,-6.961,-1.1,-13.227,-3.039,-18.408h4.154c4.143,0.0,7.5,-3.358,7.5,-7.5v-85.182l21.242,-17.812c1.738,-1.457,2.723,-3.623,2.68,-5.891C170.664,127.282,130.949,98.641,124.035,94.223zM54.552,206.999l-8.825,-7.4c0.728,-19.463,4.281,-35.186,8.825,-47.615V206.999zM67.751,44.126l33.616,-24.685l33.615,24.685l-11.531,7.014c-5.51,-5.932,-13.369,-9.654,-22.086,-9.654c-8.715,0.0,-16.574,3.723,-22.083,9.654L67.751,44.126zM116.513,71.632c0.0,8.352,-6.795,15.145,-15.148,15.145c-8.351,0.0,-15.146,-6.793,-15.146,-15.145c0.0,-8.352,6.795,-15.146,15.146,-15.146C109.718,56.485,116.513,63.28,116.513,71.632zM78.797,330.165c1.131,-6.4,3.496,-10.182,4.706,-10.908h5.028c1.21,0.726,3.575,4.508,4.706,10.908H78.797zM93.866,304.257H69.552V146.137c0.0,-14.141,4.773,-26.752,12.188,-34.879l12.126,18.42V304.257zM101.367,113.794l-7.154,-10.867c2.3,-0.744,4.693,-1.15,7.154,-1.15c2.461,0.0,4.854,0.406,7.154,1.15L101.367,113.794zM109.498,330.165c1.131,-6.4,3.496,-10.182,4.705,-10.908h5.029c1.209,0.726,3.574,4.51,4.703,10.908H109.498zM133.181,304.257h-24.314V129.68l12.119,-18.412c7.416,8.127,12.195,20.729,12.195,34.869V304.257zM148.181,206.999v-55.131c4.643,12.654,8.107,28.389,8.824,47.73L148.181,206.999z"">
   </path>
   <g>
    <path d=""M269.512,94.223c-0.523,-0.369,-1.057,-0.723,-1.592,-1.066c5.592,-5.475,9.07,-13.1,9.07,-21.525c0.0,-2.514,-0.314,-4.957,-0.898,-7.293l21.732,-13.221c2.137,-1.301,3.486,-3.582,3.594,-6.082c0.109,-2.5,-1.037,-4.891,-3.053,-6.371L251.326,4.124c-2.574,-1.922,-6.199,-2.033,-8.924,-0.033l-47.084,34.574c-2.016,1.48,-3.162,3.871,-3.053,6.371c0.108,2.5,1.457,4.781,3.594,6.082l21.732,13.221c-0.582,2.336,-0.896,4.779,-0.896,7.293c0.0,8.426,3.479,16.051,9.07,21.525c-0.533,0.344,-1.063,0.693,-1.584,1.061c-6.891,4.4,-46.635,33.035,-48.076,108.654c-0.043,2.268,0.941,4.434,2.68,5.891l21.242,17.812v85.182c0.0,4.142,3.357,7.5,7.5,7.5h4.15c-1.939,5.18,-3.035,11.449,-3.035,18.408c0.0,4.143,3.357,7.5,7.5,7.5h61.398c4.143,0.0,7.5,-3.357,7.5,-7.5c0.0,-6.961,-1.098,-13.227,-3.039,-18.408h4.154c4.143,0.0,7.5,-3.358,7.5,-7.5v-85.182l21.244,-17.812c1.736,-1.457,2.723,-3.623,2.68,-5.891C316.141,127.282,276.426,98.641,269.512,94.223zM200.027,206.999l-8.824,-7.4c0.727,-19.463,4.281,-35.186,8.824,-47.615V206.999zM213.227,44.126l33.615,-24.685l33.615,24.685l-11.529,7.014c-5.51,-5.932,-13.371,-9.654,-22.086,-9.654c-8.717,0.0,-16.574,3.723,-22.084,9.654L213.227,44.126zM261.99,71.632c0.0,8.352,-6.797,15.145,-15.148,15.145c-8.352,0.0,-15.146,-6.793,-15.146,-15.145c0.0,-8.352,6.795,-15.146,15.146,-15.146C255.193,56.485,261.99,63.28,261.99,71.632zM224.273,330.165c1.131,-6.4,3.496,-10.182,4.705,-10.908h5.029c1.209,0.726,3.574,4.508,4.705,10.908H224.273zM239.342,304.257h-24.314V146.137c0.0,-14.141,4.773,-26.752,12.189,-34.879l12.125,18.42V304.257zM246.844,113.794l-7.154,-10.867c2.301,-0.744,4.693,-1.15,7.154,-1.15c2.461,0.0,4.852,0.406,7.152,1.15L246.844,113.794zM254.973,330.165c1.131,-6.4,3.496,-10.182,4.707,-10.908h5.027c1.209,0.726,3.574,4.51,4.705,10.908H254.973zM278.656,304.257h-24.314V129.68l12.121,-18.412c7.416,8.127,12.193,20.729,12.193,34.869V304.257zM293.656,206.999v-55.131c4.645,12.654,8.109,28.389,8.826,47.73L293.656,206.999z"">
    </path>
   </g>
  </g>
 </g>
</svg>


Question: What is the object in the image?",Trees,Buildings,Animals,People,D,human
192,"Examine the following SVG code carefully and answer the question based on your interpretation of the rendered image.

<svg id=""Capa_1"" style=""enable-background:new 0 0 489.38 489.38;"" version=""1.1"" viewbox=""0 0 489.38 489.38"" x=""0px"" xml:space=""preserve"" y=""0px"">
 <g id=""XMLID_129_"">
  <path d=""M477.533,10.369H217.384c-8.655,0.0,-15.655,7.022,-15.655,15.664v110.484l11.319,-13.234c5.375,-6.292,12.461,-10.172,19.992,-11.793V41.691h228.836v204.531H233.041v-34.238l-7.05,8.244c-6.161,7.189,-14.858,11.65,-24.262,12.529v29.124c0.0,8.642,7.0,15.655,15.655,15.655h84.489L258.949,472.413c-1.923,8.739,3.6,17.382,12.346,19.31c8.667,1.904,17.382,-3.601,19.287,-12.331l44.457,-201.855h25.844l44.457,201.855c1.666,7.557,8.369,12.714,15.803,12.705c1.154,0.0,2.334,-0.117,3.502,-0.374c8.746,-1.928,14.268,-10.57,12.328,-19.31l-42.92,-194.877h83.481c8.647,0.0,15.655,-7.013,15.655,-15.655V26.033C493.188,17.391,486.18,10.369,477.533,10.369z"" id=""XMLID_134_"">
  </path>
  <path d=""M353.176,101.829c-1.234,-3.11,-4.732,-4.637,-7.84,-3.406l-92.234,32.555c-8.465,-6.554,-20.678,-5.383,-27.737,2.827l-29.267,34.178l-25.951,-22.245c0.171,1.837,0.56,3.622,0.56,5.507v48.291l14.438,12.371c8.568,7.338,21.385,6.204,28.549,-2.198l34.842,-40.743l28.1,-16.439l73.951,-43.267C353.144,107.786,354.277,104.636,353.176,101.829z"" id=""XMLID_132_"">
  </path>
  <path d=""M113.736,110.489H96.355c-13.308,0.0,-25.01,6.468,-32.448,16.327l-53.352,49.12c-8.313,7.405,-9.067,20.232,-1.581,28.595l43.528,48.585c7.421,8.309,20.267,9.044,28.579,1.576c8.334,-7.469,9.038,-20.262,1.57,-28.586l-30.003,-33.504l42.616,-38.134l-24.82,33.721l24.279,27.107c13.416,14.992,12.151,38.027,-2.834,51.453c-10.231,9.172,-24.193,11.324,-36.297,7.094c0.0,0.0,0.188,93.659,0.188,193.962c0.0,13.416,10.874,24.291,24.291,24.291c13.403,0.0,24.291,-10.875,24.291,-24.291c0.0,-100.272,0.0,-43.051,0.0,-144.771h16.203c0.0,101.646,0.0,44.468,0.0,144.771c0.0,7.004,-1.953,13.49,-5.067,19.231c4.076,3.135,9.148,5.06,14.676,5.06c13.424,0.0,24.298,-10.875,24.298,-24.291c0.0,-100.272,0.031,-58.237,0.031,-316.561C154.505,128.735,136.258,110.489,113.736,110.489z"" id=""XMLID_131_"">
  </path>
  <path d=""M83.4,95.911c6.495,3.376,13.787,5.471,21.62,5.471c7.853,0.0,15.145,-2.095,21.659,-5.477c15.204,-7.877,25.684,-23.559,25.684,-41.862c0.0,-26.146,-21.196,-47.335,-47.344,-47.335c-26.144,0.0,-47.335,21.189,-47.335,47.335C57.685,72.356,68.176,88.044,83.4,95.911z"" id=""XMLID_130_"">
  </path>
 </g>
</svg>


Question: What is the person in the image doing?",Running,Sitting,Pointing,Sleeping,C,human
193,"Examine the following SVG code carefully and answer the question based on your interpretation of the rendered image.

<svg id=""Capa_1"" style=""enable-background:new 0 0 489.38 489.38;"" version=""1.1"" viewbox=""0 0 489.38 489.38"" x=""0px"" xml:space=""preserve"" y=""0px"">
 <g id=""XMLID_129_"">
  <path d=""M477.533,10.369H217.384c-8.655,0.0,-15.655,7.022,-15.655,15.664v110.484l11.319,-13.234c5.375,-6.292,12.461,-10.172,19.992,-11.793V41.691h228.836v204.531H233.041v-34.238l-7.05,8.244c-6.161,7.189,-14.858,11.65,-24.262,12.529v29.124c0.0,8.642,7.0,15.655,15.655,15.655h84.489L258.949,472.413c-1.923,8.739,3.6,17.382,12.346,19.31c8.667,1.904,17.382,-3.601,19.287,-12.331l44.457,-201.855h25.844l44.457,201.855c1.666,7.557,8.369,12.714,15.803,12.705c1.154,0.0,2.334,-0.117,3.502,-0.374c8.746,-1.928,14.268,-10.57,12.328,-19.31l-42.92,-194.877h83.481c8.647,0.0,15.655,-7.013,15.655,-15.655V26.033C493.188,17.391,486.18,10.369,477.533,10.369z"" id=""XMLID_134_"">
  </path>
  <path d=""M353.176,101.829c-1.234,-3.11,-4.732,-4.637,-7.84,-3.406l-92.234,32.555c-8.465,-6.554,-20.678,-5.383,-27.737,2.827l-29.267,34.178l-25.951,-22.245c0.171,1.837,0.56,3.622,0.56,5.507v48.291l14.438,12.371c8.568,7.338,21.385,6.204,28.549,-2.198l34.842,-40.743l28.1,-16.439l73.951,-43.267C353.144,107.786,354.277,104.636,353.176,101.829z"" id=""XMLID_132_"">
  </path>
  <path d=""M113.736,110.489H96.355c-13.308,0.0,-25.01,6.468,-32.448,16.327l-53.352,49.12c-8.313,7.405,-9.067,20.232,-1.581,28.595l43.528,48.585c7.421,8.309,20.267,9.044,28.579,1.576c8.334,-7.469,9.038,-20.262,1.57,-28.586l-30.003,-33.504l42.616,-38.134l-24.82,33.721l24.279,27.107c13.416,14.992,12.151,38.027,-2.834,51.453c-10.231,9.172,-24.193,11.324,-36.297,7.094c0.0,0.0,0.188,93.659,0.188,193.962c0.0,13.416,10.874,24.291,24.291,24.291c13.403,0.0,24.291,-10.875,24.291,-24.291c0.0,-100.272,0.0,-43.051,0.0,-144.771h16.203c0.0,101.646,0.0,44.468,0.0,144.771c0.0,7.004,-1.953,13.49,-5.067,19.231c4.076,3.135,9.148,5.06,14.676,5.06c13.424,0.0,24.298,-10.875,24.298,-24.291c0.0,-100.272,0.031,-58.237,0.031,-316.561C154.505,128.735,136.258,110.489,113.736,110.489z"" id=""XMLID_131_"">
  </path>
  <path d=""M83.4,95.911c6.495,3.376,13.787,5.471,21.62,5.471c7.853,0.0,15.145,-2.095,21.659,-5.477c15.204,-7.877,25.684,-23.559,25.684,-41.862c0.0,-26.146,-21.196,-47.335,-47.344,-47.335c-26.144,0.0,-47.335,21.189,-47.335,47.335C57.685,72.356,68.176,88.044,83.4,95.911z"" id=""XMLID_130_"">
  </path>
 </g>
</svg>


Question: What shape is the object the person is pointing at?",Circle,Triangle,Square,Rectangle,D,human
194,"Examine the following SVG code carefully and answer the question based on your interpretation of the rendered image.

<svg id=""Capa_1"" style=""enable-background:new 0 0 489.38 489.38;"" version=""1.1"" viewbox=""0 0 489.38 489.38"" x=""0px"" xml:space=""preserve"" y=""0px"">
 <g id=""XMLID_129_"">
  <path d=""M477.533,10.369H217.384c-8.655,0.0,-15.655,7.022,-15.655,15.664v110.484l11.319,-13.234c5.375,-6.292,12.461,-10.172,19.992,-11.793V41.691h228.836v204.531H233.041v-34.238l-7.05,8.244c-6.161,7.189,-14.858,11.65,-24.262,12.529v29.124c0.0,8.642,7.0,15.655,15.655,15.655h84.489L258.949,472.413c-1.923,8.739,3.6,17.382,12.346,19.31c8.667,1.904,17.382,-3.601,19.287,-12.331l44.457,-201.855h25.844l44.457,201.855c1.666,7.557,8.369,12.714,15.803,12.705c1.154,0.0,2.334,-0.117,3.502,-0.374c8.746,-1.928,14.268,-10.57,12.328,-19.31l-42.92,-194.877h83.481c8.647,0.0,15.655,-7.013,15.655,-15.655V26.033C493.188,17.391,486.18,10.369,477.533,10.369z"" id=""XMLID_134_"">
  </path>
  <path d=""M353.176,101.829c-1.234,-3.11,-4.732,-4.637,-7.84,-3.406l-92.234,32.555c-8.465,-6.554,-20.678,-5.383,-27.737,2.827l-29.267,34.178l-25.951,-22.245c0.171,1.837,0.56,3.622,0.56,5.507v48.291l14.438,12.371c8.568,7.338,21.385,6.204,28.549,-2.198l34.842,-40.743l28.1,-16.439l73.951,-43.267C353.144,107.786,354.277,104.636,353.176,101.829z"" id=""XMLID_132_"">
  </path>
  <path d=""M113.736,110.489H96.355c-13.308,0.0,-25.01,6.468,-32.448,16.327l-53.352,49.12c-8.313,7.405,-9.067,20.232,-1.581,28.595l43.528,48.585c7.421,8.309,20.267,9.044,28.579,1.576c8.334,-7.469,9.038,-20.262,1.57,-28.586l-30.003,-33.504l42.616,-38.134l-24.82,33.721l24.279,27.107c13.416,14.992,12.151,38.027,-2.834,51.453c-10.231,9.172,-24.193,11.324,-36.297,7.094c0.0,0.0,0.188,93.659,0.188,193.962c0.0,13.416,10.874,24.291,24.291,24.291c13.403,0.0,24.291,-10.875,24.291,-24.291c0.0,-100.272,0.0,-43.051,0.0,-144.771h16.203c0.0,101.646,0.0,44.468,0.0,144.771c0.0,7.004,-1.953,13.49,-5.067,19.231c4.076,3.135,9.148,5.06,14.676,5.06c13.424,0.0,24.298,-10.875,24.298,-24.291c0.0,-100.272,0.031,-58.237,0.031,-316.561C154.505,128.735,136.258,110.489,113.736,110.489z"" id=""XMLID_131_"">
  </path>
  <path d=""M83.4,95.911c6.495,3.376,13.787,5.471,21.62,5.471c7.853,0.0,15.145,-2.095,21.659,-5.477c15.204,-7.877,25.684,-23.559,25.684,-41.862c0.0,-26.146,-21.196,-47.335,-47.344,-47.335c-26.144,0.0,-47.335,21.189,-47.335,47.335C57.685,72.356,68.176,88.044,83.4,95.911z"" id=""XMLID_130_"">
  </path>
 </g>
</svg>


Question: How many legs does the stand have?",Two,One,Three,Four,A,human
195,"Examine the following SVG code carefully and answer the question based on your interpretation of the rendered image.

<svg id=""Capa_1"" style=""enable-background:new 0 0 489.38 489.38;"" version=""1.1"" viewbox=""0 0 489.38 489.38"" x=""0px"" xml:space=""preserve"" y=""0px"">
 <g id=""XMLID_129_"">
  <path d=""M477.533,10.369H217.384c-8.655,0.0,-15.655,7.022,-15.655,15.664v110.484l11.319,-13.234c5.375,-6.292,12.461,-10.172,19.992,-11.793V41.691h228.836v204.531H233.041v-34.238l-7.05,8.244c-6.161,7.189,-14.858,11.65,-24.262,12.529v29.124c0.0,8.642,7.0,15.655,15.655,15.655h84.489L258.949,472.413c-1.923,8.739,3.6,17.382,12.346,19.31c8.667,1.904,17.382,-3.601,19.287,-12.331l44.457,-201.855h25.844l44.457,201.855c1.666,7.557,8.369,12.714,15.803,12.705c1.154,0.0,2.334,-0.117,3.502,-0.374c8.746,-1.928,14.268,-10.57,12.328,-19.31l-42.92,-194.877h83.481c8.647,0.0,15.655,-7.013,15.655,-15.655V26.033C493.188,17.391,486.18,10.369,477.533,10.369z"" id=""XMLID_134_"">
  </path>
  <path d=""M353.176,101.829c-1.234,-3.11,-4.732,-4.637,-7.84,-3.406l-92.234,32.555c-8.465,-6.554,-20.678,-5.383,-27.737,2.827l-29.267,34.178l-25.951,-22.245c0.171,1.837,0.56,3.622,0.56,5.507v48.291l14.438,12.371c8.568,7.338,21.385,6.204,28.549,-2.198l34.842,-40.743l28.1,-16.439l73.951,-43.267C353.144,107.786,354.277,104.636,353.176,101.829z"" id=""XMLID_132_"">
  </path>
  <path d=""M113.736,110.489H96.355c-13.308,0.0,-25.01,6.468,-32.448,16.327l-53.352,49.12c-8.313,7.405,-9.067,20.232,-1.581,28.595l43.528,48.585c7.421,8.309,20.267,9.044,28.579,1.576c8.334,-7.469,9.038,-20.262,1.57,-28.586l-30.003,-33.504l42.616,-38.134l-24.82,33.721l24.279,27.107c13.416,14.992,12.151,38.027,-2.834,51.453c-10.231,9.172,-24.193,11.324,-36.297,7.094c0.0,0.0,0.188,93.659,0.188,193.962c0.0,13.416,10.874,24.291,24.291,24.291c13.403,0.0,24.291,-10.875,24.291,-24.291c0.0,-100.272,0.0,-43.051,0.0,-144.771h16.203c0.0,101.646,0.0,44.468,0.0,144.771c0.0,7.004,-1.953,13.49,-5.067,19.231c4.076,3.135,9.148,5.06,14.676,5.06c13.424,0.0,24.298,-10.875,24.298,-24.291c0.0,-100.272,0.031,-58.237,0.031,-316.561C154.505,128.735,136.258,110.489,113.736,110.489z"" id=""XMLID_131_"">
  </path>
  <path d=""M83.4,95.911c6.495,3.376,13.787,5.471,21.62,5.471c7.853,0.0,15.145,-2.095,21.659,-5.477c15.204,-7.877,25.684,-23.559,25.684,-41.862c0.0,-26.146,-21.196,-47.335,-47.344,-47.335c-26.144,0.0,-47.335,21.189,-47.335,47.335C57.685,72.356,68.176,88.044,83.4,95.911z"" id=""XMLID_130_"">
  </path>
 </g>
</svg>


Question: What is the semantic meaning of the whole object?",Teaching,Cooking,Dancing,Sleeping,A,human
196,"Examine the following SVG code carefully and answer the question based on your interpretation of the rendered image.

<svg id=""Capa_1"" style=""enable-background:new 0 0 58 58;"" version=""1.1"" viewbox=""0 0 58 58"" x=""0px"" xml:space=""preserve"" y=""0px"">
 <g>
  <path d=""M29.709,55.405c11.246,0.156,17.52,-4.381,21.008,-9.189c3.603,-4.966,4.764,-11.283,3.647,-17.323C50.321,7.048,29.709,7.232,29.709,7.232S9.098,7.048,5.055,28.894c-1.118,6.04,0.044,12.356,3.647,17.323C12.189,51.024,18.463,55.561,29.709,55.405z"" style=""fill:#FDC794;"">
  </path>
  <path d=""M4.816,30.531c-0.453,-0.429,-0.985,-0.687,-1.559,-0.687C1.633,29.844,0.317,31.824,0.317,34.268c0.0,2.443,1.316,4.424,2.939,4.424c0.687,0.0,1.311,-0.37,1.811,-0.964C4.614,35.375,4.535,32.943,4.816,30.531z"" style=""fill:#F9A671;"">
  </path>
  <path d=""M58.14,26.704c-0.563,-2.377,-2.3,-3.999,-3.879,-3.622c-0.491,0.117,-0.898,0.43,-1.225,0.855c0.538,1.515,0.994,3.154,1.328,4.957c0.155,0.837,0.261,1.679,0.328,2.522c0.52,0.284,1.072,0.402,1.608,0.274C57.879,31.313,58.703,29.081,58.14,26.704z"" style=""fill:#F9A671;"">
  </path>
  <path d=""M14.217,17.404c-0.256,0.0,-0.512,-0.098,-0.707,-0.293l-5.0,-5.0c-0.391,-0.391,-0.391,-1.023,0.0,-1.414s1.023,-0.391,1.414,0.0l5.0,5.0c0.391,0.391,0.391,1.023,0.0,1.414C14.729,17.307,14.473,17.404,14.217,17.404z"" style=""fill:#5E5F62;"">
  </path>
  <path d=""M17.218,14.404c-0.367,0.0,-0.72,-0.202,-0.896,-0.553l-3.0,-6.0c-0.247,-0.494,-0.047,-1.095,0.447,-1.342c0.496,-0.247,1.095,-0.047,1.342,0.447l3.0,6.0c0.247,0.494,0.047,1.095,-0.447,1.342C17.521,14.37,17.368,14.404,17.218,14.404z"" style=""fill:#5E5F62;"">
  </path>
  <path d=""M21.217,12.404c-0.419,0.0,-0.809,-0.265,-0.949,-0.684l-2.0,-6.0C18.094,5.196,18.377,4.63,18.901,4.456c0.525,-0.176,1.091,0.108,1.265,0.632l2.0,6.0c0.175,0.524,-0.108,1.091,-0.632,1.265C21.429,12.388,21.322,12.404,21.217,12.404z"" style=""fill:#5E5F62;"">
  </path>
  <path d=""M26.216,11.404c-0.48,0.0,-0.904,-0.347,-0.985,-0.836l-1.0,-6.0c-0.091,-0.544,0.277,-1.06,0.822,-1.15c0.546,-0.096,1.06,0.278,1.151,0.822l1.0,6.0c0.091,0.544,-0.277,1.06,-0.822,1.15C26.326,11.4,26.271,11.404,26.216,11.404z"" style=""fill:#5E5F62;"">
  </path>
  <path d=""M30.217,11.404c-0.552,0.0,-1.0,-0.447,-1.0,-1.0v-6.0c0.0,-0.553,0.448,-1.0,1.0,-1.0s1.0,0.447,1.0,1.0v6.0C31.217,10.957,30.77,11.404,30.217,11.404z"" style=""fill:#5E5F62;"">
  </path>
  <path d=""M34.217,11.404c-0.104,0.0,-0.211,-0.017,-0.316,-0.052c-0.524,-0.174,-0.807,-0.74,-0.632,-1.265l2.0,-6.0c0.174,-0.523,0.739,-0.808,1.265,-0.632c0.524,0.174,0.807,0.74,0.632,1.265l-2.0,6.0C35.026,11.14,34.636,11.404,34.217,11.404z"" style=""fill:#5E5F62;"">
  </path>
  <path d=""M38.217,12.404c-0.104,0.0,-0.211,-0.017,-0.316,-0.052c-0.524,-0.174,-0.807,-0.74,-0.632,-1.265l2.0,-6.0c0.175,-0.523,0.74,-0.808,1.265,-0.632c0.524,0.174,0.807,0.74,0.632,1.265l-2.0,6.0C39.026,12.14,38.636,12.404,38.217,12.404z"" style=""fill:#5E5F62;"">
  </path>
  <path d=""M41.216,14.404c-0.15,0.0,-0.303,-0.034,-0.446,-0.105c-0.494,-0.247,-0.694,-0.848,-0.447,-1.342l3.0,-6.0c0.247,-0.494,0.847,-0.694,1.342,-0.447c0.494,0.247,0.694,0.848,0.447,1.342l-3.0,6.0C41.937,14.202,41.584,14.404,41.216,14.404z"" style=""fill:#5E5F62;"">
  </path>
  <path d=""M9.403,39.324c0.713,1.721,2.597,2.987,4.731,2.536c1.531,-0.324,3.314,-1.054,5.236,-2.506c5.909,-4.465,10.506,1.936,10.506,1.936s4.596,-6.401,10.506,-1.936c1.922,1.452,3.705,2.182,5.236,2.506c2.036,0.43,3.919,-0.871,4.7,-2.471c-5.4,13.109,-20.441,5.901,-20.441,5.901s-15.042,7.208,-20.441,-5.901L9.403,39.324z"" style=""fill:#59474E;"">
  </path>
  <g>
   <path d=""M16.407,24.268c-0.055,0.326,-0.09,0.659,-0.09,1.0c0.0,3.314,2.686,6.0,6.0,6.0s6.0,-2.686,6.0,-6.0c0.0,-0.341,-0.035,-0.674,-0.09,-1.0H16.407z"" style=""fill:#FFFFFF;"">
   </path>
   <path d=""M28.386,24.268c-0.041,0.328,-0.069,0.661,-0.069,1.0c0.0,4.418,3.582,8.0,8.0,8.0s8.0,-3.582,8.0,-8.0c0.0,-0.339,-0.028,-0.672,-0.069,-1.0H28.386z"" style=""fill:#FFFFFF;"">
   </path>
   <path d=""M22.317,19.268c-2.972,0.0,-5.433,2.164,-5.91,5.0h11.82C27.75,21.431,25.289,19.268,22.317,19.268z"" style=""fill:#F9A671;"">
   </path>
   <path d=""M36.317,17.268c-4.079,0.0,-7.438,3.055,-7.931,7.0h15.862C43.755,20.323,40.396,17.268,36.317,17.268z"" style=""fill:#F9A671;"">
   </path>
   <circle cx=""24.317"" cy=""28.268"" r=""1"" style=""fill:#7F5B53;"">
   </circle>
   <circle cx=""38.817"" cy=""28.768"" r=""1.5"" style=""fill:#7F5B53;"">
   </circle>
  </g>
 </g>
</svg>


Question: What is the color of the mustache in the image?",Brown,Black,Gray,Blonde,A,human
197,"Examine the following SVG code carefully and answer the question based on your interpretation of the rendered image.

<svg id=""Capa_1"" style=""enable-background:new 0 0 58 58;"" version=""1.1"" viewbox=""0 0 58 58"" x=""0px"" xml:space=""preserve"" y=""0px"">
 <g>
  <path d=""M29.709,55.405c11.246,0.156,17.52,-4.381,21.008,-9.189c3.603,-4.966,4.764,-11.283,3.647,-17.323C50.321,7.048,29.709,7.232,29.709,7.232S9.098,7.048,5.055,28.894c-1.118,6.04,0.044,12.356,3.647,17.323C12.189,51.024,18.463,55.561,29.709,55.405z"" style=""fill:#FDC794;"">
  </path>
  <path d=""M4.816,30.531c-0.453,-0.429,-0.985,-0.687,-1.559,-0.687C1.633,29.844,0.317,31.824,0.317,34.268c0.0,2.443,1.316,4.424,2.939,4.424c0.687,0.0,1.311,-0.37,1.811,-0.964C4.614,35.375,4.535,32.943,4.816,30.531z"" style=""fill:#F9A671;"">
  </path>
  <path d=""M58.14,26.704c-0.563,-2.377,-2.3,-3.999,-3.879,-3.622c-0.491,0.117,-0.898,0.43,-1.225,0.855c0.538,1.515,0.994,3.154,1.328,4.957c0.155,0.837,0.261,1.679,0.328,2.522c0.52,0.284,1.072,0.402,1.608,0.274C57.879,31.313,58.703,29.081,58.14,26.704z"" style=""fill:#F9A671;"">
  </path>
  <path d=""M14.217,17.404c-0.256,0.0,-0.512,-0.098,-0.707,-0.293l-5.0,-5.0c-0.391,-0.391,-0.391,-1.023,0.0,-1.414s1.023,-0.391,1.414,0.0l5.0,5.0c0.391,0.391,0.391,1.023,0.0,1.414C14.729,17.307,14.473,17.404,14.217,17.404z"" style=""fill:#5E5F62;"">
  </path>
  <path d=""M17.218,14.404c-0.367,0.0,-0.72,-0.202,-0.896,-0.553l-3.0,-6.0c-0.247,-0.494,-0.047,-1.095,0.447,-1.342c0.496,-0.247,1.095,-0.047,1.342,0.447l3.0,6.0c0.247,0.494,0.047,1.095,-0.447,1.342C17.521,14.37,17.368,14.404,17.218,14.404z"" style=""fill:#5E5F62;"">
  </path>
  <path d=""M21.217,12.404c-0.419,0.0,-0.809,-0.265,-0.949,-0.684l-2.0,-6.0C18.094,5.196,18.377,4.63,18.901,4.456c0.525,-0.176,1.091,0.108,1.265,0.632l2.0,6.0c0.175,0.524,-0.108,1.091,-0.632,1.265C21.429,12.388,21.322,12.404,21.217,12.404z"" style=""fill:#5E5F62;"">
  </path>
  <path d=""M26.216,11.404c-0.48,0.0,-0.904,-0.347,-0.985,-0.836l-1.0,-6.0c-0.091,-0.544,0.277,-1.06,0.822,-1.15c0.546,-0.096,1.06,0.278,1.151,0.822l1.0,6.0c0.091,0.544,-0.277,1.06,-0.822,1.15C26.326,11.4,26.271,11.404,26.216,11.404z"" style=""fill:#5E5F62;"">
  </path>
  <path d=""M30.217,11.404c-0.552,0.0,-1.0,-0.447,-1.0,-1.0v-6.0c0.0,-0.553,0.448,-1.0,1.0,-1.0s1.0,0.447,1.0,1.0v6.0C31.217,10.957,30.77,11.404,30.217,11.404z"" style=""fill:#5E5F62;"">
  </path>
  <path d=""M34.217,11.404c-0.104,0.0,-0.211,-0.017,-0.316,-0.052c-0.524,-0.174,-0.807,-0.74,-0.632,-1.265l2.0,-6.0c0.174,-0.523,0.739,-0.808,1.265,-0.632c0.524,0.174,0.807,0.74,0.632,1.265l-2.0,6.0C35.026,11.14,34.636,11.404,34.217,11.404z"" style=""fill:#5E5F62;"">
  </path>
  <path d=""M38.217,12.404c-0.104,0.0,-0.211,-0.017,-0.316,-0.052c-0.524,-0.174,-0.807,-0.74,-0.632,-1.265l2.0,-6.0c0.175,-0.523,0.74,-0.808,1.265,-0.632c0.524,0.174,0.807,0.74,0.632,1.265l-2.0,6.0C39.026,12.14,38.636,12.404,38.217,12.404z"" style=""fill:#5E5F62;"">
  </path>
  <path d=""M41.216,14.404c-0.15,0.0,-0.303,-0.034,-0.446,-0.105c-0.494,-0.247,-0.694,-0.848,-0.447,-1.342l3.0,-6.0c0.247,-0.494,0.847,-0.694,1.342,-0.447c0.494,0.247,0.694,0.848,0.447,1.342l-3.0,6.0C41.937,14.202,41.584,14.404,41.216,14.404z"" style=""fill:#5E5F62;"">
  </path>
  <path d=""M9.403,39.324c0.713,1.721,2.597,2.987,4.731,2.536c1.531,-0.324,3.314,-1.054,5.236,-2.506c5.909,-4.465,10.506,1.936,10.506,1.936s4.596,-6.401,10.506,-1.936c1.922,1.452,3.705,2.182,5.236,2.506c2.036,0.43,3.919,-0.871,4.7,-2.471c-5.4,13.109,-20.441,5.901,-20.441,5.901s-15.042,7.208,-20.441,-5.901L9.403,39.324z"" style=""fill:#59474E;"">
  </path>
  <g>
   <path d=""M16.407,24.268c-0.055,0.326,-0.09,0.659,-0.09,1.0c0.0,3.314,2.686,6.0,6.0,6.0s6.0,-2.686,6.0,-6.0c0.0,-0.341,-0.035,-0.674,-0.09,-1.0H16.407z"" style=""fill:#FFFFFF;"">
   </path>
   <path d=""M28.386,24.268c-0.041,0.328,-0.069,0.661,-0.069,1.0c0.0,4.418,3.582,8.0,8.0,8.0s8.0,-3.582,8.0,-8.0c0.0,-0.339,-0.028,-0.672,-0.069,-1.0H28.386z"" style=""fill:#FFFFFF;"">
   </path>
   <path d=""M22.317,19.268c-2.972,0.0,-5.433,2.164,-5.91,5.0h11.82C27.75,21.431,25.289,19.268,22.317,19.268z"" style=""fill:#F9A671;"">
   </path>
   <path d=""M36.317,17.268c-4.079,0.0,-7.438,3.055,-7.931,7.0h15.862C43.755,20.323,40.396,17.268,36.317,17.268z"" style=""fill:#F9A671;"">
   </path>
   <circle cx=""24.317"" cy=""28.268"" r=""1"" style=""fill:#7F5B53;"">
   </circle>
   <circle cx=""38.817"" cy=""28.768"" r=""1.5"" style=""fill:#7F5B53;"">
   </circle>
  </g>
 </g>
</svg>


Question: How many eyes are visible in the image?",One,Two,Three,Four,B,human
198,"Examine the following SVG code carefully and answer the question based on your interpretation of the rendered image.

<svg id=""Capa_1"" style=""enable-background:new 0 0 58 58;"" version=""1.1"" viewbox=""0 0 58 58"" x=""0px"" xml:space=""preserve"" y=""0px"">
 <g>
  <path d=""M29.709,55.405c11.246,0.156,17.52,-4.381,21.008,-9.189c3.603,-4.966,4.764,-11.283,3.647,-17.323C50.321,7.048,29.709,7.232,29.709,7.232S9.098,7.048,5.055,28.894c-1.118,6.04,0.044,12.356,3.647,17.323C12.189,51.024,18.463,55.561,29.709,55.405z"" style=""fill:#FDC794;"">
  </path>
  <path d=""M4.816,30.531c-0.453,-0.429,-0.985,-0.687,-1.559,-0.687C1.633,29.844,0.317,31.824,0.317,34.268c0.0,2.443,1.316,4.424,2.939,4.424c0.687,0.0,1.311,-0.37,1.811,-0.964C4.614,35.375,4.535,32.943,4.816,30.531z"" style=""fill:#F9A671;"">
  </path>
  <path d=""M58.14,26.704c-0.563,-2.377,-2.3,-3.999,-3.879,-3.622c-0.491,0.117,-0.898,0.43,-1.225,0.855c0.538,1.515,0.994,3.154,1.328,4.957c0.155,0.837,0.261,1.679,0.328,2.522c0.52,0.284,1.072,0.402,1.608,0.274C57.879,31.313,58.703,29.081,58.14,26.704z"" style=""fill:#F9A671;"">
  </path>
  <path d=""M14.217,17.404c-0.256,0.0,-0.512,-0.098,-0.707,-0.293l-5.0,-5.0c-0.391,-0.391,-0.391,-1.023,0.0,-1.414s1.023,-0.391,1.414,0.0l5.0,5.0c0.391,0.391,0.391,1.023,0.0,1.414C14.729,17.307,14.473,17.404,14.217,17.404z"" style=""fill:#5E5F62;"">
  </path>
  <path d=""M17.218,14.404c-0.367,0.0,-0.72,-0.202,-0.896,-0.553l-3.0,-6.0c-0.247,-0.494,-0.047,-1.095,0.447,-1.342c0.496,-0.247,1.095,-0.047,1.342,0.447l3.0,6.0c0.247,0.494,0.047,1.095,-0.447,1.342C17.521,14.37,17.368,14.404,17.218,14.404z"" style=""fill:#5E5F62;"">
  </path>
  <path d=""M21.217,12.404c-0.419,0.0,-0.809,-0.265,-0.949,-0.684l-2.0,-6.0C18.094,5.196,18.377,4.63,18.901,4.456c0.525,-0.176,1.091,0.108,1.265,0.632l2.0,6.0c0.175,0.524,-0.108,1.091,-0.632,1.265C21.429,12.388,21.322,12.404,21.217,12.404z"" style=""fill:#5E5F62;"">
  </path>
  <path d=""M26.216,11.404c-0.48,0.0,-0.904,-0.347,-0.985,-0.836l-1.0,-6.0c-0.091,-0.544,0.277,-1.06,0.822,-1.15c0.546,-0.096,1.06,0.278,1.151,0.822l1.0,6.0c0.091,0.544,-0.277,1.06,-0.822,1.15C26.326,11.4,26.271,11.404,26.216,11.404z"" style=""fill:#5E5F62;"">
  </path>
  <path d=""M30.217,11.404c-0.552,0.0,-1.0,-0.447,-1.0,-1.0v-6.0c0.0,-0.553,0.448,-1.0,1.0,-1.0s1.0,0.447,1.0,1.0v6.0C31.217,10.957,30.77,11.404,30.217,11.404z"" style=""fill:#5E5F62;"">
  </path>
  <path d=""M34.217,11.404c-0.104,0.0,-0.211,-0.017,-0.316,-0.052c-0.524,-0.174,-0.807,-0.74,-0.632,-1.265l2.0,-6.0c0.174,-0.523,0.739,-0.808,1.265,-0.632c0.524,0.174,0.807,0.74,0.632,1.265l-2.0,6.0C35.026,11.14,34.636,11.404,34.217,11.404z"" style=""fill:#5E5F62;"">
  </path>
  <path d=""M38.217,12.404c-0.104,0.0,-0.211,-0.017,-0.316,-0.052c-0.524,-0.174,-0.807,-0.74,-0.632,-1.265l2.0,-6.0c0.175,-0.523,0.74,-0.808,1.265,-0.632c0.524,0.174,0.807,0.74,0.632,1.265l-2.0,6.0C39.026,12.14,38.636,12.404,38.217,12.404z"" style=""fill:#5E5F62;"">
  </path>
  <path d=""M41.216,14.404c-0.15,0.0,-0.303,-0.034,-0.446,-0.105c-0.494,-0.247,-0.694,-0.848,-0.447,-1.342l3.0,-6.0c0.247,-0.494,0.847,-0.694,1.342,-0.447c0.494,0.247,0.694,0.848,0.447,1.342l-3.0,6.0C41.937,14.202,41.584,14.404,41.216,14.404z"" style=""fill:#5E5F62;"">
  </path>
  <path d=""M9.403,39.324c0.713,1.721,2.597,2.987,4.731,2.536c1.531,-0.324,3.314,-1.054,5.236,-2.506c5.909,-4.465,10.506,1.936,10.506,1.936s4.596,-6.401,10.506,-1.936c1.922,1.452,3.705,2.182,5.236,2.506c2.036,0.43,3.919,-0.871,4.7,-2.471c-5.4,13.109,-20.441,5.901,-20.441,5.901s-15.042,7.208,-20.441,-5.901L9.403,39.324z"" style=""fill:#59474E;"">
  </path>
  <g>
   <path d=""M16.407,24.268c-0.055,0.326,-0.09,0.659,-0.09,1.0c0.0,3.314,2.686,6.0,6.0,6.0s6.0,-2.686,6.0,-6.0c0.0,-0.341,-0.035,-0.674,-0.09,-1.0H16.407z"" style=""fill:#FFFFFF;"">
   </path>
   <path d=""M28.386,24.268c-0.041,0.328,-0.069,0.661,-0.069,1.0c0.0,4.418,3.582,8.0,8.0,8.0s8.0,-3.582,8.0,-8.0c0.0,-0.339,-0.028,-0.672,-0.069,-1.0H28.386z"" style=""fill:#FFFFFF;"">
   </path>
   <path d=""M22.317,19.268c-2.972,0.0,-5.433,2.164,-5.91,5.0h11.82C27.75,21.431,25.289,19.268,22.317,19.268z"" style=""fill:#F9A671;"">
   </path>
   <path d=""M36.317,17.268c-4.079,0.0,-7.438,3.055,-7.931,7.0h15.862C43.755,20.323,40.396,17.268,36.317,17.268z"" style=""fill:#F9A671;"">
   </path>
   <circle cx=""24.317"" cy=""28.268"" r=""1"" style=""fill:#7F5B53;"">
   </circle>
   <circle cx=""38.817"" cy=""28.768"" r=""1.5"" style=""fill:#7F5B53;"">
   </circle>
  </g>
 </g>
</svg>


Question: What shape are the eyebrows in the image?",Straight,Curved,Zigzag,Circular,C,human
199,"Examine the following SVG code carefully and answer the question based on your interpretation of the rendered image.

<svg id=""Capa_1"" style=""enable-background:new 0 0 58 58;"" version=""1.1"" viewbox=""0 0 58 58"" x=""0px"" xml:space=""preserve"" y=""0px"">
 <g>
  <path d=""M29.709,55.405c11.246,0.156,17.52,-4.381,21.008,-9.189c3.603,-4.966,4.764,-11.283,3.647,-17.323C50.321,7.048,29.709,7.232,29.709,7.232S9.098,7.048,5.055,28.894c-1.118,6.04,0.044,12.356,3.647,17.323C12.189,51.024,18.463,55.561,29.709,55.405z"" style=""fill:#FDC794;"">
  </path>
  <path d=""M4.816,30.531c-0.453,-0.429,-0.985,-0.687,-1.559,-0.687C1.633,29.844,0.317,31.824,0.317,34.268c0.0,2.443,1.316,4.424,2.939,4.424c0.687,0.0,1.311,-0.37,1.811,-0.964C4.614,35.375,4.535,32.943,4.816,30.531z"" style=""fill:#F9A671;"">
  </path>
  <path d=""M58.14,26.704c-0.563,-2.377,-2.3,-3.999,-3.879,-3.622c-0.491,0.117,-0.898,0.43,-1.225,0.855c0.538,1.515,0.994,3.154,1.328,4.957c0.155,0.837,0.261,1.679,0.328,2.522c0.52,0.284,1.072,0.402,1.608,0.274C57.879,31.313,58.703,29.081,58.14,26.704z"" style=""fill:#F9A671;"">
  </path>
  <path d=""M14.217,17.404c-0.256,0.0,-0.512,-0.098,-0.707,-0.293l-5.0,-5.0c-0.391,-0.391,-0.391,-1.023,0.0,-1.414s1.023,-0.391,1.414,0.0l5.0,5.0c0.391,0.391,0.391,1.023,0.0,1.414C14.729,17.307,14.473,17.404,14.217,17.404z"" style=""fill:#5E5F62;"">
  </path>
  <path d=""M17.218,14.404c-0.367,0.0,-0.72,-0.202,-0.896,-0.553l-3.0,-6.0c-0.247,-0.494,-0.047,-1.095,0.447,-1.342c0.496,-0.247,1.095,-0.047,1.342,0.447l3.0,6.0c0.247,0.494,0.047,1.095,-0.447,1.342C17.521,14.37,17.368,14.404,17.218,14.404z"" style=""fill:#5E5F62;"">
  </path>
  <path d=""M21.217,12.404c-0.419,0.0,-0.809,-0.265,-0.949,-0.684l-2.0,-6.0C18.094,5.196,18.377,4.63,18.901,4.456c0.525,-0.176,1.091,0.108,1.265,0.632l2.0,6.0c0.175,0.524,-0.108,1.091,-0.632,1.265C21.429,12.388,21.322,12.404,21.217,12.404z"" style=""fill:#5E5F62;"">
  </path>
  <path d=""M26.216,11.404c-0.48,0.0,-0.904,-0.347,-0.985,-0.836l-1.0,-6.0c-0.091,-0.544,0.277,-1.06,0.822,-1.15c0.546,-0.096,1.06,0.278,1.151,0.822l1.0,6.0c0.091,0.544,-0.277,1.06,-0.822,1.15C26.326,11.4,26.271,11.404,26.216,11.404z"" style=""fill:#5E5F62;"">
  </path>
  <path d=""M30.217,11.404c-0.552,0.0,-1.0,-0.447,-1.0,-1.0v-6.0c0.0,-0.553,0.448,-1.0,1.0,-1.0s1.0,0.447,1.0,1.0v6.0C31.217,10.957,30.77,11.404,30.217,11.404z"" style=""fill:#5E5F62;"">
  </path>
  <path d=""M34.217,11.404c-0.104,0.0,-0.211,-0.017,-0.316,-0.052c-0.524,-0.174,-0.807,-0.74,-0.632,-1.265l2.0,-6.0c0.174,-0.523,0.739,-0.808,1.265,-0.632c0.524,0.174,0.807,0.74,0.632,1.265l-2.0,6.0C35.026,11.14,34.636,11.404,34.217,11.404z"" style=""fill:#5E5F62;"">
  </path>
  <path d=""M38.217,12.404c-0.104,0.0,-0.211,-0.017,-0.316,-0.052c-0.524,-0.174,-0.807,-0.74,-0.632,-1.265l2.0,-6.0c0.175,-0.523,0.74,-0.808,1.265,-0.632c0.524,0.174,0.807,0.74,0.632,1.265l-2.0,6.0C39.026,12.14,38.636,12.404,38.217,12.404z"" style=""fill:#5E5F62;"">
  </path>
  <path d=""M41.216,14.404c-0.15,0.0,-0.303,-0.034,-0.446,-0.105c-0.494,-0.247,-0.694,-0.848,-0.447,-1.342l3.0,-6.0c0.247,-0.494,0.847,-0.694,1.342,-0.447c0.494,0.247,0.694,0.848,0.447,1.342l-3.0,6.0C41.937,14.202,41.584,14.404,41.216,14.404z"" style=""fill:#5E5F62;"">
  </path>
  <path d=""M9.403,39.324c0.713,1.721,2.597,2.987,4.731,2.536c1.531,-0.324,3.314,-1.054,5.236,-2.506c5.909,-4.465,10.506,1.936,10.506,1.936s4.596,-6.401,10.506,-1.936c1.922,1.452,3.705,2.182,5.236,2.506c2.036,0.43,3.919,-0.871,4.7,-2.471c-5.4,13.109,-20.441,5.901,-20.441,5.901s-15.042,7.208,-20.441,-5.901L9.403,39.324z"" style=""fill:#59474E;"">
  </path>
  <g>
   <path d=""M16.407,24.268c-0.055,0.326,-0.09,0.659,-0.09,1.0c0.0,3.314,2.686,6.0,6.0,6.0s6.0,-2.686,6.0,-6.0c0.0,-0.341,-0.035,-0.674,-0.09,-1.0H16.407z"" style=""fill:#FFFFFF;"">
   </path>
   <path d=""M28.386,24.268c-0.041,0.328,-0.069,0.661,-0.069,1.0c0.0,4.418,3.582,8.0,8.0,8.0s8.0,-3.582,8.0,-8.0c0.0,-0.339,-0.028,-0.672,-0.069,-1.0H28.386z"" style=""fill:#FFFFFF;"">
   </path>
   <path d=""M22.317,19.268c-2.972,0.0,-5.433,2.164,-5.91,5.0h11.82C27.75,21.431,25.289,19.268,22.317,19.268z"" style=""fill:#F9A671;"">
   </path>
   <path d=""M36.317,17.268c-4.079,0.0,-7.438,3.055,-7.931,7.0h15.862C43.755,20.323,40.396,17.268,36.317,17.268z"" style=""fill:#F9A671;"">
   </path>
   <circle cx=""24.317"" cy=""28.268"" r=""1"" style=""fill:#7F5B53;"">
   </circle>
   <circle cx=""38.817"" cy=""28.768"" r=""1.5"" style=""fill:#7F5B53;"">
   </circle>
  </g>
 </g>
</svg>


Question: What is the object in the image?",tree,house,car,face,D,human
208,"Examine the following SVG code carefully and answer the question based on your interpretation of the rendered image.

<svg id=""Layer_1"" style=""enable-background:new 0 0 512 512;"" version=""1.1"" viewbox=""0 0 512 512"" x=""0px"" xml:space=""preserve"" y=""0px"">
 <g>
  <g>
   <path d=""M286.466,208.571c0.798,4.568,0.721,9.327,-0.429,14.18l21.543,10.429l3.305,-10.223C303.598,210.941,292.289,209.666,286.466,208.571z"">
   </path>
  </g>
 </g>
 <g>
  <g>
   <path d=""M338.403,132.086c-19.953,-6.841,-41.673,3.789,-48.515,23.742c-7.166,20.9,4.846,43.811,26.731,49.394l3.454,-10.683c5.272,-16.308,22.768,-25.249,39.076,-19.983c1.46,0.471,2.858,1.045,4.196,1.705C367.393,157.59,356.916,138.434,338.403,132.086z"">
   </path>
  </g>
 </g>
 <g>
  <g>
   <path d=""M452.045,290.582c-9.363,0.0,-61.832,0.0,-92.497,0.0l52.423,-31.596c7.57,-4.58,10.361,-14.037,6.809,-21.903c11.532,-23.225,14.41,-29.02,25.572,-51.502c2.345,-4.724,0.418,-10.454,-4.306,-12.799c-4.724,-2.347,-10.454,-0.417,-12.799,4.306c-11.078,22.311,-13.56,27.308,-24.732,49.808c-2.895,0.08,-5.808,0.876,-8.463,2.482l-23.972,14.508l-15.096,46.698c-7.873,0.0,-13.799,0.0,-16.352,0.0c1.298,-1.618,2.315,-3.474,2.971,-5.503l24.463,-75.671c2.94,-9.093,-2.048,-18.849,-11.143,-21.788c-9.093,-2.937,-18.848,2.049,-21.787,11.141l-16.567,51.247c-12.539,-10.502,-6.405,-5.364,-30.888,-25.868c-3.371,12.002,-12.916,21.243,-24.794,24.377c-3.58,0.944,-7.368,1.343,-11.267,1.084l-21.818,-1.45l-2.848,16.017l11.915,65.122c1.691,9.241,-1.562,19.11,-9.149,25.32l17.383,5.582c0.0,0.0,-30.778,0.0,-32.978,0.0h-15.854v26.148v53.075l19.836,-51.435h54.293l18.733,48.574l-5.976,15.103c-4.219,10.663,1.004,22.729,11.667,26.948c10.653,4.216,22.726,-0.996,26.948,-11.667l47.136,-119.113c2.534,-6.404,1.728,-13.648,-2.152,-19.338c-3.869,-5.672,-10.291,-9.066,-17.155,-9.066c-0.02,0.0,-0.04,0.0,-0.061,0.0l-49.96,0.147l2.954,-14.996c0.0,0.0,0.0,0.0,-36.935,-52.108c10.643,8.914,38.584,32.315,48.429,40.56c0.061,0.051,0.127,0.094,0.189,0.145c-1.86,1.743,-3.03,4.214,-3.03,6.964c0.0,5.273,4.275,9.548,9.549,9.548c5.45,0.0,125.902,0.0,131.308,0.0c5.273,0.0,9.549,-4.275,9.549,-9.548C461.594,294.858,457.318,290.582,452.045,290.582zM293.387,387.98v0.001c7.911,0.0,14.323,-6.413,14.323,-14.324c0.0,-5.419,-3.009,-10.132,-7.447,-12.566l18.756,-0.055l-19.518,49.322l-8.63,-22.379H293.387z"">
   </path>
  </g>
 </g>
 <g>
  <g>
   <path d=""M117.714,491.437V360.193h-0.001H91.089v131.245c0.0,13.534,10.97,24.504,24.504,24.504c3.309,0.0,6.463,-0.659,9.343,-1.849C120.394,507.685,117.714,499.871,117.714,491.437z"">
   </path>
  </g>
 </g>
 <g>
  <g>
   <path d=""M132.491,360.193v131.245h-0.001c0.0,13.532,10.97,24.504,24.504,24.504s24.504,-10.971,24.504,-24.504V360.193H132.491z"">
   </path>
  </g>
 </g>
 <g>
  <g>
   <path d=""M253.218,195.492l-66.192,-4.398l-27.511,-48.028l34.301,32.573l-9.114,-49.809c-2.286,-12.496,-12.418,-21.528,-24.195,-21.528c-15.165,0.0,-25.831,0.0,-42.663,0.0c-11.8,0.0,-21.903,9.006,-24.194,21.528L55.939,331.936c-1.284,7.017,3.704,13.559,10.286,13.559c31.872,0.0,114.052,0.0,145.902,0.0c6.597,0.0,11.573,-6.528,10.286,-13.559l-15.585,-85.177c-53.737,-3.571,-23.563,-1.566,-40.477,-2.69c-10.241,-0.681,-18.542,-7.791,-21.269,-17.099l-18.849,-64.839c36.156,63.119,32.288,56.382,32.837,57.299c3.352,5.575,9.134,8.88,15.253,9.261c81.534,5.418,76.638,5.116,77.641,5.116c10.012,0.0,18.443,-7.772,19.117,-17.907C271.783,205.331,263.785,196.195,253.218,195.492z"">
   </path>
  </g>
 </g>
 <g>
  <g>
   <circle cx=""139.178"" cy=""46.266"" r=""42.324"">
   </circle>
  </g>
 </g>
</svg>


Question: What is the shape of the object the person on the right is holding?",Circle,Square,Triangle,Rectangle,D,human
209,"Examine the following SVG code carefully and answer the question based on your interpretation of the rendered image.

<svg id=""Layer_1"" style=""enable-background:new 0 0 512 512;"" version=""1.1"" viewbox=""0 0 512 512"" x=""0px"" xml:space=""preserve"" y=""0px"">
 <g>
  <g>
   <path d=""M286.466,208.571c0.798,4.568,0.721,9.327,-0.429,14.18l21.543,10.429l3.305,-10.223C303.598,210.941,292.289,209.666,286.466,208.571z"">
   </path>
  </g>
 </g>
 <g>
  <g>
   <path d=""M338.403,132.086c-19.953,-6.841,-41.673,3.789,-48.515,23.742c-7.166,20.9,4.846,43.811,26.731,49.394l3.454,-10.683c5.272,-16.308,22.768,-25.249,39.076,-19.983c1.46,0.471,2.858,1.045,4.196,1.705C367.393,157.59,356.916,138.434,338.403,132.086z"">
   </path>
  </g>
 </g>
 <g>
  <g>
   <path d=""M452.045,290.582c-9.363,0.0,-61.832,0.0,-92.497,0.0l52.423,-31.596c7.57,-4.58,10.361,-14.037,6.809,-21.903c11.532,-23.225,14.41,-29.02,25.572,-51.502c2.345,-4.724,0.418,-10.454,-4.306,-12.799c-4.724,-2.347,-10.454,-0.417,-12.799,4.306c-11.078,22.311,-13.56,27.308,-24.732,49.808c-2.895,0.08,-5.808,0.876,-8.463,2.482l-23.972,14.508l-15.096,46.698c-7.873,0.0,-13.799,0.0,-16.352,0.0c1.298,-1.618,2.315,-3.474,2.971,-5.503l24.463,-75.671c2.94,-9.093,-2.048,-18.849,-11.143,-21.788c-9.093,-2.937,-18.848,2.049,-21.787,11.141l-16.567,51.247c-12.539,-10.502,-6.405,-5.364,-30.888,-25.868c-3.371,12.002,-12.916,21.243,-24.794,24.377c-3.58,0.944,-7.368,1.343,-11.267,1.084l-21.818,-1.45l-2.848,16.017l11.915,65.122c1.691,9.241,-1.562,19.11,-9.149,25.32l17.383,5.582c0.0,0.0,-30.778,0.0,-32.978,0.0h-15.854v26.148v53.075l19.836,-51.435h54.293l18.733,48.574l-5.976,15.103c-4.219,10.663,1.004,22.729,11.667,26.948c10.653,4.216,22.726,-0.996,26.948,-11.667l47.136,-119.113c2.534,-6.404,1.728,-13.648,-2.152,-19.338c-3.869,-5.672,-10.291,-9.066,-17.155,-9.066c-0.02,0.0,-0.04,0.0,-0.061,0.0l-49.96,0.147l2.954,-14.996c0.0,0.0,0.0,0.0,-36.935,-52.108c10.643,8.914,38.584,32.315,48.429,40.56c0.061,0.051,0.127,0.094,0.189,0.145c-1.86,1.743,-3.03,4.214,-3.03,6.964c0.0,5.273,4.275,9.548,9.549,9.548c5.45,0.0,125.902,0.0,131.308,0.0c5.273,0.0,9.549,-4.275,9.549,-9.548C461.594,294.858,457.318,290.582,452.045,290.582zM293.387,387.98v0.001c7.911,0.0,14.323,-6.413,14.323,-14.324c0.0,-5.419,-3.009,-10.132,-7.447,-12.566l18.756,-0.055l-19.518,49.322l-8.63,-22.379H293.387z"">
   </path>
  </g>
 </g>
 <g>
  <g>
   <path d=""M117.714,491.437V360.193h-0.001H91.089v131.245c0.0,13.534,10.97,24.504,24.504,24.504c3.309,0.0,6.463,-0.659,9.343,-1.849C120.394,507.685,117.714,499.871,117.714,491.437z"">
   </path>
  </g>
 </g>
 <g>
  <g>
   <path d=""M132.491,360.193v131.245h-0.001c0.0,13.532,10.97,24.504,24.504,24.504s24.504,-10.971,24.504,-24.504V360.193H132.491z"">
   </path>
  </g>
 </g>
 <g>
  <g>
   <path d=""M253.218,195.492l-66.192,-4.398l-27.511,-48.028l34.301,32.573l-9.114,-49.809c-2.286,-12.496,-12.418,-21.528,-24.195,-21.528c-15.165,0.0,-25.831,0.0,-42.663,0.0c-11.8,0.0,-21.903,9.006,-24.194,21.528L55.939,331.936c-1.284,7.017,3.704,13.559,10.286,13.559c31.872,0.0,114.052,0.0,145.902,0.0c6.597,0.0,11.573,-6.528,10.286,-13.559l-15.585,-85.177c-53.737,-3.571,-23.563,-1.566,-40.477,-2.69c-10.241,-0.681,-18.542,-7.791,-21.269,-17.099l-18.849,-64.839c36.156,63.119,32.288,56.382,32.837,57.299c3.352,5.575,9.134,8.88,15.253,9.261c81.534,5.418,76.638,5.116,77.641,5.116c10.012,0.0,18.443,-7.772,19.117,-17.907C271.783,205.331,263.785,196.195,253.218,195.492z"">
   </path>
  </g>
 </g>
 <g>
  <g>
   <circle cx=""139.178"" cy=""46.266"" r=""42.324"">
   </circle>
  </g>
 </g>
</svg>


Question: How many people are depicted in the image?",One,Two,Three,Four,B,human
210,"Examine the following SVG code carefully and answer the question based on your interpretation of the rendered image.

<svg id=""Layer_1"" style=""enable-background:new 0 0 512 512;"" version=""1.1"" viewbox=""0 0 512 512"" x=""0px"" xml:space=""preserve"" y=""0px"">
 <g>
  <g>
   <path d=""M286.466,208.571c0.798,4.568,0.721,9.327,-0.429,14.18l21.543,10.429l3.305,-10.223C303.598,210.941,292.289,209.666,286.466,208.571z"">
   </path>
  </g>
 </g>
 <g>
  <g>
   <path d=""M338.403,132.086c-19.953,-6.841,-41.673,3.789,-48.515,23.742c-7.166,20.9,4.846,43.811,26.731,49.394l3.454,-10.683c5.272,-16.308,22.768,-25.249,39.076,-19.983c1.46,0.471,2.858,1.045,4.196,1.705C367.393,157.59,356.916,138.434,338.403,132.086z"">
   </path>
  </g>
 </g>
 <g>
  <g>
   <path d=""M452.045,290.582c-9.363,0.0,-61.832,0.0,-92.497,0.0l52.423,-31.596c7.57,-4.58,10.361,-14.037,6.809,-21.903c11.532,-23.225,14.41,-29.02,25.572,-51.502c2.345,-4.724,0.418,-10.454,-4.306,-12.799c-4.724,-2.347,-10.454,-0.417,-12.799,4.306c-11.078,22.311,-13.56,27.308,-24.732,49.808c-2.895,0.08,-5.808,0.876,-8.463,2.482l-23.972,14.508l-15.096,46.698c-7.873,0.0,-13.799,0.0,-16.352,0.0c1.298,-1.618,2.315,-3.474,2.971,-5.503l24.463,-75.671c2.94,-9.093,-2.048,-18.849,-11.143,-21.788c-9.093,-2.937,-18.848,2.049,-21.787,11.141l-16.567,51.247c-12.539,-10.502,-6.405,-5.364,-30.888,-25.868c-3.371,12.002,-12.916,21.243,-24.794,24.377c-3.58,0.944,-7.368,1.343,-11.267,1.084l-21.818,-1.45l-2.848,16.017l11.915,65.122c1.691,9.241,-1.562,19.11,-9.149,25.32l17.383,5.582c0.0,0.0,-30.778,0.0,-32.978,0.0h-15.854v26.148v53.075l19.836,-51.435h54.293l18.733,48.574l-5.976,15.103c-4.219,10.663,1.004,22.729,11.667,26.948c10.653,4.216,22.726,-0.996,26.948,-11.667l47.136,-119.113c2.534,-6.404,1.728,-13.648,-2.152,-19.338c-3.869,-5.672,-10.291,-9.066,-17.155,-9.066c-0.02,0.0,-0.04,0.0,-0.061,0.0l-49.96,0.147l2.954,-14.996c0.0,0.0,0.0,0.0,-36.935,-52.108c10.643,8.914,38.584,32.315,48.429,40.56c0.061,0.051,0.127,0.094,0.189,0.145c-1.86,1.743,-3.03,4.214,-3.03,6.964c0.0,5.273,4.275,9.548,9.549,9.548c5.45,0.0,125.902,0.0,131.308,0.0c5.273,0.0,9.549,-4.275,9.549,-9.548C461.594,294.858,457.318,290.582,452.045,290.582zM293.387,387.98v0.001c7.911,0.0,14.323,-6.413,14.323,-14.324c0.0,-5.419,-3.009,-10.132,-7.447,-12.566l18.756,-0.055l-19.518,49.322l-8.63,-22.379H293.387z"">
   </path>
  </g>
 </g>
 <g>
  <g>
   <path d=""M117.714,491.437V360.193h-0.001H91.089v131.245c0.0,13.534,10.97,24.504,24.504,24.504c3.309,0.0,6.463,-0.659,9.343,-1.849C120.394,507.685,117.714,499.871,117.714,491.437z"">
   </path>
  </g>
 </g>
 <g>
  <g>
   <path d=""M132.491,360.193v131.245h-0.001c0.0,13.532,10.97,24.504,24.504,24.504s24.504,-10.971,24.504,-24.504V360.193H132.491z"">
   </path>
  </g>
 </g>
 <g>
  <g>
   <path d=""M253.218,195.492l-66.192,-4.398l-27.511,-48.028l34.301,32.573l-9.114,-49.809c-2.286,-12.496,-12.418,-21.528,-24.195,-21.528c-15.165,0.0,-25.831,0.0,-42.663,0.0c-11.8,0.0,-21.903,9.006,-24.194,21.528L55.939,331.936c-1.284,7.017,3.704,13.559,10.286,13.559c31.872,0.0,114.052,0.0,145.902,0.0c6.597,0.0,11.573,-6.528,10.286,-13.559l-15.585,-85.177c-53.737,-3.571,-23.563,-1.566,-40.477,-2.69c-10.241,-0.681,-18.542,-7.791,-21.269,-17.099l-18.849,-64.839c36.156,63.119,32.288,56.382,32.837,57.299c3.352,5.575,9.134,8.88,15.253,9.261c81.534,5.418,76.638,5.116,77.641,5.116c10.012,0.0,18.443,-7.772,19.117,-17.907C271.783,205.331,263.785,196.195,253.218,195.492z"">
   </path>
  </g>
 </g>
 <g>
  <g>
   <circle cx=""139.178"" cy=""46.266"" r=""42.324"">
   </circle>
  </g>
 </g>
</svg>


Question: What is the position of the person on the right?",Standing,down,Sitting,Running,C,human
211,"Examine the following SVG code carefully and answer the question based on your interpretation of the rendered image.

<svg id=""Layer_1"" style=""enable-background:new 0 0 512 512;"" version=""1.1"" viewbox=""0 0 512 512"" x=""0px"" xml:space=""preserve"" y=""0px"">
 <g>
  <g>
   <path d=""M286.466,208.571c0.798,4.568,0.721,9.327,-0.429,14.18l21.543,10.429l3.305,-10.223C303.598,210.941,292.289,209.666,286.466,208.571z"">
   </path>
  </g>
 </g>
 <g>
  <g>
   <path d=""M338.403,132.086c-19.953,-6.841,-41.673,3.789,-48.515,23.742c-7.166,20.9,4.846,43.811,26.731,49.394l3.454,-10.683c5.272,-16.308,22.768,-25.249,39.076,-19.983c1.46,0.471,2.858,1.045,4.196,1.705C367.393,157.59,356.916,138.434,338.403,132.086z"">
   </path>
  </g>
 </g>
 <g>
  <g>
   <path d=""M452.045,290.582c-9.363,0.0,-61.832,0.0,-92.497,0.0l52.423,-31.596c7.57,-4.58,10.361,-14.037,6.809,-21.903c11.532,-23.225,14.41,-29.02,25.572,-51.502c2.345,-4.724,0.418,-10.454,-4.306,-12.799c-4.724,-2.347,-10.454,-0.417,-12.799,4.306c-11.078,22.311,-13.56,27.308,-24.732,49.808c-2.895,0.08,-5.808,0.876,-8.463,2.482l-23.972,14.508l-15.096,46.698c-7.873,0.0,-13.799,0.0,-16.352,0.0c1.298,-1.618,2.315,-3.474,2.971,-5.503l24.463,-75.671c2.94,-9.093,-2.048,-18.849,-11.143,-21.788c-9.093,-2.937,-18.848,2.049,-21.787,11.141l-16.567,51.247c-12.539,-10.502,-6.405,-5.364,-30.888,-25.868c-3.371,12.002,-12.916,21.243,-24.794,24.377c-3.58,0.944,-7.368,1.343,-11.267,1.084l-21.818,-1.45l-2.848,16.017l11.915,65.122c1.691,9.241,-1.562,19.11,-9.149,25.32l17.383,5.582c0.0,0.0,-30.778,0.0,-32.978,0.0h-15.854v26.148v53.075l19.836,-51.435h54.293l18.733,48.574l-5.976,15.103c-4.219,10.663,1.004,22.729,11.667,26.948c10.653,4.216,22.726,-0.996,26.948,-11.667l47.136,-119.113c2.534,-6.404,1.728,-13.648,-2.152,-19.338c-3.869,-5.672,-10.291,-9.066,-17.155,-9.066c-0.02,0.0,-0.04,0.0,-0.061,0.0l-49.96,0.147l2.954,-14.996c0.0,0.0,0.0,0.0,-36.935,-52.108c10.643,8.914,38.584,32.315,48.429,40.56c0.061,0.051,0.127,0.094,0.189,0.145c-1.86,1.743,-3.03,4.214,-3.03,6.964c0.0,5.273,4.275,9.548,9.549,9.548c5.45,0.0,125.902,0.0,131.308,0.0c5.273,0.0,9.549,-4.275,9.549,-9.548C461.594,294.858,457.318,290.582,452.045,290.582zM293.387,387.98v0.001c7.911,0.0,14.323,-6.413,14.323,-14.324c0.0,-5.419,-3.009,-10.132,-7.447,-12.566l18.756,-0.055l-19.518,49.322l-8.63,-22.379H293.387z"">
   </path>
  </g>
 </g>
 <g>
  <g>
   <path d=""M117.714,491.437V360.193h-0.001H91.089v131.245c0.0,13.534,10.97,24.504,24.504,24.504c3.309,0.0,6.463,-0.659,9.343,-1.849C120.394,507.685,117.714,499.871,117.714,491.437z"">
   </path>
  </g>
 </g>
 <g>
  <g>
   <path d=""M132.491,360.193v131.245h-0.001c0.0,13.532,10.97,24.504,24.504,24.504s24.504,-10.971,24.504,-24.504V360.193H132.491z"">
   </path>
  </g>
 </g>
 <g>
  <g>
   <path d=""M253.218,195.492l-66.192,-4.398l-27.511,-48.028l34.301,32.573l-9.114,-49.809c-2.286,-12.496,-12.418,-21.528,-24.195,-21.528c-15.165,0.0,-25.831,0.0,-42.663,0.0c-11.8,0.0,-21.903,9.006,-24.194,21.528L55.939,331.936c-1.284,7.017,3.704,13.559,10.286,13.559c31.872,0.0,114.052,0.0,145.902,0.0c6.597,0.0,11.573,-6.528,10.286,-13.559l-15.585,-85.177c-53.737,-3.571,-23.563,-1.566,-40.477,-2.69c-10.241,-0.681,-18.542,-7.791,-21.269,-17.099l-18.849,-64.839c36.156,63.119,32.288,56.382,32.837,57.299c3.352,5.575,9.134,8.88,15.253,9.261c81.534,5.418,76.638,5.116,77.641,5.116c10.012,0.0,18.443,-7.772,19.117,-17.907C271.783,205.331,263.785,196.195,253.218,195.492z"">
   </path>
  </g>
 </g>
 <g>
  <g>
   <circle cx=""139.178"" cy=""46.266"" r=""42.324"">
   </circle>
  </g>
 </g>
</svg>


Question: What does the image likely represent?",book,cooking,child,sports,C,human
212,"Examine the following SVG code carefully and answer the question based on your interpretation of the rendered image.

<svg id=""Layer_1"" style=""enable-background:new 0 0 344.446 344.446;"" version=""1.1"" viewbox=""0 0 344.446 344.446"" x=""0px"" xml:space=""preserve"" y=""0px"">
 <g>
  <g>
   <g>
    <path d=""M257.148,223.972l-43.444,-9.656v-6.656h61.111V79.883c0.0,-19.672,-14.683,-35.978,-33.661,-38.539c-2.106,-16.656,-14.194,-30.539,-30.833,-34.7C198.27,3.627,185.859,2.105,173.448,2.105h-4.889c-7.15,0.0,-14.389,0.517,-21.506,1.522c-41.183,5.889,-72.239,41.7,-72.239,83.306v120.728h61.111v6.656l-43.444,9.65c-33.3,7.406,-56.556,36.389,-56.556,70.506v52.078h277.778v-52.078C313.703,260.355,290.448,231.372,257.148,223.972zM223.93,227.972l8.556,1.9l6.262,12.516c1.789,3.583,2.733,7.589,2.733,11.589c0.0,14.283,-11.622,25.906,-25.906,25.906h-4.806c-10.3,0.0,-19.744,-4.511,-26.222,-12.078C204.497,263.855,220.191,247.994,223.93,227.972zM213.07,225.555c-3.222,18.211,-19.133,32.106,-38.256,32.106c-19.123,0.0,-35.033,-13.894,-38.256,-32.106l10.478,-2.328v-16.15c8.467,3.9,17.856,6.139,27.778,6.139s19.311,-2.239,27.778,-6.139v16.15L213.07,225.555zM85.925,196.549V86.933c0.0,-36.106,26.956,-67.194,62.694,-72.3c6.6,-0.939,13.311,-1.417,19.939,-1.417h4.889c11.506,0.0,23.011,1.417,34.183,4.206c13.383,3.35,22.739,15.328,22.739,29.128V52.105h5.556c15.317,0.0,27.778,12.461,27.778,27.778v116.667h-44.939c13.894,-12.228,22.717,-30.083,22.717,-50.0V85.438h-11.111v1.811c-7.467,2.822,-27.644,9.3,-55.556,9.3c-27.912,0.0,-48.089,-6.478,-55.556,-9.3v-1.811h-11.111v61.111c0.0,19.917,8.822,37.772,22.717,50.0H85.925zM119.259,146.55V99.072c10.189,3.45,29.694,8.589,55.556,8.589s45.367,-5.139,55.556,-8.589v47.478c0.0,30.633,-24.922,55.556,-55.556,55.556C144.181,202.106,119.259,177.184,119.259,146.55zM110.881,242.394l6.261,-12.522l8.556,-1.9c3.744,20.028,19.433,35.883,39.383,39.833c-6.478,7.567,-15.922,12.078,-26.222,12.078h-4.806c-14.283,0.0,-25.906,-11.622,-25.906,-25.906C108.148,249.977,109.092,245.972,110.881,242.394zM302.594,335.438h-0.002h-44.444v-22.222h-11.111v22.222H102.592v-22.222H91.481v22.222H47.036v-40.967c0.0,-28.861,19.678,-53.394,47.85,-59.65l8.278,-1.839l-2.222,4.45c-2.556,5.111,-3.906,10.833,-3.906,16.544c0.0,20.411,16.606,37.017,37.017,37.017h4.806c14.333,0.0,27.394,-6.617,35.956,-17.606c8.561,10.989,21.622,17.606,35.956,17.606h4.806c20.411,0.0,37.017,-16.606,37.017,-37.017c0.0,-5.711,-1.35,-11.433,-3.906,-16.55l-2.222,-4.444l8.278,1.839c28.172,6.256,47.85,30.789,47.85,59.65V335.438z"">
    </path>
    <path d=""M174.814,68.772c24.683,0.0,54.25,5.411,54.544,5.461l16.117,2.978l-10.989,-12.161c-0.883,-0.983,-22.15,-24.056,-59.672,-24.056c-37.522,0.0,-58.789,23.072,-59.678,24.056l-10.989,12.167l16.117,-2.978C120.564,74.183,150.131,68.772,174.814,68.772zM174.814,52.105c13.711,0.0,24.989,3.611,33.461,7.8c-10.072,-1.2,-22.144,-2.244,-33.461,-2.244c-11.372,0.0,-23.494,1.056,-33.594,2.256C149.675,55.727,160.986,52.105,174.814,52.105z"">
    </path>
   </g>
  </g>
 </g>
</svg>


Question: What shape is the head of the object in the image?",Square,Circle,Triangle,Oval,D,human
213,"Examine the following SVG code carefully and answer the question based on your interpretation of the rendered image.

<svg id=""Layer_1"" style=""enable-background:new 0 0 344.446 344.446;"" version=""1.1"" viewbox=""0 0 344.446 344.446"" x=""0px"" xml:space=""preserve"" y=""0px"">
 <g>
  <g>
   <g>
    <path d=""M257.148,223.972l-43.444,-9.656v-6.656h61.111V79.883c0.0,-19.672,-14.683,-35.978,-33.661,-38.539c-2.106,-16.656,-14.194,-30.539,-30.833,-34.7C198.27,3.627,185.859,2.105,173.448,2.105h-4.889c-7.15,0.0,-14.389,0.517,-21.506,1.522c-41.183,5.889,-72.239,41.7,-72.239,83.306v120.728h61.111v6.656l-43.444,9.65c-33.3,7.406,-56.556,36.389,-56.556,70.506v52.078h277.778v-52.078C313.703,260.355,290.448,231.372,257.148,223.972zM223.93,227.972l8.556,1.9l6.262,12.516c1.789,3.583,2.733,7.589,2.733,11.589c0.0,14.283,-11.622,25.906,-25.906,25.906h-4.806c-10.3,0.0,-19.744,-4.511,-26.222,-12.078C204.497,263.855,220.191,247.994,223.93,227.972zM213.07,225.555c-3.222,18.211,-19.133,32.106,-38.256,32.106c-19.123,0.0,-35.033,-13.894,-38.256,-32.106l10.478,-2.328v-16.15c8.467,3.9,17.856,6.139,27.778,6.139s19.311,-2.239,27.778,-6.139v16.15L213.07,225.555zM85.925,196.549V86.933c0.0,-36.106,26.956,-67.194,62.694,-72.3c6.6,-0.939,13.311,-1.417,19.939,-1.417h4.889c11.506,0.0,23.011,1.417,34.183,4.206c13.383,3.35,22.739,15.328,22.739,29.128V52.105h5.556c15.317,0.0,27.778,12.461,27.778,27.778v116.667h-44.939c13.894,-12.228,22.717,-30.083,22.717,-50.0V85.438h-11.111v1.811c-7.467,2.822,-27.644,9.3,-55.556,9.3c-27.912,0.0,-48.089,-6.478,-55.556,-9.3v-1.811h-11.111v61.111c0.0,19.917,8.822,37.772,22.717,50.0H85.925zM119.259,146.55V99.072c10.189,3.45,29.694,8.589,55.556,8.589s45.367,-5.139,55.556,-8.589v47.478c0.0,30.633,-24.922,55.556,-55.556,55.556C144.181,202.106,119.259,177.184,119.259,146.55zM110.881,242.394l6.261,-12.522l8.556,-1.9c3.744,20.028,19.433,35.883,39.383,39.833c-6.478,7.567,-15.922,12.078,-26.222,12.078h-4.806c-14.283,0.0,-25.906,-11.622,-25.906,-25.906C108.148,249.977,109.092,245.972,110.881,242.394zM302.594,335.438h-0.002h-44.444v-22.222h-11.111v22.222H102.592v-22.222H91.481v22.222H47.036v-40.967c0.0,-28.861,19.678,-53.394,47.85,-59.65l8.278,-1.839l-2.222,4.45c-2.556,5.111,-3.906,10.833,-3.906,16.544c0.0,20.411,16.606,37.017,37.017,37.017h4.806c14.333,0.0,27.394,-6.617,35.956,-17.606c8.561,10.989,21.622,17.606,35.956,17.606h4.806c20.411,0.0,37.017,-16.606,37.017,-37.017c0.0,-5.711,-1.35,-11.433,-3.906,-16.55l-2.222,-4.444l8.278,1.839c28.172,6.256,47.85,30.789,47.85,59.65V335.438z"">
    </path>
    <path d=""M174.814,68.772c24.683,0.0,54.25,5.411,54.544,5.461l16.117,2.978l-10.989,-12.161c-0.883,-0.983,-22.15,-24.056,-59.672,-24.056c-37.522,0.0,-58.789,23.072,-59.678,24.056l-10.989,12.167l16.117,-2.978C120.564,74.183,150.131,68.772,174.814,68.772zM174.814,52.105c13.711,0.0,24.989,3.611,33.461,7.8c-10.072,-1.2,-22.144,-2.244,-33.461,-2.244c-11.372,0.0,-23.494,1.056,-33.594,2.256C149.675,55.727,160.986,52.105,174.814,52.105z"">
    </path>
   </g>
  </g>
 </g>
</svg>


Question: What geometric feature is present at the bottom of the object in the image?",line,triangle,circle,rectangle,D,human
214,"Examine the following SVG code carefully and answer the question based on your interpretation of the rendered image.

<svg id=""Layer_1"" style=""enable-background:new 0 0 344.446 344.446;"" version=""1.1"" viewbox=""0 0 344.446 344.446"" x=""0px"" xml:space=""preserve"" y=""0px"">
 <g>
  <g>
   <g>
    <path d=""M257.148,223.972l-43.444,-9.656v-6.656h61.111V79.883c0.0,-19.672,-14.683,-35.978,-33.661,-38.539c-2.106,-16.656,-14.194,-30.539,-30.833,-34.7C198.27,3.627,185.859,2.105,173.448,2.105h-4.889c-7.15,0.0,-14.389,0.517,-21.506,1.522c-41.183,5.889,-72.239,41.7,-72.239,83.306v120.728h61.111v6.656l-43.444,9.65c-33.3,7.406,-56.556,36.389,-56.556,70.506v52.078h277.778v-52.078C313.703,260.355,290.448,231.372,257.148,223.972zM223.93,227.972l8.556,1.9l6.262,12.516c1.789,3.583,2.733,7.589,2.733,11.589c0.0,14.283,-11.622,25.906,-25.906,25.906h-4.806c-10.3,0.0,-19.744,-4.511,-26.222,-12.078C204.497,263.855,220.191,247.994,223.93,227.972zM213.07,225.555c-3.222,18.211,-19.133,32.106,-38.256,32.106c-19.123,0.0,-35.033,-13.894,-38.256,-32.106l10.478,-2.328v-16.15c8.467,3.9,17.856,6.139,27.778,6.139s19.311,-2.239,27.778,-6.139v16.15L213.07,225.555zM85.925,196.549V86.933c0.0,-36.106,26.956,-67.194,62.694,-72.3c6.6,-0.939,13.311,-1.417,19.939,-1.417h4.889c11.506,0.0,23.011,1.417,34.183,4.206c13.383,3.35,22.739,15.328,22.739,29.128V52.105h5.556c15.317,0.0,27.778,12.461,27.778,27.778v116.667h-44.939c13.894,-12.228,22.717,-30.083,22.717,-50.0V85.438h-11.111v1.811c-7.467,2.822,-27.644,9.3,-55.556,9.3c-27.912,0.0,-48.089,-6.478,-55.556,-9.3v-1.811h-11.111v61.111c0.0,19.917,8.822,37.772,22.717,50.0H85.925zM119.259,146.55V99.072c10.189,3.45,29.694,8.589,55.556,8.589s45.367,-5.139,55.556,-8.589v47.478c0.0,30.633,-24.922,55.556,-55.556,55.556C144.181,202.106,119.259,177.184,119.259,146.55zM110.881,242.394l6.261,-12.522l8.556,-1.9c3.744,20.028,19.433,35.883,39.383,39.833c-6.478,7.567,-15.922,12.078,-26.222,12.078h-4.806c-14.283,0.0,-25.906,-11.622,-25.906,-25.906C108.148,249.977,109.092,245.972,110.881,242.394zM302.594,335.438h-0.002h-44.444v-22.222h-11.111v22.222H102.592v-22.222H91.481v22.222H47.036v-40.967c0.0,-28.861,19.678,-53.394,47.85,-59.65l8.278,-1.839l-2.222,4.45c-2.556,5.111,-3.906,10.833,-3.906,16.544c0.0,20.411,16.606,37.017,37.017,37.017h4.806c14.333,0.0,27.394,-6.617,35.956,-17.606c8.561,10.989,21.622,17.606,35.956,17.606h4.806c20.411,0.0,37.017,-16.606,37.017,-37.017c0.0,-5.711,-1.35,-11.433,-3.906,-16.55l-2.222,-4.444l8.278,1.839c28.172,6.256,47.85,30.789,47.85,59.65V335.438z"">
    </path>
    <path d=""M174.814,68.772c24.683,0.0,54.25,5.411,54.544,5.461l16.117,2.978l-10.989,-12.161c-0.883,-0.983,-22.15,-24.056,-59.672,-24.056c-37.522,0.0,-58.789,23.072,-59.678,24.056l-10.989,12.167l16.117,-2.978C120.564,74.183,150.131,68.772,174.814,68.772zM174.814,52.105c13.711,0.0,24.989,3.611,33.461,7.8c-10.072,-1.2,-22.144,-2.244,-33.461,-2.244c-11.372,0.0,-23.494,1.056,-33.594,2.256C149.675,55.727,160.986,52.105,174.814,52.105z"">
    </path>
   </g>
  </g>
 </g>
</svg>


Question: What is the object in the image wearing on its head?",hat,crown,helmet,headband,D,human
215,"Examine the following SVG code carefully and answer the question based on your interpretation of the rendered image.

<svg id=""Layer_1"" style=""enable-background:new 0 0 344.446 344.446;"" version=""1.1"" viewbox=""0 0 344.446 344.446"" x=""0px"" xml:space=""preserve"" y=""0px"">
 <g>
  <g>
   <g>
    <path d=""M257.148,223.972l-43.444,-9.656v-6.656h61.111V79.883c0.0,-19.672,-14.683,-35.978,-33.661,-38.539c-2.106,-16.656,-14.194,-30.539,-30.833,-34.7C198.27,3.627,185.859,2.105,173.448,2.105h-4.889c-7.15,0.0,-14.389,0.517,-21.506,1.522c-41.183,5.889,-72.239,41.7,-72.239,83.306v120.728h61.111v6.656l-43.444,9.65c-33.3,7.406,-56.556,36.389,-56.556,70.506v52.078h277.778v-52.078C313.703,260.355,290.448,231.372,257.148,223.972zM223.93,227.972l8.556,1.9l6.262,12.516c1.789,3.583,2.733,7.589,2.733,11.589c0.0,14.283,-11.622,25.906,-25.906,25.906h-4.806c-10.3,0.0,-19.744,-4.511,-26.222,-12.078C204.497,263.855,220.191,247.994,223.93,227.972zM213.07,225.555c-3.222,18.211,-19.133,32.106,-38.256,32.106c-19.123,0.0,-35.033,-13.894,-38.256,-32.106l10.478,-2.328v-16.15c8.467,3.9,17.856,6.139,27.778,6.139s19.311,-2.239,27.778,-6.139v16.15L213.07,225.555zM85.925,196.549V86.933c0.0,-36.106,26.956,-67.194,62.694,-72.3c6.6,-0.939,13.311,-1.417,19.939,-1.417h4.889c11.506,0.0,23.011,1.417,34.183,4.206c13.383,3.35,22.739,15.328,22.739,29.128V52.105h5.556c15.317,0.0,27.778,12.461,27.778,27.778v116.667h-44.939c13.894,-12.228,22.717,-30.083,22.717,-50.0V85.438h-11.111v1.811c-7.467,2.822,-27.644,9.3,-55.556,9.3c-27.912,0.0,-48.089,-6.478,-55.556,-9.3v-1.811h-11.111v61.111c0.0,19.917,8.822,37.772,22.717,50.0H85.925zM119.259,146.55V99.072c10.189,3.45,29.694,8.589,55.556,8.589s45.367,-5.139,55.556,-8.589v47.478c0.0,30.633,-24.922,55.556,-55.556,55.556C144.181,202.106,119.259,177.184,119.259,146.55zM110.881,242.394l6.261,-12.522l8.556,-1.9c3.744,20.028,19.433,35.883,39.383,39.833c-6.478,7.567,-15.922,12.078,-26.222,12.078h-4.806c-14.283,0.0,-25.906,-11.622,-25.906,-25.906C108.148,249.977,109.092,245.972,110.881,242.394zM302.594,335.438h-0.002h-44.444v-22.222h-11.111v22.222H102.592v-22.222H91.481v22.222H47.036v-40.967c0.0,-28.861,19.678,-53.394,47.85,-59.65l8.278,-1.839l-2.222,4.45c-2.556,5.111,-3.906,10.833,-3.906,16.544c0.0,20.411,16.606,37.017,37.017,37.017h4.806c14.333,0.0,27.394,-6.617,35.956,-17.606c8.561,10.989,21.622,17.606,35.956,17.606h4.806c20.411,0.0,37.017,-16.606,37.017,-37.017c0.0,-5.711,-1.35,-11.433,-3.906,-16.55l-2.222,-4.444l8.278,1.839c28.172,6.256,47.85,30.789,47.85,59.65V335.438z"">
    </path>
    <path d=""M174.814,68.772c24.683,0.0,54.25,5.411,54.544,5.461l16.117,2.978l-10.989,-12.161c-0.883,-0.983,-22.15,-24.056,-59.672,-24.056c-37.522,0.0,-58.789,23.072,-59.678,24.056l-10.989,12.167l16.117,-2.978C120.564,74.183,150.131,68.772,174.814,68.772zM174.814,52.105c13.711,0.0,24.989,3.611,33.461,7.8c-10.072,-1.2,-22.144,-2.244,-33.461,-2.244c-11.372,0.0,-23.494,1.056,-33.594,2.256C149.675,55.727,160.986,52.105,174.814,52.105z"">
    </path>
   </g>
  </g>
 </g>
</svg>


Question: What does the object in the image represent?",tree,house,person,car,C,human
216,"Examine the following SVG code carefully and answer the question based on your interpretation of the rendered image.

<svg id=""Capa_1"" style=""enable-background:new 0 0 51.742 51.742;"" version=""1.1"" viewbox=""0 0 51.742 51.742"" x=""0px"" xml:space=""preserve"" y=""0px"">
 <g>
  <g>
   <ellipse cx=""27.864"" cy=""4.52"" rx=""4.306"" ry=""4.355"" style=""fill:#010002;"" transform=""translate(0.38853665823837513,0.45890630107846914) rotate(0, 0, 0)"">
   </ellipse>
   <path d=""M38.988,16.721c-0.929,-2.036,-2.109,-3.97,-3.875,-5.369c-0.189,-0.15,-0.388,-0.25,-0.586,-0.327c-0.014,-0.016,-0.021,-0.035,-0.035,-0.05c-2.656,-1.349,-8.126,-1.001,-10.905,-0.602c-0.171,0.001,-0.35,0.019,-0.544,0.073c-0.108,0.03,-0.218,0.046,-0.327,0.07c-0.073,0.014,-0.155,0.028,-0.219,0.042v0.006c-1.541,0.29,-3.127,0.044,-4.62,-0.451c-0.776,-1.708,-1.385,-3.494,-1.699,-5.348c-0.016,-0.094,-0.046,-0.175,-0.071,-0.261l-0.787,-3.578c-0.071,-0.321,-0.386,-0.524,-0.703,-0.452c-0.318,0.071,-0.52,0.39,-0.448,0.711l0.426,1.941c-1.25,-0.224,-2.723,0.643,-2.445,2.285c0.322,1.9,0.886,3.771,1.635,5.543c0.417,0.986,0.803,2.316,1.886,2.742c2.036,0.799,4.39,1.314,6.607,1.074l-0.081,1.552c0.004,3.194,0.021,15.185,0.021,15.354l0.083,17.986c0.0,1.376,1.133,2.491,2.531,2.491s2.533,-1.115,2.533,-2.491v-17.43c0.0,0.0,-0.023,-0.859,0.867,-0.85c0.891,0.01,0.972,0.893,0.972,0.893v17.436c0.0,1.375,1.133,2.49,2.531,2.49c1.4,0.0,2.396,-1.115,2.396,-2.49V32.976l-0.007,-2.652c1.977,-1.283,3.517,-3.137,4.621,-5.229c0.606,-1.149,1.658,-2.755,1.658,-4.122C40.404,19.577,39.543,17.938,38.988,16.721zM36.101,21.21c-0.271,0.611,-0.55,1.223,-0.878,1.805c-0.343,0.606,-0.712,1.184,-1.114,1.731l-0.021,-8.473c0.979,1.381,1.664,2.996,2.133,4.621C36.195,20.984,36.156,21.087,36.101,21.21zM36.269,20.715C36.268,20.505,36.312,20.508,36.269,20.715L36.269,20.715z"" style=""fill:#010002;"">
   </path>
  </g>
 </g>
</svg>


Question: What is the shape of the head of the object?",Square,Triangle,Hexagon,Circle,D,human
217,"Examine the following SVG code carefully and answer the question based on your interpretation of the rendered image.

<svg id=""Capa_1"" style=""enable-background:new 0 0 51.742 51.742;"" version=""1.1"" viewbox=""0 0 51.742 51.742"" x=""0px"" xml:space=""preserve"" y=""0px"">
 <g>
  <g>
   <ellipse cx=""27.864"" cy=""4.52"" rx=""4.306"" ry=""4.355"" style=""fill:#010002;"" transform=""translate(0.38853665823837513,0.45890630107846914) rotate(0, 0, 0)"">
   </ellipse>
   <path d=""M38.988,16.721c-0.929,-2.036,-2.109,-3.97,-3.875,-5.369c-0.189,-0.15,-0.388,-0.25,-0.586,-0.327c-0.014,-0.016,-0.021,-0.035,-0.035,-0.05c-2.656,-1.349,-8.126,-1.001,-10.905,-0.602c-0.171,0.001,-0.35,0.019,-0.544,0.073c-0.108,0.03,-0.218,0.046,-0.327,0.07c-0.073,0.014,-0.155,0.028,-0.219,0.042v0.006c-1.541,0.29,-3.127,0.044,-4.62,-0.451c-0.776,-1.708,-1.385,-3.494,-1.699,-5.348c-0.016,-0.094,-0.046,-0.175,-0.071,-0.261l-0.787,-3.578c-0.071,-0.321,-0.386,-0.524,-0.703,-0.452c-0.318,0.071,-0.52,0.39,-0.448,0.711l0.426,1.941c-1.25,-0.224,-2.723,0.643,-2.445,2.285c0.322,1.9,0.886,3.771,1.635,5.543c0.417,0.986,0.803,2.316,1.886,2.742c2.036,0.799,4.39,1.314,6.607,1.074l-0.081,1.552c0.004,3.194,0.021,15.185,0.021,15.354l0.083,17.986c0.0,1.376,1.133,2.491,2.531,2.491s2.533,-1.115,2.533,-2.491v-17.43c0.0,0.0,-0.023,-0.859,0.867,-0.85c0.891,0.01,0.972,0.893,0.972,0.893v17.436c0.0,1.375,1.133,2.49,2.531,2.49c1.4,0.0,2.396,-1.115,2.396,-2.49V32.976l-0.007,-2.652c1.977,-1.283,3.517,-3.137,4.621,-5.229c0.606,-1.149,1.658,-2.755,1.658,-4.122C40.404,19.577,39.543,17.938,38.988,16.721zM36.101,21.21c-0.271,0.611,-0.55,1.223,-0.878,1.805c-0.343,0.606,-0.712,1.184,-1.114,1.731l-0.021,-8.473c0.979,1.381,1.664,2.996,2.133,4.621C36.195,20.984,36.156,21.087,36.101,21.21zM36.269,20.715C36.268,20.505,36.312,20.508,36.269,20.715L36.269,20.715z"" style=""fill:#010002;"">
   </path>
  </g>
 </g>
</svg>


Question: What is the object doing with its right arm?",up,Waving,something,side,A,human
218,"Examine the following SVG code carefully and answer the question based on your interpretation of the rendered image.

<svg id=""Capa_1"" style=""enable-background:new 0 0 51.742 51.742;"" version=""1.1"" viewbox=""0 0 51.742 51.742"" x=""0px"" xml:space=""preserve"" y=""0px"">
 <g>
  <g>
   <ellipse cx=""27.864"" cy=""4.52"" rx=""4.306"" ry=""4.355"" style=""fill:#010002;"" transform=""translate(0.38853665823837513,0.45890630107846914) rotate(0, 0, 0)"">
   </ellipse>
   <path d=""M38.988,16.721c-0.929,-2.036,-2.109,-3.97,-3.875,-5.369c-0.189,-0.15,-0.388,-0.25,-0.586,-0.327c-0.014,-0.016,-0.021,-0.035,-0.035,-0.05c-2.656,-1.349,-8.126,-1.001,-10.905,-0.602c-0.171,0.001,-0.35,0.019,-0.544,0.073c-0.108,0.03,-0.218,0.046,-0.327,0.07c-0.073,0.014,-0.155,0.028,-0.219,0.042v0.006c-1.541,0.29,-3.127,0.044,-4.62,-0.451c-0.776,-1.708,-1.385,-3.494,-1.699,-5.348c-0.016,-0.094,-0.046,-0.175,-0.071,-0.261l-0.787,-3.578c-0.071,-0.321,-0.386,-0.524,-0.703,-0.452c-0.318,0.071,-0.52,0.39,-0.448,0.711l0.426,1.941c-1.25,-0.224,-2.723,0.643,-2.445,2.285c0.322,1.9,0.886,3.771,1.635,5.543c0.417,0.986,0.803,2.316,1.886,2.742c2.036,0.799,4.39,1.314,6.607,1.074l-0.081,1.552c0.004,3.194,0.021,15.185,0.021,15.354l0.083,17.986c0.0,1.376,1.133,2.491,2.531,2.491s2.533,-1.115,2.533,-2.491v-17.43c0.0,0.0,-0.023,-0.859,0.867,-0.85c0.891,0.01,0.972,0.893,0.972,0.893v17.436c0.0,1.375,1.133,2.49,2.531,2.49c1.4,0.0,2.396,-1.115,2.396,-2.49V32.976l-0.007,-2.652c1.977,-1.283,3.517,-3.137,4.621,-5.229c0.606,-1.149,1.658,-2.755,1.658,-4.122C40.404,19.577,39.543,17.938,38.988,16.721zM36.101,21.21c-0.271,0.611,-0.55,1.223,-0.878,1.805c-0.343,0.606,-0.712,1.184,-1.114,1.731l-0.021,-8.473c0.979,1.381,1.664,2.996,2.133,4.621C36.195,20.984,36.156,21.087,36.101,21.21zM36.269,20.715C36.268,20.505,36.312,20.508,36.269,20.715L36.269,20.715z"" style=""fill:#010002;"">
   </path>
  </g>
 </g>
</svg>


Question: How many legs does the object have?",Two,One,Three,Four,A,human
219,"Examine the following SVG code carefully and answer the question based on your interpretation of the rendered image.

<svg id=""Capa_1"" style=""enable-background:new 0 0 51.742 51.742;"" version=""1.1"" viewbox=""0 0 51.742 51.742"" x=""0px"" xml:space=""preserve"" y=""0px"">
 <g>
  <g>
   <ellipse cx=""27.864"" cy=""4.52"" rx=""4.306"" ry=""4.355"" style=""fill:#010002;"" transform=""translate(0.38853665823837513,0.45890630107846914) rotate(0, 0, 0)"">
   </ellipse>
   <path d=""M38.988,16.721c-0.929,-2.036,-2.109,-3.97,-3.875,-5.369c-0.189,-0.15,-0.388,-0.25,-0.586,-0.327c-0.014,-0.016,-0.021,-0.035,-0.035,-0.05c-2.656,-1.349,-8.126,-1.001,-10.905,-0.602c-0.171,0.001,-0.35,0.019,-0.544,0.073c-0.108,0.03,-0.218,0.046,-0.327,0.07c-0.073,0.014,-0.155,0.028,-0.219,0.042v0.006c-1.541,0.29,-3.127,0.044,-4.62,-0.451c-0.776,-1.708,-1.385,-3.494,-1.699,-5.348c-0.016,-0.094,-0.046,-0.175,-0.071,-0.261l-0.787,-3.578c-0.071,-0.321,-0.386,-0.524,-0.703,-0.452c-0.318,0.071,-0.52,0.39,-0.448,0.711l0.426,1.941c-1.25,-0.224,-2.723,0.643,-2.445,2.285c0.322,1.9,0.886,3.771,1.635,5.543c0.417,0.986,0.803,2.316,1.886,2.742c2.036,0.799,4.39,1.314,6.607,1.074l-0.081,1.552c0.004,3.194,0.021,15.185,0.021,15.354l0.083,17.986c0.0,1.376,1.133,2.491,2.531,2.491s2.533,-1.115,2.533,-2.491v-17.43c0.0,0.0,-0.023,-0.859,0.867,-0.85c0.891,0.01,0.972,0.893,0.972,0.893v17.436c0.0,1.375,1.133,2.49,2.531,2.49c1.4,0.0,2.396,-1.115,2.396,-2.49V32.976l-0.007,-2.652c1.977,-1.283,3.517,-3.137,4.621,-5.229c0.606,-1.149,1.658,-2.755,1.658,-4.122C40.404,19.577,39.543,17.938,38.988,16.721zM36.101,21.21c-0.271,0.611,-0.55,1.223,-0.878,1.805c-0.343,0.606,-0.712,1.184,-1.114,1.731l-0.021,-8.473c0.979,1.381,1.664,2.996,2.133,4.621C36.195,20.984,36.156,21.087,36.101,21.21zM36.269,20.715C36.268,20.505,36.312,20.508,36.269,20.715L36.269,20.715z"" style=""fill:#010002;"">
   </path>
  </g>
 </g>
</svg>


Question: What does the object represent?",tree,house,animal,person,D,human
220,"Examine the following SVG code carefully and answer the question based on your interpretation of the rendered image.

<svg height=""456.432px"" id=""Capa_1"" style=""enable-background:new 0 0 456.433 456.432;"" version=""1.1"" viewbox=""0 0 456.433 456.432"" width=""456.433px"" x=""0px"" xml:space=""preserve"" y=""0px"">
 <g>
  <g>
   <path d=""M449.615,13.603H173.776c-5.335,0.0,-9.658,4.325,-9.658,9.659v68.46c-5.819,-1.496,-11.828,-2.371,-17.993,-2.563c-0.072,-0.003,-0.146,-0.004,-0.218,-0.004h-3.755c-0.073,0.0,-0.146,0.001,-0.219,0.004c-52.664,1.643,-94.141,52.55,-100.862,123.797c-1.678,17.788,-0.754,30.547,-0.011,40.808c1.25,17.229,1.175,23.554,-8.781,30.741c-1.828,1.32,-2.908,3.439,-2.902,5.693c0.006,2.254,1.097,4.367,2.931,5.678c5.522,3.945,15.733,6.209,28.017,6.209c3.285,0.0,6.607,-0.174,9.797,-0.498C48.091,314.075,2.844,341.255,2.844,384.907v55.814c0.0,3.867,3.134,7.0,7.0,7.0h268.374c3.866,0.0,7.0,-3.133,7.0,-7.0v-55.814c0.0,-43.632,-45.205,-70.807,-67.278,-83.32c3.188,0.324,6.511,0.498,9.797,0.498c12.282,0.0,22.494,-2.264,28.017,-6.209c1.834,-1.311,2.925,-3.424,2.931,-5.678s-1.075,-4.373,-2.901,-5.693c-9.957,-7.188,-10.031,-13.514,-8.781,-30.75c0.742,-10.252,1.666,-23.012,-0.012,-40.798c-0.104,-1.104,-0.218,-2.202,-0.338,-3.296h74.852V272.446c0.0,3.905,2.353,7.428,5.963,8.924c1.193,0.494,2.449,0.735,3.692,0.735c2.514,0.0,4.984,-0.981,6.832,-2.829l70.099,-69.615h41.527c5.335,0.0,9.659,-4.324,9.659,-9.659V23.262C459.274,17.928,454.949,13.603,449.615,13.603zM216.537,202.36c-1.935,7.521,-6.841,12.052,-10.55,12.503l-0.261,0.034c-2.798,0.371,-5.099,2.386,-5.836,5.109l-0.086,0.315c-8.364,30.334,-30.754,62.574,-55.774,62.574c-24.942,0.0,-47.351,-32.229,-55.76,-62.514l-0.102,-0.375c-0.736,-2.722,-3.035,-4.735,-5.829,-5.108l-0.296,-0.04c-3.66,-0.501,-8.739,-5.013,-10.514,-12.47c-2.203,-9.257,2.266,-15.57,3.117,-15.881c5.968,1.971,11.979,2.97,17.885,2.97c34.444,0.0,56.395,-33.281,60.291,-39.672c8.206,3.854,14.255,7.868,18.941,12.555c9.461,9.461,13.105,19.456,15.775,26.775c0.768,2.104,1.637,4.489,2.468,6.149c0.898,1.797,2.525,3.121,4.467,3.636c1.942,0.515,4.01,0.17,5.682,-0.945c1.472,-0.983,3.177,-2.446,5.22,-4.482c2.459,-2.458,4.599,-5.075,6.371,-7.791c0.045,0.002,0.063,0.003,0.053,0.001c1.356,0.347,2.598,1.389,3.544,3.012C217.398,192.138,217.842,197.243,216.537,202.36zM434.274,184.661h-36.492l-7.312,7.261l-43.97,43.667v-50.928H242.268c-9.01,-36.926,-28.161,-66.014,-53.15,-81.98V38.603H434.274V184.661z"">
   </path>
   <circle cx=""266.696"" cy=""114.174"" r=""14"">
   </circle>
   <circle cx=""311.696"" cy=""114.174"" r=""14"">
   </circle>
   <circle cx=""356.696"" cy=""114.174"" r=""14"">
   </circle>
  </g>
 </g>
</svg>


Question: How many dots are inside the speech bubble?",One,Two,Four,Three,D,human
221,"Examine the following SVG code carefully and answer the question based on your interpretation of the rendered image.

<svg height=""456.432px"" id=""Capa_1"" style=""enable-background:new 0 0 456.433 456.432;"" version=""1.1"" viewbox=""0 0 456.433 456.432"" width=""456.433px"" x=""0px"" xml:space=""preserve"" y=""0px"">
 <g>
  <g>
   <path d=""M449.615,13.603H173.776c-5.335,0.0,-9.658,4.325,-9.658,9.659v68.46c-5.819,-1.496,-11.828,-2.371,-17.993,-2.563c-0.072,-0.003,-0.146,-0.004,-0.218,-0.004h-3.755c-0.073,0.0,-0.146,0.001,-0.219,0.004c-52.664,1.643,-94.141,52.55,-100.862,123.797c-1.678,17.788,-0.754,30.547,-0.011,40.808c1.25,17.229,1.175,23.554,-8.781,30.741c-1.828,1.32,-2.908,3.439,-2.902,5.693c0.006,2.254,1.097,4.367,2.931,5.678c5.522,3.945,15.733,6.209,28.017,6.209c3.285,0.0,6.607,-0.174,9.797,-0.498C48.091,314.075,2.844,341.255,2.844,384.907v55.814c0.0,3.867,3.134,7.0,7.0,7.0h268.374c3.866,0.0,7.0,-3.133,7.0,-7.0v-55.814c0.0,-43.632,-45.205,-70.807,-67.278,-83.32c3.188,0.324,6.511,0.498,9.797,0.498c12.282,0.0,22.494,-2.264,28.017,-6.209c1.834,-1.311,2.925,-3.424,2.931,-5.678s-1.075,-4.373,-2.901,-5.693c-9.957,-7.188,-10.031,-13.514,-8.781,-30.75c0.742,-10.252,1.666,-23.012,-0.012,-40.798c-0.104,-1.104,-0.218,-2.202,-0.338,-3.296h74.852V272.446c0.0,3.905,2.353,7.428,5.963,8.924c1.193,0.494,2.449,0.735,3.692,0.735c2.514,0.0,4.984,-0.981,6.832,-2.829l70.099,-69.615h41.527c5.335,0.0,9.659,-4.324,9.659,-9.659V23.262C459.274,17.928,454.949,13.603,449.615,13.603zM216.537,202.36c-1.935,7.521,-6.841,12.052,-10.55,12.503l-0.261,0.034c-2.798,0.371,-5.099,2.386,-5.836,5.109l-0.086,0.315c-8.364,30.334,-30.754,62.574,-55.774,62.574c-24.942,0.0,-47.351,-32.229,-55.76,-62.514l-0.102,-0.375c-0.736,-2.722,-3.035,-4.735,-5.829,-5.108l-0.296,-0.04c-3.66,-0.501,-8.739,-5.013,-10.514,-12.47c-2.203,-9.257,2.266,-15.57,3.117,-15.881c5.968,1.971,11.979,2.97,17.885,2.97c34.444,0.0,56.395,-33.281,60.291,-39.672c8.206,3.854,14.255,7.868,18.941,12.555c9.461,9.461,13.105,19.456,15.775,26.775c0.768,2.104,1.637,4.489,2.468,6.149c0.898,1.797,2.525,3.121,4.467,3.636c1.942,0.515,4.01,0.17,5.682,-0.945c1.472,-0.983,3.177,-2.446,5.22,-4.482c2.459,-2.458,4.599,-5.075,6.371,-7.791c0.045,0.002,0.063,0.003,0.053,0.001c1.356,0.347,2.598,1.389,3.544,3.012C217.398,192.138,217.842,197.243,216.537,202.36zM434.274,184.661h-36.492l-7.312,7.261l-43.97,43.667v-50.928H242.268c-9.01,-36.926,-28.161,-66.014,-53.15,-81.98V38.603H434.274V184.661z"">
   </path>
   <circle cx=""266.696"" cy=""114.174"" r=""14"">
   </circle>
   <circle cx=""311.696"" cy=""114.174"" r=""14"">
   </circle>
   <circle cx=""356.696"" cy=""114.174"" r=""14"">
   </circle>
  </g>
 </g>
</svg>


Question: What shape is the speech bubble?",Circle,Square,Triangle,Hexagon,B,human
222,"Examine the following SVG code carefully and answer the question based on your interpretation of the rendered image.

<svg height=""456.432px"" id=""Capa_1"" style=""enable-background:new 0 0 456.433 456.432;"" version=""1.1"" viewbox=""0 0 456.433 456.432"" width=""456.433px"" x=""0px"" xml:space=""preserve"" y=""0px"">
 <g>
  <g>
   <path d=""M449.615,13.603H173.776c-5.335,0.0,-9.658,4.325,-9.658,9.659v68.46c-5.819,-1.496,-11.828,-2.371,-17.993,-2.563c-0.072,-0.003,-0.146,-0.004,-0.218,-0.004h-3.755c-0.073,0.0,-0.146,0.001,-0.219,0.004c-52.664,1.643,-94.141,52.55,-100.862,123.797c-1.678,17.788,-0.754,30.547,-0.011,40.808c1.25,17.229,1.175,23.554,-8.781,30.741c-1.828,1.32,-2.908,3.439,-2.902,5.693c0.006,2.254,1.097,4.367,2.931,5.678c5.522,3.945,15.733,6.209,28.017,6.209c3.285,0.0,6.607,-0.174,9.797,-0.498C48.091,314.075,2.844,341.255,2.844,384.907v55.814c0.0,3.867,3.134,7.0,7.0,7.0h268.374c3.866,0.0,7.0,-3.133,7.0,-7.0v-55.814c0.0,-43.632,-45.205,-70.807,-67.278,-83.32c3.188,0.324,6.511,0.498,9.797,0.498c12.282,0.0,22.494,-2.264,28.017,-6.209c1.834,-1.311,2.925,-3.424,2.931,-5.678s-1.075,-4.373,-2.901,-5.693c-9.957,-7.188,-10.031,-13.514,-8.781,-30.75c0.742,-10.252,1.666,-23.012,-0.012,-40.798c-0.104,-1.104,-0.218,-2.202,-0.338,-3.296h74.852V272.446c0.0,3.905,2.353,7.428,5.963,8.924c1.193,0.494,2.449,0.735,3.692,0.735c2.514,0.0,4.984,-0.981,6.832,-2.829l70.099,-69.615h41.527c5.335,0.0,9.659,-4.324,9.659,-9.659V23.262C459.274,17.928,454.949,13.603,449.615,13.603zM216.537,202.36c-1.935,7.521,-6.841,12.052,-10.55,12.503l-0.261,0.034c-2.798,0.371,-5.099,2.386,-5.836,5.109l-0.086,0.315c-8.364,30.334,-30.754,62.574,-55.774,62.574c-24.942,0.0,-47.351,-32.229,-55.76,-62.514l-0.102,-0.375c-0.736,-2.722,-3.035,-4.735,-5.829,-5.108l-0.296,-0.04c-3.66,-0.501,-8.739,-5.013,-10.514,-12.47c-2.203,-9.257,2.266,-15.57,3.117,-15.881c5.968,1.971,11.979,2.97,17.885,2.97c34.444,0.0,56.395,-33.281,60.291,-39.672c8.206,3.854,14.255,7.868,18.941,12.555c9.461,9.461,13.105,19.456,15.775,26.775c0.768,2.104,1.637,4.489,2.468,6.149c0.898,1.797,2.525,3.121,4.467,3.636c1.942,0.515,4.01,0.17,5.682,-0.945c1.472,-0.983,3.177,-2.446,5.22,-4.482c2.459,-2.458,4.599,-5.075,6.371,-7.791c0.045,0.002,0.063,0.003,0.053,0.001c1.356,0.347,2.598,1.389,3.544,3.012C217.398,192.138,217.842,197.243,216.537,202.36zM434.274,184.661h-36.492l-7.312,7.261l-43.97,43.667v-50.928H242.268c-9.01,-36.926,-28.161,-66.014,-53.15,-81.98V38.603H434.274V184.661z"">
   </path>
   <circle cx=""266.696"" cy=""114.174"" r=""14"">
   </circle>
   <circle cx=""311.696"" cy=""114.174"" r=""14"">
   </circle>
   <circle cx=""356.696"" cy=""114.174"" r=""14"">
   </circle>
  </g>
 </g>
</svg>


Question: What is the silhouette of the person doing?",Running,Sitting,Speaking,Sleeping,C,human
223,"Examine the following SVG code carefully and answer the question based on your interpretation of the rendered image.

<svg height=""456.432px"" id=""Capa_1"" style=""enable-background:new 0 0 456.433 456.432;"" version=""1.1"" viewbox=""0 0 456.433 456.432"" width=""456.433px"" x=""0px"" xml:space=""preserve"" y=""0px"">
 <g>
  <g>
   <path d=""M449.615,13.603H173.776c-5.335,0.0,-9.658,4.325,-9.658,9.659v68.46c-5.819,-1.496,-11.828,-2.371,-17.993,-2.563c-0.072,-0.003,-0.146,-0.004,-0.218,-0.004h-3.755c-0.073,0.0,-0.146,0.001,-0.219,0.004c-52.664,1.643,-94.141,52.55,-100.862,123.797c-1.678,17.788,-0.754,30.547,-0.011,40.808c1.25,17.229,1.175,23.554,-8.781,30.741c-1.828,1.32,-2.908,3.439,-2.902,5.693c0.006,2.254,1.097,4.367,2.931,5.678c5.522,3.945,15.733,6.209,28.017,6.209c3.285,0.0,6.607,-0.174,9.797,-0.498C48.091,314.075,2.844,341.255,2.844,384.907v55.814c0.0,3.867,3.134,7.0,7.0,7.0h268.374c3.866,0.0,7.0,-3.133,7.0,-7.0v-55.814c0.0,-43.632,-45.205,-70.807,-67.278,-83.32c3.188,0.324,6.511,0.498,9.797,0.498c12.282,0.0,22.494,-2.264,28.017,-6.209c1.834,-1.311,2.925,-3.424,2.931,-5.678s-1.075,-4.373,-2.901,-5.693c-9.957,-7.188,-10.031,-13.514,-8.781,-30.75c0.742,-10.252,1.666,-23.012,-0.012,-40.798c-0.104,-1.104,-0.218,-2.202,-0.338,-3.296h74.852V272.446c0.0,3.905,2.353,7.428,5.963,8.924c1.193,0.494,2.449,0.735,3.692,0.735c2.514,0.0,4.984,-0.981,6.832,-2.829l70.099,-69.615h41.527c5.335,0.0,9.659,-4.324,9.659,-9.659V23.262C459.274,17.928,454.949,13.603,449.615,13.603zM216.537,202.36c-1.935,7.521,-6.841,12.052,-10.55,12.503l-0.261,0.034c-2.798,0.371,-5.099,2.386,-5.836,5.109l-0.086,0.315c-8.364,30.334,-30.754,62.574,-55.774,62.574c-24.942,0.0,-47.351,-32.229,-55.76,-62.514l-0.102,-0.375c-0.736,-2.722,-3.035,-4.735,-5.829,-5.108l-0.296,-0.04c-3.66,-0.501,-8.739,-5.013,-10.514,-12.47c-2.203,-9.257,2.266,-15.57,3.117,-15.881c5.968,1.971,11.979,2.97,17.885,2.97c34.444,0.0,56.395,-33.281,60.291,-39.672c8.206,3.854,14.255,7.868,18.941,12.555c9.461,9.461,13.105,19.456,15.775,26.775c0.768,2.104,1.637,4.489,2.468,6.149c0.898,1.797,2.525,3.121,4.467,3.636c1.942,0.515,4.01,0.17,5.682,-0.945c1.472,-0.983,3.177,-2.446,5.22,-4.482c2.459,-2.458,4.599,-5.075,6.371,-7.791c0.045,0.002,0.063,0.003,0.053,0.001c1.356,0.347,2.598,1.389,3.544,3.012C217.398,192.138,217.842,197.243,216.537,202.36zM434.274,184.661h-36.492l-7.312,7.261l-43.97,43.667v-50.928H242.268c-9.01,-36.926,-28.161,-66.014,-53.15,-81.98V38.603H434.274V184.661z"">
   </path>
   <circle cx=""266.696"" cy=""114.174"" r=""14"">
   </circle>
   <circle cx=""311.696"" cy=""114.174"" r=""14"">
   </circle>
   <circle cx=""356.696"" cy=""114.174"" r=""14"">
   </circle>
  </g>
 </g>
</svg>


Question: What does the entire image represent?",thinking,speaking,running,sleeping,B,human
236,"Examine the following SVG code carefully and answer the question based on your interpretation of the rendered image.

<svg height=""124.788px"" id=""Capa_1"" style=""enable-background:new 0 0 124.788 124.788;"" version=""1.1"" viewbox=""0 0 124.788 124.788"" width=""124.788px"" x=""0px"" xml:space=""preserve"" y=""0px"">
 <g>
  <g>
   <circle cx=""63.645"" cy=""14.138"" r=""13.059"">
   </circle>
   <path d=""M102.476,29.654l-31.498,-0.024c-1.277,-0.757,-2.666,-1.328,-4.08,-1.674l-3.253,3.275l-3.153,-3.312c-0.012,0.003,-0.021,0.003,-0.032,0.006c-1.46,0.349,-2.895,0.94,-4.209,1.728l-32.08,-0.024c-0.001,0.0,-0.003,0.0,-0.003,0.0c-2.799,0.0,-5.068,2.267,-5.07,5.065c-0.002,2.8,2.266,5.072,5.065,5.074l26.116,0.021v28.345c0.0,1.364,0.265,2.637,0.729,3.807c-0.036,0.266,-0.061,0.533,-0.061,0.809l0.05,47.133c0.002,3.307,2.685,5.985,5.991,5.985c0.002,0.0,0.005,0.0,0.007,0.0c3.309,-0.004,5.988,-2.688,5.984,-5.998l-0.041,-40.243c0.235,0.012,0.47,0.03,0.706,0.03c0.048,0.0,0.094,-0.007,0.142,-0.007l-0.002,39.978c0.0,3.31,2.683,5.992,5.992,5.992c3.31,0.0,5.991,-2.683,5.991,-5.991l0.003,-46.589c0.784,-1.455,1.241,-3.101,1.241,-4.905v-28.36l25.457,0.019c0.0,0.0,0.003,0.0,0.004,0.0c2.798,0.0,5.067,-2.267,5.069,-5.065C107.545,31.928,105.277,29.656,102.476,29.654z"">
   </path>
  </g>
 </g>
</svg>


Question: What shape is at the top of the object?",Square,Triangle,Circle,Rectangle,C,human
237,"Examine the following SVG code carefully and answer the question based on your interpretation of the rendered image.

<svg height=""124.788px"" id=""Capa_1"" style=""enable-background:new 0 0 124.788 124.788;"" version=""1.1"" viewbox=""0 0 124.788 124.788"" width=""124.788px"" x=""0px"" xml:space=""preserve"" y=""0px"">
 <g>
  <g>
   <circle cx=""63.645"" cy=""14.138"" r=""13.059"">
   </circle>
   <path d=""M102.476,29.654l-31.498,-0.024c-1.277,-0.757,-2.666,-1.328,-4.08,-1.674l-3.253,3.275l-3.153,-3.312c-0.012,0.003,-0.021,0.003,-0.032,0.006c-1.46,0.349,-2.895,0.94,-4.209,1.728l-32.08,-0.024c-0.001,0.0,-0.003,0.0,-0.003,0.0c-2.799,0.0,-5.068,2.267,-5.07,5.065c-0.002,2.8,2.266,5.072,5.065,5.074l26.116,0.021v28.345c0.0,1.364,0.265,2.637,0.729,3.807c-0.036,0.266,-0.061,0.533,-0.061,0.809l0.05,47.133c0.002,3.307,2.685,5.985,5.991,5.985c0.002,0.0,0.005,0.0,0.007,0.0c3.309,-0.004,5.988,-2.688,5.984,-5.998l-0.041,-40.243c0.235,0.012,0.47,0.03,0.706,0.03c0.048,0.0,0.094,-0.007,0.142,-0.007l-0.002,39.978c0.0,3.31,2.683,5.992,5.992,5.992c3.31,0.0,5.991,-2.683,5.991,-5.991l0.003,-46.589c0.784,-1.455,1.241,-3.101,1.241,-4.905v-28.36l25.457,0.019c0.0,0.0,0.003,0.0,0.004,0.0c2.798,0.0,5.067,-2.267,5.069,-5.065C107.545,31.928,105.277,29.656,102.476,29.654z"">
   </path>
  </g>
 </g>
</svg>


Question: How many arms does the object have?",Two,One,None,Three,A,human
238,"Examine the following SVG code carefully and answer the question based on your interpretation of the rendered image.

<svg height=""124.788px"" id=""Capa_1"" style=""enable-background:new 0 0 124.788 124.788;"" version=""1.1"" viewbox=""0 0 124.788 124.788"" width=""124.788px"" x=""0px"" xml:space=""preserve"" y=""0px"">
 <g>
  <g>
   <circle cx=""63.645"" cy=""14.138"" r=""13.059"">
   </circle>
   <path d=""M102.476,29.654l-31.498,-0.024c-1.277,-0.757,-2.666,-1.328,-4.08,-1.674l-3.253,3.275l-3.153,-3.312c-0.012,0.003,-0.021,0.003,-0.032,0.006c-1.46,0.349,-2.895,0.94,-4.209,1.728l-32.08,-0.024c-0.001,0.0,-0.003,0.0,-0.003,0.0c-2.799,0.0,-5.068,2.267,-5.07,5.065c-0.002,2.8,2.266,5.072,5.065,5.074l26.116,0.021v28.345c0.0,1.364,0.265,2.637,0.729,3.807c-0.036,0.266,-0.061,0.533,-0.061,0.809l0.05,47.133c0.002,3.307,2.685,5.985,5.991,5.985c0.002,0.0,0.005,0.0,0.007,0.0c3.309,-0.004,5.988,-2.688,5.984,-5.998l-0.041,-40.243c0.235,0.012,0.47,0.03,0.706,0.03c0.048,0.0,0.094,-0.007,0.142,-0.007l-0.002,39.978c0.0,3.31,2.683,5.992,5.992,5.992c3.31,0.0,5.991,-2.683,5.991,-5.991l0.003,-46.589c0.784,-1.455,1.241,-3.101,1.241,-4.905v-28.36l25.457,0.019c0.0,0.0,0.003,0.0,0.004,0.0c2.798,0.0,5.067,-2.267,5.069,-5.065C107.545,31.928,105.277,29.656,102.476,29.654z"">
   </path>
  </g>
 </g>
</svg>


Question: What is the shape of the object's legs?",Triangular,Circular,Oval,Rectangular,D,human
239,"Examine the following SVG code carefully and answer the question based on your interpretation of the rendered image.

<svg height=""124.788px"" id=""Capa_1"" style=""enable-background:new 0 0 124.788 124.788;"" version=""1.1"" viewbox=""0 0 124.788 124.788"" width=""124.788px"" x=""0px"" xml:space=""preserve"" y=""0px"">
 <g>
  <g>
   <circle cx=""63.645"" cy=""14.138"" r=""13.059"">
   </circle>
   <path d=""M102.476,29.654l-31.498,-0.024c-1.277,-0.757,-2.666,-1.328,-4.08,-1.674l-3.253,3.275l-3.153,-3.312c-0.012,0.003,-0.021,0.003,-0.032,0.006c-1.46,0.349,-2.895,0.94,-4.209,1.728l-32.08,-0.024c-0.001,0.0,-0.003,0.0,-0.003,0.0c-2.799,0.0,-5.068,2.267,-5.07,5.065c-0.002,2.8,2.266,5.072,5.065,5.074l26.116,0.021v28.345c0.0,1.364,0.265,2.637,0.729,3.807c-0.036,0.266,-0.061,0.533,-0.061,0.809l0.05,47.133c0.002,3.307,2.685,5.985,5.991,5.985c0.002,0.0,0.005,0.0,0.007,0.0c3.309,-0.004,5.988,-2.688,5.984,-5.998l-0.041,-40.243c0.235,0.012,0.47,0.03,0.706,0.03c0.048,0.0,0.094,-0.007,0.142,-0.007l-0.002,39.978c0.0,3.31,2.683,5.992,5.992,5.992c3.31,0.0,5.991,-2.683,5.991,-5.991l0.003,-46.589c0.784,-1.455,1.241,-3.101,1.241,-4.905v-28.36l25.457,0.019c0.0,0.0,0.003,0.0,0.004,0.0c2.798,0.0,5.067,-2.267,5.069,-5.065C107.545,31.928,105.277,29.656,102.476,29.654z"">
   </path>
  </g>
 </g>
</svg>


Question: What does the object represent?",tree,house,car,person,D,human
248,"Examine the following SVG code carefully and answer the question based on your interpretation of the rendered image.

<svg id=""Capa_1"" style=""enable-background:new 0 0 442.167 442.167;"" version=""1.1"" viewbox=""0 0 442.167 442.167"" x=""0px"" xml:space=""preserve"" y=""0px"">
 <g>
  <path d=""M386.75,5.506C381.233,4.054,375.163,3.318,368.71,3.318c-16.819,0.0,-33.523,4.91,-45.72,8.494c-3.09,0.908,-6.009,1.766,-8.496,2.413c-4.03,1.049,-8.972,1.269,-12.408,1.269c-4.056,0.0,-8.22,-0.324,-11.192,-0.844c-1.459,-1.835,-3.706,-3.015,-6.233,-3.015c-4.399,0.0,-7.965,3.566,-7.965,7.965v191.369l-61.934,-63.75c-3.393,-3.492,-6.363,-5.337,-15.136,-5.337h-66.868c-6.359,0.0,-11.274,3.375,-14.378,8.198L92.918,181.888c-4.314,5.389,-11.142,14.298,-15.22,19.859l-18.148,24.747c-5.497,7.496,-3.877,18.027,3.619,23.524c2.999,2.2,6.484,3.259,9.938,3.259c5.179,0.0,10.288,-2.382,13.585,-6.878l16.607,-22.646L83.311,330.082c-0.726,3.864,0.153,7.534,2.476,10.333c2.323,2.8,5.768,4.342,9.698,4.342h12.165l-16.416,77.967c-2.146,10.198,4.38,20.205,14.577,22.352c1.312,0.276,2.618,0.409,3.906,0.409c8.734,0.0,16.575,-6.099,18.446,-14.986l18.054,-85.741h24.686c0.243,5.379,0.327,11.641,0.172,15.743l-2.472,65.398c-0.394,10.414,7.729,19.175,18.144,19.568c0.243,0.009,0.484,0.014,0.725,0.014c10.092,0.0,18.459,-7.986,18.844,-18.157l2.472,-65.399c0.179,-4.748,0.123,-11.188,-0.11,-17.167h16.989c3.906,0.0,7.405,-1.536,9.852,-4.325c2.446,-2.789,3.514,-6.458,3.005,-10.331l-16.724,-127.335l50.79,52.28c1.235,1.272,2.624,2.307,4.107,3.104V430.668c0.0,4.399,3.565,7.965,7.965,7.965c4.399,0.0,7.965,-3.566,7.965,-7.965V258.136c1.344,-0.723,2.614,-1.63,3.763,-2.745c6.666,-6.477,6.82,-17.132,0.344,-23.798l-4.106,-4.227V102.606c0.602,0.011,1.196,0.03,1.804,0.03c15.788,0.0,33.91,-3.55,49.719,-9.739c6.598,-2.584,13.855,-3.895,21.57,-3.895c10.425,0.0,18.188,2.387,20.318,3.118c0.45,0.155,0.901,0.233,1.342,0.233c1.141,0.0,2.139,-0.519,2.809,-1.461c0.608,-0.855,0.916,-2.018,0.916,-3.454l0.02,-76.446C391.122,7.835,388.442,5.952,386.75,5.506z"">
  </path>
  <path d=""M170.287,132.886c29.13,0.0,52.829,-23.707,52.829,-52.846c0.0,-29.138,-23.699,-52.844,-52.829,-52.844c-29.138,0.0,-52.844,23.706,-52.844,52.844C117.443,109.18,141.149,132.886,170.287,132.886z"">
  </path>
 </g>
</svg>


Question: What shape is the head of the figure in the image?",Square,Triangle,Circle,Hexagon,C,human
249,"Examine the following SVG code carefully and answer the question based on your interpretation of the rendered image.

<svg id=""Capa_1"" style=""enable-background:new 0 0 442.167 442.167;"" version=""1.1"" viewbox=""0 0 442.167 442.167"" x=""0px"" xml:space=""preserve"" y=""0px"">
 <g>
  <path d=""M386.75,5.506C381.233,4.054,375.163,3.318,368.71,3.318c-16.819,0.0,-33.523,4.91,-45.72,8.494c-3.09,0.908,-6.009,1.766,-8.496,2.413c-4.03,1.049,-8.972,1.269,-12.408,1.269c-4.056,0.0,-8.22,-0.324,-11.192,-0.844c-1.459,-1.835,-3.706,-3.015,-6.233,-3.015c-4.399,0.0,-7.965,3.566,-7.965,7.965v191.369l-61.934,-63.75c-3.393,-3.492,-6.363,-5.337,-15.136,-5.337h-66.868c-6.359,0.0,-11.274,3.375,-14.378,8.198L92.918,181.888c-4.314,5.389,-11.142,14.298,-15.22,19.859l-18.148,24.747c-5.497,7.496,-3.877,18.027,3.619,23.524c2.999,2.2,6.484,3.259,9.938,3.259c5.179,0.0,10.288,-2.382,13.585,-6.878l16.607,-22.646L83.311,330.082c-0.726,3.864,0.153,7.534,2.476,10.333c2.323,2.8,5.768,4.342,9.698,4.342h12.165l-16.416,77.967c-2.146,10.198,4.38,20.205,14.577,22.352c1.312,0.276,2.618,0.409,3.906,0.409c8.734,0.0,16.575,-6.099,18.446,-14.986l18.054,-85.741h24.686c0.243,5.379,0.327,11.641,0.172,15.743l-2.472,65.398c-0.394,10.414,7.729,19.175,18.144,19.568c0.243,0.009,0.484,0.014,0.725,0.014c10.092,0.0,18.459,-7.986,18.844,-18.157l2.472,-65.399c0.179,-4.748,0.123,-11.188,-0.11,-17.167h16.989c3.906,0.0,7.405,-1.536,9.852,-4.325c2.446,-2.789,3.514,-6.458,3.005,-10.331l-16.724,-127.335l50.79,52.28c1.235,1.272,2.624,2.307,4.107,3.104V430.668c0.0,4.399,3.565,7.965,7.965,7.965c4.399,0.0,7.965,-3.566,7.965,-7.965V258.136c1.344,-0.723,2.614,-1.63,3.763,-2.745c6.666,-6.477,6.82,-17.132,0.344,-23.798l-4.106,-4.227V102.606c0.602,0.011,1.196,0.03,1.804,0.03c15.788,0.0,33.91,-3.55,49.719,-9.739c6.598,-2.584,13.855,-3.895,21.57,-3.895c10.425,0.0,18.188,2.387,20.318,3.118c0.45,0.155,0.901,0.233,1.342,0.233c1.141,0.0,2.139,-0.519,2.809,-1.461c0.608,-0.855,0.916,-2.018,0.916,-3.454l0.02,-76.446C391.122,7.835,388.442,5.952,386.75,5.506z"">
  </path>
  <path d=""M170.287,132.886c29.13,0.0,52.829,-23.707,52.829,-52.846c0.0,-29.138,-23.699,-52.844,-52.829,-52.844c-29.138,0.0,-52.844,23.706,-52.844,52.844C117.443,109.18,141.149,132.886,170.287,132.886z"">
  </path>
 </g>
</svg>


Question: What is the figure in the image holding?",book,flag,ball,stick,B,human
250,"Examine the following SVG code carefully and answer the question based on your interpretation of the rendered image.

<svg id=""Capa_1"" style=""enable-background:new 0 0 442.167 442.167;"" version=""1.1"" viewbox=""0 0 442.167 442.167"" x=""0px"" xml:space=""preserve"" y=""0px"">
 <g>
  <path d=""M386.75,5.506C381.233,4.054,375.163,3.318,368.71,3.318c-16.819,0.0,-33.523,4.91,-45.72,8.494c-3.09,0.908,-6.009,1.766,-8.496,2.413c-4.03,1.049,-8.972,1.269,-12.408,1.269c-4.056,0.0,-8.22,-0.324,-11.192,-0.844c-1.459,-1.835,-3.706,-3.015,-6.233,-3.015c-4.399,0.0,-7.965,3.566,-7.965,7.965v191.369l-61.934,-63.75c-3.393,-3.492,-6.363,-5.337,-15.136,-5.337h-66.868c-6.359,0.0,-11.274,3.375,-14.378,8.198L92.918,181.888c-4.314,5.389,-11.142,14.298,-15.22,19.859l-18.148,24.747c-5.497,7.496,-3.877,18.027,3.619,23.524c2.999,2.2,6.484,3.259,9.938,3.259c5.179,0.0,10.288,-2.382,13.585,-6.878l16.607,-22.646L83.311,330.082c-0.726,3.864,0.153,7.534,2.476,10.333c2.323,2.8,5.768,4.342,9.698,4.342h12.165l-16.416,77.967c-2.146,10.198,4.38,20.205,14.577,22.352c1.312,0.276,2.618,0.409,3.906,0.409c8.734,0.0,16.575,-6.099,18.446,-14.986l18.054,-85.741h24.686c0.243,5.379,0.327,11.641,0.172,15.743l-2.472,65.398c-0.394,10.414,7.729,19.175,18.144,19.568c0.243,0.009,0.484,0.014,0.725,0.014c10.092,0.0,18.459,-7.986,18.844,-18.157l2.472,-65.399c0.179,-4.748,0.123,-11.188,-0.11,-17.167h16.989c3.906,0.0,7.405,-1.536,9.852,-4.325c2.446,-2.789,3.514,-6.458,3.005,-10.331l-16.724,-127.335l50.79,52.28c1.235,1.272,2.624,2.307,4.107,3.104V430.668c0.0,4.399,3.565,7.965,7.965,7.965c4.399,0.0,7.965,-3.566,7.965,-7.965V258.136c1.344,-0.723,2.614,-1.63,3.763,-2.745c6.666,-6.477,6.82,-17.132,0.344,-23.798l-4.106,-4.227V102.606c0.602,0.011,1.196,0.03,1.804,0.03c15.788,0.0,33.91,-3.55,49.719,-9.739c6.598,-2.584,13.855,-3.895,21.57,-3.895c10.425,0.0,18.188,2.387,20.318,3.118c0.45,0.155,0.901,0.233,1.342,0.233c1.141,0.0,2.139,-0.519,2.809,-1.461c0.608,-0.855,0.916,-2.018,0.916,-3.454l0.02,-76.446C391.122,7.835,388.442,5.952,386.75,5.506z"">
  </path>
  <path d=""M170.287,132.886c29.13,0.0,52.829,-23.707,52.829,-52.846c0.0,-29.138,-23.699,-52.844,-52.829,-52.844c-29.138,0.0,-52.844,23.706,-52.844,52.844C117.443,109.18,141.149,132.886,170.287,132.886z"">
  </path>
 </g>
</svg>


Question: How many legs does the figure in the image have?",Two,One,Three,Four,A,human
251,"Examine the following SVG code carefully and answer the question based on your interpretation of the rendered image.

<svg id=""Capa_1"" style=""enable-background:new 0 0 442.167 442.167;"" version=""1.1"" viewbox=""0 0 442.167 442.167"" x=""0px"" xml:space=""preserve"" y=""0px"">
 <g>
  <path d=""M386.75,5.506C381.233,4.054,375.163,3.318,368.71,3.318c-16.819,0.0,-33.523,4.91,-45.72,8.494c-3.09,0.908,-6.009,1.766,-8.496,2.413c-4.03,1.049,-8.972,1.269,-12.408,1.269c-4.056,0.0,-8.22,-0.324,-11.192,-0.844c-1.459,-1.835,-3.706,-3.015,-6.233,-3.015c-4.399,0.0,-7.965,3.566,-7.965,7.965v191.369l-61.934,-63.75c-3.393,-3.492,-6.363,-5.337,-15.136,-5.337h-66.868c-6.359,0.0,-11.274,3.375,-14.378,8.198L92.918,181.888c-4.314,5.389,-11.142,14.298,-15.22,19.859l-18.148,24.747c-5.497,7.496,-3.877,18.027,3.619,23.524c2.999,2.2,6.484,3.259,9.938,3.259c5.179,0.0,10.288,-2.382,13.585,-6.878l16.607,-22.646L83.311,330.082c-0.726,3.864,0.153,7.534,2.476,10.333c2.323,2.8,5.768,4.342,9.698,4.342h12.165l-16.416,77.967c-2.146,10.198,4.38,20.205,14.577,22.352c1.312,0.276,2.618,0.409,3.906,0.409c8.734,0.0,16.575,-6.099,18.446,-14.986l18.054,-85.741h24.686c0.243,5.379,0.327,11.641,0.172,15.743l-2.472,65.398c-0.394,10.414,7.729,19.175,18.144,19.568c0.243,0.009,0.484,0.014,0.725,0.014c10.092,0.0,18.459,-7.986,18.844,-18.157l2.472,-65.399c0.179,-4.748,0.123,-11.188,-0.11,-17.167h16.989c3.906,0.0,7.405,-1.536,9.852,-4.325c2.446,-2.789,3.514,-6.458,3.005,-10.331l-16.724,-127.335l50.79,52.28c1.235,1.272,2.624,2.307,4.107,3.104V430.668c0.0,4.399,3.565,7.965,7.965,7.965c4.399,0.0,7.965,-3.566,7.965,-7.965V258.136c1.344,-0.723,2.614,-1.63,3.763,-2.745c6.666,-6.477,6.82,-17.132,0.344,-23.798l-4.106,-4.227V102.606c0.602,0.011,1.196,0.03,1.804,0.03c15.788,0.0,33.91,-3.55,49.719,-9.739c6.598,-2.584,13.855,-3.895,21.57,-3.895c10.425,0.0,18.188,2.387,20.318,3.118c0.45,0.155,0.901,0.233,1.342,0.233c1.141,0.0,2.139,-0.519,2.809,-1.461c0.608,-0.855,0.916,-2.018,0.916,-3.454l0.02,-76.446C391.122,7.835,388.442,5.952,386.75,5.506z"">
  </path>
  <path d=""M170.287,132.886c29.13,0.0,52.829,-23.707,52.829,-52.846c0.0,-29.138,-23.699,-52.844,-52.829,-52.844c-29.138,0.0,-52.844,23.706,-52.844,52.844C117.443,109.18,141.149,132.886,170.287,132.886z"">
  </path>
 </g>
</svg>


Question: What does the image represent?",flag,book,soccer,bike,A,human
252,"Examine the following SVG code carefully and answer the question based on your interpretation of the rendered image.

<svg id=""Layer_1"" style=""enable-background:new 0 0 503.509 503.509;"" version=""1.1"" viewbox=""0 0 503.509 503.509"" x=""0px"" xml:space=""preserve"" y=""0px"">
 <g>
  <path d=""M312.54,463.185c-16.775,11.377,-31.562,26.372,-53.3,26.372c-21.73,0.0,-36.526,-14.996,-53.291,-26.372c-8.183,-5.545,-16.488,-10.952,-24.567,-16.653v60.381h156.203v-60.711C329.349,452.025,320.871,457.536,312.54,463.185"" style=""fill:#DBB38D;"">
  </path>
  <path d=""M259.244,3.592c0.0,0.0,-130.169,-10.301,-182.237,121.492c0.0,0.0,-18.441,52.068,0.0,104.136c0.0,0.0,12.479,31.458,34.712,52.068c0.0,0.0,33.627,-78.102,86.78,-78.102c0.0,0.0,62.915,69.424,112.814,69.424c0.0,0.0,63.731,-5.693,95.458,26.034c0.0,0.0,78.102,-105.22,0.0,-225.627C406.769,73.016,359.587,3.592,259.244,3.592"" style=""fill:#805333;"">
  </path>
  <path d=""M311.311,272.609c-49.898,0.0,-112.814,-69.424,-112.814,-69.424c-52.788,0.0,-86.276,76.956,-86.736,78.006c0.443,52.389,6.101,108.622,45.308,145.842c14.744,13.998,32.108,24.776,48.874,36.152c16.775,11.377,31.562,26.372,53.3,26.372s36.526,-14.996,53.3,-26.372c16.766,-11.377,34.13,-22.155,48.874,-36.152c34.972,-33.193,43.234,-81.521,44.935,-128.755C374.487,266.986,311.311,272.609,311.311,272.609"" style=""fill:#FDD7AD;"">
  </path>
 </g>
</svg>


Question: What is the shape of the object at the top of the image?",Square,Circle,Triangle,Oval,D,human
253,"Examine the following SVG code carefully and answer the question based on your interpretation of the rendered image.

<svg id=""Layer_1"" style=""enable-background:new 0 0 503.509 503.509;"" version=""1.1"" viewbox=""0 0 503.509 503.509"" x=""0px"" xml:space=""preserve"" y=""0px"">
 <g>
  <path d=""M312.54,463.185c-16.775,11.377,-31.562,26.372,-53.3,26.372c-21.73,0.0,-36.526,-14.996,-53.291,-26.372c-8.183,-5.545,-16.488,-10.952,-24.567,-16.653v60.381h156.203v-60.711C329.349,452.025,320.871,457.536,312.54,463.185"" style=""fill:#DBB38D;"">
  </path>
  <path d=""M259.244,3.592c0.0,0.0,-130.169,-10.301,-182.237,121.492c0.0,0.0,-18.441,52.068,0.0,104.136c0.0,0.0,12.479,31.458,34.712,52.068c0.0,0.0,33.627,-78.102,86.78,-78.102c0.0,0.0,62.915,69.424,112.814,69.424c0.0,0.0,63.731,-5.693,95.458,26.034c0.0,0.0,78.102,-105.22,0.0,-225.627C406.769,73.016,359.587,3.592,259.244,3.592"" style=""fill:#805333;"">
  </path>
  <path d=""M311.311,272.609c-49.898,0.0,-112.814,-69.424,-112.814,-69.424c-52.788,0.0,-86.276,76.956,-86.736,78.006c0.443,52.389,6.101,108.622,45.308,145.842c14.744,13.998,32.108,24.776,48.874,36.152c16.775,11.377,31.562,26.372,53.3,26.372s36.526,-14.996,53.3,-26.372c16.766,-11.377,34.13,-22.155,48.874,-36.152c34.972,-33.193,43.234,-81.521,44.935,-128.755C374.487,266.986,311.311,272.609,311.311,272.609"" style=""fill:#FDD7AD;"">
  </path>
 </g>
</svg>


Question: What is the color of the top part of the object?",Black,Brown,Red,Blue,B,human
254,"Examine the following SVG code carefully and answer the question based on your interpretation of the rendered image.

<svg id=""Layer_1"" style=""enable-background:new 0 0 503.509 503.509;"" version=""1.1"" viewbox=""0 0 503.509 503.509"" x=""0px"" xml:space=""preserve"" y=""0px"">
 <g>
  <path d=""M312.54,463.185c-16.775,11.377,-31.562,26.372,-53.3,26.372c-21.73,0.0,-36.526,-14.996,-53.291,-26.372c-8.183,-5.545,-16.488,-10.952,-24.567,-16.653v60.381h156.203v-60.711C329.349,452.025,320.871,457.536,312.54,463.185"" style=""fill:#DBB38D;"">
  </path>
  <path d=""M259.244,3.592c0.0,0.0,-130.169,-10.301,-182.237,121.492c0.0,0.0,-18.441,52.068,0.0,104.136c0.0,0.0,12.479,31.458,34.712,52.068c0.0,0.0,33.627,-78.102,86.78,-78.102c0.0,0.0,62.915,69.424,112.814,69.424c0.0,0.0,63.731,-5.693,95.458,26.034c0.0,0.0,78.102,-105.22,0.0,-225.627C406.769,73.016,359.587,3.592,259.244,3.592"" style=""fill:#805333;"">
  </path>
  <path d=""M311.311,272.609c-49.898,0.0,-112.814,-69.424,-112.814,-69.424c-52.788,0.0,-86.276,76.956,-86.736,78.006c0.443,52.389,6.101,108.622,45.308,145.842c14.744,13.998,32.108,24.776,48.874,36.152c16.775,11.377,31.562,26.372,53.3,26.372s36.526,-14.996,53.3,-26.372c16.766,-11.377,34.13,-22.155,48.874,-36.152c34.972,-33.193,43.234,-81.521,44.935,-128.755C374.487,266.986,311.311,272.609,311.311,272.609"" style=""fill:#FDD7AD;"">
  </path>
 </g>
</svg>


Question: What is the shape of the bottom part of the object?",Rectangle,Circle,Square,Triangle,A,human
255,"Examine the following SVG code carefully and answer the question based on your interpretation of the rendered image.

<svg id=""Layer_1"" style=""enable-background:new 0 0 503.509 503.509;"" version=""1.1"" viewbox=""0 0 503.509 503.509"" x=""0px"" xml:space=""preserve"" y=""0px"">
 <g>
  <path d=""M312.54,463.185c-16.775,11.377,-31.562,26.372,-53.3,26.372c-21.73,0.0,-36.526,-14.996,-53.291,-26.372c-8.183,-5.545,-16.488,-10.952,-24.567,-16.653v60.381h156.203v-60.711C329.349,452.025,320.871,457.536,312.54,463.185"" style=""fill:#DBB38D;"">
  </path>
  <path d=""M259.244,3.592c0.0,0.0,-130.169,-10.301,-182.237,121.492c0.0,0.0,-18.441,52.068,0.0,104.136c0.0,0.0,12.479,31.458,34.712,52.068c0.0,0.0,33.627,-78.102,86.78,-78.102c0.0,0.0,62.915,69.424,112.814,69.424c0.0,0.0,63.731,-5.693,95.458,26.034c0.0,0.0,78.102,-105.22,0.0,-225.627C406.769,73.016,359.587,3.592,259.244,3.592"" style=""fill:#805333;"">
  </path>
  <path d=""M311.311,272.609c-49.898,0.0,-112.814,-69.424,-112.814,-69.424c-52.788,0.0,-86.276,76.956,-86.736,78.006c0.443,52.389,6.101,108.622,45.308,145.842c14.744,13.998,32.108,24.776,48.874,36.152c16.775,11.377,31.562,26.372,53.3,26.372s36.526,-14.996,53.3,-26.372c16.766,-11.377,34.13,-22.155,48.874,-36.152c34.972,-33.193,43.234,-81.521,44.935,-128.755C374.487,266.986,311.311,272.609,311.311,272.609"" style=""fill:#FDD7AD;"">
  </path>
 </g>
</svg>


Question: What does the whole object represent?",person,house,tree,car,A,human
284,"Examine the following SVG code carefully and answer the question based on your interpretation of the rendered image.

<svg height=""97.131px"" id=""Capa_1"" style=""enable-background:new 0 0 97.13 97.131;"" version=""1.1"" viewbox=""0 0 97.13 97.131"" width=""97.13px"" x=""0px"" xml:space=""preserve"" y=""0px"">
 <g>
  <g>
   <g>
    <path d=""M44.288,97.988c2.577,0.0,4.665,-2.09,4.665,-4.667v-1.537l-9.172,1.604C39.816,95.935,41.733,97.988,44.288,97.988z"">
    </path>
    <polygon points=""48.950,77.777 39.772,81.697 39.772,82.847 48.950,81.536"">
    </polygon>
    <polygon points=""39.773,91.546 48.953,89.941 48.953,88.750 39.772,87.589"">
    </polygon>
    <polygon points=""39.772,84.691 39.772,85.746 48.953,86.906 48.950,83.380"">
    </polygon>
   </g>
   <g>
    <path d=""M51.872,21.323l-2.511,2.526l-2.436,-2.555c-0.006,0.003,-0.014,0.003,-0.023,0.005c-1.284,0.308,-4.089,1.769,-4.287,1.892c-7.436,4.56,-14.068,11.238,-12.284,29.078c0.021,0.212,0.066,0.414,0.12,0.613l-1.02,0.045l0.605,2.004l2.133,0.277c0.56,0.346,1.211,0.543,1.897,0.569v35.916h-0.349v1.914c-0.578,0.438,-0.957,1.124,-0.957,1.905v1.879h4.793v-1.879c0.0,-0.78,-0.379,-1.469,-0.957,-1.905v-1.914h-0.437V55.275c1.299,-0.744,2.115,-2.197,1.956,-3.783c-0.591,-5.918,-0.165,-10.06,0.931,-13.128c0.0,0.0,0.0,10.892,0.0,13.964c0.0,3.073,0.716,3.709,0.716,3.709l0.002,23.967l9.248,-3.887l-0.001,-14.92c0.182,0.01,0.366,0.023,0.551,0.023c0.036,0.0,0.071,-0.004,0.108,-0.004v32.133c0.0,2.553,2.067,4.623,4.622,4.623c2.553,0.0,4.625,-2.07,4.625,-4.623V56.114c0.0,0.0,0.759,-0.579,0.759,-3.787c0.0,-3.206,0.0,-14.019,0.0,-14.019c1.246,4.114,1.104,8.32,1.056,11.765c-0.326,4.729,0.891,5.813,3.26,6.046c0.127,0.014,0.254,0.02,0.38,0.02c1.96,0.0,3.567,-1.402,3.831,-3.48c0.07,-0.561,0.121,-1.125,0.187,-1.689C69.129,44.626,70.071,27.669,51.872,21.323z"">
    </path>
    <circle cx=""49.159"" cy=""10.802"" r=""9.945"">
    </circle>
   </g>
  </g>
 </g>
</svg>


Question: What shape is the head of the object?",Square,Triangle,Circle,Hexagon,C,human
285,"Examine the following SVG code carefully and answer the question based on your interpretation of the rendered image.

<svg height=""97.131px"" id=""Capa_1"" style=""enable-background:new 0 0 97.13 97.131;"" version=""1.1"" viewbox=""0 0 97.13 97.131"" width=""97.13px"" x=""0px"" xml:space=""preserve"" y=""0px"">
 <g>
  <g>
   <g>
    <path d=""M44.288,97.988c2.577,0.0,4.665,-2.09,4.665,-4.667v-1.537l-9.172,1.604C39.816,95.935,41.733,97.988,44.288,97.988z"">
    </path>
    <polygon points=""48.950,77.777 39.772,81.697 39.772,82.847 48.950,81.536"">
    </polygon>
    <polygon points=""39.773,91.546 48.953,89.941 48.953,88.750 39.772,87.589"">
    </polygon>
    <polygon points=""39.772,84.691 39.772,85.746 48.953,86.906 48.950,83.380"">
    </polygon>
   </g>
   <g>
    <path d=""M51.872,21.323l-2.511,2.526l-2.436,-2.555c-0.006,0.003,-0.014,0.003,-0.023,0.005c-1.284,0.308,-4.089,1.769,-4.287,1.892c-7.436,4.56,-14.068,11.238,-12.284,29.078c0.021,0.212,0.066,0.414,0.12,0.613l-1.02,0.045l0.605,2.004l2.133,0.277c0.56,0.346,1.211,0.543,1.897,0.569v35.916h-0.349v1.914c-0.578,0.438,-0.957,1.124,-0.957,1.905v1.879h4.793v-1.879c0.0,-0.78,-0.379,-1.469,-0.957,-1.905v-1.914h-0.437V55.275c1.299,-0.744,2.115,-2.197,1.956,-3.783c-0.591,-5.918,-0.165,-10.06,0.931,-13.128c0.0,0.0,0.0,10.892,0.0,13.964c0.0,3.073,0.716,3.709,0.716,3.709l0.002,23.967l9.248,-3.887l-0.001,-14.92c0.182,0.01,0.366,0.023,0.551,0.023c0.036,0.0,0.071,-0.004,0.108,-0.004v32.133c0.0,2.553,2.067,4.623,4.622,4.623c2.553,0.0,4.625,-2.07,4.625,-4.623V56.114c0.0,0.0,0.759,-0.579,0.759,-3.787c0.0,-3.206,0.0,-14.019,0.0,-14.019c1.246,4.114,1.104,8.32,1.056,11.765c-0.326,4.729,0.891,5.813,3.26,6.046c0.127,0.014,0.254,0.02,0.38,0.02c1.96,0.0,3.567,-1.402,3.831,-3.48c0.07,-0.561,0.121,-1.125,0.187,-1.689C69.129,44.626,70.071,27.669,51.872,21.323z"">
    </path>
    <circle cx=""49.159"" cy=""10.802"" r=""9.945"">
    </circle>
   </g>
  </g>
 </g>
</svg>


Question: What is the object holding?",book,cane,bag,ball,B,human
286,"Examine the following SVG code carefully and answer the question based on your interpretation of the rendered image.

<svg height=""97.131px"" id=""Capa_1"" style=""enable-background:new 0 0 97.13 97.131;"" version=""1.1"" viewbox=""0 0 97.13 97.131"" width=""97.13px"" x=""0px"" xml:space=""preserve"" y=""0px"">
 <g>
  <g>
   <g>
    <path d=""M44.288,97.988c2.577,0.0,4.665,-2.09,4.665,-4.667v-1.537l-9.172,1.604C39.816,95.935,41.733,97.988,44.288,97.988z"">
    </path>
    <polygon points=""48.950,77.777 39.772,81.697 39.772,82.847 48.950,81.536"">
    </polygon>
    <polygon points=""39.773,91.546 48.953,89.941 48.953,88.750 39.772,87.589"">
    </polygon>
    <polygon points=""39.772,84.691 39.772,85.746 48.953,86.906 48.950,83.380"">
    </polygon>
   </g>
   <g>
    <path d=""M51.872,21.323l-2.511,2.526l-2.436,-2.555c-0.006,0.003,-0.014,0.003,-0.023,0.005c-1.284,0.308,-4.089,1.769,-4.287,1.892c-7.436,4.56,-14.068,11.238,-12.284,29.078c0.021,0.212,0.066,0.414,0.12,0.613l-1.02,0.045l0.605,2.004l2.133,0.277c0.56,0.346,1.211,0.543,1.897,0.569v35.916h-0.349v1.914c-0.578,0.438,-0.957,1.124,-0.957,1.905v1.879h4.793v-1.879c0.0,-0.78,-0.379,-1.469,-0.957,-1.905v-1.914h-0.437V55.275c1.299,-0.744,2.115,-2.197,1.956,-3.783c-0.591,-5.918,-0.165,-10.06,0.931,-13.128c0.0,0.0,0.0,10.892,0.0,13.964c0.0,3.073,0.716,3.709,0.716,3.709l0.002,23.967l9.248,-3.887l-0.001,-14.92c0.182,0.01,0.366,0.023,0.551,0.023c0.036,0.0,0.071,-0.004,0.108,-0.004v32.133c0.0,2.553,2.067,4.623,4.622,4.623c2.553,0.0,4.625,-2.07,4.625,-4.623V56.114c0.0,0.0,0.759,-0.579,0.759,-3.787c0.0,-3.206,0.0,-14.019,0.0,-14.019c1.246,4.114,1.104,8.32,1.056,11.765c-0.326,4.729,0.891,5.813,3.26,6.046c0.127,0.014,0.254,0.02,0.38,0.02c1.96,0.0,3.567,-1.402,3.831,-3.48c0.07,-0.561,0.121,-1.125,0.187,-1.689C69.129,44.626,70.071,27.669,51.872,21.323z"">
    </path>
    <circle cx=""49.159"" cy=""10.802"" r=""9.945"">
    </circle>
   </g>
  </g>
 </g>
</svg>


Question: How many legs does the object have?",One,Two,Three,Four,B,human
287,"Examine the following SVG code carefully and answer the question based on your interpretation of the rendered image.

<svg height=""97.131px"" id=""Capa_1"" style=""enable-background:new 0 0 97.13 97.131;"" version=""1.1"" viewbox=""0 0 97.13 97.131"" width=""97.13px"" x=""0px"" xml:space=""preserve"" y=""0px"">
 <g>
  <g>
   <g>
    <path d=""M44.288,97.988c2.577,0.0,4.665,-2.09,4.665,-4.667v-1.537l-9.172,1.604C39.816,95.935,41.733,97.988,44.288,97.988z"">
    </path>
    <polygon points=""48.950,77.777 39.772,81.697 39.772,82.847 48.950,81.536"">
    </polygon>
    <polygon points=""39.773,91.546 48.953,89.941 48.953,88.750 39.772,87.589"">
    </polygon>
    <polygon points=""39.772,84.691 39.772,85.746 48.953,86.906 48.950,83.380"">
    </polygon>
   </g>
   <g>
    <path d=""M51.872,21.323l-2.511,2.526l-2.436,-2.555c-0.006,0.003,-0.014,0.003,-0.023,0.005c-1.284,0.308,-4.089,1.769,-4.287,1.892c-7.436,4.56,-14.068,11.238,-12.284,29.078c0.021,0.212,0.066,0.414,0.12,0.613l-1.02,0.045l0.605,2.004l2.133,0.277c0.56,0.346,1.211,0.543,1.897,0.569v35.916h-0.349v1.914c-0.578,0.438,-0.957,1.124,-0.957,1.905v1.879h4.793v-1.879c0.0,-0.78,-0.379,-1.469,-0.957,-1.905v-1.914h-0.437V55.275c1.299,-0.744,2.115,-2.197,1.956,-3.783c-0.591,-5.918,-0.165,-10.06,0.931,-13.128c0.0,0.0,0.0,10.892,0.0,13.964c0.0,3.073,0.716,3.709,0.716,3.709l0.002,23.967l9.248,-3.887l-0.001,-14.92c0.182,0.01,0.366,0.023,0.551,0.023c0.036,0.0,0.071,-0.004,0.108,-0.004v32.133c0.0,2.553,2.067,4.623,4.622,4.623c2.553,0.0,4.625,-2.07,4.625,-4.623V56.114c0.0,0.0,0.759,-0.579,0.759,-3.787c0.0,-3.206,0.0,-14.019,0.0,-14.019c1.246,4.114,1.104,8.32,1.056,11.765c-0.326,4.729,0.891,5.813,3.26,6.046c0.127,0.014,0.254,0.02,0.38,0.02c1.96,0.0,3.567,-1.402,3.831,-3.48c0.07,-0.561,0.121,-1.125,0.187,-1.689C69.129,44.626,70.071,27.669,51.872,21.323z"">
    </path>
    <circle cx=""49.159"" cy=""10.802"" r=""9.945"">
    </circle>
   </g>
  </g>
 </g>
</svg>


Question: What does the object represent?",tree,person,building,animal,B,human
300,"Examine the following SVG code carefully and answer the question based on your interpretation of the rendered image.

<svg id=""Layer_1"" style=""enable-background:new 0 0 511.999 511.999;"" version=""1.1"" viewbox=""0 0 511.999 511.999"" x=""0px"" xml:space=""preserve"" y=""0px"">
 <g>
  <g>
   <path d=""M159.145,272.143h76.564c10.502,0.0,19.016,-8.514,19.016,-19.016c0.0,-10.504,-8.514,-19.018,-19.016,-19.018H170.309l-28.767,-51.561l27.959,31.098l0.385,-24.381c0.278,-17.681,-13.923,-32.219,-31.613,-32.345l-29.292,-0.21c-17.699,-0.127,-32.121,14.223,-32.073,31.931l0.296,108.004c0.023,8.471,3.421,16.585,9.442,22.544c4.247,4.205,9.555,7.085,15.286,8.399H61.906L34.767,189.528c-1.677,-8.53,-9.943,-14.083,-18.481,-12.409c-8.529,1.677,-14.085,9.952,-12.408,18.481l29.635,150.766c1.45,7.382,7.922,12.705,15.445,12.705h2.711l-33.489,86.834c-2.086,5.407,0.607,11.481,6.015,13.567c5.397,2.083,11.478,-0.599,13.567,-6.015l36.401,-94.386h59.778l20.559,53.31l-6.596,16.669c-4.638,11.719,1.104,24.977,12.823,29.614c11.711,4.635,24.974,-1.095,29.614,-12.823l51.8,-130.902c2.785,-7.038,1.899,-14.999,-2.365,-21.252c-4.316,-6.33,-11.441,-10.017,-18.92,-9.963l-70.228,0.206c-9.744,-1.544,-16.819,-7.752,-19.936,-15.825c-7.178,-18.589,-13.397,-38.331,-17.731,-58.726l29.578,53.012C145.897,268.413,152.251,272.143,159.145,272.143zM159.144,359.071L159.144,359.071c8.693,0.0,15.74,-7.048,15.74,-15.741c0.0,-5.954,-3.308,-11.133,-8.184,-13.809l20.612,-0.06l-21.421,54.132l-9.457,-24.522H159.144z"">
   </path>
  </g>
 </g>
 <g>
  <g>
   <circle cx=""148.377"" cy=""100.379"" r=""41.972"">
   </circle>
  </g>
 </g>
 <g>
  <g>
   <path d=""M419.998,272.142h76.564c10.502,0.0,19.016,-8.514,19.016,-19.016c0.0,-10.502,-8.514,-19.017,-19.016,-19.017h-65.399l-28.767,-51.561l27.959,31.098l0.385,-24.381c0.278,-17.681,-13.923,-32.218,-31.613,-32.345l-29.292,-0.21c-17.699,-0.127,-32.121,14.223,-32.073,31.931l0.296,108.004c0.023,8.471,3.421,16.585,9.442,22.544c4.247,4.205,9.555,7.085,15.286,8.399H322.759l-27.138,-138.061c-1.677,-8.53,-9.943,-14.083,-18.481,-12.409c-8.529,1.677,-14.085,9.952,-12.408,18.481l29.635,150.766c1.45,7.382,7.922,12.705,15.445,12.705h2.711l-33.489,86.834c-2.086,5.407,0.607,11.481,6.015,13.567c5.397,2.083,11.478,-0.599,13.567,-6.015l36.401,-94.386h59.778l20.559,53.31l-6.596,16.669c-4.638,11.719,1.103,24.977,12.823,29.614c11.711,4.635,24.974,-1.095,29.614,-12.823l51.8,-130.902c2.785,-7.038,1.899,-14.999,-2.365,-21.252c-4.316,-6.33,-11.441,-10.017,-18.92,-9.963l-70.228,0.206c-9.744,-1.544,-16.819,-7.752,-19.936,-15.825c-7.178,-18.589,-13.397,-38.331,-17.731,-58.726l29.578,53.012C406.751,268.41,413.105,272.142,419.998,272.142zM419.998,359.071L419.998,359.071c8.693,0.0,15.74,-7.048,15.74,-15.741c0.0,-5.954,-3.308,-11.133,-8.184,-13.809l20.612,-0.06l-21.421,54.132l-9.457,-24.522H419.998z"">
   </path>
  </g>
 </g>
 <g>
  <g>
   <circle cx=""409.233"" cy=""100.379"" r=""41.972"">
   </circle>
  </g>
 </g>
</svg>


Question: How many people are depicted in the image?",Two,One,Three,Four,A,human
301,"Examine the following SVG code carefully and answer the question based on your interpretation of the rendered image.

<svg id=""Layer_1"" style=""enable-background:new 0 0 511.999 511.999;"" version=""1.1"" viewbox=""0 0 511.999 511.999"" x=""0px"" xml:space=""preserve"" y=""0px"">
 <g>
  <g>
   <path d=""M159.145,272.143h76.564c10.502,0.0,19.016,-8.514,19.016,-19.016c0.0,-10.504,-8.514,-19.018,-19.016,-19.018H170.309l-28.767,-51.561l27.959,31.098l0.385,-24.381c0.278,-17.681,-13.923,-32.219,-31.613,-32.345l-29.292,-0.21c-17.699,-0.127,-32.121,14.223,-32.073,31.931l0.296,108.004c0.023,8.471,3.421,16.585,9.442,22.544c4.247,4.205,9.555,7.085,15.286,8.399H61.906L34.767,189.528c-1.677,-8.53,-9.943,-14.083,-18.481,-12.409c-8.529,1.677,-14.085,9.952,-12.408,18.481l29.635,150.766c1.45,7.382,7.922,12.705,15.445,12.705h2.711l-33.489,86.834c-2.086,5.407,0.607,11.481,6.015,13.567c5.397,2.083,11.478,-0.599,13.567,-6.015l36.401,-94.386h59.778l20.559,53.31l-6.596,16.669c-4.638,11.719,1.104,24.977,12.823,29.614c11.711,4.635,24.974,-1.095,29.614,-12.823l51.8,-130.902c2.785,-7.038,1.899,-14.999,-2.365,-21.252c-4.316,-6.33,-11.441,-10.017,-18.92,-9.963l-70.228,0.206c-9.744,-1.544,-16.819,-7.752,-19.936,-15.825c-7.178,-18.589,-13.397,-38.331,-17.731,-58.726l29.578,53.012C145.897,268.413,152.251,272.143,159.145,272.143zM159.144,359.071L159.144,359.071c8.693,0.0,15.74,-7.048,15.74,-15.741c0.0,-5.954,-3.308,-11.133,-8.184,-13.809l20.612,-0.06l-21.421,54.132l-9.457,-24.522H159.144z"">
   </path>
  </g>
 </g>
 <g>
  <g>
   <circle cx=""148.377"" cy=""100.379"" r=""41.972"">
   </circle>
  </g>
 </g>
 <g>
  <g>
   <path d=""M419.998,272.142h76.564c10.502,0.0,19.016,-8.514,19.016,-19.016c0.0,-10.502,-8.514,-19.017,-19.016,-19.017h-65.399l-28.767,-51.561l27.959,31.098l0.385,-24.381c0.278,-17.681,-13.923,-32.218,-31.613,-32.345l-29.292,-0.21c-17.699,-0.127,-32.121,14.223,-32.073,31.931l0.296,108.004c0.023,8.471,3.421,16.585,9.442,22.544c4.247,4.205,9.555,7.085,15.286,8.399H322.759l-27.138,-138.061c-1.677,-8.53,-9.943,-14.083,-18.481,-12.409c-8.529,1.677,-14.085,9.952,-12.408,18.481l29.635,150.766c1.45,7.382,7.922,12.705,15.445,12.705h2.711l-33.489,86.834c-2.086,5.407,0.607,11.481,6.015,13.567c5.397,2.083,11.478,-0.599,13.567,-6.015l36.401,-94.386h59.778l20.559,53.31l-6.596,16.669c-4.638,11.719,1.103,24.977,12.823,29.614c11.711,4.635,24.974,-1.095,29.614,-12.823l51.8,-130.902c2.785,-7.038,1.899,-14.999,-2.365,-21.252c-4.316,-6.33,-11.441,-10.017,-18.92,-9.963l-70.228,0.206c-9.744,-1.544,-16.819,-7.752,-19.936,-15.825c-7.178,-18.589,-13.397,-38.331,-17.731,-58.726l29.578,53.012C406.751,268.41,413.105,272.142,419.998,272.142zM419.998,359.071L419.998,359.071c8.693,0.0,15.74,-7.048,15.74,-15.741c0.0,-5.954,-3.308,-11.133,-8.184,-13.809l20.612,-0.06l-21.421,54.132l-9.457,-24.522H419.998z"">
   </path>
  </g>
 </g>
 <g>
  <g>
   <circle cx=""409.233"" cy=""100.379"" r=""41.972"">
   </circle>
  </g>
 </g>
</svg>


Question: What is the position of the people in the image?",Sitting,down,Standing,Running,A,human
302,"Examine the following SVG code carefully and answer the question based on your interpretation of the rendered image.

<svg id=""Layer_1"" style=""enable-background:new 0 0 511.999 511.999;"" version=""1.1"" viewbox=""0 0 511.999 511.999"" x=""0px"" xml:space=""preserve"" y=""0px"">
 <g>
  <g>
   <path d=""M159.145,272.143h76.564c10.502,0.0,19.016,-8.514,19.016,-19.016c0.0,-10.504,-8.514,-19.018,-19.016,-19.018H170.309l-28.767,-51.561l27.959,31.098l0.385,-24.381c0.278,-17.681,-13.923,-32.219,-31.613,-32.345l-29.292,-0.21c-17.699,-0.127,-32.121,14.223,-32.073,31.931l0.296,108.004c0.023,8.471,3.421,16.585,9.442,22.544c4.247,4.205,9.555,7.085,15.286,8.399H61.906L34.767,189.528c-1.677,-8.53,-9.943,-14.083,-18.481,-12.409c-8.529,1.677,-14.085,9.952,-12.408,18.481l29.635,150.766c1.45,7.382,7.922,12.705,15.445,12.705h2.711l-33.489,86.834c-2.086,5.407,0.607,11.481,6.015,13.567c5.397,2.083,11.478,-0.599,13.567,-6.015l36.401,-94.386h59.778l20.559,53.31l-6.596,16.669c-4.638,11.719,1.104,24.977,12.823,29.614c11.711,4.635,24.974,-1.095,29.614,-12.823l51.8,-130.902c2.785,-7.038,1.899,-14.999,-2.365,-21.252c-4.316,-6.33,-11.441,-10.017,-18.92,-9.963l-70.228,0.206c-9.744,-1.544,-16.819,-7.752,-19.936,-15.825c-7.178,-18.589,-13.397,-38.331,-17.731,-58.726l29.578,53.012C145.897,268.413,152.251,272.143,159.145,272.143zM159.144,359.071L159.144,359.071c8.693,0.0,15.74,-7.048,15.74,-15.741c0.0,-5.954,-3.308,-11.133,-8.184,-13.809l20.612,-0.06l-21.421,54.132l-9.457,-24.522H159.144z"">
   </path>
  </g>
 </g>
 <g>
  <g>
   <circle cx=""148.377"" cy=""100.379"" r=""41.972"">
   </circle>
  </g>
 </g>
 <g>
  <g>
   <path d=""M419.998,272.142h76.564c10.502,0.0,19.016,-8.514,19.016,-19.016c0.0,-10.502,-8.514,-19.017,-19.016,-19.017h-65.399l-28.767,-51.561l27.959,31.098l0.385,-24.381c0.278,-17.681,-13.923,-32.218,-31.613,-32.345l-29.292,-0.21c-17.699,-0.127,-32.121,14.223,-32.073,31.931l0.296,108.004c0.023,8.471,3.421,16.585,9.442,22.544c4.247,4.205,9.555,7.085,15.286,8.399H322.759l-27.138,-138.061c-1.677,-8.53,-9.943,-14.083,-18.481,-12.409c-8.529,1.677,-14.085,9.952,-12.408,18.481l29.635,150.766c1.45,7.382,7.922,12.705,15.445,12.705h2.711l-33.489,86.834c-2.086,5.407,0.607,11.481,6.015,13.567c5.397,2.083,11.478,-0.599,13.567,-6.015l36.401,-94.386h59.778l20.559,53.31l-6.596,16.669c-4.638,11.719,1.103,24.977,12.823,29.614c11.711,4.635,24.974,-1.095,29.614,-12.823l51.8,-130.902c2.785,-7.038,1.899,-14.999,-2.365,-21.252c-4.316,-6.33,-11.441,-10.017,-18.92,-9.963l-70.228,0.206c-9.744,-1.544,-16.819,-7.752,-19.936,-15.825c-7.178,-18.589,-13.397,-38.331,-17.731,-58.726l29.578,53.012C406.751,268.41,413.105,272.142,419.998,272.142zM419.998,359.071L419.998,359.071c8.693,0.0,15.74,-7.048,15.74,-15.741c0.0,-5.954,-3.308,-11.133,-8.184,-13.809l20.612,-0.06l-21.421,54.132l-9.457,-24.522H419.998z"">
   </path>
  </g>
 </g>
 <g>
  <g>
   <circle cx=""409.233"" cy=""100.379"" r=""41.972"">
   </circle>
  </g>
 </g>
</svg>


Question: What is the shape of the objects the people are interacting with?",Circle,Square,Triangle,Chair,D,human
303,"Examine the following SVG code carefully and answer the question based on your interpretation of the rendered image.

<svg id=""Layer_1"" style=""enable-background:new 0 0 511.999 511.999;"" version=""1.1"" viewbox=""0 0 511.999 511.999"" x=""0px"" xml:space=""preserve"" y=""0px"">
 <g>
  <g>
   <path d=""M159.145,272.143h76.564c10.502,0.0,19.016,-8.514,19.016,-19.016c0.0,-10.504,-8.514,-19.018,-19.016,-19.018H170.309l-28.767,-51.561l27.959,31.098l0.385,-24.381c0.278,-17.681,-13.923,-32.219,-31.613,-32.345l-29.292,-0.21c-17.699,-0.127,-32.121,14.223,-32.073,31.931l0.296,108.004c0.023,8.471,3.421,16.585,9.442,22.544c4.247,4.205,9.555,7.085,15.286,8.399H61.906L34.767,189.528c-1.677,-8.53,-9.943,-14.083,-18.481,-12.409c-8.529,1.677,-14.085,9.952,-12.408,18.481l29.635,150.766c1.45,7.382,7.922,12.705,15.445,12.705h2.711l-33.489,86.834c-2.086,5.407,0.607,11.481,6.015,13.567c5.397,2.083,11.478,-0.599,13.567,-6.015l36.401,-94.386h59.778l20.559,53.31l-6.596,16.669c-4.638,11.719,1.104,24.977,12.823,29.614c11.711,4.635,24.974,-1.095,29.614,-12.823l51.8,-130.902c2.785,-7.038,1.899,-14.999,-2.365,-21.252c-4.316,-6.33,-11.441,-10.017,-18.92,-9.963l-70.228,0.206c-9.744,-1.544,-16.819,-7.752,-19.936,-15.825c-7.178,-18.589,-13.397,-38.331,-17.731,-58.726l29.578,53.012C145.897,268.413,152.251,272.143,159.145,272.143zM159.144,359.071L159.144,359.071c8.693,0.0,15.74,-7.048,15.74,-15.741c0.0,-5.954,-3.308,-11.133,-8.184,-13.809l20.612,-0.06l-21.421,54.132l-9.457,-24.522H159.144z"">
   </path>
  </g>
 </g>
 <g>
  <g>
   <circle cx=""148.377"" cy=""100.379"" r=""41.972"">
   </circle>
  </g>
 </g>
 <g>
  <g>
   <path d=""M419.998,272.142h76.564c10.502,0.0,19.016,-8.514,19.016,-19.016c0.0,-10.502,-8.514,-19.017,-19.016,-19.017h-65.399l-28.767,-51.561l27.959,31.098l0.385,-24.381c0.278,-17.681,-13.923,-32.218,-31.613,-32.345l-29.292,-0.21c-17.699,-0.127,-32.121,14.223,-32.073,31.931l0.296,108.004c0.023,8.471,3.421,16.585,9.442,22.544c4.247,4.205,9.555,7.085,15.286,8.399H322.759l-27.138,-138.061c-1.677,-8.53,-9.943,-14.083,-18.481,-12.409c-8.529,1.677,-14.085,9.952,-12.408,18.481l29.635,150.766c1.45,7.382,7.922,12.705,15.445,12.705h2.711l-33.489,86.834c-2.086,5.407,0.607,11.481,6.015,13.567c5.397,2.083,11.478,-0.599,13.567,-6.015l36.401,-94.386h59.778l20.559,53.31l-6.596,16.669c-4.638,11.719,1.103,24.977,12.823,29.614c11.711,4.635,24.974,-1.095,29.614,-12.823l51.8,-130.902c2.785,-7.038,1.899,-14.999,-2.365,-21.252c-4.316,-6.33,-11.441,-10.017,-18.92,-9.963l-70.228,0.206c-9.744,-1.544,-16.819,-7.752,-19.936,-15.825c-7.178,-18.589,-13.397,-38.331,-17.731,-58.726l29.578,53.012C406.751,268.41,413.105,272.142,419.998,272.142zM419.998,359.071L419.998,359.071c8.693,0.0,15.74,-7.048,15.74,-15.741c0.0,-5.954,-3.308,-11.133,-8.184,-13.809l20.612,-0.06l-21.421,54.132l-9.457,-24.522H419.998z"">
   </path>
  </g>
 </g>
 <g>
  <g>
   <circle cx=""409.233"" cy=""100.379"" r=""41.972"">
   </circle>
  </g>
 </g>
</svg>


Question: What does the image likely represent?",sports,classroom,meeting,vehicle,D,human
320,"Examine the following SVG code carefully and answer the question based on your interpretation of the rendered image.

<svg id=""Capa_1"" style=""enable-background:new 0 0 61.926 61.926;"" version=""1.1"" viewbox=""0 0 61.926 61.926"" x=""0px"" xml:space=""preserve"" y=""0px"">
 <g>
  <g>
   <path d=""M24.777,59.86L24.777,59.86c-0.001,1.389,0.867,2.514,2.085,2.514c1.22,0.0,2.207,-1.125,2.207,-2.514v-9.465h-4.292C24.777,50.395,24.777,59.86,24.777,59.86z"" style=""fill:#010002;"">
   </path>
   <path d=""M30.671,59.809c0.0,1.391,0.988,2.518,2.208,2.518c1.217,0.0,2.205,-1.127,2.205,-2.518l0.039,-9.414h-4.453L30.671,59.809L30.671,59.809z"" style=""fill:#010002;"">
   </path>
   <circle cx=""30.450"" cy=""17.632"" r=""4.109"" style=""fill:#010002;"">
   </circle>
   <path d=""M44.448,17.49c-1.624,-1.971,-3.198,-3.954,-5.102,-5.668c-0.026,-0.024,-0.058,-0.04,-0.086,-0.063c1.783,-0.655,2.86,-1.501,2.86,-2.426h-1.985c0.5,-0.449,0.82,-1.094,0.82,-1.819c0.0,-1.356,-1.101,-2.456,-2.455,-2.456S36.048,6.157,36.048,7.514c0.0,0.725,0.317,1.37,0.816,1.819h-2.312c0.5,-0.449,0.82,-1.094,0.82,-1.819c0.0,-1.356,-1.1,-2.456,-2.456,-2.456c-1.355,0.0,-2.456,1.099,-2.456,2.456c0.0,0.725,0.32,1.37,0.82,1.819H29.008c0.5,-0.449,0.82,-1.094,0.82,-1.819c0.0,-1.356,-1.1,-2.456,-2.455,-2.456s-2.456,1.099,-2.456,2.456c0.0,0.725,0.32,1.37,0.819,1.819h-1.92c0.5,-0.449,0.82,-1.094,0.82,-1.819c0.0,-1.356,-1.1,-2.456,-2.456,-2.456c-1.355,0.0,-2.456,1.099,-2.456,2.456c0.0,0.725,0.321,1.37,0.82,1.819h-2.611c0.0,2.078,5.414,3.763,12.094,3.763c2.017,0.0,3.915,-0.156,5.587,-0.427c-0.344,0.74,-0.279,1.634,0.525,2.359c1.439,1.3,2.695,2.753,3.924,4.239c-1.29,1.923,-2.842,3.523,-4.787,4.787c-0.477,-0.329,-0.952,-0.604,-1.421,-0.819v-0.001c-3.747,-1.941,-7.584,0.251,-7.584,0.251l0.001,0.004c-0.057,0.028,-0.108,0.057,-0.164,0.085c-0.295,0.045,-0.602,0.147,-0.912,0.335c-5.208,3.152,-8.033,8.405,-7.1,14.484c0.474,3.08,5.146,1.767,4.677,-1.291c-0.384,-2.495,0.454,-4.734,1.95,-6.523c0.056,0.25,0.093,0.408,0.093,0.408l-0.306,2.35c-4.061,9.526,-3.183,16.516,-3.174,16.602c0.027,0.244,0.234,0.432,0.482,0.432h3.099h4.293h1.602h4.452h2.838c0.238,0.0,0.441,-0.176,0.479,-0.412c0.056,-0.354,1.31,-7.08,-2.759,-16.621c-0.32,-0.76,-0.623,-2.012,-0.623,-2.012l0.38,-2.371c0.246,-0.04,0.5,-0.111,0.759,-0.25c3.647,-1.952,6.426,-4.887,8.465,-8.465C45.344,19.285,45.109,18.293,44.448,17.49z"" style=""fill:#010002;"">
   </path>
   <circle cx=""36.048"" cy=""2.903"" r=""2.455"" style=""fill:#010002;"">
   </circle>
   <circle cx=""30.367"" cy=""2.903"" r=""2.455"" style=""fill:#010002;"">
   </circle>
   <circle cx=""24.613"" cy=""2.903"" r=""2.455"" style=""fill:#010002;"">
   </circle>
  </g>
 </g>
</svg>


Question: What is the shape of the object on the head of the figure?",Square,Circle,Triangle,Hexagon,B,human
321,"Examine the following SVG code carefully and answer the question based on your interpretation of the rendered image.

<svg id=""Capa_1"" style=""enable-background:new 0 0 61.926 61.926;"" version=""1.1"" viewbox=""0 0 61.926 61.926"" x=""0px"" xml:space=""preserve"" y=""0px"">
 <g>
  <g>
   <path d=""M24.777,59.86L24.777,59.86c-0.001,1.389,0.867,2.514,2.085,2.514c1.22,0.0,2.207,-1.125,2.207,-2.514v-9.465h-4.292C24.777,50.395,24.777,59.86,24.777,59.86z"" style=""fill:#010002;"">
   </path>
   <path d=""M30.671,59.809c0.0,1.391,0.988,2.518,2.208,2.518c1.217,0.0,2.205,-1.127,2.205,-2.518l0.039,-9.414h-4.453L30.671,59.809L30.671,59.809z"" style=""fill:#010002;"">
   </path>
   <circle cx=""30.450"" cy=""17.632"" r=""4.109"" style=""fill:#010002;"">
   </circle>
   <path d=""M44.448,17.49c-1.624,-1.971,-3.198,-3.954,-5.102,-5.668c-0.026,-0.024,-0.058,-0.04,-0.086,-0.063c1.783,-0.655,2.86,-1.501,2.86,-2.426h-1.985c0.5,-0.449,0.82,-1.094,0.82,-1.819c0.0,-1.356,-1.101,-2.456,-2.455,-2.456S36.048,6.157,36.048,7.514c0.0,0.725,0.317,1.37,0.816,1.819h-2.312c0.5,-0.449,0.82,-1.094,0.82,-1.819c0.0,-1.356,-1.1,-2.456,-2.456,-2.456c-1.355,0.0,-2.456,1.099,-2.456,2.456c0.0,0.725,0.32,1.37,0.82,1.819H29.008c0.5,-0.449,0.82,-1.094,0.82,-1.819c0.0,-1.356,-1.1,-2.456,-2.455,-2.456s-2.456,1.099,-2.456,2.456c0.0,0.725,0.32,1.37,0.819,1.819h-1.92c0.5,-0.449,0.82,-1.094,0.82,-1.819c0.0,-1.356,-1.1,-2.456,-2.456,-2.456c-1.355,0.0,-2.456,1.099,-2.456,2.456c0.0,0.725,0.321,1.37,0.82,1.819h-2.611c0.0,2.078,5.414,3.763,12.094,3.763c2.017,0.0,3.915,-0.156,5.587,-0.427c-0.344,0.74,-0.279,1.634,0.525,2.359c1.439,1.3,2.695,2.753,3.924,4.239c-1.29,1.923,-2.842,3.523,-4.787,4.787c-0.477,-0.329,-0.952,-0.604,-1.421,-0.819v-0.001c-3.747,-1.941,-7.584,0.251,-7.584,0.251l0.001,0.004c-0.057,0.028,-0.108,0.057,-0.164,0.085c-0.295,0.045,-0.602,0.147,-0.912,0.335c-5.208,3.152,-8.033,8.405,-7.1,14.484c0.474,3.08,5.146,1.767,4.677,-1.291c-0.384,-2.495,0.454,-4.734,1.95,-6.523c0.056,0.25,0.093,0.408,0.093,0.408l-0.306,2.35c-4.061,9.526,-3.183,16.516,-3.174,16.602c0.027,0.244,0.234,0.432,0.482,0.432h3.099h4.293h1.602h4.452h2.838c0.238,0.0,0.441,-0.176,0.479,-0.412c0.056,-0.354,1.31,-7.08,-2.759,-16.621c-0.32,-0.76,-0.623,-2.012,-0.623,-2.012l0.38,-2.371c0.246,-0.04,0.5,-0.111,0.759,-0.25c3.647,-1.952,6.426,-4.887,8.465,-8.465C45.344,19.285,45.109,18.293,44.448,17.49z"" style=""fill:#010002;"">
   </path>
   <circle cx=""36.048"" cy=""2.903"" r=""2.455"" style=""fill:#010002;"">
   </circle>
   <circle cx=""30.367"" cy=""2.903"" r=""2.455"" style=""fill:#010002;"">
   </circle>
   <circle cx=""24.613"" cy=""2.903"" r=""2.455"" style=""fill:#010002;"">
   </circle>
  </g>
 </g>
</svg>


Question: How many circles are on the head of the figure?",2,3,4,5,D,human
322,"Examine the following SVG code carefully and answer the question based on your interpretation of the rendered image.

<svg id=""Capa_1"" style=""enable-background:new 0 0 61.926 61.926;"" version=""1.1"" viewbox=""0 0 61.926 61.926"" x=""0px"" xml:space=""preserve"" y=""0px"">
 <g>
  <g>
   <path d=""M24.777,59.86L24.777,59.86c-0.001,1.389,0.867,2.514,2.085,2.514c1.22,0.0,2.207,-1.125,2.207,-2.514v-9.465h-4.292C24.777,50.395,24.777,59.86,24.777,59.86z"" style=""fill:#010002;"">
   </path>
   <path d=""M30.671,59.809c0.0,1.391,0.988,2.518,2.208,2.518c1.217,0.0,2.205,-1.127,2.205,-2.518l0.039,-9.414h-4.453L30.671,59.809L30.671,59.809z"" style=""fill:#010002;"">
   </path>
   <circle cx=""30.450"" cy=""17.632"" r=""4.109"" style=""fill:#010002;"">
   </circle>
   <path d=""M44.448,17.49c-1.624,-1.971,-3.198,-3.954,-5.102,-5.668c-0.026,-0.024,-0.058,-0.04,-0.086,-0.063c1.783,-0.655,2.86,-1.501,2.86,-2.426h-1.985c0.5,-0.449,0.82,-1.094,0.82,-1.819c0.0,-1.356,-1.101,-2.456,-2.455,-2.456S36.048,6.157,36.048,7.514c0.0,0.725,0.317,1.37,0.816,1.819h-2.312c0.5,-0.449,0.82,-1.094,0.82,-1.819c0.0,-1.356,-1.1,-2.456,-2.456,-2.456c-1.355,0.0,-2.456,1.099,-2.456,2.456c0.0,0.725,0.32,1.37,0.82,1.819H29.008c0.5,-0.449,0.82,-1.094,0.82,-1.819c0.0,-1.356,-1.1,-2.456,-2.455,-2.456s-2.456,1.099,-2.456,2.456c0.0,0.725,0.32,1.37,0.819,1.819h-1.92c0.5,-0.449,0.82,-1.094,0.82,-1.819c0.0,-1.356,-1.1,-2.456,-2.456,-2.456c-1.355,0.0,-2.456,1.099,-2.456,2.456c0.0,0.725,0.321,1.37,0.82,1.819h-2.611c0.0,2.078,5.414,3.763,12.094,3.763c2.017,0.0,3.915,-0.156,5.587,-0.427c-0.344,0.74,-0.279,1.634,0.525,2.359c1.439,1.3,2.695,2.753,3.924,4.239c-1.29,1.923,-2.842,3.523,-4.787,4.787c-0.477,-0.329,-0.952,-0.604,-1.421,-0.819v-0.001c-3.747,-1.941,-7.584,0.251,-7.584,0.251l0.001,0.004c-0.057,0.028,-0.108,0.057,-0.164,0.085c-0.295,0.045,-0.602,0.147,-0.912,0.335c-5.208,3.152,-8.033,8.405,-7.1,14.484c0.474,3.08,5.146,1.767,4.677,-1.291c-0.384,-2.495,0.454,-4.734,1.95,-6.523c0.056,0.25,0.093,0.408,0.093,0.408l-0.306,2.35c-4.061,9.526,-3.183,16.516,-3.174,16.602c0.027,0.244,0.234,0.432,0.482,0.432h3.099h4.293h1.602h4.452h2.838c0.238,0.0,0.441,-0.176,0.479,-0.412c0.056,-0.354,1.31,-7.08,-2.759,-16.621c-0.32,-0.76,-0.623,-2.012,-0.623,-2.012l0.38,-2.371c0.246,-0.04,0.5,-0.111,0.759,-0.25c3.647,-1.952,6.426,-4.887,8.465,-8.465C45.344,19.285,45.109,18.293,44.448,17.49z"" style=""fill:#010002;"">
   </path>
   <circle cx=""36.048"" cy=""2.903"" r=""2.455"" style=""fill:#010002;"">
   </circle>
   <circle cx=""30.367"" cy=""2.903"" r=""2.455"" style=""fill:#010002;"">
   </circle>
   <circle cx=""24.613"" cy=""2.903"" r=""2.455"" style=""fill:#010002;"">
   </circle>
  </g>
 </g>
</svg>


Question: What is the position of the arm of the figure?",down,up,down,side,A,human
323,"Examine the following SVG code carefully and answer the question based on your interpretation of the rendered image.

<svg id=""Capa_1"" style=""enable-background:new 0 0 61.926 61.926;"" version=""1.1"" viewbox=""0 0 61.926 61.926"" x=""0px"" xml:space=""preserve"" y=""0px"">
 <g>
  <g>
   <path d=""M24.777,59.86L24.777,59.86c-0.001,1.389,0.867,2.514,2.085,2.514c1.22,0.0,2.207,-1.125,2.207,-2.514v-9.465h-4.292C24.777,50.395,24.777,59.86,24.777,59.86z"" style=""fill:#010002;"">
   </path>
   <path d=""M30.671,59.809c0.0,1.391,0.988,2.518,2.208,2.518c1.217,0.0,2.205,-1.127,2.205,-2.518l0.039,-9.414h-4.453L30.671,59.809L30.671,59.809z"" style=""fill:#010002;"">
   </path>
   <circle cx=""30.450"" cy=""17.632"" r=""4.109"" style=""fill:#010002;"">
   </circle>
   <path d=""M44.448,17.49c-1.624,-1.971,-3.198,-3.954,-5.102,-5.668c-0.026,-0.024,-0.058,-0.04,-0.086,-0.063c1.783,-0.655,2.86,-1.501,2.86,-2.426h-1.985c0.5,-0.449,0.82,-1.094,0.82,-1.819c0.0,-1.356,-1.101,-2.456,-2.455,-2.456S36.048,6.157,36.048,7.514c0.0,0.725,0.317,1.37,0.816,1.819h-2.312c0.5,-0.449,0.82,-1.094,0.82,-1.819c0.0,-1.356,-1.1,-2.456,-2.456,-2.456c-1.355,0.0,-2.456,1.099,-2.456,2.456c0.0,0.725,0.32,1.37,0.82,1.819H29.008c0.5,-0.449,0.82,-1.094,0.82,-1.819c0.0,-1.356,-1.1,-2.456,-2.455,-2.456s-2.456,1.099,-2.456,2.456c0.0,0.725,0.32,1.37,0.819,1.819h-1.92c0.5,-0.449,0.82,-1.094,0.82,-1.819c0.0,-1.356,-1.1,-2.456,-2.456,-2.456c-1.355,0.0,-2.456,1.099,-2.456,2.456c0.0,0.725,0.321,1.37,0.82,1.819h-2.611c0.0,2.078,5.414,3.763,12.094,3.763c2.017,0.0,3.915,-0.156,5.587,-0.427c-0.344,0.74,-0.279,1.634,0.525,2.359c1.439,1.3,2.695,2.753,3.924,4.239c-1.29,1.923,-2.842,3.523,-4.787,4.787c-0.477,-0.329,-0.952,-0.604,-1.421,-0.819v-0.001c-3.747,-1.941,-7.584,0.251,-7.584,0.251l0.001,0.004c-0.057,0.028,-0.108,0.057,-0.164,0.085c-0.295,0.045,-0.602,0.147,-0.912,0.335c-5.208,3.152,-8.033,8.405,-7.1,14.484c0.474,3.08,5.146,1.767,4.677,-1.291c-0.384,-2.495,0.454,-4.734,1.95,-6.523c0.056,0.25,0.093,0.408,0.093,0.408l-0.306,2.35c-4.061,9.526,-3.183,16.516,-3.174,16.602c0.027,0.244,0.234,0.432,0.482,0.432h3.099h4.293h1.602h4.452h2.838c0.238,0.0,0.441,-0.176,0.479,-0.412c0.056,-0.354,1.31,-7.08,-2.759,-16.621c-0.32,-0.76,-0.623,-2.012,-0.623,-2.012l0.38,-2.371c0.246,-0.04,0.5,-0.111,0.759,-0.25c3.647,-1.952,6.426,-4.887,8.465,-8.465C45.344,19.285,45.109,18.293,44.448,17.49z"" style=""fill:#010002;"">
   </path>
   <circle cx=""36.048"" cy=""2.903"" r=""2.455"" style=""fill:#010002;"">
   </circle>
   <circle cx=""30.367"" cy=""2.903"" r=""2.455"" style=""fill:#010002;"">
   </circle>
   <circle cx=""24.613"" cy=""2.903"" r=""2.455"" style=""fill:#010002;"">
   </circle>
  </g>
 </g>
</svg>


Question: What does the whole object represent?",person,house,tree,car,A,human
328,"Examine the following SVG code carefully and answer the question based on your interpretation of the rendered image.

<svg id=""Layer_1"" style=""enable-background:new 0 0 512 512;"" version=""1.1"" viewbox=""0 0 512 512"" x=""0px"" xml:space=""preserve"" y=""0px"">
 <g>
  <g>
   <path d=""M515.84,360.985c-0.407,-2.351,-1.806,-4.413,-3.842,-5.659l-11.183,-6.846c-2.465,-9.859,-10.219,-17.522,-20.106,-19.872l-0.263,-0.062c0.583,4.448,0.836,9.874,0.726,14.182c-0.135,5.279,-0.547,21.342,-12.395,25.527c-11.563,4.084,-22.174,-7.044,-29.463,-16.857c-0.632,0.847,-1.255,1.681,-1.864,2.498L209.695,242.109c-1.516,-4.884,-4.859,-9.207,-9.712,-11.834l-2.55,-1.38c1.356,5.614,1.468,11.505,0.27,17.332c-1.756,8.537,-6.215,16.008,-12.405,21.568c1.654,0.424,3.333,0.632,5.002,0.632c6.153,0.0,12.133,-2.813,16.04,-7.852l215.983,106.01l-84.971,12.571c-5.404,0.799,-10.478,2.866,-14.856,5.953c-10.777,-2.804,-18.288,-7.622,-26.197,-15.853c-7.415,-8.062,-12.916,-17.513,-16.199,-26.508l-0.085,-0.235c-0.659,-1.807,-2.531,-2.944,-4.495,-2.612c-2.214,0.373,-3.706,2.472,-3.332,4.686c1.803,10.69,6.054,22.448,12.899,33.254c7.26,11.015,14.287,17.25,22.689,22.518c-7.169,8.801,-9.704,18.469,-10.552,28.899c-0.841,10.343,0.66,22.712,2.292,32.864l-13.692,30.282c-2.55,5.638,-0.046,12.275,5.593,14.824c5.641,2.551,12.276,0.042,14.824,-5.593l12.113,-26.794c11.943,-6.612,23.802,-17.1,31.076,-32.333c3.289,-6.889,6.397,-14.538,6.397,-23.149c0.0,-3.323,2.695,-6.018,6.018,-6.018c3.323,0.0,6.018,2.695,6.018,6.018c0.0,7.5,-1.419,14.608,-3.948,20.967c19.205,2.476,39.519,4.98,54.447,6.737l-20.501,45.34c-2.55,5.638,-0.046,12.275,5.593,14.824c5.641,2.551,12.276,0.042,14.824,-5.593c0.0,0.0,42.989,-94.799,48.619,-111.664c1.181,-3.536,3.773,-6.426,7.159,-7.986c3.386,-1.56,7.272,-1.659,10.727,-0.255c8.024,3.261,17.235,0.879,22.673,-5.861l6.665,-8.261C515.621,365.749,516.246,363.337,515.84,360.985z"">
   </path>
  </g>
 </g>
 <g>
  <g>
   <path d=""M468.944,325.966c-1.347,-3.814,-8.852,-5.914,-16.269,-3.296c-7.417,2.62,-11.937,8.969,-10.59,12.782c1.348,3.814,15.667,25.208,23.085,22.588C472.586,355.421,470.29,329.779,468.944,325.966z"">
   </path>
  </g>
 </g>
 <g>
  <g>
   <circle cx=""51.389"" cy=""54.138"" r=""42.07"">
   </circle>
  </g>
 </g>
 <g>
  <g>
   <path d=""M162.825,218.328l-68.774,-14.149l-28.894,-71.589c8.517,11.468,31.645,42.609,40.105,54.001l22.635,4.657l-11.524,-6.239l-27.085,-62.866c-2.876,-6.677,-10.452,-13.172,-19.094,-13.217l-47.327,-0.243C12.47,108.629,3.994,117.032,3.961,127.431c-0.019,5.901,5.512,155.412,5.512,155.412l69.343,209.686c3.177,9.608,12.113,15.695,21.709,15.695c4.519,0.0,9.068,-1.347,13.023,-4.085c-2.901,-5.609,2.203,8.336,-73.684,-221.14l19.048,0.098l69.378,209.794c4.163,11.918,17.2,18.215,29.13,14.047c11.924,-4.165,18.213,-17.207,14.047,-29.13L101.783,267.092c-15.974,-3.292,-18.398,-3.793,-32.084,-6.613c-18.548,-3.816,-28.843,-19.457,-30.113,-28.728l-11.099,-81.034l30.405,78.391c2.469,6.114,7.883,10.876,14.733,12.285l81.018,16.701c10.949,2.253,21.708,-4.783,23.972,-15.792C180.874,231.326,173.813,220.589,162.825,218.328z"">
   </path>
  </g>
 </g>
</svg>


Question: What is the person in the image holding?",book,leash,ball,cup,B,human
329,"Examine the following SVG code carefully and answer the question based on your interpretation of the rendered image.

<svg id=""Layer_1"" style=""enable-background:new 0 0 512 512;"" version=""1.1"" viewbox=""0 0 512 512"" x=""0px"" xml:space=""preserve"" y=""0px"">
 <g>
  <g>
   <path d=""M515.84,360.985c-0.407,-2.351,-1.806,-4.413,-3.842,-5.659l-11.183,-6.846c-2.465,-9.859,-10.219,-17.522,-20.106,-19.872l-0.263,-0.062c0.583,4.448,0.836,9.874,0.726,14.182c-0.135,5.279,-0.547,21.342,-12.395,25.527c-11.563,4.084,-22.174,-7.044,-29.463,-16.857c-0.632,0.847,-1.255,1.681,-1.864,2.498L209.695,242.109c-1.516,-4.884,-4.859,-9.207,-9.712,-11.834l-2.55,-1.38c1.356,5.614,1.468,11.505,0.27,17.332c-1.756,8.537,-6.215,16.008,-12.405,21.568c1.654,0.424,3.333,0.632,5.002,0.632c6.153,0.0,12.133,-2.813,16.04,-7.852l215.983,106.01l-84.971,12.571c-5.404,0.799,-10.478,2.866,-14.856,5.953c-10.777,-2.804,-18.288,-7.622,-26.197,-15.853c-7.415,-8.062,-12.916,-17.513,-16.199,-26.508l-0.085,-0.235c-0.659,-1.807,-2.531,-2.944,-4.495,-2.612c-2.214,0.373,-3.706,2.472,-3.332,4.686c1.803,10.69,6.054,22.448,12.899,33.254c7.26,11.015,14.287,17.25,22.689,22.518c-7.169,8.801,-9.704,18.469,-10.552,28.899c-0.841,10.343,0.66,22.712,2.292,32.864l-13.692,30.282c-2.55,5.638,-0.046,12.275,5.593,14.824c5.641,2.551,12.276,0.042,14.824,-5.593l12.113,-26.794c11.943,-6.612,23.802,-17.1,31.076,-32.333c3.289,-6.889,6.397,-14.538,6.397,-23.149c0.0,-3.323,2.695,-6.018,6.018,-6.018c3.323,0.0,6.018,2.695,6.018,6.018c0.0,7.5,-1.419,14.608,-3.948,20.967c19.205,2.476,39.519,4.98,54.447,6.737l-20.501,45.34c-2.55,5.638,-0.046,12.275,5.593,14.824c5.641,2.551,12.276,0.042,14.824,-5.593c0.0,0.0,42.989,-94.799,48.619,-111.664c1.181,-3.536,3.773,-6.426,7.159,-7.986c3.386,-1.56,7.272,-1.659,10.727,-0.255c8.024,3.261,17.235,0.879,22.673,-5.861l6.665,-8.261C515.621,365.749,516.246,363.337,515.84,360.985z"">
   </path>
  </g>
 </g>
 <g>
  <g>
   <path d=""M468.944,325.966c-1.347,-3.814,-8.852,-5.914,-16.269,-3.296c-7.417,2.62,-11.937,8.969,-10.59,12.782c1.348,3.814,15.667,25.208,23.085,22.588C472.586,355.421,470.29,329.779,468.944,325.966z"">
   </path>
  </g>
 </g>
 <g>
  <g>
   <circle cx=""51.389"" cy=""54.138"" r=""42.07"">
   </circle>
  </g>
 </g>
 <g>
  <g>
   <path d=""M162.825,218.328l-68.774,-14.149l-28.894,-71.589c8.517,11.468,31.645,42.609,40.105,54.001l22.635,4.657l-11.524,-6.239l-27.085,-62.866c-2.876,-6.677,-10.452,-13.172,-19.094,-13.217l-47.327,-0.243C12.47,108.629,3.994,117.032,3.961,127.431c-0.019,5.901,5.512,155.412,5.512,155.412l69.343,209.686c3.177,9.608,12.113,15.695,21.709,15.695c4.519,0.0,9.068,-1.347,13.023,-4.085c-2.901,-5.609,2.203,8.336,-73.684,-221.14l19.048,0.098l69.378,209.794c4.163,11.918,17.2,18.215,29.13,14.047c11.924,-4.165,18.213,-17.207,14.047,-29.13L101.783,267.092c-15.974,-3.292,-18.398,-3.793,-32.084,-6.613c-18.548,-3.816,-28.843,-19.457,-30.113,-28.728l-11.099,-81.034l30.405,78.391c2.469,6.114,7.883,10.876,14.733,12.285l81.018,16.701c10.949,2.253,21.708,-4.783,23.972,-15.792C180.874,231.326,173.813,220.589,162.825,218.328z"">
   </path>
  </g>
 </g>
</svg>


Question: What is the position of the dog in relation to the person?",person,person,person,person,A,human
330,"Examine the following SVG code carefully and answer the question based on your interpretation of the rendered image.

<svg id=""Layer_1"" style=""enable-background:new 0 0 512 512;"" version=""1.1"" viewbox=""0 0 512 512"" x=""0px"" xml:space=""preserve"" y=""0px"">
 <g>
  <g>
   <path d=""M515.84,360.985c-0.407,-2.351,-1.806,-4.413,-3.842,-5.659l-11.183,-6.846c-2.465,-9.859,-10.219,-17.522,-20.106,-19.872l-0.263,-0.062c0.583,4.448,0.836,9.874,0.726,14.182c-0.135,5.279,-0.547,21.342,-12.395,25.527c-11.563,4.084,-22.174,-7.044,-29.463,-16.857c-0.632,0.847,-1.255,1.681,-1.864,2.498L209.695,242.109c-1.516,-4.884,-4.859,-9.207,-9.712,-11.834l-2.55,-1.38c1.356,5.614,1.468,11.505,0.27,17.332c-1.756,8.537,-6.215,16.008,-12.405,21.568c1.654,0.424,3.333,0.632,5.002,0.632c6.153,0.0,12.133,-2.813,16.04,-7.852l215.983,106.01l-84.971,12.571c-5.404,0.799,-10.478,2.866,-14.856,5.953c-10.777,-2.804,-18.288,-7.622,-26.197,-15.853c-7.415,-8.062,-12.916,-17.513,-16.199,-26.508l-0.085,-0.235c-0.659,-1.807,-2.531,-2.944,-4.495,-2.612c-2.214,0.373,-3.706,2.472,-3.332,4.686c1.803,10.69,6.054,22.448,12.899,33.254c7.26,11.015,14.287,17.25,22.689,22.518c-7.169,8.801,-9.704,18.469,-10.552,28.899c-0.841,10.343,0.66,22.712,2.292,32.864l-13.692,30.282c-2.55,5.638,-0.046,12.275,5.593,14.824c5.641,2.551,12.276,0.042,14.824,-5.593l12.113,-26.794c11.943,-6.612,23.802,-17.1,31.076,-32.333c3.289,-6.889,6.397,-14.538,6.397,-23.149c0.0,-3.323,2.695,-6.018,6.018,-6.018c3.323,0.0,6.018,2.695,6.018,6.018c0.0,7.5,-1.419,14.608,-3.948,20.967c19.205,2.476,39.519,4.98,54.447,6.737l-20.501,45.34c-2.55,5.638,-0.046,12.275,5.593,14.824c5.641,2.551,12.276,0.042,14.824,-5.593c0.0,0.0,42.989,-94.799,48.619,-111.664c1.181,-3.536,3.773,-6.426,7.159,-7.986c3.386,-1.56,7.272,-1.659,10.727,-0.255c8.024,3.261,17.235,0.879,22.673,-5.861l6.665,-8.261C515.621,365.749,516.246,363.337,515.84,360.985z"">
   </path>
  </g>
 </g>
 <g>
  <g>
   <path d=""M468.944,325.966c-1.347,-3.814,-8.852,-5.914,-16.269,-3.296c-7.417,2.62,-11.937,8.969,-10.59,12.782c1.348,3.814,15.667,25.208,23.085,22.588C472.586,355.421,470.29,329.779,468.944,325.966z"">
   </path>
  </g>
 </g>
 <g>
  <g>
   <circle cx=""51.389"" cy=""54.138"" r=""42.07"">
   </circle>
  </g>
 </g>
 <g>
  <g>
   <path d=""M162.825,218.328l-68.774,-14.149l-28.894,-71.589c8.517,11.468,31.645,42.609,40.105,54.001l22.635,4.657l-11.524,-6.239l-27.085,-62.866c-2.876,-6.677,-10.452,-13.172,-19.094,-13.217l-47.327,-0.243C12.47,108.629,3.994,117.032,3.961,127.431c-0.019,5.901,5.512,155.412,5.512,155.412l69.343,209.686c3.177,9.608,12.113,15.695,21.709,15.695c4.519,0.0,9.068,-1.347,13.023,-4.085c-2.901,-5.609,2.203,8.336,-73.684,-221.14l19.048,0.098l69.378,209.794c4.163,11.918,17.2,18.215,29.13,14.047c11.924,-4.165,18.213,-17.207,14.047,-29.13L101.783,267.092c-15.974,-3.292,-18.398,-3.793,-32.084,-6.613c-18.548,-3.816,-28.843,-19.457,-30.113,-28.728l-11.099,-81.034l30.405,78.391c2.469,6.114,7.883,10.876,14.733,12.285l81.018,16.701c10.949,2.253,21.708,-4.783,23.972,-15.792C180.874,231.326,173.813,220.589,162.825,218.328z"">
   </path>
  </g>
 </g>
</svg>


Question: What shape is the head of the person in the image?",Square,Triangle,Hexagon,Circle,D,human
331,"Examine the following SVG code carefully and answer the question based on your interpretation of the rendered image.

<svg id=""Layer_1"" style=""enable-background:new 0 0 512 512;"" version=""1.1"" viewbox=""0 0 512 512"" x=""0px"" xml:space=""preserve"" y=""0px"">
 <g>
  <g>
   <path d=""M515.84,360.985c-0.407,-2.351,-1.806,-4.413,-3.842,-5.659l-11.183,-6.846c-2.465,-9.859,-10.219,-17.522,-20.106,-19.872l-0.263,-0.062c0.583,4.448,0.836,9.874,0.726,14.182c-0.135,5.279,-0.547,21.342,-12.395,25.527c-11.563,4.084,-22.174,-7.044,-29.463,-16.857c-0.632,0.847,-1.255,1.681,-1.864,2.498L209.695,242.109c-1.516,-4.884,-4.859,-9.207,-9.712,-11.834l-2.55,-1.38c1.356,5.614,1.468,11.505,0.27,17.332c-1.756,8.537,-6.215,16.008,-12.405,21.568c1.654,0.424,3.333,0.632,5.002,0.632c6.153,0.0,12.133,-2.813,16.04,-7.852l215.983,106.01l-84.971,12.571c-5.404,0.799,-10.478,2.866,-14.856,5.953c-10.777,-2.804,-18.288,-7.622,-26.197,-15.853c-7.415,-8.062,-12.916,-17.513,-16.199,-26.508l-0.085,-0.235c-0.659,-1.807,-2.531,-2.944,-4.495,-2.612c-2.214,0.373,-3.706,2.472,-3.332,4.686c1.803,10.69,6.054,22.448,12.899,33.254c7.26,11.015,14.287,17.25,22.689,22.518c-7.169,8.801,-9.704,18.469,-10.552,28.899c-0.841,10.343,0.66,22.712,2.292,32.864l-13.692,30.282c-2.55,5.638,-0.046,12.275,5.593,14.824c5.641,2.551,12.276,0.042,14.824,-5.593l12.113,-26.794c11.943,-6.612,23.802,-17.1,31.076,-32.333c3.289,-6.889,6.397,-14.538,6.397,-23.149c0.0,-3.323,2.695,-6.018,6.018,-6.018c3.323,0.0,6.018,2.695,6.018,6.018c0.0,7.5,-1.419,14.608,-3.948,20.967c19.205,2.476,39.519,4.98,54.447,6.737l-20.501,45.34c-2.55,5.638,-0.046,12.275,5.593,14.824c5.641,2.551,12.276,0.042,14.824,-5.593c0.0,0.0,42.989,-94.799,48.619,-111.664c1.181,-3.536,3.773,-6.426,7.159,-7.986c3.386,-1.56,7.272,-1.659,10.727,-0.255c8.024,3.261,17.235,0.879,22.673,-5.861l6.665,-8.261C515.621,365.749,516.246,363.337,515.84,360.985z"">
   </path>
  </g>
 </g>
 <g>
  <g>
   <path d=""M468.944,325.966c-1.347,-3.814,-8.852,-5.914,-16.269,-3.296c-7.417,2.62,-11.937,8.969,-10.59,12.782c1.348,3.814,15.667,25.208,23.085,22.588C472.586,355.421,470.29,329.779,468.944,325.966z"">
   </path>
  </g>
 </g>
 <g>
  <g>
   <circle cx=""51.389"" cy=""54.138"" r=""42.07"">
   </circle>
  </g>
 </g>
 <g>
  <g>
   <path d=""M162.825,218.328l-68.774,-14.149l-28.894,-71.589c8.517,11.468,31.645,42.609,40.105,54.001l22.635,4.657l-11.524,-6.239l-27.085,-62.866c-2.876,-6.677,-10.452,-13.172,-19.094,-13.217l-47.327,-0.243C12.47,108.629,3.994,117.032,3.961,127.431c-0.019,5.901,5.512,155.412,5.512,155.412l69.343,209.686c3.177,9.608,12.113,15.695,21.709,15.695c4.519,0.0,9.068,-1.347,13.023,-4.085c-2.901,-5.609,2.203,8.336,-73.684,-221.14l19.048,0.098l69.378,209.794c4.163,11.918,17.2,18.215,29.13,14.047c11.924,-4.165,18.213,-17.207,14.047,-29.13L101.783,267.092c-15.974,-3.292,-18.398,-3.793,-32.084,-6.613c-18.548,-3.816,-28.843,-19.457,-30.113,-28.728l-11.099,-81.034l30.405,78.391c2.469,6.114,7.883,10.876,14.733,12.285l81.018,16.701c10.949,2.253,21.708,-4.783,23.972,-15.792C180.874,231.326,173.813,220.589,162.825,218.328z"">
   </path>
  </g>
 </g>
</svg>


Question: What is the main activity depicted in the image?",book,dog,sport,Cooking,B,human
8,"Examine the following SVG code carefully and answer the question based on your interpretation of the rendered image.

<svg id=""Layer_1"" style=""enable-background:new 0 0 470 470;"" version=""1.1"" viewbox=""0 0 470 470"" x=""0px"" xml:space=""preserve"" y=""0px"">
 <g>
  <g>
   <g>
    <path d=""M378.227,131.355c-2.497,-5.08,-4.91,-9.988,-7.191,-14.752c10.307,-2.813,19.677,-8.469,27.059,-16.456C407.935,89.501,413.354,75.65,413.354,61.144C413.354,29.438,387.56,3.644,355.854,3.644c-29.163,0.0,-53.306,21.827,-56.995,50.0h-121.01C174.16,25.471,150.016,3.644,120.854,3.644C89.148,3.644,63.354,29.438,63.354,61.144c0.0,14.506,5.419,28.357,15.259,39.003c7.382,7.987,16.753,13.644,27.06,16.456c-2.282,4.765,-4.695,9.674,-7.193,14.756C78.375,172.253,53.354,223.15,53.354,288.644c0.0,102.01,82.991,185.0,185.0,185.0c102.01,0.0,185.0,-82.99,185.0,-185.0C423.354,223.148,398.333,172.251,378.227,131.355zM313.354,122.686c4.672,10.88,10.04,21.803,15.517,32.942C347.377,193.273,368.354,235.942,368.354,288.644c0.0,43.771,-21.746,82.557,-55.0,106.126V122.686zM178.083,68.644h120.542c0.348,5.043,1.034,10.038,2.007,15.0H176.076C177.049,78.682,177.735,73.687,178.083,68.644zM298.354,98.644v305.299c-9.389,4.905,-19.447,8.698,-30.0,11.201V98.644H298.354zM253.354,98.644v319.13c-4.923,0.568,-9.927,0.87,-15.0,0.87s-10.077,-0.302,-15.0,-0.87V98.644H253.354zM208.354,98.644v316.5c-10.553,-2.503,-20.611,-6.296,-30.0,-11.201V98.644H208.354zM238.354,458.644c-93.738,0.0,-170.0,-76.262,-170.0,-170.0c0.0,-62.007,24.167,-111.167,43.586,-150.668c4.107,-8.354,7.986,-16.245,11.487,-23.908c1.014,-2.22,0.885,-4.795,-0.347,-6.902c-1.232,-2.106,-3.413,-3.482,-5.845,-3.688C95.433,101.642,78.354,83.046,78.354,61.144C78.354,37.709,97.419,18.644,120.854,18.644S163.354,37.709,163.354,61.144c0.0,28.924,-14.075,57.553,-28.976,87.864C115.149,188.121,93.354,232.453,93.354,288.644c0.0,52.523,28.072,98.612,70.0,124.056v5.702c0.0,4.143,3.358,7.5,7.5,7.5c3.415,0.0,6.291,-2.284,7.198,-5.406c9.588,4.402,19.734,7.787,30.302,10.02v3.778c0.0,4.143,3.358,7.5,7.5,7.5c4.142,0.0,7.5,-3.357,7.5,-7.5v-1.422c4.932,0.509,9.936,0.772,15.0,0.772c5.064,0.0,10.068,-0.264,15.0,-0.772v1.422c0.0,4.143,3.357,7.5,7.5,7.5s7.5,-3.357,7.5,-7.5v-3.778c10.568,-2.232,20.714,-5.617,30.302,-10.02c0.907,3.122,3.783,5.406,7.198,5.406c4.143,0.0,7.5,-3.357,7.5,-7.5v-5.702c41.928,-25.443,70.0,-71.532,70.0,-124.056c0.0,-56.19,-21.794,-100.521,-41.023,-139.637C327.429,118.699,313.354,90.071,313.354,61.144c0.0,-23.435,19.065,-42.5,42.5,-42.5S398.354,37.709,398.354,61.144c0.0,21.902,-17.079,40.498,-38.882,42.334c-2.432,0.205,-4.612,1.581,-5.845,3.688c-1.231,2.107,-1.361,4.683,-0.347,6.902c3.5,7.662,7.379,15.552,11.485,23.905C384.186,177.474,408.354,226.635,408.354,288.644C408.354,382.382,332.092,458.644,238.354,458.644zM163.354,122.685v272.085c-33.254,-23.569,-55.0,-62.354,-55.0,-106.126c0.0,-52.703,20.977,-95.372,39.485,-133.019C153.315,144.487,158.683,133.564,163.354,122.685z"">
    </path>
    <path d=""M148.354,61.144c0.0,-14.461,-11.31,-26.506,-25.749,-27.421c-4.125,-0.259,-7.697,2.878,-7.959,7.011c-0.262,4.134,2.876,7.697,7.011,7.96C128.216,49.109,133.354,54.578,133.354,61.144c0.0,6.893,-5.607,12.5,-12.5,12.5c-6.566,0.0,-12.035,-5.138,-12.451,-11.697c-0.261,-4.134,-3.814,-7.271,-7.959,-7.011c-4.134,0.263,-7.272,3.826,-7.01,7.96C94.349,77.334,106.393,88.644,120.854,88.644C136.018,88.644,148.354,76.307,148.354,61.144z"">
    </path>
    <path d=""M383.354,61.144c0.0,-14.461,-11.31,-26.506,-25.748,-27.421c-4.156,-0.243,-7.697,2.879,-7.96,7.011c-0.262,4.134,2.877,7.697,7.011,7.96C363.216,49.109,368.354,54.578,368.354,61.144c0.0,6.893,-5.607,12.5,-12.5,12.5c-6.566,0.0,-12.035,-5.138,-12.45,-11.697c-0.262,-4.134,-3.815,-7.263,-7.96,-7.011c-4.134,0.263,-7.272,3.826,-7.011,7.96C329.348,77.334,341.393,88.644,355.854,88.644C371.017,88.644,383.354,76.307,383.354,61.144z"">
    </path>
   </g>
  </g>
 </g>
</svg>


Question: How many vertical lines are present in the object?",4,3,2,5,A,musical_instrument
9,"Examine the following SVG code carefully and answer the question based on your interpretation of the rendered image.

<svg id=""Layer_1"" style=""enable-background:new 0 0 470 470;"" version=""1.1"" viewbox=""0 0 470 470"" x=""0px"" xml:space=""preserve"" y=""0px"">
 <g>
  <g>
   <g>
    <path d=""M378.227,131.355c-2.497,-5.08,-4.91,-9.988,-7.191,-14.752c10.307,-2.813,19.677,-8.469,27.059,-16.456C407.935,89.501,413.354,75.65,413.354,61.144C413.354,29.438,387.56,3.644,355.854,3.644c-29.163,0.0,-53.306,21.827,-56.995,50.0h-121.01C174.16,25.471,150.016,3.644,120.854,3.644C89.148,3.644,63.354,29.438,63.354,61.144c0.0,14.506,5.419,28.357,15.259,39.003c7.382,7.987,16.753,13.644,27.06,16.456c-2.282,4.765,-4.695,9.674,-7.193,14.756C78.375,172.253,53.354,223.15,53.354,288.644c0.0,102.01,82.991,185.0,185.0,185.0c102.01,0.0,185.0,-82.99,185.0,-185.0C423.354,223.148,398.333,172.251,378.227,131.355zM313.354,122.686c4.672,10.88,10.04,21.803,15.517,32.942C347.377,193.273,368.354,235.942,368.354,288.644c0.0,43.771,-21.746,82.557,-55.0,106.126V122.686zM178.083,68.644h120.542c0.348,5.043,1.034,10.038,2.007,15.0H176.076C177.049,78.682,177.735,73.687,178.083,68.644zM298.354,98.644v305.299c-9.389,4.905,-19.447,8.698,-30.0,11.201V98.644H298.354zM253.354,98.644v319.13c-4.923,0.568,-9.927,0.87,-15.0,0.87s-10.077,-0.302,-15.0,-0.87V98.644H253.354zM208.354,98.644v316.5c-10.553,-2.503,-20.611,-6.296,-30.0,-11.201V98.644H208.354zM238.354,458.644c-93.738,0.0,-170.0,-76.262,-170.0,-170.0c0.0,-62.007,24.167,-111.167,43.586,-150.668c4.107,-8.354,7.986,-16.245,11.487,-23.908c1.014,-2.22,0.885,-4.795,-0.347,-6.902c-1.232,-2.106,-3.413,-3.482,-5.845,-3.688C95.433,101.642,78.354,83.046,78.354,61.144C78.354,37.709,97.419,18.644,120.854,18.644S163.354,37.709,163.354,61.144c0.0,28.924,-14.075,57.553,-28.976,87.864C115.149,188.121,93.354,232.453,93.354,288.644c0.0,52.523,28.072,98.612,70.0,124.056v5.702c0.0,4.143,3.358,7.5,7.5,7.5c3.415,0.0,6.291,-2.284,7.198,-5.406c9.588,4.402,19.734,7.787,30.302,10.02v3.778c0.0,4.143,3.358,7.5,7.5,7.5c4.142,0.0,7.5,-3.357,7.5,-7.5v-1.422c4.932,0.509,9.936,0.772,15.0,0.772c5.064,0.0,10.068,-0.264,15.0,-0.772v1.422c0.0,4.143,3.357,7.5,7.5,7.5s7.5,-3.357,7.5,-7.5v-3.778c10.568,-2.232,20.714,-5.617,30.302,-10.02c0.907,3.122,3.783,5.406,7.198,5.406c4.143,0.0,7.5,-3.357,7.5,-7.5v-5.702c41.928,-25.443,70.0,-71.532,70.0,-124.056c0.0,-56.19,-21.794,-100.521,-41.023,-139.637C327.429,118.699,313.354,90.071,313.354,61.144c0.0,-23.435,19.065,-42.5,42.5,-42.5S398.354,37.709,398.354,61.144c0.0,21.902,-17.079,40.498,-38.882,42.334c-2.432,0.205,-4.612,1.581,-5.845,3.688c-1.231,2.107,-1.361,4.683,-0.347,6.902c3.5,7.662,7.379,15.552,11.485,23.905C384.186,177.474,408.354,226.635,408.354,288.644C408.354,382.382,332.092,458.644,238.354,458.644zM163.354,122.685v272.085c-33.254,-23.569,-55.0,-62.354,-55.0,-106.126c0.0,-52.703,20.977,-95.372,39.485,-133.019C153.315,144.487,158.683,133.564,163.354,122.685z"">
    </path>
    <path d=""M148.354,61.144c0.0,-14.461,-11.31,-26.506,-25.749,-27.421c-4.125,-0.259,-7.697,2.878,-7.959,7.011c-0.262,4.134,2.876,7.697,7.011,7.96C128.216,49.109,133.354,54.578,133.354,61.144c0.0,6.893,-5.607,12.5,-12.5,12.5c-6.566,0.0,-12.035,-5.138,-12.451,-11.697c-0.261,-4.134,-3.814,-7.271,-7.959,-7.011c-4.134,0.263,-7.272,3.826,-7.01,7.96C94.349,77.334,106.393,88.644,120.854,88.644C136.018,88.644,148.354,76.307,148.354,61.144z"">
    </path>
    <path d=""M383.354,61.144c0.0,-14.461,-11.31,-26.506,-25.748,-27.421c-4.156,-0.243,-7.697,2.879,-7.96,7.011c-0.262,4.134,2.877,7.697,7.011,7.96C363.216,49.109,368.354,54.578,368.354,61.144c0.0,6.893,-5.607,12.5,-12.5,12.5c-6.566,0.0,-12.035,-5.138,-12.45,-11.697c-0.262,-4.134,-3.815,-7.263,-7.96,-7.011c-4.134,0.263,-7.272,3.826,-7.011,7.96C329.348,77.334,341.393,88.644,355.854,88.644C371.017,88.644,383.354,76.307,383.354,61.144z"">
    </path>
   </g>
  </g>
 </g>
</svg>


Question: What shape is formed at the top of the object?",Rectangle,Square,Spiral,Triangle,C,musical_instrument
10,"Examine the following SVG code carefully and answer the question based on your interpretation of the rendered image.

<svg id=""Layer_1"" style=""enable-background:new 0 0 470 470;"" version=""1.1"" viewbox=""0 0 470 470"" x=""0px"" xml:space=""preserve"" y=""0px"">
 <g>
  <g>
   <g>
    <path d=""M378.227,131.355c-2.497,-5.08,-4.91,-9.988,-7.191,-14.752c10.307,-2.813,19.677,-8.469,27.059,-16.456C407.935,89.501,413.354,75.65,413.354,61.144C413.354,29.438,387.56,3.644,355.854,3.644c-29.163,0.0,-53.306,21.827,-56.995,50.0h-121.01C174.16,25.471,150.016,3.644,120.854,3.644C89.148,3.644,63.354,29.438,63.354,61.144c0.0,14.506,5.419,28.357,15.259,39.003c7.382,7.987,16.753,13.644,27.06,16.456c-2.282,4.765,-4.695,9.674,-7.193,14.756C78.375,172.253,53.354,223.15,53.354,288.644c0.0,102.01,82.991,185.0,185.0,185.0c102.01,0.0,185.0,-82.99,185.0,-185.0C423.354,223.148,398.333,172.251,378.227,131.355zM313.354,122.686c4.672,10.88,10.04,21.803,15.517,32.942C347.377,193.273,368.354,235.942,368.354,288.644c0.0,43.771,-21.746,82.557,-55.0,106.126V122.686zM178.083,68.644h120.542c0.348,5.043,1.034,10.038,2.007,15.0H176.076C177.049,78.682,177.735,73.687,178.083,68.644zM298.354,98.644v305.299c-9.389,4.905,-19.447,8.698,-30.0,11.201V98.644H298.354zM253.354,98.644v319.13c-4.923,0.568,-9.927,0.87,-15.0,0.87s-10.077,-0.302,-15.0,-0.87V98.644H253.354zM208.354,98.644v316.5c-10.553,-2.503,-20.611,-6.296,-30.0,-11.201V98.644H208.354zM238.354,458.644c-93.738,0.0,-170.0,-76.262,-170.0,-170.0c0.0,-62.007,24.167,-111.167,43.586,-150.668c4.107,-8.354,7.986,-16.245,11.487,-23.908c1.014,-2.22,0.885,-4.795,-0.347,-6.902c-1.232,-2.106,-3.413,-3.482,-5.845,-3.688C95.433,101.642,78.354,83.046,78.354,61.144C78.354,37.709,97.419,18.644,120.854,18.644S163.354,37.709,163.354,61.144c0.0,28.924,-14.075,57.553,-28.976,87.864C115.149,188.121,93.354,232.453,93.354,288.644c0.0,52.523,28.072,98.612,70.0,124.056v5.702c0.0,4.143,3.358,7.5,7.5,7.5c3.415,0.0,6.291,-2.284,7.198,-5.406c9.588,4.402,19.734,7.787,30.302,10.02v3.778c0.0,4.143,3.358,7.5,7.5,7.5c4.142,0.0,7.5,-3.357,7.5,-7.5v-1.422c4.932,0.509,9.936,0.772,15.0,0.772c5.064,0.0,10.068,-0.264,15.0,-0.772v1.422c0.0,4.143,3.357,7.5,7.5,7.5s7.5,-3.357,7.5,-7.5v-3.778c10.568,-2.232,20.714,-5.617,30.302,-10.02c0.907,3.122,3.783,5.406,7.198,5.406c4.143,0.0,7.5,-3.357,7.5,-7.5v-5.702c41.928,-25.443,70.0,-71.532,70.0,-124.056c0.0,-56.19,-21.794,-100.521,-41.023,-139.637C327.429,118.699,313.354,90.071,313.354,61.144c0.0,-23.435,19.065,-42.5,42.5,-42.5S398.354,37.709,398.354,61.144c0.0,21.902,-17.079,40.498,-38.882,42.334c-2.432,0.205,-4.612,1.581,-5.845,3.688c-1.231,2.107,-1.361,4.683,-0.347,6.902c3.5,7.662,7.379,15.552,11.485,23.905C384.186,177.474,408.354,226.635,408.354,288.644C408.354,382.382,332.092,458.644,238.354,458.644zM163.354,122.685v272.085c-33.254,-23.569,-55.0,-62.354,-55.0,-106.126c0.0,-52.703,20.977,-95.372,39.485,-133.019C153.315,144.487,158.683,133.564,163.354,122.685z"">
    </path>
    <path d=""M148.354,61.144c0.0,-14.461,-11.31,-26.506,-25.749,-27.421c-4.125,-0.259,-7.697,2.878,-7.959,7.011c-0.262,4.134,2.876,7.697,7.011,7.96C128.216,49.109,133.354,54.578,133.354,61.144c0.0,6.893,-5.607,12.5,-12.5,12.5c-6.566,0.0,-12.035,-5.138,-12.451,-11.697c-0.261,-4.134,-3.814,-7.271,-7.959,-7.011c-4.134,0.263,-7.272,3.826,-7.01,7.96C94.349,77.334,106.393,88.644,120.854,88.644C136.018,88.644,148.354,76.307,148.354,61.144z"">
    </path>
    <path d=""M383.354,61.144c0.0,-14.461,-11.31,-26.506,-25.748,-27.421c-4.156,-0.243,-7.697,2.879,-7.96,7.011c-0.262,4.134,2.877,7.697,7.011,7.96C363.216,49.109,368.354,54.578,368.354,61.144c0.0,6.893,-5.607,12.5,-12.5,12.5c-6.566,0.0,-12.035,-5.138,-12.45,-11.697c-0.262,-4.134,-3.815,-7.263,-7.96,-7.011c-4.134,0.263,-7.272,3.826,-7.011,7.96C329.348,77.334,341.393,88.644,355.854,88.644C371.017,88.644,383.354,76.307,383.354,61.144z"">
    </path>
   </g>
  </g>
 </g>
</svg>


Question: How many horizontal lines are present in the object?",1,2,3,4,B,musical_instrument
11,"Examine the following SVG code carefully and answer the question based on your interpretation of the rendered image.

<svg id=""Layer_1"" style=""enable-background:new 0 0 470 470;"" version=""1.1"" viewbox=""0 0 470 470"" x=""0px"" xml:space=""preserve"" y=""0px"">
 <g>
  <g>
   <g>
    <path d=""M378.227,131.355c-2.497,-5.08,-4.91,-9.988,-7.191,-14.752c10.307,-2.813,19.677,-8.469,27.059,-16.456C407.935,89.501,413.354,75.65,413.354,61.144C413.354,29.438,387.56,3.644,355.854,3.644c-29.163,0.0,-53.306,21.827,-56.995,50.0h-121.01C174.16,25.471,150.016,3.644,120.854,3.644C89.148,3.644,63.354,29.438,63.354,61.144c0.0,14.506,5.419,28.357,15.259,39.003c7.382,7.987,16.753,13.644,27.06,16.456c-2.282,4.765,-4.695,9.674,-7.193,14.756C78.375,172.253,53.354,223.15,53.354,288.644c0.0,102.01,82.991,185.0,185.0,185.0c102.01,0.0,185.0,-82.99,185.0,-185.0C423.354,223.148,398.333,172.251,378.227,131.355zM313.354,122.686c4.672,10.88,10.04,21.803,15.517,32.942C347.377,193.273,368.354,235.942,368.354,288.644c0.0,43.771,-21.746,82.557,-55.0,106.126V122.686zM178.083,68.644h120.542c0.348,5.043,1.034,10.038,2.007,15.0H176.076C177.049,78.682,177.735,73.687,178.083,68.644zM298.354,98.644v305.299c-9.389,4.905,-19.447,8.698,-30.0,11.201V98.644H298.354zM253.354,98.644v319.13c-4.923,0.568,-9.927,0.87,-15.0,0.87s-10.077,-0.302,-15.0,-0.87V98.644H253.354zM208.354,98.644v316.5c-10.553,-2.503,-20.611,-6.296,-30.0,-11.201V98.644H208.354zM238.354,458.644c-93.738,0.0,-170.0,-76.262,-170.0,-170.0c0.0,-62.007,24.167,-111.167,43.586,-150.668c4.107,-8.354,7.986,-16.245,11.487,-23.908c1.014,-2.22,0.885,-4.795,-0.347,-6.902c-1.232,-2.106,-3.413,-3.482,-5.845,-3.688C95.433,101.642,78.354,83.046,78.354,61.144C78.354,37.709,97.419,18.644,120.854,18.644S163.354,37.709,163.354,61.144c0.0,28.924,-14.075,57.553,-28.976,87.864C115.149,188.121,93.354,232.453,93.354,288.644c0.0,52.523,28.072,98.612,70.0,124.056v5.702c0.0,4.143,3.358,7.5,7.5,7.5c3.415,0.0,6.291,-2.284,7.198,-5.406c9.588,4.402,19.734,7.787,30.302,10.02v3.778c0.0,4.143,3.358,7.5,7.5,7.5c4.142,0.0,7.5,-3.357,7.5,-7.5v-1.422c4.932,0.509,9.936,0.772,15.0,0.772c5.064,0.0,10.068,-0.264,15.0,-0.772v1.422c0.0,4.143,3.357,7.5,7.5,7.5s7.5,-3.357,7.5,-7.5v-3.778c10.568,-2.232,20.714,-5.617,30.302,-10.02c0.907,3.122,3.783,5.406,7.198,5.406c4.143,0.0,7.5,-3.357,7.5,-7.5v-5.702c41.928,-25.443,70.0,-71.532,70.0,-124.056c0.0,-56.19,-21.794,-100.521,-41.023,-139.637C327.429,118.699,313.354,90.071,313.354,61.144c0.0,-23.435,19.065,-42.5,42.5,-42.5S398.354,37.709,398.354,61.144c0.0,21.902,-17.079,40.498,-38.882,42.334c-2.432,0.205,-4.612,1.581,-5.845,3.688c-1.231,2.107,-1.361,4.683,-0.347,6.902c3.5,7.662,7.379,15.552,11.485,23.905C384.186,177.474,408.354,226.635,408.354,288.644C408.354,382.382,332.092,458.644,238.354,458.644zM163.354,122.685v272.085c-33.254,-23.569,-55.0,-62.354,-55.0,-106.126c0.0,-52.703,20.977,-95.372,39.485,-133.019C153.315,144.487,158.683,133.564,163.354,122.685z"">
    </path>
    <path d=""M148.354,61.144c0.0,-14.461,-11.31,-26.506,-25.749,-27.421c-4.125,-0.259,-7.697,2.878,-7.959,7.011c-0.262,4.134,2.876,7.697,7.011,7.96C128.216,49.109,133.354,54.578,133.354,61.144c0.0,6.893,-5.607,12.5,-12.5,12.5c-6.566,0.0,-12.035,-5.138,-12.451,-11.697c-0.261,-4.134,-3.814,-7.271,-7.959,-7.011c-4.134,0.263,-7.272,3.826,-7.01,7.96C94.349,77.334,106.393,88.644,120.854,88.644C136.018,88.644,148.354,76.307,148.354,61.144z"">
    </path>
    <path d=""M383.354,61.144c0.0,-14.461,-11.31,-26.506,-25.748,-27.421c-4.156,-0.243,-7.697,2.879,-7.96,7.011c-0.262,4.134,2.877,7.697,7.011,7.96C363.216,49.109,368.354,54.578,368.354,61.144c0.0,6.893,-5.607,12.5,-12.5,12.5c-6.566,0.0,-12.035,-5.138,-12.45,-11.697c-0.262,-4.134,-3.815,-7.263,-7.96,-7.011c-4.134,0.263,-7.272,3.826,-7.011,7.96C329.348,77.334,341.393,88.644,355.854,88.644C371.017,88.644,383.354,76.307,383.354,61.144z"">
    </path>
   </g>
  </g>
 </g>
</svg>


Question: What is the object in the image?",Harp,Violin,Lyre,Guitar,A,musical_instrument
24,"Examine the following SVG code carefully and answer the question based on your interpretation of the rendered image.

<svg id=""Layer_1"" style=""enable-background:new 0 0 512 512;"" version=""1.1"" viewbox=""0 0 512 512"" x=""0px"" xml:space=""preserve"" y=""0px"">
 <path d=""M497.965,418.312H21.275C11.524,418.312,3.62,410.408,3.62,400.656V118.174c0.0,-9.751,7.904,-17.655,17.655,-17.655h476.69c9.751,0.0,17.655,7.904,17.655,17.655v282.483C515.62,410.408,507.716,418.312,497.965,418.312z"" style=""fill:#E15050;"">
 </path>
 <g>
  <path d=""M409.689,188.794H109.551c-9.751,0.0,-17.655,-7.904,-17.655,-17.655v-17.655c0.0,-9.751,7.904,-17.655,17.655,-17.655h300.138c9.751,0.0,17.655,7.904,17.655,17.655v17.655C427.344,180.89,419.44,188.794,409.689,188.794z"" style=""fill:#D24146;"">
  </path>
  <path d=""M497.965,418.312H21.275V250.587c0.0,-14.626,11.857,-26.483,26.483,-26.483h423.724c14.626,0.0,26.483,11.857,26.483,26.483V418.312z"" style=""fill:#D24146;"">
  </path>
 </g>
 <path d=""M471.482,400.656H47.758c-4.875,0.0,-8.828,-3.953,-8.828,-8.828V250.587c0.0,-4.875,3.953,-8.828,8.828,-8.828h423.724c4.875,0.0,8.828,3.953,8.828,8.828v141.241C480.31,396.704,476.357,400.656,471.482,400.656z"" style=""fill:#FFF5E6;"">
 </path>
 <circle cx=""233.137"" cy=""162.312"" r=""13.241"" style=""fill:#A0EB64;"">
 </circle>
 <circle cx=""180.172"" cy=""162.312"" r=""13.241"" style=""fill:#FFD558;"">
 </circle>
 <circle cx=""127.206"" cy=""162.312"" r=""13.241"" style=""fill:#FFAF4B;"">
 </circle>
 <circle cx=""286.103"" cy=""162.312"" r=""13.241"" style=""fill:#00D2B9;"">
 </circle>
 <circle cx=""339.068"" cy=""162.312"" r=""13.241"" style=""fill:#8CD2FF;"">
 </circle>
 <circle cx=""392.034"" cy=""162.312"" r=""13.241"" style=""fill:#D28CE6;"">
 </circle>
 <g>
  <rect height=""70.621"" style=""fill:#F0E1C8;"" width=""17.655"" x=""118.379"" y=""330.036"">
  </rect>
  <rect height=""70.621"" style=""fill:#F0E1C8;"" width=""17.655"" x=""171.344"" y=""330.036"">
  </rect>
 </g>
 <g>
  <path d=""M131.62,338.863h-8.828c-4.875,0.0,-8.828,-3.953,-8.828,-8.828v-88.276h26.483v88.276C140.448,334.911,136.495,338.863,131.62,338.863z"" style=""fill:#5B5D6E;"">
  </path>
  <path d=""M184.586,338.863h-8.828c-4.875,0.0,-8.828,-3.953,-8.828,-8.828v-88.276h26.483v88.276C193.413,334.911,189.461,338.863,184.586,338.863z"" style=""fill:#5B5D6E;"">
  </path>
 </g>
 <g>
  <rect height=""70.621"" style=""fill:#F0E1C8;"" width=""17.655"" x=""224.310"" y=""330.036"">
  </rect>
  <rect height=""70.621"" style=""fill:#F0E1C8;"" width=""17.655"" x=""277.275"" y=""330.036"">
  </rect>
 </g>
 <g>
  <path d=""M237.551,338.863h-8.828c-4.875,0.0,-8.828,-3.953,-8.828,-8.828v-88.276h26.483v88.276C246.379,334.911,242.426,338.863,237.551,338.863z"" style=""fill:#5B5D6E;"">
  </path>
  <path d=""M290.517,338.863h-8.828c-4.875,0.0,-8.828,-3.953,-8.828,-8.828v-88.276h26.483v88.276C299.344,334.911,295.392,338.863,290.517,338.863z"" style=""fill:#5B5D6E;"">
  </path>
 </g>
 <g>
  <rect height=""70.621"" style=""fill:#F0E1C8;"" width=""17.655"" x=""330.241"" y=""330.036"">
  </rect>
  <rect height=""70.621"" style=""fill:#F0E1C8;"" width=""17.655"" x=""383.206"" y=""330.036"">
  </rect>
 </g>
 <g>
  <path d=""M343.482,338.863h-8.828c-4.875,0.0,-8.828,-3.953,-8.828,-8.828v-88.276h26.483v88.276C352.31,334.911,348.357,338.863,343.482,338.863z"" style=""fill:#5B5D6E;"">
  </path>
  <path d=""M396.448,338.863H387.62c-4.875,0.0,-8.828,-3.953,-8.828,-8.828v-88.276h26.483v88.276C405.275,334.911,401.323,338.863,396.448,338.863z"" style=""fill:#5B5D6E;"">
  </path>
 </g>
 <rect height=""70.621"" style=""fill:#F0E1C8;"" width=""17.655"" x=""436.172"" y=""330.036"">
 </rect>
 <path d=""M449.413,338.863h-8.828c-4.875,0.0,-8.828,-3.953,-8.828,-8.828v-88.276h26.483v88.276C458.241,334.911,454.288,338.863,449.413,338.863z"" style=""fill:#5B5D6E;"">
 </path>
 <rect height=""70.621"" style=""fill:#F0E1C8;"" width=""17.655"" x=""65.413"" y=""330.036"">
 </rect>
 <g>
  <path d=""M78.654,338.863h-8.828c-4.875,0.0,-8.828,-3.953,-8.828,-8.828v-88.276h26.483v88.276C87.482,334.911,83.53,338.863,78.654,338.863z"" style=""fill:#5B5D6E;"">
  </path>
  <path d=""M65.413,197.622h-35.31c-4.875,0.0,-8.828,-3.953,-8.828,-8.828v-52.966c0.0,-4.875,3.953,-8.828,8.828,-8.828h35.31c4.875,0.0,8.828,3.953,8.828,8.828v52.966C74.241,193.669,70.288,197.622,65.413,197.622z"" style=""fill:#5B5D6E;"">
  </path>
  <path d=""M489.137,197.622h-35.31c-4.875,0.0,-8.828,-3.953,-8.828,-8.828v-52.966c0.0,-4.875,3.953,-8.828,8.828,-8.828h35.31c4.875,0.0,8.828,3.953,8.828,8.828v52.966C497.965,193.669,494.012,197.622,489.137,197.622z"" style=""fill:#5B5D6E;"">
  </path>
 </g>
 <g>
  <circle cx=""47.758"" cy=""162.312"" r=""17.655"" style=""fill:#707487;"">
  </circle>
  <circle cx=""471.482"" cy=""162.312"" r=""17.655"" style=""fill:#707487;"">
  </circle>
 </g>
</svg>


Question: What is the primary color of the object?",Red,Green,Blue,Yellow,A,musical_instrument
25,"Examine the following SVG code carefully and answer the question based on your interpretation of the rendered image.

<svg id=""Layer_1"" style=""enable-background:new 0 0 512 512;"" version=""1.1"" viewbox=""0 0 512 512"" x=""0px"" xml:space=""preserve"" y=""0px"">
 <path d=""M497.965,418.312H21.275C11.524,418.312,3.62,410.408,3.62,400.656V118.174c0.0,-9.751,7.904,-17.655,17.655,-17.655h476.69c9.751,0.0,17.655,7.904,17.655,17.655v282.483C515.62,410.408,507.716,418.312,497.965,418.312z"" style=""fill:#E15050;"">
 </path>
 <g>
  <path d=""M409.689,188.794H109.551c-9.751,0.0,-17.655,-7.904,-17.655,-17.655v-17.655c0.0,-9.751,7.904,-17.655,17.655,-17.655h300.138c9.751,0.0,17.655,7.904,17.655,17.655v17.655C427.344,180.89,419.44,188.794,409.689,188.794z"" style=""fill:#D24146;"">
  </path>
  <path d=""M497.965,418.312H21.275V250.587c0.0,-14.626,11.857,-26.483,26.483,-26.483h423.724c14.626,0.0,26.483,11.857,26.483,26.483V418.312z"" style=""fill:#D24146;"">
  </path>
 </g>
 <path d=""M471.482,400.656H47.758c-4.875,0.0,-8.828,-3.953,-8.828,-8.828V250.587c0.0,-4.875,3.953,-8.828,8.828,-8.828h423.724c4.875,0.0,8.828,3.953,8.828,8.828v141.241C480.31,396.704,476.357,400.656,471.482,400.656z"" style=""fill:#FFF5E6;"">
 </path>
 <circle cx=""233.137"" cy=""162.312"" r=""13.241"" style=""fill:#A0EB64;"">
 </circle>
 <circle cx=""180.172"" cy=""162.312"" r=""13.241"" style=""fill:#FFD558;"">
 </circle>
 <circle cx=""127.206"" cy=""162.312"" r=""13.241"" style=""fill:#FFAF4B;"">
 </circle>
 <circle cx=""286.103"" cy=""162.312"" r=""13.241"" style=""fill:#00D2B9;"">
 </circle>
 <circle cx=""339.068"" cy=""162.312"" r=""13.241"" style=""fill:#8CD2FF;"">
 </circle>
 <circle cx=""392.034"" cy=""162.312"" r=""13.241"" style=""fill:#D28CE6;"">
 </circle>
 <g>
  <rect height=""70.621"" style=""fill:#F0E1C8;"" width=""17.655"" x=""118.379"" y=""330.036"">
  </rect>
  <rect height=""70.621"" style=""fill:#F0E1C8;"" width=""17.655"" x=""171.344"" y=""330.036"">
  </rect>
 </g>
 <g>
  <path d=""M131.62,338.863h-8.828c-4.875,0.0,-8.828,-3.953,-8.828,-8.828v-88.276h26.483v88.276C140.448,334.911,136.495,338.863,131.62,338.863z"" style=""fill:#5B5D6E;"">
  </path>
  <path d=""M184.586,338.863h-8.828c-4.875,0.0,-8.828,-3.953,-8.828,-8.828v-88.276h26.483v88.276C193.413,334.911,189.461,338.863,184.586,338.863z"" style=""fill:#5B5D6E;"">
  </path>
 </g>
 <g>
  <rect height=""70.621"" style=""fill:#F0E1C8;"" width=""17.655"" x=""224.310"" y=""330.036"">
  </rect>
  <rect height=""70.621"" style=""fill:#F0E1C8;"" width=""17.655"" x=""277.275"" y=""330.036"">
  </rect>
 </g>
 <g>
  <path d=""M237.551,338.863h-8.828c-4.875,0.0,-8.828,-3.953,-8.828,-8.828v-88.276h26.483v88.276C246.379,334.911,242.426,338.863,237.551,338.863z"" style=""fill:#5B5D6E;"">
  </path>
  <path d=""M290.517,338.863h-8.828c-4.875,0.0,-8.828,-3.953,-8.828,-8.828v-88.276h26.483v88.276C299.344,334.911,295.392,338.863,290.517,338.863z"" style=""fill:#5B5D6E;"">
  </path>
 </g>
 <g>
  <rect height=""70.621"" style=""fill:#F0E1C8;"" width=""17.655"" x=""330.241"" y=""330.036"">
  </rect>
  <rect height=""70.621"" style=""fill:#F0E1C8;"" width=""17.655"" x=""383.206"" y=""330.036"">
  </rect>
 </g>
 <g>
  <path d=""M343.482,338.863h-8.828c-4.875,0.0,-8.828,-3.953,-8.828,-8.828v-88.276h26.483v88.276C352.31,334.911,348.357,338.863,343.482,338.863z"" style=""fill:#5B5D6E;"">
  </path>
  <path d=""M396.448,338.863H387.62c-4.875,0.0,-8.828,-3.953,-8.828,-8.828v-88.276h26.483v88.276C405.275,334.911,401.323,338.863,396.448,338.863z"" style=""fill:#5B5D6E;"">
  </path>
 </g>
 <rect height=""70.621"" style=""fill:#F0E1C8;"" width=""17.655"" x=""436.172"" y=""330.036"">
 </rect>
 <path d=""M449.413,338.863h-8.828c-4.875,0.0,-8.828,-3.953,-8.828,-8.828v-88.276h26.483v88.276C458.241,334.911,454.288,338.863,449.413,338.863z"" style=""fill:#5B5D6E;"">
 </path>
 <rect height=""70.621"" style=""fill:#F0E1C8;"" width=""17.655"" x=""65.413"" y=""330.036"">
 </rect>
 <g>
  <path d=""M78.654,338.863h-8.828c-4.875,0.0,-8.828,-3.953,-8.828,-8.828v-88.276h26.483v88.276C87.482,334.911,83.53,338.863,78.654,338.863z"" style=""fill:#5B5D6E;"">
  </path>
  <path d=""M65.413,197.622h-35.31c-4.875,0.0,-8.828,-3.953,-8.828,-8.828v-52.966c0.0,-4.875,3.953,-8.828,8.828,-8.828h35.31c4.875,0.0,8.828,3.953,8.828,8.828v52.966C74.241,193.669,70.288,197.622,65.413,197.622z"" style=""fill:#5B5D6E;"">
  </path>
  <path d=""M489.137,197.622h-35.31c-4.875,0.0,-8.828,-3.953,-8.828,-8.828v-52.966c0.0,-4.875,3.953,-8.828,8.828,-8.828h35.31c4.875,0.0,8.828,3.953,8.828,8.828v52.966C497.965,193.669,494.012,197.622,489.137,197.622z"" style=""fill:#5B5D6E;"">
  </path>
 </g>
 <g>
  <circle cx=""47.758"" cy=""162.312"" r=""17.655"" style=""fill:#707487;"">
  </circle>
  <circle cx=""471.482"" cy=""162.312"" r=""17.655"" style=""fill:#707487;"">
  </circle>
 </g>
</svg>


Question: How many black keys are visible on the object?",5,6,7,8,D,musical_instrument
26,"Examine the following SVG code carefully and answer the question based on your interpretation of the rendered image.

<svg id=""Layer_1"" style=""enable-background:new 0 0 512 512;"" version=""1.1"" viewbox=""0 0 512 512"" x=""0px"" xml:space=""preserve"" y=""0px"">
 <path d=""M497.965,418.312H21.275C11.524,418.312,3.62,410.408,3.62,400.656V118.174c0.0,-9.751,7.904,-17.655,17.655,-17.655h476.69c9.751,0.0,17.655,7.904,17.655,17.655v282.483C515.62,410.408,507.716,418.312,497.965,418.312z"" style=""fill:#E15050;"">
 </path>
 <g>
  <path d=""M409.689,188.794H109.551c-9.751,0.0,-17.655,-7.904,-17.655,-17.655v-17.655c0.0,-9.751,7.904,-17.655,17.655,-17.655h300.138c9.751,0.0,17.655,7.904,17.655,17.655v17.655C427.344,180.89,419.44,188.794,409.689,188.794z"" style=""fill:#D24146;"">
  </path>
  <path d=""M497.965,418.312H21.275V250.587c0.0,-14.626,11.857,-26.483,26.483,-26.483h423.724c14.626,0.0,26.483,11.857,26.483,26.483V418.312z"" style=""fill:#D24146;"">
  </path>
 </g>
 <path d=""M471.482,400.656H47.758c-4.875,0.0,-8.828,-3.953,-8.828,-8.828V250.587c0.0,-4.875,3.953,-8.828,8.828,-8.828h423.724c4.875,0.0,8.828,3.953,8.828,8.828v141.241C480.31,396.704,476.357,400.656,471.482,400.656z"" style=""fill:#FFF5E6;"">
 </path>
 <circle cx=""233.137"" cy=""162.312"" r=""13.241"" style=""fill:#A0EB64;"">
 </circle>
 <circle cx=""180.172"" cy=""162.312"" r=""13.241"" style=""fill:#FFD558;"">
 </circle>
 <circle cx=""127.206"" cy=""162.312"" r=""13.241"" style=""fill:#FFAF4B;"">
 </circle>
 <circle cx=""286.103"" cy=""162.312"" r=""13.241"" style=""fill:#00D2B9;"">
 </circle>
 <circle cx=""339.068"" cy=""162.312"" r=""13.241"" style=""fill:#8CD2FF;"">
 </circle>
 <circle cx=""392.034"" cy=""162.312"" r=""13.241"" style=""fill:#D28CE6;"">
 </circle>
 <g>
  <rect height=""70.621"" style=""fill:#F0E1C8;"" width=""17.655"" x=""118.379"" y=""330.036"">
  </rect>
  <rect height=""70.621"" style=""fill:#F0E1C8;"" width=""17.655"" x=""171.344"" y=""330.036"">
  </rect>
 </g>
 <g>
  <path d=""M131.62,338.863h-8.828c-4.875,0.0,-8.828,-3.953,-8.828,-8.828v-88.276h26.483v88.276C140.448,334.911,136.495,338.863,131.62,338.863z"" style=""fill:#5B5D6E;"">
  </path>
  <path d=""M184.586,338.863h-8.828c-4.875,0.0,-8.828,-3.953,-8.828,-8.828v-88.276h26.483v88.276C193.413,334.911,189.461,338.863,184.586,338.863z"" style=""fill:#5B5D6E;"">
  </path>
 </g>
 <g>
  <rect height=""70.621"" style=""fill:#F0E1C8;"" width=""17.655"" x=""224.310"" y=""330.036"">
  </rect>
  <rect height=""70.621"" style=""fill:#F0E1C8;"" width=""17.655"" x=""277.275"" y=""330.036"">
  </rect>
 </g>
 <g>
  <path d=""M237.551,338.863h-8.828c-4.875,0.0,-8.828,-3.953,-8.828,-8.828v-88.276h26.483v88.276C246.379,334.911,242.426,338.863,237.551,338.863z"" style=""fill:#5B5D6E;"">
  </path>
  <path d=""M290.517,338.863h-8.828c-4.875,0.0,-8.828,-3.953,-8.828,-8.828v-88.276h26.483v88.276C299.344,334.911,295.392,338.863,290.517,338.863z"" style=""fill:#5B5D6E;"">
  </path>
 </g>
 <g>
  <rect height=""70.621"" style=""fill:#F0E1C8;"" width=""17.655"" x=""330.241"" y=""330.036"">
  </rect>
  <rect height=""70.621"" style=""fill:#F0E1C8;"" width=""17.655"" x=""383.206"" y=""330.036"">
  </rect>
 </g>
 <g>
  <path d=""M343.482,338.863h-8.828c-4.875,0.0,-8.828,-3.953,-8.828,-8.828v-88.276h26.483v88.276C352.31,334.911,348.357,338.863,343.482,338.863z"" style=""fill:#5B5D6E;"">
  </path>
  <path d=""M396.448,338.863H387.62c-4.875,0.0,-8.828,-3.953,-8.828,-8.828v-88.276h26.483v88.276C405.275,334.911,401.323,338.863,396.448,338.863z"" style=""fill:#5B5D6E;"">
  </path>
 </g>
 <rect height=""70.621"" style=""fill:#F0E1C8;"" width=""17.655"" x=""436.172"" y=""330.036"">
 </rect>
 <path d=""M449.413,338.863h-8.828c-4.875,0.0,-8.828,-3.953,-8.828,-8.828v-88.276h26.483v88.276C458.241,334.911,454.288,338.863,449.413,338.863z"" style=""fill:#5B5D6E;"">
 </path>
 <rect height=""70.621"" style=""fill:#F0E1C8;"" width=""17.655"" x=""65.413"" y=""330.036"">
 </rect>
 <g>
  <path d=""M78.654,338.863h-8.828c-4.875,0.0,-8.828,-3.953,-8.828,-8.828v-88.276h26.483v88.276C87.482,334.911,83.53,338.863,78.654,338.863z"" style=""fill:#5B5D6E;"">
  </path>
  <path d=""M65.413,197.622h-35.31c-4.875,0.0,-8.828,-3.953,-8.828,-8.828v-52.966c0.0,-4.875,3.953,-8.828,8.828,-8.828h35.31c4.875,0.0,8.828,3.953,8.828,8.828v52.966C74.241,193.669,70.288,197.622,65.413,197.622z"" style=""fill:#5B5D6E;"">
  </path>
  <path d=""M489.137,197.622h-35.31c-4.875,0.0,-8.828,-3.953,-8.828,-8.828v-52.966c0.0,-4.875,3.953,-8.828,8.828,-8.828h35.31c4.875,0.0,8.828,3.953,8.828,8.828v52.966C497.965,193.669,494.012,197.622,489.137,197.622z"" style=""fill:#5B5D6E;"">
  </path>
 </g>
 <g>
  <circle cx=""47.758"" cy=""162.312"" r=""17.655"" style=""fill:#707487;"">
  </circle>
  <circle cx=""471.482"" cy=""162.312"" r=""17.655"" style=""fill:#707487;"">
  </circle>
 </g>
</svg>


Question: What shape are the buttons on the top of the object?",Square,Circle,Triangle,Hexagon,B,musical_instrument
27,"Examine the following SVG code carefully and answer the question based on your interpretation of the rendered image.

<svg id=""Layer_1"" style=""enable-background:new 0 0 512 512;"" version=""1.1"" viewbox=""0 0 512 512"" x=""0px"" xml:space=""preserve"" y=""0px"">
 <path d=""M497.965,418.312H21.275C11.524,418.312,3.62,410.408,3.62,400.656V118.174c0.0,-9.751,7.904,-17.655,17.655,-17.655h476.69c9.751,0.0,17.655,7.904,17.655,17.655v282.483C515.62,410.408,507.716,418.312,497.965,418.312z"" style=""fill:#E15050;"">
 </path>
 <g>
  <path d=""M409.689,188.794H109.551c-9.751,0.0,-17.655,-7.904,-17.655,-17.655v-17.655c0.0,-9.751,7.904,-17.655,17.655,-17.655h300.138c9.751,0.0,17.655,7.904,17.655,17.655v17.655C427.344,180.89,419.44,188.794,409.689,188.794z"" style=""fill:#D24146;"">
  </path>
  <path d=""M497.965,418.312H21.275V250.587c0.0,-14.626,11.857,-26.483,26.483,-26.483h423.724c14.626,0.0,26.483,11.857,26.483,26.483V418.312z"" style=""fill:#D24146;"">
  </path>
 </g>
 <path d=""M471.482,400.656H47.758c-4.875,0.0,-8.828,-3.953,-8.828,-8.828V250.587c0.0,-4.875,3.953,-8.828,8.828,-8.828h423.724c4.875,0.0,8.828,3.953,8.828,8.828v141.241C480.31,396.704,476.357,400.656,471.482,400.656z"" style=""fill:#FFF5E6;"">
 </path>
 <circle cx=""233.137"" cy=""162.312"" r=""13.241"" style=""fill:#A0EB64;"">
 </circle>
 <circle cx=""180.172"" cy=""162.312"" r=""13.241"" style=""fill:#FFD558;"">
 </circle>
 <circle cx=""127.206"" cy=""162.312"" r=""13.241"" style=""fill:#FFAF4B;"">
 </circle>
 <circle cx=""286.103"" cy=""162.312"" r=""13.241"" style=""fill:#00D2B9;"">
 </circle>
 <circle cx=""339.068"" cy=""162.312"" r=""13.241"" style=""fill:#8CD2FF;"">
 </circle>
 <circle cx=""392.034"" cy=""162.312"" r=""13.241"" style=""fill:#D28CE6;"">
 </circle>
 <g>
  <rect height=""70.621"" style=""fill:#F0E1C8;"" width=""17.655"" x=""118.379"" y=""330.036"">
  </rect>
  <rect height=""70.621"" style=""fill:#F0E1C8;"" width=""17.655"" x=""171.344"" y=""330.036"">
  </rect>
 </g>
 <g>
  <path d=""M131.62,338.863h-8.828c-4.875,0.0,-8.828,-3.953,-8.828,-8.828v-88.276h26.483v88.276C140.448,334.911,136.495,338.863,131.62,338.863z"" style=""fill:#5B5D6E;"">
  </path>
  <path d=""M184.586,338.863h-8.828c-4.875,0.0,-8.828,-3.953,-8.828,-8.828v-88.276h26.483v88.276C193.413,334.911,189.461,338.863,184.586,338.863z"" style=""fill:#5B5D6E;"">
  </path>
 </g>
 <g>
  <rect height=""70.621"" style=""fill:#F0E1C8;"" width=""17.655"" x=""224.310"" y=""330.036"">
  </rect>
  <rect height=""70.621"" style=""fill:#F0E1C8;"" width=""17.655"" x=""277.275"" y=""330.036"">
  </rect>
 </g>
 <g>
  <path d=""M237.551,338.863h-8.828c-4.875,0.0,-8.828,-3.953,-8.828,-8.828v-88.276h26.483v88.276C246.379,334.911,242.426,338.863,237.551,338.863z"" style=""fill:#5B5D6E;"">
  </path>
  <path d=""M290.517,338.863h-8.828c-4.875,0.0,-8.828,-3.953,-8.828,-8.828v-88.276h26.483v88.276C299.344,334.911,295.392,338.863,290.517,338.863z"" style=""fill:#5B5D6E;"">
  </path>
 </g>
 <g>
  <rect height=""70.621"" style=""fill:#F0E1C8;"" width=""17.655"" x=""330.241"" y=""330.036"">
  </rect>
  <rect height=""70.621"" style=""fill:#F0E1C8;"" width=""17.655"" x=""383.206"" y=""330.036"">
  </rect>
 </g>
 <g>
  <path d=""M343.482,338.863h-8.828c-4.875,0.0,-8.828,-3.953,-8.828,-8.828v-88.276h26.483v88.276C352.31,334.911,348.357,338.863,343.482,338.863z"" style=""fill:#5B5D6E;"">
  </path>
  <path d=""M396.448,338.863H387.62c-4.875,0.0,-8.828,-3.953,-8.828,-8.828v-88.276h26.483v88.276C405.275,334.911,401.323,338.863,396.448,338.863z"" style=""fill:#5B5D6E;"">
  </path>
 </g>
 <rect height=""70.621"" style=""fill:#F0E1C8;"" width=""17.655"" x=""436.172"" y=""330.036"">
 </rect>
 <path d=""M449.413,338.863h-8.828c-4.875,0.0,-8.828,-3.953,-8.828,-8.828v-88.276h26.483v88.276C458.241,334.911,454.288,338.863,449.413,338.863z"" style=""fill:#5B5D6E;"">
 </path>
 <rect height=""70.621"" style=""fill:#F0E1C8;"" width=""17.655"" x=""65.413"" y=""330.036"">
 </rect>
 <g>
  <path d=""M78.654,338.863h-8.828c-4.875,0.0,-8.828,-3.953,-8.828,-8.828v-88.276h26.483v88.276C87.482,334.911,83.53,338.863,78.654,338.863z"" style=""fill:#5B5D6E;"">
  </path>
  <path d=""M65.413,197.622h-35.31c-4.875,0.0,-8.828,-3.953,-8.828,-8.828v-52.966c0.0,-4.875,3.953,-8.828,8.828,-8.828h35.31c4.875,0.0,8.828,3.953,8.828,8.828v52.966C74.241,193.669,70.288,197.622,65.413,197.622z"" style=""fill:#5B5D6E;"">
  </path>
  <path d=""M489.137,197.622h-35.31c-4.875,0.0,-8.828,-3.953,-8.828,-8.828v-52.966c0.0,-4.875,3.953,-8.828,8.828,-8.828h35.31c4.875,0.0,8.828,3.953,8.828,8.828v52.966C497.965,193.669,494.012,197.622,489.137,197.622z"" style=""fill:#5B5D6E;"">
  </path>
 </g>
 <g>
  <circle cx=""47.758"" cy=""162.312"" r=""17.655"" style=""fill:#707487;"">
  </circle>
  <circle cx=""471.482"" cy=""162.312"" r=""17.655"" style=""fill:#707487;"">
  </circle>
 </g>
</svg>


Question: What is the object in the image?",keyboard,piano,calculator,computer,A,musical_instrument
36,"Examine the following SVG code carefully and answer the question based on your interpretation of the rendered image.

<svg id=""Layer_1"" style=""enable-background:new 0 0 512 512;"" version=""1.1"" viewbox=""0 0 512 512"" x=""0px"" xml:space=""preserve"" y=""0px"">
 <path d=""M444.827,78.816L71.261,483.86c-14.597,15.827,-39.261,16.824,-55.087,2.227c-15.827,-14.597,-16.824,-39.261,-2.227,-55.088c0.699,-0.758,1.484,-1.537,2.227,-2.227L421.218,55.207c6.783,-6.256,17.353,-5.828,23.609,0.955C450.759,62.594,450.637,72.481,444.827,78.816z"" style=""fill:#A56200;"">
 </path>
 <g>
  <circle cx=""433.022"" cy=""67.010"" r=""42.503"" style=""fill:#915600;"">
  </circle>
  <polygon points=""199.172,259.997 240.038,300.861 272.117,266.079 233.954,227.916"" style=""fill:#915600;"">
  </polygon>
 </g>
 <path d=""M98.022,55.207l405.044,373.566c15.827,14.597,16.824,39.261,2.227,55.088c-14.597,15.827,-39.26,16.824,-55.087,2.227c-0.758,-0.699,-1.537,-1.484,-2.227,-2.227L74.413,78.816c-6.256,-6.783,-5.828,-17.353,0.955,-23.609C81.8,49.274,91.687,49.398,98.022,55.207z"" style=""fill:#C57300;"">
 </path>
 <circle cx=""86.221"" cy=""67.010"" r=""42.503"" style=""fill:#A56200;"">
 </circle>
</svg>


Question: What shape are the ends of the objects in the image?",Square,Triangle,Hexagon,Circle,D,musical_instrument
37,"Examine the following SVG code carefully and answer the question based on your interpretation of the rendered image.

<svg id=""Layer_1"" style=""enable-background:new 0 0 512 512;"" version=""1.1"" viewbox=""0 0 512 512"" x=""0px"" xml:space=""preserve"" y=""0px"">
 <path d=""M444.827,78.816L71.261,483.86c-14.597,15.827,-39.261,16.824,-55.087,2.227c-15.827,-14.597,-16.824,-39.261,-2.227,-55.088c0.699,-0.758,1.484,-1.537,2.227,-2.227L421.218,55.207c6.783,-6.256,17.353,-5.828,23.609,0.955C450.759,62.594,450.637,72.481,444.827,78.816z"" style=""fill:#A56200;"">
 </path>
 <g>
  <circle cx=""433.022"" cy=""67.010"" r=""42.503"" style=""fill:#915600;"">
  </circle>
  <polygon points=""199.172,259.997 240.038,300.861 272.117,266.079 233.954,227.916"" style=""fill:#915600;"">
  </polygon>
 </g>
 <path d=""M98.022,55.207l405.044,373.566c15.827,14.597,16.824,39.261,2.227,55.088c-14.597,15.827,-39.26,16.824,-55.087,2.227c-0.758,-0.699,-1.537,-1.484,-2.227,-2.227L74.413,78.816c-6.256,-6.783,-5.828,-17.353,0.955,-23.609C81.8,49.274,91.687,49.398,98.022,55.207z"" style=""fill:#C57300;"">
 </path>
 <circle cx=""86.221"" cy=""67.010"" r=""42.503"" style=""fill:#A56200;"">
 </circle>
</svg>


Question: How many objects are there in the image?",One,Two,Three,Four,B,musical_instrument
38,"Examine the following SVG code carefully and answer the question based on your interpretation of the rendered image.

<svg id=""Layer_1"" style=""enable-background:new 0 0 512 512;"" version=""1.1"" viewbox=""0 0 512 512"" x=""0px"" xml:space=""preserve"" y=""0px"">
 <path d=""M444.827,78.816L71.261,483.86c-14.597,15.827,-39.261,16.824,-55.087,2.227c-15.827,-14.597,-16.824,-39.261,-2.227,-55.088c0.699,-0.758,1.484,-1.537,2.227,-2.227L421.218,55.207c6.783,-6.256,17.353,-5.828,23.609,0.955C450.759,62.594,450.637,72.481,444.827,78.816z"" style=""fill:#A56200;"">
 </path>
 <g>
  <circle cx=""433.022"" cy=""67.010"" r=""42.503"" style=""fill:#915600;"">
  </circle>
  <polygon points=""199.172,259.997 240.038,300.861 272.117,266.079 233.954,227.916"" style=""fill:#915600;"">
  </polygon>
 </g>
 <path d=""M98.022,55.207l405.044,373.566c15.827,14.597,16.824,39.261,2.227,55.088c-14.597,15.827,-39.26,16.824,-55.087,2.227c-0.758,-0.699,-1.537,-1.484,-2.227,-2.227L74.413,78.816c-6.256,-6.783,-5.828,-17.353,0.955,-23.609C81.8,49.274,91.687,49.398,98.022,55.207z"" style=""fill:#C57300;"">
 </path>
 <circle cx=""86.221"" cy=""67.010"" r=""42.503"" style=""fill:#A56200;"">
 </circle>
</svg>


Question: What is the primary color of the objects in the image?",Red,Blue,Green,Brown,D,musical_instrument
39,"Examine the following SVG code carefully and answer the question based on your interpretation of the rendered image.

<svg id=""Layer_1"" style=""enable-background:new 0 0 512 512;"" version=""1.1"" viewbox=""0 0 512 512"" x=""0px"" xml:space=""preserve"" y=""0px"">
 <path d=""M444.827,78.816L71.261,483.86c-14.597,15.827,-39.261,16.824,-55.087,2.227c-15.827,-14.597,-16.824,-39.261,-2.227,-55.088c0.699,-0.758,1.484,-1.537,2.227,-2.227L421.218,55.207c6.783,-6.256,17.353,-5.828,23.609,0.955C450.759,62.594,450.637,72.481,444.827,78.816z"" style=""fill:#A56200;"">
 </path>
 <g>
  <circle cx=""433.022"" cy=""67.010"" r=""42.503"" style=""fill:#915600;"">
  </circle>
  <polygon points=""199.172,259.997 240.038,300.861 272.117,266.079 233.954,227.916"" style=""fill:#915600;"">
  </polygon>
 </g>
 <path d=""M98.022,55.207l405.044,373.566c15.827,14.597,16.824,39.261,2.227,55.088c-14.597,15.827,-39.26,16.824,-55.087,2.227c-0.758,-0.699,-1.537,-1.484,-2.227,-2.227L74.413,78.816c-6.256,-6.783,-5.828,-17.353,0.955,-23.609C81.8,49.274,91.687,49.398,98.022,55.207z"" style=""fill:#C57300;"">
 </path>
 <circle cx=""86.221"" cy=""67.010"" r=""42.503"" style=""fill:#A56200;"">
 </circle>
</svg>


Question: What is the object in the image commonly used for?",Writing,Cooking,music,Painting,C,musical_instrument
52,"Examine the following SVG code carefully and answer the question based on your interpretation of the rendered image.

<svg id=""Layer_1"" style=""enable-background:new 0 0 512 512;"" version=""1.1"" viewbox=""0 0 512 512"" x=""0px"" xml:space=""preserve"" y=""0px"">
 <circle cx=""259.840"" cy=""259.047"" r=""256"" style=""fill:#324A5E;"">
 </circle>
 <path d=""M285.731,513.751C406.405,501.63,502.362,405.707,514.533,285.047L409.456,179.97l-121.868,62.947L110.62,338.638L285.731,513.751z"" style=""fill:#2B3B4E;"">
 </path>
 <path d=""M405.77,330.76c-171.07,44.761,-199.435,42.763,-291.861,0.0c0.0,-47.828,0.0,-95.656,0.0,-143.484c92.425,-42.763,134.082,-42.31,291.861,0.0C405.77,235.104,405.77,282.932,405.77,330.76z"" style=""fill:#F9B54C;"">
 </path>
 <path d=""M113.91,259.621c0.0,23.712,0.0,47.425,0.0,71.139c92.425,42.763,120.791,44.761,291.861,0.0c0.0,-23.712,0.0,-47.425,0.0,-71.139L113.91,259.621L113.91,259.621z"" style=""fill:#F4A200;"">
 </path>
 <g>
  <polygon points=""114.494,242.916 113.324,236.121 247.059,213.031 113.324,189.937 114.494,183.143 287.588,213.031"" style=""fill:#935635;"">
  </polygon>
  <path d=""M260.459,217.715c1.862,6.323,7.785,10.952,14.817,10.952c7.809,0.0,14.246,-5.708,15.276,-13.109h111.478v-6.896H289.9c-2.053,-6.011,-7.818,-10.349,-14.624,-10.349c-6.704,0.0,-12.395,4.21,-14.526,10.083l-146.256,-25.253l-1.172,6.794l133.735,23.093L134.15,232.525l-19.656,-3.394l-1.172,6.794l0.565,0.098l-0.565,0.098l1.172,6.794l19.656,-3.394l112.909,19.496L134.15,278.513l-19.656,-3.394l-1.172,6.794l0.565,0.098l-0.565,0.098l1.172,6.794l19.656,-3.394l112.909,19.496l-133.735,23.092l1.172,6.794l146.254,-25.252c2.131,5.872,7.821,10.083,14.526,10.083c6.806,0.0,12.571,-4.337,14.624,-10.349h112.13v-6.896H290.551c-1.029,-7.401,-7.466,-13.109,-15.276,-13.109c-7.032,0.0,-12.955,4.629,-14.817,10.952l-106.046,-18.311L260.59,263.677c2.001,6.099,7.816,10.514,14.686,10.514c7.316,0.0,13.429,-5.01,15.019,-11.728h111.735v-6.896H290.296c-1.589,-6.718,-7.702,-11.729,-15.02,-11.729c-6.87,0.0,-12.684,4.415,-14.686,10.514l-106.177,-18.334L260.459,217.715z"" style=""fill:#935635;"">
  </path>
 </g>
 <path d=""M275.274,274.193c7.316,0.0,13.429,-5.01,15.019,-11.728h111.735v-2.844H243.565L134.15,278.513l-19.656,-3.394l-1.172,6.794l0.565,0.098l-0.565,0.098l1.172,6.794l19.656,-3.394l112.909,19.496l-133.735,23.092l1.172,6.794l146.254,-25.252c2.131,5.872,7.821,10.083,14.526,10.083c6.806,0.0,12.571,-4.337,14.624,-10.349h112.13v-6.896H290.551c-1.029,-7.401,-7.466,-13.109,-15.276,-13.109c-7.032,0.0,-12.955,4.629,-14.817,10.952l-106.046,-18.311L260.59,263.677C262.591,269.778,268.406,274.193,275.274,274.193z"" style=""fill:#804000;"">
 </path>
 <g>
  <path d=""M117.876,341.796h-0.919c-4.396,0.0,-7.959,-3.563,-7.959,-7.959V184.198c0.0,-4.396,3.563,-7.959,7.959,-7.959h0.919c4.396,0.0,7.959,3.563,7.959,7.959V333.837C125.836,338.233,122.272,341.796,117.876,341.796z"" style=""fill:#F4E3C3;"">
  </path>
  <path d=""M402.722,341.796h-0.919c-4.396,0.0,-7.959,-3.563,-7.959,-7.959V184.198c0.0,-4.396,3.563,-7.959,7.959,-7.959h0.919c4.396,0.0,7.959,3.563,7.959,7.959V333.837C410.682,338.233,407.118,341.796,402.722,341.796z"" style=""fill:#F4E3C3;"">
  </path>
 </g>
 <g>
  <path d=""M108.998,259.621v74.216c0.0,4.396,3.563,7.959,7.959,7.959h0.919c4.396,0.0,7.959,-3.563,7.959,-7.959v-74.216H108.998z"" style=""fill:#FED8B2;"">
  </path>
  <path d=""M393.844,259.621v74.216c0.0,4.396,3.563,7.959,7.959,7.959h0.919c4.396,0.0,7.959,-3.563,7.959,-7.959v-74.216H393.844z"" style=""fill:#FED8B2;"">
  </path>
 </g>
</svg>


Question: What is the primary color of the object in the image?",Blue,Green,Yellow,Red,C,musical_instrument
53,"Examine the following SVG code carefully and answer the question based on your interpretation of the rendered image.

<svg id=""Layer_1"" style=""enable-background:new 0 0 512 512;"" version=""1.1"" viewbox=""0 0 512 512"" x=""0px"" xml:space=""preserve"" y=""0px"">
 <circle cx=""259.840"" cy=""259.047"" r=""256"" style=""fill:#324A5E;"">
 </circle>
 <path d=""M285.731,513.751C406.405,501.63,502.362,405.707,514.533,285.047L409.456,179.97l-121.868,62.947L110.62,338.638L285.731,513.751z"" style=""fill:#2B3B4E;"">
 </path>
 <path d=""M405.77,330.76c-171.07,44.761,-199.435,42.763,-291.861,0.0c0.0,-47.828,0.0,-95.656,0.0,-143.484c92.425,-42.763,134.082,-42.31,291.861,0.0C405.77,235.104,405.77,282.932,405.77,330.76z"" style=""fill:#F9B54C;"">
 </path>
 <path d=""M113.91,259.621c0.0,23.712,0.0,47.425,0.0,71.139c92.425,42.763,120.791,44.761,291.861,0.0c0.0,-23.712,0.0,-47.425,0.0,-71.139L113.91,259.621L113.91,259.621z"" style=""fill:#F4A200;"">
 </path>
 <g>
  <polygon points=""114.494,242.916 113.324,236.121 247.059,213.031 113.324,189.937 114.494,183.143 287.588,213.031"" style=""fill:#935635;"">
  </polygon>
  <path d=""M260.459,217.715c1.862,6.323,7.785,10.952,14.817,10.952c7.809,0.0,14.246,-5.708,15.276,-13.109h111.478v-6.896H289.9c-2.053,-6.011,-7.818,-10.349,-14.624,-10.349c-6.704,0.0,-12.395,4.21,-14.526,10.083l-146.256,-25.253l-1.172,6.794l133.735,23.093L134.15,232.525l-19.656,-3.394l-1.172,6.794l0.565,0.098l-0.565,0.098l1.172,6.794l19.656,-3.394l112.909,19.496L134.15,278.513l-19.656,-3.394l-1.172,6.794l0.565,0.098l-0.565,0.098l1.172,6.794l19.656,-3.394l112.909,19.496l-133.735,23.092l1.172,6.794l146.254,-25.252c2.131,5.872,7.821,10.083,14.526,10.083c6.806,0.0,12.571,-4.337,14.624,-10.349h112.13v-6.896H290.551c-1.029,-7.401,-7.466,-13.109,-15.276,-13.109c-7.032,0.0,-12.955,4.629,-14.817,10.952l-106.046,-18.311L260.59,263.677c2.001,6.099,7.816,10.514,14.686,10.514c7.316,0.0,13.429,-5.01,15.019,-11.728h111.735v-6.896H290.296c-1.589,-6.718,-7.702,-11.729,-15.02,-11.729c-6.87,0.0,-12.684,4.415,-14.686,10.514l-106.177,-18.334L260.459,217.715z"" style=""fill:#935635;"">
  </path>
 </g>
 <path d=""M275.274,274.193c7.316,0.0,13.429,-5.01,15.019,-11.728h111.735v-2.844H243.565L134.15,278.513l-19.656,-3.394l-1.172,6.794l0.565,0.098l-0.565,0.098l1.172,6.794l19.656,-3.394l112.909,19.496l-133.735,23.092l1.172,6.794l146.254,-25.252c2.131,5.872,7.821,10.083,14.526,10.083c6.806,0.0,12.571,-4.337,14.624,-10.349h112.13v-6.896H290.551c-1.029,-7.401,-7.466,-13.109,-15.276,-13.109c-7.032,0.0,-12.955,4.629,-14.817,10.952l-106.046,-18.311L260.59,263.677C262.591,269.778,268.406,274.193,275.274,274.193z"" style=""fill:#804000;"">
 </path>
 <g>
  <path d=""M117.876,341.796h-0.919c-4.396,0.0,-7.959,-3.563,-7.959,-7.959V184.198c0.0,-4.396,3.563,-7.959,7.959,-7.959h0.919c4.396,0.0,7.959,3.563,7.959,7.959V333.837C125.836,338.233,122.272,341.796,117.876,341.796z"" style=""fill:#F4E3C3;"">
  </path>
  <path d=""M402.722,341.796h-0.919c-4.396,0.0,-7.959,-3.563,-7.959,-7.959V184.198c0.0,-4.396,3.563,-7.959,7.959,-7.959h0.919c4.396,0.0,7.959,3.563,7.959,7.959V333.837C410.682,338.233,407.118,341.796,402.722,341.796z"" style=""fill:#F4E3C3;"">
  </path>
 </g>
 <g>
  <path d=""M108.998,259.621v74.216c0.0,4.396,3.563,7.959,7.959,7.959h0.919c4.396,0.0,7.959,-3.563,7.959,-7.959v-74.216H108.998z"" style=""fill:#FED8B2;"">
  </path>
  <path d=""M393.844,259.621v74.216c0.0,4.396,3.563,7.959,7.959,7.959h0.919c4.396,0.0,7.959,-3.563,7.959,-7.959v-74.216H393.844z"" style=""fill:#FED8B2;"">
  </path>
 </g>
</svg>


Question: How many vertical lines are present in the object?",1,2,3,4,B,musical_instrument
54,"Examine the following SVG code carefully and answer the question based on your interpretation of the rendered image.

<svg id=""Layer_1"" style=""enable-background:new 0 0 512 512;"" version=""1.1"" viewbox=""0 0 512 512"" x=""0px"" xml:space=""preserve"" y=""0px"">
 <circle cx=""259.840"" cy=""259.047"" r=""256"" style=""fill:#324A5E;"">
 </circle>
 <path d=""M285.731,513.751C406.405,501.63,502.362,405.707,514.533,285.047L409.456,179.97l-121.868,62.947L110.62,338.638L285.731,513.751z"" style=""fill:#2B3B4E;"">
 </path>
 <path d=""M405.77,330.76c-171.07,44.761,-199.435,42.763,-291.861,0.0c0.0,-47.828,0.0,-95.656,0.0,-143.484c92.425,-42.763,134.082,-42.31,291.861,0.0C405.77,235.104,405.77,282.932,405.77,330.76z"" style=""fill:#F9B54C;"">
 </path>
 <path d=""M113.91,259.621c0.0,23.712,0.0,47.425,0.0,71.139c92.425,42.763,120.791,44.761,291.861,0.0c0.0,-23.712,0.0,-47.425,0.0,-71.139L113.91,259.621L113.91,259.621z"" style=""fill:#F4A200;"">
 </path>
 <g>
  <polygon points=""114.494,242.916 113.324,236.121 247.059,213.031 113.324,189.937 114.494,183.143 287.588,213.031"" style=""fill:#935635;"">
  </polygon>
  <path d=""M260.459,217.715c1.862,6.323,7.785,10.952,14.817,10.952c7.809,0.0,14.246,-5.708,15.276,-13.109h111.478v-6.896H289.9c-2.053,-6.011,-7.818,-10.349,-14.624,-10.349c-6.704,0.0,-12.395,4.21,-14.526,10.083l-146.256,-25.253l-1.172,6.794l133.735,23.093L134.15,232.525l-19.656,-3.394l-1.172,6.794l0.565,0.098l-0.565,0.098l1.172,6.794l19.656,-3.394l112.909,19.496L134.15,278.513l-19.656,-3.394l-1.172,6.794l0.565,0.098l-0.565,0.098l1.172,6.794l19.656,-3.394l112.909,19.496l-133.735,23.092l1.172,6.794l146.254,-25.252c2.131,5.872,7.821,10.083,14.526,10.083c6.806,0.0,12.571,-4.337,14.624,-10.349h112.13v-6.896H290.551c-1.029,-7.401,-7.466,-13.109,-15.276,-13.109c-7.032,0.0,-12.955,4.629,-14.817,10.952l-106.046,-18.311L260.59,263.677c2.001,6.099,7.816,10.514,14.686,10.514c7.316,0.0,13.429,-5.01,15.019,-11.728h111.735v-6.896H290.296c-1.589,-6.718,-7.702,-11.729,-15.02,-11.729c-6.87,0.0,-12.684,4.415,-14.686,10.514l-106.177,-18.334L260.459,217.715z"" style=""fill:#935635;"">
  </path>
 </g>
 <path d=""M275.274,274.193c7.316,0.0,13.429,-5.01,15.019,-11.728h111.735v-2.844H243.565L134.15,278.513l-19.656,-3.394l-1.172,6.794l0.565,0.098l-0.565,0.098l1.172,6.794l19.656,-3.394l112.909,19.496l-133.735,23.092l1.172,6.794l146.254,-25.252c2.131,5.872,7.821,10.083,14.526,10.083c6.806,0.0,12.571,-4.337,14.624,-10.349h112.13v-6.896H290.551c-1.029,-7.401,-7.466,-13.109,-15.276,-13.109c-7.032,0.0,-12.955,4.629,-14.817,10.952l-106.046,-18.311L260.59,263.677C262.591,269.778,268.406,274.193,275.274,274.193z"" style=""fill:#804000;"">
 </path>
 <g>
  <path d=""M117.876,341.796h-0.919c-4.396,0.0,-7.959,-3.563,-7.959,-7.959V184.198c0.0,-4.396,3.563,-7.959,7.959,-7.959h0.919c4.396,0.0,7.959,3.563,7.959,7.959V333.837C125.836,338.233,122.272,341.796,117.876,341.796z"" style=""fill:#F4E3C3;"">
  </path>
  <path d=""M402.722,341.796h-0.919c-4.396,0.0,-7.959,-3.563,-7.959,-7.959V184.198c0.0,-4.396,3.563,-7.959,7.959,-7.959h0.919c4.396,0.0,7.959,3.563,7.959,7.959V333.837C410.682,338.233,407.118,341.796,402.722,341.796z"" style=""fill:#F4E3C3;"">
  </path>
 </g>
 <g>
  <path d=""M108.998,259.621v74.216c0.0,4.396,3.563,7.959,7.959,7.959h0.919c4.396,0.0,7.959,-3.563,7.959,-7.959v-74.216H108.998z"" style=""fill:#FED8B2;"">
  </path>
  <path d=""M393.844,259.621v74.216c0.0,4.396,3.563,7.959,7.959,7.959h0.919c4.396,0.0,7.959,-3.563,7.959,-7.959v-74.216H393.844z"" style=""fill:#FED8B2;"">
  </path>
 </g>
</svg>


Question: What shape is formed by the lines and dots in the object?",Circle,Triangles,Rectangle,Squares,B,musical_instrument
55,"Examine the following SVG code carefully and answer the question based on your interpretation of the rendered image.

<svg id=""Layer_1"" style=""enable-background:new 0 0 512 512;"" version=""1.1"" viewbox=""0 0 512 512"" x=""0px"" xml:space=""preserve"" y=""0px"">
 <circle cx=""259.840"" cy=""259.047"" r=""256"" style=""fill:#324A5E;"">
 </circle>
 <path d=""M285.731,513.751C406.405,501.63,502.362,405.707,514.533,285.047L409.456,179.97l-121.868,62.947L110.62,338.638L285.731,513.751z"" style=""fill:#2B3B4E;"">
 </path>
 <path d=""M405.77,330.76c-171.07,44.761,-199.435,42.763,-291.861,0.0c0.0,-47.828,0.0,-95.656,0.0,-143.484c92.425,-42.763,134.082,-42.31,291.861,0.0C405.77,235.104,405.77,282.932,405.77,330.76z"" style=""fill:#F9B54C;"">
 </path>
 <path d=""M113.91,259.621c0.0,23.712,0.0,47.425,0.0,71.139c92.425,42.763,120.791,44.761,291.861,0.0c0.0,-23.712,0.0,-47.425,0.0,-71.139L113.91,259.621L113.91,259.621z"" style=""fill:#F4A200;"">
 </path>
 <g>
  <polygon points=""114.494,242.916 113.324,236.121 247.059,213.031 113.324,189.937 114.494,183.143 287.588,213.031"" style=""fill:#935635;"">
  </polygon>
  <path d=""M260.459,217.715c1.862,6.323,7.785,10.952,14.817,10.952c7.809,0.0,14.246,-5.708,15.276,-13.109h111.478v-6.896H289.9c-2.053,-6.011,-7.818,-10.349,-14.624,-10.349c-6.704,0.0,-12.395,4.21,-14.526,10.083l-146.256,-25.253l-1.172,6.794l133.735,23.093L134.15,232.525l-19.656,-3.394l-1.172,6.794l0.565,0.098l-0.565,0.098l1.172,6.794l19.656,-3.394l112.909,19.496L134.15,278.513l-19.656,-3.394l-1.172,6.794l0.565,0.098l-0.565,0.098l1.172,6.794l19.656,-3.394l112.909,19.496l-133.735,23.092l1.172,6.794l146.254,-25.252c2.131,5.872,7.821,10.083,14.526,10.083c6.806,0.0,12.571,-4.337,14.624,-10.349h112.13v-6.896H290.551c-1.029,-7.401,-7.466,-13.109,-15.276,-13.109c-7.032,0.0,-12.955,4.629,-14.817,10.952l-106.046,-18.311L260.59,263.677c2.001,6.099,7.816,10.514,14.686,10.514c7.316,0.0,13.429,-5.01,15.019,-11.728h111.735v-6.896H290.296c-1.589,-6.718,-7.702,-11.729,-15.02,-11.729c-6.87,0.0,-12.684,4.415,-14.686,10.514l-106.177,-18.334L260.459,217.715z"" style=""fill:#935635;"">
  </path>
 </g>
 <path d=""M275.274,274.193c7.316,0.0,13.429,-5.01,15.019,-11.728h111.735v-2.844H243.565L134.15,278.513l-19.656,-3.394l-1.172,6.794l0.565,0.098l-0.565,0.098l1.172,6.794l19.656,-3.394l112.909,19.496l-133.735,23.092l1.172,6.794l146.254,-25.252c2.131,5.872,7.821,10.083,14.526,10.083c6.806,0.0,12.571,-4.337,14.624,-10.349h112.13v-6.896H290.551c-1.029,-7.401,-7.466,-13.109,-15.276,-13.109c-7.032,0.0,-12.955,4.629,-14.817,10.952l-106.046,-18.311L260.59,263.677C262.591,269.778,268.406,274.193,275.274,274.193z"" style=""fill:#804000;"">
 </path>
 <g>
  <path d=""M117.876,341.796h-0.919c-4.396,0.0,-7.959,-3.563,-7.959,-7.959V184.198c0.0,-4.396,3.563,-7.959,7.959,-7.959h0.919c4.396,0.0,7.959,3.563,7.959,7.959V333.837C125.836,338.233,122.272,341.796,117.876,341.796z"" style=""fill:#F4E3C3;"">
  </path>
  <path d=""M402.722,341.796h-0.919c-4.396,0.0,-7.959,-3.563,-7.959,-7.959V184.198c0.0,-4.396,3.563,-7.959,7.959,-7.959h0.919c4.396,0.0,7.959,3.563,7.959,7.959V333.837C410.682,338.233,407.118,341.796,402.722,341.796z"" style=""fill:#F4E3C3;"">
  </path>
 </g>
 <g>
  <path d=""M108.998,259.621v74.216c0.0,4.396,3.563,7.959,7.959,7.959h0.919c4.396,0.0,7.959,-3.563,7.959,-7.959v-74.216H108.998z"" style=""fill:#FED8B2;"">
  </path>
  <path d=""M393.844,259.621v74.216c0.0,4.396,3.563,7.959,7.959,7.959h0.919c4.396,0.0,7.959,-3.563,7.959,-7.959v-74.216H393.844z"" style=""fill:#FED8B2;"">
  </path>
 </g>
</svg>


Question: What type of object is depicted in the image?",Drum,Guitar,Violin,Piano,A,musical_instrument
56,"Examine the following SVG code carefully and answer the question based on your interpretation of the rendered image.

<svg id=""Layer_1"" style=""enable-background:new 0 0 512 512;"" version=""1.1"" viewbox=""0 0 512 512"" x=""0px"" xml:space=""preserve"" y=""0px"">
 <g>
  <polygon points=""516.292,10.255 432.993,67.972 416.150,68.300 410.163,52.223 407.064,19.829"" style=""fill:#3A88D6;"">
  </polygon>
  <polygon points=""318.105,240.690 254.112,507.545 193.128,405.141 4.292,419.682 290.186,223.095 290.544,223.341 317.635,240.377"" style=""fill:#3A88D6;"">
  </polygon>
 </g>
 <g>
  <path d=""M226.24,374.465l-27.501,-18.97c-3.815,-2.631,-9.039,-1.671,-11.669,2.142c-2.631,3.814,-1.671,9.038,2.143,11.669l27.501,18.97c1.454,1.003,3.113,1.484,4.755,1.484c2.664,0.0,5.286,-1.267,6.914,-3.626C231.012,382.321,230.053,377.096,226.24,374.465z"" style=""fill:#666666;"">
  </path>
  <path d=""M213.705,333.872l27.502,18.969c1.454,1.003,3.113,1.484,4.755,1.484c2.666,0.0,5.286,-1.267,6.914,-3.626c2.631,-3.814,1.671,-9.039,-2.143,-11.669l-27.502,-18.969c-3.817,-2.631,-9.04,-1.671,-11.669,2.143C208.931,326.017,209.891,331.241,213.705,333.872z"" style=""fill:#666666;"">
  </path>
 </g>
 <g>
  <path d=""M248.81,421.774c-2.762,-6.687,-12.531,-6.794,-15.428,-0.152c-1.421,3.257,-0.6,7.185,2.042,9.572c2.826,2.553,7.127,2.859,10.297,0.759C248.993,429.786,250.338,425.397,248.81,421.774C248.597,421.259,249.022,422.277,248.81,421.774z"" style=""fill:#F7B239;"">
  </path>
  <path d=""M256.673,396.617c-1.449,-3.509,-5.216,-5.655,-8.976,-5.092c-3.383,0.507,-6.157,3.082,-6.932,6.407c-1.626,6.979,6.083,12.71,12.302,9.186C256.685,405.067,258.296,400.465,256.673,396.617C256.461,396.103,256.886,397.121,256.673,396.617z"" style=""fill:#F7B239;"">
  </path>
  <polygon points=""432.993,67.972 317.635,240.377 278.463,298.922 250.969,279.951 290.544,223.341 410.163,52.223"" style=""fill:#F7B239;"">
  </polygon>
 </g>
</svg>


Question: What is the primary color of the object?",Red,Blue,Green,Yellow,B,musical_instrument
57,"Examine the following SVG code carefully and answer the question based on your interpretation of the rendered image.

<svg id=""Layer_1"" style=""enable-background:new 0 0 512 512;"" version=""1.1"" viewbox=""0 0 512 512"" x=""0px"" xml:space=""preserve"" y=""0px"">
 <g>
  <polygon points=""516.292,10.255 432.993,67.972 416.150,68.300 410.163,52.223 407.064,19.829"" style=""fill:#3A88D6;"">
  </polygon>
  <polygon points=""318.105,240.690 254.112,507.545 193.128,405.141 4.292,419.682 290.186,223.095 290.544,223.341 317.635,240.377"" style=""fill:#3A88D6;"">
  </polygon>
 </g>
 <g>
  <path d=""M226.24,374.465l-27.501,-18.97c-3.815,-2.631,-9.039,-1.671,-11.669,2.142c-2.631,3.814,-1.671,9.038,2.143,11.669l27.501,18.97c1.454,1.003,3.113,1.484,4.755,1.484c2.664,0.0,5.286,-1.267,6.914,-3.626C231.012,382.321,230.053,377.096,226.24,374.465z"" style=""fill:#666666;"">
  </path>
  <path d=""M213.705,333.872l27.502,18.969c1.454,1.003,3.113,1.484,4.755,1.484c2.666,0.0,5.286,-1.267,6.914,-3.626c2.631,-3.814,1.671,-9.039,-2.143,-11.669l-27.502,-18.969c-3.817,-2.631,-9.04,-1.671,-11.669,2.143C208.931,326.017,209.891,331.241,213.705,333.872z"" style=""fill:#666666;"">
  </path>
 </g>
 <g>
  <path d=""M248.81,421.774c-2.762,-6.687,-12.531,-6.794,-15.428,-0.152c-1.421,3.257,-0.6,7.185,2.042,9.572c2.826,2.553,7.127,2.859,10.297,0.759C248.993,429.786,250.338,425.397,248.81,421.774C248.597,421.259,249.022,422.277,248.81,421.774z"" style=""fill:#F7B239;"">
  </path>
  <path d=""M256.673,396.617c-1.449,-3.509,-5.216,-5.655,-8.976,-5.092c-3.383,0.507,-6.157,3.082,-6.932,6.407c-1.626,6.979,6.083,12.71,12.302,9.186C256.685,405.067,258.296,400.465,256.673,396.617C256.461,396.103,256.886,397.121,256.673,396.617z"" style=""fill:#F7B239;"">
  </path>
  <polygon points=""432.993,67.972 317.635,240.377 278.463,298.922 250.969,279.951 290.544,223.341 410.163,52.223"" style=""fill:#F7B239;"">
  </polygon>
 </g>
</svg>


Question: How many circular shapes are visible on the object?",Two,One,Three,Four,A,musical_instrument
58,"Examine the following SVG code carefully and answer the question based on your interpretation of the rendered image.

<svg id=""Layer_1"" style=""enable-background:new 0 0 512 512;"" version=""1.1"" viewbox=""0 0 512 512"" x=""0px"" xml:space=""preserve"" y=""0px"">
 <g>
  <polygon points=""516.292,10.255 432.993,67.972 416.150,68.300 410.163,52.223 407.064,19.829"" style=""fill:#3A88D6;"">
  </polygon>
  <polygon points=""318.105,240.690 254.112,507.545 193.128,405.141 4.292,419.682 290.186,223.095 290.544,223.341 317.635,240.377"" style=""fill:#3A88D6;"">
  </polygon>
 </g>
 <g>
  <path d=""M226.24,374.465l-27.501,-18.97c-3.815,-2.631,-9.039,-1.671,-11.669,2.142c-2.631,3.814,-1.671,9.038,2.143,11.669l27.501,18.97c1.454,1.003,3.113,1.484,4.755,1.484c2.664,0.0,5.286,-1.267,6.914,-3.626C231.012,382.321,230.053,377.096,226.24,374.465z"" style=""fill:#666666;"">
  </path>
  <path d=""M213.705,333.872l27.502,18.969c1.454,1.003,3.113,1.484,4.755,1.484c2.666,0.0,5.286,-1.267,6.914,-3.626c2.631,-3.814,1.671,-9.039,-2.143,-11.669l-27.502,-18.969c-3.817,-2.631,-9.04,-1.671,-11.669,2.143C208.931,326.017,209.891,331.241,213.705,333.872z"" style=""fill:#666666;"">
  </path>
 </g>
 <g>
  <path d=""M248.81,421.774c-2.762,-6.687,-12.531,-6.794,-15.428,-0.152c-1.421,3.257,-0.6,7.185,2.042,9.572c2.826,2.553,7.127,2.859,10.297,0.759C248.993,429.786,250.338,425.397,248.81,421.774C248.597,421.259,249.022,422.277,248.81,421.774z"" style=""fill:#F7B239;"">
  </path>
  <path d=""M256.673,396.617c-1.449,-3.509,-5.216,-5.655,-8.976,-5.092c-3.383,0.507,-6.157,3.082,-6.932,6.407c-1.626,6.979,6.083,12.71,12.302,9.186C256.685,405.067,258.296,400.465,256.673,396.617C256.461,396.103,256.886,397.121,256.673,396.617z"" style=""fill:#F7B239;"">
  </path>
  <polygon points=""432.993,67.972 317.635,240.377 278.463,298.922 250.969,279.951 290.544,223.341 410.163,52.223"" style=""fill:#F7B239;"">
  </polygon>
 </g>
</svg>


Question: What shape is the bottom part of the object?",Square,Circle,Triangle,Rectangle,C,musical_instrument
59,"Examine the following SVG code carefully and answer the question based on your interpretation of the rendered image.

<svg id=""Layer_1"" style=""enable-background:new 0 0 512 512;"" version=""1.1"" viewbox=""0 0 512 512"" x=""0px"" xml:space=""preserve"" y=""0px"">
 <g>
  <polygon points=""516.292,10.255 432.993,67.972 416.150,68.300 410.163,52.223 407.064,19.829"" style=""fill:#3A88D6;"">
  </polygon>
  <polygon points=""318.105,240.690 254.112,507.545 193.128,405.141 4.292,419.682 290.186,223.095 290.544,223.341 317.635,240.377"" style=""fill:#3A88D6;"">
  </polygon>
 </g>
 <g>
  <path d=""M226.24,374.465l-27.501,-18.97c-3.815,-2.631,-9.039,-1.671,-11.669,2.142c-2.631,3.814,-1.671,9.038,2.143,11.669l27.501,18.97c1.454,1.003,3.113,1.484,4.755,1.484c2.664,0.0,5.286,-1.267,6.914,-3.626C231.012,382.321,230.053,377.096,226.24,374.465z"" style=""fill:#666666;"">
  </path>
  <path d=""M213.705,333.872l27.502,18.969c1.454,1.003,3.113,1.484,4.755,1.484c2.666,0.0,5.286,-1.267,6.914,-3.626c2.631,-3.814,1.671,-9.039,-2.143,-11.669l-27.502,-18.969c-3.817,-2.631,-9.04,-1.671,-11.669,2.143C208.931,326.017,209.891,331.241,213.705,333.872z"" style=""fill:#666666;"">
  </path>
 </g>
 <g>
  <path d=""M248.81,421.774c-2.762,-6.687,-12.531,-6.794,-15.428,-0.152c-1.421,3.257,-0.6,7.185,2.042,9.572c2.826,2.553,7.127,2.859,10.297,0.759C248.993,429.786,250.338,425.397,248.81,421.774C248.597,421.259,249.022,422.277,248.81,421.774z"" style=""fill:#F7B239;"">
  </path>
  <path d=""M256.673,396.617c-1.449,-3.509,-5.216,-5.655,-8.976,-5.092c-3.383,0.507,-6.157,3.082,-6.932,6.407c-1.626,6.979,6.083,12.71,12.302,9.186C256.685,405.067,258.296,400.465,256.673,396.617C256.461,396.103,256.886,397.121,256.673,396.617z"" style=""fill:#F7B239;"">
  </path>
  <polygon points=""432.993,67.972 317.635,240.377 278.463,298.922 250.969,279.951 290.544,223.341 410.163,52.223"" style=""fill:#F7B239;"">
  </polygon>
 </g>
</svg>


Question: What type of object is shown in the image?",Violin,Drum,Guitar,Piano,C,musical_instrument
68,"Examine the following SVG code carefully and answer the question based on your interpretation of the rendered image.

<svg id=""Layer_1"" style=""enable-background:new 0 0 512 512;"" version=""1.1"" viewbox=""0 0 512 512"" x=""0px"" xml:space=""preserve"" y=""0px"">
 <g>
  <path d=""M150.997,479.581c-9.024,0.0,-16.341,-7.315,-16.341,-16.341V44.902c0.0,-9.024,7.315,-16.341,16.341,-16.341c9.025,0.0,16.341,7.315,16.341,16.341v418.339C167.338,472.266,160.021,479.581,150.997,479.581z"" style=""fill:#8A888F;"">
  </path>
  <path d=""M204.228,441.855c-9.024,0.0,-16.341,-7.315,-16.341,-16.341V79.44c0.0,-9.024,7.315,-16.341,16.341,-16.341c9.025,0.0,16.341,7.315,16.341,16.341v346.075C220.567,434.539,213.252,441.855,204.228,441.855z"" style=""fill:#8A888F;"">
  </path>
  <path d=""M257.458,415.464c-9.024,0.0,-16.341,-7.315,-16.341,-16.341V138.426c0.0,-9.024,7.315,-16.341,16.341,-16.341c9.025,0.0,16.341,7.315,16.341,16.341v260.697C273.797,408.148,266.482,415.464,257.458,415.464z"" style=""fill:#8A888F;"">
  </path>
  <path d=""M310.687,389.268c-9.024,0.0,-16.341,-7.315,-16.341,-16.341V168.912c0.0,-9.024,7.315,-16.341,16.341,-16.341c9.024,0.0,16.341,7.315,16.341,16.341v204.016C327.028,381.953,319.711,389.268,310.687,389.268z"" style=""fill:#8A888F;"">
  </path>
  <path d=""M363.917,363.76c-9.024,0.0,-16.341,-7.315,-16.341,-16.341V185.723c0.0,-9.024,7.315,-16.341,16.341,-16.341s16.341,7.315,16.341,16.341v161.696C380.258,356.444,372.942,363.76,363.917,363.76z"" style=""fill:#8A888F;"">
  </path>
 </g>
 <g>
  <path d=""M310.687,389.268c9.024,0.0,16.341,-7.315,16.341,-16.341V258.912h-32.681v114.016C294.347,381.953,301.663,389.268,310.687,389.268z"" style=""fill:#76747A;"">
  </path>
  <path d=""M150.997,479.581c9.024,0.0,16.341,-7.315,16.341,-16.341V258.912h-32.68v204.329C134.656,472.266,141.973,479.581,150.997,479.581z"" style=""fill:#76747A;"">
  </path>
  <path d=""M257.458,415.464c9.024,0.0,16.341,-7.315,16.341,-16.341V258.912h-32.68v140.211C241.117,408.148,248.433,415.464,257.458,415.464z"" style=""fill:#76747A;"">
  </path>
  <path d=""M204.228,441.855c9.024,0.0,16.341,-7.315,16.341,-16.341V258.912h-32.68v166.602C187.887,434.539,195.203,441.855,204.228,441.855z"" style=""fill:#76747A;"">
  </path>
  <path d=""M347.576,258.912v88.506c0.0,9.024,7.315,16.341,16.341,16.341s16.341,-7.315,16.341,-16.341v-88.506L347.576,258.912L347.576,258.912z"" style=""fill:#76747A;"">
  </path>
 </g>
 <path d=""M443.63,226.543c-10.789,-26.06,-32.23,-46.392,-58.827,-55.782l-63.425,-22.392c-19.827,-7.001,-37.204,-19.416,-50.252,-35.904l-27.742,-35.056c-27.878,-35.228,-69.632,-55.433,-114.556,-55.433H110.269C108.69,11.498,99.673,3.457,88.754,3.457C76.721,3.457,66.966,13.211,66.966,25.244v468.24c0.0,0.028,0.011,0.34,0.011,0.418c0.007,0.583,0.035,1.166,0.089,1.753C68.064,506.517,77.84,515.457,88.753,515.457h221.661c12.033,0.0,21.787,-9.754,21.787,-21.787c0.0,-12.033,-9.754,-21.787,-21.787,-21.787H175.556L398.669,352.351c21.806,-11.682,38.399,-30.945,46.724,-54.24C453.719,274.815,453.092,249.399,443.63,226.543zM378.092,313.94L110.541,457.281V65.551h18.286c31.524,0.0,60.824,14.177,80.387,38.898l27.742,35.055c18.153,22.94,42.329,40.214,69.915,49.952l63.424,22.392c14.953,5.28,27.008,16.71,33.073,31.361C414.416,269.895,403.55,300.303,378.092,313.94z"" style=""fill:#FAD52D;"">
 </path>
</svg>


Question: What is the primary color of the border of the object?",Red,Blue,Yellow,Green,C,musical_instrument
69,"Examine the following SVG code carefully and answer the question based on your interpretation of the rendered image.

<svg id=""Layer_1"" style=""enable-background:new 0 0 512 512;"" version=""1.1"" viewbox=""0 0 512 512"" x=""0px"" xml:space=""preserve"" y=""0px"">
 <g>
  <path d=""M150.997,479.581c-9.024,0.0,-16.341,-7.315,-16.341,-16.341V44.902c0.0,-9.024,7.315,-16.341,16.341,-16.341c9.025,0.0,16.341,7.315,16.341,16.341v418.339C167.338,472.266,160.021,479.581,150.997,479.581z"" style=""fill:#8A888F;"">
  </path>
  <path d=""M204.228,441.855c-9.024,0.0,-16.341,-7.315,-16.341,-16.341V79.44c0.0,-9.024,7.315,-16.341,16.341,-16.341c9.025,0.0,16.341,7.315,16.341,16.341v346.075C220.567,434.539,213.252,441.855,204.228,441.855z"" style=""fill:#8A888F;"">
  </path>
  <path d=""M257.458,415.464c-9.024,0.0,-16.341,-7.315,-16.341,-16.341V138.426c0.0,-9.024,7.315,-16.341,16.341,-16.341c9.025,0.0,16.341,7.315,16.341,16.341v260.697C273.797,408.148,266.482,415.464,257.458,415.464z"" style=""fill:#8A888F;"">
  </path>
  <path d=""M310.687,389.268c-9.024,0.0,-16.341,-7.315,-16.341,-16.341V168.912c0.0,-9.024,7.315,-16.341,16.341,-16.341c9.024,0.0,16.341,7.315,16.341,16.341v204.016C327.028,381.953,319.711,389.268,310.687,389.268z"" style=""fill:#8A888F;"">
  </path>
  <path d=""M363.917,363.76c-9.024,0.0,-16.341,-7.315,-16.341,-16.341V185.723c0.0,-9.024,7.315,-16.341,16.341,-16.341s16.341,7.315,16.341,16.341v161.696C380.258,356.444,372.942,363.76,363.917,363.76z"" style=""fill:#8A888F;"">
  </path>
 </g>
 <g>
  <path d=""M310.687,389.268c9.024,0.0,16.341,-7.315,16.341,-16.341V258.912h-32.681v114.016C294.347,381.953,301.663,389.268,310.687,389.268z"" style=""fill:#76747A;"">
  </path>
  <path d=""M150.997,479.581c9.024,0.0,16.341,-7.315,16.341,-16.341V258.912h-32.68v204.329C134.656,472.266,141.973,479.581,150.997,479.581z"" style=""fill:#76747A;"">
  </path>
  <path d=""M257.458,415.464c9.024,0.0,16.341,-7.315,16.341,-16.341V258.912h-32.68v140.211C241.117,408.148,248.433,415.464,257.458,415.464z"" style=""fill:#76747A;"">
  </path>
  <path d=""M204.228,441.855c9.024,0.0,16.341,-7.315,16.341,-16.341V258.912h-32.68v166.602C187.887,434.539,195.203,441.855,204.228,441.855z"" style=""fill:#76747A;"">
  </path>
  <path d=""M347.576,258.912v88.506c0.0,9.024,7.315,16.341,16.341,16.341s16.341,-7.315,16.341,-16.341v-88.506L347.576,258.912L347.576,258.912z"" style=""fill:#76747A;"">
  </path>
 </g>
 <path d=""M443.63,226.543c-10.789,-26.06,-32.23,-46.392,-58.827,-55.782l-63.425,-22.392c-19.827,-7.001,-37.204,-19.416,-50.252,-35.904l-27.742,-35.056c-27.878,-35.228,-69.632,-55.433,-114.556,-55.433H110.269C108.69,11.498,99.673,3.457,88.754,3.457C76.721,3.457,66.966,13.211,66.966,25.244v468.24c0.0,0.028,0.011,0.34,0.011,0.418c0.007,0.583,0.035,1.166,0.089,1.753C68.064,506.517,77.84,515.457,88.753,515.457h221.661c12.033,0.0,21.787,-9.754,21.787,-21.787c0.0,-12.033,-9.754,-21.787,-21.787,-21.787H175.556L398.669,352.351c21.806,-11.682,38.399,-30.945,46.724,-54.24C453.719,274.815,453.092,249.399,443.63,226.543zM378.092,313.94L110.541,457.281V65.551h18.286c31.524,0.0,60.824,14.177,80.387,38.898l27.742,35.055c18.153,22.94,42.329,40.214,69.915,49.952l63.424,22.392c14.953,5.28,27.008,16.71,33.073,31.361C414.416,269.895,403.55,300.303,378.092,313.94z"" style=""fill:#FAD52D;"">
 </path>
</svg>


Question: How many gray vertical bars are present inside the object?",4,5,6,7,B,musical_instrument
70,"Examine the following SVG code carefully and answer the question based on your interpretation of the rendered image.

<svg id=""Layer_1"" style=""enable-background:new 0 0 512 512;"" version=""1.1"" viewbox=""0 0 512 512"" x=""0px"" xml:space=""preserve"" y=""0px"">
 <g>
  <path d=""M150.997,479.581c-9.024,0.0,-16.341,-7.315,-16.341,-16.341V44.902c0.0,-9.024,7.315,-16.341,16.341,-16.341c9.025,0.0,16.341,7.315,16.341,16.341v418.339C167.338,472.266,160.021,479.581,150.997,479.581z"" style=""fill:#8A888F;"">
  </path>
  <path d=""M204.228,441.855c-9.024,0.0,-16.341,-7.315,-16.341,-16.341V79.44c0.0,-9.024,7.315,-16.341,16.341,-16.341c9.025,0.0,16.341,7.315,16.341,16.341v346.075C220.567,434.539,213.252,441.855,204.228,441.855z"" style=""fill:#8A888F;"">
  </path>
  <path d=""M257.458,415.464c-9.024,0.0,-16.341,-7.315,-16.341,-16.341V138.426c0.0,-9.024,7.315,-16.341,16.341,-16.341c9.025,0.0,16.341,7.315,16.341,16.341v260.697C273.797,408.148,266.482,415.464,257.458,415.464z"" style=""fill:#8A888F;"">
  </path>
  <path d=""M310.687,389.268c-9.024,0.0,-16.341,-7.315,-16.341,-16.341V168.912c0.0,-9.024,7.315,-16.341,16.341,-16.341c9.024,0.0,16.341,7.315,16.341,16.341v204.016C327.028,381.953,319.711,389.268,310.687,389.268z"" style=""fill:#8A888F;"">
  </path>
  <path d=""M363.917,363.76c-9.024,0.0,-16.341,-7.315,-16.341,-16.341V185.723c0.0,-9.024,7.315,-16.341,16.341,-16.341s16.341,7.315,16.341,16.341v161.696C380.258,356.444,372.942,363.76,363.917,363.76z"" style=""fill:#8A888F;"">
  </path>
 </g>
 <g>
  <path d=""M310.687,389.268c9.024,0.0,16.341,-7.315,16.341,-16.341V258.912h-32.681v114.016C294.347,381.953,301.663,389.268,310.687,389.268z"" style=""fill:#76747A;"">
  </path>
  <path d=""M150.997,479.581c9.024,0.0,16.341,-7.315,16.341,-16.341V258.912h-32.68v204.329C134.656,472.266,141.973,479.581,150.997,479.581z"" style=""fill:#76747A;"">
  </path>
  <path d=""M257.458,415.464c9.024,0.0,16.341,-7.315,16.341,-16.341V258.912h-32.68v140.211C241.117,408.148,248.433,415.464,257.458,415.464z"" style=""fill:#76747A;"">
  </path>
  <path d=""M204.228,441.855c9.024,0.0,16.341,-7.315,16.341,-16.341V258.912h-32.68v166.602C187.887,434.539,195.203,441.855,204.228,441.855z"" style=""fill:#76747A;"">
  </path>
  <path d=""M347.576,258.912v88.506c0.0,9.024,7.315,16.341,16.341,16.341s16.341,-7.315,16.341,-16.341v-88.506L347.576,258.912L347.576,258.912z"" style=""fill:#76747A;"">
  </path>
 </g>
 <path d=""M443.63,226.543c-10.789,-26.06,-32.23,-46.392,-58.827,-55.782l-63.425,-22.392c-19.827,-7.001,-37.204,-19.416,-50.252,-35.904l-27.742,-35.056c-27.878,-35.228,-69.632,-55.433,-114.556,-55.433H110.269C108.69,11.498,99.673,3.457,88.754,3.457C76.721,3.457,66.966,13.211,66.966,25.244v468.24c0.0,0.028,0.011,0.34,0.011,0.418c0.007,0.583,0.035,1.166,0.089,1.753C68.064,506.517,77.84,515.457,88.753,515.457h221.661c12.033,0.0,21.787,-9.754,21.787,-21.787c0.0,-12.033,-9.754,-21.787,-21.787,-21.787H175.556L398.669,352.351c21.806,-11.682,38.399,-30.945,46.724,-54.24C453.719,274.815,453.092,249.399,443.63,226.543zM378.092,313.94L110.541,457.281V65.551h18.286c31.524,0.0,60.824,14.177,80.387,38.898l27.742,35.055c18.153,22.94,42.329,40.214,69.915,49.952l63.424,22.392c14.953,5.28,27.008,16.71,33.073,31.361C414.416,269.895,403.55,300.303,378.092,313.94z"" style=""fill:#FAD52D;"">
 </path>
</svg>


Question: What is the shape of the object?",Circle,Triangle,Trapezoid,Square,B,musical_instrument
71,"Examine the following SVG code carefully and answer the question based on your interpretation of the rendered image.

<svg id=""Layer_1"" style=""enable-background:new 0 0 512 512;"" version=""1.1"" viewbox=""0 0 512 512"" x=""0px"" xml:space=""preserve"" y=""0px"">
 <g>
  <path d=""M150.997,479.581c-9.024,0.0,-16.341,-7.315,-16.341,-16.341V44.902c0.0,-9.024,7.315,-16.341,16.341,-16.341c9.025,0.0,16.341,7.315,16.341,16.341v418.339C167.338,472.266,160.021,479.581,150.997,479.581z"" style=""fill:#8A888F;"">
  </path>
  <path d=""M204.228,441.855c-9.024,0.0,-16.341,-7.315,-16.341,-16.341V79.44c0.0,-9.024,7.315,-16.341,16.341,-16.341c9.025,0.0,16.341,7.315,16.341,16.341v346.075C220.567,434.539,213.252,441.855,204.228,441.855z"" style=""fill:#8A888F;"">
  </path>
  <path d=""M257.458,415.464c-9.024,0.0,-16.341,-7.315,-16.341,-16.341V138.426c0.0,-9.024,7.315,-16.341,16.341,-16.341c9.025,0.0,16.341,7.315,16.341,16.341v260.697C273.797,408.148,266.482,415.464,257.458,415.464z"" style=""fill:#8A888F;"">
  </path>
  <path d=""M310.687,389.268c-9.024,0.0,-16.341,-7.315,-16.341,-16.341V168.912c0.0,-9.024,7.315,-16.341,16.341,-16.341c9.024,0.0,16.341,7.315,16.341,16.341v204.016C327.028,381.953,319.711,389.268,310.687,389.268z"" style=""fill:#8A888F;"">
  </path>
  <path d=""M363.917,363.76c-9.024,0.0,-16.341,-7.315,-16.341,-16.341V185.723c0.0,-9.024,7.315,-16.341,16.341,-16.341s16.341,7.315,16.341,16.341v161.696C380.258,356.444,372.942,363.76,363.917,363.76z"" style=""fill:#8A888F;"">
  </path>
 </g>
 <g>
  <path d=""M310.687,389.268c9.024,0.0,16.341,-7.315,16.341,-16.341V258.912h-32.681v114.016C294.347,381.953,301.663,389.268,310.687,389.268z"" style=""fill:#76747A;"">
  </path>
  <path d=""M150.997,479.581c9.024,0.0,16.341,-7.315,16.341,-16.341V258.912h-32.68v204.329C134.656,472.266,141.973,479.581,150.997,479.581z"" style=""fill:#76747A;"">
  </path>
  <path d=""M257.458,415.464c9.024,0.0,16.341,-7.315,16.341,-16.341V258.912h-32.68v140.211C241.117,408.148,248.433,415.464,257.458,415.464z"" style=""fill:#76747A;"">
  </path>
  <path d=""M204.228,441.855c9.024,0.0,16.341,-7.315,16.341,-16.341V258.912h-32.68v166.602C187.887,434.539,195.203,441.855,204.228,441.855z"" style=""fill:#76747A;"">
  </path>
  <path d=""M347.576,258.912v88.506c0.0,9.024,7.315,16.341,16.341,16.341s16.341,-7.315,16.341,-16.341v-88.506L347.576,258.912L347.576,258.912z"" style=""fill:#76747A;"">
  </path>
 </g>
 <path d=""M443.63,226.543c-10.789,-26.06,-32.23,-46.392,-58.827,-55.782l-63.425,-22.392c-19.827,-7.001,-37.204,-19.416,-50.252,-35.904l-27.742,-35.056c-27.878,-35.228,-69.632,-55.433,-114.556,-55.433H110.269C108.69,11.498,99.673,3.457,88.754,3.457C76.721,3.457,66.966,13.211,66.966,25.244v468.24c0.0,0.028,0.011,0.34,0.011,0.418c0.007,0.583,0.035,1.166,0.089,1.753C68.064,506.517,77.84,515.457,88.753,515.457h221.661c12.033,0.0,21.787,-9.754,21.787,-21.787c0.0,-12.033,-9.754,-21.787,-21.787,-21.787H175.556L398.669,352.351c21.806,-11.682,38.399,-30.945,46.724,-54.24C453.719,274.815,453.092,249.399,443.63,226.543zM378.092,313.94L110.541,457.281V65.551h18.286c31.524,0.0,60.824,14.177,80.387,38.898l27.742,35.055c18.153,22.94,42.329,40.214,69.915,49.952l63.424,22.392c14.953,5.28,27.008,16.71,33.073,31.361C414.416,269.895,403.55,300.303,378.092,313.94z"" style=""fill:#FAD52D;"">
 </path>
</svg>


Question: What type of musical instrument does the object represent?",Guitar,Piano,Harp,Drum,C,musical_instrument
80,"Examine the following SVG code carefully and answer the question based on your interpretation of the rendered image.

<svg id=""Layer_1"" style=""enable-background:new 0 0 511.925 511.925;"" version=""1.1"" viewbox=""0 0 511.925 511.925"" x=""0px"" xml:space=""preserve"" y=""0px"">
 <g>
  <path d=""M434.826,37.558l46.501,46.501c3.931,3.931,9.016,5.963,14.169,5.963c5.151,0.0,10.337,-2.0,14.267,-5.929c7.862,-7.862,7.894,-20.641,0.034,-28.503L463.295,9.089c-7.862,-7.862,-20.607,-7.862,-28.469,0.0C426.964,16.949,426.965,29.696,434.826,37.558z"" style=""fill:#6D6459;"">
  </path>
  <path d=""M473.735,91.65l-46.501,-46.501c-7.862,-7.862,-20.607,-7.86,-28.469,0.0s-7.862,20.607,0.0,28.469l46.501,46.501c3.931,3.931,9.016,5.963,14.169,5.963c5.151,0.0,10.337,-1.998,14.267,-5.929C481.563,112.291,481.595,99.511,473.735,91.65z"" style=""fill:#6D6459;"">
  </path>
 </g>
 <g>
  <path d=""M487.347,33.14L463.295,9.089c-7.862,-7.862,-20.607,-7.862,-28.469,0.0c-7.862,7.86,-7.862,20.607,0.0,28.469l24.052,24.052L487.347,33.14z"" style=""fill:#897D70;"">
  </path>
  <path d=""M451.286,69.201l-24.052,-24.052c-7.862,-7.862,-20.607,-7.86,-28.469,0.0s-7.862,20.607,0.0,28.469l24.052,24.052L451.286,69.201z"" style=""fill:#897D70;"">
  </path>
 </g>
 <path d=""M329.858,359.854l-17.463,-17.502c10.08,-4.904,19.279,-11.528,27.347,-19.597c39.8,-39.799,39.826,-104.693,0.056,-144.461c-19.24,-19.241,-44.833,-30.152,-72.078,-30.152c-0.035,0.0,-0.072,0.0,-0.107,0.0c-27.259,0.0,-52.88,10.967,-72.145,30.231c-8.055,8.056,-14.592,17.561,-19.489,27.632l-16.939,-16.949c-7.86,-7.86,-20.607,-7.882,-28.469,-0.02L45.199,274.367C18.53,301.036,3.81,336.362,3.752,373.991c-0.058,37.674,14.594,72.942,41.258,99.605c26.61,26.61,61.955,40.93,99.547,40.93c0.074,0.0,0.148,0.0,0.223,0.0c37.627,0.0,73.036,-14.461,99.706,-41.13l85.371,-85.052C337.72,380.482,337.72,367.715,329.858,359.854z"" style=""fill:#C36F47;"">
 </path>
 <path d=""M339.8,178.294c-19.24,-19.241,-44.833,-30.152,-72.078,-30.152c-0.035,0.0,-0.072,0.0,-0.107,0.0c-27.259,0.0,-52.88,10.967,-72.145,30.231c-8.055,8.056,-14.592,17.561,-19.489,27.632l-16.939,-16.949c-7.86,-7.86,-20.607,-7.882,-28.469,-0.02L45.2,274.367C18.531,301.037,3.811,336.362,3.754,373.991c-0.058,37.674,14.594,72.942,41.258,99.605L339.8,178.294z"" style=""fill:#E27F52;"">
 </path>
 <path d=""M145.322,449.683c-5.152,0.0,-10.237,-2.031,-14.169,-5.961l-55.989,-55.989c-7.862,-7.862,-7.862,-20.609,0.0,-28.469c7.862,-7.862,20.607,-7.862,28.469,0.0l55.989,55.989c7.862,7.862,7.828,20.641,-0.034,28.501C155.659,447.685,150.473,449.683,145.322,449.683z"" style=""fill:#B7A982;"">
 </path>
 <path d=""M102.987,416.113l-28.103,-28.103c-7.862,-7.862,-7.862,-20.609,0.0,-28.469c7.862,-7.862,20.607,-7.862,28.469,0.0l28.103,28.103L102.987,416.113z"" style=""fill:#CAB98E;"">
 </path>
 <path d=""M153.464,385.835c-5.152,0.0,-10.448,-2.111,-14.379,-6.041c-7.862,-7.86,-8.005,-20.752,-0.145,-28.614L479.624,10.497c7.86,-7.86,20.609,-7.86,28.469,0.0c7.862,7.86,7.862,20.607,0.0,28.469L167.41,379.649C163.479,383.58,158.617,385.835,153.464,385.835z"" style=""fill:#B7A982;"">
 </path>
 <path d=""M139.196,379.904c-7.862,-7.86,-7.969,-20.715,-0.107,-28.577L479.772,10.644c7.86,-7.86,20.609,-7.86,28.469,0.0L139.196,379.904z"" style=""fill:#CAB98E;"">
 </path>
 <path d=""M196.828,322.056c-20.407,-20.406,-53.611,-20.406,-74.02,0.0c-20.406,20.407,-20.406,53.613,0.0,74.02c10.204,10.202,23.607,15.305,37.01,15.305s26.806,-5.103,37.01,-15.305l0.0,0.0C217.234,375.67,217.234,342.465,196.828,322.056zM147.955,370.93c-6.552,-6.552,-6.552,-17.173,0.0,-23.725c6.552,-6.552,17.173,-6.552,23.725,0.0s6.552,17.173,0.0,23.725C165.128,377.48,154.507,377.48,147.955,370.93z"" style=""fill:#6D6459;"">
 </path>
 <path d=""M147.955,370.93c-6.552,-6.552,-6.552,-17.173,0.0,-23.725c6.552,-6.552,17.173,-6.552,23.725,0.0l25.148,-25.148c-20.407,-20.406,-53.611,-20.406,-74.02,0.0c-20.406,20.407,-20.406,53.613,0.0,74.02L147.955,370.93z"" style=""fill:#897D70;"">
 </path>
</svg>


Question: What is the primary color of the object?",Blue,Green,Brown,Purple,C,musical_instrument
81,"Examine the following SVG code carefully and answer the question based on your interpretation of the rendered image.

<svg id=""Layer_1"" style=""enable-background:new 0 0 511.925 511.925;"" version=""1.1"" viewbox=""0 0 511.925 511.925"" x=""0px"" xml:space=""preserve"" y=""0px"">
 <g>
  <path d=""M434.826,37.558l46.501,46.501c3.931,3.931,9.016,5.963,14.169,5.963c5.151,0.0,10.337,-2.0,14.267,-5.929c7.862,-7.862,7.894,-20.641,0.034,-28.503L463.295,9.089c-7.862,-7.862,-20.607,-7.862,-28.469,0.0C426.964,16.949,426.965,29.696,434.826,37.558z"" style=""fill:#6D6459;"">
  </path>
  <path d=""M473.735,91.65l-46.501,-46.501c-7.862,-7.862,-20.607,-7.86,-28.469,0.0s-7.862,20.607,0.0,28.469l46.501,46.501c3.931,3.931,9.016,5.963,14.169,5.963c5.151,0.0,10.337,-1.998,14.267,-5.929C481.563,112.291,481.595,99.511,473.735,91.65z"" style=""fill:#6D6459;"">
  </path>
 </g>
 <g>
  <path d=""M487.347,33.14L463.295,9.089c-7.862,-7.862,-20.607,-7.862,-28.469,0.0c-7.862,7.86,-7.862,20.607,0.0,28.469l24.052,24.052L487.347,33.14z"" style=""fill:#897D70;"">
  </path>
  <path d=""M451.286,69.201l-24.052,-24.052c-7.862,-7.862,-20.607,-7.86,-28.469,0.0s-7.862,20.607,0.0,28.469l24.052,24.052L451.286,69.201z"" style=""fill:#897D70;"">
  </path>
 </g>
 <path d=""M329.858,359.854l-17.463,-17.502c10.08,-4.904,19.279,-11.528,27.347,-19.597c39.8,-39.799,39.826,-104.693,0.056,-144.461c-19.24,-19.241,-44.833,-30.152,-72.078,-30.152c-0.035,0.0,-0.072,0.0,-0.107,0.0c-27.259,0.0,-52.88,10.967,-72.145,30.231c-8.055,8.056,-14.592,17.561,-19.489,27.632l-16.939,-16.949c-7.86,-7.86,-20.607,-7.882,-28.469,-0.02L45.199,274.367C18.53,301.036,3.81,336.362,3.752,373.991c-0.058,37.674,14.594,72.942,41.258,99.605c26.61,26.61,61.955,40.93,99.547,40.93c0.074,0.0,0.148,0.0,0.223,0.0c37.627,0.0,73.036,-14.461,99.706,-41.13l85.371,-85.052C337.72,380.482,337.72,367.715,329.858,359.854z"" style=""fill:#C36F47;"">
 </path>
 <path d=""M339.8,178.294c-19.24,-19.241,-44.833,-30.152,-72.078,-30.152c-0.035,0.0,-0.072,0.0,-0.107,0.0c-27.259,0.0,-52.88,10.967,-72.145,30.231c-8.055,8.056,-14.592,17.561,-19.489,27.632l-16.939,-16.949c-7.86,-7.86,-20.607,-7.882,-28.469,-0.02L45.2,274.367C18.531,301.037,3.811,336.362,3.754,373.991c-0.058,37.674,14.594,72.942,41.258,99.605L339.8,178.294z"" style=""fill:#E27F52;"">
 </path>
 <path d=""M145.322,449.683c-5.152,0.0,-10.237,-2.031,-14.169,-5.961l-55.989,-55.989c-7.862,-7.862,-7.862,-20.609,0.0,-28.469c7.862,-7.862,20.607,-7.862,28.469,0.0l55.989,55.989c7.862,7.862,7.828,20.641,-0.034,28.501C155.659,447.685,150.473,449.683,145.322,449.683z"" style=""fill:#B7A982;"">
 </path>
 <path d=""M102.987,416.113l-28.103,-28.103c-7.862,-7.862,-7.862,-20.609,0.0,-28.469c7.862,-7.862,20.607,-7.862,28.469,0.0l28.103,28.103L102.987,416.113z"" style=""fill:#CAB98E;"">
 </path>
 <path d=""M153.464,385.835c-5.152,0.0,-10.448,-2.111,-14.379,-6.041c-7.862,-7.86,-8.005,-20.752,-0.145,-28.614L479.624,10.497c7.86,-7.86,20.609,-7.86,28.469,0.0c7.862,7.86,7.862,20.607,0.0,28.469L167.41,379.649C163.479,383.58,158.617,385.835,153.464,385.835z"" style=""fill:#B7A982;"">
 </path>
 <path d=""M139.196,379.904c-7.862,-7.86,-7.969,-20.715,-0.107,-28.577L479.772,10.644c7.86,-7.86,20.609,-7.86,28.469,0.0L139.196,379.904z"" style=""fill:#CAB98E;"">
 </path>
 <path d=""M196.828,322.056c-20.407,-20.406,-53.611,-20.406,-74.02,0.0c-20.406,20.407,-20.406,53.613,0.0,74.02c10.204,10.202,23.607,15.305,37.01,15.305s26.806,-5.103,37.01,-15.305l0.0,0.0C217.234,375.67,217.234,342.465,196.828,322.056zM147.955,370.93c-6.552,-6.552,-6.552,-17.173,0.0,-23.725c6.552,-6.552,17.173,-6.552,23.725,0.0s6.552,17.173,0.0,23.725C165.128,377.48,154.507,377.48,147.955,370.93z"" style=""fill:#6D6459;"">
 </path>
 <path d=""M147.955,370.93c-6.552,-6.552,-6.552,-17.173,0.0,-23.725c6.552,-6.552,17.173,-6.552,23.725,0.0l25.148,-25.148c-20.407,-20.406,-53.611,-20.406,-74.02,0.0c-20.406,20.407,-20.406,53.613,0.0,74.02L147.955,370.93z"" style=""fill:#897D70;"">
 </path>
</svg>


Question: How many tuning pegs does the object have?",Four,Three,Two,Five,A,musical_instrument
82,"Examine the following SVG code carefully and answer the question based on your interpretation of the rendered image.

<svg id=""Layer_1"" style=""enable-background:new 0 0 511.925 511.925;"" version=""1.1"" viewbox=""0 0 511.925 511.925"" x=""0px"" xml:space=""preserve"" y=""0px"">
 <g>
  <path d=""M434.826,37.558l46.501,46.501c3.931,3.931,9.016,5.963,14.169,5.963c5.151,0.0,10.337,-2.0,14.267,-5.929c7.862,-7.862,7.894,-20.641,0.034,-28.503L463.295,9.089c-7.862,-7.862,-20.607,-7.862,-28.469,0.0C426.964,16.949,426.965,29.696,434.826,37.558z"" style=""fill:#6D6459;"">
  </path>
  <path d=""M473.735,91.65l-46.501,-46.501c-7.862,-7.862,-20.607,-7.86,-28.469,0.0s-7.862,20.607,0.0,28.469l46.501,46.501c3.931,3.931,9.016,5.963,14.169,5.963c5.151,0.0,10.337,-1.998,14.267,-5.929C481.563,112.291,481.595,99.511,473.735,91.65z"" style=""fill:#6D6459;"">
  </path>
 </g>
 <g>
  <path d=""M487.347,33.14L463.295,9.089c-7.862,-7.862,-20.607,-7.862,-28.469,0.0c-7.862,7.86,-7.862,20.607,0.0,28.469l24.052,24.052L487.347,33.14z"" style=""fill:#897D70;"">
  </path>
  <path d=""M451.286,69.201l-24.052,-24.052c-7.862,-7.862,-20.607,-7.86,-28.469,0.0s-7.862,20.607,0.0,28.469l24.052,24.052L451.286,69.201z"" style=""fill:#897D70;"">
  </path>
 </g>
 <path d=""M329.858,359.854l-17.463,-17.502c10.08,-4.904,19.279,-11.528,27.347,-19.597c39.8,-39.799,39.826,-104.693,0.056,-144.461c-19.24,-19.241,-44.833,-30.152,-72.078,-30.152c-0.035,0.0,-0.072,0.0,-0.107,0.0c-27.259,0.0,-52.88,10.967,-72.145,30.231c-8.055,8.056,-14.592,17.561,-19.489,27.632l-16.939,-16.949c-7.86,-7.86,-20.607,-7.882,-28.469,-0.02L45.199,274.367C18.53,301.036,3.81,336.362,3.752,373.991c-0.058,37.674,14.594,72.942,41.258,99.605c26.61,26.61,61.955,40.93,99.547,40.93c0.074,0.0,0.148,0.0,0.223,0.0c37.627,0.0,73.036,-14.461,99.706,-41.13l85.371,-85.052C337.72,380.482,337.72,367.715,329.858,359.854z"" style=""fill:#C36F47;"">
 </path>
 <path d=""M339.8,178.294c-19.24,-19.241,-44.833,-30.152,-72.078,-30.152c-0.035,0.0,-0.072,0.0,-0.107,0.0c-27.259,0.0,-52.88,10.967,-72.145,30.231c-8.055,8.056,-14.592,17.561,-19.489,27.632l-16.939,-16.949c-7.86,-7.86,-20.607,-7.882,-28.469,-0.02L45.2,274.367C18.531,301.037,3.811,336.362,3.754,373.991c-0.058,37.674,14.594,72.942,41.258,99.605L339.8,178.294z"" style=""fill:#E27F52;"">
 </path>
 <path d=""M145.322,449.683c-5.152,0.0,-10.237,-2.031,-14.169,-5.961l-55.989,-55.989c-7.862,-7.862,-7.862,-20.609,0.0,-28.469c7.862,-7.862,20.607,-7.862,28.469,0.0l55.989,55.989c7.862,7.862,7.828,20.641,-0.034,28.501C155.659,447.685,150.473,449.683,145.322,449.683z"" style=""fill:#B7A982;"">
 </path>
 <path d=""M102.987,416.113l-28.103,-28.103c-7.862,-7.862,-7.862,-20.609,0.0,-28.469c7.862,-7.862,20.607,-7.862,28.469,0.0l28.103,28.103L102.987,416.113z"" style=""fill:#CAB98E;"">
 </path>
 <path d=""M153.464,385.835c-5.152,0.0,-10.448,-2.111,-14.379,-6.041c-7.862,-7.86,-8.005,-20.752,-0.145,-28.614L479.624,10.497c7.86,-7.86,20.609,-7.86,28.469,0.0c7.862,7.86,7.862,20.607,0.0,28.469L167.41,379.649C163.479,383.58,158.617,385.835,153.464,385.835z"" style=""fill:#B7A982;"">
 </path>
 <path d=""M139.196,379.904c-7.862,-7.86,-7.969,-20.715,-0.107,-28.577L479.772,10.644c7.86,-7.86,20.609,-7.86,28.469,0.0L139.196,379.904z"" style=""fill:#CAB98E;"">
 </path>
 <path d=""M196.828,322.056c-20.407,-20.406,-53.611,-20.406,-74.02,0.0c-20.406,20.407,-20.406,53.613,0.0,74.02c10.204,10.202,23.607,15.305,37.01,15.305s26.806,-5.103,37.01,-15.305l0.0,0.0C217.234,375.67,217.234,342.465,196.828,322.056zM147.955,370.93c-6.552,-6.552,-6.552,-17.173,0.0,-23.725c6.552,-6.552,17.173,-6.552,23.725,0.0s6.552,17.173,0.0,23.725C165.128,377.48,154.507,377.48,147.955,370.93z"" style=""fill:#6D6459;"">
 </path>
 <path d=""M147.955,370.93c-6.552,-6.552,-6.552,-17.173,0.0,-23.725c6.552,-6.552,17.173,-6.552,23.725,0.0l25.148,-25.148c-20.407,-20.406,-53.611,-20.406,-74.02,0.0c-20.406,20.407,-20.406,53.613,0.0,74.02L147.955,370.93z"" style=""fill:#897D70;"">
 </path>
</svg>


Question: What shape is the body of the object?",Square,Circle,Triangle,Oval,D,musical_instrument
83,"Examine the following SVG code carefully and answer the question based on your interpretation of the rendered image.

<svg id=""Layer_1"" style=""enable-background:new 0 0 511.925 511.925;"" version=""1.1"" viewbox=""0 0 511.925 511.925"" x=""0px"" xml:space=""preserve"" y=""0px"">
 <g>
  <path d=""M434.826,37.558l46.501,46.501c3.931,3.931,9.016,5.963,14.169,5.963c5.151,0.0,10.337,-2.0,14.267,-5.929c7.862,-7.862,7.894,-20.641,0.034,-28.503L463.295,9.089c-7.862,-7.862,-20.607,-7.862,-28.469,0.0C426.964,16.949,426.965,29.696,434.826,37.558z"" style=""fill:#6D6459;"">
  </path>
  <path d=""M473.735,91.65l-46.501,-46.501c-7.862,-7.862,-20.607,-7.86,-28.469,0.0s-7.862,20.607,0.0,28.469l46.501,46.501c3.931,3.931,9.016,5.963,14.169,5.963c5.151,0.0,10.337,-1.998,14.267,-5.929C481.563,112.291,481.595,99.511,473.735,91.65z"" style=""fill:#6D6459;"">
  </path>
 </g>
 <g>
  <path d=""M487.347,33.14L463.295,9.089c-7.862,-7.862,-20.607,-7.862,-28.469,0.0c-7.862,7.86,-7.862,20.607,0.0,28.469l24.052,24.052L487.347,33.14z"" style=""fill:#897D70;"">
  </path>
  <path d=""M451.286,69.201l-24.052,-24.052c-7.862,-7.862,-20.607,-7.86,-28.469,0.0s-7.862,20.607,0.0,28.469l24.052,24.052L451.286,69.201z"" style=""fill:#897D70;"">
  </path>
 </g>
 <path d=""M329.858,359.854l-17.463,-17.502c10.08,-4.904,19.279,-11.528,27.347,-19.597c39.8,-39.799,39.826,-104.693,0.056,-144.461c-19.24,-19.241,-44.833,-30.152,-72.078,-30.152c-0.035,0.0,-0.072,0.0,-0.107,0.0c-27.259,0.0,-52.88,10.967,-72.145,30.231c-8.055,8.056,-14.592,17.561,-19.489,27.632l-16.939,-16.949c-7.86,-7.86,-20.607,-7.882,-28.469,-0.02L45.199,274.367C18.53,301.036,3.81,336.362,3.752,373.991c-0.058,37.674,14.594,72.942,41.258,99.605c26.61,26.61,61.955,40.93,99.547,40.93c0.074,0.0,0.148,0.0,0.223,0.0c37.627,0.0,73.036,-14.461,99.706,-41.13l85.371,-85.052C337.72,380.482,337.72,367.715,329.858,359.854z"" style=""fill:#C36F47;"">
 </path>
 <path d=""M339.8,178.294c-19.24,-19.241,-44.833,-30.152,-72.078,-30.152c-0.035,0.0,-0.072,0.0,-0.107,0.0c-27.259,0.0,-52.88,10.967,-72.145,30.231c-8.055,8.056,-14.592,17.561,-19.489,27.632l-16.939,-16.949c-7.86,-7.86,-20.607,-7.882,-28.469,-0.02L45.2,274.367C18.531,301.037,3.811,336.362,3.754,373.991c-0.058,37.674,14.594,72.942,41.258,99.605L339.8,178.294z"" style=""fill:#E27F52;"">
 </path>
 <path d=""M145.322,449.683c-5.152,0.0,-10.237,-2.031,-14.169,-5.961l-55.989,-55.989c-7.862,-7.862,-7.862,-20.609,0.0,-28.469c7.862,-7.862,20.607,-7.862,28.469,0.0l55.989,55.989c7.862,7.862,7.828,20.641,-0.034,28.501C155.659,447.685,150.473,449.683,145.322,449.683z"" style=""fill:#B7A982;"">
 </path>
 <path d=""M102.987,416.113l-28.103,-28.103c-7.862,-7.862,-7.862,-20.609,0.0,-28.469c7.862,-7.862,20.607,-7.862,28.469,0.0l28.103,28.103L102.987,416.113z"" style=""fill:#CAB98E;"">
 </path>
 <path d=""M153.464,385.835c-5.152,0.0,-10.448,-2.111,-14.379,-6.041c-7.862,-7.86,-8.005,-20.752,-0.145,-28.614L479.624,10.497c7.86,-7.86,20.609,-7.86,28.469,0.0c7.862,7.86,7.862,20.607,0.0,28.469L167.41,379.649C163.479,383.58,158.617,385.835,153.464,385.835z"" style=""fill:#B7A982;"">
 </path>
 <path d=""M139.196,379.904c-7.862,-7.86,-7.969,-20.715,-0.107,-28.577L479.772,10.644c7.86,-7.86,20.609,-7.86,28.469,0.0L139.196,379.904z"" style=""fill:#CAB98E;"">
 </path>
 <path d=""M196.828,322.056c-20.407,-20.406,-53.611,-20.406,-74.02,0.0c-20.406,20.407,-20.406,53.613,0.0,74.02c10.204,10.202,23.607,15.305,37.01,15.305s26.806,-5.103,37.01,-15.305l0.0,0.0C217.234,375.67,217.234,342.465,196.828,322.056zM147.955,370.93c-6.552,-6.552,-6.552,-17.173,0.0,-23.725c6.552,-6.552,17.173,-6.552,23.725,0.0s6.552,17.173,0.0,23.725C165.128,377.48,154.507,377.48,147.955,370.93z"" style=""fill:#6D6459;"">
 </path>
 <path d=""M147.955,370.93c-6.552,-6.552,-6.552,-17.173,0.0,-23.725c6.552,-6.552,17.173,-6.552,23.725,0.0l25.148,-25.148c-20.407,-20.406,-53.611,-20.406,-74.02,0.0c-20.406,20.407,-20.406,53.613,0.0,74.02L147.955,370.93z"" style=""fill:#897D70;"">
 </path>
</svg>


Question: What type of object is shown in the image?",Drum,Harp,Piano,Violin,D,musical_instrument
120,"Examine the following SVG code carefully and answer the question based on your interpretation of the rendered image.

<svg id=""Capa_1"" style=""enable-background:new 0 0 460.884 460.884;"" version=""1.1"" viewbox=""0 0 460.884 460.884"" x=""0px"" xml:space=""preserve"" y=""0px"">
 <g id=""XMLID_7_"">
  <path d=""M229.405,325.134l-6.151,13.323l-20.8,98.214c-2.702,12.759,5.45,25.292,18.209,27.994c12.754,2.702,25.292,-5.449,27.994,-18.209l22.457,-106.039l-8.678,-7.481L229.405,325.134z"" id=""XMLID_526_"">
  </path>
  <path d=""M365.117,334.156l-67.38,-58.082c-2.872,-2.477,-6.299,-4.223,-9.988,-5.096l-30.717,-7.257c-0.63,2.4,-1.468,4.755,-2.523,7.04l-17.023,36.871l33.787,7.982l63.008,54.314c9.899,8.531,24.806,7.39,33.304,-2.467C376.1,357.581,374.994,342.671,365.117,334.156z"" id=""XMLID_1118_"">
  </path>
  <path d=""M380.063,139.504c-0.673,-1.761,-1.584,-3.358,-2.662,-4.794l-47.528,45.045l38.835,-14.844C378.86,161.03,383.944,149.655,380.063,139.504z"" id=""XMLID_1120_"">
  </path>
  <path d=""M164.212,292.087c-3.681,-5.92,-2.841,-4.569,-22.774,-36.623L94.219,274.812c-3.807,1.56,-6.246,5.32,-6.118,9.432c0.128,4.112,2.796,7.713,6.692,9.033l37.941,12.853c12.859,4.357,22.78,14.72,26.571,27.757l11.186,38.465c1.149,3.951,4.63,6.773,8.732,7.08c0.248,0.019,0.494,0.028,0.74,0.028c3.821,0.0,7.33,-2.218,8.95,-5.728l33.878,-73.378C204.709,316.647,176.72,312.206,164.212,292.087z"" id=""XMLID_1121_"">
  </path>
  <path d=""M222.551,227.834c-2.551,-0.661,-5.193,-0.944,-7.95,-0.793c5.578,8.971,2.183,3.511,15.118,24.311c3.851,6.193,6.019,13.634,5.783,21.473l4.125,-8.935c3.077,-6.665,3.136,-14.156,0.476,-20.696l12.416,-11.768l111.013,-105.215c4.654,-4.411,4.851,-11.76,0.439,-16.414c-4.41,-4.655,-11.76,-4.851,-16.414,-0.44L235.624,215.444L222.551,227.834z"" id=""XMLID_1139_"">
  </path>
  <circle cx=""196.839"" cy=""45.083"" id=""XMLID_1143_"" r=""40.784"">
  </circle>
  <path d=""M138.737,215.347l41.518,66.764c5.835,9.387,18.077,11.931,27.102,6.319c9.229,-5.739,12.058,-17.868,6.319,-27.102l-35.946,-57.804l0.0,0.0l31.059,-68.093l-11.21,64.239l7.672,12.338c4.248,-1.12,8.405,-1.536,12.591,-1.353l30.898,-29.285v-18.952l10.722,8.79l28.792,-27.288c-38.838,-31.914,-47.257,-38.469,-53.767,-42.42c-3.943,-2.178,-8.475,-3.42,-13.298,-3.42h-49.131c-15.216,0.0,-27.551,12.335,-27.551,27.551v31.289l27.333,-35.323l-34.298,75.192l0.0,0.0C134.764,202.885,135.324,209.858,138.737,215.347z"" id=""XMLID_1144_"">
  </path>
 </g>
</svg>


Question: What shape is the head of the figure in the image?",Square,Triangle,Hexagon,Circle,D,musical_instrument
121,"Examine the following SVG code carefully and answer the question based on your interpretation of the rendered image.

<svg id=""Capa_1"" style=""enable-background:new 0 0 460.884 460.884;"" version=""1.1"" viewbox=""0 0 460.884 460.884"" x=""0px"" xml:space=""preserve"" y=""0px"">
 <g id=""XMLID_7_"">
  <path d=""M229.405,325.134l-6.151,13.323l-20.8,98.214c-2.702,12.759,5.45,25.292,18.209,27.994c12.754,2.702,25.292,-5.449,27.994,-18.209l22.457,-106.039l-8.678,-7.481L229.405,325.134z"" id=""XMLID_526_"">
  </path>
  <path d=""M365.117,334.156l-67.38,-58.082c-2.872,-2.477,-6.299,-4.223,-9.988,-5.096l-30.717,-7.257c-0.63,2.4,-1.468,4.755,-2.523,7.04l-17.023,36.871l33.787,7.982l63.008,54.314c9.899,8.531,24.806,7.39,33.304,-2.467C376.1,357.581,374.994,342.671,365.117,334.156z"" id=""XMLID_1118_"">
  </path>
  <path d=""M380.063,139.504c-0.673,-1.761,-1.584,-3.358,-2.662,-4.794l-47.528,45.045l38.835,-14.844C378.86,161.03,383.944,149.655,380.063,139.504z"" id=""XMLID_1120_"">
  </path>
  <path d=""M164.212,292.087c-3.681,-5.92,-2.841,-4.569,-22.774,-36.623L94.219,274.812c-3.807,1.56,-6.246,5.32,-6.118,9.432c0.128,4.112,2.796,7.713,6.692,9.033l37.941,12.853c12.859,4.357,22.78,14.72,26.571,27.757l11.186,38.465c1.149,3.951,4.63,6.773,8.732,7.08c0.248,0.019,0.494,0.028,0.74,0.028c3.821,0.0,7.33,-2.218,8.95,-5.728l33.878,-73.378C204.709,316.647,176.72,312.206,164.212,292.087z"" id=""XMLID_1121_"">
  </path>
  <path d=""M222.551,227.834c-2.551,-0.661,-5.193,-0.944,-7.95,-0.793c5.578,8.971,2.183,3.511,15.118,24.311c3.851,6.193,6.019,13.634,5.783,21.473l4.125,-8.935c3.077,-6.665,3.136,-14.156,0.476,-20.696l12.416,-11.768l111.013,-105.215c4.654,-4.411,4.851,-11.76,0.439,-16.414c-4.41,-4.655,-11.76,-4.851,-16.414,-0.44L235.624,215.444L222.551,227.834z"" id=""XMLID_1139_"">
  </path>
  <circle cx=""196.839"" cy=""45.083"" id=""XMLID_1143_"" r=""40.784"">
  </circle>
  <path d=""M138.737,215.347l41.518,66.764c5.835,9.387,18.077,11.931,27.102,6.319c9.229,-5.739,12.058,-17.868,6.319,-27.102l-35.946,-57.804l0.0,0.0l31.059,-68.093l-11.21,64.239l7.672,12.338c4.248,-1.12,8.405,-1.536,12.591,-1.353l30.898,-29.285v-18.952l10.722,8.79l28.792,-27.288c-38.838,-31.914,-47.257,-38.469,-53.767,-42.42c-3.943,-2.178,-8.475,-3.42,-13.298,-3.42h-49.131c-15.216,0.0,-27.551,12.335,-27.551,27.551v31.289l27.333,-35.323l-34.298,75.192l0.0,0.0C134.764,202.885,135.324,209.858,138.737,215.347z"" id=""XMLID_1144_"">
  </path>
 </g>
</svg>


Question: What is the figure in the image doing?",Running,Sitting,Playing,Jumping,C,musical_instrument
122,"Examine the following SVG code carefully and answer the question based on your interpretation of the rendered image.

<svg id=""Capa_1"" style=""enable-background:new 0 0 460.884 460.884;"" version=""1.1"" viewbox=""0 0 460.884 460.884"" x=""0px"" xml:space=""preserve"" y=""0px"">
 <g id=""XMLID_7_"">
  <path d=""M229.405,325.134l-6.151,13.323l-20.8,98.214c-2.702,12.759,5.45,25.292,18.209,27.994c12.754,2.702,25.292,-5.449,27.994,-18.209l22.457,-106.039l-8.678,-7.481L229.405,325.134z"" id=""XMLID_526_"">
  </path>
  <path d=""M365.117,334.156l-67.38,-58.082c-2.872,-2.477,-6.299,-4.223,-9.988,-5.096l-30.717,-7.257c-0.63,2.4,-1.468,4.755,-2.523,7.04l-17.023,36.871l33.787,7.982l63.008,54.314c9.899,8.531,24.806,7.39,33.304,-2.467C376.1,357.581,374.994,342.671,365.117,334.156z"" id=""XMLID_1118_"">
  </path>
  <path d=""M380.063,139.504c-0.673,-1.761,-1.584,-3.358,-2.662,-4.794l-47.528,45.045l38.835,-14.844C378.86,161.03,383.944,149.655,380.063,139.504z"" id=""XMLID_1120_"">
  </path>
  <path d=""M164.212,292.087c-3.681,-5.92,-2.841,-4.569,-22.774,-36.623L94.219,274.812c-3.807,1.56,-6.246,5.32,-6.118,9.432c0.128,4.112,2.796,7.713,6.692,9.033l37.941,12.853c12.859,4.357,22.78,14.72,26.571,27.757l11.186,38.465c1.149,3.951,4.63,6.773,8.732,7.08c0.248,0.019,0.494,0.028,0.74,0.028c3.821,0.0,7.33,-2.218,8.95,-5.728l33.878,-73.378C204.709,316.647,176.72,312.206,164.212,292.087z"" id=""XMLID_1121_"">
  </path>
  <path d=""M222.551,227.834c-2.551,-0.661,-5.193,-0.944,-7.95,-0.793c5.578,8.971,2.183,3.511,15.118,24.311c3.851,6.193,6.019,13.634,5.783,21.473l4.125,-8.935c3.077,-6.665,3.136,-14.156,0.476,-20.696l12.416,-11.768l111.013,-105.215c4.654,-4.411,4.851,-11.76,0.439,-16.414c-4.41,-4.655,-11.76,-4.851,-16.414,-0.44L235.624,215.444L222.551,227.834z"" id=""XMLID_1139_"">
  </path>
  <circle cx=""196.839"" cy=""45.083"" id=""XMLID_1143_"" r=""40.784"">
  </circle>
  <path d=""M138.737,215.347l41.518,66.764c5.835,9.387,18.077,11.931,27.102,6.319c9.229,-5.739,12.058,-17.868,6.319,-27.102l-35.946,-57.804l0.0,0.0l31.059,-68.093l-11.21,64.239l7.672,12.338c4.248,-1.12,8.405,-1.536,12.591,-1.353l30.898,-29.285v-18.952l10.722,8.79l28.792,-27.288c-38.838,-31.914,-47.257,-38.469,-53.767,-42.42c-3.943,-2.178,-8.475,-3.42,-13.298,-3.42h-49.131c-15.216,0.0,-27.551,12.335,-27.551,27.551v31.289l27.333,-35.323l-34.298,75.192l0.0,0.0C134.764,202.885,135.324,209.858,138.737,215.347z"" id=""XMLID_1144_"">
  </path>
 </g>
</svg>


Question: How many legs does the figure in the image have?",One,Two,Three,Four,B,musical_instrument
123,"Examine the following SVG code carefully and answer the question based on your interpretation of the rendered image.

<svg id=""Capa_1"" style=""enable-background:new 0 0 460.884 460.884;"" version=""1.1"" viewbox=""0 0 460.884 460.884"" x=""0px"" xml:space=""preserve"" y=""0px"">
 <g id=""XMLID_7_"">
  <path d=""M229.405,325.134l-6.151,13.323l-20.8,98.214c-2.702,12.759,5.45,25.292,18.209,27.994c12.754,2.702,25.292,-5.449,27.994,-18.209l22.457,-106.039l-8.678,-7.481L229.405,325.134z"" id=""XMLID_526_"">
  </path>
  <path d=""M365.117,334.156l-67.38,-58.082c-2.872,-2.477,-6.299,-4.223,-9.988,-5.096l-30.717,-7.257c-0.63,2.4,-1.468,4.755,-2.523,7.04l-17.023,36.871l33.787,7.982l63.008,54.314c9.899,8.531,24.806,7.39,33.304,-2.467C376.1,357.581,374.994,342.671,365.117,334.156z"" id=""XMLID_1118_"">
  </path>
  <path d=""M380.063,139.504c-0.673,-1.761,-1.584,-3.358,-2.662,-4.794l-47.528,45.045l38.835,-14.844C378.86,161.03,383.944,149.655,380.063,139.504z"" id=""XMLID_1120_"">
  </path>
  <path d=""M164.212,292.087c-3.681,-5.92,-2.841,-4.569,-22.774,-36.623L94.219,274.812c-3.807,1.56,-6.246,5.32,-6.118,9.432c0.128,4.112,2.796,7.713,6.692,9.033l37.941,12.853c12.859,4.357,22.78,14.72,26.571,27.757l11.186,38.465c1.149,3.951,4.63,6.773,8.732,7.08c0.248,0.019,0.494,0.028,0.74,0.028c3.821,0.0,7.33,-2.218,8.95,-5.728l33.878,-73.378C204.709,316.647,176.72,312.206,164.212,292.087z"" id=""XMLID_1121_"">
  </path>
  <path d=""M222.551,227.834c-2.551,-0.661,-5.193,-0.944,-7.95,-0.793c5.578,8.971,2.183,3.511,15.118,24.311c3.851,6.193,6.019,13.634,5.783,21.473l4.125,-8.935c3.077,-6.665,3.136,-14.156,0.476,-20.696l12.416,-11.768l111.013,-105.215c4.654,-4.411,4.851,-11.76,0.439,-16.414c-4.41,-4.655,-11.76,-4.851,-16.414,-0.44L235.624,215.444L222.551,227.834z"" id=""XMLID_1139_"">
  </path>
  <circle cx=""196.839"" cy=""45.083"" id=""XMLID_1143_"" r=""40.784"">
  </circle>
  <path d=""M138.737,215.347l41.518,66.764c5.835,9.387,18.077,11.931,27.102,6.319c9.229,-5.739,12.058,-17.868,6.319,-27.102l-35.946,-57.804l0.0,0.0l31.059,-68.093l-11.21,64.239l7.672,12.338c4.248,-1.12,8.405,-1.536,12.591,-1.353l30.898,-29.285v-18.952l10.722,8.79l28.792,-27.288c-38.838,-31.914,-47.257,-38.469,-53.767,-42.42c-3.943,-2.178,-8.475,-3.42,-13.298,-3.42h-49.131c-15.216,0.0,-27.551,12.335,-27.551,27.551v31.289l27.333,-35.323l-34.298,75.192l0.0,0.0C134.764,202.885,135.324,209.858,138.737,215.347z"" id=""XMLID_1144_"">
  </path>
 </g>
</svg>


Question: What does the image represent?",playing guitar,sitting,running,jumping,A,musical_instrument
124,"Examine the following SVG code carefully and answer the question based on your interpretation of the rendered image.

<svg id=""Layer_1"" style=""enable-background:new 0 0 511.997 511.997;"" version=""1.1"" viewbox=""0 0 511.997 511.997"" x=""0px"" xml:space=""preserve"" y=""0px"">
 <g>
  <g>
   <g>
    <path d=""M3.932,418.885h511.689V195.197H3.932V418.885zM83.932,403.197h-0.001H51.62v-16.086h32.312V403.197zM131.932,403.197H99.62v-16.086h32.312V403.197zM97.624,371.422L171.776,250.084l74.152,121.338H97.624zM179.932,403.197h-32.312v-16.086h32.312V403.197zM227.932,403.197h-32.312v-16.086h32.312V403.197zM275.932,403.197L275.932,403.197h-32.312v-16.086h32.312V403.197zM323.932,403.197h-32.312v-16.086h32.312V403.197zM371.932,403.197h-32.311v-16.086h32.311V403.197zM419.932,403.197h-32.312v-16.086h32.312V403.197zM273.625,371.422l74.152,-121.338l74.152,121.338H273.625zM467.932,403.197h-32.312v-16.086h32.312V403.197zM499.933,403.197h-16.313v-16.086h16.313V403.197zM499.933,371.422H449.496l50.437,-84.061V371.422zM435.715,363.897l-73.952,-121.012h138.169v13.983h0.001L435.715,363.897zM483.62,210.886h16.313v16.312h-16.313V210.886zM435.621,210.886h32.312v16.312h-32.312V210.886zM387.62,210.886h32.312v16.312h-32.312V210.886zM339.62,210.886h32.311v16.312h-32.311V210.886zM291.621,210.886h32.312v16.312h-32.312V210.886zM243.621,210.886h32.312v16.312h-32.312V210.886zM195.62,210.886h32.312v16.312h-32.312V210.886zM333.789,242.885l-74.014,121.113l-74.013,-121.113H333.789zM147.62,210.886h32.312v16.312h-32.312V210.886zM99.62,210.886h32.312v16.312H99.62V210.886zM51.62,210.886h32.312v16.312H51.62V210.886zM19.62,210.886h16.312v16.312H19.62V210.886zM19.62,242.885h138.169L83.837,363.897L19.62,256.869V242.885zM19.62,287.361l50.437,84.062H19.62V287.361zM19.62,387.111h16.312v16.086H19.62V387.111z"">
    </path>
    <path d=""M211.776,146.884c13.148,0.0,23.844,-10.697,23.844,-23.844S224.924,99.196,211.776,99.196c-10.4,0.0,-19.261,6.696,-22.513,16.0H179.776v15.688h9.487C192.515,140.189,201.376,146.884,211.776,146.884zM211.776,114.885c4.497,0.0,8.156,3.659,8.156,8.156c0.0,4.497,-3.659,8.156,-8.156,8.156s-8.156,-3.659,-8.156,-8.156C203.62,118.544,207.279,114.885,211.776,114.885z"">
    </path>
    <rect height=""15.688"" width=""168.002"" x=""3.776"" y=""115.192"">
    </rect>
    <path d=""M307.776,146.884c10.399,0.0,19.26,-6.696,22.512,-16.0H339.776v-15.688h-9.488c-3.252,-9.304,-12.112,-16.0,-22.512,-16.0c-13.147,0.0,-23.844,10.697,-23.844,23.844S294.629,146.884,307.776,146.884zM307.776,114.885c4.497,0.0,8.156,3.659,8.156,8.156c0.0,4.497,-3.659,8.156,-8.156,8.156c-4.497,0.0,-8.156,-3.659,-8.156,-8.156C299.62,118.544,303.278,114.885,307.776,114.885z"">
    </path>
    <rect height=""15.688"" width=""168.002"" x=""347.771"" y=""115.192"">
    </rect>
    <rect height=""16"" width=""15.688"" x=""3.932"" y=""171.043"">
    </rect>
    <rect height=""16"" width=""15.688"" x=""251.935"" y=""171.043"">
    </rect>
    <rect height=""16"" width=""15.688"" x=""499.928"" y=""171.043"">
    </rect>
   </g>
  </g>
 </g>
</svg>


Question: What shape is prominently featured in the middle section of the object?",Triangles,Circles,Squares,Hexagons,A,musical_instrument
125,"Examine the following SVG code carefully and answer the question based on your interpretation of the rendered image.

<svg id=""Layer_1"" style=""enable-background:new 0 0 511.997 511.997;"" version=""1.1"" viewbox=""0 0 511.997 511.997"" x=""0px"" xml:space=""preserve"" y=""0px"">
 <g>
  <g>
   <g>
    <path d=""M3.932,418.885h511.689V195.197H3.932V418.885zM83.932,403.197h-0.001H51.62v-16.086h32.312V403.197zM131.932,403.197H99.62v-16.086h32.312V403.197zM97.624,371.422L171.776,250.084l74.152,121.338H97.624zM179.932,403.197h-32.312v-16.086h32.312V403.197zM227.932,403.197h-32.312v-16.086h32.312V403.197zM275.932,403.197L275.932,403.197h-32.312v-16.086h32.312V403.197zM323.932,403.197h-32.312v-16.086h32.312V403.197zM371.932,403.197h-32.311v-16.086h32.311V403.197zM419.932,403.197h-32.312v-16.086h32.312V403.197zM273.625,371.422l74.152,-121.338l74.152,121.338H273.625zM467.932,403.197h-32.312v-16.086h32.312V403.197zM499.933,403.197h-16.313v-16.086h16.313V403.197zM499.933,371.422H449.496l50.437,-84.061V371.422zM435.715,363.897l-73.952,-121.012h138.169v13.983h0.001L435.715,363.897zM483.62,210.886h16.313v16.312h-16.313V210.886zM435.621,210.886h32.312v16.312h-32.312V210.886zM387.62,210.886h32.312v16.312h-32.312V210.886zM339.62,210.886h32.311v16.312h-32.311V210.886zM291.621,210.886h32.312v16.312h-32.312V210.886zM243.621,210.886h32.312v16.312h-32.312V210.886zM195.62,210.886h32.312v16.312h-32.312V210.886zM333.789,242.885l-74.014,121.113l-74.013,-121.113H333.789zM147.62,210.886h32.312v16.312h-32.312V210.886zM99.62,210.886h32.312v16.312H99.62V210.886zM51.62,210.886h32.312v16.312H51.62V210.886zM19.62,210.886h16.312v16.312H19.62V210.886zM19.62,242.885h138.169L83.837,363.897L19.62,256.869V242.885zM19.62,287.361l50.437,84.062H19.62V287.361zM19.62,387.111h16.312v16.086H19.62V387.111z"">
    </path>
    <path d=""M211.776,146.884c13.148,0.0,23.844,-10.697,23.844,-23.844S224.924,99.196,211.776,99.196c-10.4,0.0,-19.261,6.696,-22.513,16.0H179.776v15.688h9.487C192.515,140.189,201.376,146.884,211.776,146.884zM211.776,114.885c4.497,0.0,8.156,3.659,8.156,8.156c0.0,4.497,-3.659,8.156,-8.156,8.156s-8.156,-3.659,-8.156,-8.156C203.62,118.544,207.279,114.885,211.776,114.885z"">
    </path>
    <rect height=""15.688"" width=""168.002"" x=""3.776"" y=""115.192"">
    </rect>
    <path d=""M307.776,146.884c10.399,0.0,19.26,-6.696,22.512,-16.0H339.776v-15.688h-9.488c-3.252,-9.304,-12.112,-16.0,-22.512,-16.0c-13.147,0.0,-23.844,10.697,-23.844,23.844S294.629,146.884,307.776,146.884zM307.776,114.885c4.497,0.0,8.156,3.659,8.156,8.156c0.0,4.497,-3.659,8.156,-8.156,8.156c-4.497,0.0,-8.156,-3.659,-8.156,-8.156C299.62,118.544,303.278,114.885,307.776,114.885z"">
    </path>
    <rect height=""15.688"" width=""168.002"" x=""347.771"" y=""115.192"">
    </rect>
    <rect height=""16"" width=""15.688"" x=""3.932"" y=""171.043"">
    </rect>
    <rect height=""16"" width=""15.688"" x=""251.935"" y=""171.043"">
    </rect>
    <rect height=""16"" width=""15.688"" x=""499.928"" y=""171.043"">
    </rect>
   </g>
  </g>
 </g>
</svg>


Question: How many circles are present in the image?",1,2,3,4,B,musical_instrument
126,"Examine the following SVG code carefully and answer the question based on your interpretation of the rendered image.

<svg id=""Layer_1"" style=""enable-background:new 0 0 511.997 511.997;"" version=""1.1"" viewbox=""0 0 511.997 511.997"" x=""0px"" xml:space=""preserve"" y=""0px"">
 <g>
  <g>
   <g>
    <path d=""M3.932,418.885h511.689V195.197H3.932V418.885zM83.932,403.197h-0.001H51.62v-16.086h32.312V403.197zM131.932,403.197H99.62v-16.086h32.312V403.197zM97.624,371.422L171.776,250.084l74.152,121.338H97.624zM179.932,403.197h-32.312v-16.086h32.312V403.197zM227.932,403.197h-32.312v-16.086h32.312V403.197zM275.932,403.197L275.932,403.197h-32.312v-16.086h32.312V403.197zM323.932,403.197h-32.312v-16.086h32.312V403.197zM371.932,403.197h-32.311v-16.086h32.311V403.197zM419.932,403.197h-32.312v-16.086h32.312V403.197zM273.625,371.422l74.152,-121.338l74.152,121.338H273.625zM467.932,403.197h-32.312v-16.086h32.312V403.197zM499.933,403.197h-16.313v-16.086h16.313V403.197zM499.933,371.422H449.496l50.437,-84.061V371.422zM435.715,363.897l-73.952,-121.012h138.169v13.983h0.001L435.715,363.897zM483.62,210.886h16.313v16.312h-16.313V210.886zM435.621,210.886h32.312v16.312h-32.312V210.886zM387.62,210.886h32.312v16.312h-32.312V210.886zM339.62,210.886h32.311v16.312h-32.311V210.886zM291.621,210.886h32.312v16.312h-32.312V210.886zM243.621,210.886h32.312v16.312h-32.312V210.886zM195.62,210.886h32.312v16.312h-32.312V210.886zM333.789,242.885l-74.014,121.113l-74.013,-121.113H333.789zM147.62,210.886h32.312v16.312h-32.312V210.886zM99.62,210.886h32.312v16.312H99.62V210.886zM51.62,210.886h32.312v16.312H51.62V210.886zM19.62,210.886h16.312v16.312H19.62V210.886zM19.62,242.885h138.169L83.837,363.897L19.62,256.869V242.885zM19.62,287.361l50.437,84.062H19.62V287.361zM19.62,387.111h16.312v16.086H19.62V387.111z"">
    </path>
    <path d=""M211.776,146.884c13.148,0.0,23.844,-10.697,23.844,-23.844S224.924,99.196,211.776,99.196c-10.4,0.0,-19.261,6.696,-22.513,16.0H179.776v15.688h9.487C192.515,140.189,201.376,146.884,211.776,146.884zM211.776,114.885c4.497,0.0,8.156,3.659,8.156,8.156c0.0,4.497,-3.659,8.156,-8.156,8.156s-8.156,-3.659,-8.156,-8.156C203.62,118.544,207.279,114.885,211.776,114.885z"">
    </path>
    <rect height=""15.688"" width=""168.002"" x=""3.776"" y=""115.192"">
    </rect>
    <path d=""M307.776,146.884c10.399,0.0,19.26,-6.696,22.512,-16.0H339.776v-15.688h-9.488c-3.252,-9.304,-12.112,-16.0,-22.512,-16.0c-13.147,0.0,-23.844,10.697,-23.844,23.844S294.629,146.884,307.776,146.884zM307.776,114.885c4.497,0.0,8.156,3.659,8.156,8.156c0.0,4.497,-3.659,8.156,-8.156,8.156c-4.497,0.0,-8.156,-3.659,-8.156,-8.156C299.62,118.544,303.278,114.885,307.776,114.885z"">
    </path>
    <rect height=""15.688"" width=""168.002"" x=""347.771"" y=""115.192"">
    </rect>
    <rect height=""16"" width=""15.688"" x=""3.932"" y=""171.043"">
    </rect>
    <rect height=""16"" width=""15.688"" x=""251.935"" y=""171.043"">
    </rect>
    <rect height=""16"" width=""15.688"" x=""499.928"" y=""171.043"">
    </rect>
   </g>
  </g>
 </g>
</svg>


Question: What is the pattern at the top and bottom edges of the object?",Dots,Stripes,Triangles,Squares,D,musical_instrument
127,"Examine the following SVG code carefully and answer the question based on your interpretation of the rendered image.

<svg id=""Layer_1"" style=""enable-background:new 0 0 511.997 511.997;"" version=""1.1"" viewbox=""0 0 511.997 511.997"" x=""0px"" xml:space=""preserve"" y=""0px"">
 <g>
  <g>
   <g>
    <path d=""M3.932,418.885h511.689V195.197H3.932V418.885zM83.932,403.197h-0.001H51.62v-16.086h32.312V403.197zM131.932,403.197H99.62v-16.086h32.312V403.197zM97.624,371.422L171.776,250.084l74.152,121.338H97.624zM179.932,403.197h-32.312v-16.086h32.312V403.197zM227.932,403.197h-32.312v-16.086h32.312V403.197zM275.932,403.197L275.932,403.197h-32.312v-16.086h32.312V403.197zM323.932,403.197h-32.312v-16.086h32.312V403.197zM371.932,403.197h-32.311v-16.086h32.311V403.197zM419.932,403.197h-32.312v-16.086h32.312V403.197zM273.625,371.422l74.152,-121.338l74.152,121.338H273.625zM467.932,403.197h-32.312v-16.086h32.312V403.197zM499.933,403.197h-16.313v-16.086h16.313V403.197zM499.933,371.422H449.496l50.437,-84.061V371.422zM435.715,363.897l-73.952,-121.012h138.169v13.983h0.001L435.715,363.897zM483.62,210.886h16.313v16.312h-16.313V210.886zM435.621,210.886h32.312v16.312h-32.312V210.886zM387.62,210.886h32.312v16.312h-32.312V210.886zM339.62,210.886h32.311v16.312h-32.311V210.886zM291.621,210.886h32.312v16.312h-32.312V210.886zM243.621,210.886h32.312v16.312h-32.312V210.886zM195.62,210.886h32.312v16.312h-32.312V210.886zM333.789,242.885l-74.014,121.113l-74.013,-121.113H333.789zM147.62,210.886h32.312v16.312h-32.312V210.886zM99.62,210.886h32.312v16.312H99.62V210.886zM51.62,210.886h32.312v16.312H51.62V210.886zM19.62,210.886h16.312v16.312H19.62V210.886zM19.62,242.885h138.169L83.837,363.897L19.62,256.869V242.885zM19.62,287.361l50.437,84.062H19.62V287.361zM19.62,387.111h16.312v16.086H19.62V387.111z"">
    </path>
    <path d=""M211.776,146.884c13.148,0.0,23.844,-10.697,23.844,-23.844S224.924,99.196,211.776,99.196c-10.4,0.0,-19.261,6.696,-22.513,16.0H179.776v15.688h9.487C192.515,140.189,201.376,146.884,211.776,146.884zM211.776,114.885c4.497,0.0,8.156,3.659,8.156,8.156c0.0,4.497,-3.659,8.156,-8.156,8.156s-8.156,-3.659,-8.156,-8.156C203.62,118.544,207.279,114.885,211.776,114.885z"">
    </path>
    <rect height=""15.688"" width=""168.002"" x=""3.776"" y=""115.192"">
    </rect>
    <path d=""M307.776,146.884c10.399,0.0,19.26,-6.696,22.512,-16.0H339.776v-15.688h-9.488c-3.252,-9.304,-12.112,-16.0,-22.512,-16.0c-13.147,0.0,-23.844,10.697,-23.844,23.844S294.629,146.884,307.776,146.884zM307.776,114.885c4.497,0.0,8.156,3.659,8.156,8.156c0.0,4.497,-3.659,8.156,-8.156,8.156c-4.497,0.0,-8.156,-3.659,-8.156,-8.156C299.62,118.544,303.278,114.885,307.776,114.885z"">
    </path>
    <rect height=""15.688"" width=""168.002"" x=""347.771"" y=""115.192"">
    </rect>
    <rect height=""16"" width=""15.688"" x=""3.932"" y=""171.043"">
    </rect>
    <rect height=""16"" width=""15.688"" x=""251.935"" y=""171.043"">
    </rect>
    <rect height=""16"" width=""15.688"" x=""499.928"" y=""171.043"">
    </rect>
   </g>
  </g>
 </g>
</svg>


Question: What is the object in the image?",drum,building,fence,vehicle,A,musical_instrument
140,"Examine the following SVG code carefully and answer the question based on your interpretation of the rendered image.

<svg id=""Capa_1"" style=""enable-background:new 0 0 297 297;"" version=""1.1"" viewbox=""0 0 297 297"" x=""0px"" xml:space=""preserve"" y=""0px"">
 <g>
  <path d=""M124.025,266.076c-5.946,-5.946,-5.942,-15.589,0.008,-21.539l20.98,-20.98c7.516,-7.516,19.697,-7.52,27.207,-0.01l0.0,0.0c1.565,1.565,4.102,1.564,5.668,-0.002l18.145,-18.145c22.965,-22.965,-22.932,-81.147,-20.754,-78.969c0.667,0.667,-56.004,-43.719,-78.969,-20.754l-18.145,18.145c-1.566,1.566,-1.567,4.104,-0.002,5.668l2.833,2.833c5.946,5.946,5.942,15.589,-0.008,21.539l-23.816,23.816c-5.95,5.95,-15.593,5.954,-21.539,0.008l-0.995,-0.995c-2.58,-2.58,-6.764,-2.578,-9.346,0.004l-12.147,12.147C-9.819,211.807,6.362,240.273,33.9,267.81c27.538,27.538,56.004,43.719,78.969,20.754l12.147,-12.147c2.582,-2.582,2.583,-6.766,0.004,-9.346L124.025,266.076z"" style=""fill:#935733;"">
  </path>
  <path d=""M124.025,266.076c-1.051,-1.051,-1.907,-2.222,-2.586,-3.464c-0.122,0.142,-0.244,0.285,-0.379,0.419l-13.154,13.154c-24.869,24.869,-55.694,7.346,-85.514,-22.474c-2.5,-2.5,-4.911,-5.007,-7.221,-7.517c5.143,7.193,11.549,14.436,18.729,21.616c27.538,27.538,56.004,43.719,78.969,20.754l12.147,-12.147c2.582,-2.582,2.583,-6.766,0.003,-9.346L124.025,266.076z"" style=""opacity:0.3;fill:#8E725E;"">
  </path>
  <path d=""M175.213,126.389c0.055,0.039,0.084,0.058,0.067,0.041C175.225,126.375,175.208,126.369,175.213,126.389z"" style=""fill:#8E725E;"">
  </path>
  <path d=""M175.213,126.389c-0.551,-0.39,-4.655,-3.505,-10.829,-7.507c12.813,19.752,35.326,60.167,16.199,79.294l-19.866,19.866c4.202,0.457,8.283,2.285,11.503,5.506c1.565,1.565,4.102,1.564,5.668,-0.002l18.145,-18.145C218.42,183.013,175.38,127.173,175.213,126.389z"" style=""opacity:0.3;fill:#8E725E;"">
  </path>
  <path d=""M210.532,48.578l42.6,42.6c3.222,3.222,8.445,3.222,11.667,0.0l2.471,-2.471c3.222,-3.222,3.222,-8.445,0.0,-11.667l-42.6,-42.6c-3.222,-3.222,-8.445,-3.222,-11.667,0.0l-2.471,2.471C207.31,40.133,207.31,45.356,210.532,48.578z"" style=""fill:#8E725E;"">
  </path>
  <path d=""M182.256,76.854l42.6,42.6c3.222,3.222,8.445,3.222,11.667,0.0l2.471,-2.471c3.222,-3.222,3.222,-8.445,0.0,-11.667l-42.6,-42.6c-3.222,-3.222,-8.445,-3.222,-11.667,0.0l-2.471,2.471C179.034,68.409,179.034,73.632,182.256,76.854z"" style=""fill:#8E725E;"">
  </path>
  <path d=""M286.082,2.849c-10.078,2.587,-21.819,6.323,-25.974,10.477c-4.992,4.992,-6.776,11.964,-5.385,18.386L118.935,155.097c-3.556,3.232,-4.085,8.414,-1.157,11.342l17.493,17.493c2.928,2.928,8.11,2.399,11.342,-1.157L269.998,46.987c6.422,1.391,13.394,-0.393,18.386,-5.385c4.155,-4.155,7.89,-15.896,10.477,-25.974C300.844,7.905,293.805,0.866,286.082,2.849z"" style=""fill:#5E4534;"">
  </path>
  <path d=""M288.958,30.11c-4.992,4.992,-11.964,6.776,-18.386,5.385L147.186,171.284c-3.232,3.556,-8.414,4.085,-11.342,1.157l-17.127,-17.127c-3.352,3.242,-3.805,8.261,-0.94,11.126l17.493,17.493c2.928,2.928,8.11,2.399,11.342,-1.157L269.998,46.987c6.422,1.391,13.394,-0.393,18.386,-5.385c4.155,-4.155,7.89,-15.896,10.477,-25.974c0.641,-2.498,0.328,-4.918,-0.636,-6.99C295.744,17.488,292.505,26.564,288.958,30.11z"" style=""opacity:0.22;fill:#5E4534;"">
  </path>
  <path d=""M37.048,268.702l-4.039,-4.039c-2.448,-2.448,-2.1,-7.033,0.836,-11.02l21.92,-29.762c3.994,-5.424,10.929,-7.406,14.26,-4.075l11.882,11.882c3.33,3.33,1.348,10.265,-4.075,14.26l-29.762,21.92C44.081,270.802,39.496,271.15,37.048,268.702z"" style=""fill:#5E4534;"">
  </path>
  <path d=""M77.83,238.187l-29.762,21.92c-3.987,2.937,-8.572,3.284,-11.02,0.836l-4.039,-4.039c-0.238,-0.238,-0.441,-0.502,-0.627,-0.777c-1.493,3.28,-1.323,6.586,0.627,8.536l4.039,4.039c2.448,2.448,7.033,2.1,11.02,-0.836l29.762,-21.92c5.037,-3.709,7.098,-9.95,4.701,-13.49C81.579,234.557,79.981,236.604,77.83,238.187z"" style=""opacity:0.22;fill:#5E4534;"">
  </path>
  <path d=""M115.899,208.43L93.28,185.811c-1.562,-1.562,-1.562,-4.095,0.0,-5.657l1.198,-1.198c1.562,-1.562,4.095,-1.562,5.657,0.0l22.619,22.619c1.562,1.562,1.562,4.095,0.0,5.657l-1.198,1.198C119.994,209.992,117.461,209.992,115.899,208.43z"" style=""fill:#FFCD02;"">
  </path>
  <path d=""M101.761,222.568l-22.619,-22.619c-1.562,-1.562,-1.562,-4.095,0.0,-5.657l1.198,-1.198c1.562,-1.562,4.095,-1.562,5.657,0.0l22.619,22.619c1.562,1.562,1.562,4.095,0.0,5.657l-1.198,1.198C105.856,224.13,103.323,224.13,101.761,222.568z"" style=""fill:#FFCD02;"">
  </path>
 </g>
</svg>


Question: What is the primary color of the object?",Red,Blue,Brown,Green,C,musical_instrument
141,"Examine the following SVG code carefully and answer the question based on your interpretation of the rendered image.

<svg id=""Capa_1"" style=""enable-background:new 0 0 297 297;"" version=""1.1"" viewbox=""0 0 297 297"" x=""0px"" xml:space=""preserve"" y=""0px"">
 <g>
  <path d=""M124.025,266.076c-5.946,-5.946,-5.942,-15.589,0.008,-21.539l20.98,-20.98c7.516,-7.516,19.697,-7.52,27.207,-0.01l0.0,0.0c1.565,1.565,4.102,1.564,5.668,-0.002l18.145,-18.145c22.965,-22.965,-22.932,-81.147,-20.754,-78.969c0.667,0.667,-56.004,-43.719,-78.969,-20.754l-18.145,18.145c-1.566,1.566,-1.567,4.104,-0.002,5.668l2.833,2.833c5.946,5.946,5.942,15.589,-0.008,21.539l-23.816,23.816c-5.95,5.95,-15.593,5.954,-21.539,0.008l-0.995,-0.995c-2.58,-2.58,-6.764,-2.578,-9.346,0.004l-12.147,12.147C-9.819,211.807,6.362,240.273,33.9,267.81c27.538,27.538,56.004,43.719,78.969,20.754l12.147,-12.147c2.582,-2.582,2.583,-6.766,0.004,-9.346L124.025,266.076z"" style=""fill:#935733;"">
  </path>
  <path d=""M124.025,266.076c-1.051,-1.051,-1.907,-2.222,-2.586,-3.464c-0.122,0.142,-0.244,0.285,-0.379,0.419l-13.154,13.154c-24.869,24.869,-55.694,7.346,-85.514,-22.474c-2.5,-2.5,-4.911,-5.007,-7.221,-7.517c5.143,7.193,11.549,14.436,18.729,21.616c27.538,27.538,56.004,43.719,78.969,20.754l12.147,-12.147c2.582,-2.582,2.583,-6.766,0.003,-9.346L124.025,266.076z"" style=""opacity:0.3;fill:#8E725E;"">
  </path>
  <path d=""M175.213,126.389c0.055,0.039,0.084,0.058,0.067,0.041C175.225,126.375,175.208,126.369,175.213,126.389z"" style=""fill:#8E725E;"">
  </path>
  <path d=""M175.213,126.389c-0.551,-0.39,-4.655,-3.505,-10.829,-7.507c12.813,19.752,35.326,60.167,16.199,79.294l-19.866,19.866c4.202,0.457,8.283,2.285,11.503,5.506c1.565,1.565,4.102,1.564,5.668,-0.002l18.145,-18.145C218.42,183.013,175.38,127.173,175.213,126.389z"" style=""opacity:0.3;fill:#8E725E;"">
  </path>
  <path d=""M210.532,48.578l42.6,42.6c3.222,3.222,8.445,3.222,11.667,0.0l2.471,-2.471c3.222,-3.222,3.222,-8.445,0.0,-11.667l-42.6,-42.6c-3.222,-3.222,-8.445,-3.222,-11.667,0.0l-2.471,2.471C207.31,40.133,207.31,45.356,210.532,48.578z"" style=""fill:#8E725E;"">
  </path>
  <path d=""M182.256,76.854l42.6,42.6c3.222,3.222,8.445,3.222,11.667,0.0l2.471,-2.471c3.222,-3.222,3.222,-8.445,0.0,-11.667l-42.6,-42.6c-3.222,-3.222,-8.445,-3.222,-11.667,0.0l-2.471,2.471C179.034,68.409,179.034,73.632,182.256,76.854z"" style=""fill:#8E725E;"">
  </path>
  <path d=""M286.082,2.849c-10.078,2.587,-21.819,6.323,-25.974,10.477c-4.992,4.992,-6.776,11.964,-5.385,18.386L118.935,155.097c-3.556,3.232,-4.085,8.414,-1.157,11.342l17.493,17.493c2.928,2.928,8.11,2.399,11.342,-1.157L269.998,46.987c6.422,1.391,13.394,-0.393,18.386,-5.385c4.155,-4.155,7.89,-15.896,10.477,-25.974C300.844,7.905,293.805,0.866,286.082,2.849z"" style=""fill:#5E4534;"">
  </path>
  <path d=""M288.958,30.11c-4.992,4.992,-11.964,6.776,-18.386,5.385L147.186,171.284c-3.232,3.556,-8.414,4.085,-11.342,1.157l-17.127,-17.127c-3.352,3.242,-3.805,8.261,-0.94,11.126l17.493,17.493c2.928,2.928,8.11,2.399,11.342,-1.157L269.998,46.987c6.422,1.391,13.394,-0.393,18.386,-5.385c4.155,-4.155,7.89,-15.896,10.477,-25.974c0.641,-2.498,0.328,-4.918,-0.636,-6.99C295.744,17.488,292.505,26.564,288.958,30.11z"" style=""opacity:0.22;fill:#5E4534;"">
  </path>
  <path d=""M37.048,268.702l-4.039,-4.039c-2.448,-2.448,-2.1,-7.033,0.836,-11.02l21.92,-29.762c3.994,-5.424,10.929,-7.406,14.26,-4.075l11.882,11.882c3.33,3.33,1.348,10.265,-4.075,14.26l-29.762,21.92C44.081,270.802,39.496,271.15,37.048,268.702z"" style=""fill:#5E4534;"">
  </path>
  <path d=""M77.83,238.187l-29.762,21.92c-3.987,2.937,-8.572,3.284,-11.02,0.836l-4.039,-4.039c-0.238,-0.238,-0.441,-0.502,-0.627,-0.777c-1.493,3.28,-1.323,6.586,0.627,8.536l4.039,4.039c2.448,2.448,7.033,2.1,11.02,-0.836l29.762,-21.92c5.037,-3.709,7.098,-9.95,4.701,-13.49C81.579,234.557,79.981,236.604,77.83,238.187z"" style=""opacity:0.22;fill:#5E4534;"">
  </path>
  <path d=""M115.899,208.43L93.28,185.811c-1.562,-1.562,-1.562,-4.095,0.0,-5.657l1.198,-1.198c1.562,-1.562,4.095,-1.562,5.657,0.0l22.619,22.619c1.562,1.562,1.562,4.095,0.0,5.657l-1.198,1.198C119.994,209.992,117.461,209.992,115.899,208.43z"" style=""fill:#FFCD02;"">
  </path>
  <path d=""M101.761,222.568l-22.619,-22.619c-1.562,-1.562,-1.562,-4.095,0.0,-5.657l1.198,-1.198c1.562,-1.562,4.095,-1.562,5.657,0.0l22.619,22.619c1.562,1.562,1.562,4.095,0.0,5.657l-1.198,1.198C105.856,224.13,103.323,224.13,101.761,222.568z"" style=""fill:#FFCD02;"">
  </path>
 </g>
</svg>


Question: How many yellow lines are visible on the object?",One,Two,Three,Four,B,musical_instrument
142,"Examine the following SVG code carefully and answer the question based on your interpretation of the rendered image.

<svg id=""Capa_1"" style=""enable-background:new 0 0 297 297;"" version=""1.1"" viewbox=""0 0 297 297"" x=""0px"" xml:space=""preserve"" y=""0px"">
 <g>
  <path d=""M124.025,266.076c-5.946,-5.946,-5.942,-15.589,0.008,-21.539l20.98,-20.98c7.516,-7.516,19.697,-7.52,27.207,-0.01l0.0,0.0c1.565,1.565,4.102,1.564,5.668,-0.002l18.145,-18.145c22.965,-22.965,-22.932,-81.147,-20.754,-78.969c0.667,0.667,-56.004,-43.719,-78.969,-20.754l-18.145,18.145c-1.566,1.566,-1.567,4.104,-0.002,5.668l2.833,2.833c5.946,5.946,5.942,15.589,-0.008,21.539l-23.816,23.816c-5.95,5.95,-15.593,5.954,-21.539,0.008l-0.995,-0.995c-2.58,-2.58,-6.764,-2.578,-9.346,0.004l-12.147,12.147C-9.819,211.807,6.362,240.273,33.9,267.81c27.538,27.538,56.004,43.719,78.969,20.754l12.147,-12.147c2.582,-2.582,2.583,-6.766,0.004,-9.346L124.025,266.076z"" style=""fill:#935733;"">
  </path>
  <path d=""M124.025,266.076c-1.051,-1.051,-1.907,-2.222,-2.586,-3.464c-0.122,0.142,-0.244,0.285,-0.379,0.419l-13.154,13.154c-24.869,24.869,-55.694,7.346,-85.514,-22.474c-2.5,-2.5,-4.911,-5.007,-7.221,-7.517c5.143,7.193,11.549,14.436,18.729,21.616c27.538,27.538,56.004,43.719,78.969,20.754l12.147,-12.147c2.582,-2.582,2.583,-6.766,0.003,-9.346L124.025,266.076z"" style=""opacity:0.3;fill:#8E725E;"">
  </path>
  <path d=""M175.213,126.389c0.055,0.039,0.084,0.058,0.067,0.041C175.225,126.375,175.208,126.369,175.213,126.389z"" style=""fill:#8E725E;"">
  </path>
  <path d=""M175.213,126.389c-0.551,-0.39,-4.655,-3.505,-10.829,-7.507c12.813,19.752,35.326,60.167,16.199,79.294l-19.866,19.866c4.202,0.457,8.283,2.285,11.503,5.506c1.565,1.565,4.102,1.564,5.668,-0.002l18.145,-18.145C218.42,183.013,175.38,127.173,175.213,126.389z"" style=""opacity:0.3;fill:#8E725E;"">
  </path>
  <path d=""M210.532,48.578l42.6,42.6c3.222,3.222,8.445,3.222,11.667,0.0l2.471,-2.471c3.222,-3.222,3.222,-8.445,0.0,-11.667l-42.6,-42.6c-3.222,-3.222,-8.445,-3.222,-11.667,0.0l-2.471,2.471C207.31,40.133,207.31,45.356,210.532,48.578z"" style=""fill:#8E725E;"">
  </path>
  <path d=""M182.256,76.854l42.6,42.6c3.222,3.222,8.445,3.222,11.667,0.0l2.471,-2.471c3.222,-3.222,3.222,-8.445,0.0,-11.667l-42.6,-42.6c-3.222,-3.222,-8.445,-3.222,-11.667,0.0l-2.471,2.471C179.034,68.409,179.034,73.632,182.256,76.854z"" style=""fill:#8E725E;"">
  </path>
  <path d=""M286.082,2.849c-10.078,2.587,-21.819,6.323,-25.974,10.477c-4.992,4.992,-6.776,11.964,-5.385,18.386L118.935,155.097c-3.556,3.232,-4.085,8.414,-1.157,11.342l17.493,17.493c2.928,2.928,8.11,2.399,11.342,-1.157L269.998,46.987c6.422,1.391,13.394,-0.393,18.386,-5.385c4.155,-4.155,7.89,-15.896,10.477,-25.974C300.844,7.905,293.805,0.866,286.082,2.849z"" style=""fill:#5E4534;"">
  </path>
  <path d=""M288.958,30.11c-4.992,4.992,-11.964,6.776,-18.386,5.385L147.186,171.284c-3.232,3.556,-8.414,4.085,-11.342,1.157l-17.127,-17.127c-3.352,3.242,-3.805,8.261,-0.94,11.126l17.493,17.493c2.928,2.928,8.11,2.399,11.342,-1.157L269.998,46.987c6.422,1.391,13.394,-0.393,18.386,-5.385c4.155,-4.155,7.89,-15.896,10.477,-25.974c0.641,-2.498,0.328,-4.918,-0.636,-6.99C295.744,17.488,292.505,26.564,288.958,30.11z"" style=""opacity:0.22;fill:#5E4534;"">
  </path>
  <path d=""M37.048,268.702l-4.039,-4.039c-2.448,-2.448,-2.1,-7.033,0.836,-11.02l21.92,-29.762c3.994,-5.424,10.929,-7.406,14.26,-4.075l11.882,11.882c3.33,3.33,1.348,10.265,-4.075,14.26l-29.762,21.92C44.081,270.802,39.496,271.15,37.048,268.702z"" style=""fill:#5E4534;"">
  </path>
  <path d=""M77.83,238.187l-29.762,21.92c-3.987,2.937,-8.572,3.284,-11.02,0.836l-4.039,-4.039c-0.238,-0.238,-0.441,-0.502,-0.627,-0.777c-1.493,3.28,-1.323,6.586,0.627,8.536l4.039,4.039c2.448,2.448,7.033,2.1,11.02,-0.836l29.762,-21.92c5.037,-3.709,7.098,-9.95,4.701,-13.49C81.579,234.557,79.981,236.604,77.83,238.187z"" style=""opacity:0.22;fill:#5E4534;"">
  </path>
  <path d=""M115.899,208.43L93.28,185.811c-1.562,-1.562,-1.562,-4.095,0.0,-5.657l1.198,-1.198c1.562,-1.562,4.095,-1.562,5.657,0.0l22.619,22.619c1.562,1.562,1.562,4.095,0.0,5.657l-1.198,1.198C119.994,209.992,117.461,209.992,115.899,208.43z"" style=""fill:#FFCD02;"">
  </path>
  <path d=""M101.761,222.568l-22.619,-22.619c-1.562,-1.562,-1.562,-4.095,0.0,-5.657l1.198,-1.198c1.562,-1.562,4.095,-1.562,5.657,0.0l22.619,22.619c1.562,1.562,1.562,4.095,0.0,5.657l-1.198,1.198C105.856,224.13,103.323,224.13,101.761,222.568z"" style=""fill:#FFCD02;"">
  </path>
 </g>
</svg>


Question: What shape is the body of the object closest to?",Circle,Square,Triangle,Hourglass,D,musical_instrument
143,"Examine the following SVG code carefully and answer the question based on your interpretation of the rendered image.

<svg id=""Capa_1"" style=""enable-background:new 0 0 297 297;"" version=""1.1"" viewbox=""0 0 297 297"" x=""0px"" xml:space=""preserve"" y=""0px"">
 <g>
  <path d=""M124.025,266.076c-5.946,-5.946,-5.942,-15.589,0.008,-21.539l20.98,-20.98c7.516,-7.516,19.697,-7.52,27.207,-0.01l0.0,0.0c1.565,1.565,4.102,1.564,5.668,-0.002l18.145,-18.145c22.965,-22.965,-22.932,-81.147,-20.754,-78.969c0.667,0.667,-56.004,-43.719,-78.969,-20.754l-18.145,18.145c-1.566,1.566,-1.567,4.104,-0.002,5.668l2.833,2.833c5.946,5.946,5.942,15.589,-0.008,21.539l-23.816,23.816c-5.95,5.95,-15.593,5.954,-21.539,0.008l-0.995,-0.995c-2.58,-2.58,-6.764,-2.578,-9.346,0.004l-12.147,12.147C-9.819,211.807,6.362,240.273,33.9,267.81c27.538,27.538,56.004,43.719,78.969,20.754l12.147,-12.147c2.582,-2.582,2.583,-6.766,0.004,-9.346L124.025,266.076z"" style=""fill:#935733;"">
  </path>
  <path d=""M124.025,266.076c-1.051,-1.051,-1.907,-2.222,-2.586,-3.464c-0.122,0.142,-0.244,0.285,-0.379,0.419l-13.154,13.154c-24.869,24.869,-55.694,7.346,-85.514,-22.474c-2.5,-2.5,-4.911,-5.007,-7.221,-7.517c5.143,7.193,11.549,14.436,18.729,21.616c27.538,27.538,56.004,43.719,78.969,20.754l12.147,-12.147c2.582,-2.582,2.583,-6.766,0.003,-9.346L124.025,266.076z"" style=""opacity:0.3;fill:#8E725E;"">
  </path>
  <path d=""M175.213,126.389c0.055,0.039,0.084,0.058,0.067,0.041C175.225,126.375,175.208,126.369,175.213,126.389z"" style=""fill:#8E725E;"">
  </path>
  <path d=""M175.213,126.389c-0.551,-0.39,-4.655,-3.505,-10.829,-7.507c12.813,19.752,35.326,60.167,16.199,79.294l-19.866,19.866c4.202,0.457,8.283,2.285,11.503,5.506c1.565,1.565,4.102,1.564,5.668,-0.002l18.145,-18.145C218.42,183.013,175.38,127.173,175.213,126.389z"" style=""opacity:0.3;fill:#8E725E;"">
  </path>
  <path d=""M210.532,48.578l42.6,42.6c3.222,3.222,8.445,3.222,11.667,0.0l2.471,-2.471c3.222,-3.222,3.222,-8.445,0.0,-11.667l-42.6,-42.6c-3.222,-3.222,-8.445,-3.222,-11.667,0.0l-2.471,2.471C207.31,40.133,207.31,45.356,210.532,48.578z"" style=""fill:#8E725E;"">
  </path>
  <path d=""M182.256,76.854l42.6,42.6c3.222,3.222,8.445,3.222,11.667,0.0l2.471,-2.471c3.222,-3.222,3.222,-8.445,0.0,-11.667l-42.6,-42.6c-3.222,-3.222,-8.445,-3.222,-11.667,0.0l-2.471,2.471C179.034,68.409,179.034,73.632,182.256,76.854z"" style=""fill:#8E725E;"">
  </path>
  <path d=""M286.082,2.849c-10.078,2.587,-21.819,6.323,-25.974,10.477c-4.992,4.992,-6.776,11.964,-5.385,18.386L118.935,155.097c-3.556,3.232,-4.085,8.414,-1.157,11.342l17.493,17.493c2.928,2.928,8.11,2.399,11.342,-1.157L269.998,46.987c6.422,1.391,13.394,-0.393,18.386,-5.385c4.155,-4.155,7.89,-15.896,10.477,-25.974C300.844,7.905,293.805,0.866,286.082,2.849z"" style=""fill:#5E4534;"">
  </path>
  <path d=""M288.958,30.11c-4.992,4.992,-11.964,6.776,-18.386,5.385L147.186,171.284c-3.232,3.556,-8.414,4.085,-11.342,1.157l-17.127,-17.127c-3.352,3.242,-3.805,8.261,-0.94,11.126l17.493,17.493c2.928,2.928,8.11,2.399,11.342,-1.157L269.998,46.987c6.422,1.391,13.394,-0.393,18.386,-5.385c4.155,-4.155,7.89,-15.896,10.477,-25.974c0.641,-2.498,0.328,-4.918,-0.636,-6.99C295.744,17.488,292.505,26.564,288.958,30.11z"" style=""opacity:0.22;fill:#5E4534;"">
  </path>
  <path d=""M37.048,268.702l-4.039,-4.039c-2.448,-2.448,-2.1,-7.033,0.836,-11.02l21.92,-29.762c3.994,-5.424,10.929,-7.406,14.26,-4.075l11.882,11.882c3.33,3.33,1.348,10.265,-4.075,14.26l-29.762,21.92C44.081,270.802,39.496,271.15,37.048,268.702z"" style=""fill:#5E4534;"">
  </path>
  <path d=""M77.83,238.187l-29.762,21.92c-3.987,2.937,-8.572,3.284,-11.02,0.836l-4.039,-4.039c-0.238,-0.238,-0.441,-0.502,-0.627,-0.777c-1.493,3.28,-1.323,6.586,0.627,8.536l4.039,4.039c2.448,2.448,7.033,2.1,11.02,-0.836l29.762,-21.92c5.037,-3.709,7.098,-9.95,4.701,-13.49C81.579,234.557,79.981,236.604,77.83,238.187z"" style=""opacity:0.22;fill:#5E4534;"">
  </path>
  <path d=""M115.899,208.43L93.28,185.811c-1.562,-1.562,-1.562,-4.095,0.0,-5.657l1.198,-1.198c1.562,-1.562,4.095,-1.562,5.657,0.0l22.619,22.619c1.562,1.562,1.562,4.095,0.0,5.657l-1.198,1.198C119.994,209.992,117.461,209.992,115.899,208.43z"" style=""fill:#FFCD02;"">
  </path>
  <path d=""M101.761,222.568l-22.619,-22.619c-1.562,-1.562,-1.562,-4.095,0.0,-5.657l1.198,-1.198c1.562,-1.562,4.095,-1.562,5.657,0.0l22.619,22.619c1.562,1.562,1.562,4.095,0.0,5.657l-1.198,1.198C105.856,224.13,103.323,224.13,101.761,222.568z"" style=""fill:#FFCD02;"">
  </path>
 </g>
</svg>


Question: What type of object is shown in the image?",Harp,Violin,Piano,Drum,B,musical_instrument
148,"Examine the following SVG code carefully and answer the question based on your interpretation of the rendered image.

<svg id=""Layer_1"" style=""enable-background:new 0 0 488.564 488.564;"" version=""1.1"" viewbox=""0 0 488.564 488.564"" x=""0px"" xml:space=""preserve"" y=""0px"">
 <ellipse cx=""111.47"" cy=""376.952"" rx=""91.999"" ry=""127.999"" style=""fill:#E87118;"" transform=""matrix(0.7071 -0.7071 0.7071 0.7071 -233.8967 189.2282)"">
 </ellipse>
 <path d=""M275.109,221.529c-38.4,-38.4,-92.8,-47.2,-120.8,-19.2c-5.6,5.6,-9.6,12.0,-12.0,20.0c-5.6,8.0,-12.0,17.6,-20.8,25.6c-8.8,8.8,-20.8,12.0,-31.2,13.6c-6.4,0.0,-12.8,0.8,-18.4,1.6c-0.8,0.0,-1.6,0.0,-2.4,0.8c-13.6,3.2,-25.6,8.8,-36.0,19.2c-36.0,35.2,-24.8,104.8,25.6,154.4c49.6,49.6,119.2,60.8,155.2,24.8c9.6,-9.6,16.0,-22.4,19.2,-36.0c0.0,-0.8,0.0,-1.6,0.0,-1.6c0.8,-6.4,1.6,-12.0,1.6,-19.2c1.6,-10.4,4.0,-22.4,13.6,-31.2c8.0,-8.8,18.4,-14.4,26.4,-20.0c7.2,-2.4,14.4,-6.4,20.0,-12.0C323.109,314.329,314.309,259.929,275.109,221.529z"" id=""SVGCleanerId_0"" style=""fill:#F29C11;"">
 </path>
 <g>
  <path d=""M275.109,221.529c-38.4,-38.4,-92.8,-47.2,-120.8,-19.2c-5.6,5.6,-9.6,12.0,-12.0,20.0c-5.6,8.0,-12.0,17.6,-20.8,25.6c-8.8,8.8,-20.8,12.0,-31.2,13.6c-6.4,0.0,-12.8,0.8,-18.4,1.6c-0.8,0.0,-1.6,0.0,-2.4,0.8c-13.6,3.2,-25.6,8.8,-36.0,19.2c-36.0,35.2,-24.8,104.8,25.6,154.4c49.6,49.6,119.2,60.8,155.2,24.8c9.6,-9.6,16.0,-22.4,19.2,-36.0c0.0,-0.8,0.0,-1.6,0.0,-1.6c0.8,-6.4,1.6,-12.0,1.6,-19.2c1.6,-10.4,4.0,-22.4,13.6,-31.2c8.0,-8.8,18.4,-14.4,26.4,-20.0c7.2,-2.4,14.4,-6.4,20.0,-12.0C323.109,314.329,314.309,259.929,275.109,221.529z"" id=""SVGCleanerId_0_1_"" style=""fill:#F29C11;"">
  </path>
 </g>
 <path d=""M154.309,201.529c-5.6,5.6,-9.6,12.0,-12.0,20.0c-5.6,8.8,-12.0,18.4,-20.8,26.4c-8.8,8.8,-20.8,12.0,-31.2,13.6c-6.4,0.0,-12.8,0.8,-18.4,1.6c-0.8,0.0,-1.6,0.0,-2.4,0.8c-13.6,3.2,-25.6,8.8,-36.0,19.2c-16.0,16.0,-23.2,39.2,-20.8,64.8h276.0c1.6,-1.6,4.0,-3.2,5.6,-4.8c28.0,-28.0,19.2,-82.4,-20.0,-120.8C236.709,182.329,182.309,173.529,154.309,201.529z"" style=""fill:#F4B831;"">
 </path>
 <path d=""M255.109,284.729c-8.0,8.0,-20.0,-6.4,-28.0,-13.6l-1.6,-1.6c-8.0,-8.0,-21.6,-20.0,-13.6,-28.0l176.0,-162.4c8.0,-8.0,20.0,-8.0,28.0,0.0l1.6,1.6c8.0,8.0,8.0,20.0,0.0,28.0L255.109,284.729z"">
 </path>
 <path d=""M433.509,107.129c-8.0,8.0,-20.0,8.0,-28.0,0.0l-16.0,-16.0c-8.0,-8.0,-8.0,-20.0,0.0,-28.0l35.2,-35.2c8.0,-8.0,20.0,-8.0,28.0,0.0l16.0,16.0c8.0,8.0,8.0,20.0,0.0,28.0L433.509,107.129z"">
 </path>
 <g>
  <path d=""M262.309,277.529c-8.0,8.0,-20.0,-6.4,-28.0,-13.6l-1.6,-2.4c-8.0,-8.0,-21.6,-20.0,-13.6,-28.0l176.0,-162.4c8.0,-8.0,20.0,-8.0,28.0,0.0l1.6,1.6c8.0,8.0,8.0,20.0,0.0,28.0L262.309,277.529z"" style=""fill:#3A382D;"">
  </path>
  <path d=""M440.709,99.929c-8.0,8.0,-20.0,8.0,-28.0,0.0l-16.0,-16.0c-8.0,-8.0,-8.0,-20.0,0.0,-28.0l35.2,-35.2c8.0,-8.0,20.0,-8.0,28.0,0.0l16.0,16.0c8.0,8.0,8.0,20.0,0.0,28.0L440.709,99.929z"" style=""fill:#3A382D;"">
  </path>
 </g>
 <circle cx=""187.109"" cy=""309.529"" r=""41.6"" style=""fill:#895B19;"">
 </circle>
 <path d=""M206.309,290.329c14.4,14.4,16.0,36.8,4.0,52.8c1.6,-1.6,4.0,-2.4,5.6,-4.0c16.0,-16.0,16.0,-42.4,0.0,-58.4s-42.4,-16.0,-58.4,0.0c-1.6,1.6,-3.2,3.2,-4.0,5.6C169.509,274.329,191.909,275.929,206.309,290.329z"" style=""fill:#6D450F;"">
 </path>
 <path d=""M152.709,409.529c-4.8,4.8,-5.6,12.0,-10.4,7.2l-62.4,-62.4c-4.8,-4.8,2.4,-5.6,7.2,-10.4l0.0,0.0c4.8,-4.8,12.8,-4.8,17.6,0.0l48.0,48.0C157.509,396.729,157.509,404.729,152.709,409.529L152.709,409.529z"" style=""fill:#442909;"">
 </path>
 <path d=""M155.909,405.529c-4.8,4.8,-5.6,12.0,-10.4,7.2l-62.4,-62.4c-4.8,-4.8,2.4,-5.6,7.2,-10.4l0.0,0.0c4.8,-4.8,12.8,-4.8,17.6,0.0l47.2,47.2C160.709,392.729,160.709,400.729,155.909,405.529L155.909,405.529z"" style=""fill:#6D450F;"">
 </path>
 <g>
  <path d=""M429.509,15.129c-2.4,2.4,-5.6,2.4,-7.2,0.0l0.0,0.0c-2.4,-2.4,-2.4,-5.6,0.0,-7.2l2.4,-2.4c2.4,-2.4,5.6,-2.4,7.2,0.0l0.0,0.0c2.4,2.4,2.4,5.6,0.0,7.2L429.509,15.129z"" style=""fill:#E87118;"">
  </path>
  <path d=""M415.109,29.529c-2.4,2.4,-5.6,2.4,-7.2,0.0l0.0,0.0c-2.4,-2.4,-2.4,-5.6,0.0,-7.2l2.4,-2.4c2.4,-1.6,5.6,-1.6,7.2,0.0l0.0,0.0c2.4,2.4,2.4,5.6,0.0,7.2L415.109,29.529z"" style=""fill:#E87118;"">
  </path>
  <path d=""M399.909,44.729c-2.4,2.4,-5.6,2.4,-7.2,0.0l0.0,0.0c-2.4,-2.4,-2.4,-5.6,0.0,-7.2l2.4,-2.4c2.4,-2.4,5.6,-2.4,7.2,0.0l0.0,0.0c2.4,2.4,2.4,5.6,0.0,7.2L399.909,44.729z"" style=""fill:#E87118;"">
  </path>
  <path d=""M488.709,74.329c-2.4,2.4,-5.6,2.4,-7.2,0.0l0.0,0.0c-2.4,-2.4,-2.4,-5.6,0.0,-7.2l2.4,-2.4c2.4,-2.4,5.6,-2.4,7.2,0.0l0.0,0.0c2.4,2.4,2.4,5.6,0.0,7.2L488.709,74.329z"" style=""fill:#E87118;"">
  </path>
  <path d=""M474.309,88.729c-2.4,2.4,-5.6,2.4,-7.2,0.0l0.0,0.0c-2.4,-2.4,-2.4,-5.6,0.0,-7.2l2.4,-2.4c2.4,-2.4,5.6,-2.4,7.2,0.0l0.0,0.0c2.4,2.4,2.4,5.6,0.0,7.2L474.309,88.729z"" style=""fill:#E87118;"">
  </path>
  <path d=""M459.909,103.929c-2.4,1.6,-5.6,1.6,-7.2,0.0l0.0,0.0c-2.4,-2.4,-2.4,-5.6,0.0,-7.2l2.4,-2.4c2.4,-2.4,5.6,-2.4,7.2,0.0l0.0,0.0c2.4,2.4,2.4,5.6,0.0,7.2L459.909,103.929z"" style=""fill:#E87118;"">
  </path>
 </g>
 <path d=""M415.909,100.729c-0.8,0.8,-1.6,0.8,-2.4,0.0l-17.6,-17.6c-0.8,-0.8,-0.8,-1.6,0.0,-2.4l0.0,0.0c0.8,-0.8,1.6,-0.8,2.4,0.0l17.6,17.6C415.909,99.129,415.909,99.929,415.909,100.729L415.909,100.729z"" style=""fill:#F29C11;"">
 </path>
 <g>
  <circle cx=""381.509"" cy=""115.129"" r=""3.2"" style=""fill:#DDD3C3;"">
  </circle>
  <circle cx=""350.309"" cy=""146.329"" r=""3.2"" style=""fill:#DDD3C3;"">
  </circle>
  <circle cx=""284.709"" cy=""211.929"" r=""3.2"" style=""fill:#DDD3C3;"">
  </circle>
  <path d=""M317.509,173.529c-1.6,1.6,-3.2,1.6,-4.8,0.0c-1.6,-1.6,-1.6,-3.2,0.0,-4.8s3.2,-1.6,4.8,0.0C319.109,170.329,319.109,172.729,317.509,173.529z"" style=""fill:#DDD3C3;"">
  </path>
  <circle cx=""324.709"" cy=""181.529"" r=""3.2"" style=""fill:#DDD3C3;"">
  </circle>
 </g>
</svg>


Question: What is the primary color of the body of the object?",Red,Blue,Yellow,Green,C,musical_instrument
149,"Examine the following SVG code carefully and answer the question based on your interpretation of the rendered image.

<svg id=""Layer_1"" style=""enable-background:new 0 0 488.564 488.564;"" version=""1.1"" viewbox=""0 0 488.564 488.564"" x=""0px"" xml:space=""preserve"" y=""0px"">
 <ellipse cx=""111.47"" cy=""376.952"" rx=""91.999"" ry=""127.999"" style=""fill:#E87118;"" transform=""matrix(0.7071 -0.7071 0.7071 0.7071 -233.8967 189.2282)"">
 </ellipse>
 <path d=""M275.109,221.529c-38.4,-38.4,-92.8,-47.2,-120.8,-19.2c-5.6,5.6,-9.6,12.0,-12.0,20.0c-5.6,8.0,-12.0,17.6,-20.8,25.6c-8.8,8.8,-20.8,12.0,-31.2,13.6c-6.4,0.0,-12.8,0.8,-18.4,1.6c-0.8,0.0,-1.6,0.0,-2.4,0.8c-13.6,3.2,-25.6,8.8,-36.0,19.2c-36.0,35.2,-24.8,104.8,25.6,154.4c49.6,49.6,119.2,60.8,155.2,24.8c9.6,-9.6,16.0,-22.4,19.2,-36.0c0.0,-0.8,0.0,-1.6,0.0,-1.6c0.8,-6.4,1.6,-12.0,1.6,-19.2c1.6,-10.4,4.0,-22.4,13.6,-31.2c8.0,-8.8,18.4,-14.4,26.4,-20.0c7.2,-2.4,14.4,-6.4,20.0,-12.0C323.109,314.329,314.309,259.929,275.109,221.529z"" id=""SVGCleanerId_0"" style=""fill:#F29C11;"">
 </path>
 <g>
  <path d=""M275.109,221.529c-38.4,-38.4,-92.8,-47.2,-120.8,-19.2c-5.6,5.6,-9.6,12.0,-12.0,20.0c-5.6,8.0,-12.0,17.6,-20.8,25.6c-8.8,8.8,-20.8,12.0,-31.2,13.6c-6.4,0.0,-12.8,0.8,-18.4,1.6c-0.8,0.0,-1.6,0.0,-2.4,0.8c-13.6,3.2,-25.6,8.8,-36.0,19.2c-36.0,35.2,-24.8,104.8,25.6,154.4c49.6,49.6,119.2,60.8,155.2,24.8c9.6,-9.6,16.0,-22.4,19.2,-36.0c0.0,-0.8,0.0,-1.6,0.0,-1.6c0.8,-6.4,1.6,-12.0,1.6,-19.2c1.6,-10.4,4.0,-22.4,13.6,-31.2c8.0,-8.8,18.4,-14.4,26.4,-20.0c7.2,-2.4,14.4,-6.4,20.0,-12.0C323.109,314.329,314.309,259.929,275.109,221.529z"" id=""SVGCleanerId_0_1_"" style=""fill:#F29C11;"">
  </path>
 </g>
 <path d=""M154.309,201.529c-5.6,5.6,-9.6,12.0,-12.0,20.0c-5.6,8.8,-12.0,18.4,-20.8,26.4c-8.8,8.8,-20.8,12.0,-31.2,13.6c-6.4,0.0,-12.8,0.8,-18.4,1.6c-0.8,0.0,-1.6,0.0,-2.4,0.8c-13.6,3.2,-25.6,8.8,-36.0,19.2c-16.0,16.0,-23.2,39.2,-20.8,64.8h276.0c1.6,-1.6,4.0,-3.2,5.6,-4.8c28.0,-28.0,19.2,-82.4,-20.0,-120.8C236.709,182.329,182.309,173.529,154.309,201.529z"" style=""fill:#F4B831;"">
 </path>
 <path d=""M255.109,284.729c-8.0,8.0,-20.0,-6.4,-28.0,-13.6l-1.6,-1.6c-8.0,-8.0,-21.6,-20.0,-13.6,-28.0l176.0,-162.4c8.0,-8.0,20.0,-8.0,28.0,0.0l1.6,1.6c8.0,8.0,8.0,20.0,0.0,28.0L255.109,284.729z"">
 </path>
 <path d=""M433.509,107.129c-8.0,8.0,-20.0,8.0,-28.0,0.0l-16.0,-16.0c-8.0,-8.0,-8.0,-20.0,0.0,-28.0l35.2,-35.2c8.0,-8.0,20.0,-8.0,28.0,0.0l16.0,16.0c8.0,8.0,8.0,20.0,0.0,28.0L433.509,107.129z"">
 </path>
 <g>
  <path d=""M262.309,277.529c-8.0,8.0,-20.0,-6.4,-28.0,-13.6l-1.6,-2.4c-8.0,-8.0,-21.6,-20.0,-13.6,-28.0l176.0,-162.4c8.0,-8.0,20.0,-8.0,28.0,0.0l1.6,1.6c8.0,8.0,8.0,20.0,0.0,28.0L262.309,277.529z"" style=""fill:#3A382D;"">
  </path>
  <path d=""M440.709,99.929c-8.0,8.0,-20.0,8.0,-28.0,0.0l-16.0,-16.0c-8.0,-8.0,-8.0,-20.0,0.0,-28.0l35.2,-35.2c8.0,-8.0,20.0,-8.0,28.0,0.0l16.0,16.0c8.0,8.0,8.0,20.0,0.0,28.0L440.709,99.929z"" style=""fill:#3A382D;"">
  </path>
 </g>
 <circle cx=""187.109"" cy=""309.529"" r=""41.6"" style=""fill:#895B19;"">
 </circle>
 <path d=""M206.309,290.329c14.4,14.4,16.0,36.8,4.0,52.8c1.6,-1.6,4.0,-2.4,5.6,-4.0c16.0,-16.0,16.0,-42.4,0.0,-58.4s-42.4,-16.0,-58.4,0.0c-1.6,1.6,-3.2,3.2,-4.0,5.6C169.509,274.329,191.909,275.929,206.309,290.329z"" style=""fill:#6D450F;"">
 </path>
 <path d=""M152.709,409.529c-4.8,4.8,-5.6,12.0,-10.4,7.2l-62.4,-62.4c-4.8,-4.8,2.4,-5.6,7.2,-10.4l0.0,0.0c4.8,-4.8,12.8,-4.8,17.6,0.0l48.0,48.0C157.509,396.729,157.509,404.729,152.709,409.529L152.709,409.529z"" style=""fill:#442909;"">
 </path>
 <path d=""M155.909,405.529c-4.8,4.8,-5.6,12.0,-10.4,7.2l-62.4,-62.4c-4.8,-4.8,2.4,-5.6,7.2,-10.4l0.0,0.0c4.8,-4.8,12.8,-4.8,17.6,0.0l47.2,47.2C160.709,392.729,160.709,400.729,155.909,405.529L155.909,405.529z"" style=""fill:#6D450F;"">
 </path>
 <g>
  <path d=""M429.509,15.129c-2.4,2.4,-5.6,2.4,-7.2,0.0l0.0,0.0c-2.4,-2.4,-2.4,-5.6,0.0,-7.2l2.4,-2.4c2.4,-2.4,5.6,-2.4,7.2,0.0l0.0,0.0c2.4,2.4,2.4,5.6,0.0,7.2L429.509,15.129z"" style=""fill:#E87118;"">
  </path>
  <path d=""M415.109,29.529c-2.4,2.4,-5.6,2.4,-7.2,0.0l0.0,0.0c-2.4,-2.4,-2.4,-5.6,0.0,-7.2l2.4,-2.4c2.4,-1.6,5.6,-1.6,7.2,0.0l0.0,0.0c2.4,2.4,2.4,5.6,0.0,7.2L415.109,29.529z"" style=""fill:#E87118;"">
  </path>
  <path d=""M399.909,44.729c-2.4,2.4,-5.6,2.4,-7.2,0.0l0.0,0.0c-2.4,-2.4,-2.4,-5.6,0.0,-7.2l2.4,-2.4c2.4,-2.4,5.6,-2.4,7.2,0.0l0.0,0.0c2.4,2.4,2.4,5.6,0.0,7.2L399.909,44.729z"" style=""fill:#E87118;"">
  </path>
  <path d=""M488.709,74.329c-2.4,2.4,-5.6,2.4,-7.2,0.0l0.0,0.0c-2.4,-2.4,-2.4,-5.6,0.0,-7.2l2.4,-2.4c2.4,-2.4,5.6,-2.4,7.2,0.0l0.0,0.0c2.4,2.4,2.4,5.6,0.0,7.2L488.709,74.329z"" style=""fill:#E87118;"">
  </path>
  <path d=""M474.309,88.729c-2.4,2.4,-5.6,2.4,-7.2,0.0l0.0,0.0c-2.4,-2.4,-2.4,-5.6,0.0,-7.2l2.4,-2.4c2.4,-2.4,5.6,-2.4,7.2,0.0l0.0,0.0c2.4,2.4,2.4,5.6,0.0,7.2L474.309,88.729z"" style=""fill:#E87118;"">
  </path>
  <path d=""M459.909,103.929c-2.4,1.6,-5.6,1.6,-7.2,0.0l0.0,0.0c-2.4,-2.4,-2.4,-5.6,0.0,-7.2l2.4,-2.4c2.4,-2.4,5.6,-2.4,7.2,0.0l0.0,0.0c2.4,2.4,2.4,5.6,0.0,7.2L459.909,103.929z"" style=""fill:#E87118;"">
  </path>
 </g>
 <path d=""M415.909,100.729c-0.8,0.8,-1.6,0.8,-2.4,0.0l-17.6,-17.6c-0.8,-0.8,-0.8,-1.6,0.0,-2.4l0.0,0.0c0.8,-0.8,1.6,-0.8,2.4,0.0l17.6,17.6C415.909,99.129,415.909,99.929,415.909,100.729L415.909,100.729z"" style=""fill:#F29C11;"">
 </path>
 <g>
  <circle cx=""381.509"" cy=""115.129"" r=""3.2"" style=""fill:#DDD3C3;"">
  </circle>
  <circle cx=""350.309"" cy=""146.329"" r=""3.2"" style=""fill:#DDD3C3;"">
  </circle>
  <circle cx=""284.709"" cy=""211.929"" r=""3.2"" style=""fill:#DDD3C3;"">
  </circle>
  <path d=""M317.509,173.529c-1.6,1.6,-3.2,1.6,-4.8,0.0c-1.6,-1.6,-1.6,-3.2,0.0,-4.8s3.2,-1.6,4.8,0.0C319.109,170.329,319.109,172.729,317.509,173.529z"" style=""fill:#DDD3C3;"">
  </path>
  <circle cx=""324.709"" cy=""181.529"" r=""3.2"" style=""fill:#DDD3C3;"">
  </circle>
 </g>
</svg>


Question: How many knobs does the object typically have?",Four,Six,Eight,Ten,B,musical_instrument
150,"Examine the following SVG code carefully and answer the question based on your interpretation of the rendered image.

<svg id=""Layer_1"" style=""enable-background:new 0 0 488.564 488.564;"" version=""1.1"" viewbox=""0 0 488.564 488.564"" x=""0px"" xml:space=""preserve"" y=""0px"">
 <ellipse cx=""111.47"" cy=""376.952"" rx=""91.999"" ry=""127.999"" style=""fill:#E87118;"" transform=""matrix(0.7071 -0.7071 0.7071 0.7071 -233.8967 189.2282)"">
 </ellipse>
 <path d=""M275.109,221.529c-38.4,-38.4,-92.8,-47.2,-120.8,-19.2c-5.6,5.6,-9.6,12.0,-12.0,20.0c-5.6,8.0,-12.0,17.6,-20.8,25.6c-8.8,8.8,-20.8,12.0,-31.2,13.6c-6.4,0.0,-12.8,0.8,-18.4,1.6c-0.8,0.0,-1.6,0.0,-2.4,0.8c-13.6,3.2,-25.6,8.8,-36.0,19.2c-36.0,35.2,-24.8,104.8,25.6,154.4c49.6,49.6,119.2,60.8,155.2,24.8c9.6,-9.6,16.0,-22.4,19.2,-36.0c0.0,-0.8,0.0,-1.6,0.0,-1.6c0.8,-6.4,1.6,-12.0,1.6,-19.2c1.6,-10.4,4.0,-22.4,13.6,-31.2c8.0,-8.8,18.4,-14.4,26.4,-20.0c7.2,-2.4,14.4,-6.4,20.0,-12.0C323.109,314.329,314.309,259.929,275.109,221.529z"" id=""SVGCleanerId_0"" style=""fill:#F29C11;"">
 </path>
 <g>
  <path d=""M275.109,221.529c-38.4,-38.4,-92.8,-47.2,-120.8,-19.2c-5.6,5.6,-9.6,12.0,-12.0,20.0c-5.6,8.0,-12.0,17.6,-20.8,25.6c-8.8,8.8,-20.8,12.0,-31.2,13.6c-6.4,0.0,-12.8,0.8,-18.4,1.6c-0.8,0.0,-1.6,0.0,-2.4,0.8c-13.6,3.2,-25.6,8.8,-36.0,19.2c-36.0,35.2,-24.8,104.8,25.6,154.4c49.6,49.6,119.2,60.8,155.2,24.8c9.6,-9.6,16.0,-22.4,19.2,-36.0c0.0,-0.8,0.0,-1.6,0.0,-1.6c0.8,-6.4,1.6,-12.0,1.6,-19.2c1.6,-10.4,4.0,-22.4,13.6,-31.2c8.0,-8.8,18.4,-14.4,26.4,-20.0c7.2,-2.4,14.4,-6.4,20.0,-12.0C323.109,314.329,314.309,259.929,275.109,221.529z"" id=""SVGCleanerId_0_1_"" style=""fill:#F29C11;"">
  </path>
 </g>
 <path d=""M154.309,201.529c-5.6,5.6,-9.6,12.0,-12.0,20.0c-5.6,8.8,-12.0,18.4,-20.8,26.4c-8.8,8.8,-20.8,12.0,-31.2,13.6c-6.4,0.0,-12.8,0.8,-18.4,1.6c-0.8,0.0,-1.6,0.0,-2.4,0.8c-13.6,3.2,-25.6,8.8,-36.0,19.2c-16.0,16.0,-23.2,39.2,-20.8,64.8h276.0c1.6,-1.6,4.0,-3.2,5.6,-4.8c28.0,-28.0,19.2,-82.4,-20.0,-120.8C236.709,182.329,182.309,173.529,154.309,201.529z"" style=""fill:#F4B831;"">
 </path>
 <path d=""M255.109,284.729c-8.0,8.0,-20.0,-6.4,-28.0,-13.6l-1.6,-1.6c-8.0,-8.0,-21.6,-20.0,-13.6,-28.0l176.0,-162.4c8.0,-8.0,20.0,-8.0,28.0,0.0l1.6,1.6c8.0,8.0,8.0,20.0,0.0,28.0L255.109,284.729z"">
 </path>
 <path d=""M433.509,107.129c-8.0,8.0,-20.0,8.0,-28.0,0.0l-16.0,-16.0c-8.0,-8.0,-8.0,-20.0,0.0,-28.0l35.2,-35.2c8.0,-8.0,20.0,-8.0,28.0,0.0l16.0,16.0c8.0,8.0,8.0,20.0,0.0,28.0L433.509,107.129z"">
 </path>
 <g>
  <path d=""M262.309,277.529c-8.0,8.0,-20.0,-6.4,-28.0,-13.6l-1.6,-2.4c-8.0,-8.0,-21.6,-20.0,-13.6,-28.0l176.0,-162.4c8.0,-8.0,20.0,-8.0,28.0,0.0l1.6,1.6c8.0,8.0,8.0,20.0,0.0,28.0L262.309,277.529z"" style=""fill:#3A382D;"">
  </path>
  <path d=""M440.709,99.929c-8.0,8.0,-20.0,8.0,-28.0,0.0l-16.0,-16.0c-8.0,-8.0,-8.0,-20.0,0.0,-28.0l35.2,-35.2c8.0,-8.0,20.0,-8.0,28.0,0.0l16.0,16.0c8.0,8.0,8.0,20.0,0.0,28.0L440.709,99.929z"" style=""fill:#3A382D;"">
  </path>
 </g>
 <circle cx=""187.109"" cy=""309.529"" r=""41.6"" style=""fill:#895B19;"">
 </circle>
 <path d=""M206.309,290.329c14.4,14.4,16.0,36.8,4.0,52.8c1.6,-1.6,4.0,-2.4,5.6,-4.0c16.0,-16.0,16.0,-42.4,0.0,-58.4s-42.4,-16.0,-58.4,0.0c-1.6,1.6,-3.2,3.2,-4.0,5.6C169.509,274.329,191.909,275.929,206.309,290.329z"" style=""fill:#6D450F;"">
 </path>
 <path d=""M152.709,409.529c-4.8,4.8,-5.6,12.0,-10.4,7.2l-62.4,-62.4c-4.8,-4.8,2.4,-5.6,7.2,-10.4l0.0,0.0c4.8,-4.8,12.8,-4.8,17.6,0.0l48.0,48.0C157.509,396.729,157.509,404.729,152.709,409.529L152.709,409.529z"" style=""fill:#442909;"">
 </path>
 <path d=""M155.909,405.529c-4.8,4.8,-5.6,12.0,-10.4,7.2l-62.4,-62.4c-4.8,-4.8,2.4,-5.6,7.2,-10.4l0.0,0.0c4.8,-4.8,12.8,-4.8,17.6,0.0l47.2,47.2C160.709,392.729,160.709,400.729,155.909,405.529L155.909,405.529z"" style=""fill:#6D450F;"">
 </path>
 <g>
  <path d=""M429.509,15.129c-2.4,2.4,-5.6,2.4,-7.2,0.0l0.0,0.0c-2.4,-2.4,-2.4,-5.6,0.0,-7.2l2.4,-2.4c2.4,-2.4,5.6,-2.4,7.2,0.0l0.0,0.0c2.4,2.4,2.4,5.6,0.0,7.2L429.509,15.129z"" style=""fill:#E87118;"">
  </path>
  <path d=""M415.109,29.529c-2.4,2.4,-5.6,2.4,-7.2,0.0l0.0,0.0c-2.4,-2.4,-2.4,-5.6,0.0,-7.2l2.4,-2.4c2.4,-1.6,5.6,-1.6,7.2,0.0l0.0,0.0c2.4,2.4,2.4,5.6,0.0,7.2L415.109,29.529z"" style=""fill:#E87118;"">
  </path>
  <path d=""M399.909,44.729c-2.4,2.4,-5.6,2.4,-7.2,0.0l0.0,0.0c-2.4,-2.4,-2.4,-5.6,0.0,-7.2l2.4,-2.4c2.4,-2.4,5.6,-2.4,7.2,0.0l0.0,0.0c2.4,2.4,2.4,5.6,0.0,7.2L399.909,44.729z"" style=""fill:#E87118;"">
  </path>
  <path d=""M488.709,74.329c-2.4,2.4,-5.6,2.4,-7.2,0.0l0.0,0.0c-2.4,-2.4,-2.4,-5.6,0.0,-7.2l2.4,-2.4c2.4,-2.4,5.6,-2.4,7.2,0.0l0.0,0.0c2.4,2.4,2.4,5.6,0.0,7.2L488.709,74.329z"" style=""fill:#E87118;"">
  </path>
  <path d=""M474.309,88.729c-2.4,2.4,-5.6,2.4,-7.2,0.0l0.0,0.0c-2.4,-2.4,-2.4,-5.6,0.0,-7.2l2.4,-2.4c2.4,-2.4,5.6,-2.4,7.2,0.0l0.0,0.0c2.4,2.4,2.4,5.6,0.0,7.2L474.309,88.729z"" style=""fill:#E87118;"">
  </path>
  <path d=""M459.909,103.929c-2.4,1.6,-5.6,1.6,-7.2,0.0l0.0,0.0c-2.4,-2.4,-2.4,-5.6,0.0,-7.2l2.4,-2.4c2.4,-2.4,5.6,-2.4,7.2,0.0l0.0,0.0c2.4,2.4,2.4,5.6,0.0,7.2L459.909,103.929z"" style=""fill:#E87118;"">
  </path>
 </g>
 <path d=""M415.909,100.729c-0.8,0.8,-1.6,0.8,-2.4,0.0l-17.6,-17.6c-0.8,-0.8,-0.8,-1.6,0.0,-2.4l0.0,0.0c0.8,-0.8,1.6,-0.8,2.4,0.0l17.6,17.6C415.909,99.129,415.909,99.929,415.909,100.729L415.909,100.729z"" style=""fill:#F29C11;"">
 </path>
 <g>
  <circle cx=""381.509"" cy=""115.129"" r=""3.2"" style=""fill:#DDD3C3;"">
  </circle>
  <circle cx=""350.309"" cy=""146.329"" r=""3.2"" style=""fill:#DDD3C3;"">
  </circle>
  <circle cx=""284.709"" cy=""211.929"" r=""3.2"" style=""fill:#DDD3C3;"">
  </circle>
  <path d=""M317.509,173.529c-1.6,1.6,-3.2,1.6,-4.8,0.0c-1.6,-1.6,-1.6,-3.2,0.0,-4.8s3.2,-1.6,4.8,0.0C319.109,170.329,319.109,172.729,317.509,173.529z"" style=""fill:#DDD3C3;"">
  </path>
  <circle cx=""324.709"" cy=""181.529"" r=""3.2"" style=""fill:#DDD3C3;"">
  </circle>
 </g>
</svg>


Question: What shape is the sound hole of the object?",Square,Triangle,Hexagon,Circle,D,musical_instrument
151,"Examine the following SVG code carefully and answer the question based on your interpretation of the rendered image.

<svg id=""Layer_1"" style=""enable-background:new 0 0 488.564 488.564;"" version=""1.1"" viewbox=""0 0 488.564 488.564"" x=""0px"" xml:space=""preserve"" y=""0px"">
 <ellipse cx=""111.47"" cy=""376.952"" rx=""91.999"" ry=""127.999"" style=""fill:#E87118;"" transform=""matrix(0.7071 -0.7071 0.7071 0.7071 -233.8967 189.2282)"">
 </ellipse>
 <path d=""M275.109,221.529c-38.4,-38.4,-92.8,-47.2,-120.8,-19.2c-5.6,5.6,-9.6,12.0,-12.0,20.0c-5.6,8.0,-12.0,17.6,-20.8,25.6c-8.8,8.8,-20.8,12.0,-31.2,13.6c-6.4,0.0,-12.8,0.8,-18.4,1.6c-0.8,0.0,-1.6,0.0,-2.4,0.8c-13.6,3.2,-25.6,8.8,-36.0,19.2c-36.0,35.2,-24.8,104.8,25.6,154.4c49.6,49.6,119.2,60.8,155.2,24.8c9.6,-9.6,16.0,-22.4,19.2,-36.0c0.0,-0.8,0.0,-1.6,0.0,-1.6c0.8,-6.4,1.6,-12.0,1.6,-19.2c1.6,-10.4,4.0,-22.4,13.6,-31.2c8.0,-8.8,18.4,-14.4,26.4,-20.0c7.2,-2.4,14.4,-6.4,20.0,-12.0C323.109,314.329,314.309,259.929,275.109,221.529z"" id=""SVGCleanerId_0"" style=""fill:#F29C11;"">
 </path>
 <g>
  <path d=""M275.109,221.529c-38.4,-38.4,-92.8,-47.2,-120.8,-19.2c-5.6,5.6,-9.6,12.0,-12.0,20.0c-5.6,8.0,-12.0,17.6,-20.8,25.6c-8.8,8.8,-20.8,12.0,-31.2,13.6c-6.4,0.0,-12.8,0.8,-18.4,1.6c-0.8,0.0,-1.6,0.0,-2.4,0.8c-13.6,3.2,-25.6,8.8,-36.0,19.2c-36.0,35.2,-24.8,104.8,25.6,154.4c49.6,49.6,119.2,60.8,155.2,24.8c9.6,-9.6,16.0,-22.4,19.2,-36.0c0.0,-0.8,0.0,-1.6,0.0,-1.6c0.8,-6.4,1.6,-12.0,1.6,-19.2c1.6,-10.4,4.0,-22.4,13.6,-31.2c8.0,-8.8,18.4,-14.4,26.4,-20.0c7.2,-2.4,14.4,-6.4,20.0,-12.0C323.109,314.329,314.309,259.929,275.109,221.529z"" id=""SVGCleanerId_0_1_"" style=""fill:#F29C11;"">
  </path>
 </g>
 <path d=""M154.309,201.529c-5.6,5.6,-9.6,12.0,-12.0,20.0c-5.6,8.8,-12.0,18.4,-20.8,26.4c-8.8,8.8,-20.8,12.0,-31.2,13.6c-6.4,0.0,-12.8,0.8,-18.4,1.6c-0.8,0.0,-1.6,0.0,-2.4,0.8c-13.6,3.2,-25.6,8.8,-36.0,19.2c-16.0,16.0,-23.2,39.2,-20.8,64.8h276.0c1.6,-1.6,4.0,-3.2,5.6,-4.8c28.0,-28.0,19.2,-82.4,-20.0,-120.8C236.709,182.329,182.309,173.529,154.309,201.529z"" style=""fill:#F4B831;"">
 </path>
 <path d=""M255.109,284.729c-8.0,8.0,-20.0,-6.4,-28.0,-13.6l-1.6,-1.6c-8.0,-8.0,-21.6,-20.0,-13.6,-28.0l176.0,-162.4c8.0,-8.0,20.0,-8.0,28.0,0.0l1.6,1.6c8.0,8.0,8.0,20.0,0.0,28.0L255.109,284.729z"">
 </path>
 <path d=""M433.509,107.129c-8.0,8.0,-20.0,8.0,-28.0,0.0l-16.0,-16.0c-8.0,-8.0,-8.0,-20.0,0.0,-28.0l35.2,-35.2c8.0,-8.0,20.0,-8.0,28.0,0.0l16.0,16.0c8.0,8.0,8.0,20.0,0.0,28.0L433.509,107.129z"">
 </path>
 <g>
  <path d=""M262.309,277.529c-8.0,8.0,-20.0,-6.4,-28.0,-13.6l-1.6,-2.4c-8.0,-8.0,-21.6,-20.0,-13.6,-28.0l176.0,-162.4c8.0,-8.0,20.0,-8.0,28.0,0.0l1.6,1.6c8.0,8.0,8.0,20.0,0.0,28.0L262.309,277.529z"" style=""fill:#3A382D;"">
  </path>
  <path d=""M440.709,99.929c-8.0,8.0,-20.0,8.0,-28.0,0.0l-16.0,-16.0c-8.0,-8.0,-8.0,-20.0,0.0,-28.0l35.2,-35.2c8.0,-8.0,20.0,-8.0,28.0,0.0l16.0,16.0c8.0,8.0,8.0,20.0,0.0,28.0L440.709,99.929z"" style=""fill:#3A382D;"">
  </path>
 </g>
 <circle cx=""187.109"" cy=""309.529"" r=""41.6"" style=""fill:#895B19;"">
 </circle>
 <path d=""M206.309,290.329c14.4,14.4,16.0,36.8,4.0,52.8c1.6,-1.6,4.0,-2.4,5.6,-4.0c16.0,-16.0,16.0,-42.4,0.0,-58.4s-42.4,-16.0,-58.4,0.0c-1.6,1.6,-3.2,3.2,-4.0,5.6C169.509,274.329,191.909,275.929,206.309,290.329z"" style=""fill:#6D450F;"">
 </path>
 <path d=""M152.709,409.529c-4.8,4.8,-5.6,12.0,-10.4,7.2l-62.4,-62.4c-4.8,-4.8,2.4,-5.6,7.2,-10.4l0.0,0.0c4.8,-4.8,12.8,-4.8,17.6,0.0l48.0,48.0C157.509,396.729,157.509,404.729,152.709,409.529L152.709,409.529z"" style=""fill:#442909;"">
 </path>
 <path d=""M155.909,405.529c-4.8,4.8,-5.6,12.0,-10.4,7.2l-62.4,-62.4c-4.8,-4.8,2.4,-5.6,7.2,-10.4l0.0,0.0c4.8,-4.8,12.8,-4.8,17.6,0.0l47.2,47.2C160.709,392.729,160.709,400.729,155.909,405.529L155.909,405.529z"" style=""fill:#6D450F;"">
 </path>
 <g>
  <path d=""M429.509,15.129c-2.4,2.4,-5.6,2.4,-7.2,0.0l0.0,0.0c-2.4,-2.4,-2.4,-5.6,0.0,-7.2l2.4,-2.4c2.4,-2.4,5.6,-2.4,7.2,0.0l0.0,0.0c2.4,2.4,2.4,5.6,0.0,7.2L429.509,15.129z"" style=""fill:#E87118;"">
  </path>
  <path d=""M415.109,29.529c-2.4,2.4,-5.6,2.4,-7.2,0.0l0.0,0.0c-2.4,-2.4,-2.4,-5.6,0.0,-7.2l2.4,-2.4c2.4,-1.6,5.6,-1.6,7.2,0.0l0.0,0.0c2.4,2.4,2.4,5.6,0.0,7.2L415.109,29.529z"" style=""fill:#E87118;"">
  </path>
  <path d=""M399.909,44.729c-2.4,2.4,-5.6,2.4,-7.2,0.0l0.0,0.0c-2.4,-2.4,-2.4,-5.6,0.0,-7.2l2.4,-2.4c2.4,-2.4,5.6,-2.4,7.2,0.0l0.0,0.0c2.4,2.4,2.4,5.6,0.0,7.2L399.909,44.729z"" style=""fill:#E87118;"">
  </path>
  <path d=""M488.709,74.329c-2.4,2.4,-5.6,2.4,-7.2,0.0l0.0,0.0c-2.4,-2.4,-2.4,-5.6,0.0,-7.2l2.4,-2.4c2.4,-2.4,5.6,-2.4,7.2,0.0l0.0,0.0c2.4,2.4,2.4,5.6,0.0,7.2L488.709,74.329z"" style=""fill:#E87118;"">
  </path>
  <path d=""M474.309,88.729c-2.4,2.4,-5.6,2.4,-7.2,0.0l0.0,0.0c-2.4,-2.4,-2.4,-5.6,0.0,-7.2l2.4,-2.4c2.4,-2.4,5.6,-2.4,7.2,0.0l0.0,0.0c2.4,2.4,2.4,5.6,0.0,7.2L474.309,88.729z"" style=""fill:#E87118;"">
  </path>
  <path d=""M459.909,103.929c-2.4,1.6,-5.6,1.6,-7.2,0.0l0.0,0.0c-2.4,-2.4,-2.4,-5.6,0.0,-7.2l2.4,-2.4c2.4,-2.4,5.6,-2.4,7.2,0.0l0.0,0.0c2.4,2.4,2.4,5.6,0.0,7.2L459.909,103.929z"" style=""fill:#E87118;"">
  </path>
 </g>
 <path d=""M415.909,100.729c-0.8,0.8,-1.6,0.8,-2.4,0.0l-17.6,-17.6c-0.8,-0.8,-0.8,-1.6,0.0,-2.4l0.0,0.0c0.8,-0.8,1.6,-0.8,2.4,0.0l17.6,17.6C415.909,99.129,415.909,99.929,415.909,100.729L415.909,100.729z"" style=""fill:#F29C11;"">
 </path>
 <g>
  <circle cx=""381.509"" cy=""115.129"" r=""3.2"" style=""fill:#DDD3C3;"">
  </circle>
  <circle cx=""350.309"" cy=""146.329"" r=""3.2"" style=""fill:#DDD3C3;"">
  </circle>
  <circle cx=""284.709"" cy=""211.929"" r=""3.2"" style=""fill:#DDD3C3;"">
  </circle>
  <path d=""M317.509,173.529c-1.6,1.6,-3.2,1.6,-4.8,0.0c-1.6,-1.6,-1.6,-3.2,0.0,-4.8s3.2,-1.6,4.8,0.0C319.109,170.329,319.109,172.729,317.509,173.529z"" style=""fill:#DDD3C3;"">
  </path>
  <circle cx=""324.709"" cy=""181.529"" r=""3.2"" style=""fill:#DDD3C3;"">
  </circle>
 </g>
</svg>


Question: What is the object in the image?",Violin,Piano,Drum,Guitar,D,musical_instrument
156,"Examine the following SVG code carefully and answer the question based on your interpretation of the rendered image.

<svg id=""Capa_1"" style=""enable-background:new 0 0 266.204 266.204;"" version=""1.1"" viewbox=""0 0 266.204 266.204"" x=""0px"" xml:space=""preserve"" y=""0px"">
 <g>
  <path d=""M260.866,125.509H240.412c-4.084,-16.529,-19.033,-28.825,-36.806,-28.825H70.974L12.245,75.142c-2.299,-0.844,-4.868,-0.511,-6.876,0.893C3.359,77.438,2.162,79.734,2.162,82.184v44.0c0.0,2.45,1.197,4.746,3.206,6.149c1.276,0.892,2.779,1.351,4.294,1.351c0.87,0.0,1.744,-0.151,2.582,-0.458l58.729,-21.542h132.632c9.407,0.0,17.504,5.699,21.03,13.825H75.306c-12.959,0.0,-23.503,10.543,-23.503,23.503s10.543,23.503,23.503,23.503h48.485v14.932c0.0,4.142,3.358,7.5,7.5,7.5s7.5,-3.358,7.5,-7.5v-14.932h5.54v14.932c0.0,4.142,3.358,7.5,7.5,7.5s7.5,-3.358,7.5,-7.5v-14.932h5.54v14.932c0.0,4.142,3.358,7.5,7.5,7.5s7.5,-3.358,7.5,-7.5v-14.932h23.735c18.896,0.0,34.605,-13.896,37.452,-32.006h19.809c4.142,0.0,7.5,-3.358,7.5,-7.5C268.366,128.866,265.008,125.509,260.866,125.509zM17.162,115.444V92.924l30.7,11.26L17.162,115.444zM75.306,157.514c-4.688,0.0,-8.503,-3.814,-8.503,-8.503s3.814,-8.503,8.503,-8.503h48.485v17.006H75.306zM138.791,157.514v-17.006h5.54v17.006H138.791zM159.331,157.514v-17.006h5.54v17.006H159.331zM203.606,157.514h-23.735v-17.006h45.873C223.131,150.289,214.198,157.514,203.606,157.514z"">
  </path>
 </g>
</svg>


Question: What shape is at the left end of the object?",Circle,Triangle,Square,Hexagon,B,musical_instrument
157,"Examine the following SVG code carefully and answer the question based on your interpretation of the rendered image.

<svg id=""Capa_1"" style=""enable-background:new 0 0 266.204 266.204;"" version=""1.1"" viewbox=""0 0 266.204 266.204"" x=""0px"" xml:space=""preserve"" y=""0px"">
 <g>
  <path d=""M260.866,125.509H240.412c-4.084,-16.529,-19.033,-28.825,-36.806,-28.825H70.974L12.245,75.142c-2.299,-0.844,-4.868,-0.511,-6.876,0.893C3.359,77.438,2.162,79.734,2.162,82.184v44.0c0.0,2.45,1.197,4.746,3.206,6.149c1.276,0.892,2.779,1.351,4.294,1.351c0.87,0.0,1.744,-0.151,2.582,-0.458l58.729,-21.542h132.632c9.407,0.0,17.504,5.699,21.03,13.825H75.306c-12.959,0.0,-23.503,10.543,-23.503,23.503s10.543,23.503,23.503,23.503h48.485v14.932c0.0,4.142,3.358,7.5,7.5,7.5s7.5,-3.358,7.5,-7.5v-14.932h5.54v14.932c0.0,4.142,3.358,7.5,7.5,7.5s7.5,-3.358,7.5,-7.5v-14.932h5.54v14.932c0.0,4.142,3.358,7.5,7.5,7.5s7.5,-3.358,7.5,-7.5v-14.932h23.735c18.896,0.0,34.605,-13.896,37.452,-32.006h19.809c4.142,0.0,7.5,-3.358,7.5,-7.5C268.366,128.866,265.008,125.509,260.866,125.509zM17.162,115.444V92.924l30.7,11.26L17.162,115.444zM75.306,157.514c-4.688,0.0,-8.503,-3.814,-8.503,-8.503s3.814,-8.503,8.503,-8.503h48.485v17.006H75.306zM138.791,157.514v-17.006h5.54v17.006H138.791zM159.331,157.514v-17.006h5.54v17.006H159.331zM203.606,157.514h-23.735v-17.006h45.873C223.131,150.289,214.198,157.514,203.606,157.514z"">
  </path>
 </g>
</svg>


Question: How many vertical lines are present in the middle section of the object?",One,Two,Three,Four,C,musical_instrument
158,"Examine the following SVG code carefully and answer the question based on your interpretation of the rendered image.

<svg id=""Capa_1"" style=""enable-background:new 0 0 266.204 266.204;"" version=""1.1"" viewbox=""0 0 266.204 266.204"" x=""0px"" xml:space=""preserve"" y=""0px"">
 <g>
  <path d=""M260.866,125.509H240.412c-4.084,-16.529,-19.033,-28.825,-36.806,-28.825H70.974L12.245,75.142c-2.299,-0.844,-4.868,-0.511,-6.876,0.893C3.359,77.438,2.162,79.734,2.162,82.184v44.0c0.0,2.45,1.197,4.746,3.206,6.149c1.276,0.892,2.779,1.351,4.294,1.351c0.87,0.0,1.744,-0.151,2.582,-0.458l58.729,-21.542h132.632c9.407,0.0,17.504,5.699,21.03,13.825H75.306c-12.959,0.0,-23.503,10.543,-23.503,23.503s10.543,23.503,23.503,23.503h48.485v14.932c0.0,4.142,3.358,7.5,7.5,7.5s7.5,-3.358,7.5,-7.5v-14.932h5.54v14.932c0.0,4.142,3.358,7.5,7.5,7.5s7.5,-3.358,7.5,-7.5v-14.932h5.54v14.932c0.0,4.142,3.358,7.5,7.5,7.5s7.5,-3.358,7.5,-7.5v-14.932h23.735c18.896,0.0,34.605,-13.896,37.452,-32.006h19.809c4.142,0.0,7.5,-3.358,7.5,-7.5C268.366,128.866,265.008,125.509,260.866,125.509zM17.162,115.444V92.924l30.7,11.26L17.162,115.444zM75.306,157.514c-4.688,0.0,-8.503,-3.814,-8.503,-8.503s3.814,-8.503,8.503,-8.503h48.485v17.006H75.306zM138.791,157.514v-17.006h5.54v17.006H138.791zM159.331,157.514v-17.006h5.54v17.006H159.331zM203.606,157.514h-23.735v-17.006h45.873C223.131,150.289,214.198,157.514,203.606,157.514z"">
  </path>
 </g>
</svg>


Question: What is the shape of the object at the right end?",Rounded,Triangle,Square,Rectangle,A,musical_instrument
159,"Examine the following SVG code carefully and answer the question based on your interpretation of the rendered image.

<svg id=""Capa_1"" style=""enable-background:new 0 0 266.204 266.204;"" version=""1.1"" viewbox=""0 0 266.204 266.204"" x=""0px"" xml:space=""preserve"" y=""0px"">
 <g>
  <path d=""M260.866,125.509H240.412c-4.084,-16.529,-19.033,-28.825,-36.806,-28.825H70.974L12.245,75.142c-2.299,-0.844,-4.868,-0.511,-6.876,0.893C3.359,77.438,2.162,79.734,2.162,82.184v44.0c0.0,2.45,1.197,4.746,3.206,6.149c1.276,0.892,2.779,1.351,4.294,1.351c0.87,0.0,1.744,-0.151,2.582,-0.458l58.729,-21.542h132.632c9.407,0.0,17.504,5.699,21.03,13.825H75.306c-12.959,0.0,-23.503,10.543,-23.503,23.503s10.543,23.503,23.503,23.503h48.485v14.932c0.0,4.142,3.358,7.5,7.5,7.5s7.5,-3.358,7.5,-7.5v-14.932h5.54v14.932c0.0,4.142,3.358,7.5,7.5,7.5s7.5,-3.358,7.5,-7.5v-14.932h5.54v14.932c0.0,4.142,3.358,7.5,7.5,7.5s7.5,-3.358,7.5,-7.5v-14.932h23.735c18.896,0.0,34.605,-13.896,37.452,-32.006h19.809c4.142,0.0,7.5,-3.358,7.5,-7.5C268.366,128.866,265.008,125.509,260.866,125.509zM17.162,115.444V92.924l30.7,11.26L17.162,115.444zM75.306,157.514c-4.688,0.0,-8.503,-3.814,-8.503,-8.503s3.814,-8.503,8.503,-8.503h48.485v17.006H75.306zM138.791,157.514v-17.006h5.54v17.006H138.791zM159.331,157.514v-17.006h5.54v17.006H159.331zM203.606,157.514h-23.735v-17.006h45.873C223.131,150.289,214.198,157.514,203.606,157.514z"">
  </path>
 </g>
</svg>


Question: What is the object in the image?",Trumpet,Guitar,Violin,Drum,A,musical_instrument
176,"Examine the following SVG code carefully and answer the question based on your interpretation of the rendered image.

<svg id=""Layer_1"" style=""enable-background:new 0 0 485.6 485.6;"" version=""1.1"" viewbox=""0 0 485.6 485.6"" x=""0px"" xml:space=""preserve"" y=""0px"">
 <path d=""M144.279,85.918c0.8,0.0,1.6,0.0,2.4,0.0l274.4,8.0c9.6,0.0,16.8,-7.2,16.8,-16.8s-7.2,-16.8,-16.8,-16.8l-274.4,8.0c-0.8,0.0,-1.6,0.0,-2.4,0.0c-3.2,-5.6,-10.4,-9.6,-18.4,-9.6c-11.2,0.0,-27.2,8.0,-27.2,18.4S113.879,95.518,125.879,95.518C133.879,95.518,141.079,92.318,144.279,85.918z"" style=""fill:#6B7C7B;"">
 </path>
 <path d=""M437.879,77.118c0.0,-9.6,-7.2,-16.8,-16.8,-16.8l-274.4,8.0c-0.8,0.0,-1.6,0.0,-2.4,0.0c-3.2,-5.6,-10.4,-9.6,-18.4,-9.6c-11.2,0.0,-27.2,8.0,-27.2,18.4l0.0,0.0L437.879,77.118C437.879,77.918,437.879,77.118,437.879,77.118z"" style=""fill:#738482;"">
 </path>
 <path d=""M441.079,455.518c0.0,17.6,-14.4,32.0,-32.0,32.0H85.879c-17.6,0.0,-32.0,-14.4,-32.0,-32.0V149.918c0.0,-17.6,14.4,-32.0,32.0,-32.0h324.0c17.6,0.0,32.0,14.4,32.0,32.0V455.518H441.079z"" style=""fill:#2298D3;"">
 </path>
 <path d=""M53.879,149.918c0.0,-17.6,14.4,-32.0,32.0,-32.0h324.0c17.6,0.0,32.0,14.4,32.0,32.0V455.518c0.0,17.6,-14.4,32.0,-32.0,32.0"" style=""fill:#248BD1;"">
 </path>
 <path d=""M441.079,455.518V149.918c0.0,-17.6,-14.4,-32.0,-32.0,-32.0h-88.0L199.479,241.118L433.879,475.518C438.679,469.918,441.079,462.718,441.079,455.518z"" style=""fill:#2576CE;"">
 </path>
 <path d=""M459.479,129.118c0.0,8.0,-6.4,13.6,-13.6,13.6H49.079c-8.0,0.0,-13.6,-6.4,-13.6,-13.6l0.0,0.0c0.0,-8.0,6.4,-13.6,13.6,-13.6h396.0C453.079,115.518,459.479,121.918,459.479,129.118L459.479,129.118z"" style=""fill:#FFAC1A;"">
 </path>
 <g>
  <path d=""M296.279,143.518h148.8c8.0,0.0,13.6,-6.4,13.6,-13.6c0.0,-8.0,-6.4,-13.6,-13.6,-13.6H324.279L296.279,143.518z"" style=""fill:#FF7A17;"">
  </path>
  <path d=""M459.479,129.118L459.479,129.118c0.0,8.0,-6.4,13.6,-13.6,13.6H49.079c-8.0,0.0,-13.6,-6.4,-13.6,-13.6l0.0,0.0"" style=""fill:#FF7A17;"">
  </path>
 </g>
 <path d=""M310.679,129.118l-13.6,13.6h148.8c8.0,0.0,13.6,-6.4,13.6,-13.6H310.679z"" style=""fill:#E0620B;"">
 </path>
 <path d=""M459.479,475.518c0.0,8.0,-6.4,13.6,-13.6,13.6H49.079c-8.0,0.0,-13.6,-6.4,-13.6,-13.6l0.0,0.0c0.0,-8.0,6.4,-13.6,13.6,-13.6h396.0C453.079,461.918,459.479,468.318,459.479,475.518L459.479,475.518z"" style=""fill:#FFAC1A;"">
 </path>
 <path d=""M35.479,475.518L35.479,475.518c0.0,-8.0,6.4,-13.6,13.6,-13.6h396.0c8.0,0.0,13.6,6.4,13.6,13.6l0.0,0.0"" style=""fill:#FF7A17;"">
 </path>
 <rect height=""151.2"" style=""fill:#1AA9E2;"" width=""387.2"" x=""53.879"" y=""226.718"">
 </rect>
 <polygon points=""294.679,377.918 441.079,377.918 441.079,226.718 134.679,226.718"" style=""fill:#2298D3;"">
 </polygon>
 <polygon points=""199.479,241.118 336.279,377.918 441.079,377.918 441.079,226.718 213.079,226.718"" style=""fill:#1586CC;"">
 </polygon>
 <g>
  <path d=""M106.679,466.718c0.0,1.6,-1.6,3.2,-3.2,3.2l0.0,0.0c-1.6,0.0,-3.2,-1.6,-3.2,-3.2V141.918c0.0,-1.6,1.6,-3.2,3.2,-3.2l0.0,0.0c1.6,0.0,3.2,1.6,3.2,3.2V466.718z"" style=""fill:#C1BA9A;"">
  </path>
  <path d=""M189.079,466.718c0.0,1.6,-1.6,3.2,-3.2,3.2l0.0,0.0c-1.6,0.0,-3.2,-1.6,-3.2,-3.2V141.918c0.0,-1.6,1.6,-3.2,3.2,-3.2l0.0,0.0c1.6,0.0,3.2,1.6,3.2,3.2V466.718z"" style=""fill:#C1BA9A;"">
  </path>
  <path d=""M272.279,466.718c0.0,1.6,-1.6,3.2,-3.2,3.2l0.0,0.0c-1.6,0.0,-3.2,-1.6,-3.2,-3.2V141.918c0.0,-1.6,1.6,-3.2,3.2,-3.2l0.0,0.0c1.6,0.0,3.2,1.6,3.2,3.2V466.718z"" style=""fill:#C1BA9A;"">
  </path>
  <path d=""M355.479,466.718c0.0,1.6,-1.6,3.2,-3.2,3.2l0.0,0.0c-1.6,0.0,-3.2,-1.6,-3.2,-3.2V141.918c0.0,-1.6,1.6,-3.2,3.2,-3.2l0.0,0.0c1.6,0.0,3.2,1.6,3.2,3.2V466.718z"" style=""fill:#C1BA9A;"">
  </path>
  <path d=""M437.879,466.718c0.0,1.6,-1.6,3.2,-3.2,3.2l0.0,0.0c-1.6,0.0,-3.2,-1.6,-3.2,-3.2V141.918c0.0,-1.6,1.6,-3.2,3.2,-3.2l0.0,0.0c1.6,0.0,3.2,1.6,3.2,3.2V466.718z"" style=""fill:#C1BA9A;"">
  </path>
 </g>
 <g>
  <circle cx=""81.879"" cy=""206.718"" r=""5.6"" style=""fill:#FFAC1A;"">
  </circle>
  <circle cx=""123.479"" cy=""206.718"" r=""5.6"" style=""fill:#FFAC1A;"">
  </circle>
  <circle cx=""165.079"" cy=""206.718"" r=""5.6"" style=""fill:#FFAC1A;"">
  </circle>
  <circle cx=""205.879"" cy=""206.718"" r=""5.6"" style=""fill:#FFAC1A;"">
  </circle>
  <circle cx=""247.479"" cy=""206.718"" r=""5.6"" style=""fill:#FFAC1A;"">
  </circle>
  <circle cx=""289.079"" cy=""206.718"" r=""5.6"" style=""fill:#FFAC1A;"">
  </circle>
  <circle cx=""329.879"" cy=""206.718"" r=""5.6"" style=""fill:#FFAC1A;"">
  </circle>
  <circle cx=""371.479"" cy=""206.718"" r=""5.6"" style=""fill:#FFAC1A;"">
  </circle>
  <circle cx=""413.079"" cy=""206.718"" r=""5.6"" style=""fill:#FFAC1A;"">
  </circle>
  <circle cx=""81.879"" cy=""398.718"" r=""5.6"" style=""fill:#FFAC1A;"">
  </circle>
  <circle cx=""123.479"" cy=""398.718"" r=""5.6"" style=""fill:#FFAC1A;"">
  </circle>
  <circle cx=""165.079"" cy=""398.718"" r=""5.6"" style=""fill:#FFAC1A;"">
  </circle>
  <circle cx=""205.879"" cy=""398.718"" r=""5.6"" style=""fill:#FFAC1A;"">
  </circle>
  <circle cx=""247.479"" cy=""398.718"" r=""5.6"" style=""fill:#FFAC1A;"">
  </circle>
  <circle cx=""289.079"" cy=""398.718"" r=""5.6"" style=""fill:#FFAC1A;"">
  </circle>
  <circle cx=""329.879"" cy=""398.718"" r=""5.6"" style=""fill:#FFAC1A;"">
  </circle>
  <circle cx=""371.479"" cy=""398.718"" r=""5.6"" style=""fill:#FFAC1A;"">
  </circle>
  <circle cx=""413.079"" cy=""398.718"" r=""5.6"" style=""fill:#FFAC1A;"">
  </circle>
 </g>
 <path d=""M217.879,222.718c0.8,-0.8,0.8,-0.8,1.6,-1.6l200.0,-188.8c6.4,-6.4,6.4,-17.6,0.0,-24.0s-17.6,-6.4,-24.0,0.0L206.679,208.318c-0.8,0.8,-0.8,0.8,-1.6,1.6c-6.4,-1.6,-14.4,0.8,-19.2,6.4c-8.0,8.0,-13.6,24.8,-6.4,32.0c7.2,7.2,24.0,2.4,32.0,-6.4C217.079,237.118,219.479,229.118,217.879,222.718z"" style=""fill:#A4C1BC;"">
 </path>
 <path d=""M419.479,8.318c-6.4,-6.4,-17.6,-6.4,-24.0,0.0L206.679,208.318c-0.8,0.8,-0.8,0.8,-1.6,1.6c-6.4,-1.6,-14.4,0.8,-19.2,6.4c-8.0,8.0,-13.6,24.8,-6.4,32.0l0.0,0.0L419.479,8.318C419.479,9.118,419.479,8.318,419.479,8.318z"" style=""fill:#B6CECB;"">
 </path>
</svg>


Question: What is the primary color of the object?",Red,Blue,Green,Yellow,B,musical_instrument
177,"Examine the following SVG code carefully and answer the question based on your interpretation of the rendered image.

<svg id=""Layer_1"" style=""enable-background:new 0 0 485.6 485.6;"" version=""1.1"" viewbox=""0 0 485.6 485.6"" x=""0px"" xml:space=""preserve"" y=""0px"">
 <path d=""M144.279,85.918c0.8,0.0,1.6,0.0,2.4,0.0l274.4,8.0c9.6,0.0,16.8,-7.2,16.8,-16.8s-7.2,-16.8,-16.8,-16.8l-274.4,8.0c-0.8,0.0,-1.6,0.0,-2.4,0.0c-3.2,-5.6,-10.4,-9.6,-18.4,-9.6c-11.2,0.0,-27.2,8.0,-27.2,18.4S113.879,95.518,125.879,95.518C133.879,95.518,141.079,92.318,144.279,85.918z"" style=""fill:#6B7C7B;"">
 </path>
 <path d=""M437.879,77.118c0.0,-9.6,-7.2,-16.8,-16.8,-16.8l-274.4,8.0c-0.8,0.0,-1.6,0.0,-2.4,0.0c-3.2,-5.6,-10.4,-9.6,-18.4,-9.6c-11.2,0.0,-27.2,8.0,-27.2,18.4l0.0,0.0L437.879,77.118C437.879,77.918,437.879,77.118,437.879,77.118z"" style=""fill:#738482;"">
 </path>
 <path d=""M441.079,455.518c0.0,17.6,-14.4,32.0,-32.0,32.0H85.879c-17.6,0.0,-32.0,-14.4,-32.0,-32.0V149.918c0.0,-17.6,14.4,-32.0,32.0,-32.0h324.0c17.6,0.0,32.0,14.4,32.0,32.0V455.518H441.079z"" style=""fill:#2298D3;"">
 </path>
 <path d=""M53.879,149.918c0.0,-17.6,14.4,-32.0,32.0,-32.0h324.0c17.6,0.0,32.0,14.4,32.0,32.0V455.518c0.0,17.6,-14.4,32.0,-32.0,32.0"" style=""fill:#248BD1;"">
 </path>
 <path d=""M441.079,455.518V149.918c0.0,-17.6,-14.4,-32.0,-32.0,-32.0h-88.0L199.479,241.118L433.879,475.518C438.679,469.918,441.079,462.718,441.079,455.518z"" style=""fill:#2576CE;"">
 </path>
 <path d=""M459.479,129.118c0.0,8.0,-6.4,13.6,-13.6,13.6H49.079c-8.0,0.0,-13.6,-6.4,-13.6,-13.6l0.0,0.0c0.0,-8.0,6.4,-13.6,13.6,-13.6h396.0C453.079,115.518,459.479,121.918,459.479,129.118L459.479,129.118z"" style=""fill:#FFAC1A;"">
 </path>
 <g>
  <path d=""M296.279,143.518h148.8c8.0,0.0,13.6,-6.4,13.6,-13.6c0.0,-8.0,-6.4,-13.6,-13.6,-13.6H324.279L296.279,143.518z"" style=""fill:#FF7A17;"">
  </path>
  <path d=""M459.479,129.118L459.479,129.118c0.0,8.0,-6.4,13.6,-13.6,13.6H49.079c-8.0,0.0,-13.6,-6.4,-13.6,-13.6l0.0,0.0"" style=""fill:#FF7A17;"">
  </path>
 </g>
 <path d=""M310.679,129.118l-13.6,13.6h148.8c8.0,0.0,13.6,-6.4,13.6,-13.6H310.679z"" style=""fill:#E0620B;"">
 </path>
 <path d=""M459.479,475.518c0.0,8.0,-6.4,13.6,-13.6,13.6H49.079c-8.0,0.0,-13.6,-6.4,-13.6,-13.6l0.0,0.0c0.0,-8.0,6.4,-13.6,13.6,-13.6h396.0C453.079,461.918,459.479,468.318,459.479,475.518L459.479,475.518z"" style=""fill:#FFAC1A;"">
 </path>
 <path d=""M35.479,475.518L35.479,475.518c0.0,-8.0,6.4,-13.6,13.6,-13.6h396.0c8.0,0.0,13.6,6.4,13.6,13.6l0.0,0.0"" style=""fill:#FF7A17;"">
 </path>
 <rect height=""151.2"" style=""fill:#1AA9E2;"" width=""387.2"" x=""53.879"" y=""226.718"">
 </rect>
 <polygon points=""294.679,377.918 441.079,377.918 441.079,226.718 134.679,226.718"" style=""fill:#2298D3;"">
 </polygon>
 <polygon points=""199.479,241.118 336.279,377.918 441.079,377.918 441.079,226.718 213.079,226.718"" style=""fill:#1586CC;"">
 </polygon>
 <g>
  <path d=""M106.679,466.718c0.0,1.6,-1.6,3.2,-3.2,3.2l0.0,0.0c-1.6,0.0,-3.2,-1.6,-3.2,-3.2V141.918c0.0,-1.6,1.6,-3.2,3.2,-3.2l0.0,0.0c1.6,0.0,3.2,1.6,3.2,3.2V466.718z"" style=""fill:#C1BA9A;"">
  </path>
  <path d=""M189.079,466.718c0.0,1.6,-1.6,3.2,-3.2,3.2l0.0,0.0c-1.6,0.0,-3.2,-1.6,-3.2,-3.2V141.918c0.0,-1.6,1.6,-3.2,3.2,-3.2l0.0,0.0c1.6,0.0,3.2,1.6,3.2,3.2V466.718z"" style=""fill:#C1BA9A;"">
  </path>
  <path d=""M272.279,466.718c0.0,1.6,-1.6,3.2,-3.2,3.2l0.0,0.0c-1.6,0.0,-3.2,-1.6,-3.2,-3.2V141.918c0.0,-1.6,1.6,-3.2,3.2,-3.2l0.0,0.0c1.6,0.0,3.2,1.6,3.2,3.2V466.718z"" style=""fill:#C1BA9A;"">
  </path>
  <path d=""M355.479,466.718c0.0,1.6,-1.6,3.2,-3.2,3.2l0.0,0.0c-1.6,0.0,-3.2,-1.6,-3.2,-3.2V141.918c0.0,-1.6,1.6,-3.2,3.2,-3.2l0.0,0.0c1.6,0.0,3.2,1.6,3.2,3.2V466.718z"" style=""fill:#C1BA9A;"">
  </path>
  <path d=""M437.879,466.718c0.0,1.6,-1.6,3.2,-3.2,3.2l0.0,0.0c-1.6,0.0,-3.2,-1.6,-3.2,-3.2V141.918c0.0,-1.6,1.6,-3.2,3.2,-3.2l0.0,0.0c1.6,0.0,3.2,1.6,3.2,3.2V466.718z"" style=""fill:#C1BA9A;"">
  </path>
 </g>
 <g>
  <circle cx=""81.879"" cy=""206.718"" r=""5.6"" style=""fill:#FFAC1A;"">
  </circle>
  <circle cx=""123.479"" cy=""206.718"" r=""5.6"" style=""fill:#FFAC1A;"">
  </circle>
  <circle cx=""165.079"" cy=""206.718"" r=""5.6"" style=""fill:#FFAC1A;"">
  </circle>
  <circle cx=""205.879"" cy=""206.718"" r=""5.6"" style=""fill:#FFAC1A;"">
  </circle>
  <circle cx=""247.479"" cy=""206.718"" r=""5.6"" style=""fill:#FFAC1A;"">
  </circle>
  <circle cx=""289.079"" cy=""206.718"" r=""5.6"" style=""fill:#FFAC1A;"">
  </circle>
  <circle cx=""329.879"" cy=""206.718"" r=""5.6"" style=""fill:#FFAC1A;"">
  </circle>
  <circle cx=""371.479"" cy=""206.718"" r=""5.6"" style=""fill:#FFAC1A;"">
  </circle>
  <circle cx=""413.079"" cy=""206.718"" r=""5.6"" style=""fill:#FFAC1A;"">
  </circle>
  <circle cx=""81.879"" cy=""398.718"" r=""5.6"" style=""fill:#FFAC1A;"">
  </circle>
  <circle cx=""123.479"" cy=""398.718"" r=""5.6"" style=""fill:#FFAC1A;"">
  </circle>
  <circle cx=""165.079"" cy=""398.718"" r=""5.6"" style=""fill:#FFAC1A;"">
  </circle>
  <circle cx=""205.879"" cy=""398.718"" r=""5.6"" style=""fill:#FFAC1A;"">
  </circle>
  <circle cx=""247.479"" cy=""398.718"" r=""5.6"" style=""fill:#FFAC1A;"">
  </circle>
  <circle cx=""289.079"" cy=""398.718"" r=""5.6"" style=""fill:#FFAC1A;"">
  </circle>
  <circle cx=""329.879"" cy=""398.718"" r=""5.6"" style=""fill:#FFAC1A;"">
  </circle>
  <circle cx=""371.479"" cy=""398.718"" r=""5.6"" style=""fill:#FFAC1A;"">
  </circle>
  <circle cx=""413.079"" cy=""398.718"" r=""5.6"" style=""fill:#FFAC1A;"">
  </circle>
 </g>
 <path d=""M217.879,222.718c0.8,-0.8,0.8,-0.8,1.6,-1.6l200.0,-188.8c6.4,-6.4,6.4,-17.6,0.0,-24.0s-17.6,-6.4,-24.0,0.0L206.679,208.318c-0.8,0.8,-0.8,0.8,-1.6,1.6c-6.4,-1.6,-14.4,0.8,-19.2,6.4c-8.0,8.0,-13.6,24.8,-6.4,32.0c7.2,7.2,24.0,2.4,32.0,-6.4C217.079,237.118,219.479,229.118,217.879,222.718z"" style=""fill:#A4C1BC;"">
 </path>
 <path d=""M419.479,8.318c-6.4,-6.4,-17.6,-6.4,-24.0,0.0L206.679,208.318c-0.8,0.8,-0.8,0.8,-1.6,1.6c-6.4,-1.6,-14.4,0.8,-19.2,6.4c-8.0,8.0,-13.6,24.8,-6.4,32.0l0.0,0.0L419.479,8.318C419.479,9.118,419.479,8.318,419.479,8.318z"" style=""fill:#B6CECB;"">
 </path>
</svg>


Question: How many drumsticks are shown in the image?",One,Two,Three,Four,B,musical_instrument
178,"Examine the following SVG code carefully and answer the question based on your interpretation of the rendered image.

<svg id=""Layer_1"" style=""enable-background:new 0 0 485.6 485.6;"" version=""1.1"" viewbox=""0 0 485.6 485.6"" x=""0px"" xml:space=""preserve"" y=""0px"">
 <path d=""M144.279,85.918c0.8,0.0,1.6,0.0,2.4,0.0l274.4,8.0c9.6,0.0,16.8,-7.2,16.8,-16.8s-7.2,-16.8,-16.8,-16.8l-274.4,8.0c-0.8,0.0,-1.6,0.0,-2.4,0.0c-3.2,-5.6,-10.4,-9.6,-18.4,-9.6c-11.2,0.0,-27.2,8.0,-27.2,18.4S113.879,95.518,125.879,95.518C133.879,95.518,141.079,92.318,144.279,85.918z"" style=""fill:#6B7C7B;"">
 </path>
 <path d=""M437.879,77.118c0.0,-9.6,-7.2,-16.8,-16.8,-16.8l-274.4,8.0c-0.8,0.0,-1.6,0.0,-2.4,0.0c-3.2,-5.6,-10.4,-9.6,-18.4,-9.6c-11.2,0.0,-27.2,8.0,-27.2,18.4l0.0,0.0L437.879,77.118C437.879,77.918,437.879,77.118,437.879,77.118z"" style=""fill:#738482;"">
 </path>
 <path d=""M441.079,455.518c0.0,17.6,-14.4,32.0,-32.0,32.0H85.879c-17.6,0.0,-32.0,-14.4,-32.0,-32.0V149.918c0.0,-17.6,14.4,-32.0,32.0,-32.0h324.0c17.6,0.0,32.0,14.4,32.0,32.0V455.518H441.079z"" style=""fill:#2298D3;"">
 </path>
 <path d=""M53.879,149.918c0.0,-17.6,14.4,-32.0,32.0,-32.0h324.0c17.6,0.0,32.0,14.4,32.0,32.0V455.518c0.0,17.6,-14.4,32.0,-32.0,32.0"" style=""fill:#248BD1;"">
 </path>
 <path d=""M441.079,455.518V149.918c0.0,-17.6,-14.4,-32.0,-32.0,-32.0h-88.0L199.479,241.118L433.879,475.518C438.679,469.918,441.079,462.718,441.079,455.518z"" style=""fill:#2576CE;"">
 </path>
 <path d=""M459.479,129.118c0.0,8.0,-6.4,13.6,-13.6,13.6H49.079c-8.0,0.0,-13.6,-6.4,-13.6,-13.6l0.0,0.0c0.0,-8.0,6.4,-13.6,13.6,-13.6h396.0C453.079,115.518,459.479,121.918,459.479,129.118L459.479,129.118z"" style=""fill:#FFAC1A;"">
 </path>
 <g>
  <path d=""M296.279,143.518h148.8c8.0,0.0,13.6,-6.4,13.6,-13.6c0.0,-8.0,-6.4,-13.6,-13.6,-13.6H324.279L296.279,143.518z"" style=""fill:#FF7A17;"">
  </path>
  <path d=""M459.479,129.118L459.479,129.118c0.0,8.0,-6.4,13.6,-13.6,13.6H49.079c-8.0,0.0,-13.6,-6.4,-13.6,-13.6l0.0,0.0"" style=""fill:#FF7A17;"">
  </path>
 </g>
 <path d=""M310.679,129.118l-13.6,13.6h148.8c8.0,0.0,13.6,-6.4,13.6,-13.6H310.679z"" style=""fill:#E0620B;"">
 </path>
 <path d=""M459.479,475.518c0.0,8.0,-6.4,13.6,-13.6,13.6H49.079c-8.0,0.0,-13.6,-6.4,-13.6,-13.6l0.0,0.0c0.0,-8.0,6.4,-13.6,13.6,-13.6h396.0C453.079,461.918,459.479,468.318,459.479,475.518L459.479,475.518z"" style=""fill:#FFAC1A;"">
 </path>
 <path d=""M35.479,475.518L35.479,475.518c0.0,-8.0,6.4,-13.6,13.6,-13.6h396.0c8.0,0.0,13.6,6.4,13.6,13.6l0.0,0.0"" style=""fill:#FF7A17;"">
 </path>
 <rect height=""151.2"" style=""fill:#1AA9E2;"" width=""387.2"" x=""53.879"" y=""226.718"">
 </rect>
 <polygon points=""294.679,377.918 441.079,377.918 441.079,226.718 134.679,226.718"" style=""fill:#2298D3;"">
 </polygon>
 <polygon points=""199.479,241.118 336.279,377.918 441.079,377.918 441.079,226.718 213.079,226.718"" style=""fill:#1586CC;"">
 </polygon>
 <g>
  <path d=""M106.679,466.718c0.0,1.6,-1.6,3.2,-3.2,3.2l0.0,0.0c-1.6,0.0,-3.2,-1.6,-3.2,-3.2V141.918c0.0,-1.6,1.6,-3.2,3.2,-3.2l0.0,0.0c1.6,0.0,3.2,1.6,3.2,3.2V466.718z"" style=""fill:#C1BA9A;"">
  </path>
  <path d=""M189.079,466.718c0.0,1.6,-1.6,3.2,-3.2,3.2l0.0,0.0c-1.6,0.0,-3.2,-1.6,-3.2,-3.2V141.918c0.0,-1.6,1.6,-3.2,3.2,-3.2l0.0,0.0c1.6,0.0,3.2,1.6,3.2,3.2V466.718z"" style=""fill:#C1BA9A;"">
  </path>
  <path d=""M272.279,466.718c0.0,1.6,-1.6,3.2,-3.2,3.2l0.0,0.0c-1.6,0.0,-3.2,-1.6,-3.2,-3.2V141.918c0.0,-1.6,1.6,-3.2,3.2,-3.2l0.0,0.0c1.6,0.0,3.2,1.6,3.2,3.2V466.718z"" style=""fill:#C1BA9A;"">
  </path>
  <path d=""M355.479,466.718c0.0,1.6,-1.6,3.2,-3.2,3.2l0.0,0.0c-1.6,0.0,-3.2,-1.6,-3.2,-3.2V141.918c0.0,-1.6,1.6,-3.2,3.2,-3.2l0.0,0.0c1.6,0.0,3.2,1.6,3.2,3.2V466.718z"" style=""fill:#C1BA9A;"">
  </path>
  <path d=""M437.879,466.718c0.0,1.6,-1.6,3.2,-3.2,3.2l0.0,0.0c-1.6,0.0,-3.2,-1.6,-3.2,-3.2V141.918c0.0,-1.6,1.6,-3.2,3.2,-3.2l0.0,0.0c1.6,0.0,3.2,1.6,3.2,3.2V466.718z"" style=""fill:#C1BA9A;"">
  </path>
 </g>
 <g>
  <circle cx=""81.879"" cy=""206.718"" r=""5.6"" style=""fill:#FFAC1A;"">
  </circle>
  <circle cx=""123.479"" cy=""206.718"" r=""5.6"" style=""fill:#FFAC1A;"">
  </circle>
  <circle cx=""165.079"" cy=""206.718"" r=""5.6"" style=""fill:#FFAC1A;"">
  </circle>
  <circle cx=""205.879"" cy=""206.718"" r=""5.6"" style=""fill:#FFAC1A;"">
  </circle>
  <circle cx=""247.479"" cy=""206.718"" r=""5.6"" style=""fill:#FFAC1A;"">
  </circle>
  <circle cx=""289.079"" cy=""206.718"" r=""5.6"" style=""fill:#FFAC1A;"">
  </circle>
  <circle cx=""329.879"" cy=""206.718"" r=""5.6"" style=""fill:#FFAC1A;"">
  </circle>
  <circle cx=""371.479"" cy=""206.718"" r=""5.6"" style=""fill:#FFAC1A;"">
  </circle>
  <circle cx=""413.079"" cy=""206.718"" r=""5.6"" style=""fill:#FFAC1A;"">
  </circle>
  <circle cx=""81.879"" cy=""398.718"" r=""5.6"" style=""fill:#FFAC1A;"">
  </circle>
  <circle cx=""123.479"" cy=""398.718"" r=""5.6"" style=""fill:#FFAC1A;"">
  </circle>
  <circle cx=""165.079"" cy=""398.718"" r=""5.6"" style=""fill:#FFAC1A;"">
  </circle>
  <circle cx=""205.879"" cy=""398.718"" r=""5.6"" style=""fill:#FFAC1A;"">
  </circle>
  <circle cx=""247.479"" cy=""398.718"" r=""5.6"" style=""fill:#FFAC1A;"">
  </circle>
  <circle cx=""289.079"" cy=""398.718"" r=""5.6"" style=""fill:#FFAC1A;"">
  </circle>
  <circle cx=""329.879"" cy=""398.718"" r=""5.6"" style=""fill:#FFAC1A;"">
  </circle>
  <circle cx=""371.479"" cy=""398.718"" r=""5.6"" style=""fill:#FFAC1A;"">
  </circle>
  <circle cx=""413.079"" cy=""398.718"" r=""5.6"" style=""fill:#FFAC1A;"">
  </circle>
 </g>
 <path d=""M217.879,222.718c0.8,-0.8,0.8,-0.8,1.6,-1.6l200.0,-188.8c6.4,-6.4,6.4,-17.6,0.0,-24.0s-17.6,-6.4,-24.0,0.0L206.679,208.318c-0.8,0.8,-0.8,0.8,-1.6,1.6c-6.4,-1.6,-14.4,0.8,-19.2,6.4c-8.0,8.0,-13.6,24.8,-6.4,32.0c7.2,7.2,24.0,2.4,32.0,-6.4C217.079,237.118,219.479,229.118,217.879,222.718z"" style=""fill:#A4C1BC;"">
 </path>
 <path d=""M419.479,8.318c-6.4,-6.4,-17.6,-6.4,-24.0,0.0L206.679,208.318c-0.8,0.8,-0.8,0.8,-1.6,1.6c-6.4,-1.6,-14.4,0.8,-19.2,6.4c-8.0,8.0,-13.6,24.8,-6.4,32.0l0.0,0.0L419.479,8.318C419.479,9.118,419.479,8.318,419.479,8.318z"" style=""fill:#B6CECB;"">
 </path>
</svg>


Question: What shape is the main body of the object?",Circle,Triangle,Rectangle,Hexagon,C,musical_instrument
179,"Examine the following SVG code carefully and answer the question based on your interpretation of the rendered image.

<svg id=""Layer_1"" style=""enable-background:new 0 0 485.6 485.6;"" version=""1.1"" viewbox=""0 0 485.6 485.6"" x=""0px"" xml:space=""preserve"" y=""0px"">
 <path d=""M144.279,85.918c0.8,0.0,1.6,0.0,2.4,0.0l274.4,8.0c9.6,0.0,16.8,-7.2,16.8,-16.8s-7.2,-16.8,-16.8,-16.8l-274.4,8.0c-0.8,0.0,-1.6,0.0,-2.4,0.0c-3.2,-5.6,-10.4,-9.6,-18.4,-9.6c-11.2,0.0,-27.2,8.0,-27.2,18.4S113.879,95.518,125.879,95.518C133.879,95.518,141.079,92.318,144.279,85.918z"" style=""fill:#6B7C7B;"">
 </path>
 <path d=""M437.879,77.118c0.0,-9.6,-7.2,-16.8,-16.8,-16.8l-274.4,8.0c-0.8,0.0,-1.6,0.0,-2.4,0.0c-3.2,-5.6,-10.4,-9.6,-18.4,-9.6c-11.2,0.0,-27.2,8.0,-27.2,18.4l0.0,0.0L437.879,77.118C437.879,77.918,437.879,77.118,437.879,77.118z"" style=""fill:#738482;"">
 </path>
 <path d=""M441.079,455.518c0.0,17.6,-14.4,32.0,-32.0,32.0H85.879c-17.6,0.0,-32.0,-14.4,-32.0,-32.0V149.918c0.0,-17.6,14.4,-32.0,32.0,-32.0h324.0c17.6,0.0,32.0,14.4,32.0,32.0V455.518H441.079z"" style=""fill:#2298D3;"">
 </path>
 <path d=""M53.879,149.918c0.0,-17.6,14.4,-32.0,32.0,-32.0h324.0c17.6,0.0,32.0,14.4,32.0,32.0V455.518c0.0,17.6,-14.4,32.0,-32.0,32.0"" style=""fill:#248BD1;"">
 </path>
 <path d=""M441.079,455.518V149.918c0.0,-17.6,-14.4,-32.0,-32.0,-32.0h-88.0L199.479,241.118L433.879,475.518C438.679,469.918,441.079,462.718,441.079,455.518z"" style=""fill:#2576CE;"">
 </path>
 <path d=""M459.479,129.118c0.0,8.0,-6.4,13.6,-13.6,13.6H49.079c-8.0,0.0,-13.6,-6.4,-13.6,-13.6l0.0,0.0c0.0,-8.0,6.4,-13.6,13.6,-13.6h396.0C453.079,115.518,459.479,121.918,459.479,129.118L459.479,129.118z"" style=""fill:#FFAC1A;"">
 </path>
 <g>
  <path d=""M296.279,143.518h148.8c8.0,0.0,13.6,-6.4,13.6,-13.6c0.0,-8.0,-6.4,-13.6,-13.6,-13.6H324.279L296.279,143.518z"" style=""fill:#FF7A17;"">
  </path>
  <path d=""M459.479,129.118L459.479,129.118c0.0,8.0,-6.4,13.6,-13.6,13.6H49.079c-8.0,0.0,-13.6,-6.4,-13.6,-13.6l0.0,0.0"" style=""fill:#FF7A17;"">
  </path>
 </g>
 <path d=""M310.679,129.118l-13.6,13.6h148.8c8.0,0.0,13.6,-6.4,13.6,-13.6H310.679z"" style=""fill:#E0620B;"">
 </path>
 <path d=""M459.479,475.518c0.0,8.0,-6.4,13.6,-13.6,13.6H49.079c-8.0,0.0,-13.6,-6.4,-13.6,-13.6l0.0,0.0c0.0,-8.0,6.4,-13.6,13.6,-13.6h396.0C453.079,461.918,459.479,468.318,459.479,475.518L459.479,475.518z"" style=""fill:#FFAC1A;"">
 </path>
 <path d=""M35.479,475.518L35.479,475.518c0.0,-8.0,6.4,-13.6,13.6,-13.6h396.0c8.0,0.0,13.6,6.4,13.6,13.6l0.0,0.0"" style=""fill:#FF7A17;"">
 </path>
 <rect height=""151.2"" style=""fill:#1AA9E2;"" width=""387.2"" x=""53.879"" y=""226.718"">
 </rect>
 <polygon points=""294.679,377.918 441.079,377.918 441.079,226.718 134.679,226.718"" style=""fill:#2298D3;"">
 </polygon>
 <polygon points=""199.479,241.118 336.279,377.918 441.079,377.918 441.079,226.718 213.079,226.718"" style=""fill:#1586CC;"">
 </polygon>
 <g>
  <path d=""M106.679,466.718c0.0,1.6,-1.6,3.2,-3.2,3.2l0.0,0.0c-1.6,0.0,-3.2,-1.6,-3.2,-3.2V141.918c0.0,-1.6,1.6,-3.2,3.2,-3.2l0.0,0.0c1.6,0.0,3.2,1.6,3.2,3.2V466.718z"" style=""fill:#C1BA9A;"">
  </path>
  <path d=""M189.079,466.718c0.0,1.6,-1.6,3.2,-3.2,3.2l0.0,0.0c-1.6,0.0,-3.2,-1.6,-3.2,-3.2V141.918c0.0,-1.6,1.6,-3.2,3.2,-3.2l0.0,0.0c1.6,0.0,3.2,1.6,3.2,3.2V466.718z"" style=""fill:#C1BA9A;"">
  </path>
  <path d=""M272.279,466.718c0.0,1.6,-1.6,3.2,-3.2,3.2l0.0,0.0c-1.6,0.0,-3.2,-1.6,-3.2,-3.2V141.918c0.0,-1.6,1.6,-3.2,3.2,-3.2l0.0,0.0c1.6,0.0,3.2,1.6,3.2,3.2V466.718z"" style=""fill:#C1BA9A;"">
  </path>
  <path d=""M355.479,466.718c0.0,1.6,-1.6,3.2,-3.2,3.2l0.0,0.0c-1.6,0.0,-3.2,-1.6,-3.2,-3.2V141.918c0.0,-1.6,1.6,-3.2,3.2,-3.2l0.0,0.0c1.6,0.0,3.2,1.6,3.2,3.2V466.718z"" style=""fill:#C1BA9A;"">
  </path>
  <path d=""M437.879,466.718c0.0,1.6,-1.6,3.2,-3.2,3.2l0.0,0.0c-1.6,0.0,-3.2,-1.6,-3.2,-3.2V141.918c0.0,-1.6,1.6,-3.2,3.2,-3.2l0.0,0.0c1.6,0.0,3.2,1.6,3.2,3.2V466.718z"" style=""fill:#C1BA9A;"">
  </path>
 </g>
 <g>
  <circle cx=""81.879"" cy=""206.718"" r=""5.6"" style=""fill:#FFAC1A;"">
  </circle>
  <circle cx=""123.479"" cy=""206.718"" r=""5.6"" style=""fill:#FFAC1A;"">
  </circle>
  <circle cx=""165.079"" cy=""206.718"" r=""5.6"" style=""fill:#FFAC1A;"">
  </circle>
  <circle cx=""205.879"" cy=""206.718"" r=""5.6"" style=""fill:#FFAC1A;"">
  </circle>
  <circle cx=""247.479"" cy=""206.718"" r=""5.6"" style=""fill:#FFAC1A;"">
  </circle>
  <circle cx=""289.079"" cy=""206.718"" r=""5.6"" style=""fill:#FFAC1A;"">
  </circle>
  <circle cx=""329.879"" cy=""206.718"" r=""5.6"" style=""fill:#FFAC1A;"">
  </circle>
  <circle cx=""371.479"" cy=""206.718"" r=""5.6"" style=""fill:#FFAC1A;"">
  </circle>
  <circle cx=""413.079"" cy=""206.718"" r=""5.6"" style=""fill:#FFAC1A;"">
  </circle>
  <circle cx=""81.879"" cy=""398.718"" r=""5.6"" style=""fill:#FFAC1A;"">
  </circle>
  <circle cx=""123.479"" cy=""398.718"" r=""5.6"" style=""fill:#FFAC1A;"">
  </circle>
  <circle cx=""165.079"" cy=""398.718"" r=""5.6"" style=""fill:#FFAC1A;"">
  </circle>
  <circle cx=""205.879"" cy=""398.718"" r=""5.6"" style=""fill:#FFAC1A;"">
  </circle>
  <circle cx=""247.479"" cy=""398.718"" r=""5.6"" style=""fill:#FFAC1A;"">
  </circle>
  <circle cx=""289.079"" cy=""398.718"" r=""5.6"" style=""fill:#FFAC1A;"">
  </circle>
  <circle cx=""329.879"" cy=""398.718"" r=""5.6"" style=""fill:#FFAC1A;"">
  </circle>
  <circle cx=""371.479"" cy=""398.718"" r=""5.6"" style=""fill:#FFAC1A;"">
  </circle>
  <circle cx=""413.079"" cy=""398.718"" r=""5.6"" style=""fill:#FFAC1A;"">
  </circle>
 </g>
 <path d=""M217.879,222.718c0.8,-0.8,0.8,-0.8,1.6,-1.6l200.0,-188.8c6.4,-6.4,6.4,-17.6,0.0,-24.0s-17.6,-6.4,-24.0,0.0L206.679,208.318c-0.8,0.8,-0.8,0.8,-1.6,1.6c-6.4,-1.6,-14.4,0.8,-19.2,6.4c-8.0,8.0,-13.6,24.8,-6.4,32.0c7.2,7.2,24.0,2.4,32.0,-6.4C217.079,237.118,219.479,229.118,217.879,222.718z"" style=""fill:#A4C1BC;"">
 </path>
 <path d=""M419.479,8.318c-6.4,-6.4,-17.6,-6.4,-24.0,0.0L206.679,208.318c-0.8,0.8,-0.8,0.8,-1.6,1.6c-6.4,-1.6,-14.4,0.8,-19.2,6.4c-8.0,8.0,-13.6,24.8,-6.4,32.0l0.0,0.0L419.479,8.318C419.479,9.118,419.479,8.318,419.479,8.318z"" style=""fill:#B6CECB;"">
 </path>
</svg>


Question: What is the object in the image?",Guitar,Piano,Violin,Drum,D,musical_instrument
4,"Examine the following SVG code carefully and answer the question based on your interpretation of the rendered image.

<svg height=""269.998px"" id=""Capa_1"" style=""enable-background:new 0 0 269.998 269.998;"" version=""1.1"" viewbox=""0 0 269.998 269.998"" width=""269.998px"" x=""0px"" xml:space=""preserve"" y=""0px"">
 <g>
  <g>
   <path d=""M262.448,81.349c-26.6,-74.3,-90.1,-79.1,-156.6,-71.2c-2.4,-3.5,-7.0,-5.7,-11.8,-3.4c-70.9,33.8,-117.2,123.2,-75.8,195.9c32.1,56.4,108.9,76.4,168.2,60.9C267.448,242.449,287.649,151.549,262.448,81.349zM203.448,237.249c-49.1,29.899,-116.8,11.5,-155.8,-26.0c-62.5,-60.0,-10.0,-157.8,55.5,-189.0c0.2,-0.1,0.3,-0.3,0.5,-0.4c2.9,0.4,5.9,0.5,9.0,0.6c30.2,0.8,62.6,-3.1,91.0,9.2c38.0,16.4,51.9,74.1,53.3,110.2C258.349,182.149,236.849,216.849,203.448,237.249z"">
   </path>
   <path d=""M147.748,42.049c0.0,-0.2,0.0,-0.3,-0.1,-0.5c0.0,-0.2,0.0,-0.3,-0.1,-0.5c-0.2,-0.7,-0.5,-1.1,-0.801,-1.6v-0.1c-1.3,-2.2,-3.399,-3.1,-5.699,-3.0c-2.2,-0.1,-4.4,0.8,-5.701,3.0v0.1c-0.3,0.5,-0.6,1.0,-0.8,1.6c0.0,0.2,0.0,0.3,-0.1,0.5c0.0,0.2,0.0,0.3,-0.1,0.5c-0.7,3.2,-0.8,6.5,-0.2,9.8c0.3,1.8,1.4,3.1,2.7,3.9c2.0,2.3,6.201,2.3,8.201,0.0c1.399,-0.8,2.399,-2.1,2.699,-3.9C148.549,48.549,148.448,45.249,147.748,42.049z"">
   </path>
   <path d=""M242.049,114.149c-4.9,-3.9,-9.7,-5.7,-16.0,-5.9c-4.601,-0.1,-7.0,3.2,-7.301,6.8c-2.399,2.0,-2.0,6.8,1.4,7.4c0.7,0.1,1.4,0.1,2.1,0.2c1.0,0.6,2.2,1.0,3.7,1.0c1.7,0.0,3.3,-0.1,4.9,-0.1c1.8,0.1,3.6,0.2,5.3,0.5C241.349,124.849,247.349,118.349,242.049,114.149z"">
   </path>
   <path d=""M136.549,208.049c-0.3,-7.9,-12.3,-10.1,-14.2,-1.9c-0.6,2.601,-1.4,5.5,-1.7,8.4c-1.1,3.9,-2.1,7.8,-0.7,12.0c2.5,7.3,11.4,6.6,14.1,0.0c0.4,-1.1,0.6,-2.3,0.8,-3.4c0.4,-0.3,0.5,-0.8,0.3,-1.3c0.2,-1.7,0.3,-3.399,0.6,-5.1C136.248,213.849,136.649,211.049,136.549,208.049z"">
   </path>
   <path d=""M57.248,125.149c-0.5,-0.4,-1.0,-0.6,-1.6,-0.8c-0.1,0.0,-0.1,-0.1,-0.2,-0.1s-0.1,0.0,-0.2,0.0c-0.2,-0.1,-0.4,-0.1,-0.6,-0.1c-4.4,-1.1,-12.5,-2.6,-16.2,0.1c-0.8,0.5,-1.5,1.3,-2.1,2.1c-4.1,1.2,-4.1,6.8,0.0,8.0c3.4,4.8,10.1,5.3,15.5,2.9c0.3,-0.101,0.4,-0.4,0.6,-0.5c0.6,-0.1,1.3,-0.1,1.9,-0.3c0.4,0.0,0.7,-0.1,1.0,-0.2h0.1c0.1,0.0,0.1,-0.1,0.2,-0.1c0.6,-0.2,1.2,-0.5,1.6,-0.8c1.7,-1.2,2.5,-3.1,2.4,-5.0C59.748,128.249,59.049,126.349,57.248,125.149z"">
   </path>
   <path d=""M185.948,166.549c-13.1,-9.8,-27.8,-21.7,-43.5,-27.0c-0.1,0.0,-0.1,0.0,-0.2,0.0c1.4,-5.7,2.0,-14.3,-1.8,-18.0c-1.3,-1.3,-2.6,-1.9,-3.8,-2.2c1.1,-8.8,2.0,-17.6,2.9,-26.3c0.8,-7.6,4.6,-21.9,-1.601,-28.1c-2.2,-2.2,-5.7,-2.1,-7.9,0.0c-5.6,5.3,-3.8,18.0,-3.8,25.0c0.0,10.9,-0.2,21.8,0.9,32.7c-4.0,0.7,-7.1,3.2,-8.5,7.3c-2.0,5.6,-2.2,11.5,3.3,15.0c2.0,1.3,4.5,1.8,7.0,2.1c0.9,0.3,1.9,0.4,2.9,0.3c0.2,0.0,0.4,0.0,0.6,0.0c1.6,0.3,3.1,0.0,4.5,-0.6c0.4,0.8,0.8,1.5,1.6,2.0c13.8,10.2,27.3,20.399,40.5,31.3c4.8,4.0,19.899,20.4,26.1,9.8C210.649,180.449,191.349,170.649,185.948,166.549z"">
   </path>
  </g>
 </g>
</svg>


Question: What shape is the outer boundary of the object?",Square,Triangle,Hexagon,Circle,D,time_clock
5,"Examine the following SVG code carefully and answer the question based on your interpretation of the rendered image.

<svg height=""269.998px"" id=""Capa_1"" style=""enable-background:new 0 0 269.998 269.998;"" version=""1.1"" viewbox=""0 0 269.998 269.998"" width=""269.998px"" x=""0px"" xml:space=""preserve"" y=""0px"">
 <g>
  <g>
   <path d=""M262.448,81.349c-26.6,-74.3,-90.1,-79.1,-156.6,-71.2c-2.4,-3.5,-7.0,-5.7,-11.8,-3.4c-70.9,33.8,-117.2,123.2,-75.8,195.9c32.1,56.4,108.9,76.4,168.2,60.9C267.448,242.449,287.649,151.549,262.448,81.349zM203.448,237.249c-49.1,29.899,-116.8,11.5,-155.8,-26.0c-62.5,-60.0,-10.0,-157.8,55.5,-189.0c0.2,-0.1,0.3,-0.3,0.5,-0.4c2.9,0.4,5.9,0.5,9.0,0.6c30.2,0.8,62.6,-3.1,91.0,9.2c38.0,16.4,51.9,74.1,53.3,110.2C258.349,182.149,236.849,216.849,203.448,237.249z"">
   </path>
   <path d=""M147.748,42.049c0.0,-0.2,0.0,-0.3,-0.1,-0.5c0.0,-0.2,0.0,-0.3,-0.1,-0.5c-0.2,-0.7,-0.5,-1.1,-0.801,-1.6v-0.1c-1.3,-2.2,-3.399,-3.1,-5.699,-3.0c-2.2,-0.1,-4.4,0.8,-5.701,3.0v0.1c-0.3,0.5,-0.6,1.0,-0.8,1.6c0.0,0.2,0.0,0.3,-0.1,0.5c0.0,0.2,0.0,0.3,-0.1,0.5c-0.7,3.2,-0.8,6.5,-0.2,9.8c0.3,1.8,1.4,3.1,2.7,3.9c2.0,2.3,6.201,2.3,8.201,0.0c1.399,-0.8,2.399,-2.1,2.699,-3.9C148.549,48.549,148.448,45.249,147.748,42.049z"">
   </path>
   <path d=""M242.049,114.149c-4.9,-3.9,-9.7,-5.7,-16.0,-5.9c-4.601,-0.1,-7.0,3.2,-7.301,6.8c-2.399,2.0,-2.0,6.8,1.4,7.4c0.7,0.1,1.4,0.1,2.1,0.2c1.0,0.6,2.2,1.0,3.7,1.0c1.7,0.0,3.3,-0.1,4.9,-0.1c1.8,0.1,3.6,0.2,5.3,0.5C241.349,124.849,247.349,118.349,242.049,114.149z"">
   </path>
   <path d=""M136.549,208.049c-0.3,-7.9,-12.3,-10.1,-14.2,-1.9c-0.6,2.601,-1.4,5.5,-1.7,8.4c-1.1,3.9,-2.1,7.8,-0.7,12.0c2.5,7.3,11.4,6.6,14.1,0.0c0.4,-1.1,0.6,-2.3,0.8,-3.4c0.4,-0.3,0.5,-0.8,0.3,-1.3c0.2,-1.7,0.3,-3.399,0.6,-5.1C136.248,213.849,136.649,211.049,136.549,208.049z"">
   </path>
   <path d=""M57.248,125.149c-0.5,-0.4,-1.0,-0.6,-1.6,-0.8c-0.1,0.0,-0.1,-0.1,-0.2,-0.1s-0.1,0.0,-0.2,0.0c-0.2,-0.1,-0.4,-0.1,-0.6,-0.1c-4.4,-1.1,-12.5,-2.6,-16.2,0.1c-0.8,0.5,-1.5,1.3,-2.1,2.1c-4.1,1.2,-4.1,6.8,0.0,8.0c3.4,4.8,10.1,5.3,15.5,2.9c0.3,-0.101,0.4,-0.4,0.6,-0.5c0.6,-0.1,1.3,-0.1,1.9,-0.3c0.4,0.0,0.7,-0.1,1.0,-0.2h0.1c0.1,0.0,0.1,-0.1,0.2,-0.1c0.6,-0.2,1.2,-0.5,1.6,-0.8c1.7,-1.2,2.5,-3.1,2.4,-5.0C59.748,128.249,59.049,126.349,57.248,125.149z"">
   </path>
   <path d=""M185.948,166.549c-13.1,-9.8,-27.8,-21.7,-43.5,-27.0c-0.1,0.0,-0.1,0.0,-0.2,0.0c1.4,-5.7,2.0,-14.3,-1.8,-18.0c-1.3,-1.3,-2.6,-1.9,-3.8,-2.2c1.1,-8.8,2.0,-17.6,2.9,-26.3c0.8,-7.6,4.6,-21.9,-1.601,-28.1c-2.2,-2.2,-5.7,-2.1,-7.9,0.0c-5.6,5.3,-3.8,18.0,-3.8,25.0c0.0,10.9,-0.2,21.8,0.9,32.7c-4.0,0.7,-7.1,3.2,-8.5,7.3c-2.0,5.6,-2.2,11.5,3.3,15.0c2.0,1.3,4.5,1.8,7.0,2.1c0.9,0.3,1.9,0.4,2.9,0.3c0.2,0.0,0.4,0.0,0.6,0.0c1.6,0.3,3.1,0.0,4.5,-0.6c0.4,0.8,0.8,1.5,1.6,2.0c13.8,10.2,27.3,20.399,40.5,31.3c4.8,4.0,19.899,20.4,26.1,9.8C210.649,180.449,191.349,170.649,185.948,166.549z"">
   </path>
  </g>
 </g>
</svg>


Question: How many hands does the object have?",Two,One,Three,Four,A,time_clock
6,"Examine the following SVG code carefully and answer the question based on your interpretation of the rendered image.

<svg height=""269.998px"" id=""Capa_1"" style=""enable-background:new 0 0 269.998 269.998;"" version=""1.1"" viewbox=""0 0 269.998 269.998"" width=""269.998px"" x=""0px"" xml:space=""preserve"" y=""0px"">
 <g>
  <g>
   <path d=""M262.448,81.349c-26.6,-74.3,-90.1,-79.1,-156.6,-71.2c-2.4,-3.5,-7.0,-5.7,-11.8,-3.4c-70.9,33.8,-117.2,123.2,-75.8,195.9c32.1,56.4,108.9,76.4,168.2,60.9C267.448,242.449,287.649,151.549,262.448,81.349zM203.448,237.249c-49.1,29.899,-116.8,11.5,-155.8,-26.0c-62.5,-60.0,-10.0,-157.8,55.5,-189.0c0.2,-0.1,0.3,-0.3,0.5,-0.4c2.9,0.4,5.9,0.5,9.0,0.6c30.2,0.8,62.6,-3.1,91.0,9.2c38.0,16.4,51.9,74.1,53.3,110.2C258.349,182.149,236.849,216.849,203.448,237.249z"">
   </path>
   <path d=""M147.748,42.049c0.0,-0.2,0.0,-0.3,-0.1,-0.5c0.0,-0.2,0.0,-0.3,-0.1,-0.5c-0.2,-0.7,-0.5,-1.1,-0.801,-1.6v-0.1c-1.3,-2.2,-3.399,-3.1,-5.699,-3.0c-2.2,-0.1,-4.4,0.8,-5.701,3.0v0.1c-0.3,0.5,-0.6,1.0,-0.8,1.6c0.0,0.2,0.0,0.3,-0.1,0.5c0.0,0.2,0.0,0.3,-0.1,0.5c-0.7,3.2,-0.8,6.5,-0.2,9.8c0.3,1.8,1.4,3.1,2.7,3.9c2.0,2.3,6.201,2.3,8.201,0.0c1.399,-0.8,2.399,-2.1,2.699,-3.9C148.549,48.549,148.448,45.249,147.748,42.049z"">
   </path>
   <path d=""M242.049,114.149c-4.9,-3.9,-9.7,-5.7,-16.0,-5.9c-4.601,-0.1,-7.0,3.2,-7.301,6.8c-2.399,2.0,-2.0,6.8,1.4,7.4c0.7,0.1,1.4,0.1,2.1,0.2c1.0,0.6,2.2,1.0,3.7,1.0c1.7,0.0,3.3,-0.1,4.9,-0.1c1.8,0.1,3.6,0.2,5.3,0.5C241.349,124.849,247.349,118.349,242.049,114.149z"">
   </path>
   <path d=""M136.549,208.049c-0.3,-7.9,-12.3,-10.1,-14.2,-1.9c-0.6,2.601,-1.4,5.5,-1.7,8.4c-1.1,3.9,-2.1,7.8,-0.7,12.0c2.5,7.3,11.4,6.6,14.1,0.0c0.4,-1.1,0.6,-2.3,0.8,-3.4c0.4,-0.3,0.5,-0.8,0.3,-1.3c0.2,-1.7,0.3,-3.399,0.6,-5.1C136.248,213.849,136.649,211.049,136.549,208.049z"">
   </path>
   <path d=""M57.248,125.149c-0.5,-0.4,-1.0,-0.6,-1.6,-0.8c-0.1,0.0,-0.1,-0.1,-0.2,-0.1s-0.1,0.0,-0.2,0.0c-0.2,-0.1,-0.4,-0.1,-0.6,-0.1c-4.4,-1.1,-12.5,-2.6,-16.2,0.1c-0.8,0.5,-1.5,1.3,-2.1,2.1c-4.1,1.2,-4.1,6.8,0.0,8.0c3.4,4.8,10.1,5.3,15.5,2.9c0.3,-0.101,0.4,-0.4,0.6,-0.5c0.6,-0.1,1.3,-0.1,1.9,-0.3c0.4,0.0,0.7,-0.1,1.0,-0.2h0.1c0.1,0.0,0.1,-0.1,0.2,-0.1c0.6,-0.2,1.2,-0.5,1.6,-0.8c1.7,-1.2,2.5,-3.1,2.4,-5.0C59.748,128.249,59.049,126.349,57.248,125.149z"">
   </path>
   <path d=""M185.948,166.549c-13.1,-9.8,-27.8,-21.7,-43.5,-27.0c-0.1,0.0,-0.1,0.0,-0.2,0.0c1.4,-5.7,2.0,-14.3,-1.8,-18.0c-1.3,-1.3,-2.6,-1.9,-3.8,-2.2c1.1,-8.8,2.0,-17.6,2.9,-26.3c0.8,-7.6,4.6,-21.9,-1.601,-28.1c-2.2,-2.2,-5.7,-2.1,-7.9,0.0c-5.6,5.3,-3.8,18.0,-3.8,25.0c0.0,10.9,-0.2,21.8,0.9,32.7c-4.0,0.7,-7.1,3.2,-8.5,7.3c-2.0,5.6,-2.2,11.5,3.3,15.0c2.0,1.3,4.5,1.8,7.0,2.1c0.9,0.3,1.9,0.4,2.9,0.3c0.2,0.0,0.4,0.0,0.6,0.0c1.6,0.3,3.1,0.0,4.5,-0.6c0.4,0.8,0.8,1.5,1.6,2.0c13.8,10.2,27.3,20.399,40.5,31.3c4.8,4.0,19.899,20.4,26.1,9.8C210.649,180.449,191.349,170.649,185.948,166.549z"">
   </path>
  </g>
 </g>
</svg>


Question: What is the position of the short hand of the object?",3,6,9,12,D,time_clock
7,"Examine the following SVG code carefully and answer the question based on your interpretation of the rendered image.

<svg height=""269.998px"" id=""Capa_1"" style=""enable-background:new 0 0 269.998 269.998;"" version=""1.1"" viewbox=""0 0 269.998 269.998"" width=""269.998px"" x=""0px"" xml:space=""preserve"" y=""0px"">
 <g>
  <g>
   <path d=""M262.448,81.349c-26.6,-74.3,-90.1,-79.1,-156.6,-71.2c-2.4,-3.5,-7.0,-5.7,-11.8,-3.4c-70.9,33.8,-117.2,123.2,-75.8,195.9c32.1,56.4,108.9,76.4,168.2,60.9C267.448,242.449,287.649,151.549,262.448,81.349zM203.448,237.249c-49.1,29.899,-116.8,11.5,-155.8,-26.0c-62.5,-60.0,-10.0,-157.8,55.5,-189.0c0.2,-0.1,0.3,-0.3,0.5,-0.4c2.9,0.4,5.9,0.5,9.0,0.6c30.2,0.8,62.6,-3.1,91.0,9.2c38.0,16.4,51.9,74.1,53.3,110.2C258.349,182.149,236.849,216.849,203.448,237.249z"">
   </path>
   <path d=""M147.748,42.049c0.0,-0.2,0.0,-0.3,-0.1,-0.5c0.0,-0.2,0.0,-0.3,-0.1,-0.5c-0.2,-0.7,-0.5,-1.1,-0.801,-1.6v-0.1c-1.3,-2.2,-3.399,-3.1,-5.699,-3.0c-2.2,-0.1,-4.4,0.8,-5.701,3.0v0.1c-0.3,0.5,-0.6,1.0,-0.8,1.6c0.0,0.2,0.0,0.3,-0.1,0.5c0.0,0.2,0.0,0.3,-0.1,0.5c-0.7,3.2,-0.8,6.5,-0.2,9.8c0.3,1.8,1.4,3.1,2.7,3.9c2.0,2.3,6.201,2.3,8.201,0.0c1.399,-0.8,2.399,-2.1,2.699,-3.9C148.549,48.549,148.448,45.249,147.748,42.049z"">
   </path>
   <path d=""M242.049,114.149c-4.9,-3.9,-9.7,-5.7,-16.0,-5.9c-4.601,-0.1,-7.0,3.2,-7.301,6.8c-2.399,2.0,-2.0,6.8,1.4,7.4c0.7,0.1,1.4,0.1,2.1,0.2c1.0,0.6,2.2,1.0,3.7,1.0c1.7,0.0,3.3,-0.1,4.9,-0.1c1.8,0.1,3.6,0.2,5.3,0.5C241.349,124.849,247.349,118.349,242.049,114.149z"">
   </path>
   <path d=""M136.549,208.049c-0.3,-7.9,-12.3,-10.1,-14.2,-1.9c-0.6,2.601,-1.4,5.5,-1.7,8.4c-1.1,3.9,-2.1,7.8,-0.7,12.0c2.5,7.3,11.4,6.6,14.1,0.0c0.4,-1.1,0.6,-2.3,0.8,-3.4c0.4,-0.3,0.5,-0.8,0.3,-1.3c0.2,-1.7,0.3,-3.399,0.6,-5.1C136.248,213.849,136.649,211.049,136.549,208.049z"">
   </path>
   <path d=""M57.248,125.149c-0.5,-0.4,-1.0,-0.6,-1.6,-0.8c-0.1,0.0,-0.1,-0.1,-0.2,-0.1s-0.1,0.0,-0.2,0.0c-0.2,-0.1,-0.4,-0.1,-0.6,-0.1c-4.4,-1.1,-12.5,-2.6,-16.2,0.1c-0.8,0.5,-1.5,1.3,-2.1,2.1c-4.1,1.2,-4.1,6.8,0.0,8.0c3.4,4.8,10.1,5.3,15.5,2.9c0.3,-0.101,0.4,-0.4,0.6,-0.5c0.6,-0.1,1.3,-0.1,1.9,-0.3c0.4,0.0,0.7,-0.1,1.0,-0.2h0.1c0.1,0.0,0.1,-0.1,0.2,-0.1c0.6,-0.2,1.2,-0.5,1.6,-0.8c1.7,-1.2,2.5,-3.1,2.4,-5.0C59.748,128.249,59.049,126.349,57.248,125.149z"">
   </path>
   <path d=""M185.948,166.549c-13.1,-9.8,-27.8,-21.7,-43.5,-27.0c-0.1,0.0,-0.1,0.0,-0.2,0.0c1.4,-5.7,2.0,-14.3,-1.8,-18.0c-1.3,-1.3,-2.6,-1.9,-3.8,-2.2c1.1,-8.8,2.0,-17.6,2.9,-26.3c0.8,-7.6,4.6,-21.9,-1.601,-28.1c-2.2,-2.2,-5.7,-2.1,-7.9,0.0c-5.6,5.3,-3.8,18.0,-3.8,25.0c0.0,10.9,-0.2,21.8,0.9,32.7c-4.0,0.7,-7.1,3.2,-8.5,7.3c-2.0,5.6,-2.2,11.5,3.3,15.0c2.0,1.3,4.5,1.8,7.0,2.1c0.9,0.3,1.9,0.4,2.9,0.3c0.2,0.0,0.4,0.0,0.6,0.0c1.6,0.3,3.1,0.0,4.5,-0.6c0.4,0.8,0.8,1.5,1.6,2.0c13.8,10.2,27.3,20.399,40.5,31.3c4.8,4.0,19.899,20.4,26.1,9.8C210.649,180.449,191.349,170.649,185.948,166.549z"">
   </path>
  </g>
 </g>
</svg>


Question: What is the object in the image?",clock,compass,thermometer,barometer,A,time_clock
16,"Examine the following SVG code carefully and answer the question based on your interpretation of the rendered image.

<svg id=""Layer_1"" style=""enable-background:new 0 0 512 512;"" version=""1.1"" viewbox=""0 0 512 512"" x=""0px"" xml:space=""preserve"" y=""0px"">
 <path d=""M450.626,324.881c0.0,105.452,-85.486,171.04,-190.939,171.04S68.75,430.334,68.75,324.881s85.485,-190.938,190.938,-190.938S450.626,219.429,450.626,324.881z"" style=""fill:#F2BA43;"">
 </path>
 <g>
  <path d=""M450.626,324.881C450.626,430.334,365.141,515.819,259.689,515.819S68.75,430.334,68.75,324.881H450.626z"" style=""fill:#EDA21D;"">
  </path>
  <path d=""M430.728,324.881c0.0,94.463,-76.578,160.922,-171.04,160.922s-171.04,-66.459,-171.04,-160.922s76.578,-171.04,171.04,-171.04S430.728,230.419,430.728,324.881z"" style=""fill:#EDA21D;"">
  </path>
 </g>
 <path d=""M430.728,324.881c0.0,94.463,-76.578,171.04,-171.04,171.04s-171.04,-76.578,-171.04,-171.04H430.728z"" style=""fill:#F2BA43;"">
 </path>
 <circle cx=""259.683"" cy=""324.878"" r=""152.66"" style=""fill:#E6E7E8;"">
 </circle>
 <circle cx=""259.683"" cy=""324.878"" r=""124.827"" style=""fill:#D1D3D4;"">
 </circle>
 <g>
  <circle cx=""259.683"" cy=""424.464"" r=""10.317"" style=""fill:#414042;"">
  </circle>
  <path d=""M344.918,55.267C344.918,26.418,308.673,3.819,262.4,3.819s-82.519,22.599,-82.519,51.448c0.0,27.018,31.795,48.552,73.839,51.177v38.718c0.0,4.795,3.885,8.68,8.68,8.68c4.795,0.0,8.68,-3.885,8.68,-8.68v-38.718C313.126,103.819,344.918,82.285,344.918,55.267zM271.08,89.045v-2.06c0.0,-4.795,-3.885,-8.68,-8.68,-8.68c-4.795,0.0,-8.68,3.885,-8.68,8.68v2.06c-34.129,-2.383,-56.48,-18.571,-56.48,-33.778c0.001,-16.463,26.184,-34.088,65.16,-34.088s65.158,17.626,65.158,34.088C327.559,70.474,305.209,86.662,271.08,89.045z"" style=""fill:#414042;"">
  </path>
  <path d=""M266.553,319.571l-74.851,-96.771c-2.935,-3.791,-8.383,-4.489,-12.176,-1.555c-3.791,2.933,-4.488,8.385,-1.555,12.176l74.851,96.771c1.712,2.21,4.276,3.369,6.872,3.369c1.855,0.0,3.724,-0.591,5.305,-1.813C268.79,328.814,269.486,323.362,266.553,319.571z"" style=""fill:#414042;"">
  </path>
 </g>
 <path d=""M262.512,316.674l-77.165,-26.561c-4.534,-1.561,-9.473,0.849,-11.033,5.381c-1.56,4.533,0.849,9.473,5.381,11.033l77.165,26.561c0.936,0.322,1.889,0.475,2.825,0.475c3.603,0.0,6.968,-2.26,8.208,-5.857C269.454,323.173,267.044,318.235,262.512,316.674z"" style=""fill:#ED4850;"">
 </path>
 <path d=""M372.513,316.202H259.687c-4.795,0.0,-8.68,3.885,-8.68,8.68s3.885,8.68,8.68,8.68h112.825c4.795,0.0,8.68,-3.885,8.68,-8.68S377.308,316.202,372.513,316.202z"" style=""fill:#414042;"">
 </path>
</svg>


Question: What shape is the outer edge of the object?",Square,Triangle,Circle,Hexagon,C,time_clock
17,"Examine the following SVG code carefully and answer the question based on your interpretation of the rendered image.

<svg id=""Layer_1"" style=""enable-background:new 0 0 512 512;"" version=""1.1"" viewbox=""0 0 512 512"" x=""0px"" xml:space=""preserve"" y=""0px"">
 <path d=""M450.626,324.881c0.0,105.452,-85.486,171.04,-190.939,171.04S68.75,430.334,68.75,324.881s85.485,-190.938,190.938,-190.938S450.626,219.429,450.626,324.881z"" style=""fill:#F2BA43;"">
 </path>
 <g>
  <path d=""M450.626,324.881C450.626,430.334,365.141,515.819,259.689,515.819S68.75,430.334,68.75,324.881H450.626z"" style=""fill:#EDA21D;"">
  </path>
  <path d=""M430.728,324.881c0.0,94.463,-76.578,160.922,-171.04,160.922s-171.04,-66.459,-171.04,-160.922s76.578,-171.04,171.04,-171.04S430.728,230.419,430.728,324.881z"" style=""fill:#EDA21D;"">
  </path>
 </g>
 <path d=""M430.728,324.881c0.0,94.463,-76.578,171.04,-171.04,171.04s-171.04,-76.578,-171.04,-171.04H430.728z"" style=""fill:#F2BA43;"">
 </path>
 <circle cx=""259.683"" cy=""324.878"" r=""152.66"" style=""fill:#E6E7E8;"">
 </circle>
 <circle cx=""259.683"" cy=""324.878"" r=""124.827"" style=""fill:#D1D3D4;"">
 </circle>
 <g>
  <circle cx=""259.683"" cy=""424.464"" r=""10.317"" style=""fill:#414042;"">
  </circle>
  <path d=""M344.918,55.267C344.918,26.418,308.673,3.819,262.4,3.819s-82.519,22.599,-82.519,51.448c0.0,27.018,31.795,48.552,73.839,51.177v38.718c0.0,4.795,3.885,8.68,8.68,8.68c4.795,0.0,8.68,-3.885,8.68,-8.68v-38.718C313.126,103.819,344.918,82.285,344.918,55.267zM271.08,89.045v-2.06c0.0,-4.795,-3.885,-8.68,-8.68,-8.68c-4.795,0.0,-8.68,3.885,-8.68,8.68v2.06c-34.129,-2.383,-56.48,-18.571,-56.48,-33.778c0.001,-16.463,26.184,-34.088,65.16,-34.088s65.158,17.626,65.158,34.088C327.559,70.474,305.209,86.662,271.08,89.045z"" style=""fill:#414042;"">
  </path>
  <path d=""M266.553,319.571l-74.851,-96.771c-2.935,-3.791,-8.383,-4.489,-12.176,-1.555c-3.791,2.933,-4.488,8.385,-1.555,12.176l74.851,96.771c1.712,2.21,4.276,3.369,6.872,3.369c1.855,0.0,3.724,-0.591,5.305,-1.813C268.79,328.814,269.486,323.362,266.553,319.571z"" style=""fill:#414042;"">
  </path>
 </g>
 <path d=""M262.512,316.674l-77.165,-26.561c-4.534,-1.561,-9.473,0.849,-11.033,5.381c-1.56,4.533,0.849,9.473,5.381,11.033l77.165,26.561c0.936,0.322,1.889,0.475,2.825,0.475c3.603,0.0,6.968,-2.26,8.208,-5.857C269.454,323.173,267.044,318.235,262.512,316.674z"" style=""fill:#ED4850;"">
 </path>
 <path d=""M372.513,316.202H259.687c-4.795,0.0,-8.68,3.885,-8.68,8.68s3.885,8.68,8.68,8.68h112.825c4.795,0.0,8.68,-3.885,8.68,-8.68S377.308,316.202,372.513,316.202z"" style=""fill:#414042;"">
 </path>
</svg>


Question: What color is the outer ring of the object?",Blue,Green,Yellow,Red,C,time_clock
18,"Examine the following SVG code carefully and answer the question based on your interpretation of the rendered image.

<svg id=""Layer_1"" style=""enable-background:new 0 0 512 512;"" version=""1.1"" viewbox=""0 0 512 512"" x=""0px"" xml:space=""preserve"" y=""0px"">
 <path d=""M450.626,324.881c0.0,105.452,-85.486,171.04,-190.939,171.04S68.75,430.334,68.75,324.881s85.485,-190.938,190.938,-190.938S450.626,219.429,450.626,324.881z"" style=""fill:#F2BA43;"">
 </path>
 <g>
  <path d=""M450.626,324.881C450.626,430.334,365.141,515.819,259.689,515.819S68.75,430.334,68.75,324.881H450.626z"" style=""fill:#EDA21D;"">
  </path>
  <path d=""M430.728,324.881c0.0,94.463,-76.578,160.922,-171.04,160.922s-171.04,-66.459,-171.04,-160.922s76.578,-171.04,171.04,-171.04S430.728,230.419,430.728,324.881z"" style=""fill:#EDA21D;"">
  </path>
 </g>
 <path d=""M430.728,324.881c0.0,94.463,-76.578,171.04,-171.04,171.04s-171.04,-76.578,-171.04,-171.04H430.728z"" style=""fill:#F2BA43;"">
 </path>
 <circle cx=""259.683"" cy=""324.878"" r=""152.66"" style=""fill:#E6E7E8;"">
 </circle>
 <circle cx=""259.683"" cy=""324.878"" r=""124.827"" style=""fill:#D1D3D4;"">
 </circle>
 <g>
  <circle cx=""259.683"" cy=""424.464"" r=""10.317"" style=""fill:#414042;"">
  </circle>
  <path d=""M344.918,55.267C344.918,26.418,308.673,3.819,262.4,3.819s-82.519,22.599,-82.519,51.448c0.0,27.018,31.795,48.552,73.839,51.177v38.718c0.0,4.795,3.885,8.68,8.68,8.68c4.795,0.0,8.68,-3.885,8.68,-8.68v-38.718C313.126,103.819,344.918,82.285,344.918,55.267zM271.08,89.045v-2.06c0.0,-4.795,-3.885,-8.68,-8.68,-8.68c-4.795,0.0,-8.68,3.885,-8.68,8.68v2.06c-34.129,-2.383,-56.48,-18.571,-56.48,-33.778c0.001,-16.463,26.184,-34.088,65.16,-34.088s65.158,17.626,65.158,34.088C327.559,70.474,305.209,86.662,271.08,89.045z"" style=""fill:#414042;"">
  </path>
  <path d=""M266.553,319.571l-74.851,-96.771c-2.935,-3.791,-8.383,-4.489,-12.176,-1.555c-3.791,2.933,-4.488,8.385,-1.555,12.176l74.851,96.771c1.712,2.21,4.276,3.369,6.872,3.369c1.855,0.0,3.724,-0.591,5.305,-1.813C268.79,328.814,269.486,323.362,266.553,319.571z"" style=""fill:#414042;"">
  </path>
 </g>
 <path d=""M262.512,316.674l-77.165,-26.561c-4.534,-1.561,-9.473,0.849,-11.033,5.381c-1.56,4.533,0.849,9.473,5.381,11.033l77.165,26.561c0.936,0.322,1.889,0.475,2.825,0.475c3.603,0.0,6.968,-2.26,8.208,-5.857C269.454,323.173,267.044,318.235,262.512,316.674z"" style=""fill:#ED4850;"">
 </path>
 <path d=""M372.513,316.202H259.687c-4.795,0.0,-8.68,3.885,-8.68,8.68s3.885,8.68,8.68,8.68h112.825c4.795,0.0,8.68,-3.885,8.68,-8.68S377.308,316.202,372.513,316.202z"" style=""fill:#414042;"">
 </path>
</svg>


Question: How many hands does the object have?",One,Two,Three,Four,C,time_clock
19,"Examine the following SVG code carefully and answer the question based on your interpretation of the rendered image.

<svg id=""Layer_1"" style=""enable-background:new 0 0 512 512;"" version=""1.1"" viewbox=""0 0 512 512"" x=""0px"" xml:space=""preserve"" y=""0px"">
 <path d=""M450.626,324.881c0.0,105.452,-85.486,171.04,-190.939,171.04S68.75,430.334,68.75,324.881s85.485,-190.938,190.938,-190.938S450.626,219.429,450.626,324.881z"" style=""fill:#F2BA43;"">
 </path>
 <g>
  <path d=""M450.626,324.881C450.626,430.334,365.141,515.819,259.689,515.819S68.75,430.334,68.75,324.881H450.626z"" style=""fill:#EDA21D;"">
  </path>
  <path d=""M430.728,324.881c0.0,94.463,-76.578,160.922,-171.04,160.922s-171.04,-66.459,-171.04,-160.922s76.578,-171.04,171.04,-171.04S430.728,230.419,430.728,324.881z"" style=""fill:#EDA21D;"">
  </path>
 </g>
 <path d=""M430.728,324.881c0.0,94.463,-76.578,171.04,-171.04,171.04s-171.04,-76.578,-171.04,-171.04H430.728z"" style=""fill:#F2BA43;"">
 </path>
 <circle cx=""259.683"" cy=""324.878"" r=""152.66"" style=""fill:#E6E7E8;"">
 </circle>
 <circle cx=""259.683"" cy=""324.878"" r=""124.827"" style=""fill:#D1D3D4;"">
 </circle>
 <g>
  <circle cx=""259.683"" cy=""424.464"" r=""10.317"" style=""fill:#414042;"">
  </circle>
  <path d=""M344.918,55.267C344.918,26.418,308.673,3.819,262.4,3.819s-82.519,22.599,-82.519,51.448c0.0,27.018,31.795,48.552,73.839,51.177v38.718c0.0,4.795,3.885,8.68,8.68,8.68c4.795,0.0,8.68,-3.885,8.68,-8.68v-38.718C313.126,103.819,344.918,82.285,344.918,55.267zM271.08,89.045v-2.06c0.0,-4.795,-3.885,-8.68,-8.68,-8.68c-4.795,0.0,-8.68,3.885,-8.68,8.68v2.06c-34.129,-2.383,-56.48,-18.571,-56.48,-33.778c0.001,-16.463,26.184,-34.088,65.16,-34.088s65.158,17.626,65.158,34.088C327.559,70.474,305.209,86.662,271.08,89.045z"" style=""fill:#414042;"">
  </path>
  <path d=""M266.553,319.571l-74.851,-96.771c-2.935,-3.791,-8.383,-4.489,-12.176,-1.555c-3.791,2.933,-4.488,8.385,-1.555,12.176l74.851,96.771c1.712,2.21,4.276,3.369,6.872,3.369c1.855,0.0,3.724,-0.591,5.305,-1.813C268.79,328.814,269.486,323.362,266.553,319.571z"" style=""fill:#414042;"">
  </path>
 </g>
 <path d=""M262.512,316.674l-77.165,-26.561c-4.534,-1.561,-9.473,0.849,-11.033,5.381c-1.56,4.533,0.849,9.473,5.381,11.033l77.165,26.561c0.936,0.322,1.889,0.475,2.825,0.475c3.603,0.0,6.968,-2.26,8.208,-5.857C269.454,323.173,267.044,318.235,262.512,316.674z"" style=""fill:#ED4850;"">
 </path>
 <path d=""M372.513,316.202H259.687c-4.795,0.0,-8.68,3.885,-8.68,8.68s3.885,8.68,8.68,8.68h112.825c4.795,0.0,8.68,-3.885,8.68,-8.68S377.308,316.202,372.513,316.202z"" style=""fill:#414042;"">
 </path>
</svg>


Question: What is the object in the image?",Compass,Stopwatch,watch,Thermometer,C,time_clock
24,"Examine the following SVG code carefully and answer the question based on your interpretation of the rendered image.

<svg id=""Layer_1"" style=""enable-background:new 0 0 512 512;"" version=""1.1"" viewbox=""0 0 512 512"" x=""0px"" xml:space=""preserve"" y=""0px"">
 <g>
  <g>
   <g>
    <path d=""M430.734,74.402H369.408v-51.41C369.408,12.648,361.021,4.261,350.676,4.261H171.221c-10.345,0.0,-18.732,8.387,-18.732,18.732v51.41H91.163c-28.201,0.0,-51.144,22.944,-51.144,51.145v339.57c0.0,28.201,22.944,51.144,51.144,51.144h339.57c28.201,0.0,51.144,-22.944,51.144,-51.144v-339.57C481.878,97.346,458.935,74.402,430.734,74.402zM189.953,41.724h141.99v32.678h-141.99V41.724zM430.734,478.798H91.163c-7.544,0.0,-13.68,-6.138,-13.68,-13.68v-339.57c0.0,-7.544,6.138,-13.68,13.68,-13.68c5.596,0.0,334.096,0.0,339.57,0.0c7.544,0.0,13.68,6.137,13.68,13.68v339.57h0.001C444.414,472.66,438.278,478.798,430.734,478.798z"">
    </path>
    <path d=""M398.321,139.228H123.575c-10.345,0.0,-18.732,8.387,-18.732,18.732v274.745c0.0,10.345,8.387,18.732,18.732,18.732h274.744c10.345,0.0,18.732,-8.387,18.732,-18.732V157.96C417.052,147.615,408.666,139.228,398.321,139.228zM379.589,413.973H142.308V176.691h237.281V413.973z"">
    </path>
    <path d=""M236.045,346.724l38.148,-38.146c3.513,-3.513,5.487,-8.277,5.487,-13.245v-78.195c0.0,-10.345,-8.387,-18.732,-18.732,-18.732s-18.732,8.387,-18.732,18.732v70.435l-32.661,32.661c-7.315,7.314,-7.315,19.175,0.0,26.49C216.87,354.039,228.73,354.039,236.045,346.724z"">
    </path>
   </g>
  </g>
 </g>
</svg>


Question: What shape is the outer border of the object?",Circle,Triangle,Square,Hexagon,C,time_clock
25,"Examine the following SVG code carefully and answer the question based on your interpretation of the rendered image.

<svg id=""Layer_1"" style=""enable-background:new 0 0 512 512;"" version=""1.1"" viewbox=""0 0 512 512"" x=""0px"" xml:space=""preserve"" y=""0px"">
 <g>
  <g>
   <g>
    <path d=""M430.734,74.402H369.408v-51.41C369.408,12.648,361.021,4.261,350.676,4.261H171.221c-10.345,0.0,-18.732,8.387,-18.732,18.732v51.41H91.163c-28.201,0.0,-51.144,22.944,-51.144,51.145v339.57c0.0,28.201,22.944,51.144,51.144,51.144h339.57c28.201,0.0,51.144,-22.944,51.144,-51.144v-339.57C481.878,97.346,458.935,74.402,430.734,74.402zM189.953,41.724h141.99v32.678h-141.99V41.724zM430.734,478.798H91.163c-7.544,0.0,-13.68,-6.138,-13.68,-13.68v-339.57c0.0,-7.544,6.138,-13.68,13.68,-13.68c5.596,0.0,334.096,0.0,339.57,0.0c7.544,0.0,13.68,6.137,13.68,13.68v339.57h0.001C444.414,472.66,438.278,478.798,430.734,478.798z"">
    </path>
    <path d=""M398.321,139.228H123.575c-10.345,0.0,-18.732,8.387,-18.732,18.732v274.745c0.0,10.345,8.387,18.732,18.732,18.732h274.744c10.345,0.0,18.732,-8.387,18.732,-18.732V157.96C417.052,147.615,408.666,139.228,398.321,139.228zM379.589,413.973H142.308V176.691h237.281V413.973z"">
    </path>
    <path d=""M236.045,346.724l38.148,-38.146c3.513,-3.513,5.487,-8.277,5.487,-13.245v-78.195c0.0,-10.345,-8.387,-18.732,-18.732,-18.732s-18.732,8.387,-18.732,18.732v70.435l-32.661,32.661c-7.315,7.314,-7.315,19.175,0.0,26.49C216.87,354.039,228.73,354.039,236.045,346.724z"">
    </path>
   </g>
  </g>
 </g>
</svg>


Question: What is the shape of the inner element that represents time?",Arrow,Square,Star,Heart,B,time_clock
26,"Examine the following SVG code carefully and answer the question based on your interpretation of the rendered image.

<svg id=""Layer_1"" style=""enable-background:new 0 0 512 512;"" version=""1.1"" viewbox=""0 0 512 512"" x=""0px"" xml:space=""preserve"" y=""0px"">
 <g>
  <g>
   <g>
    <path d=""M430.734,74.402H369.408v-51.41C369.408,12.648,361.021,4.261,350.676,4.261H171.221c-10.345,0.0,-18.732,8.387,-18.732,18.732v51.41H91.163c-28.201,0.0,-51.144,22.944,-51.144,51.145v339.57c0.0,28.201,22.944,51.144,51.144,51.144h339.57c28.201,0.0,51.144,-22.944,51.144,-51.144v-339.57C481.878,97.346,458.935,74.402,430.734,74.402zM189.953,41.724h141.99v32.678h-141.99V41.724zM430.734,478.798H91.163c-7.544,0.0,-13.68,-6.138,-13.68,-13.68v-339.57c0.0,-7.544,6.138,-13.68,13.68,-13.68c5.596,0.0,334.096,0.0,339.57,0.0c7.544,0.0,13.68,6.137,13.68,13.68v339.57h0.001C444.414,472.66,438.278,478.798,430.734,478.798z"">
    </path>
    <path d=""M398.321,139.228H123.575c-10.345,0.0,-18.732,8.387,-18.732,18.732v274.745c0.0,10.345,8.387,18.732,18.732,18.732h274.744c10.345,0.0,18.732,-8.387,18.732,-18.732V157.96C417.052,147.615,408.666,139.228,398.321,139.228zM379.589,413.973H142.308V176.691h237.281V413.973z"">
    </path>
    <path d=""M236.045,346.724l38.148,-38.146c3.513,-3.513,5.487,-8.277,5.487,-13.245v-78.195c0.0,-10.345,-8.387,-18.732,-18.732,-18.732s-18.732,8.387,-18.732,18.732v70.435l-32.661,32.661c-7.315,7.314,-7.315,19.175,0.0,26.49C216.87,354.039,228.73,354.039,236.045,346.724z"">
    </path>
   </g>
  </g>
 </g>
</svg>


Question: What is the position of the small rectangle on top of the object?",Bottom,Left,Right,Top,D,time_clock
27,"Examine the following SVG code carefully and answer the question based on your interpretation of the rendered image.

<svg id=""Layer_1"" style=""enable-background:new 0 0 512 512;"" version=""1.1"" viewbox=""0 0 512 512"" x=""0px"" xml:space=""preserve"" y=""0px"">
 <g>
  <g>
   <g>
    <path d=""M430.734,74.402H369.408v-51.41C369.408,12.648,361.021,4.261,350.676,4.261H171.221c-10.345,0.0,-18.732,8.387,-18.732,18.732v51.41H91.163c-28.201,0.0,-51.144,22.944,-51.144,51.145v339.57c0.0,28.201,22.944,51.144,51.144,51.144h339.57c28.201,0.0,51.144,-22.944,51.144,-51.144v-339.57C481.878,97.346,458.935,74.402,430.734,74.402zM189.953,41.724h141.99v32.678h-141.99V41.724zM430.734,478.798H91.163c-7.544,0.0,-13.68,-6.138,-13.68,-13.68v-339.57c0.0,-7.544,6.138,-13.68,13.68,-13.68c5.596,0.0,334.096,0.0,339.57,0.0c7.544,0.0,13.68,6.137,13.68,13.68v339.57h0.001C444.414,472.66,438.278,478.798,430.734,478.798z"">
    </path>
    <path d=""M398.321,139.228H123.575c-10.345,0.0,-18.732,8.387,-18.732,18.732v274.745c0.0,10.345,8.387,18.732,18.732,18.732h274.744c10.345,0.0,18.732,-8.387,18.732,-18.732V157.96C417.052,147.615,408.666,139.228,398.321,139.228zM379.589,413.973H142.308V176.691h237.281V413.973z"">
    </path>
    <path d=""M236.045,346.724l38.148,-38.146c3.513,-3.513,5.487,-8.277,5.487,-13.245v-78.195c0.0,-10.345,-8.387,-18.732,-18.732,-18.732s-18.732,8.387,-18.732,18.732v70.435l-32.661,32.661c-7.315,7.314,-7.315,19.175,0.0,26.49C216.87,354.039,228.73,354.039,236.045,346.724z"">
    </path>
   </g>
  </g>
 </g>
</svg>


Question: What is the semantic meaning of the whole object?",Calendar,Stopwatch,Clock,Thermometer,C,time_clock
32,"Examine the following SVG code carefully and answer the question based on your interpretation of the rendered image.

<svg id=""Capa_1"" style=""enable-background:new 0 0 423.115 423.115;"" version=""1.1"" viewbox=""0 0 423.115 423.115"" x=""0px"" xml:space=""preserve"" y=""0px"">
 <g>
  <path d=""M335.351,62.065c4.173,0.0,7.557,-3.384,7.557,-7.558V11.116c0.0,-4.174,-3.384,-7.558,-7.557,-7.558H93.517c-4.175,0.0,-7.559,3.384,-7.559,7.558v43.392c0.0,4.174,3.384,7.558,7.559,7.558h8.053c0.982,62.415,19.302,119.05,49.007,153.051C120.875,249.118,102.552,305.754,101.569,368.166h-8.053c-4.175,0.0,-7.559,3.384,-7.559,7.558v43.392c0.0,4.174,3.384,7.558,7.559,7.558h241.834c4.173,0.0,7.557,-3.384,7.557,-7.558v-43.392c0.0,-4.174,-3.384,-7.558,-7.557,-7.558h-8.055c-0.983,-62.412,-19.306,-119.049,-49.01,-153.05c29.703,-34.003,48.026,-90.641,49.01,-153.051H335.351zM248.012,204.127c-3.154,2.781,-4.962,6.784,-4.962,10.99c0.0,4.205,1.808,8.208,4.962,10.989c29.534,26.041,48.907,81.399,49.977,142.06H130.876c1.07,-60.662,20.441,-116.02,49.975,-142.061c3.155,-2.781,4.963,-6.784,4.963,-10.989c0.0,-4.206,-1.807,-8.208,-4.961,-10.99c-29.535,-26.043,-48.906,-81.402,-49.976,-142.063h167.113C296.919,122.726,277.546,178.085,248.012,204.127z"">
  </path>
  <path d=""M149.915,88.953c8.895,48.881,28.287,80.6,43.475,93.989c4.75,4.182,8.531,9.448,11.043,15.297v33.754c-2.51,5.85,-6.293,11.117,-11.049,15.302c-15.182,13.385,-34.574,45.104,-43.469,93.986c-0.531,2.918,0.261,5.92,2.161,8.197c1.899,2.277,4.712,3.593,7.677,3.593h109.358c2.966,0.0,5.778,-1.316,7.678,-3.593c1.9,-2.277,2.691,-5.279,2.161,-8.197c-8.895,-48.884,-28.289,-80.603,-43.47,-93.983c-4.755,-4.196,-8.541,-9.465,-11.048,-15.306v-33.75c2.507,-5.84,6.293,-11.109,11.045,-15.303c15.184,-13.384,34.577,-45.102,43.473,-93.985c0.53,-2.918,-0.261,-5.92,-2.161,-8.197c-1.899,-2.277,-4.712,-3.593,-7.678,-3.593H159.753c-2.965,0.0,-5.777,1.316,-7.677,3.593C150.176,83.033,149.384,86.035,149.915,88.953z"">
  </path>
 </g>
</svg>


Question: What shape is formed by the two main sections of the object?",Circles,Square,Rectangles,Cones,D,time_clock
33,"Examine the following SVG code carefully and answer the question based on your interpretation of the rendered image.

<svg id=""Capa_1"" style=""enable-background:new 0 0 423.115 423.115;"" version=""1.1"" viewbox=""0 0 423.115 423.115"" x=""0px"" xml:space=""preserve"" y=""0px"">
 <g>
  <path d=""M335.351,62.065c4.173,0.0,7.557,-3.384,7.557,-7.558V11.116c0.0,-4.174,-3.384,-7.558,-7.557,-7.558H93.517c-4.175,0.0,-7.559,3.384,-7.559,7.558v43.392c0.0,4.174,3.384,7.558,7.559,7.558h8.053c0.982,62.415,19.302,119.05,49.007,153.051C120.875,249.118,102.552,305.754,101.569,368.166h-8.053c-4.175,0.0,-7.559,3.384,-7.559,7.558v43.392c0.0,4.174,3.384,7.558,7.559,7.558h241.834c4.173,0.0,7.557,-3.384,7.557,-7.558v-43.392c0.0,-4.174,-3.384,-7.558,-7.557,-7.558h-8.055c-0.983,-62.412,-19.306,-119.049,-49.01,-153.05c29.703,-34.003,48.026,-90.641,49.01,-153.051H335.351zM248.012,204.127c-3.154,2.781,-4.962,6.784,-4.962,10.99c0.0,4.205,1.808,8.208,4.962,10.989c29.534,26.041,48.907,81.399,49.977,142.06H130.876c1.07,-60.662,20.441,-116.02,49.975,-142.061c3.155,-2.781,4.963,-6.784,4.963,-10.989c0.0,-4.206,-1.807,-8.208,-4.961,-10.99c-29.535,-26.043,-48.906,-81.402,-49.976,-142.063h167.113C296.919,122.726,277.546,178.085,248.012,204.127z"">
  </path>
  <path d=""M149.915,88.953c8.895,48.881,28.287,80.6,43.475,93.989c4.75,4.182,8.531,9.448,11.043,15.297v33.754c-2.51,5.85,-6.293,11.117,-11.049,15.302c-15.182,13.385,-34.574,45.104,-43.469,93.986c-0.531,2.918,0.261,5.92,2.161,8.197c1.899,2.277,4.712,3.593,7.677,3.593h109.358c2.966,0.0,5.778,-1.316,7.678,-3.593c1.9,-2.277,2.691,-5.279,2.161,-8.197c-8.895,-48.884,-28.289,-80.603,-43.47,-93.983c-4.755,-4.196,-8.541,-9.465,-11.048,-15.306v-33.75c2.507,-5.84,6.293,-11.109,11.045,-15.303c15.184,-13.384,34.577,-45.102,43.473,-93.985c0.53,-2.918,-0.261,-5.92,-2.161,-8.197c-1.899,-2.277,-4.712,-3.593,-7.678,-3.593H159.753c-2.965,0.0,-5.777,1.316,-7.677,3.593C150.176,83.033,149.384,86.035,149.915,88.953z"">
  </path>
 </g>
</svg>


Question: What is the color of the object?",Red,Blue,Black,Green,C,time_clock
34,"Examine the following SVG code carefully and answer the question based on your interpretation of the rendered image.

<svg id=""Capa_1"" style=""enable-background:new 0 0 423.115 423.115;"" version=""1.1"" viewbox=""0 0 423.115 423.115"" x=""0px"" xml:space=""preserve"" y=""0px"">
 <g>
  <path d=""M335.351,62.065c4.173,0.0,7.557,-3.384,7.557,-7.558V11.116c0.0,-4.174,-3.384,-7.558,-7.557,-7.558H93.517c-4.175,0.0,-7.559,3.384,-7.559,7.558v43.392c0.0,4.174,3.384,7.558,7.559,7.558h8.053c0.982,62.415,19.302,119.05,49.007,153.051C120.875,249.118,102.552,305.754,101.569,368.166h-8.053c-4.175,0.0,-7.559,3.384,-7.559,7.558v43.392c0.0,4.174,3.384,7.558,7.559,7.558h241.834c4.173,0.0,7.557,-3.384,7.557,-7.558v-43.392c0.0,-4.174,-3.384,-7.558,-7.557,-7.558h-8.055c-0.983,-62.412,-19.306,-119.049,-49.01,-153.05c29.703,-34.003,48.026,-90.641,49.01,-153.051H335.351zM248.012,204.127c-3.154,2.781,-4.962,6.784,-4.962,10.99c0.0,4.205,1.808,8.208,4.962,10.989c29.534,26.041,48.907,81.399,49.977,142.06H130.876c1.07,-60.662,20.441,-116.02,49.975,-142.061c3.155,-2.781,4.963,-6.784,4.963,-10.989c0.0,-4.206,-1.807,-8.208,-4.961,-10.99c-29.535,-26.043,-48.906,-81.402,-49.976,-142.063h167.113C296.919,122.726,277.546,178.085,248.012,204.127z"">
  </path>
  <path d=""M149.915,88.953c8.895,48.881,28.287,80.6,43.475,93.989c4.75,4.182,8.531,9.448,11.043,15.297v33.754c-2.51,5.85,-6.293,11.117,-11.049,15.302c-15.182,13.385,-34.574,45.104,-43.469,93.986c-0.531,2.918,0.261,5.92,2.161,8.197c1.899,2.277,4.712,3.593,7.677,3.593h109.358c2.966,0.0,5.778,-1.316,7.678,-3.593c1.9,-2.277,2.691,-5.279,2.161,-8.197c-8.895,-48.884,-28.289,-80.603,-43.47,-93.983c-4.755,-4.196,-8.541,-9.465,-11.048,-15.306v-33.75c2.507,-5.84,6.293,-11.109,11.045,-15.303c15.184,-13.384,34.577,-45.102,43.473,-93.985c0.53,-2.918,-0.261,-5.92,-2.161,-8.197c-1.899,-2.277,-4.712,-3.593,-7.678,-3.593H159.753c-2.965,0.0,-5.777,1.316,-7.677,3.593C150.176,83.033,149.384,86.035,149.915,88.953z"">
  </path>
 </g>
</svg>


Question: How many distinct sections does the object have?",Two,One,Three,Four,A,time_clock
35,"Examine the following SVG code carefully and answer the question based on your interpretation of the rendered image.

<svg id=""Capa_1"" style=""enable-background:new 0 0 423.115 423.115;"" version=""1.1"" viewbox=""0 0 423.115 423.115"" x=""0px"" xml:space=""preserve"" y=""0px"">
 <g>
  <path d=""M335.351,62.065c4.173,0.0,7.557,-3.384,7.557,-7.558V11.116c0.0,-4.174,-3.384,-7.558,-7.557,-7.558H93.517c-4.175,0.0,-7.559,3.384,-7.559,7.558v43.392c0.0,4.174,3.384,7.558,7.559,7.558h8.053c0.982,62.415,19.302,119.05,49.007,153.051C120.875,249.118,102.552,305.754,101.569,368.166h-8.053c-4.175,0.0,-7.559,3.384,-7.559,7.558v43.392c0.0,4.174,3.384,7.558,7.559,7.558h241.834c4.173,0.0,7.557,-3.384,7.557,-7.558v-43.392c0.0,-4.174,-3.384,-7.558,-7.557,-7.558h-8.055c-0.983,-62.412,-19.306,-119.049,-49.01,-153.05c29.703,-34.003,48.026,-90.641,49.01,-153.051H335.351zM248.012,204.127c-3.154,2.781,-4.962,6.784,-4.962,10.99c0.0,4.205,1.808,8.208,4.962,10.989c29.534,26.041,48.907,81.399,49.977,142.06H130.876c1.07,-60.662,20.441,-116.02,49.975,-142.061c3.155,-2.781,4.963,-6.784,4.963,-10.989c0.0,-4.206,-1.807,-8.208,-4.961,-10.99c-29.535,-26.043,-48.906,-81.402,-49.976,-142.063h167.113C296.919,122.726,277.546,178.085,248.012,204.127z"">
  </path>
  <path d=""M149.915,88.953c8.895,48.881,28.287,80.6,43.475,93.989c4.75,4.182,8.531,9.448,11.043,15.297v33.754c-2.51,5.85,-6.293,11.117,-11.049,15.302c-15.182,13.385,-34.574,45.104,-43.469,93.986c-0.531,2.918,0.261,5.92,2.161,8.197c1.899,2.277,4.712,3.593,7.677,3.593h109.358c2.966,0.0,5.778,-1.316,7.678,-3.593c1.9,-2.277,2.691,-5.279,2.161,-8.197c-8.895,-48.884,-28.289,-80.603,-43.47,-93.983c-4.755,-4.196,-8.541,-9.465,-11.048,-15.306v-33.75c2.507,-5.84,6.293,-11.109,11.045,-15.303c15.184,-13.384,34.577,-45.102,43.473,-93.985c0.53,-2.918,-0.261,-5.92,-2.161,-8.197c-1.899,-2.277,-4.712,-3.593,-7.678,-3.593H159.753c-2.965,0.0,-5.777,1.316,-7.677,3.593C150.176,83.033,149.384,86.035,149.915,88.953z"">
  </path>
 </g>
</svg>


Question: What is the object depicted in the image?",clock,hourglass,vase,bottle,B,time_clock
36,"Examine the following SVG code carefully and answer the question based on your interpretation of the rendered image.

<svg id=""Capa_1"" style=""enable-background:new 0 0 309.815 309.815;"" version=""1.1"" viewbox=""0 0 309.815 309.815"" x=""0px"" xml:space=""preserve"" y=""0px"">
 <g>
  <path d=""M157.641,2.553C72.225,2.553,2.736,72.042,2.736,157.463s69.489,154.905,154.905,154.905c85.421,0.0,154.91,-69.49,154.91,-154.905S243.056,2.553,157.641,2.553zM157.641,274.294c-64.42,0.0,-116.831,-52.411,-116.831,-116.831S93.22,40.626,157.641,40.626c64.426,0.0,116.837,52.411,116.837,116.837C274.477,221.883,222.061,274.294,157.641,274.294z"" style=""fill:#010002;"">
  </path>
  <circle cx=""68.815"" cy=""159.650"" r=""14.734"" style=""fill:#010002;"">
  </circle>
  <circle cx=""157.641"" cy=""250.460"" r=""14.734"" style=""fill:#010002;"">
  </circle>
  <circle cx=""157.641"" cy=""64.460"" r=""14.734"" style=""fill:#010002;"">
  </circle>
  <circle cx=""244.432"" cy=""159.650"" r=""14.734"" style=""fill:#010002;"">
  </circle>
  <path d=""M204.623,159.127h-39.085v-51.535c0.0,-4.509,-3.65,-8.159,-8.159,-8.159s-8.159,3.65,-8.159,8.159v59.694c0.0,4.509,3.65,8.159,8.159,8.159h47.244c4.509,0.0,8.159,-3.65,8.159,-8.159C212.782,162.782,209.132,159.127,204.623,159.127z"" style=""fill:#010002;"">
  </path>
 </g>
</svg>


Question: What shape is the outer boundary of the object?",Square,Triangle,Circle,Hexagon,C,time_clock
37,"Examine the following SVG code carefully and answer the question based on your interpretation of the rendered image.

<svg id=""Capa_1"" style=""enable-background:new 0 0 309.815 309.815;"" version=""1.1"" viewbox=""0 0 309.815 309.815"" x=""0px"" xml:space=""preserve"" y=""0px"">
 <g>
  <path d=""M157.641,2.553C72.225,2.553,2.736,72.042,2.736,157.463s69.489,154.905,154.905,154.905c85.421,0.0,154.91,-69.49,154.91,-154.905S243.056,2.553,157.641,2.553zM157.641,274.294c-64.42,0.0,-116.831,-52.411,-116.831,-116.831S93.22,40.626,157.641,40.626c64.426,0.0,116.837,52.411,116.837,116.837C274.477,221.883,222.061,274.294,157.641,274.294z"" style=""fill:#010002;"">
  </path>
  <circle cx=""68.815"" cy=""159.650"" r=""14.734"" style=""fill:#010002;"">
  </circle>
  <circle cx=""157.641"" cy=""250.460"" r=""14.734"" style=""fill:#010002;"">
  </circle>
  <circle cx=""157.641"" cy=""64.460"" r=""14.734"" style=""fill:#010002;"">
  </circle>
  <circle cx=""244.432"" cy=""159.650"" r=""14.734"" style=""fill:#010002;"">
  </circle>
  <path d=""M204.623,159.127h-39.085v-51.535c0.0,-4.509,-3.65,-8.159,-8.159,-8.159s-8.159,3.65,-8.159,8.159v59.694c0.0,4.509,3.65,8.159,8.159,8.159h47.244c4.509,0.0,8.159,-3.65,8.159,-8.159C212.782,162.782,209.132,159.127,204.623,159.127z"" style=""fill:#010002;"">
  </path>
 </g>
</svg>


Question: How many small dots are inside the object?",2,3,5,4,D,time_clock
38,"Examine the following SVG code carefully and answer the question based on your interpretation of the rendered image.

<svg id=""Capa_1"" style=""enable-background:new 0 0 309.815 309.815;"" version=""1.1"" viewbox=""0 0 309.815 309.815"" x=""0px"" xml:space=""preserve"" y=""0px"">
 <g>
  <path d=""M157.641,2.553C72.225,2.553,2.736,72.042,2.736,157.463s69.489,154.905,154.905,154.905c85.421,0.0,154.91,-69.49,154.91,-154.905S243.056,2.553,157.641,2.553zM157.641,274.294c-64.42,0.0,-116.831,-52.411,-116.831,-116.831S93.22,40.626,157.641,40.626c64.426,0.0,116.837,52.411,116.837,116.837C274.477,221.883,222.061,274.294,157.641,274.294z"" style=""fill:#010002;"">
  </path>
  <circle cx=""68.815"" cy=""159.650"" r=""14.734"" style=""fill:#010002;"">
  </circle>
  <circle cx=""157.641"" cy=""250.460"" r=""14.734"" style=""fill:#010002;"">
  </circle>
  <circle cx=""157.641"" cy=""64.460"" r=""14.734"" style=""fill:#010002;"">
  </circle>
  <circle cx=""244.432"" cy=""159.650"" r=""14.734"" style=""fill:#010002;"">
  </circle>
  <path d=""M204.623,159.127h-39.085v-51.535c0.0,-4.509,-3.65,-8.159,-8.159,-8.159s-8.159,3.65,-8.159,8.159v59.694c0.0,4.509,3.65,8.159,8.159,8.159h47.244c4.509,0.0,8.159,-3.65,8.159,-8.159C212.782,162.782,209.132,159.127,204.623,159.127z"" style=""fill:#010002;"">
  </path>
 </g>
</svg>


Question: What is the position of the small circle at the top relative to the center?",Left,Right,Below,Above,D,time_clock
39,"Examine the following SVG code carefully and answer the question based on your interpretation of the rendered image.

<svg id=""Capa_1"" style=""enable-background:new 0 0 309.815 309.815;"" version=""1.1"" viewbox=""0 0 309.815 309.815"" x=""0px"" xml:space=""preserve"" y=""0px"">
 <g>
  <path d=""M157.641,2.553C72.225,2.553,2.736,72.042,2.736,157.463s69.489,154.905,154.905,154.905c85.421,0.0,154.91,-69.49,154.91,-154.905S243.056,2.553,157.641,2.553zM157.641,274.294c-64.42,0.0,-116.831,-52.411,-116.831,-116.831S93.22,40.626,157.641,40.626c64.426,0.0,116.837,52.411,116.837,116.837C274.477,221.883,222.061,274.294,157.641,274.294z"" style=""fill:#010002;"">
  </path>
  <circle cx=""68.815"" cy=""159.650"" r=""14.734"" style=""fill:#010002;"">
  </circle>
  <circle cx=""157.641"" cy=""250.460"" r=""14.734"" style=""fill:#010002;"">
  </circle>
  <circle cx=""157.641"" cy=""64.460"" r=""14.734"" style=""fill:#010002;"">
  </circle>
  <circle cx=""244.432"" cy=""159.650"" r=""14.734"" style=""fill:#010002;"">
  </circle>
  <path d=""M204.623,159.127h-39.085v-51.535c0.0,-4.509,-3.65,-8.159,-8.159,-8.159s-8.159,3.65,-8.159,8.159v59.694c0.0,4.509,3.65,8.159,8.159,8.159h47.244c4.509,0.0,8.159,-3.65,8.159,-8.159C212.782,162.782,209.132,159.127,204.623,159.127z"" style=""fill:#010002;"">
  </path>
 </g>
</svg>


Question: What is the object in the image?",Compass,Clock,Thermometer,Speedometer,B,time_clock
40,"Examine the following SVG code carefully and answer the question based on your interpretation of the rendered image.

<svg id=""Capa_1"" style=""enable-background:new 0 0 58.156 58.156;"" version=""1.1"" viewbox=""0 0 58.156 58.156"" x=""0px"" xml:space=""preserve"" y=""0px"">
 <g>
  <path d=""M50.504,10.242l4.096,4.096c0.188,0.188,0.442,0.293,0.707,0.293s0.52,-0.105,0.707,-0.293c3.167,-3.166,3.167,-8.319,0.0,-11.485C54.481,1.32,52.441,0.475,50.272,0.475c-2.169,0.0,-4.208,0.845,-5.742,2.378c-0.188,0.188,-0.293,0.441,-0.293,0.707s0.105,0.52,0.293,0.707l4.561,4.561l-1.699,1.699c-4.78,-4.284,-11.089,-6.896,-17.998,-6.896S16.175,6.243,11.395,10.527L9.696,8.828l4.561,-4.561c0.188,-0.188,0.293,-0.441,0.293,-0.707s-0.105,-0.52,-0.293,-0.707C12.723,1.32,10.684,0.475,8.515,0.475C6.345,0.475,4.306,1.32,2.772,2.853c-3.167,3.166,-3.167,8.319,0.0,11.485c0.188,0.188,0.442,0.293,0.707,0.293s0.52,-0.105,0.707,-0.293l4.096,-4.096l1.676,1.676C5.279,16.775,2.393,23.371,2.393,30.631c0.0,9.898,5.357,18.564,13.321,23.265l-3.028,3.028c-0.391,0.391,-0.391,1.023,0.0,1.414c0.195,0.195,0.451,0.293,0.707,0.293s0.512,-0.098,0.707,-0.293l3.45,-3.45c3.578,1.754,7.597,2.743,11.843,2.743s8.265,-0.989,11.843,-2.743l3.45,3.45c0.195,0.195,0.451,0.293,0.707,0.293s0.512,-0.098,0.707,-0.293c0.391,-0.391,0.391,-1.023,0.0,-1.414l-3.028,-3.028c7.964,-4.701,13.321,-13.367,13.321,-23.265c0.0,-7.26,-2.886,-13.856,-7.565,-18.713L50.504,10.242zM8.393,31.51h-1.0c-0.552,0.0,-1.0,-0.447,-1.0,-1.0s0.448,-1.0,1.0,-1.0h1.0c0.552,0.0,1.0,0.447,1.0,1.0S8.945,31.51,8.393,31.51zM15.251,46.067l-0.707,0.707c-0.195,0.195,-0.451,0.293,-0.707,0.293s-0.512,-0.098,-0.707,-0.293c-0.391,-0.391,-0.391,-1.023,0.0,-1.414l0.707,-0.707c0.391,-0.391,1.023,-0.391,1.414,0.0S15.642,45.676,15.251,46.067zM15.251,16.368c-0.195,0.195,-0.451,0.293,-0.707,0.293s-0.512,-0.098,-0.707,-0.293l-0.707,-0.707c-0.391,-0.391,-0.391,-1.023,0.0,-1.414s1.023,-0.391,1.414,0.0l0.707,0.707C15.642,15.344,15.642,15.977,15.251,16.368zM28.393,8.51c0.0,-0.553,0.448,-1.0,1.0,-1.0s1.0,0.447,1.0,1.0v1.0c0.0,0.553,-0.448,1.0,-1.0,1.0s-1.0,-0.447,-1.0,-1.0V8.51zM30.393,52.51c0.0,0.553,-0.448,1.0,-1.0,1.0s-1.0,-0.447,-1.0,-1.0v-1.0c0.0,-0.553,0.448,-1.0,1.0,-1.0s1.0,0.447,1.0,1.0V52.51zM40.393,31.631h-7.142c-0.447,1.72,-2.0,3.0,-3.858,3.0c-2.206,0.0,-4.0,-1.794,-4.0,-4.0c0.0,-1.859,1.28,-3.411,3.0,-3.858V16.631c0.0,-0.553,0.448,-1.0,1.0,-1.0s1.0,0.447,1.0,1.0v10.142c1.399,0.364,2.494,1.459,2.858,2.858h7.142c0.552,0.0,1.0,0.447,1.0,1.0S40.945,31.631,40.393,31.631zM45.656,46.774c-0.195,0.195,-0.451,0.293,-0.707,0.293s-0.512,-0.098,-0.707,-0.293l-0.707,-0.707c-0.391,-0.391,-0.391,-1.023,0.0,-1.414s1.023,-0.391,1.414,0.0l0.707,0.707C46.047,45.75,46.047,46.383,45.656,46.774zM45.656,15.661l-0.707,0.707c-0.195,0.195,-0.451,0.293,-0.707,0.293s-0.512,-0.098,-0.707,-0.293c-0.391,-0.391,-0.391,-1.023,0.0,-1.414l0.707,-0.707c0.391,-0.391,1.023,-0.391,1.414,0.0S46.047,15.27,45.656,15.661zM50.393,29.51h1.0c0.552,0.0,1.0,0.447,1.0,1.0s-0.448,1.0,-1.0,1.0h-1.0c-0.552,0.0,-1.0,-0.447,-1.0,-1.0S49.841,29.51,50.393,29.51z"">
  </path>
  <circle cx=""29.393"" cy=""30.631"" r=""2"">
  </circle>
 </g>
</svg>


Question: What shape is the object in the image?",Square,Triangle,Circle,Rectangle,C,time_clock
41,"Examine the following SVG code carefully and answer the question based on your interpretation of the rendered image.

<svg id=""Capa_1"" style=""enable-background:new 0 0 58.156 58.156;"" version=""1.1"" viewbox=""0 0 58.156 58.156"" x=""0px"" xml:space=""preserve"" y=""0px"">
 <g>
  <path d=""M50.504,10.242l4.096,4.096c0.188,0.188,0.442,0.293,0.707,0.293s0.52,-0.105,0.707,-0.293c3.167,-3.166,3.167,-8.319,0.0,-11.485C54.481,1.32,52.441,0.475,50.272,0.475c-2.169,0.0,-4.208,0.845,-5.742,2.378c-0.188,0.188,-0.293,0.441,-0.293,0.707s0.105,0.52,0.293,0.707l4.561,4.561l-1.699,1.699c-4.78,-4.284,-11.089,-6.896,-17.998,-6.896S16.175,6.243,11.395,10.527L9.696,8.828l4.561,-4.561c0.188,-0.188,0.293,-0.441,0.293,-0.707s-0.105,-0.52,-0.293,-0.707C12.723,1.32,10.684,0.475,8.515,0.475C6.345,0.475,4.306,1.32,2.772,2.853c-3.167,3.166,-3.167,8.319,0.0,11.485c0.188,0.188,0.442,0.293,0.707,0.293s0.52,-0.105,0.707,-0.293l4.096,-4.096l1.676,1.676C5.279,16.775,2.393,23.371,2.393,30.631c0.0,9.898,5.357,18.564,13.321,23.265l-3.028,3.028c-0.391,0.391,-0.391,1.023,0.0,1.414c0.195,0.195,0.451,0.293,0.707,0.293s0.512,-0.098,0.707,-0.293l3.45,-3.45c3.578,1.754,7.597,2.743,11.843,2.743s8.265,-0.989,11.843,-2.743l3.45,3.45c0.195,0.195,0.451,0.293,0.707,0.293s0.512,-0.098,0.707,-0.293c0.391,-0.391,0.391,-1.023,0.0,-1.414l-3.028,-3.028c7.964,-4.701,13.321,-13.367,13.321,-23.265c0.0,-7.26,-2.886,-13.856,-7.565,-18.713L50.504,10.242zM8.393,31.51h-1.0c-0.552,0.0,-1.0,-0.447,-1.0,-1.0s0.448,-1.0,1.0,-1.0h1.0c0.552,0.0,1.0,0.447,1.0,1.0S8.945,31.51,8.393,31.51zM15.251,46.067l-0.707,0.707c-0.195,0.195,-0.451,0.293,-0.707,0.293s-0.512,-0.098,-0.707,-0.293c-0.391,-0.391,-0.391,-1.023,0.0,-1.414l0.707,-0.707c0.391,-0.391,1.023,-0.391,1.414,0.0S15.642,45.676,15.251,46.067zM15.251,16.368c-0.195,0.195,-0.451,0.293,-0.707,0.293s-0.512,-0.098,-0.707,-0.293l-0.707,-0.707c-0.391,-0.391,-0.391,-1.023,0.0,-1.414s1.023,-0.391,1.414,0.0l0.707,0.707C15.642,15.344,15.642,15.977,15.251,16.368zM28.393,8.51c0.0,-0.553,0.448,-1.0,1.0,-1.0s1.0,0.447,1.0,1.0v1.0c0.0,0.553,-0.448,1.0,-1.0,1.0s-1.0,-0.447,-1.0,-1.0V8.51zM30.393,52.51c0.0,0.553,-0.448,1.0,-1.0,1.0s-1.0,-0.447,-1.0,-1.0v-1.0c0.0,-0.553,0.448,-1.0,1.0,-1.0s1.0,0.447,1.0,1.0V52.51zM40.393,31.631h-7.142c-0.447,1.72,-2.0,3.0,-3.858,3.0c-2.206,0.0,-4.0,-1.794,-4.0,-4.0c0.0,-1.859,1.28,-3.411,3.0,-3.858V16.631c0.0,-0.553,0.448,-1.0,1.0,-1.0s1.0,0.447,1.0,1.0v10.142c1.399,0.364,2.494,1.459,2.858,2.858h7.142c0.552,0.0,1.0,0.447,1.0,1.0S40.945,31.631,40.393,31.631zM45.656,46.774c-0.195,0.195,-0.451,0.293,-0.707,0.293s-0.512,-0.098,-0.707,-0.293l-0.707,-0.707c-0.391,-0.391,-0.391,-1.023,0.0,-1.414s1.023,-0.391,1.414,0.0l0.707,0.707C46.047,45.75,46.047,46.383,45.656,46.774zM45.656,15.661l-0.707,0.707c-0.195,0.195,-0.451,0.293,-0.707,0.293s-0.512,-0.098,-0.707,-0.293c-0.391,-0.391,-0.391,-1.023,0.0,-1.414l0.707,-0.707c0.391,-0.391,1.023,-0.391,1.414,0.0S46.047,15.27,45.656,15.661zM50.393,29.51h1.0c0.552,0.0,1.0,0.447,1.0,1.0s-0.448,1.0,-1.0,1.0h-1.0c-0.552,0.0,-1.0,-0.447,-1.0,-1.0S49.841,29.51,50.393,29.51z"">
  </path>
  <circle cx=""29.393"" cy=""30.631"" r=""2"">
  </circle>
 </g>
</svg>


Question: How many hands does the object have?",Two,One,Three,Four,A,time_clock
42,"Examine the following SVG code carefully and answer the question based on your interpretation of the rendered image.

<svg id=""Capa_1"" style=""enable-background:new 0 0 58.156 58.156;"" version=""1.1"" viewbox=""0 0 58.156 58.156"" x=""0px"" xml:space=""preserve"" y=""0px"">
 <g>
  <path d=""M50.504,10.242l4.096,4.096c0.188,0.188,0.442,0.293,0.707,0.293s0.52,-0.105,0.707,-0.293c3.167,-3.166,3.167,-8.319,0.0,-11.485C54.481,1.32,52.441,0.475,50.272,0.475c-2.169,0.0,-4.208,0.845,-5.742,2.378c-0.188,0.188,-0.293,0.441,-0.293,0.707s0.105,0.52,0.293,0.707l4.561,4.561l-1.699,1.699c-4.78,-4.284,-11.089,-6.896,-17.998,-6.896S16.175,6.243,11.395,10.527L9.696,8.828l4.561,-4.561c0.188,-0.188,0.293,-0.441,0.293,-0.707s-0.105,-0.52,-0.293,-0.707C12.723,1.32,10.684,0.475,8.515,0.475C6.345,0.475,4.306,1.32,2.772,2.853c-3.167,3.166,-3.167,8.319,0.0,11.485c0.188,0.188,0.442,0.293,0.707,0.293s0.52,-0.105,0.707,-0.293l4.096,-4.096l1.676,1.676C5.279,16.775,2.393,23.371,2.393,30.631c0.0,9.898,5.357,18.564,13.321,23.265l-3.028,3.028c-0.391,0.391,-0.391,1.023,0.0,1.414c0.195,0.195,0.451,0.293,0.707,0.293s0.512,-0.098,0.707,-0.293l3.45,-3.45c3.578,1.754,7.597,2.743,11.843,2.743s8.265,-0.989,11.843,-2.743l3.45,3.45c0.195,0.195,0.451,0.293,0.707,0.293s0.512,-0.098,0.707,-0.293c0.391,-0.391,0.391,-1.023,0.0,-1.414l-3.028,-3.028c7.964,-4.701,13.321,-13.367,13.321,-23.265c0.0,-7.26,-2.886,-13.856,-7.565,-18.713L50.504,10.242zM8.393,31.51h-1.0c-0.552,0.0,-1.0,-0.447,-1.0,-1.0s0.448,-1.0,1.0,-1.0h1.0c0.552,0.0,1.0,0.447,1.0,1.0S8.945,31.51,8.393,31.51zM15.251,46.067l-0.707,0.707c-0.195,0.195,-0.451,0.293,-0.707,0.293s-0.512,-0.098,-0.707,-0.293c-0.391,-0.391,-0.391,-1.023,0.0,-1.414l0.707,-0.707c0.391,-0.391,1.023,-0.391,1.414,0.0S15.642,45.676,15.251,46.067zM15.251,16.368c-0.195,0.195,-0.451,0.293,-0.707,0.293s-0.512,-0.098,-0.707,-0.293l-0.707,-0.707c-0.391,-0.391,-0.391,-1.023,0.0,-1.414s1.023,-0.391,1.414,0.0l0.707,0.707C15.642,15.344,15.642,15.977,15.251,16.368zM28.393,8.51c0.0,-0.553,0.448,-1.0,1.0,-1.0s1.0,0.447,1.0,1.0v1.0c0.0,0.553,-0.448,1.0,-1.0,1.0s-1.0,-0.447,-1.0,-1.0V8.51zM30.393,52.51c0.0,0.553,-0.448,1.0,-1.0,1.0s-1.0,-0.447,-1.0,-1.0v-1.0c0.0,-0.553,0.448,-1.0,1.0,-1.0s1.0,0.447,1.0,1.0V52.51zM40.393,31.631h-7.142c-0.447,1.72,-2.0,3.0,-3.858,3.0c-2.206,0.0,-4.0,-1.794,-4.0,-4.0c0.0,-1.859,1.28,-3.411,3.0,-3.858V16.631c0.0,-0.553,0.448,-1.0,1.0,-1.0s1.0,0.447,1.0,1.0v10.142c1.399,0.364,2.494,1.459,2.858,2.858h7.142c0.552,0.0,1.0,0.447,1.0,1.0S40.945,31.631,40.393,31.631zM45.656,46.774c-0.195,0.195,-0.451,0.293,-0.707,0.293s-0.512,-0.098,-0.707,-0.293l-0.707,-0.707c-0.391,-0.391,-0.391,-1.023,0.0,-1.414s1.023,-0.391,1.414,0.0l0.707,0.707C46.047,45.75,46.047,46.383,45.656,46.774zM45.656,15.661l-0.707,0.707c-0.195,0.195,-0.451,0.293,-0.707,0.293s-0.512,-0.098,-0.707,-0.293c-0.391,-0.391,-0.391,-1.023,0.0,-1.414l0.707,-0.707c0.391,-0.391,1.023,-0.391,1.414,0.0S46.047,15.27,45.656,15.661zM50.393,29.51h1.0c0.552,0.0,1.0,0.447,1.0,1.0s-0.448,1.0,-1.0,1.0h-1.0c-0.552,0.0,-1.0,-0.447,-1.0,-1.0S49.841,29.51,50.393,29.51z"">
  </path>
  <circle cx=""29.393"" cy=""30.631"" r=""2"">
  </circle>
 </g>
</svg>


Question: What is located at the top of the object?",bell,handle,button,light,A,time_clock
43,"Examine the following SVG code carefully and answer the question based on your interpretation of the rendered image.

<svg id=""Capa_1"" style=""enable-background:new 0 0 58.156 58.156;"" version=""1.1"" viewbox=""0 0 58.156 58.156"" x=""0px"" xml:space=""preserve"" y=""0px"">
 <g>
  <path d=""M50.504,10.242l4.096,4.096c0.188,0.188,0.442,0.293,0.707,0.293s0.52,-0.105,0.707,-0.293c3.167,-3.166,3.167,-8.319,0.0,-11.485C54.481,1.32,52.441,0.475,50.272,0.475c-2.169,0.0,-4.208,0.845,-5.742,2.378c-0.188,0.188,-0.293,0.441,-0.293,0.707s0.105,0.52,0.293,0.707l4.561,4.561l-1.699,1.699c-4.78,-4.284,-11.089,-6.896,-17.998,-6.896S16.175,6.243,11.395,10.527L9.696,8.828l4.561,-4.561c0.188,-0.188,0.293,-0.441,0.293,-0.707s-0.105,-0.52,-0.293,-0.707C12.723,1.32,10.684,0.475,8.515,0.475C6.345,0.475,4.306,1.32,2.772,2.853c-3.167,3.166,-3.167,8.319,0.0,11.485c0.188,0.188,0.442,0.293,0.707,0.293s0.52,-0.105,0.707,-0.293l4.096,-4.096l1.676,1.676C5.279,16.775,2.393,23.371,2.393,30.631c0.0,9.898,5.357,18.564,13.321,23.265l-3.028,3.028c-0.391,0.391,-0.391,1.023,0.0,1.414c0.195,0.195,0.451,0.293,0.707,0.293s0.512,-0.098,0.707,-0.293l3.45,-3.45c3.578,1.754,7.597,2.743,11.843,2.743s8.265,-0.989,11.843,-2.743l3.45,3.45c0.195,0.195,0.451,0.293,0.707,0.293s0.512,-0.098,0.707,-0.293c0.391,-0.391,0.391,-1.023,0.0,-1.414l-3.028,-3.028c7.964,-4.701,13.321,-13.367,13.321,-23.265c0.0,-7.26,-2.886,-13.856,-7.565,-18.713L50.504,10.242zM8.393,31.51h-1.0c-0.552,0.0,-1.0,-0.447,-1.0,-1.0s0.448,-1.0,1.0,-1.0h1.0c0.552,0.0,1.0,0.447,1.0,1.0S8.945,31.51,8.393,31.51zM15.251,46.067l-0.707,0.707c-0.195,0.195,-0.451,0.293,-0.707,0.293s-0.512,-0.098,-0.707,-0.293c-0.391,-0.391,-0.391,-1.023,0.0,-1.414l0.707,-0.707c0.391,-0.391,1.023,-0.391,1.414,0.0S15.642,45.676,15.251,46.067zM15.251,16.368c-0.195,0.195,-0.451,0.293,-0.707,0.293s-0.512,-0.098,-0.707,-0.293l-0.707,-0.707c-0.391,-0.391,-0.391,-1.023,0.0,-1.414s1.023,-0.391,1.414,0.0l0.707,0.707C15.642,15.344,15.642,15.977,15.251,16.368zM28.393,8.51c0.0,-0.553,0.448,-1.0,1.0,-1.0s1.0,0.447,1.0,1.0v1.0c0.0,0.553,-0.448,1.0,-1.0,1.0s-1.0,-0.447,-1.0,-1.0V8.51zM30.393,52.51c0.0,0.553,-0.448,1.0,-1.0,1.0s-1.0,-0.447,-1.0,-1.0v-1.0c0.0,-0.553,0.448,-1.0,1.0,-1.0s1.0,0.447,1.0,1.0V52.51zM40.393,31.631h-7.142c-0.447,1.72,-2.0,3.0,-3.858,3.0c-2.206,0.0,-4.0,-1.794,-4.0,-4.0c0.0,-1.859,1.28,-3.411,3.0,-3.858V16.631c0.0,-0.553,0.448,-1.0,1.0,-1.0s1.0,0.447,1.0,1.0v10.142c1.399,0.364,2.494,1.459,2.858,2.858h7.142c0.552,0.0,1.0,0.447,1.0,1.0S40.945,31.631,40.393,31.631zM45.656,46.774c-0.195,0.195,-0.451,0.293,-0.707,0.293s-0.512,-0.098,-0.707,-0.293l-0.707,-0.707c-0.391,-0.391,-0.391,-1.023,0.0,-1.414s1.023,-0.391,1.414,0.0l0.707,0.707C46.047,45.75,46.047,46.383,45.656,46.774zM45.656,15.661l-0.707,0.707c-0.195,0.195,-0.451,0.293,-0.707,0.293s-0.512,-0.098,-0.707,-0.293c-0.391,-0.391,-0.391,-1.023,0.0,-1.414l0.707,-0.707c0.391,-0.391,1.023,-0.391,1.414,0.0S46.047,15.27,45.656,15.661zM50.393,29.51h1.0c0.552,0.0,1.0,0.447,1.0,1.0s-0.448,1.0,-1.0,1.0h-1.0c-0.552,0.0,-1.0,-0.447,-1.0,-1.0S49.841,29.51,50.393,29.51z"">
  </path>
  <circle cx=""29.393"" cy=""30.631"" r=""2"">
  </circle>
 </g>
</svg>


Question: What is the object in the image?",compass,clock,camera,fan,B,time_clock
48,"Examine the following SVG code carefully and answer the question based on your interpretation of the rendered image.

<svg id=""Capa_1"" style=""enable-background:new 0 0 244 244;"" version=""1.1"" viewbox=""0 0 244 244"" x=""0px"" xml:space=""preserve"" y=""0px"">
 <path d=""M2.205,51.108v130.0h30.5v15.852h50.668v-15.852h81.666v15.852H215.705v-15.852H246.205v-130.0H2.205zM226.205,161.108H22.205v-90.0h204.0V161.108zM76.414,99.608h-9.834v-15.0h24.834v62.834h-15.0V99.608zM43.832,99.608h-9.834v-15.0h24.834v62.834h-15.0V99.608zM164.996,84.608h-38.83v63.0h38.83V84.608zM149.996,132.608h-8.83v-33.0h8.83V132.608zM211.914,84.608h-38.83v63.0h38.83V84.608zM196.914,132.608h-8.83v-33.0h8.83V132.608zM115.08,107.858h-15.0v-15.0h15.0V107.858zM115.08,139.358h-15.0v-15.0h15.0V139.358z"">
 </path>
</svg>


Question: What is the shape of the object in the image?",Circle,Square,Triangle,Rectangle,D,time_clock
49,"Examine the following SVG code carefully and answer the question based on your interpretation of the rendered image.

<svg id=""Capa_1"" style=""enable-background:new 0 0 244 244;"" version=""1.1"" viewbox=""0 0 244 244"" x=""0px"" xml:space=""preserve"" y=""0px"">
 <path d=""M2.205,51.108v130.0h30.5v15.852h50.668v-15.852h81.666v15.852H215.705v-15.852H246.205v-130.0H2.205zM226.205,161.108H22.205v-90.0h204.0V161.108zM76.414,99.608h-9.834v-15.0h24.834v62.834h-15.0V99.608zM43.832,99.608h-9.834v-15.0h24.834v62.834h-15.0V99.608zM164.996,84.608h-38.83v63.0h38.83V84.608zM149.996,132.608h-8.83v-33.0h8.83V132.608zM211.914,84.608h-38.83v63.0h38.83V84.608zM196.914,132.608h-8.83v-33.0h8.83V132.608zM115.08,107.858h-15.0v-15.0h15.0V107.858zM115.08,139.358h-15.0v-15.0h15.0V139.358z"">
 </path>
</svg>


Question: How many digits are displayed on the object?",2,3,5,4,D,time_clock
50,"Examine the following SVG code carefully and answer the question based on your interpretation of the rendered image.

<svg id=""Capa_1"" style=""enable-background:new 0 0 244 244;"" version=""1.1"" viewbox=""0 0 244 244"" x=""0px"" xml:space=""preserve"" y=""0px"">
 <path d=""M2.205,51.108v130.0h30.5v15.852h50.668v-15.852h81.666v15.852H215.705v-15.852H246.205v-130.0H2.205zM226.205,161.108H22.205v-90.0h204.0V161.108zM76.414,99.608h-9.834v-15.0h24.834v62.834h-15.0V99.608zM43.832,99.608h-9.834v-15.0h24.834v62.834h-15.0V99.608zM164.996,84.608h-38.83v63.0h38.83V84.608zM149.996,132.608h-8.83v-33.0h8.83V132.608zM211.914,84.608h-38.83v63.0h38.83V84.608zM196.914,132.608h-8.83v-33.0h8.83V132.608zM115.08,107.858h-15.0v-15.0h15.0V107.858zM115.08,139.358h-15.0v-15.0h15.0V139.358z"">
 </path>
</svg>


Question: What is the color of the digits displayed on the object?",Red,Blue,Green,Black,D,time_clock
51,"Examine the following SVG code carefully and answer the question based on your interpretation of the rendered image.

<svg id=""Capa_1"" style=""enable-background:new 0 0 244 244;"" version=""1.1"" viewbox=""0 0 244 244"" x=""0px"" xml:space=""preserve"" y=""0px"">
 <path d=""M2.205,51.108v130.0h30.5v15.852h50.668v-15.852h81.666v15.852H215.705v-15.852H246.205v-130.0H2.205zM226.205,161.108H22.205v-90.0h204.0V161.108zM76.414,99.608h-9.834v-15.0h24.834v62.834h-15.0V99.608zM43.832,99.608h-9.834v-15.0h24.834v62.834h-15.0V99.608zM164.996,84.608h-38.83v63.0h38.83V84.608zM149.996,132.608h-8.83v-33.0h8.83V132.608zM211.914,84.608h-38.83v63.0h38.83V84.608zM196.914,132.608h-8.83v-33.0h8.83V132.608zM115.08,107.858h-15.0v-15.0h15.0V107.858zM115.08,139.358h-15.0v-15.0h15.0V139.358z"">
 </path>
</svg>


Question: What type of object is shown in the image?",Calculator,Clock,Thermometer,Control,B,time_clock
52,"Examine the following SVG code carefully and answer the question based on your interpretation of the rendered image.

<svg id=""Layer_1"" style=""enable-background:new 0 0 512 512;"" version=""1.1"" viewbox=""0 0 512 512"" x=""0px"" xml:space=""preserve"" y=""0px"">
 <g>
  <g>
   <g>
    <path d=""M494.901,3.766H25.567C13.785,3.766,4.234,13.317,4.234,25.099v469.333C4.234,506.215,13.785,515.766,25.567,515.766h469.333c11.782,0.0,21.333,-9.551,21.333,-21.333V25.099C516.234,13.317,506.683,3.766,494.901,3.766zM473.567,473.099H46.901V46.433h426.667V473.099z"">
    </path>
    <path d=""M260.234,131.766c11.782,0.0,21.333,-9.551,21.333,-21.333V89.099C281.567,77.317,272.016,67.766,260.234,67.766s-21.333,9.551,-21.333,21.333v21.333C238.901,122.215,248.452,131.766,260.234,131.766z"">
    </path>
    <path d=""M260.234,387.766c-11.782,0.0,-21.333,9.551,-21.333,21.333v21.333c0.0,11.782,9.551,21.333,21.333,21.333s21.333,-9.551,21.333,-21.333v-21.333C281.567,397.317,272.016,387.766,260.234,387.766z"">
    </path>
    <path d=""M89.567,281.099h21.333c11.782,0.0,21.333,-9.551,21.333,-21.333s-9.551,-21.333,-21.333,-21.333H89.567C77.785,238.433,68.234,247.984,68.234,259.766S77.785,281.099,89.567,281.099z"">
    </path>
    <path d=""M409.567,281.099h21.333c11.782,0.0,21.333,-9.551,21.333,-21.333s-9.551,-21.333,-21.333,-21.333h-21.333C397.785,238.433,388.234,247.984,388.234,259.766S397.785,281.099,409.567,281.099z"">
    </path>
    <path d=""M424.652,125.518l21.333,-21.333c8.331,-8.331,8.331,-21.839,0.0,-30.17c-8.331,-8.331,-21.839,-8.331,-30.17,0.0l-21.333,21.333c-8.331,8.331,-8.331,21.839,0.0,30.17C402.814,133.849,416.321,133.849,424.652,125.518z"">
    </path>
    <path d=""M95.816,394.014l-21.333,21.333c-8.331,8.331,-8.331,21.839,0.0,30.17c8.331,8.331,21.839,8.331,30.17,0.0l21.333,-21.333c8.331,-8.331,8.331,-21.839,0.0,-30.17C117.654,385.683,104.147,385.683,95.816,394.014z"">
    </path>
    <path d=""M95.816,125.518c8.331,8.331,21.839,8.331,30.17,0.0c8.331,-8.331,8.331,-21.839,0.0,-30.17l-21.333,-21.333c-8.331,-8.331,-21.839,-8.331,-30.17,0.0s-8.331,21.839,0.0,30.17L95.816,125.518z"">
    </path>
    <path d=""M424.652,394.014c-8.331,-8.331,-21.839,-8.331,-30.17,0.0s-8.331,21.839,0.0,30.17l21.333,21.333c8.331,8.331,21.839,8.331,30.17,0.0c8.331,-8.331,8.331,-21.839,0.0,-30.17L424.652,394.014z"">
    </path>
    <path d=""M196.234,281.099h64.0c11.782,0.0,21.333,-9.551,21.333,-21.333v-85.333c0.0,-11.782,-9.551,-21.333,-21.333,-21.333s-21.333,9.551,-21.333,21.333v64.0H196.234c-11.782,0.0,-21.333,9.551,-21.333,21.333S184.452,281.099,196.234,281.099z"">
    </path>
   </g>
  </g>
 </g>
</svg>


Question: How many dots are there in the image?",4,6,10,8,D,time_clock
53,"Examine the following SVG code carefully and answer the question based on your interpretation of the rendered image.

<svg id=""Layer_1"" style=""enable-background:new 0 0 512 512;"" version=""1.1"" viewbox=""0 0 512 512"" x=""0px"" xml:space=""preserve"" y=""0px"">
 <g>
  <g>
   <g>
    <path d=""M494.901,3.766H25.567C13.785,3.766,4.234,13.317,4.234,25.099v469.333C4.234,506.215,13.785,515.766,25.567,515.766h469.333c11.782,0.0,21.333,-9.551,21.333,-21.333V25.099C516.234,13.317,506.683,3.766,494.901,3.766zM473.567,473.099H46.901V46.433h426.667V473.099z"">
    </path>
    <path d=""M260.234,131.766c11.782,0.0,21.333,-9.551,21.333,-21.333V89.099C281.567,77.317,272.016,67.766,260.234,67.766s-21.333,9.551,-21.333,21.333v21.333C238.901,122.215,248.452,131.766,260.234,131.766z"">
    </path>
    <path d=""M260.234,387.766c-11.782,0.0,-21.333,9.551,-21.333,21.333v21.333c0.0,11.782,9.551,21.333,21.333,21.333s21.333,-9.551,21.333,-21.333v-21.333C281.567,397.317,272.016,387.766,260.234,387.766z"">
    </path>
    <path d=""M89.567,281.099h21.333c11.782,0.0,21.333,-9.551,21.333,-21.333s-9.551,-21.333,-21.333,-21.333H89.567C77.785,238.433,68.234,247.984,68.234,259.766S77.785,281.099,89.567,281.099z"">
    </path>
    <path d=""M409.567,281.099h21.333c11.782,0.0,21.333,-9.551,21.333,-21.333s-9.551,-21.333,-21.333,-21.333h-21.333C397.785,238.433,388.234,247.984,388.234,259.766S397.785,281.099,409.567,281.099z"">
    </path>
    <path d=""M424.652,125.518l21.333,-21.333c8.331,-8.331,8.331,-21.839,0.0,-30.17c-8.331,-8.331,-21.839,-8.331,-30.17,0.0l-21.333,21.333c-8.331,8.331,-8.331,21.839,0.0,30.17C402.814,133.849,416.321,133.849,424.652,125.518z"">
    </path>
    <path d=""M95.816,394.014l-21.333,21.333c-8.331,8.331,-8.331,21.839,0.0,30.17c8.331,8.331,21.839,8.331,30.17,0.0l21.333,-21.333c8.331,-8.331,8.331,-21.839,0.0,-30.17C117.654,385.683,104.147,385.683,95.816,394.014z"">
    </path>
    <path d=""M95.816,125.518c8.331,8.331,21.839,8.331,30.17,0.0c8.331,-8.331,8.331,-21.839,0.0,-30.17l-21.333,-21.333c-8.331,-8.331,-21.839,-8.331,-30.17,0.0s-8.331,21.839,0.0,30.17L95.816,125.518z"">
    </path>
    <path d=""M424.652,394.014c-8.331,-8.331,-21.839,-8.331,-30.17,0.0s-8.331,21.839,0.0,30.17l21.333,21.333c8.331,8.331,21.839,8.331,30.17,0.0c8.331,-8.331,8.331,-21.839,0.0,-30.17L424.652,394.014z"">
    </path>
    <path d=""M196.234,281.099h64.0c11.782,0.0,21.333,-9.551,21.333,-21.333v-85.333c0.0,-11.782,-9.551,-21.333,-21.333,-21.333s-21.333,9.551,-21.333,21.333v64.0H196.234c-11.782,0.0,-21.333,9.551,-21.333,21.333S184.452,281.099,196.234,281.099z"">
    </path>
   </g>
  </g>
 </g>
</svg>


Question: What is the shape of the dots in the image?",Oval,Square,Triangle,Hexagon,A,time_clock
54,"Examine the following SVG code carefully and answer the question based on your interpretation of the rendered image.

<svg id=""Layer_1"" style=""enable-background:new 0 0 512 512;"" version=""1.1"" viewbox=""0 0 512 512"" x=""0px"" xml:space=""preserve"" y=""0px"">
 <g>
  <g>
   <g>
    <path d=""M494.901,3.766H25.567C13.785,3.766,4.234,13.317,4.234,25.099v469.333C4.234,506.215,13.785,515.766,25.567,515.766h469.333c11.782,0.0,21.333,-9.551,21.333,-21.333V25.099C516.234,13.317,506.683,3.766,494.901,3.766zM473.567,473.099H46.901V46.433h426.667V473.099z"">
    </path>
    <path d=""M260.234,131.766c11.782,0.0,21.333,-9.551,21.333,-21.333V89.099C281.567,77.317,272.016,67.766,260.234,67.766s-21.333,9.551,-21.333,21.333v21.333C238.901,122.215,248.452,131.766,260.234,131.766z"">
    </path>
    <path d=""M260.234,387.766c-11.782,0.0,-21.333,9.551,-21.333,21.333v21.333c0.0,11.782,9.551,21.333,21.333,21.333s21.333,-9.551,21.333,-21.333v-21.333C281.567,397.317,272.016,387.766,260.234,387.766z"">
    </path>
    <path d=""M89.567,281.099h21.333c11.782,0.0,21.333,-9.551,21.333,-21.333s-9.551,-21.333,-21.333,-21.333H89.567C77.785,238.433,68.234,247.984,68.234,259.766S77.785,281.099,89.567,281.099z"">
    </path>
    <path d=""M409.567,281.099h21.333c11.782,0.0,21.333,-9.551,21.333,-21.333s-9.551,-21.333,-21.333,-21.333h-21.333C397.785,238.433,388.234,247.984,388.234,259.766S397.785,281.099,409.567,281.099z"">
    </path>
    <path d=""M424.652,125.518l21.333,-21.333c8.331,-8.331,8.331,-21.839,0.0,-30.17c-8.331,-8.331,-21.839,-8.331,-30.17,0.0l-21.333,21.333c-8.331,8.331,-8.331,21.839,0.0,30.17C402.814,133.849,416.321,133.849,424.652,125.518z"">
    </path>
    <path d=""M95.816,394.014l-21.333,21.333c-8.331,8.331,-8.331,21.839,0.0,30.17c8.331,8.331,21.839,8.331,30.17,0.0l21.333,-21.333c8.331,-8.331,8.331,-21.839,0.0,-30.17C117.654,385.683,104.147,385.683,95.816,394.014z"">
    </path>
    <path d=""M95.816,125.518c8.331,8.331,21.839,8.331,30.17,0.0c8.331,-8.331,8.331,-21.839,0.0,-30.17l-21.333,-21.333c-8.331,-8.331,-21.839,-8.331,-30.17,0.0s-8.331,21.839,0.0,30.17L95.816,125.518z"">
    </path>
    <path d=""M424.652,394.014c-8.331,-8.331,-21.839,-8.331,-30.17,0.0s-8.331,21.839,0.0,30.17l21.333,21.333c8.331,8.331,21.839,8.331,30.17,0.0c8.331,-8.331,8.331,-21.839,0.0,-30.17L424.652,394.014z"">
    </path>
    <path d=""M196.234,281.099h64.0c11.782,0.0,21.333,-9.551,21.333,-21.333v-85.333c0.0,-11.782,-9.551,-21.333,-21.333,-21.333s-21.333,9.551,-21.333,21.333v64.0H196.234c-11.782,0.0,-21.333,9.551,-21.333,21.333S184.452,281.099,196.234,281.099z"">
    </path>
   </g>
  </g>
 </g>
</svg>


Question: How many dots are located at the corners of the image?",2,3,4,5,C,time_clock
55,"Examine the following SVG code carefully and answer the question based on your interpretation of the rendered image.

<svg id=""Layer_1"" style=""enable-background:new 0 0 512 512;"" version=""1.1"" viewbox=""0 0 512 512"" x=""0px"" xml:space=""preserve"" y=""0px"">
 <g>
  <g>
   <g>
    <path d=""M494.901,3.766H25.567C13.785,3.766,4.234,13.317,4.234,25.099v469.333C4.234,506.215,13.785,515.766,25.567,515.766h469.333c11.782,0.0,21.333,-9.551,21.333,-21.333V25.099C516.234,13.317,506.683,3.766,494.901,3.766zM473.567,473.099H46.901V46.433h426.667V473.099z"">
    </path>
    <path d=""M260.234,131.766c11.782,0.0,21.333,-9.551,21.333,-21.333V89.099C281.567,77.317,272.016,67.766,260.234,67.766s-21.333,9.551,-21.333,21.333v21.333C238.901,122.215,248.452,131.766,260.234,131.766z"">
    </path>
    <path d=""M260.234,387.766c-11.782,0.0,-21.333,9.551,-21.333,21.333v21.333c0.0,11.782,9.551,21.333,21.333,21.333s21.333,-9.551,21.333,-21.333v-21.333C281.567,397.317,272.016,387.766,260.234,387.766z"">
    </path>
    <path d=""M89.567,281.099h21.333c11.782,0.0,21.333,-9.551,21.333,-21.333s-9.551,-21.333,-21.333,-21.333H89.567C77.785,238.433,68.234,247.984,68.234,259.766S77.785,281.099,89.567,281.099z"">
    </path>
    <path d=""M409.567,281.099h21.333c11.782,0.0,21.333,-9.551,21.333,-21.333s-9.551,-21.333,-21.333,-21.333h-21.333C397.785,238.433,388.234,247.984,388.234,259.766S397.785,281.099,409.567,281.099z"">
    </path>
    <path d=""M424.652,125.518l21.333,-21.333c8.331,-8.331,8.331,-21.839,0.0,-30.17c-8.331,-8.331,-21.839,-8.331,-30.17,0.0l-21.333,21.333c-8.331,8.331,-8.331,21.839,0.0,30.17C402.814,133.849,416.321,133.849,424.652,125.518z"">
    </path>
    <path d=""M95.816,394.014l-21.333,21.333c-8.331,8.331,-8.331,21.839,0.0,30.17c8.331,8.331,21.839,8.331,30.17,0.0l21.333,-21.333c8.331,-8.331,8.331,-21.839,0.0,-30.17C117.654,385.683,104.147,385.683,95.816,394.014z"">
    </path>
    <path d=""M95.816,125.518c8.331,8.331,21.839,8.331,30.17,0.0c8.331,-8.331,8.331,-21.839,0.0,-30.17l-21.333,-21.333c-8.331,-8.331,-21.839,-8.331,-30.17,0.0s-8.331,21.839,0.0,30.17L95.816,125.518z"">
    </path>
    <path d=""M424.652,394.014c-8.331,-8.331,-21.839,-8.331,-30.17,0.0s-8.331,21.839,0.0,30.17l21.333,21.333c8.331,8.331,21.839,8.331,30.17,0.0c8.331,-8.331,8.331,-21.839,0.0,-30.17L424.652,394.014z"">
    </path>
    <path d=""M196.234,281.099h64.0c11.782,0.0,21.333,-9.551,21.333,-21.333v-85.333c0.0,-11.782,-9.551,-21.333,-21.333,-21.333s-21.333,9.551,-21.333,21.333v64.0H196.234c-11.782,0.0,-21.333,9.551,-21.333,21.333S184.452,281.099,196.234,281.099z"">
    </path>
   </g>
  </g>
 </g>
</svg>


Question: What does the image represent?",clock,dice,domino,calendar,A,time_clock
80,"Examine the following SVG code carefully and answer the question based on your interpretation of the rendered image.

<svg id=""Layer_1"" style=""enable-background:new 0 0 511.999 511.999;"" version=""1.1"" viewbox=""0 0 511.999 511.999"" x=""0px"" xml:space=""preserve"" y=""0px"">
 <path d=""M258.86,136.115L258.86,136.115c-0.001,0.0,-0.001,0.0,-0.003,0.0c-89.963,0.0,-162.892,72.931,-162.892,162.893c0.0,89.965,72.929,162.896,162.892,162.896c0.001,0.0,0.001,0.0,0.003,0.0l0.0,0.0c89.963,-0.003,162.891,-72.933,162.893,-162.893C421.751,209.045,348.823,136.116,258.86,136.115z"" style=""fill:#DBDDF6;"">
 </path>
 <path d=""M421.754,299.011c-0.003,-89.965,-72.931,-162.895,-162.893,-162.896v325.789C348.823,461.902,421.751,388.972,421.754,299.011z"" style=""fill:#C4C8F2;"">
 </path>
 <path d=""M495.288,271.529c-9.136,0.0,-17.301,-6.435,-19.151,-15.737c-11.543,-58.038,-44.996,-108.106,-94.197,-140.982c-8.976,-5.998,-11.389,-18.136,-5.392,-27.113c5.998,-8.976,18.136,-11.391,27.113,-5.392c57.882,38.676,97.238,97.58,110.82,165.859c2.106,10.588,-4.77,20.878,-15.359,22.985C497.834,271.406,496.552,271.529,495.288,271.529z"" style=""fill:#D5851F;"">
 </path>
 <path d=""M22.432,271.529c-1.264,0.0,-2.546,-0.124,-3.833,-0.379c-10.589,-2.106,-17.465,-12.397,-15.359,-22.985c13.581,-68.28,52.939,-127.183,110.822,-165.859c8.979,-5.998,21.116,-3.585,27.113,5.392c5.998,8.977,3.584,21.115,-5.392,27.113c-49.202,32.877,-82.656,82.944,-94.199,140.982C39.732,265.093,31.567,271.529,22.432,271.529z"" style=""fill:#ECB45C;"">
 </path>
 <path d=""M278.405,117.618V77.476h19.547c10.795,0.0,19.547,-8.752,19.547,-19.547s-8.752,-19.547,-19.547,-19.547h-39.092h-39.094c-10.795,0.0,-19.547,8.752,-19.547,19.547s8.752,19.547,19.547,19.547h19.545v40.142c-91.439,9.785,-162.892,87.396,-162.892,181.39c0.0,100.599,81.843,182.443,182.439,182.443c0.001,0.0,0.001,0.0,0.003,0.0c100.595,-0.003,182.438,-81.844,182.441,-182.441C441.298,205.015,369.844,127.403,278.405,117.618zM258.86,442.357c-0.001,0.0,-0.001,0.0,-0.003,0.0c-79.04,0.0,-143.345,-64.306,-143.345,-143.349c0.0,-79.041,64.305,-143.346,143.345,-143.346c0.001,0.0,0.001,0.0,0.003,0.0c79.038,0.003,143.344,64.308,143.346,143.349C402.204,378.052,337.9,442.354,258.86,442.357z"" style=""fill:#CE8BD4;"">
 </path>
 <path d=""M441.301,299.011c-0.003,-93.996,-71.457,-171.609,-162.896,-181.393V77.476h19.547c10.795,0.0,19.547,-8.752,19.547,-19.547s-8.752,-19.547,-19.547,-19.547h-39.092v117.281c79.038,0.003,143.344,64.308,143.346,143.349c-0.003,79.04,-64.308,143.344,-143.346,143.346v39.094C359.457,481.449,441.298,399.609,441.301,299.011z"" style=""fill:#BF6AC8;"">
 </path>
 <path d=""M343.539,318.64h-84.68c-10.795,0.0,-19.547,-8.752,-19.547,-19.547v-84.678c0.0,-10.795,8.752,-19.547,19.547,-19.547c10.795,0.0,19.547,8.752,19.547,19.547v65.131h65.133c10.795,0.0,19.547,8.752,19.547,19.547S354.334,318.64,343.539,318.64z"" style=""fill:#59585C;"">
 </path>
</svg>


Question: What is the primary color of the outer ring of the object?",Red,Blue,Purple,Green,C,time_clock
81,"Examine the following SVG code carefully and answer the question based on your interpretation of the rendered image.

<svg id=""Layer_1"" style=""enable-background:new 0 0 511.999 511.999;"" version=""1.1"" viewbox=""0 0 511.999 511.999"" x=""0px"" xml:space=""preserve"" y=""0px"">
 <path d=""M258.86,136.115L258.86,136.115c-0.001,0.0,-0.001,0.0,-0.003,0.0c-89.963,0.0,-162.892,72.931,-162.892,162.893c0.0,89.965,72.929,162.896,162.892,162.896c0.001,0.0,0.001,0.0,0.003,0.0l0.0,0.0c89.963,-0.003,162.891,-72.933,162.893,-162.893C421.751,209.045,348.823,136.116,258.86,136.115z"" style=""fill:#DBDDF6;"">
 </path>
 <path d=""M421.754,299.011c-0.003,-89.965,-72.931,-162.895,-162.893,-162.896v325.789C348.823,461.902,421.751,388.972,421.754,299.011z"" style=""fill:#C4C8F2;"">
 </path>
 <path d=""M495.288,271.529c-9.136,0.0,-17.301,-6.435,-19.151,-15.737c-11.543,-58.038,-44.996,-108.106,-94.197,-140.982c-8.976,-5.998,-11.389,-18.136,-5.392,-27.113c5.998,-8.976,18.136,-11.391,27.113,-5.392c57.882,38.676,97.238,97.58,110.82,165.859c2.106,10.588,-4.77,20.878,-15.359,22.985C497.834,271.406,496.552,271.529,495.288,271.529z"" style=""fill:#D5851F;"">
 </path>
 <path d=""M22.432,271.529c-1.264,0.0,-2.546,-0.124,-3.833,-0.379c-10.589,-2.106,-17.465,-12.397,-15.359,-22.985c13.581,-68.28,52.939,-127.183,110.822,-165.859c8.979,-5.998,21.116,-3.585,27.113,5.392c5.998,8.977,3.584,21.115,-5.392,27.113c-49.202,32.877,-82.656,82.944,-94.199,140.982C39.732,265.093,31.567,271.529,22.432,271.529z"" style=""fill:#ECB45C;"">
 </path>
 <path d=""M278.405,117.618V77.476h19.547c10.795,0.0,19.547,-8.752,19.547,-19.547s-8.752,-19.547,-19.547,-19.547h-39.092h-39.094c-10.795,0.0,-19.547,8.752,-19.547,19.547s8.752,19.547,19.547,19.547h19.545v40.142c-91.439,9.785,-162.892,87.396,-162.892,181.39c0.0,100.599,81.843,182.443,182.439,182.443c0.001,0.0,0.001,0.0,0.003,0.0c100.595,-0.003,182.438,-81.844,182.441,-182.441C441.298,205.015,369.844,127.403,278.405,117.618zM258.86,442.357c-0.001,0.0,-0.001,0.0,-0.003,0.0c-79.04,0.0,-143.345,-64.306,-143.345,-143.349c0.0,-79.041,64.305,-143.346,143.345,-143.346c0.001,0.0,0.001,0.0,0.003,0.0c79.038,0.003,143.344,64.308,143.346,143.349C402.204,378.052,337.9,442.354,258.86,442.357z"" style=""fill:#CE8BD4;"">
 </path>
 <path d=""M441.301,299.011c-0.003,-93.996,-71.457,-171.609,-162.896,-181.393V77.476h19.547c10.795,0.0,19.547,-8.752,19.547,-19.547s-8.752,-19.547,-19.547,-19.547h-39.092v117.281c79.038,0.003,143.344,64.308,143.346,143.349c-0.003,79.04,-64.308,143.344,-143.346,143.346v39.094C359.457,481.449,441.298,399.609,441.301,299.011z"" style=""fill:#BF6AC8;"">
 </path>
 <path d=""M343.539,318.64h-84.68c-10.795,0.0,-19.547,-8.752,-19.547,-19.547v-84.678c0.0,-10.795,8.752,-19.547,19.547,-19.547c10.795,0.0,19.547,8.752,19.547,19.547v65.131h65.133c10.795,0.0,19.547,8.752,19.547,19.547S354.334,318.64,343.539,318.64z"" style=""fill:#59585C;"">
 </path>
</svg>


Question: What shape is the central part of the object?",Square,Circle,Triangle,Hexagon,B,time_clock
82,"Examine the following SVG code carefully and answer the question based on your interpretation of the rendered image.

<svg id=""Layer_1"" style=""enable-background:new 0 0 511.999 511.999;"" version=""1.1"" viewbox=""0 0 511.999 511.999"" x=""0px"" xml:space=""preserve"" y=""0px"">
 <path d=""M258.86,136.115L258.86,136.115c-0.001,0.0,-0.001,0.0,-0.003,0.0c-89.963,0.0,-162.892,72.931,-162.892,162.893c0.0,89.965,72.929,162.896,162.892,162.896c0.001,0.0,0.001,0.0,0.003,0.0l0.0,0.0c89.963,-0.003,162.891,-72.933,162.893,-162.893C421.751,209.045,348.823,136.116,258.86,136.115z"" style=""fill:#DBDDF6;"">
 </path>
 <path d=""M421.754,299.011c-0.003,-89.965,-72.931,-162.895,-162.893,-162.896v325.789C348.823,461.902,421.751,388.972,421.754,299.011z"" style=""fill:#C4C8F2;"">
 </path>
 <path d=""M495.288,271.529c-9.136,0.0,-17.301,-6.435,-19.151,-15.737c-11.543,-58.038,-44.996,-108.106,-94.197,-140.982c-8.976,-5.998,-11.389,-18.136,-5.392,-27.113c5.998,-8.976,18.136,-11.391,27.113,-5.392c57.882,38.676,97.238,97.58,110.82,165.859c2.106,10.588,-4.77,20.878,-15.359,22.985C497.834,271.406,496.552,271.529,495.288,271.529z"" style=""fill:#D5851F;"">
 </path>
 <path d=""M22.432,271.529c-1.264,0.0,-2.546,-0.124,-3.833,-0.379c-10.589,-2.106,-17.465,-12.397,-15.359,-22.985c13.581,-68.28,52.939,-127.183,110.822,-165.859c8.979,-5.998,21.116,-3.585,27.113,5.392c5.998,8.977,3.584,21.115,-5.392,27.113c-49.202,32.877,-82.656,82.944,-94.199,140.982C39.732,265.093,31.567,271.529,22.432,271.529z"" style=""fill:#ECB45C;"">
 </path>
 <path d=""M278.405,117.618V77.476h19.547c10.795,0.0,19.547,-8.752,19.547,-19.547s-8.752,-19.547,-19.547,-19.547h-39.092h-39.094c-10.795,0.0,-19.547,8.752,-19.547,19.547s8.752,19.547,19.547,19.547h19.545v40.142c-91.439,9.785,-162.892,87.396,-162.892,181.39c0.0,100.599,81.843,182.443,182.439,182.443c0.001,0.0,0.001,0.0,0.003,0.0c100.595,-0.003,182.438,-81.844,182.441,-182.441C441.298,205.015,369.844,127.403,278.405,117.618zM258.86,442.357c-0.001,0.0,-0.001,0.0,-0.003,0.0c-79.04,0.0,-143.345,-64.306,-143.345,-143.349c0.0,-79.041,64.305,-143.346,143.345,-143.346c0.001,0.0,0.001,0.0,0.003,0.0c79.038,0.003,143.344,64.308,143.346,143.349C402.204,378.052,337.9,442.354,258.86,442.357z"" style=""fill:#CE8BD4;"">
 </path>
 <path d=""M441.301,299.011c-0.003,-93.996,-71.457,-171.609,-162.896,-181.393V77.476h19.547c10.795,0.0,19.547,-8.752,19.547,-19.547s-8.752,-19.547,-19.547,-19.547h-39.092v117.281c79.038,0.003,143.344,64.308,143.346,143.349c-0.003,79.04,-64.308,143.344,-143.346,143.346v39.094C359.457,481.449,441.298,399.609,441.301,299.011z"" style=""fill:#BF6AC8;"">
 </path>
 <path d=""M343.539,318.64h-84.68c-10.795,0.0,-19.547,-8.752,-19.547,-19.547v-84.678c0.0,-10.795,8.752,-19.547,19.547,-19.547c10.795,0.0,19.547,8.752,19.547,19.547v65.131h65.133c10.795,0.0,19.547,8.752,19.547,19.547S354.334,318.64,343.539,318.64z"" style=""fill:#59585C;"">
 </path>
</svg>


Question: What color are the two curved lines extending from the top of the object?",Yellow,Blue,Red,Green,A,time_clock
83,"Examine the following SVG code carefully and answer the question based on your interpretation of the rendered image.

<svg id=""Layer_1"" style=""enable-background:new 0 0 511.999 511.999;"" version=""1.1"" viewbox=""0 0 511.999 511.999"" x=""0px"" xml:space=""preserve"" y=""0px"">
 <path d=""M258.86,136.115L258.86,136.115c-0.001,0.0,-0.001,0.0,-0.003,0.0c-89.963,0.0,-162.892,72.931,-162.892,162.893c0.0,89.965,72.929,162.896,162.892,162.896c0.001,0.0,0.001,0.0,0.003,0.0l0.0,0.0c89.963,-0.003,162.891,-72.933,162.893,-162.893C421.751,209.045,348.823,136.116,258.86,136.115z"" style=""fill:#DBDDF6;"">
 </path>
 <path d=""M421.754,299.011c-0.003,-89.965,-72.931,-162.895,-162.893,-162.896v325.789C348.823,461.902,421.751,388.972,421.754,299.011z"" style=""fill:#C4C8F2;"">
 </path>
 <path d=""M495.288,271.529c-9.136,0.0,-17.301,-6.435,-19.151,-15.737c-11.543,-58.038,-44.996,-108.106,-94.197,-140.982c-8.976,-5.998,-11.389,-18.136,-5.392,-27.113c5.998,-8.976,18.136,-11.391,27.113,-5.392c57.882,38.676,97.238,97.58,110.82,165.859c2.106,10.588,-4.77,20.878,-15.359,22.985C497.834,271.406,496.552,271.529,495.288,271.529z"" style=""fill:#D5851F;"">
 </path>
 <path d=""M22.432,271.529c-1.264,0.0,-2.546,-0.124,-3.833,-0.379c-10.589,-2.106,-17.465,-12.397,-15.359,-22.985c13.581,-68.28,52.939,-127.183,110.822,-165.859c8.979,-5.998,21.116,-3.585,27.113,5.392c5.998,8.977,3.584,21.115,-5.392,27.113c-49.202,32.877,-82.656,82.944,-94.199,140.982C39.732,265.093,31.567,271.529,22.432,271.529z"" style=""fill:#ECB45C;"">
 </path>
 <path d=""M278.405,117.618V77.476h19.547c10.795,0.0,19.547,-8.752,19.547,-19.547s-8.752,-19.547,-19.547,-19.547h-39.092h-39.094c-10.795,0.0,-19.547,8.752,-19.547,19.547s8.752,19.547,19.547,19.547h19.545v40.142c-91.439,9.785,-162.892,87.396,-162.892,181.39c0.0,100.599,81.843,182.443,182.439,182.443c0.001,0.0,0.001,0.0,0.003,0.0c100.595,-0.003,182.438,-81.844,182.441,-182.441C441.298,205.015,369.844,127.403,278.405,117.618zM258.86,442.357c-0.001,0.0,-0.001,0.0,-0.003,0.0c-79.04,0.0,-143.345,-64.306,-143.345,-143.349c0.0,-79.041,64.305,-143.346,143.345,-143.346c0.001,0.0,0.001,0.0,0.003,0.0c79.038,0.003,143.344,64.308,143.346,143.349C402.204,378.052,337.9,442.354,258.86,442.357z"" style=""fill:#CE8BD4;"">
 </path>
 <path d=""M441.301,299.011c-0.003,-93.996,-71.457,-171.609,-162.896,-181.393V77.476h19.547c10.795,0.0,19.547,-8.752,19.547,-19.547s-8.752,-19.547,-19.547,-19.547h-39.092v117.281c79.038,0.003,143.344,64.308,143.346,143.349c-0.003,79.04,-64.308,143.344,-143.346,143.346v39.094C359.457,481.449,441.298,399.609,441.301,299.011z"" style=""fill:#BF6AC8;"">
 </path>
 <path d=""M343.539,318.64h-84.68c-10.795,0.0,-19.547,-8.752,-19.547,-19.547v-84.678c0.0,-10.795,8.752,-19.547,19.547,-19.547c10.795,0.0,19.547,8.752,19.547,19.547v65.131h65.133c10.795,0.0,19.547,8.752,19.547,19.547S354.334,318.64,343.539,318.64z"" style=""fill:#59585C;"">
 </path>
</svg>


Question: What is the object in the image?",Clock,Compass,Thermometer,Frisbee,A,time_clock
96,"Examine the following SVG code carefully and answer the question based on your interpretation of the rendered image.

<svg id=""Capa_1"" style=""enable-background:new 0 0 327.508 327.508;"" version=""1.1"" viewbox=""0 0 327.508 327.508"" x=""0px"" xml:space=""preserve"" y=""0px"">
 <g>
  <path d=""M164.973,29.749c-77.98,0.0,-141.416,63.436,-141.416,141.416c0.0,28.816,8.681,55.631,23.54,78.007l-24.307,48.457c-4.716,9.399,-0.919,20.837,8.48,25.547c2.741,1.376,5.651,2.029,8.518,2.029c6.973,0.0,13.696,-3.845,17.03,-10.508l17.579,-35.038c24.552,20.532,56.142,32.917,90.582,32.917c32.667,0.0,62.756,-11.161,86.726,-29.833l16.029,31.954c3.334,6.663,10.057,10.508,17.03,10.508c2.866,0.0,5.776,-0.653,8.518,-2.029c9.399,-4.71,13.195,-16.154,8.479,-25.547l-22.045,-43.942c16.763,-23.241,26.679,-51.736,26.679,-82.521C306.388,93.185,242.953,29.749,164.973,29.749zM164.973,274.507c-56.985,0.0,-103.342,-46.357,-103.342,-103.342S107.988,67.822,164.973,67.822s103.342,46.357,103.342,103.342S221.958,274.507,164.973,274.507z"" style=""fill:#010002;"">
  </path>
  <path d=""M164.973,118.471c-6.005,0.0,-10.878,4.873,-10.878,10.878v41.239l-43.91,51.66c-3.894,4.574,-3.334,11.444,1.246,15.327c2.045,1.74,4.547,2.594,7.038,2.594c3.079,0.0,6.141,-1.3,8.289,-3.835l45.144,-53.112c2.393,-1.996,3.949,-4.96,3.949,-8.322v-45.552C175.851,123.344,170.983,118.471,164.973,118.471z"" style=""fill:#010002;"">
  </path>
  <path d=""M95.423,24.06c-21.419,-21.419,-56.142,-21.419,-77.561,0.0s-21.419,56.142,0.0,77.561L95.423,24.06z"" style=""fill:#010002;"">
  </path>
  <path d=""M313.242,24.06c-21.419,-21.419,-56.142,-21.419,-77.561,0.0l77.561,77.561C334.661,80.202,334.661,45.473,313.242,24.06z"" style=""fill:#010002;"">
  </path>
 </g>
</svg>


Question: What shape is the main body of the object?",Square,Triangle,Rectangle,Circle,D,time_clock
97,"Examine the following SVG code carefully and answer the question based on your interpretation of the rendered image.

<svg id=""Capa_1"" style=""enable-background:new 0 0 327.508 327.508;"" version=""1.1"" viewbox=""0 0 327.508 327.508"" x=""0px"" xml:space=""preserve"" y=""0px"">
 <g>
  <path d=""M164.973,29.749c-77.98,0.0,-141.416,63.436,-141.416,141.416c0.0,28.816,8.681,55.631,23.54,78.007l-24.307,48.457c-4.716,9.399,-0.919,20.837,8.48,25.547c2.741,1.376,5.651,2.029,8.518,2.029c6.973,0.0,13.696,-3.845,17.03,-10.508l17.579,-35.038c24.552,20.532,56.142,32.917,90.582,32.917c32.667,0.0,62.756,-11.161,86.726,-29.833l16.029,31.954c3.334,6.663,10.057,10.508,17.03,10.508c2.866,0.0,5.776,-0.653,8.518,-2.029c9.399,-4.71,13.195,-16.154,8.479,-25.547l-22.045,-43.942c16.763,-23.241,26.679,-51.736,26.679,-82.521C306.388,93.185,242.953,29.749,164.973,29.749zM164.973,274.507c-56.985,0.0,-103.342,-46.357,-103.342,-103.342S107.988,67.822,164.973,67.822s103.342,46.357,103.342,103.342S221.958,274.507,164.973,274.507z"" style=""fill:#010002;"">
  </path>
  <path d=""M164.973,118.471c-6.005,0.0,-10.878,4.873,-10.878,10.878v41.239l-43.91,51.66c-3.894,4.574,-3.334,11.444,1.246,15.327c2.045,1.74,4.547,2.594,7.038,2.594c3.079,0.0,6.141,-1.3,8.289,-3.835l45.144,-53.112c2.393,-1.996,3.949,-4.96,3.949,-8.322v-45.552C175.851,123.344,170.983,118.471,164.973,118.471z"" style=""fill:#010002;"">
  </path>
  <path d=""M95.423,24.06c-21.419,-21.419,-56.142,-21.419,-77.561,0.0s-21.419,56.142,0.0,77.561L95.423,24.06z"" style=""fill:#010002;"">
  </path>
  <path d=""M313.242,24.06c-21.419,-21.419,-56.142,-21.419,-77.561,0.0l77.561,77.561C334.661,80.202,334.661,45.473,313.242,24.06z"" style=""fill:#010002;"">
  </path>
 </g>
</svg>


Question: How many hands does the object have?",One,Two,Three,Four,B,time_clock
98,"Examine the following SVG code carefully and answer the question based on your interpretation of the rendered image.

<svg id=""Capa_1"" style=""enable-background:new 0 0 327.508 327.508;"" version=""1.1"" viewbox=""0 0 327.508 327.508"" x=""0px"" xml:space=""preserve"" y=""0px"">
 <g>
  <path d=""M164.973,29.749c-77.98,0.0,-141.416,63.436,-141.416,141.416c0.0,28.816,8.681,55.631,23.54,78.007l-24.307,48.457c-4.716,9.399,-0.919,20.837,8.48,25.547c2.741,1.376,5.651,2.029,8.518,2.029c6.973,0.0,13.696,-3.845,17.03,-10.508l17.579,-35.038c24.552,20.532,56.142,32.917,90.582,32.917c32.667,0.0,62.756,-11.161,86.726,-29.833l16.029,31.954c3.334,6.663,10.057,10.508,17.03,10.508c2.866,0.0,5.776,-0.653,8.518,-2.029c9.399,-4.71,13.195,-16.154,8.479,-25.547l-22.045,-43.942c16.763,-23.241,26.679,-51.736,26.679,-82.521C306.388,93.185,242.953,29.749,164.973,29.749zM164.973,274.507c-56.985,0.0,-103.342,-46.357,-103.342,-103.342S107.988,67.822,164.973,67.822s103.342,46.357,103.342,103.342S221.958,274.507,164.973,274.507z"" style=""fill:#010002;"">
  </path>
  <path d=""M164.973,118.471c-6.005,0.0,-10.878,4.873,-10.878,10.878v41.239l-43.91,51.66c-3.894,4.574,-3.334,11.444,1.246,15.327c2.045,1.74,4.547,2.594,7.038,2.594c3.079,0.0,6.141,-1.3,8.289,-3.835l45.144,-53.112c2.393,-1.996,3.949,-4.96,3.949,-8.322v-45.552C175.851,123.344,170.983,118.471,164.973,118.471z"" style=""fill:#010002;"">
  </path>
  <path d=""M95.423,24.06c-21.419,-21.419,-56.142,-21.419,-77.561,0.0s-21.419,56.142,0.0,77.561L95.423,24.06z"" style=""fill:#010002;"">
  </path>
  <path d=""M313.242,24.06c-21.419,-21.419,-56.142,-21.419,-77.561,0.0l77.561,77.561C334.661,80.202,334.661,45.473,313.242,24.06z"" style=""fill:#010002;"">
  </path>
 </g>
</svg>


Question: What is the position of the shorter hand of the object?",1,3,7,12,C,time_clock
99,"Examine the following SVG code carefully and answer the question based on your interpretation of the rendered image.

<svg id=""Capa_1"" style=""enable-background:new 0 0 327.508 327.508;"" version=""1.1"" viewbox=""0 0 327.508 327.508"" x=""0px"" xml:space=""preserve"" y=""0px"">
 <g>
  <path d=""M164.973,29.749c-77.98,0.0,-141.416,63.436,-141.416,141.416c0.0,28.816,8.681,55.631,23.54,78.007l-24.307,48.457c-4.716,9.399,-0.919,20.837,8.48,25.547c2.741,1.376,5.651,2.029,8.518,2.029c6.973,0.0,13.696,-3.845,17.03,-10.508l17.579,-35.038c24.552,20.532,56.142,32.917,90.582,32.917c32.667,0.0,62.756,-11.161,86.726,-29.833l16.029,31.954c3.334,6.663,10.057,10.508,17.03,10.508c2.866,0.0,5.776,-0.653,8.518,-2.029c9.399,-4.71,13.195,-16.154,8.479,-25.547l-22.045,-43.942c16.763,-23.241,26.679,-51.736,26.679,-82.521C306.388,93.185,242.953,29.749,164.973,29.749zM164.973,274.507c-56.985,0.0,-103.342,-46.357,-103.342,-103.342S107.988,67.822,164.973,67.822s103.342,46.357,103.342,103.342S221.958,274.507,164.973,274.507z"" style=""fill:#010002;"">
  </path>
  <path d=""M164.973,118.471c-6.005,0.0,-10.878,4.873,-10.878,10.878v41.239l-43.91,51.66c-3.894,4.574,-3.334,11.444,1.246,15.327c2.045,1.74,4.547,2.594,7.038,2.594c3.079,0.0,6.141,-1.3,8.289,-3.835l45.144,-53.112c2.393,-1.996,3.949,-4.96,3.949,-8.322v-45.552C175.851,123.344,170.983,118.471,164.973,118.471z"" style=""fill:#010002;"">
  </path>
  <path d=""M95.423,24.06c-21.419,-21.419,-56.142,-21.419,-77.561,0.0s-21.419,56.142,0.0,77.561L95.423,24.06z"" style=""fill:#010002;"">
  </path>
  <path d=""M313.242,24.06c-21.419,-21.419,-56.142,-21.419,-77.561,0.0l77.561,77.561C334.661,80.202,334.661,45.473,313.242,24.06z"" style=""fill:#010002;"">
  </path>
 </g>
</svg>


Question: What is the object in the image?",Stopwatch,clock,Compass,Thermometer,B,time_clock
108,"Examine the following SVG code carefully and answer the question based on your interpretation of the rendered image.

<svg height=""554.883px"" id=""Capa_1"" style=""enable-background:new 0 0 554.883 554.883;"" version=""1.1"" viewbox=""0 0 554.883 554.883"" width=""554.883px"" x=""0px"" xml:space=""preserve"" y=""0px"">
 <g>
  <g>
   <path d=""M280.687,5.466C127.46,5.466,3.246,129.68,3.246,282.907c0.0,153.227,124.214,277.442,277.441,277.442c153.227,0.0,277.442,-124.215,277.442,-277.442C558.129,129.68,433.914,5.466,280.687,5.466zM280.687,512.407c-126.546,0.0,-229.5,-102.955,-229.5,-229.5c0.0,-126.546,102.954,-229.5,229.5,-229.5c126.545,0.0,229.5,102.954,229.5,229.5C510.187,409.452,407.232,512.407,280.687,512.407z"">
   </path>
   <path d=""M280.687,68.707c-118.3,0.0,-214.2,95.9,-214.2,214.2c0.0,118.299,95.9,214.2,214.2,214.2c118.299,0.0,214.2,-95.9,214.2,-214.2C494.887,164.607,398.986,68.707,280.687,68.707zM283.113,100.326c11.268,0.0,20.402,9.134,20.402,20.401c0.0,11.267,-9.135,20.401,-20.402,20.401c-11.267,0.0,-20.397,-9.134,-20.397,-20.401C262.716,109.46,271.847,100.326,283.113,100.326zM120.741,303.501c-11.267,0.0,-20.401,-9.135,-20.401,-20.401c0.0,-11.267,9.134,-20.401,20.401,-20.401c11.267,0.0,20.401,9.134,20.401,20.401C141.142,294.366,132.008,303.501,120.741,303.501zM280.687,463.446c-11.267,0.0,-20.401,-9.133,-20.401,-20.4s9.134,-20.4,20.401,-20.4c11.266,0.0,20.401,9.133,20.401,20.4S291.953,463.446,280.687,463.446zM306.984,261.631l-0.043,0.016L264.316,379.187l0.058,-101.825L209.196,172.511l97.567,88.917l0.242,0.042l-0.049,0.132L306.984,261.631zM443.06,301.073c-11.268,0.0,-20.402,-9.133,-20.402,-20.4c0.0,-11.267,9.135,-20.401,20.402,-20.401c11.266,0.0,20.4,9.134,20.4,20.401C463.461,291.941,454.326,301.073,443.06,301.073z"">
   </path>
  </g>
 </g>
</svg>


Question: How many hands does the object has?",2,3,4,5,A,time_clock
109,"Examine the following SVG code carefully and answer the question based on your interpretation of the rendered image.

<svg height=""554.883px"" id=""Capa_1"" style=""enable-background:new 0 0 554.883 554.883;"" version=""1.1"" viewbox=""0 0 554.883 554.883"" width=""554.883px"" x=""0px"" xml:space=""preserve"" y=""0px"">
 <g>
  <g>
   <path d=""M280.687,5.466C127.46,5.466,3.246,129.68,3.246,282.907c0.0,153.227,124.214,277.442,277.441,277.442c153.227,0.0,277.442,-124.215,277.442,-277.442C558.129,129.68,433.914,5.466,280.687,5.466zM280.687,512.407c-126.546,0.0,-229.5,-102.955,-229.5,-229.5c0.0,-126.546,102.954,-229.5,229.5,-229.5c126.545,0.0,229.5,102.954,229.5,229.5C510.187,409.452,407.232,512.407,280.687,512.407z"">
   </path>
   <path d=""M280.687,68.707c-118.3,0.0,-214.2,95.9,-214.2,214.2c0.0,118.299,95.9,214.2,214.2,214.2c118.299,0.0,214.2,-95.9,214.2,-214.2C494.887,164.607,398.986,68.707,280.687,68.707zM283.113,100.326c11.268,0.0,20.402,9.134,20.402,20.401c0.0,11.267,-9.135,20.401,-20.402,20.401c-11.267,0.0,-20.397,-9.134,-20.397,-20.401C262.716,109.46,271.847,100.326,283.113,100.326zM120.741,303.501c-11.267,0.0,-20.401,-9.135,-20.401,-20.401c0.0,-11.267,9.134,-20.401,20.401,-20.401c11.267,0.0,20.401,9.134,20.401,20.401C141.142,294.366,132.008,303.501,120.741,303.501zM280.687,463.446c-11.267,0.0,-20.401,-9.133,-20.401,-20.4s9.134,-20.4,20.401,-20.4c11.266,0.0,20.401,9.133,20.401,20.4S291.953,463.446,280.687,463.446zM306.984,261.631l-0.043,0.016L264.316,379.187l0.058,-101.825L209.196,172.511l97.567,88.917l0.242,0.042l-0.049,0.132L306.984,261.631zM443.06,301.073c-11.268,0.0,-20.402,-9.133,-20.402,-20.4c0.0,-11.267,9.135,-20.401,20.402,-20.401c11.266,0.0,20.4,9.134,20.4,20.401C463.461,291.941,454.326,301.073,443.06,301.073z"">
   </path>
  </g>
 </g>
</svg>


Question: What shape is the object in the center of the image?",Square,Rectangle,Arrow,Circle,C,time_clock
110,"Examine the following SVG code carefully and answer the question based on your interpretation of the rendered image.

<svg height=""554.883px"" id=""Capa_1"" style=""enable-background:new 0 0 554.883 554.883;"" version=""1.1"" viewbox=""0 0 554.883 554.883"" width=""554.883px"" x=""0px"" xml:space=""preserve"" y=""0px"">
 <g>
  <g>
   <path d=""M280.687,5.466C127.46,5.466,3.246,129.68,3.246,282.907c0.0,153.227,124.214,277.442,277.441,277.442c153.227,0.0,277.442,-124.215,277.442,-277.442C558.129,129.68,433.914,5.466,280.687,5.466zM280.687,512.407c-126.546,0.0,-229.5,-102.955,-229.5,-229.5c0.0,-126.546,102.954,-229.5,229.5,-229.5c126.545,0.0,229.5,102.954,229.5,229.5C510.187,409.452,407.232,512.407,280.687,512.407z"">
   </path>
   <path d=""M280.687,68.707c-118.3,0.0,-214.2,95.9,-214.2,214.2c0.0,118.299,95.9,214.2,214.2,214.2c118.299,0.0,214.2,-95.9,214.2,-214.2C494.887,164.607,398.986,68.707,280.687,68.707zM283.113,100.326c11.268,0.0,20.402,9.134,20.402,20.401c0.0,11.267,-9.135,20.401,-20.402,20.401c-11.267,0.0,-20.397,-9.134,-20.397,-20.401C262.716,109.46,271.847,100.326,283.113,100.326zM120.741,303.501c-11.267,0.0,-20.401,-9.135,-20.401,-20.401c0.0,-11.267,9.134,-20.401,20.401,-20.401c11.267,0.0,20.401,9.134,20.401,20.401C141.142,294.366,132.008,303.501,120.741,303.501zM280.687,463.446c-11.267,0.0,-20.401,-9.133,-20.401,-20.4s9.134,-20.4,20.401,-20.4c11.266,0.0,20.401,9.133,20.401,20.4S291.953,463.446,280.687,463.446zM306.984,261.631l-0.043,0.016L264.316,379.187l0.058,-101.825L209.196,172.511l97.567,88.917l0.242,0.042l-0.049,0.132L306.984,261.631zM443.06,301.073c-11.268,0.0,-20.402,-9.133,-20.402,-20.4c0.0,-11.267,9.135,-20.401,20.402,-20.401c11.266,0.0,20.4,9.134,20.4,20.401C463.461,291.941,454.326,301.073,443.06,301.073z"">
   </path>
  </g>
 </g>
</svg>


Question: What is the color of the background inside the larger circle?",White,Black,Blue,Red,B,time_clock
111,"Examine the following SVG code carefully and answer the question based on your interpretation of the rendered image.

<svg height=""554.883px"" id=""Capa_1"" style=""enable-background:new 0 0 554.883 554.883;"" version=""1.1"" viewbox=""0 0 554.883 554.883"" width=""554.883px"" x=""0px"" xml:space=""preserve"" y=""0px"">
 <g>
  <g>
   <path d=""M280.687,5.466C127.46,5.466,3.246,129.68,3.246,282.907c0.0,153.227,124.214,277.442,277.441,277.442c153.227,0.0,277.442,-124.215,277.442,-277.442C558.129,129.68,433.914,5.466,280.687,5.466zM280.687,512.407c-126.546,0.0,-229.5,-102.955,-229.5,-229.5c0.0,-126.546,102.954,-229.5,229.5,-229.5c126.545,0.0,229.5,102.954,229.5,229.5C510.187,409.452,407.232,512.407,280.687,512.407z"">
   </path>
   <path d=""M280.687,68.707c-118.3,0.0,-214.2,95.9,-214.2,214.2c0.0,118.299,95.9,214.2,214.2,214.2c118.299,0.0,214.2,-95.9,214.2,-214.2C494.887,164.607,398.986,68.707,280.687,68.707zM283.113,100.326c11.268,0.0,20.402,9.134,20.402,20.401c0.0,11.267,-9.135,20.401,-20.402,20.401c-11.267,0.0,-20.397,-9.134,-20.397,-20.401C262.716,109.46,271.847,100.326,283.113,100.326zM120.741,303.501c-11.267,0.0,-20.401,-9.135,-20.401,-20.401c0.0,-11.267,9.134,-20.401,20.401,-20.401c11.267,0.0,20.401,9.134,20.401,20.401C141.142,294.366,132.008,303.501,120.741,303.501zM280.687,463.446c-11.267,0.0,-20.401,-9.133,-20.401,-20.4s9.134,-20.4,20.401,-20.4c11.266,0.0,20.401,9.133,20.401,20.4S291.953,463.446,280.687,463.446zM306.984,261.631l-0.043,0.016L264.316,379.187l0.058,-101.825L209.196,172.511l97.567,88.917l0.242,0.042l-0.049,0.132L306.984,261.631zM443.06,301.073c-11.268,0.0,-20.402,-9.133,-20.402,-20.4c0.0,-11.267,9.135,-20.401,20.402,-20.401c11.266,0.0,20.4,9.134,20.4,20.401C463.461,291.941,454.326,301.073,443.06,301.073z"">
   </path>
  </g>
 </g>
</svg>


Question: What is the object in the image most likely representing?",clock,compass,wheel,button,A,time_clock
120,"Examine the following SVG code carefully and answer the question based on your interpretation of the rendered image.

<svg id=""Capa_1"" style=""enable-background:new 0 0 470 470;"" version=""1.1"" viewbox=""0 0 470 470"" x=""0px"" xml:space=""preserve"" y=""0px"">
 <g>
  <path d=""M404.085,72.492C359.7,28.106,300.686,3.662,237.915,3.662S116.13,28.106,71.745,72.492C27.359,116.878,2.915,175.891,2.915,238.662s24.444,121.785,68.83,166.17C116.13,449.218,175.144,473.662,237.915,473.662s121.785,-24.444,166.17,-68.83C448.471,360.447,472.915,301.433,472.915,238.662S448.471,116.878,404.085,72.492zM237.915,458.662c-121.309,0.0,-220.0,-98.691,-220.0,-220.0c0.0,-121.308,98.691,-220.0,220.0,-220.0s220.0,98.692,220.0,220.0C457.915,359.971,359.224,458.662,237.915,458.662z"">
  </path>
  <path d=""M264.998,243.399l96.66,-96.66c2.929,-2.929,2.929,-7.678,0.0,-10.606l-21.213,-21.213c-1.406,-1.406,-3.314,-2.197,-5.303,-2.197s-3.897,0.79,-5.303,2.197l-76.016,76.016c-2.929,2.929,-2.929,7.678,0.0,10.606c2.929,2.929,7.678,2.929,10.606,0.0l70.712,-70.713l10.607,10.607l-83.83,83.83c-3.971,-7.088,-10.988,-12.243,-19.267,-13.687l-64.841,-64.841c-2.929,-2.929,-7.678,-2.929,-10.606,0.0l-21.213,21.213c-2.929,2.929,-2.929,7.678,0.0,10.606l64.841,64.841c0.54,3.094,1.596,6.012,3.08,8.661l-78.481,78.481c-2.929,2.929,-2.929,7.678,0.0,10.606c1.464,1.464,3.384,2.197,5.303,2.197s3.839,-0.732,5.303,-2.197l78.481,-78.481c3.967,2.223,8.535,3.496,13.397,3.496C251.463,266.162,262.746,256.312,264.998,243.399zM172.508,162.648l52.01,52.01c-4.439,2.487,-8.12,6.168,-10.607,10.607l-52.01,-52.01L172.508,162.648zM237.915,251.162c-3.435,0.0,-6.55,-1.394,-8.811,-3.644c-2.295,-2.306,-3.689,-5.421,-3.689,-8.856c0.0,-6.893,5.607,-12.5,12.5,-12.5s12.5,5.607,12.5,12.5S244.808,251.162,237.915,251.162z"">
  </path>
  <path d=""M245.415,101.162v-30.0c0.0,-4.142,-3.358,-7.5,-7.5,-7.5s-7.5,3.358,-7.5,7.5v30.0c0.0,4.142,3.358,7.5,7.5,7.5S245.415,105.304,245.415,101.162z"">
  </path>
  <path d=""M412.915,238.662c0.0,-4.142,-3.358,-7.5,-7.5,-7.5h-30.0c-4.142,0.0,-7.5,3.358,-7.5,7.5s3.358,7.5,7.5,7.5h30.0C409.557,246.162,412.915,242.804,412.915,238.662z"">
  </path>
  <path d=""M230.415,376.162v30.0c0.0,4.142,3.358,7.5,7.5,7.5s7.5,-3.358,7.5,-7.5v-30.0c0.0,-4.142,-3.358,-7.5,-7.5,-7.5S230.415,372.02,230.415,376.162z"">
  </path>
  <path d=""M70.415,231.162c-4.142,0.0,-7.5,3.358,-7.5,7.5s3.358,7.5,7.5,7.5h30.0c4.142,0.0,7.5,-3.358,7.5,-7.5s-3.358,-7.5,-7.5,-7.5H70.415z"">
  </path>
  <path d=""M237.915,33.662C124.877,33.662,32.915,125.625,32.915,238.662c0.0,113.038,91.962,205.0,205.0,205.0c48.915,0.0,96.313,-17.587,133.465,-49.523c3.141,-2.7,3.499,-7.436,0.798,-10.577s-7.436,-3.498,-10.577,-0.798C327.17,412.362,283.244,428.662,237.915,428.662c-104.766,0.0,-190.0,-85.234,-190.0,-190.0S133.149,48.662,237.915,48.662s190.0,85.234,190.0,190.0c0.0,45.329,-16.3,89.255,-45.898,123.687c-2.7,3.141,-2.343,7.876,0.798,10.577c3.143,2.7,7.877,2.342,10.577,-0.798C425.328,334.975,442.915,287.577,442.915,238.662C442.915,125.625,350.953,33.662,237.915,33.662z"">
  </path>
 </g>
</svg>


Question: What shape is the outermost part of the object?",Square,Triangle,Hexagon,Circle,D,time_clock
121,"Examine the following SVG code carefully and answer the question based on your interpretation of the rendered image.

<svg id=""Capa_1"" style=""enable-background:new 0 0 470 470;"" version=""1.1"" viewbox=""0 0 470 470"" x=""0px"" xml:space=""preserve"" y=""0px"">
 <g>
  <path d=""M404.085,72.492C359.7,28.106,300.686,3.662,237.915,3.662S116.13,28.106,71.745,72.492C27.359,116.878,2.915,175.891,2.915,238.662s24.444,121.785,68.83,166.17C116.13,449.218,175.144,473.662,237.915,473.662s121.785,-24.444,166.17,-68.83C448.471,360.447,472.915,301.433,472.915,238.662S448.471,116.878,404.085,72.492zM237.915,458.662c-121.309,0.0,-220.0,-98.691,-220.0,-220.0c0.0,-121.308,98.691,-220.0,220.0,-220.0s220.0,98.692,220.0,220.0C457.915,359.971,359.224,458.662,237.915,458.662z"">
  </path>
  <path d=""M264.998,243.399l96.66,-96.66c2.929,-2.929,2.929,-7.678,0.0,-10.606l-21.213,-21.213c-1.406,-1.406,-3.314,-2.197,-5.303,-2.197s-3.897,0.79,-5.303,2.197l-76.016,76.016c-2.929,2.929,-2.929,7.678,0.0,10.606c2.929,2.929,7.678,2.929,10.606,0.0l70.712,-70.713l10.607,10.607l-83.83,83.83c-3.971,-7.088,-10.988,-12.243,-19.267,-13.687l-64.841,-64.841c-2.929,-2.929,-7.678,-2.929,-10.606,0.0l-21.213,21.213c-2.929,2.929,-2.929,7.678,0.0,10.606l64.841,64.841c0.54,3.094,1.596,6.012,3.08,8.661l-78.481,78.481c-2.929,2.929,-2.929,7.678,0.0,10.606c1.464,1.464,3.384,2.197,5.303,2.197s3.839,-0.732,5.303,-2.197l78.481,-78.481c3.967,2.223,8.535,3.496,13.397,3.496C251.463,266.162,262.746,256.312,264.998,243.399zM172.508,162.648l52.01,52.01c-4.439,2.487,-8.12,6.168,-10.607,10.607l-52.01,-52.01L172.508,162.648zM237.915,251.162c-3.435,0.0,-6.55,-1.394,-8.811,-3.644c-2.295,-2.306,-3.689,-5.421,-3.689,-8.856c0.0,-6.893,5.607,-12.5,12.5,-12.5s12.5,5.607,12.5,12.5S244.808,251.162,237.915,251.162z"">
  </path>
  <path d=""M245.415,101.162v-30.0c0.0,-4.142,-3.358,-7.5,-7.5,-7.5s-7.5,3.358,-7.5,7.5v30.0c0.0,4.142,3.358,7.5,7.5,7.5S245.415,105.304,245.415,101.162z"">
  </path>
  <path d=""M412.915,238.662c0.0,-4.142,-3.358,-7.5,-7.5,-7.5h-30.0c-4.142,0.0,-7.5,3.358,-7.5,7.5s3.358,7.5,7.5,7.5h30.0C409.557,246.162,412.915,242.804,412.915,238.662z"">
  </path>
  <path d=""M230.415,376.162v30.0c0.0,4.142,3.358,7.5,7.5,7.5s7.5,-3.358,7.5,-7.5v-30.0c0.0,-4.142,-3.358,-7.5,-7.5,-7.5S230.415,372.02,230.415,376.162z"">
  </path>
  <path d=""M70.415,231.162c-4.142,0.0,-7.5,3.358,-7.5,7.5s3.358,7.5,7.5,7.5h30.0c4.142,0.0,7.5,-3.358,7.5,-7.5s-3.358,-7.5,-7.5,-7.5H70.415z"">
  </path>
  <path d=""M237.915,33.662C124.877,33.662,32.915,125.625,32.915,238.662c0.0,113.038,91.962,205.0,205.0,205.0c48.915,0.0,96.313,-17.587,133.465,-49.523c3.141,-2.7,3.499,-7.436,0.798,-10.577s-7.436,-3.498,-10.577,-0.798C327.17,412.362,283.244,428.662,237.915,428.662c-104.766,0.0,-190.0,-85.234,-190.0,-190.0S133.149,48.662,237.915,48.662s190.0,85.234,190.0,190.0c0.0,45.329,-16.3,89.255,-45.898,123.687c-2.7,3.141,-2.343,7.876,0.798,10.577c3.143,2.7,7.877,2.342,10.577,-0.798C425.328,334.975,442.915,287.577,442.915,238.662C442.915,125.625,350.953,33.662,237.915,33.662z"">
  </path>
 </g>
</svg>


Question: How many small lines are there inside the object near the perimeter?",2,4,6,8,B,time_clock
122,"Examine the following SVG code carefully and answer the question based on your interpretation of the rendered image.

<svg id=""Capa_1"" style=""enable-background:new 0 0 470 470;"" version=""1.1"" viewbox=""0 0 470 470"" x=""0px"" xml:space=""preserve"" y=""0px"">
 <g>
  <path d=""M404.085,72.492C359.7,28.106,300.686,3.662,237.915,3.662S116.13,28.106,71.745,72.492C27.359,116.878,2.915,175.891,2.915,238.662s24.444,121.785,68.83,166.17C116.13,449.218,175.144,473.662,237.915,473.662s121.785,-24.444,166.17,-68.83C448.471,360.447,472.915,301.433,472.915,238.662S448.471,116.878,404.085,72.492zM237.915,458.662c-121.309,0.0,-220.0,-98.691,-220.0,-220.0c0.0,-121.308,98.691,-220.0,220.0,-220.0s220.0,98.692,220.0,220.0C457.915,359.971,359.224,458.662,237.915,458.662z"">
  </path>
  <path d=""M264.998,243.399l96.66,-96.66c2.929,-2.929,2.929,-7.678,0.0,-10.606l-21.213,-21.213c-1.406,-1.406,-3.314,-2.197,-5.303,-2.197s-3.897,0.79,-5.303,2.197l-76.016,76.016c-2.929,2.929,-2.929,7.678,0.0,10.606c2.929,2.929,7.678,2.929,10.606,0.0l70.712,-70.713l10.607,10.607l-83.83,83.83c-3.971,-7.088,-10.988,-12.243,-19.267,-13.687l-64.841,-64.841c-2.929,-2.929,-7.678,-2.929,-10.606,0.0l-21.213,21.213c-2.929,2.929,-2.929,7.678,0.0,10.606l64.841,64.841c0.54,3.094,1.596,6.012,3.08,8.661l-78.481,78.481c-2.929,2.929,-2.929,7.678,0.0,10.606c1.464,1.464,3.384,2.197,5.303,2.197s3.839,-0.732,5.303,-2.197l78.481,-78.481c3.967,2.223,8.535,3.496,13.397,3.496C251.463,266.162,262.746,256.312,264.998,243.399zM172.508,162.648l52.01,52.01c-4.439,2.487,-8.12,6.168,-10.607,10.607l-52.01,-52.01L172.508,162.648zM237.915,251.162c-3.435,0.0,-6.55,-1.394,-8.811,-3.644c-2.295,-2.306,-3.689,-5.421,-3.689,-8.856c0.0,-6.893,5.607,-12.5,12.5,-12.5s12.5,5.607,12.5,12.5S244.808,251.162,237.915,251.162z"">
  </path>
  <path d=""M245.415,101.162v-30.0c0.0,-4.142,-3.358,-7.5,-7.5,-7.5s-7.5,3.358,-7.5,7.5v30.0c0.0,4.142,3.358,7.5,7.5,7.5S245.415,105.304,245.415,101.162z"">
  </path>
  <path d=""M412.915,238.662c0.0,-4.142,-3.358,-7.5,-7.5,-7.5h-30.0c-4.142,0.0,-7.5,3.358,-7.5,7.5s3.358,7.5,7.5,7.5h30.0C409.557,246.162,412.915,242.804,412.915,238.662z"">
  </path>
  <path d=""M230.415,376.162v30.0c0.0,4.142,3.358,7.5,7.5,7.5s7.5,-3.358,7.5,-7.5v-30.0c0.0,-4.142,-3.358,-7.5,-7.5,-7.5S230.415,372.02,230.415,376.162z"">
  </path>
  <path d=""M70.415,231.162c-4.142,0.0,-7.5,3.358,-7.5,7.5s3.358,7.5,7.5,7.5h30.0c4.142,0.0,7.5,-3.358,7.5,-7.5s-3.358,-7.5,-7.5,-7.5H70.415z"">
  </path>
  <path d=""M237.915,33.662C124.877,33.662,32.915,125.625,32.915,238.662c0.0,113.038,91.962,205.0,205.0,205.0c48.915,0.0,96.313,-17.587,133.465,-49.523c3.141,-2.7,3.499,-7.436,0.798,-10.577s-7.436,-3.498,-10.577,-0.798C327.17,412.362,283.244,428.662,237.915,428.662c-104.766,0.0,-190.0,-85.234,-190.0,-190.0S133.149,48.662,237.915,48.662s190.0,85.234,190.0,190.0c0.0,45.329,-16.3,89.255,-45.898,123.687c-2.7,3.141,-2.343,7.876,0.798,10.577c3.143,2.7,7.877,2.342,10.577,-0.798C425.328,334.975,442.915,287.577,442.915,238.662C442.915,125.625,350.953,33.662,237.915,33.662z"">
  </path>
 </g>
</svg>


Question: What is the position of the shortest hand in the object?",3,6,10,12,C,time_clock
123,"Examine the following SVG code carefully and answer the question based on your interpretation of the rendered image.

<svg id=""Capa_1"" style=""enable-background:new 0 0 470 470;"" version=""1.1"" viewbox=""0 0 470 470"" x=""0px"" xml:space=""preserve"" y=""0px"">
 <g>
  <path d=""M404.085,72.492C359.7,28.106,300.686,3.662,237.915,3.662S116.13,28.106,71.745,72.492C27.359,116.878,2.915,175.891,2.915,238.662s24.444,121.785,68.83,166.17C116.13,449.218,175.144,473.662,237.915,473.662s121.785,-24.444,166.17,-68.83C448.471,360.447,472.915,301.433,472.915,238.662S448.471,116.878,404.085,72.492zM237.915,458.662c-121.309,0.0,-220.0,-98.691,-220.0,-220.0c0.0,-121.308,98.691,-220.0,220.0,-220.0s220.0,98.692,220.0,220.0C457.915,359.971,359.224,458.662,237.915,458.662z"">
  </path>
  <path d=""M264.998,243.399l96.66,-96.66c2.929,-2.929,2.929,-7.678,0.0,-10.606l-21.213,-21.213c-1.406,-1.406,-3.314,-2.197,-5.303,-2.197s-3.897,0.79,-5.303,2.197l-76.016,76.016c-2.929,2.929,-2.929,7.678,0.0,10.606c2.929,2.929,7.678,2.929,10.606,0.0l70.712,-70.713l10.607,10.607l-83.83,83.83c-3.971,-7.088,-10.988,-12.243,-19.267,-13.687l-64.841,-64.841c-2.929,-2.929,-7.678,-2.929,-10.606,0.0l-21.213,21.213c-2.929,2.929,-2.929,7.678,0.0,10.606l64.841,64.841c0.54,3.094,1.596,6.012,3.08,8.661l-78.481,78.481c-2.929,2.929,-2.929,7.678,0.0,10.606c1.464,1.464,3.384,2.197,5.303,2.197s3.839,-0.732,5.303,-2.197l78.481,-78.481c3.967,2.223,8.535,3.496,13.397,3.496C251.463,266.162,262.746,256.312,264.998,243.399zM172.508,162.648l52.01,52.01c-4.439,2.487,-8.12,6.168,-10.607,10.607l-52.01,-52.01L172.508,162.648zM237.915,251.162c-3.435,0.0,-6.55,-1.394,-8.811,-3.644c-2.295,-2.306,-3.689,-5.421,-3.689,-8.856c0.0,-6.893,5.607,-12.5,12.5,-12.5s12.5,5.607,12.5,12.5S244.808,251.162,237.915,251.162z"">
  </path>
  <path d=""M245.415,101.162v-30.0c0.0,-4.142,-3.358,-7.5,-7.5,-7.5s-7.5,3.358,-7.5,7.5v30.0c0.0,4.142,3.358,7.5,7.5,7.5S245.415,105.304,245.415,101.162z"">
  </path>
  <path d=""M412.915,238.662c0.0,-4.142,-3.358,-7.5,-7.5,-7.5h-30.0c-4.142,0.0,-7.5,3.358,-7.5,7.5s3.358,7.5,7.5,7.5h30.0C409.557,246.162,412.915,242.804,412.915,238.662z"">
  </path>
  <path d=""M230.415,376.162v30.0c0.0,4.142,3.358,7.5,7.5,7.5s7.5,-3.358,7.5,-7.5v-30.0c0.0,-4.142,-3.358,-7.5,-7.5,-7.5S230.415,372.02,230.415,376.162z"">
  </path>
  <path d=""M70.415,231.162c-4.142,0.0,-7.5,3.358,-7.5,7.5s3.358,7.5,7.5,7.5h30.0c4.142,0.0,7.5,-3.358,7.5,-7.5s-3.358,-7.5,-7.5,-7.5H70.415z"">
  </path>
  <path d=""M237.915,33.662C124.877,33.662,32.915,125.625,32.915,238.662c0.0,113.038,91.962,205.0,205.0,205.0c48.915,0.0,96.313,-17.587,133.465,-49.523c3.141,-2.7,3.499,-7.436,0.798,-10.577s-7.436,-3.498,-10.577,-0.798C327.17,412.362,283.244,428.662,237.915,428.662c-104.766,0.0,-190.0,-85.234,-190.0,-190.0S133.149,48.662,237.915,48.662s190.0,85.234,190.0,190.0c0.0,45.329,-16.3,89.255,-45.898,123.687c-2.7,3.141,-2.343,7.876,0.798,10.577c3.143,2.7,7.877,2.342,10.577,-0.798C425.328,334.975,442.915,287.577,442.915,238.662C442.915,125.625,350.953,33.662,237.915,33.662z"">
  </path>
 </g>
</svg>


Question: What is the object in the image?",Compass,Clock,Thermometer,Barometer,B,time_clock
136,"Examine the following SVG code carefully and answer the question based on your interpretation of the rendered image.

<svg id=""Layer_1"" style=""enable-background:new 0 0 511.999 511.999;"" version=""1.1"" viewbox=""0 0 511.999 511.999"" x=""0px"" xml:space=""preserve"" y=""0px"">
 <g>
  <g>
   <path d=""M252.281,173.867c-46.856,0.0,-84.977,38.121,-84.977,84.977s38.121,84.977,84.977,84.977s84.977,-38.121,84.977,-84.977S299.137,173.867,252.281,173.867zM260.298,327.307v-8.605c0.0,-4.427,-3.589,-8.017,-8.017,-8.017s-8.017,3.589,-8.017,8.017v8.605c-31.618,-3.68,-56.766,-28.827,-60.446,-60.446h8.605c4.427,0.0,8.017,-3.589,8.017,-8.017s-3.589,-8.017,-8.017,-8.017h-8.605c3.68,-31.618,28.827,-56.766,60.446,-60.446v8.605c0.0,4.427,3.589,8.017,8.017,8.017s8.017,-3.589,8.017,-8.017v-8.605c31.618,3.68,56.766,28.827,60.446,60.446h-8.605c-4.427,0.0,-8.017,3.589,-8.017,8.017s3.589,8.017,8.017,8.017h8.605C317.064,298.479,291.916,323.626,260.298,327.307z"">
   </path>
  </g>
 </g>
 <g>
  <g>
   <path d=""M292.154,218.971c-3.13,-3.131,-8.207,-3.131,-11.337,0.0l-34.205,34.205c-3.131,3.131,-3.131,8.207,0.0,11.337c1.565,1.565,3.617,2.348,5.668,2.348s4.103,-0.782,5.668,-2.348l34.205,-34.205C295.285,227.177,295.285,222.101,292.154,218.971z"">
   </path>
  </g>
 </g>
 <g>
  <g>
   <path d=""M235.181,54.151c-4.427,0.0,-8.017,3.589,-8.017,8.017v8.552c0.0,4.427,3.589,8.017,8.017,8.017s8.017,-3.589,8.017,-8.017v-8.552C243.198,57.74,239.609,54.151,235.181,54.151z"">
   </path>
  </g>
 </g>
 <g>
  <g>
   <path d=""M269.386,54.151c-4.427,0.0,-8.017,3.589,-8.017,8.017v8.552c0.0,4.427,3.589,8.017,8.017,8.017s8.017,-3.589,8.017,-8.017v-8.552C277.402,57.74,273.813,54.151,269.386,54.151z"">
   </path>
  </g>
 </g>
 <g>
  <g>
   <path d=""M235.181,438.953c-4.427,0.0,-8.017,3.589,-8.017,8.017v8.552c0.0,4.427,3.589,8.017,8.017,8.017s8.017,-3.589,8.017,-8.017v-8.552C243.198,442.542,239.609,438.953,235.181,438.953z"">
   </path>
  </g>
 </g>
 <g>
  <g>
   <path d=""M269.386,438.953c-4.427,0.0,-8.017,3.589,-8.017,8.017v8.552c0.0,4.427,3.589,8.017,8.017,8.017s8.017,-3.589,8.017,-8.017v-8.552C277.402,442.542,273.813,438.953,269.386,438.953z"">
   </path>
  </g>
 </g>
 <g>
  <g>
   <path d=""M380.549,242.276c-4.427,0.0,-8.017,3.589,-8.017,8.017v0.534h-1.345c-1.763,-26.406,-12.16,-50.484,-28.392,-69.427l-12.92,-70.968c-1.464,-7.838,-8.314,-13.526,-16.287,-13.526h-1.984V19.412C311.605,10.276,304.173,2.844,295.037,2.844h-85.511c-9.136,0.0,-16.568,7.432,-16.568,16.568v77.495h-1.984c-7.972,0.0,-14.821,5.688,-16.293,13.562l-12.913,70.932c-17.861,20.844,-28.668,47.905,-28.668,77.443s10.807,56.599,28.668,77.443l12.92,70.968c1.464,7.837,8.314,13.525,16.286,13.525h1.985v77.495c0.0,9.136,7.432,16.568,16.568,16.568h85.511c9.136,0.0,16.568,-7.432,16.568,-16.568v-77.494h1.984c7.972,0.0,14.821,-5.688,16.293,-13.562l12.913,-70.932c16.232,-18.944,26.629,-43.022,28.392,-69.427h1.345v0.534c0.0,4.427,3.589,8.017,8.017,8.017c4.427,0.0,8.017,-3.589,8.017,-8.017v-17.102C388.565,245.865,384.976,242.276,380.549,242.276zM208.991,19.412c0.0,-0.295,0.239,-0.534,0.534,-0.534h17.666c-0.012,0.177,-0.027,0.354,-0.027,0.534v8.552c0.0,4.427,3.589,8.017,8.017,8.017c4.427,0.0,8.017,-3.589,8.017,-8.017v-8.552c0.0,-0.181,-0.015,-0.357,-0.027,-0.534h18.225c-0.012,0.177,-0.027,0.354,-0.027,0.534v8.552c0.0,4.427,3.589,8.017,8.017,8.017c4.427,0.0,8.017,-3.589,8.017,-8.017v-8.552c0.0,-0.181,-0.015,-0.357,-0.027,-0.534h17.661c0.295,0.0,0.534,0.239,0.534,0.534v94.063c0.0,0.295,-0.239,0.534,-0.534,0.534h-17.661c0.012,-0.177,0.027,-0.354,0.027,-0.534v-8.552c0.0,-4.427,-3.589,-8.017,-8.017,-8.017s-8.017,3.589,-8.017,8.017v8.552c0.0,0.181,0.015,0.357,0.027,0.534h-18.225c0.012,-0.177,0.027,-0.354,0.027,-0.534v-8.552c0.0,-4.427,-3.589,-8.017,-8.017,-8.017s-8.017,3.589,-8.017,8.017v8.552c0.0,0.181,0.015,0.357,0.027,0.534h-17.666c-0.295,0.0,-0.534,-0.239,-0.534,-0.534V19.412zM190.449,113.377c0.046,-0.253,0.267,-0.437,0.525,-0.437h1.984v0.534c0.0,9.136,7.432,16.568,16.568,16.568h85.511c9.136,0.0,16.568,-7.432,16.568,-16.568v-0.534h1.984c0.258,0.0,0.478,0.184,0.518,0.4l9.058,49.754c-19.825,-14.714,-44.354,-23.431,-70.884,-23.431s-51.059,8.717,-70.884,23.431L190.449,113.377zM295.572,498.276c0.0,0.295,-0.239,0.534,-0.534,0.534h-17.661c0.012,-0.177,0.027,-0.354,0.027,-0.534v-8.552c0.0,-4.427,-3.589,-8.017,-8.017,-8.017s-8.017,3.589,-8.017,8.017v8.552c0.0,0.181,0.015,0.357,0.027,0.534h-18.225c0.012,-0.177,0.027,-0.354,0.027,-0.534v-8.552c0.0,-4.427,-3.589,-8.017,-8.017,-8.017s-8.017,3.589,-8.017,8.017v8.552c0.0,0.181,0.015,0.357,0.027,0.534h-17.666c-0.295,0.0,-0.534,-0.239,-0.534,-0.534V404.214c0.0,-0.295,0.239,-0.534,0.534,-0.534h17.666c-0.012,0.177,-0.027,0.354,-0.027,0.534v8.552c0.0,4.427,3.589,8.017,8.017,8.017c4.427,0.0,8.017,-3.589,8.017,-8.017v-8.552c0.0,-0.181,-0.015,-0.357,-0.027,-0.534h18.225c-0.012,0.177,-0.027,0.354,-0.027,0.534v8.552c0.0,4.427,3.589,8.017,8.017,8.017c4.427,0.0,8.017,-3.589,8.017,-8.017v-8.552c0.0,-0.181,-0.015,-0.357,-0.027,-0.534h17.661c0.295,0.0,0.534,0.239,0.534,0.534V498.276zM314.114,404.311c-0.046,0.253,-0.267,0.437,-0.525,0.437h-1.984v-0.534c0.0,-9.136,-7.432,-16.568,-16.568,-16.568h-85.511c-9.136,0.0,-16.568,7.432,-16.568,16.568v0.534h-1.984c-0.258,0.0,-0.478,-0.184,-0.518,-0.4l-9.058,-49.754c19.825,14.714,44.354,23.431,70.884,23.431s51.059,-8.717,70.884,-23.431L314.114,404.311zM252.281,361.992C195.406,361.992,149.133,315.72,149.133,258.844s46.272,-103.148,103.148,-103.148S355.43,201.968,355.43,258.844S309.157,361.992,252.281,361.992z"">
   </path>
  </g>
 </g>
</svg>


Question: What shape is the main face of the object?",Circle,Triangle,Square,Hexagon,A,time_clock
137,"Examine the following SVG code carefully and answer the question based on your interpretation of the rendered image.

<svg id=""Layer_1"" style=""enable-background:new 0 0 511.999 511.999;"" version=""1.1"" viewbox=""0 0 511.999 511.999"" x=""0px"" xml:space=""preserve"" y=""0px"">
 <g>
  <g>
   <path d=""M252.281,173.867c-46.856,0.0,-84.977,38.121,-84.977,84.977s38.121,84.977,84.977,84.977s84.977,-38.121,84.977,-84.977S299.137,173.867,252.281,173.867zM260.298,327.307v-8.605c0.0,-4.427,-3.589,-8.017,-8.017,-8.017s-8.017,3.589,-8.017,8.017v8.605c-31.618,-3.68,-56.766,-28.827,-60.446,-60.446h8.605c4.427,0.0,8.017,-3.589,8.017,-8.017s-3.589,-8.017,-8.017,-8.017h-8.605c3.68,-31.618,28.827,-56.766,60.446,-60.446v8.605c0.0,4.427,3.589,8.017,8.017,8.017s8.017,-3.589,8.017,-8.017v-8.605c31.618,3.68,56.766,28.827,60.446,60.446h-8.605c-4.427,0.0,-8.017,3.589,-8.017,8.017s3.589,8.017,8.017,8.017h8.605C317.064,298.479,291.916,323.626,260.298,327.307z"">
   </path>
  </g>
 </g>
 <g>
  <g>
   <path d=""M292.154,218.971c-3.13,-3.131,-8.207,-3.131,-11.337,0.0l-34.205,34.205c-3.131,3.131,-3.131,8.207,0.0,11.337c1.565,1.565,3.617,2.348,5.668,2.348s4.103,-0.782,5.668,-2.348l34.205,-34.205C295.285,227.177,295.285,222.101,292.154,218.971z"">
   </path>
  </g>
 </g>
 <g>
  <g>
   <path d=""M235.181,54.151c-4.427,0.0,-8.017,3.589,-8.017,8.017v8.552c0.0,4.427,3.589,8.017,8.017,8.017s8.017,-3.589,8.017,-8.017v-8.552C243.198,57.74,239.609,54.151,235.181,54.151z"">
   </path>
  </g>
 </g>
 <g>
  <g>
   <path d=""M269.386,54.151c-4.427,0.0,-8.017,3.589,-8.017,8.017v8.552c0.0,4.427,3.589,8.017,8.017,8.017s8.017,-3.589,8.017,-8.017v-8.552C277.402,57.74,273.813,54.151,269.386,54.151z"">
   </path>
  </g>
 </g>
 <g>
  <g>
   <path d=""M235.181,438.953c-4.427,0.0,-8.017,3.589,-8.017,8.017v8.552c0.0,4.427,3.589,8.017,8.017,8.017s8.017,-3.589,8.017,-8.017v-8.552C243.198,442.542,239.609,438.953,235.181,438.953z"">
   </path>
  </g>
 </g>
 <g>
  <g>
   <path d=""M269.386,438.953c-4.427,0.0,-8.017,3.589,-8.017,8.017v8.552c0.0,4.427,3.589,8.017,8.017,8.017s8.017,-3.589,8.017,-8.017v-8.552C277.402,442.542,273.813,438.953,269.386,438.953z"">
   </path>
  </g>
 </g>
 <g>
  <g>
   <path d=""M380.549,242.276c-4.427,0.0,-8.017,3.589,-8.017,8.017v0.534h-1.345c-1.763,-26.406,-12.16,-50.484,-28.392,-69.427l-12.92,-70.968c-1.464,-7.838,-8.314,-13.526,-16.287,-13.526h-1.984V19.412C311.605,10.276,304.173,2.844,295.037,2.844h-85.511c-9.136,0.0,-16.568,7.432,-16.568,16.568v77.495h-1.984c-7.972,0.0,-14.821,5.688,-16.293,13.562l-12.913,70.932c-17.861,20.844,-28.668,47.905,-28.668,77.443s10.807,56.599,28.668,77.443l12.92,70.968c1.464,7.837,8.314,13.525,16.286,13.525h1.985v77.495c0.0,9.136,7.432,16.568,16.568,16.568h85.511c9.136,0.0,16.568,-7.432,16.568,-16.568v-77.494h1.984c7.972,0.0,14.821,-5.688,16.293,-13.562l12.913,-70.932c16.232,-18.944,26.629,-43.022,28.392,-69.427h1.345v0.534c0.0,4.427,3.589,8.017,8.017,8.017c4.427,0.0,8.017,-3.589,8.017,-8.017v-17.102C388.565,245.865,384.976,242.276,380.549,242.276zM208.991,19.412c0.0,-0.295,0.239,-0.534,0.534,-0.534h17.666c-0.012,0.177,-0.027,0.354,-0.027,0.534v8.552c0.0,4.427,3.589,8.017,8.017,8.017c4.427,0.0,8.017,-3.589,8.017,-8.017v-8.552c0.0,-0.181,-0.015,-0.357,-0.027,-0.534h18.225c-0.012,0.177,-0.027,0.354,-0.027,0.534v8.552c0.0,4.427,3.589,8.017,8.017,8.017c4.427,0.0,8.017,-3.589,8.017,-8.017v-8.552c0.0,-0.181,-0.015,-0.357,-0.027,-0.534h17.661c0.295,0.0,0.534,0.239,0.534,0.534v94.063c0.0,0.295,-0.239,0.534,-0.534,0.534h-17.661c0.012,-0.177,0.027,-0.354,0.027,-0.534v-8.552c0.0,-4.427,-3.589,-8.017,-8.017,-8.017s-8.017,3.589,-8.017,8.017v8.552c0.0,0.181,0.015,0.357,0.027,0.534h-18.225c0.012,-0.177,0.027,-0.354,0.027,-0.534v-8.552c0.0,-4.427,-3.589,-8.017,-8.017,-8.017s-8.017,3.589,-8.017,8.017v8.552c0.0,0.181,0.015,0.357,0.027,0.534h-17.666c-0.295,0.0,-0.534,-0.239,-0.534,-0.534V19.412zM190.449,113.377c0.046,-0.253,0.267,-0.437,0.525,-0.437h1.984v0.534c0.0,9.136,7.432,16.568,16.568,16.568h85.511c9.136,0.0,16.568,-7.432,16.568,-16.568v-0.534h1.984c0.258,0.0,0.478,0.184,0.518,0.4l9.058,49.754c-19.825,-14.714,-44.354,-23.431,-70.884,-23.431s-51.059,8.717,-70.884,23.431L190.449,113.377zM295.572,498.276c0.0,0.295,-0.239,0.534,-0.534,0.534h-17.661c0.012,-0.177,0.027,-0.354,0.027,-0.534v-8.552c0.0,-4.427,-3.589,-8.017,-8.017,-8.017s-8.017,3.589,-8.017,8.017v8.552c0.0,0.181,0.015,0.357,0.027,0.534h-18.225c0.012,-0.177,0.027,-0.354,0.027,-0.534v-8.552c0.0,-4.427,-3.589,-8.017,-8.017,-8.017s-8.017,3.589,-8.017,8.017v8.552c0.0,0.181,0.015,0.357,0.027,0.534h-17.666c-0.295,0.0,-0.534,-0.239,-0.534,-0.534V404.214c0.0,-0.295,0.239,-0.534,0.534,-0.534h17.666c-0.012,0.177,-0.027,0.354,-0.027,0.534v8.552c0.0,4.427,3.589,8.017,8.017,8.017c4.427,0.0,8.017,-3.589,8.017,-8.017v-8.552c0.0,-0.181,-0.015,-0.357,-0.027,-0.534h18.225c-0.012,0.177,-0.027,0.354,-0.027,0.534v8.552c0.0,4.427,3.589,8.017,8.017,8.017c4.427,0.0,8.017,-3.589,8.017,-8.017v-8.552c0.0,-0.181,-0.015,-0.357,-0.027,-0.534h17.661c0.295,0.0,0.534,0.239,0.534,0.534V498.276zM314.114,404.311c-0.046,0.253,-0.267,0.437,-0.525,0.437h-1.984v-0.534c0.0,-9.136,-7.432,-16.568,-16.568,-16.568h-85.511c-9.136,0.0,-16.568,7.432,-16.568,16.568v0.534h-1.984c-0.258,0.0,-0.478,-0.184,-0.518,-0.4l-9.058,-49.754c19.825,14.714,44.354,23.431,70.884,23.431s51.059,-8.717,70.884,-23.431L314.114,404.311zM252.281,361.992C195.406,361.992,149.133,315.72,149.133,258.844s46.272,-103.148,103.148,-103.148S355.43,201.968,355.43,258.844S309.157,361.992,252.281,361.992z"">
   </path>
  </g>
 </g>
</svg>


Question: How many buttons are visible on the object?",1,2,3,4,A,time_clock
138,"Examine the following SVG code carefully and answer the question based on your interpretation of the rendered image.

<svg id=""Layer_1"" style=""enable-background:new 0 0 511.999 511.999;"" version=""1.1"" viewbox=""0 0 511.999 511.999"" x=""0px"" xml:space=""preserve"" y=""0px"">
 <g>
  <g>
   <path d=""M252.281,173.867c-46.856,0.0,-84.977,38.121,-84.977,84.977s38.121,84.977,84.977,84.977s84.977,-38.121,84.977,-84.977S299.137,173.867,252.281,173.867zM260.298,327.307v-8.605c0.0,-4.427,-3.589,-8.017,-8.017,-8.017s-8.017,3.589,-8.017,8.017v8.605c-31.618,-3.68,-56.766,-28.827,-60.446,-60.446h8.605c4.427,0.0,8.017,-3.589,8.017,-8.017s-3.589,-8.017,-8.017,-8.017h-8.605c3.68,-31.618,28.827,-56.766,60.446,-60.446v8.605c0.0,4.427,3.589,8.017,8.017,8.017s8.017,-3.589,8.017,-8.017v-8.605c31.618,3.68,56.766,28.827,60.446,60.446h-8.605c-4.427,0.0,-8.017,3.589,-8.017,8.017s3.589,8.017,8.017,8.017h8.605C317.064,298.479,291.916,323.626,260.298,327.307z"">
   </path>
  </g>
 </g>
 <g>
  <g>
   <path d=""M292.154,218.971c-3.13,-3.131,-8.207,-3.131,-11.337,0.0l-34.205,34.205c-3.131,3.131,-3.131,8.207,0.0,11.337c1.565,1.565,3.617,2.348,5.668,2.348s4.103,-0.782,5.668,-2.348l34.205,-34.205C295.285,227.177,295.285,222.101,292.154,218.971z"">
   </path>
  </g>
 </g>
 <g>
  <g>
   <path d=""M235.181,54.151c-4.427,0.0,-8.017,3.589,-8.017,8.017v8.552c0.0,4.427,3.589,8.017,8.017,8.017s8.017,-3.589,8.017,-8.017v-8.552C243.198,57.74,239.609,54.151,235.181,54.151z"">
   </path>
  </g>
 </g>
 <g>
  <g>
   <path d=""M269.386,54.151c-4.427,0.0,-8.017,3.589,-8.017,8.017v8.552c0.0,4.427,3.589,8.017,8.017,8.017s8.017,-3.589,8.017,-8.017v-8.552C277.402,57.74,273.813,54.151,269.386,54.151z"">
   </path>
  </g>
 </g>
 <g>
  <g>
   <path d=""M235.181,438.953c-4.427,0.0,-8.017,3.589,-8.017,8.017v8.552c0.0,4.427,3.589,8.017,8.017,8.017s8.017,-3.589,8.017,-8.017v-8.552C243.198,442.542,239.609,438.953,235.181,438.953z"">
   </path>
  </g>
 </g>
 <g>
  <g>
   <path d=""M269.386,438.953c-4.427,0.0,-8.017,3.589,-8.017,8.017v8.552c0.0,4.427,3.589,8.017,8.017,8.017s8.017,-3.589,8.017,-8.017v-8.552C277.402,442.542,273.813,438.953,269.386,438.953z"">
   </path>
  </g>
 </g>
 <g>
  <g>
   <path d=""M380.549,242.276c-4.427,0.0,-8.017,3.589,-8.017,8.017v0.534h-1.345c-1.763,-26.406,-12.16,-50.484,-28.392,-69.427l-12.92,-70.968c-1.464,-7.838,-8.314,-13.526,-16.287,-13.526h-1.984V19.412C311.605,10.276,304.173,2.844,295.037,2.844h-85.511c-9.136,0.0,-16.568,7.432,-16.568,16.568v77.495h-1.984c-7.972,0.0,-14.821,5.688,-16.293,13.562l-12.913,70.932c-17.861,20.844,-28.668,47.905,-28.668,77.443s10.807,56.599,28.668,77.443l12.92,70.968c1.464,7.837,8.314,13.525,16.286,13.525h1.985v77.495c0.0,9.136,7.432,16.568,16.568,16.568h85.511c9.136,0.0,16.568,-7.432,16.568,-16.568v-77.494h1.984c7.972,0.0,14.821,-5.688,16.293,-13.562l12.913,-70.932c16.232,-18.944,26.629,-43.022,28.392,-69.427h1.345v0.534c0.0,4.427,3.589,8.017,8.017,8.017c4.427,0.0,8.017,-3.589,8.017,-8.017v-17.102C388.565,245.865,384.976,242.276,380.549,242.276zM208.991,19.412c0.0,-0.295,0.239,-0.534,0.534,-0.534h17.666c-0.012,0.177,-0.027,0.354,-0.027,0.534v8.552c0.0,4.427,3.589,8.017,8.017,8.017c4.427,0.0,8.017,-3.589,8.017,-8.017v-8.552c0.0,-0.181,-0.015,-0.357,-0.027,-0.534h18.225c-0.012,0.177,-0.027,0.354,-0.027,0.534v8.552c0.0,4.427,3.589,8.017,8.017,8.017c4.427,0.0,8.017,-3.589,8.017,-8.017v-8.552c0.0,-0.181,-0.015,-0.357,-0.027,-0.534h17.661c0.295,0.0,0.534,0.239,0.534,0.534v94.063c0.0,0.295,-0.239,0.534,-0.534,0.534h-17.661c0.012,-0.177,0.027,-0.354,0.027,-0.534v-8.552c0.0,-4.427,-3.589,-8.017,-8.017,-8.017s-8.017,3.589,-8.017,8.017v8.552c0.0,0.181,0.015,0.357,0.027,0.534h-18.225c0.012,-0.177,0.027,-0.354,0.027,-0.534v-8.552c0.0,-4.427,-3.589,-8.017,-8.017,-8.017s-8.017,3.589,-8.017,8.017v8.552c0.0,0.181,0.015,0.357,0.027,0.534h-17.666c-0.295,0.0,-0.534,-0.239,-0.534,-0.534V19.412zM190.449,113.377c0.046,-0.253,0.267,-0.437,0.525,-0.437h1.984v0.534c0.0,9.136,7.432,16.568,16.568,16.568h85.511c9.136,0.0,16.568,-7.432,16.568,-16.568v-0.534h1.984c0.258,0.0,0.478,0.184,0.518,0.4l9.058,49.754c-19.825,-14.714,-44.354,-23.431,-70.884,-23.431s-51.059,8.717,-70.884,23.431L190.449,113.377zM295.572,498.276c0.0,0.295,-0.239,0.534,-0.534,0.534h-17.661c0.012,-0.177,0.027,-0.354,0.027,-0.534v-8.552c0.0,-4.427,-3.589,-8.017,-8.017,-8.017s-8.017,3.589,-8.017,8.017v8.552c0.0,0.181,0.015,0.357,0.027,0.534h-18.225c0.012,-0.177,0.027,-0.354,0.027,-0.534v-8.552c0.0,-4.427,-3.589,-8.017,-8.017,-8.017s-8.017,3.589,-8.017,8.017v8.552c0.0,0.181,0.015,0.357,0.027,0.534h-17.666c-0.295,0.0,-0.534,-0.239,-0.534,-0.534V404.214c0.0,-0.295,0.239,-0.534,0.534,-0.534h17.666c-0.012,0.177,-0.027,0.354,-0.027,0.534v8.552c0.0,4.427,3.589,8.017,8.017,8.017c4.427,0.0,8.017,-3.589,8.017,-8.017v-8.552c0.0,-0.181,-0.015,-0.357,-0.027,-0.534h18.225c-0.012,0.177,-0.027,0.354,-0.027,0.534v8.552c0.0,4.427,3.589,8.017,8.017,8.017c4.427,0.0,8.017,-3.589,8.017,-8.017v-8.552c0.0,-0.181,-0.015,-0.357,-0.027,-0.534h17.661c0.295,0.0,0.534,0.239,0.534,0.534V498.276zM314.114,404.311c-0.046,0.253,-0.267,0.437,-0.525,0.437h-1.984v-0.534c0.0,-9.136,-7.432,-16.568,-16.568,-16.568h-85.511c-9.136,0.0,-16.568,7.432,-16.568,16.568v0.534h-1.984c-0.258,0.0,-0.478,-0.184,-0.518,-0.4l-9.058,-49.754c19.825,14.714,44.354,23.431,70.884,23.431s51.059,-8.717,70.884,-23.431L314.114,404.311zM252.281,361.992C195.406,361.992,149.133,315.72,149.133,258.844s46.272,-103.148,103.148,-103.148S355.43,201.968,355.43,258.844S309.157,361.992,252.281,361.992z"">
   </path>
  </g>
 </g>
</svg>


Question: What is the position of the hand on the object?",12 o'clock,2 o'clock,6 o'clock,8 o'clock,B,time_clock
139,"Examine the following SVG code carefully and answer the question based on your interpretation of the rendered image.

<svg id=""Layer_1"" style=""enable-background:new 0 0 511.999 511.999;"" version=""1.1"" viewbox=""0 0 511.999 511.999"" x=""0px"" xml:space=""preserve"" y=""0px"">
 <g>
  <g>
   <path d=""M252.281,173.867c-46.856,0.0,-84.977,38.121,-84.977,84.977s38.121,84.977,84.977,84.977s84.977,-38.121,84.977,-84.977S299.137,173.867,252.281,173.867zM260.298,327.307v-8.605c0.0,-4.427,-3.589,-8.017,-8.017,-8.017s-8.017,3.589,-8.017,8.017v8.605c-31.618,-3.68,-56.766,-28.827,-60.446,-60.446h8.605c4.427,0.0,8.017,-3.589,8.017,-8.017s-3.589,-8.017,-8.017,-8.017h-8.605c3.68,-31.618,28.827,-56.766,60.446,-60.446v8.605c0.0,4.427,3.589,8.017,8.017,8.017s8.017,-3.589,8.017,-8.017v-8.605c31.618,3.68,56.766,28.827,60.446,60.446h-8.605c-4.427,0.0,-8.017,3.589,-8.017,8.017s3.589,8.017,8.017,8.017h8.605C317.064,298.479,291.916,323.626,260.298,327.307z"">
   </path>
  </g>
 </g>
 <g>
  <g>
   <path d=""M292.154,218.971c-3.13,-3.131,-8.207,-3.131,-11.337,0.0l-34.205,34.205c-3.131,3.131,-3.131,8.207,0.0,11.337c1.565,1.565,3.617,2.348,5.668,2.348s4.103,-0.782,5.668,-2.348l34.205,-34.205C295.285,227.177,295.285,222.101,292.154,218.971z"">
   </path>
  </g>
 </g>
 <g>
  <g>
   <path d=""M235.181,54.151c-4.427,0.0,-8.017,3.589,-8.017,8.017v8.552c0.0,4.427,3.589,8.017,8.017,8.017s8.017,-3.589,8.017,-8.017v-8.552C243.198,57.74,239.609,54.151,235.181,54.151z"">
   </path>
  </g>
 </g>
 <g>
  <g>
   <path d=""M269.386,54.151c-4.427,0.0,-8.017,3.589,-8.017,8.017v8.552c0.0,4.427,3.589,8.017,8.017,8.017s8.017,-3.589,8.017,-8.017v-8.552C277.402,57.74,273.813,54.151,269.386,54.151z"">
   </path>
  </g>
 </g>
 <g>
  <g>
   <path d=""M235.181,438.953c-4.427,0.0,-8.017,3.589,-8.017,8.017v8.552c0.0,4.427,3.589,8.017,8.017,8.017s8.017,-3.589,8.017,-8.017v-8.552C243.198,442.542,239.609,438.953,235.181,438.953z"">
   </path>
  </g>
 </g>
 <g>
  <g>
   <path d=""M269.386,438.953c-4.427,0.0,-8.017,3.589,-8.017,8.017v8.552c0.0,4.427,3.589,8.017,8.017,8.017s8.017,-3.589,8.017,-8.017v-8.552C277.402,442.542,273.813,438.953,269.386,438.953z"">
   </path>
  </g>
 </g>
 <g>
  <g>
   <path d=""M380.549,242.276c-4.427,0.0,-8.017,3.589,-8.017,8.017v0.534h-1.345c-1.763,-26.406,-12.16,-50.484,-28.392,-69.427l-12.92,-70.968c-1.464,-7.838,-8.314,-13.526,-16.287,-13.526h-1.984V19.412C311.605,10.276,304.173,2.844,295.037,2.844h-85.511c-9.136,0.0,-16.568,7.432,-16.568,16.568v77.495h-1.984c-7.972,0.0,-14.821,5.688,-16.293,13.562l-12.913,70.932c-17.861,20.844,-28.668,47.905,-28.668,77.443s10.807,56.599,28.668,77.443l12.92,70.968c1.464,7.837,8.314,13.525,16.286,13.525h1.985v77.495c0.0,9.136,7.432,16.568,16.568,16.568h85.511c9.136,0.0,16.568,-7.432,16.568,-16.568v-77.494h1.984c7.972,0.0,14.821,-5.688,16.293,-13.562l12.913,-70.932c16.232,-18.944,26.629,-43.022,28.392,-69.427h1.345v0.534c0.0,4.427,3.589,8.017,8.017,8.017c4.427,0.0,8.017,-3.589,8.017,-8.017v-17.102C388.565,245.865,384.976,242.276,380.549,242.276zM208.991,19.412c0.0,-0.295,0.239,-0.534,0.534,-0.534h17.666c-0.012,0.177,-0.027,0.354,-0.027,0.534v8.552c0.0,4.427,3.589,8.017,8.017,8.017c4.427,0.0,8.017,-3.589,8.017,-8.017v-8.552c0.0,-0.181,-0.015,-0.357,-0.027,-0.534h18.225c-0.012,0.177,-0.027,0.354,-0.027,0.534v8.552c0.0,4.427,3.589,8.017,8.017,8.017c4.427,0.0,8.017,-3.589,8.017,-8.017v-8.552c0.0,-0.181,-0.015,-0.357,-0.027,-0.534h17.661c0.295,0.0,0.534,0.239,0.534,0.534v94.063c0.0,0.295,-0.239,0.534,-0.534,0.534h-17.661c0.012,-0.177,0.027,-0.354,0.027,-0.534v-8.552c0.0,-4.427,-3.589,-8.017,-8.017,-8.017s-8.017,3.589,-8.017,8.017v8.552c0.0,0.181,0.015,0.357,0.027,0.534h-18.225c0.012,-0.177,0.027,-0.354,0.027,-0.534v-8.552c0.0,-4.427,-3.589,-8.017,-8.017,-8.017s-8.017,3.589,-8.017,8.017v8.552c0.0,0.181,0.015,0.357,0.027,0.534h-17.666c-0.295,0.0,-0.534,-0.239,-0.534,-0.534V19.412zM190.449,113.377c0.046,-0.253,0.267,-0.437,0.525,-0.437h1.984v0.534c0.0,9.136,7.432,16.568,16.568,16.568h85.511c9.136,0.0,16.568,-7.432,16.568,-16.568v-0.534h1.984c0.258,0.0,0.478,0.184,0.518,0.4l9.058,49.754c-19.825,-14.714,-44.354,-23.431,-70.884,-23.431s-51.059,8.717,-70.884,23.431L190.449,113.377zM295.572,498.276c0.0,0.295,-0.239,0.534,-0.534,0.534h-17.661c0.012,-0.177,0.027,-0.354,0.027,-0.534v-8.552c0.0,-4.427,-3.589,-8.017,-8.017,-8.017s-8.017,3.589,-8.017,8.017v8.552c0.0,0.181,0.015,0.357,0.027,0.534h-18.225c0.012,-0.177,0.027,-0.354,0.027,-0.534v-8.552c0.0,-4.427,-3.589,-8.017,-8.017,-8.017s-8.017,3.589,-8.017,8.017v8.552c0.0,0.181,0.015,0.357,0.027,0.534h-17.666c-0.295,0.0,-0.534,-0.239,-0.534,-0.534V404.214c0.0,-0.295,0.239,-0.534,0.534,-0.534h17.666c-0.012,0.177,-0.027,0.354,-0.027,0.534v8.552c0.0,4.427,3.589,8.017,8.017,8.017c4.427,0.0,8.017,-3.589,8.017,-8.017v-8.552c0.0,-0.181,-0.015,-0.357,-0.027,-0.534h18.225c-0.012,0.177,-0.027,0.354,-0.027,0.534v8.552c0.0,4.427,3.589,8.017,8.017,8.017c4.427,0.0,8.017,-3.589,8.017,-8.017v-8.552c0.0,-0.181,-0.015,-0.357,-0.027,-0.534h17.661c0.295,0.0,0.534,0.239,0.534,0.534V498.276zM314.114,404.311c-0.046,0.253,-0.267,0.437,-0.525,0.437h-1.984v-0.534c0.0,-9.136,-7.432,-16.568,-16.568,-16.568h-85.511c-9.136,0.0,-16.568,7.432,-16.568,16.568v0.534h-1.984c-0.258,0.0,-0.478,-0.184,-0.518,-0.4l-9.058,-49.754c19.825,14.714,44.354,23.431,70.884,23.431s51.059,-8.717,70.884,-23.431L314.114,404.311zM252.281,361.992C195.406,361.992,149.133,315.72,149.133,258.844s46.272,-103.148,103.148,-103.148S355.43,201.968,355.43,258.844S309.157,361.992,252.281,361.992z"">
   </path>
  </g>
 </g>
</svg>


Question: What is the object in the image?",Watch,Clock,Compass,Thermometer,A,time_clock
156,"Examine the following SVG code carefully and answer the question based on your interpretation of the rendered image.

<svg id=""Layer_1"" style=""enable-background:new 0 0 512 512;"" version=""1.1"" viewbox=""0 0 512 512"" x=""0px"" xml:space=""preserve"" y=""0px"">
 <g>
  <g>
   <path d=""M418.72,76.211c-0.252,-0.338,-0.5,-0.693,-0.809,-1.0c-0.309,-0.309,-0.654,-0.561,-0.991,-0.816c-43.842,-43.388,-104.092,-70.228,-170.5,-70.228c-66.408,0.0,-126.658,26.838,-170.5,70.224c-0.338,0.254,-0.682,0.502,-0.991,0.811c-0.309,0.307,-0.557,0.651,-0.812,0.991C30.731,120.033,3.893,180.285,3.893,246.691c0.0,66.408,26.838,126.658,70.224,170.5c0.254,0.34,0.502,0.682,0.812,0.991c0.309,0.309,0.654,0.557,0.991,0.811c43.842,43.388,104.092,70.224,170.5,70.224c29.71,0.0,58.745,-5.316,86.289,-15.798c4.641,-1.763,6.733,-6.956,4.969,-11.588c-1.763,-4.64,-7.171,-6.971,-11.82,-5.202c-22.717,8.642,-46.684,13.467,-71.386,14.423v-53.695c0.0,-4.965,-4.018,-8.982,-8.982,-8.982c-4.965,0.0,-8.982,4.018,-8.982,8.982v53.7c-53.895,-2.18,-104.785,-24.342,-142.781,-59.434l38.136,-37.897c3.509,-3.509,3.625,-9.193,0.116,-12.702c-3.509,-3.509,-9.134,-3.509,-12.642,0.0l-37.875,38.199C46.367,361.229,24.235,310.176,22.053,256.281h53.7c4.965,0.0,8.982,-4.018,8.982,-8.982s-4.018,-8.982,-8.982,-8.982h-53.7c2.182,-56.14,24.342,-105.555,59.436,-143.548l37.904,37.75c1.754,1.755,4.052,2.557,6.351,2.557c2.298,0.0,4.597,-0.917,6.351,-2.671c3.509,-3.507,3.509,-9.21,0.0,-12.719L93.726,81.772c37.996,-35.096,88.886,-57.265,142.781,-59.447v53.7c0.0,4.965,4.018,8.982,8.982,8.982c4.965,0.0,8.982,-4.018,8.982,-8.982v-53.7c56.14,2.182,105.717,24.342,143.711,59.439l-37.662,37.901c-3.509,3.509,-3.392,9.193,0.116,12.702c1.754,1.754,4.109,2.632,6.41,2.632c2.298,0.0,4.625,-0.877,6.379,-2.632l37.91,-37.599c35.094,37.996,57.268,87.408,59.449,143.548h-53.699c-4.965,0.0,-8.982,4.018,-8.982,8.982s4.017,8.982,8.982,8.982h53.704c-1.044,26.947,-6.746,52.469,-17.02,77.101c-1.912,4.579,0.254,9.68,4.833,11.592c4.553,1.895,9.833,-0.329,11.746,-4.908c12.342,-29.579,18.597,-61.004,18.597,-93.338C488.946,180.323,462.108,120.053,418.72,76.211z"">
   </path>
  </g>
 </g>
 <g>
  <g>
   <path d=""M254.472,211.943v-82.024c0.0,-4.965,-4.018,-8.982,-8.982,-8.982c-4.965,0.0,-8.982,4.018,-8.982,8.982v82.024c-11.228,3.259,-21.577,12.899,-24.836,26.373h-37.112c-4.965,0.0,-8.982,4.018,-8.982,8.982c0.0,4.965,4.017,8.982,8.982,8.982h37.112c4.002,15.719,18.037,26.645,34.748,26.645c19.816,0.0,35.465,-16.267,35.465,-36.083C281.884,230.134,270.191,215.948,254.472,211.943zM246.419,264.656c-9.904,0.0,-17.965,-8.062,-17.965,-17.965c0.0,-9.904,8.061,-17.965,17.965,-17.965c9.903,0.0,17.965,8.061,17.965,17.965C264.384,256.595,256.323,264.656,246.419,264.656z"">
   </path>
  </g>
 </g>
 <g>
  <g>
   <path d=""M435.051,354.481c-44.579,0.0,-80.842,36.263,-80.842,80.842c0.0,44.579,36.263,80.842,80.842,80.842c44.579,0.0,80.842,-36.263,80.842,-80.842C515.893,390.744,479.63,354.481,435.051,354.481zM435.051,498.2c-34.667,0.0,-62.877,-28.211,-62.877,-62.877c0.0,-34.667,28.211,-62.877,62.877,-62.877s62.877,28.211,62.877,62.877C497.928,469.989,469.718,498.2,435.051,498.2z"">
   </path>
  </g>
 </g>
 <g>
  <g>
   <path d=""M476.735,401.472c-3.825,-3.167,-9.483,-2.658,-12.658,1.149l-38.614,46.344l-19.991,-19.993c-3.509,-3.509,-9.193,-3.509,-12.702,0.0c-3.509,3.509,-3.509,9.193,0.0,12.702l26.947,26.947c1.684,1.693,3.974,2.632,6.351,2.632c0.132,0.0,0.272,0.0,0.404,-0.009c2.526,-0.114,4.877,-1.281,6.5,-3.219l44.912,-53.895C481.06,410.314,480.542,404.647,476.735,401.472z"">
   </path>
  </g>
 </g>
</svg>


Question: How many lines are there on the circular object?",2,4,9,7,D,time_clock
157,"Examine the following SVG code carefully and answer the question based on your interpretation of the rendered image.

<svg id=""Layer_1"" style=""enable-background:new 0 0 512 512;"" version=""1.1"" viewbox=""0 0 512 512"" x=""0px"" xml:space=""preserve"" y=""0px"">
 <g>
  <g>
   <path d=""M418.72,76.211c-0.252,-0.338,-0.5,-0.693,-0.809,-1.0c-0.309,-0.309,-0.654,-0.561,-0.991,-0.816c-43.842,-43.388,-104.092,-70.228,-170.5,-70.228c-66.408,0.0,-126.658,26.838,-170.5,70.224c-0.338,0.254,-0.682,0.502,-0.991,0.811c-0.309,0.307,-0.557,0.651,-0.812,0.991C30.731,120.033,3.893,180.285,3.893,246.691c0.0,66.408,26.838,126.658,70.224,170.5c0.254,0.34,0.502,0.682,0.812,0.991c0.309,0.309,0.654,0.557,0.991,0.811c43.842,43.388,104.092,70.224,170.5,70.224c29.71,0.0,58.745,-5.316,86.289,-15.798c4.641,-1.763,6.733,-6.956,4.969,-11.588c-1.763,-4.64,-7.171,-6.971,-11.82,-5.202c-22.717,8.642,-46.684,13.467,-71.386,14.423v-53.695c0.0,-4.965,-4.018,-8.982,-8.982,-8.982c-4.965,0.0,-8.982,4.018,-8.982,8.982v53.7c-53.895,-2.18,-104.785,-24.342,-142.781,-59.434l38.136,-37.897c3.509,-3.509,3.625,-9.193,0.116,-12.702c-3.509,-3.509,-9.134,-3.509,-12.642,0.0l-37.875,38.199C46.367,361.229,24.235,310.176,22.053,256.281h53.7c4.965,0.0,8.982,-4.018,8.982,-8.982s-4.018,-8.982,-8.982,-8.982h-53.7c2.182,-56.14,24.342,-105.555,59.436,-143.548l37.904,37.75c1.754,1.755,4.052,2.557,6.351,2.557c2.298,0.0,4.597,-0.917,6.351,-2.671c3.509,-3.507,3.509,-9.21,0.0,-12.719L93.726,81.772c37.996,-35.096,88.886,-57.265,142.781,-59.447v53.7c0.0,4.965,4.018,8.982,8.982,8.982c4.965,0.0,8.982,-4.018,8.982,-8.982v-53.7c56.14,2.182,105.717,24.342,143.711,59.439l-37.662,37.901c-3.509,3.509,-3.392,9.193,0.116,12.702c1.754,1.754,4.109,2.632,6.41,2.632c2.298,0.0,4.625,-0.877,6.379,-2.632l37.91,-37.599c35.094,37.996,57.268,87.408,59.449,143.548h-53.699c-4.965,0.0,-8.982,4.018,-8.982,8.982s4.017,8.982,8.982,8.982h53.704c-1.044,26.947,-6.746,52.469,-17.02,77.101c-1.912,4.579,0.254,9.68,4.833,11.592c4.553,1.895,9.833,-0.329,11.746,-4.908c12.342,-29.579,18.597,-61.004,18.597,-93.338C488.946,180.323,462.108,120.053,418.72,76.211z"">
   </path>
  </g>
 </g>
 <g>
  <g>
   <path d=""M254.472,211.943v-82.024c0.0,-4.965,-4.018,-8.982,-8.982,-8.982c-4.965,0.0,-8.982,4.018,-8.982,8.982v82.024c-11.228,3.259,-21.577,12.899,-24.836,26.373h-37.112c-4.965,0.0,-8.982,4.018,-8.982,8.982c0.0,4.965,4.017,8.982,8.982,8.982h37.112c4.002,15.719,18.037,26.645,34.748,26.645c19.816,0.0,35.465,-16.267,35.465,-36.083C281.884,230.134,270.191,215.948,254.472,211.943zM246.419,264.656c-9.904,0.0,-17.965,-8.062,-17.965,-17.965c0.0,-9.904,8.061,-17.965,17.965,-17.965c9.903,0.0,17.965,8.061,17.965,17.965C264.384,256.595,256.323,264.656,246.419,264.656z"">
   </path>
  </g>
 </g>
 <g>
  <g>
   <path d=""M435.051,354.481c-44.579,0.0,-80.842,36.263,-80.842,80.842c0.0,44.579,36.263,80.842,80.842,80.842c44.579,0.0,80.842,-36.263,80.842,-80.842C515.893,390.744,479.63,354.481,435.051,354.481zM435.051,498.2c-34.667,0.0,-62.877,-28.211,-62.877,-62.877c0.0,-34.667,28.211,-62.877,62.877,-62.877s62.877,28.211,62.877,62.877C497.928,469.989,469.718,498.2,435.051,498.2z"">
   </path>
  </g>
 </g>
 <g>
  <g>
   <path d=""M476.735,401.472c-3.825,-3.167,-9.483,-2.658,-12.658,1.149l-38.614,46.344l-19.991,-19.993c-3.509,-3.509,-9.193,-3.509,-12.702,0.0c-3.509,3.509,-3.509,9.193,0.0,12.702l26.947,26.947c1.684,1.693,3.974,2.632,6.351,2.632c0.132,0.0,0.272,0.0,0.404,-0.009c2.526,-0.114,4.877,-1.281,6.5,-3.219l44.912,-53.895C481.06,410.314,480.542,404.647,476.735,401.472z"">
   </path>
  </g>
 </g>
</svg>


Question: What shape is the smaller object inside the larger circle?",Square,Triangle,Circle,Hexagon,C,time_clock
158,"Examine the following SVG code carefully and answer the question based on your interpretation of the rendered image.

<svg id=""Layer_1"" style=""enable-background:new 0 0 512 512;"" version=""1.1"" viewbox=""0 0 512 512"" x=""0px"" xml:space=""preserve"" y=""0px"">
 <g>
  <g>
   <path d=""M418.72,76.211c-0.252,-0.338,-0.5,-0.693,-0.809,-1.0c-0.309,-0.309,-0.654,-0.561,-0.991,-0.816c-43.842,-43.388,-104.092,-70.228,-170.5,-70.228c-66.408,0.0,-126.658,26.838,-170.5,70.224c-0.338,0.254,-0.682,0.502,-0.991,0.811c-0.309,0.307,-0.557,0.651,-0.812,0.991C30.731,120.033,3.893,180.285,3.893,246.691c0.0,66.408,26.838,126.658,70.224,170.5c0.254,0.34,0.502,0.682,0.812,0.991c0.309,0.309,0.654,0.557,0.991,0.811c43.842,43.388,104.092,70.224,170.5,70.224c29.71,0.0,58.745,-5.316,86.289,-15.798c4.641,-1.763,6.733,-6.956,4.969,-11.588c-1.763,-4.64,-7.171,-6.971,-11.82,-5.202c-22.717,8.642,-46.684,13.467,-71.386,14.423v-53.695c0.0,-4.965,-4.018,-8.982,-8.982,-8.982c-4.965,0.0,-8.982,4.018,-8.982,8.982v53.7c-53.895,-2.18,-104.785,-24.342,-142.781,-59.434l38.136,-37.897c3.509,-3.509,3.625,-9.193,0.116,-12.702c-3.509,-3.509,-9.134,-3.509,-12.642,0.0l-37.875,38.199C46.367,361.229,24.235,310.176,22.053,256.281h53.7c4.965,0.0,8.982,-4.018,8.982,-8.982s-4.018,-8.982,-8.982,-8.982h-53.7c2.182,-56.14,24.342,-105.555,59.436,-143.548l37.904,37.75c1.754,1.755,4.052,2.557,6.351,2.557c2.298,0.0,4.597,-0.917,6.351,-2.671c3.509,-3.507,3.509,-9.21,0.0,-12.719L93.726,81.772c37.996,-35.096,88.886,-57.265,142.781,-59.447v53.7c0.0,4.965,4.018,8.982,8.982,8.982c4.965,0.0,8.982,-4.018,8.982,-8.982v-53.7c56.14,2.182,105.717,24.342,143.711,59.439l-37.662,37.901c-3.509,3.509,-3.392,9.193,0.116,12.702c1.754,1.754,4.109,2.632,6.41,2.632c2.298,0.0,4.625,-0.877,6.379,-2.632l37.91,-37.599c35.094,37.996,57.268,87.408,59.449,143.548h-53.699c-4.965,0.0,-8.982,4.018,-8.982,8.982s4.017,8.982,8.982,8.982h53.704c-1.044,26.947,-6.746,52.469,-17.02,77.101c-1.912,4.579,0.254,9.68,4.833,11.592c4.553,1.895,9.833,-0.329,11.746,-4.908c12.342,-29.579,18.597,-61.004,18.597,-93.338C488.946,180.323,462.108,120.053,418.72,76.211z"">
   </path>
  </g>
 </g>
 <g>
  <g>
   <path d=""M254.472,211.943v-82.024c0.0,-4.965,-4.018,-8.982,-8.982,-8.982c-4.965,0.0,-8.982,4.018,-8.982,8.982v82.024c-11.228,3.259,-21.577,12.899,-24.836,26.373h-37.112c-4.965,0.0,-8.982,4.018,-8.982,8.982c0.0,4.965,4.017,8.982,8.982,8.982h37.112c4.002,15.719,18.037,26.645,34.748,26.645c19.816,0.0,35.465,-16.267,35.465,-36.083C281.884,230.134,270.191,215.948,254.472,211.943zM246.419,264.656c-9.904,0.0,-17.965,-8.062,-17.965,-17.965c0.0,-9.904,8.061,-17.965,17.965,-17.965c9.903,0.0,17.965,8.061,17.965,17.965C264.384,256.595,256.323,264.656,246.419,264.656z"">
   </path>
  </g>
 </g>
 <g>
  <g>
   <path d=""M435.051,354.481c-44.579,0.0,-80.842,36.263,-80.842,80.842c0.0,44.579,36.263,80.842,80.842,80.842c44.579,0.0,80.842,-36.263,80.842,-80.842C515.893,390.744,479.63,354.481,435.051,354.481zM435.051,498.2c-34.667,0.0,-62.877,-28.211,-62.877,-62.877c0.0,-34.667,28.211,-62.877,62.877,-62.877s62.877,28.211,62.877,62.877C497.928,469.989,469.718,498.2,435.051,498.2z"">
   </path>
  </g>
 </g>
 <g>
  <g>
   <path d=""M476.735,401.472c-3.825,-3.167,-9.483,-2.658,-12.658,1.149l-38.614,46.344l-19.991,-19.993c-3.509,-3.509,-9.193,-3.509,-12.702,0.0c-3.509,3.509,-3.509,9.193,0.0,12.702l26.947,26.947c1.684,1.693,3.974,2.632,6.351,2.632c0.132,0.0,0.272,0.0,0.404,-0.009c2.526,-0.114,4.877,-1.281,6.5,-3.219l44.912,-53.895C481.06,410.314,480.542,404.647,476.735,401.472z"">
   </path>
  </g>
 </g>
</svg>


Question: What is the position of the smaller circle relative to the larger circle?",Top-left,Bottom-right,Top-right,Bottom-left,B,time_clock
159,"Examine the following SVG code carefully and answer the question based on your interpretation of the rendered image.

<svg id=""Layer_1"" style=""enable-background:new 0 0 512 512;"" version=""1.1"" viewbox=""0 0 512 512"" x=""0px"" xml:space=""preserve"" y=""0px"">
 <g>
  <g>
   <path d=""M418.72,76.211c-0.252,-0.338,-0.5,-0.693,-0.809,-1.0c-0.309,-0.309,-0.654,-0.561,-0.991,-0.816c-43.842,-43.388,-104.092,-70.228,-170.5,-70.228c-66.408,0.0,-126.658,26.838,-170.5,70.224c-0.338,0.254,-0.682,0.502,-0.991,0.811c-0.309,0.307,-0.557,0.651,-0.812,0.991C30.731,120.033,3.893,180.285,3.893,246.691c0.0,66.408,26.838,126.658,70.224,170.5c0.254,0.34,0.502,0.682,0.812,0.991c0.309,0.309,0.654,0.557,0.991,0.811c43.842,43.388,104.092,70.224,170.5,70.224c29.71,0.0,58.745,-5.316,86.289,-15.798c4.641,-1.763,6.733,-6.956,4.969,-11.588c-1.763,-4.64,-7.171,-6.971,-11.82,-5.202c-22.717,8.642,-46.684,13.467,-71.386,14.423v-53.695c0.0,-4.965,-4.018,-8.982,-8.982,-8.982c-4.965,0.0,-8.982,4.018,-8.982,8.982v53.7c-53.895,-2.18,-104.785,-24.342,-142.781,-59.434l38.136,-37.897c3.509,-3.509,3.625,-9.193,0.116,-12.702c-3.509,-3.509,-9.134,-3.509,-12.642,0.0l-37.875,38.199C46.367,361.229,24.235,310.176,22.053,256.281h53.7c4.965,0.0,8.982,-4.018,8.982,-8.982s-4.018,-8.982,-8.982,-8.982h-53.7c2.182,-56.14,24.342,-105.555,59.436,-143.548l37.904,37.75c1.754,1.755,4.052,2.557,6.351,2.557c2.298,0.0,4.597,-0.917,6.351,-2.671c3.509,-3.507,3.509,-9.21,0.0,-12.719L93.726,81.772c37.996,-35.096,88.886,-57.265,142.781,-59.447v53.7c0.0,4.965,4.018,8.982,8.982,8.982c4.965,0.0,8.982,-4.018,8.982,-8.982v-53.7c56.14,2.182,105.717,24.342,143.711,59.439l-37.662,37.901c-3.509,3.509,-3.392,9.193,0.116,12.702c1.754,1.754,4.109,2.632,6.41,2.632c2.298,0.0,4.625,-0.877,6.379,-2.632l37.91,-37.599c35.094,37.996,57.268,87.408,59.449,143.548h-53.699c-4.965,0.0,-8.982,4.018,-8.982,8.982s4.017,8.982,8.982,8.982h53.704c-1.044,26.947,-6.746,52.469,-17.02,77.101c-1.912,4.579,0.254,9.68,4.833,11.592c4.553,1.895,9.833,-0.329,11.746,-4.908c12.342,-29.579,18.597,-61.004,18.597,-93.338C488.946,180.323,462.108,120.053,418.72,76.211z"">
   </path>
  </g>
 </g>
 <g>
  <g>
   <path d=""M254.472,211.943v-82.024c0.0,-4.965,-4.018,-8.982,-8.982,-8.982c-4.965,0.0,-8.982,4.018,-8.982,8.982v82.024c-11.228,3.259,-21.577,12.899,-24.836,26.373h-37.112c-4.965,0.0,-8.982,4.018,-8.982,8.982c0.0,4.965,4.017,8.982,8.982,8.982h37.112c4.002,15.719,18.037,26.645,34.748,26.645c19.816,0.0,35.465,-16.267,35.465,-36.083C281.884,230.134,270.191,215.948,254.472,211.943zM246.419,264.656c-9.904,0.0,-17.965,-8.062,-17.965,-17.965c0.0,-9.904,8.061,-17.965,17.965,-17.965c9.903,0.0,17.965,8.061,17.965,17.965C264.384,256.595,256.323,264.656,246.419,264.656z"">
   </path>
  </g>
 </g>
 <g>
  <g>
   <path d=""M435.051,354.481c-44.579,0.0,-80.842,36.263,-80.842,80.842c0.0,44.579,36.263,80.842,80.842,80.842c44.579,0.0,80.842,-36.263,80.842,-80.842C515.893,390.744,479.63,354.481,435.051,354.481zM435.051,498.2c-34.667,0.0,-62.877,-28.211,-62.877,-62.877c0.0,-34.667,28.211,-62.877,62.877,-62.877s62.877,28.211,62.877,62.877C497.928,469.989,469.718,498.2,435.051,498.2z"">
   </path>
  </g>
 </g>
 <g>
  <g>
   <path d=""M476.735,401.472c-3.825,-3.167,-9.483,-2.658,-12.658,1.149l-38.614,46.344l-19.991,-19.993c-3.509,-3.509,-9.193,-3.509,-12.702,0.0c-3.509,3.509,-3.509,9.193,0.0,12.702l26.947,26.947c1.684,1.693,3.974,2.632,6.351,2.632c0.132,0.0,0.272,0.0,0.404,-0.009c2.526,-0.114,4.877,-1.281,6.5,-3.219l44.912,-53.895C481.06,410.314,480.542,404.647,476.735,401.472z"">
   </path>
  </g>
 </g>
</svg>


Question: What does the entire object represent?",clock,compass,wheel,chart,A,time_clock
168,"Examine the following SVG code carefully and answer the question based on your interpretation of the rendered image.

<svg id=""Layer_1"" style=""enable-background:new 0 0 512 512;"" version=""1.1"" viewbox=""0 0 512 512"" x=""0px"" xml:space=""preserve"" y=""0px"">
 <g>
  <g>
   <path d=""M438.386,154.798l29.214,-29.215c4.538,-4.538,4.538,-11.897,0.0,-16.436L419.983,61.531c-4.539,-4.537,-11.896,-4.537,-16.436,0.0l-33.763,33.763c-17.182,-9.643,-35.755,-17.084,-55.339,-21.943V25.924h10.962c6.417,0.0,11.621,-5.204,11.621,-11.621C337.028,7.885,331.824,2.681,325.407,2.681h-22.584h-84.586h-22.583c-6.417,0.0,-11.621,5.204,-11.621,11.621c0.0,6.417,5.204,11.621,11.621,11.621h10.962v47.427C109.087,97.547,36.577,185.822,36.577,290.727C36.577,414.216,137.042,514.681,260.531,514.681s223.954,-100.465,223.954,-223.954C484.485,239.649,467.283,192.519,438.386,154.798zM411.766,86.185l31.182,31.181l-19.676,19.676c-10.129,-10.721,-21.298,-20.449,-33.352,-29.011L411.766,86.185zM229.859,25.924h0.001h61.343v42.961c-10.031,-1.381,-20.268,-2.109,-30.672,-2.109c-10.405,0.0,-20.641,0.73,-30.672,2.109V25.924zM260.531,491.438c-110.672,0.0,-200.712,-90.04,-200.712,-200.712S149.859,90.016,260.531,90.016s200.712,90.038,200.712,200.711S371.204,491.438,260.531,491.438z"">
   </path>
  </g>
 </g>
 <g>
  <g>
   <path d=""M431.032,286.382c-0.006,-0.249,-0.02,-0.497,-0.027,-0.746c-0.036,-1.211,-0.078,-2.421,-0.138,-3.628c-0.007,-0.136,-0.017,-0.27,-0.024,-0.406c-2.198,-41.912,-19.501,-81.057,-49.294,-111.053c-27.042,-27.224,-61.686,-44.217,-99.172,-48.984c-0.486,-0.063,-0.976,-0.114,-1.463,-0.172c-0.848,-0.1,-1.696,-0.203,-2.547,-0.292c-0.989,-0.103,-1.983,-0.191,-2.976,-0.275c-0.364,-0.031,-0.726,-0.069,-1.09,-0.098c-1.228,-0.098,-2.46,-0.179,-3.696,-0.252c-0.142,-0.008,-0.284,-0.019,-0.425,-0.027c-1.32,-0.074,-2.645,-0.13,-3.973,-0.174c-0.073,-0.002,-0.145,-0.006,-0.217,-0.008c-1.325,-0.042,-2.654,-0.066,-3.986,-0.078c-0.067,0.0,-0.134,-0.003,-0.201,-0.003c-0.008,0.0,-0.016,0.001,-0.024,0.001c-0.415,-0.002,-0.829,-0.016,-1.245,-0.016c-94.044,0.0,-170.555,76.511,-170.555,170.556S166.488,461.281,260.532,461.281c93.233,0.0,169.221,-75.2,170.524,-168.13c0.0,-0.007,0.001,-0.014,0.001,-0.021l0.01,-0.647c0.01,-0.586,0.02,-1.17,0.02,-1.758C431.087,289.275,431.067,287.827,431.032,286.382zM261.295,261.93c0.029,0.001,0.057,0.006,0.086,0.007c0.977,0.028,1.942,0.103,2.89,0.224c0.006,0.0,0.012,0.001,0.016,0.001c0.408,0.052,0.811,0.116,1.213,0.185c0.137,0.024,0.274,0.048,0.411,0.073c0.259,0.048,0.515,0.101,0.771,0.156c0.302,0.066,0.605,0.134,0.904,0.209c0.081,0.02,0.163,0.041,0.243,0.062c1.365,0.358,2.691,0.812,3.971,1.357l-15.458,15.456c-4.538,4.538,-4.538,11.897,0.0,16.436c2.27,2.268,5.244,3.404,8.217,3.404c2.974,0.0,5.948,-1.135,8.217,-3.404l14.932,-14.932c1.056,2.994,1.636,6.209,1.636,9.56c0.0,0.54,-0.02,1.076,-0.049,1.61c0.0,0.006,0.0,0.013,0.0,0.02c-0.846,15.137,-13.423,27.189,-28.766,27.189c-15.89,0.0,-28.816,-12.926,-28.816,-28.816c0.0,-15.89,12.926,-28.816,28.816,-28.816C260.787,261.911,261.04,261.923,261.295,261.93zM260.531,438.04c-81.228,0.0,-147.313,-66.083,-147.313,-147.313c0.0,-77.719,60.499,-141.565,136.875,-146.938v95.932c-23.72,4.847,-41.621,25.876,-41.621,51.007c0.0,24.709,17.311,45.438,40.438,50.735v28.716c0.0,6.417,5.204,11.621,11.621,11.621c6.417,0.0,11.621,-5.204,11.621,-11.621v-28.716c18.632,-4.267,33.477,-18.551,38.547,-36.867h96.487C400.174,379.344,337.083,438.04,260.531,438.04zM311.762,281.35v0.002c-1.138,-6.358,-3.414,-12.302,-6.617,-17.619l26.906,-26.906c4.538,-4.538,4.538,-11.897,0.0,-16.436c-4.538,-4.536,-11.894,-4.538,-16.436,0.0l-26.638,26.638c-4.725,-3.061,-9.99,-5.381,-15.641,-6.787v-96.265c69.662,6.057,125.723,61.063,133.564,130.127c0.027,0.238,0.056,0.476,0.083,0.715c0.086,0.79,0.16,1.583,0.234,2.377c0.038,0.428,0.079,0.854,0.114,1.283c0.057,0.681,0.107,1.364,0.153,2.048c0.019,0.274,0.035,0.549,0.052,0.823H311.762z"">
   </path>
  </g>
 </g>
 <g>
  <g>
   <path d=""M360.965,200.61c-0.153,-0.745,-0.374,-1.477,-0.665,-2.186c-0.291,-0.697,-0.651,-1.371,-1.069,-1.999c-0.43,-0.639,-0.906,-1.232,-1.441,-1.766c-0.546,-0.535,-1.138,-1.023,-1.777,-1.441c-0.628,-0.418,-1.302,-0.779,-2.0,-1.069c-0.697,-0.302,-1.428,-0.523,-2.173,-0.674c-1.498,-0.302,-3.044,-0.302,-4.543,0.0c-0.745,0.151,-1.477,0.372,-2.173,0.674c-0.698,0.291,-1.372,0.651,-2.01,1.069c-0.628,0.418,-1.232,0.906,-1.766,1.441c-0.535,0.535,-1.023,1.127,-1.441,1.766c-0.418,0.628,-0.779,1.302,-1.069,1.999c-0.291,0.709,-0.511,1.441,-0.662,2.186c-0.151,0.744,-0.232,1.511,-0.232,2.265c0.0,3.056,1.243,6.055,3.406,8.216c0.535,0.535,1.138,1.023,1.766,1.441c0.639,0.417,1.313,0.779,2.01,1.069s1.428,0.523,2.173,0.662c0.744,0.151,1.511,0.231,2.265,0.231c0.767,0.0,1.524,-0.08,2.278,-0.231c0.745,-0.139,1.477,-0.372,2.173,-0.662c0.698,-0.291,1.372,-0.652,2.0,-1.069c0.639,-0.418,1.232,-0.906,1.777,-1.441c2.161,-2.162,3.393,-5.16,3.393,-8.216C361.184,202.121,361.115,201.353,360.965,200.61z"">
   </path>
  </g>
 </g>
 <g>
  <g>
   <path d=""M271.919,404.306c-0.138,-0.743,-0.371,-1.475,-0.661,-2.184c-0.291,-0.697,-0.651,-1.371,-1.069,-1.999c-0.417,-0.639,-0.905,-1.233,-1.441,-1.768c-2.695,-2.708,-6.706,-3.94,-10.482,-3.183c-0.744,0.151,-1.476,0.371,-2.173,0.661c-0.709,0.291,-1.382,0.652,-2.009,1.069c-0.64,0.43,-1.233,0.918,-1.768,1.453c-0.535,0.535,-1.023,1.128,-1.441,1.768c-0.43,0.628,-0.779,1.302,-1.069,1.999c-0.291,0.709,-0.523,1.441,-0.674,2.185c-0.151,0.745,-0.22,1.511,-0.22,2.266c0.0,0.755,0.07,1.522,0.22,2.266c0.151,0.744,0.383,1.476,0.674,2.173c0.291,0.708,0.639,1.382,1.069,2.009c0.418,0.639,0.906,1.233,1.441,1.768c0.535,0.535,1.127,1.023,1.768,1.44c0.628,0.418,1.3,0.78,2.009,1.07c0.698,0.291,1.429,0.522,2.173,0.661c0.744,0.151,1.511,0.232,2.266,0.232c3.056,0.0,6.055,-1.243,8.215,-3.405c0.536,-0.535,1.024,-1.128,1.441,-1.768c0.418,-0.628,0.779,-1.302,1.069,-2.009c0.291,-0.698,0.523,-1.429,0.662,-2.173c0.151,-0.745,0.232,-1.511,0.232,-2.266C272.151,405.817,272.07,405.05,271.919,404.306z"">
   </path>
  </g>
 </g>
</svg>


Question: What shape is the outermost part of the object?",Square,Triangle,Circle,Hexagon,C,time_clock
169,"Examine the following SVG code carefully and answer the question based on your interpretation of the rendered image.

<svg id=""Layer_1"" style=""enable-background:new 0 0 512 512;"" version=""1.1"" viewbox=""0 0 512 512"" x=""0px"" xml:space=""preserve"" y=""0px"">
 <g>
  <g>
   <path d=""M438.386,154.798l29.214,-29.215c4.538,-4.538,4.538,-11.897,0.0,-16.436L419.983,61.531c-4.539,-4.537,-11.896,-4.537,-16.436,0.0l-33.763,33.763c-17.182,-9.643,-35.755,-17.084,-55.339,-21.943V25.924h10.962c6.417,0.0,11.621,-5.204,11.621,-11.621C337.028,7.885,331.824,2.681,325.407,2.681h-22.584h-84.586h-22.583c-6.417,0.0,-11.621,5.204,-11.621,11.621c0.0,6.417,5.204,11.621,11.621,11.621h10.962v47.427C109.087,97.547,36.577,185.822,36.577,290.727C36.577,414.216,137.042,514.681,260.531,514.681s223.954,-100.465,223.954,-223.954C484.485,239.649,467.283,192.519,438.386,154.798zM411.766,86.185l31.182,31.181l-19.676,19.676c-10.129,-10.721,-21.298,-20.449,-33.352,-29.011L411.766,86.185zM229.859,25.924h0.001h61.343v42.961c-10.031,-1.381,-20.268,-2.109,-30.672,-2.109c-10.405,0.0,-20.641,0.73,-30.672,2.109V25.924zM260.531,491.438c-110.672,0.0,-200.712,-90.04,-200.712,-200.712S149.859,90.016,260.531,90.016s200.712,90.038,200.712,200.711S371.204,491.438,260.531,491.438z"">
   </path>
  </g>
 </g>
 <g>
  <g>
   <path d=""M431.032,286.382c-0.006,-0.249,-0.02,-0.497,-0.027,-0.746c-0.036,-1.211,-0.078,-2.421,-0.138,-3.628c-0.007,-0.136,-0.017,-0.27,-0.024,-0.406c-2.198,-41.912,-19.501,-81.057,-49.294,-111.053c-27.042,-27.224,-61.686,-44.217,-99.172,-48.984c-0.486,-0.063,-0.976,-0.114,-1.463,-0.172c-0.848,-0.1,-1.696,-0.203,-2.547,-0.292c-0.989,-0.103,-1.983,-0.191,-2.976,-0.275c-0.364,-0.031,-0.726,-0.069,-1.09,-0.098c-1.228,-0.098,-2.46,-0.179,-3.696,-0.252c-0.142,-0.008,-0.284,-0.019,-0.425,-0.027c-1.32,-0.074,-2.645,-0.13,-3.973,-0.174c-0.073,-0.002,-0.145,-0.006,-0.217,-0.008c-1.325,-0.042,-2.654,-0.066,-3.986,-0.078c-0.067,0.0,-0.134,-0.003,-0.201,-0.003c-0.008,0.0,-0.016,0.001,-0.024,0.001c-0.415,-0.002,-0.829,-0.016,-1.245,-0.016c-94.044,0.0,-170.555,76.511,-170.555,170.556S166.488,461.281,260.532,461.281c93.233,0.0,169.221,-75.2,170.524,-168.13c0.0,-0.007,0.001,-0.014,0.001,-0.021l0.01,-0.647c0.01,-0.586,0.02,-1.17,0.02,-1.758C431.087,289.275,431.067,287.827,431.032,286.382zM261.295,261.93c0.029,0.001,0.057,0.006,0.086,0.007c0.977,0.028,1.942,0.103,2.89,0.224c0.006,0.0,0.012,0.001,0.016,0.001c0.408,0.052,0.811,0.116,1.213,0.185c0.137,0.024,0.274,0.048,0.411,0.073c0.259,0.048,0.515,0.101,0.771,0.156c0.302,0.066,0.605,0.134,0.904,0.209c0.081,0.02,0.163,0.041,0.243,0.062c1.365,0.358,2.691,0.812,3.971,1.357l-15.458,15.456c-4.538,4.538,-4.538,11.897,0.0,16.436c2.27,2.268,5.244,3.404,8.217,3.404c2.974,0.0,5.948,-1.135,8.217,-3.404l14.932,-14.932c1.056,2.994,1.636,6.209,1.636,9.56c0.0,0.54,-0.02,1.076,-0.049,1.61c0.0,0.006,0.0,0.013,0.0,0.02c-0.846,15.137,-13.423,27.189,-28.766,27.189c-15.89,0.0,-28.816,-12.926,-28.816,-28.816c0.0,-15.89,12.926,-28.816,28.816,-28.816C260.787,261.911,261.04,261.923,261.295,261.93zM260.531,438.04c-81.228,0.0,-147.313,-66.083,-147.313,-147.313c0.0,-77.719,60.499,-141.565,136.875,-146.938v95.932c-23.72,4.847,-41.621,25.876,-41.621,51.007c0.0,24.709,17.311,45.438,40.438,50.735v28.716c0.0,6.417,5.204,11.621,11.621,11.621c6.417,0.0,11.621,-5.204,11.621,-11.621v-28.716c18.632,-4.267,33.477,-18.551,38.547,-36.867h96.487C400.174,379.344,337.083,438.04,260.531,438.04zM311.762,281.35v0.002c-1.138,-6.358,-3.414,-12.302,-6.617,-17.619l26.906,-26.906c4.538,-4.538,4.538,-11.897,0.0,-16.436c-4.538,-4.536,-11.894,-4.538,-16.436,0.0l-26.638,26.638c-4.725,-3.061,-9.99,-5.381,-15.641,-6.787v-96.265c69.662,6.057,125.723,61.063,133.564,130.127c0.027,0.238,0.056,0.476,0.083,0.715c0.086,0.79,0.16,1.583,0.234,2.377c0.038,0.428,0.079,0.854,0.114,1.283c0.057,0.681,0.107,1.364,0.153,2.048c0.019,0.274,0.035,0.549,0.052,0.823H311.762z"">
   </path>
  </g>
 </g>
 <g>
  <g>
   <path d=""M360.965,200.61c-0.153,-0.745,-0.374,-1.477,-0.665,-2.186c-0.291,-0.697,-0.651,-1.371,-1.069,-1.999c-0.43,-0.639,-0.906,-1.232,-1.441,-1.766c-0.546,-0.535,-1.138,-1.023,-1.777,-1.441c-0.628,-0.418,-1.302,-0.779,-2.0,-1.069c-0.697,-0.302,-1.428,-0.523,-2.173,-0.674c-1.498,-0.302,-3.044,-0.302,-4.543,0.0c-0.745,0.151,-1.477,0.372,-2.173,0.674c-0.698,0.291,-1.372,0.651,-2.01,1.069c-0.628,0.418,-1.232,0.906,-1.766,1.441c-0.535,0.535,-1.023,1.127,-1.441,1.766c-0.418,0.628,-0.779,1.302,-1.069,1.999c-0.291,0.709,-0.511,1.441,-0.662,2.186c-0.151,0.744,-0.232,1.511,-0.232,2.265c0.0,3.056,1.243,6.055,3.406,8.216c0.535,0.535,1.138,1.023,1.766,1.441c0.639,0.417,1.313,0.779,2.01,1.069s1.428,0.523,2.173,0.662c0.744,0.151,1.511,0.231,2.265,0.231c0.767,0.0,1.524,-0.08,2.278,-0.231c0.745,-0.139,1.477,-0.372,2.173,-0.662c0.698,-0.291,1.372,-0.652,2.0,-1.069c0.639,-0.418,1.232,-0.906,1.777,-1.441c2.161,-2.162,3.393,-5.16,3.393,-8.216C361.184,202.121,361.115,201.353,360.965,200.61z"">
   </path>
  </g>
 </g>
 <g>
  <g>
   <path d=""M271.919,404.306c-0.138,-0.743,-0.371,-1.475,-0.661,-2.184c-0.291,-0.697,-0.651,-1.371,-1.069,-1.999c-0.417,-0.639,-0.905,-1.233,-1.441,-1.768c-2.695,-2.708,-6.706,-3.94,-10.482,-3.183c-0.744,0.151,-1.476,0.371,-2.173,0.661c-0.709,0.291,-1.382,0.652,-2.009,1.069c-0.64,0.43,-1.233,0.918,-1.768,1.453c-0.535,0.535,-1.023,1.128,-1.441,1.768c-0.43,0.628,-0.779,1.302,-1.069,1.999c-0.291,0.709,-0.523,1.441,-0.674,2.185c-0.151,0.745,-0.22,1.511,-0.22,2.266c0.0,0.755,0.07,1.522,0.22,2.266c0.151,0.744,0.383,1.476,0.674,2.173c0.291,0.708,0.639,1.382,1.069,2.009c0.418,0.639,0.906,1.233,1.441,1.768c0.535,0.535,1.127,1.023,1.768,1.44c0.628,0.418,1.3,0.78,2.009,1.07c0.698,0.291,1.429,0.522,2.173,0.661c0.744,0.151,1.511,0.232,2.266,0.232c3.056,0.0,6.055,-1.243,8.215,-3.405c0.536,-0.535,1.024,-1.128,1.441,-1.768c0.418,-0.628,0.779,-1.302,1.069,-2.009c0.291,-0.698,0.523,-1.429,0.662,-2.173c0.151,-0.745,0.232,-1.511,0.232,-2.266C272.151,405.817,272.07,405.05,271.919,404.306z"">
   </path>
  </g>
 </g>
</svg>


Question: How many small circles are present inside the object?",1,2,3,4,A,time_clock
170,"Examine the following SVG code carefully and answer the question based on your interpretation of the rendered image.

<svg id=""Layer_1"" style=""enable-background:new 0 0 512 512;"" version=""1.1"" viewbox=""0 0 512 512"" x=""0px"" xml:space=""preserve"" y=""0px"">
 <g>
  <g>
   <path d=""M438.386,154.798l29.214,-29.215c4.538,-4.538,4.538,-11.897,0.0,-16.436L419.983,61.531c-4.539,-4.537,-11.896,-4.537,-16.436,0.0l-33.763,33.763c-17.182,-9.643,-35.755,-17.084,-55.339,-21.943V25.924h10.962c6.417,0.0,11.621,-5.204,11.621,-11.621C337.028,7.885,331.824,2.681,325.407,2.681h-22.584h-84.586h-22.583c-6.417,0.0,-11.621,5.204,-11.621,11.621c0.0,6.417,5.204,11.621,11.621,11.621h10.962v47.427C109.087,97.547,36.577,185.822,36.577,290.727C36.577,414.216,137.042,514.681,260.531,514.681s223.954,-100.465,223.954,-223.954C484.485,239.649,467.283,192.519,438.386,154.798zM411.766,86.185l31.182,31.181l-19.676,19.676c-10.129,-10.721,-21.298,-20.449,-33.352,-29.011L411.766,86.185zM229.859,25.924h0.001h61.343v42.961c-10.031,-1.381,-20.268,-2.109,-30.672,-2.109c-10.405,0.0,-20.641,0.73,-30.672,2.109V25.924zM260.531,491.438c-110.672,0.0,-200.712,-90.04,-200.712,-200.712S149.859,90.016,260.531,90.016s200.712,90.038,200.712,200.711S371.204,491.438,260.531,491.438z"">
   </path>
  </g>
 </g>
 <g>
  <g>
   <path d=""M431.032,286.382c-0.006,-0.249,-0.02,-0.497,-0.027,-0.746c-0.036,-1.211,-0.078,-2.421,-0.138,-3.628c-0.007,-0.136,-0.017,-0.27,-0.024,-0.406c-2.198,-41.912,-19.501,-81.057,-49.294,-111.053c-27.042,-27.224,-61.686,-44.217,-99.172,-48.984c-0.486,-0.063,-0.976,-0.114,-1.463,-0.172c-0.848,-0.1,-1.696,-0.203,-2.547,-0.292c-0.989,-0.103,-1.983,-0.191,-2.976,-0.275c-0.364,-0.031,-0.726,-0.069,-1.09,-0.098c-1.228,-0.098,-2.46,-0.179,-3.696,-0.252c-0.142,-0.008,-0.284,-0.019,-0.425,-0.027c-1.32,-0.074,-2.645,-0.13,-3.973,-0.174c-0.073,-0.002,-0.145,-0.006,-0.217,-0.008c-1.325,-0.042,-2.654,-0.066,-3.986,-0.078c-0.067,0.0,-0.134,-0.003,-0.201,-0.003c-0.008,0.0,-0.016,0.001,-0.024,0.001c-0.415,-0.002,-0.829,-0.016,-1.245,-0.016c-94.044,0.0,-170.555,76.511,-170.555,170.556S166.488,461.281,260.532,461.281c93.233,0.0,169.221,-75.2,170.524,-168.13c0.0,-0.007,0.001,-0.014,0.001,-0.021l0.01,-0.647c0.01,-0.586,0.02,-1.17,0.02,-1.758C431.087,289.275,431.067,287.827,431.032,286.382zM261.295,261.93c0.029,0.001,0.057,0.006,0.086,0.007c0.977,0.028,1.942,0.103,2.89,0.224c0.006,0.0,0.012,0.001,0.016,0.001c0.408,0.052,0.811,0.116,1.213,0.185c0.137,0.024,0.274,0.048,0.411,0.073c0.259,0.048,0.515,0.101,0.771,0.156c0.302,0.066,0.605,0.134,0.904,0.209c0.081,0.02,0.163,0.041,0.243,0.062c1.365,0.358,2.691,0.812,3.971,1.357l-15.458,15.456c-4.538,4.538,-4.538,11.897,0.0,16.436c2.27,2.268,5.244,3.404,8.217,3.404c2.974,0.0,5.948,-1.135,8.217,-3.404l14.932,-14.932c1.056,2.994,1.636,6.209,1.636,9.56c0.0,0.54,-0.02,1.076,-0.049,1.61c0.0,0.006,0.0,0.013,0.0,0.02c-0.846,15.137,-13.423,27.189,-28.766,27.189c-15.89,0.0,-28.816,-12.926,-28.816,-28.816c0.0,-15.89,12.926,-28.816,28.816,-28.816C260.787,261.911,261.04,261.923,261.295,261.93zM260.531,438.04c-81.228,0.0,-147.313,-66.083,-147.313,-147.313c0.0,-77.719,60.499,-141.565,136.875,-146.938v95.932c-23.72,4.847,-41.621,25.876,-41.621,51.007c0.0,24.709,17.311,45.438,40.438,50.735v28.716c0.0,6.417,5.204,11.621,11.621,11.621c6.417,0.0,11.621,-5.204,11.621,-11.621v-28.716c18.632,-4.267,33.477,-18.551,38.547,-36.867h96.487C400.174,379.344,337.083,438.04,260.531,438.04zM311.762,281.35v0.002c-1.138,-6.358,-3.414,-12.302,-6.617,-17.619l26.906,-26.906c4.538,-4.538,4.538,-11.897,0.0,-16.436c-4.538,-4.536,-11.894,-4.538,-16.436,0.0l-26.638,26.638c-4.725,-3.061,-9.99,-5.381,-15.641,-6.787v-96.265c69.662,6.057,125.723,61.063,133.564,130.127c0.027,0.238,0.056,0.476,0.083,0.715c0.086,0.79,0.16,1.583,0.234,2.377c0.038,0.428,0.079,0.854,0.114,1.283c0.057,0.681,0.107,1.364,0.153,2.048c0.019,0.274,0.035,0.549,0.052,0.823H311.762z"">
   </path>
  </g>
 </g>
 <g>
  <g>
   <path d=""M360.965,200.61c-0.153,-0.745,-0.374,-1.477,-0.665,-2.186c-0.291,-0.697,-0.651,-1.371,-1.069,-1.999c-0.43,-0.639,-0.906,-1.232,-1.441,-1.766c-0.546,-0.535,-1.138,-1.023,-1.777,-1.441c-0.628,-0.418,-1.302,-0.779,-2.0,-1.069c-0.697,-0.302,-1.428,-0.523,-2.173,-0.674c-1.498,-0.302,-3.044,-0.302,-4.543,0.0c-0.745,0.151,-1.477,0.372,-2.173,0.674c-0.698,0.291,-1.372,0.651,-2.01,1.069c-0.628,0.418,-1.232,0.906,-1.766,1.441c-0.535,0.535,-1.023,1.127,-1.441,1.766c-0.418,0.628,-0.779,1.302,-1.069,1.999c-0.291,0.709,-0.511,1.441,-0.662,2.186c-0.151,0.744,-0.232,1.511,-0.232,2.265c0.0,3.056,1.243,6.055,3.406,8.216c0.535,0.535,1.138,1.023,1.766,1.441c0.639,0.417,1.313,0.779,2.01,1.069s1.428,0.523,2.173,0.662c0.744,0.151,1.511,0.231,2.265,0.231c0.767,0.0,1.524,-0.08,2.278,-0.231c0.745,-0.139,1.477,-0.372,2.173,-0.662c0.698,-0.291,1.372,-0.652,2.0,-1.069c0.639,-0.418,1.232,-0.906,1.777,-1.441c2.161,-2.162,3.393,-5.16,3.393,-8.216C361.184,202.121,361.115,201.353,360.965,200.61z"">
   </path>
  </g>
 </g>
 <g>
  <g>
   <path d=""M271.919,404.306c-0.138,-0.743,-0.371,-1.475,-0.661,-2.184c-0.291,-0.697,-0.651,-1.371,-1.069,-1.999c-0.417,-0.639,-0.905,-1.233,-1.441,-1.768c-2.695,-2.708,-6.706,-3.94,-10.482,-3.183c-0.744,0.151,-1.476,0.371,-2.173,0.661c-0.709,0.291,-1.382,0.652,-2.009,1.069c-0.64,0.43,-1.233,0.918,-1.768,1.453c-0.535,0.535,-1.023,1.128,-1.441,1.768c-0.43,0.628,-0.779,1.302,-1.069,1.999c-0.291,0.709,-0.523,1.441,-0.674,2.185c-0.151,0.745,-0.22,1.511,-0.22,2.266c0.0,0.755,0.07,1.522,0.22,2.266c0.151,0.744,0.383,1.476,0.674,2.173c0.291,0.708,0.639,1.382,1.069,2.009c0.418,0.639,0.906,1.233,1.441,1.768c0.535,0.535,1.127,1.023,1.768,1.44c0.628,0.418,1.3,0.78,2.009,1.07c0.698,0.291,1.429,0.522,2.173,0.661c0.744,0.151,1.511,0.232,2.266,0.232c3.056,0.0,6.055,-1.243,8.215,-3.405c0.536,-0.535,1.024,-1.128,1.441,-1.768c0.418,-0.628,0.779,-1.302,1.069,-2.009c0.291,-0.698,0.523,-1.429,0.662,-2.173c0.151,-0.745,0.232,-1.511,0.232,-2.266C272.151,405.817,272.07,405.05,271.919,404.306z"">
   </path>
  </g>
 </g>
</svg>


Question: How many buttoms does the object have?",1,2,3,4,B,time_clock
171,"Examine the following SVG code carefully and answer the question based on your interpretation of the rendered image.

<svg id=""Layer_1"" style=""enable-background:new 0 0 512 512;"" version=""1.1"" viewbox=""0 0 512 512"" x=""0px"" xml:space=""preserve"" y=""0px"">
 <g>
  <g>
   <path d=""M438.386,154.798l29.214,-29.215c4.538,-4.538,4.538,-11.897,0.0,-16.436L419.983,61.531c-4.539,-4.537,-11.896,-4.537,-16.436,0.0l-33.763,33.763c-17.182,-9.643,-35.755,-17.084,-55.339,-21.943V25.924h10.962c6.417,0.0,11.621,-5.204,11.621,-11.621C337.028,7.885,331.824,2.681,325.407,2.681h-22.584h-84.586h-22.583c-6.417,0.0,-11.621,5.204,-11.621,11.621c0.0,6.417,5.204,11.621,11.621,11.621h10.962v47.427C109.087,97.547,36.577,185.822,36.577,290.727C36.577,414.216,137.042,514.681,260.531,514.681s223.954,-100.465,223.954,-223.954C484.485,239.649,467.283,192.519,438.386,154.798zM411.766,86.185l31.182,31.181l-19.676,19.676c-10.129,-10.721,-21.298,-20.449,-33.352,-29.011L411.766,86.185zM229.859,25.924h0.001h61.343v42.961c-10.031,-1.381,-20.268,-2.109,-30.672,-2.109c-10.405,0.0,-20.641,0.73,-30.672,2.109V25.924zM260.531,491.438c-110.672,0.0,-200.712,-90.04,-200.712,-200.712S149.859,90.016,260.531,90.016s200.712,90.038,200.712,200.711S371.204,491.438,260.531,491.438z"">
   </path>
  </g>
 </g>
 <g>
  <g>
   <path d=""M431.032,286.382c-0.006,-0.249,-0.02,-0.497,-0.027,-0.746c-0.036,-1.211,-0.078,-2.421,-0.138,-3.628c-0.007,-0.136,-0.017,-0.27,-0.024,-0.406c-2.198,-41.912,-19.501,-81.057,-49.294,-111.053c-27.042,-27.224,-61.686,-44.217,-99.172,-48.984c-0.486,-0.063,-0.976,-0.114,-1.463,-0.172c-0.848,-0.1,-1.696,-0.203,-2.547,-0.292c-0.989,-0.103,-1.983,-0.191,-2.976,-0.275c-0.364,-0.031,-0.726,-0.069,-1.09,-0.098c-1.228,-0.098,-2.46,-0.179,-3.696,-0.252c-0.142,-0.008,-0.284,-0.019,-0.425,-0.027c-1.32,-0.074,-2.645,-0.13,-3.973,-0.174c-0.073,-0.002,-0.145,-0.006,-0.217,-0.008c-1.325,-0.042,-2.654,-0.066,-3.986,-0.078c-0.067,0.0,-0.134,-0.003,-0.201,-0.003c-0.008,0.0,-0.016,0.001,-0.024,0.001c-0.415,-0.002,-0.829,-0.016,-1.245,-0.016c-94.044,0.0,-170.555,76.511,-170.555,170.556S166.488,461.281,260.532,461.281c93.233,0.0,169.221,-75.2,170.524,-168.13c0.0,-0.007,0.001,-0.014,0.001,-0.021l0.01,-0.647c0.01,-0.586,0.02,-1.17,0.02,-1.758C431.087,289.275,431.067,287.827,431.032,286.382zM261.295,261.93c0.029,0.001,0.057,0.006,0.086,0.007c0.977,0.028,1.942,0.103,2.89,0.224c0.006,0.0,0.012,0.001,0.016,0.001c0.408,0.052,0.811,0.116,1.213,0.185c0.137,0.024,0.274,0.048,0.411,0.073c0.259,0.048,0.515,0.101,0.771,0.156c0.302,0.066,0.605,0.134,0.904,0.209c0.081,0.02,0.163,0.041,0.243,0.062c1.365,0.358,2.691,0.812,3.971,1.357l-15.458,15.456c-4.538,4.538,-4.538,11.897,0.0,16.436c2.27,2.268,5.244,3.404,8.217,3.404c2.974,0.0,5.948,-1.135,8.217,-3.404l14.932,-14.932c1.056,2.994,1.636,6.209,1.636,9.56c0.0,0.54,-0.02,1.076,-0.049,1.61c0.0,0.006,0.0,0.013,0.0,0.02c-0.846,15.137,-13.423,27.189,-28.766,27.189c-15.89,0.0,-28.816,-12.926,-28.816,-28.816c0.0,-15.89,12.926,-28.816,28.816,-28.816C260.787,261.911,261.04,261.923,261.295,261.93zM260.531,438.04c-81.228,0.0,-147.313,-66.083,-147.313,-147.313c0.0,-77.719,60.499,-141.565,136.875,-146.938v95.932c-23.72,4.847,-41.621,25.876,-41.621,51.007c0.0,24.709,17.311,45.438,40.438,50.735v28.716c0.0,6.417,5.204,11.621,11.621,11.621c6.417,0.0,11.621,-5.204,11.621,-11.621v-28.716c18.632,-4.267,33.477,-18.551,38.547,-36.867h96.487C400.174,379.344,337.083,438.04,260.531,438.04zM311.762,281.35v0.002c-1.138,-6.358,-3.414,-12.302,-6.617,-17.619l26.906,-26.906c4.538,-4.538,4.538,-11.897,0.0,-16.436c-4.538,-4.536,-11.894,-4.538,-16.436,0.0l-26.638,26.638c-4.725,-3.061,-9.99,-5.381,-15.641,-6.787v-96.265c69.662,6.057,125.723,61.063,133.564,130.127c0.027,0.238,0.056,0.476,0.083,0.715c0.086,0.79,0.16,1.583,0.234,2.377c0.038,0.428,0.079,0.854,0.114,1.283c0.057,0.681,0.107,1.364,0.153,2.048c0.019,0.274,0.035,0.549,0.052,0.823H311.762z"">
   </path>
  </g>
 </g>
 <g>
  <g>
   <path d=""M360.965,200.61c-0.153,-0.745,-0.374,-1.477,-0.665,-2.186c-0.291,-0.697,-0.651,-1.371,-1.069,-1.999c-0.43,-0.639,-0.906,-1.232,-1.441,-1.766c-0.546,-0.535,-1.138,-1.023,-1.777,-1.441c-0.628,-0.418,-1.302,-0.779,-2.0,-1.069c-0.697,-0.302,-1.428,-0.523,-2.173,-0.674c-1.498,-0.302,-3.044,-0.302,-4.543,0.0c-0.745,0.151,-1.477,0.372,-2.173,0.674c-0.698,0.291,-1.372,0.651,-2.01,1.069c-0.628,0.418,-1.232,0.906,-1.766,1.441c-0.535,0.535,-1.023,1.127,-1.441,1.766c-0.418,0.628,-0.779,1.302,-1.069,1.999c-0.291,0.709,-0.511,1.441,-0.662,2.186c-0.151,0.744,-0.232,1.511,-0.232,2.265c0.0,3.056,1.243,6.055,3.406,8.216c0.535,0.535,1.138,1.023,1.766,1.441c0.639,0.417,1.313,0.779,2.01,1.069s1.428,0.523,2.173,0.662c0.744,0.151,1.511,0.231,2.265,0.231c0.767,0.0,1.524,-0.08,2.278,-0.231c0.745,-0.139,1.477,-0.372,2.173,-0.662c0.698,-0.291,1.372,-0.652,2.0,-1.069c0.639,-0.418,1.232,-0.906,1.777,-1.441c2.161,-2.162,3.393,-5.16,3.393,-8.216C361.184,202.121,361.115,201.353,360.965,200.61z"">
   </path>
  </g>
 </g>
 <g>
  <g>
   <path d=""M271.919,404.306c-0.138,-0.743,-0.371,-1.475,-0.661,-2.184c-0.291,-0.697,-0.651,-1.371,-1.069,-1.999c-0.417,-0.639,-0.905,-1.233,-1.441,-1.768c-2.695,-2.708,-6.706,-3.94,-10.482,-3.183c-0.744,0.151,-1.476,0.371,-2.173,0.661c-0.709,0.291,-1.382,0.652,-2.009,1.069c-0.64,0.43,-1.233,0.918,-1.768,1.453c-0.535,0.535,-1.023,1.128,-1.441,1.768c-0.43,0.628,-0.779,1.302,-1.069,1.999c-0.291,0.709,-0.523,1.441,-0.674,2.185c-0.151,0.745,-0.22,1.511,-0.22,2.266c0.0,0.755,0.07,1.522,0.22,2.266c0.151,0.744,0.383,1.476,0.674,2.173c0.291,0.708,0.639,1.382,1.069,2.009c0.418,0.639,0.906,1.233,1.441,1.768c0.535,0.535,1.127,1.023,1.768,1.44c0.628,0.418,1.3,0.78,2.009,1.07c0.698,0.291,1.429,0.522,2.173,0.661c0.744,0.151,1.511,0.232,2.266,0.232c3.056,0.0,6.055,-1.243,8.215,-3.405c0.536,-0.535,1.024,-1.128,1.441,-1.768c0.418,-0.628,0.779,-1.302,1.069,-2.009c0.291,-0.698,0.523,-1.429,0.662,-2.173c0.151,-0.745,0.232,-1.511,0.232,-2.266C272.151,405.817,272.07,405.05,271.919,404.306z"">
   </path>
  </g>
 </g>
</svg>


Question: What is the object in the image?",Clock,Stopwatch,Compass,Thermometer,B,time_clock
0,"Examine the following SVG code carefully and answer the question based on your interpretation of the rendered image.

<svg id=""Layer_1"" style=""enable-background:new 0 0 512 512;"" version=""1.1"" viewbox=""0 0 512 512"" x=""0px"" xml:space=""preserve"" y=""0px"">
 <path d=""M394.461,124.204c0.0,0.0,-36.549,19.939,-52.706,54.638v-54.638C341.756,48.909,258.932,3.733,258.932,3.733s-82.824,45.176,-82.824,120.471v54.638c-16.157,-34.699,-52.706,-54.638,-52.706,-54.638s-60.235,32.855,-60.235,87.615V515.733h120.471v-90.353h150.588V515.733h120.471V211.819C454.697,157.059,394.461,124.204,394.461,124.204z"" style=""fill:#78B9EB;"">
 </path>
 <path d=""M394.461,124.204c0.0,0.0,-36.549,19.939,-52.706,54.638v-54.638C341.756,48.909,258.932,3.733,258.932,3.733v421.647h75.294V515.733h120.471V211.819C454.697,157.059,394.461,124.204,394.461,124.204z"" style=""fill:#5A8BB0;"">
 </path>
 <polygon points=""25.520,385.955 25.520,475.827 225.050,475.827 225.050,225.357"" style=""fill:#3C5D76;"">
 </polygon>
 <polygon points=""292.814,225.357 292.814,475.827 492.344,475.827 492.344,385.955"" style=""fill:#1E2E3B;"">
 </polygon>
 <path d=""M265.061,112.967L258.932,109.622l-6.129,3.345c-2.808,1.533,-68.79,38.248,-68.79,101.588v261.272h149.837V214.555C333.85,151.216,267.871,114.5,265.061,112.967z"" style=""fill:#BFE4F8;"">
 </path>
 <path d=""M265.061,112.967L258.932,109.622v366.205h74.918V214.555C333.85,151.216,267.871,114.5,265.061,112.967z"" style=""fill:#93C7EF;"">
 </path>
 <rect height=""45.176"" style=""fill:#78B9EB;"" width=""149.835"" x=""184.014"" y=""430.651"">
 </rect>
 <rect height=""45.176"" style=""fill:#5A8BB0;"" width=""74.918"" x=""258.932"" y=""430.651"">
 </rect>
 <rect height=""105.412"" style=""fill:#1E2E3B;"" width=""45.176"" x=""236.344"" y=""289.851"">
 </rect>
</svg>


Question: What is the predominant color in the center of the object?",Red,Blue,Green,Yellow,B,aerial_crafts
1,"Examine the following SVG code carefully and answer the question based on your interpretation of the rendered image.

<svg id=""Layer_1"" style=""enable-background:new 0 0 512 512;"" version=""1.1"" viewbox=""0 0 512 512"" x=""0px"" xml:space=""preserve"" y=""0px"">
 <path d=""M394.461,124.204c0.0,0.0,-36.549,19.939,-52.706,54.638v-54.638C341.756,48.909,258.932,3.733,258.932,3.733s-82.824,45.176,-82.824,120.471v54.638c-16.157,-34.699,-52.706,-54.638,-52.706,-54.638s-60.235,32.855,-60.235,87.615V515.733h120.471v-90.353h150.588V515.733h120.471V211.819C454.697,157.059,394.461,124.204,394.461,124.204z"" style=""fill:#78B9EB;"">
 </path>
 <path d=""M394.461,124.204c0.0,0.0,-36.549,19.939,-52.706,54.638v-54.638C341.756,48.909,258.932,3.733,258.932,3.733v421.647h75.294V515.733h120.471V211.819C454.697,157.059,394.461,124.204,394.461,124.204z"" style=""fill:#5A8BB0;"">
 </path>
 <polygon points=""25.520,385.955 25.520,475.827 225.050,475.827 225.050,225.357"" style=""fill:#3C5D76;"">
 </polygon>
 <polygon points=""292.814,225.357 292.814,475.827 492.344,475.827 492.344,385.955"" style=""fill:#1E2E3B;"">
 </polygon>
 <path d=""M265.061,112.967L258.932,109.622l-6.129,3.345c-2.808,1.533,-68.79,38.248,-68.79,101.588v261.272h149.837V214.555C333.85,151.216,267.871,114.5,265.061,112.967z"" style=""fill:#BFE4F8;"">
 </path>
 <path d=""M265.061,112.967L258.932,109.622v366.205h74.918V214.555C333.85,151.216,267.871,114.5,265.061,112.967z"" style=""fill:#93C7EF;"">
 </path>
 <rect height=""45.176"" style=""fill:#78B9EB;"" width=""149.835"" x=""184.014"" y=""430.651"">
 </rect>
 <rect height=""45.176"" style=""fill:#5A8BB0;"" width=""74.918"" x=""258.932"" y=""430.651"">
 </rect>
 <rect height=""105.412"" style=""fill:#1E2E3B;"" width=""45.176"" x=""236.344"" y=""289.851"">
 </rect>
</svg>


Question: How many distinct sections are there in the object?",4,3,2,5,A,aerial_crafts
2,"Examine the following SVG code carefully and answer the question based on your interpretation of the rendered image.

<svg id=""Layer_1"" style=""enable-background:new 0 0 512 512;"" version=""1.1"" viewbox=""0 0 512 512"" x=""0px"" xml:space=""preserve"" y=""0px"">
 <path d=""M394.461,124.204c0.0,0.0,-36.549,19.939,-52.706,54.638v-54.638C341.756,48.909,258.932,3.733,258.932,3.733s-82.824,45.176,-82.824,120.471v54.638c-16.157,-34.699,-52.706,-54.638,-52.706,-54.638s-60.235,32.855,-60.235,87.615V515.733h120.471v-90.353h150.588V515.733h120.471V211.819C454.697,157.059,394.461,124.204,394.461,124.204z"" style=""fill:#78B9EB;"">
 </path>
 <path d=""M394.461,124.204c0.0,0.0,-36.549,19.939,-52.706,54.638v-54.638C341.756,48.909,258.932,3.733,258.932,3.733v421.647h75.294V515.733h120.471V211.819C454.697,157.059,394.461,124.204,394.461,124.204z"" style=""fill:#5A8BB0;"">
 </path>
 <polygon points=""25.520,385.955 25.520,475.827 225.050,475.827 225.050,225.357"" style=""fill:#3C5D76;"">
 </polygon>
 <polygon points=""292.814,225.357 292.814,475.827 492.344,475.827 492.344,385.955"" style=""fill:#1E2E3B;"">
 </polygon>
 <path d=""M265.061,112.967L258.932,109.622l-6.129,3.345c-2.808,1.533,-68.79,38.248,-68.79,101.588v261.272h149.837V214.555C333.85,151.216,267.871,114.5,265.061,112.967z"" style=""fill:#BFE4F8;"">
 </path>
 <path d=""M265.061,112.967L258.932,109.622v366.205h74.918V214.555C333.85,151.216,267.871,114.5,265.061,112.967z"" style=""fill:#93C7EF;"">
 </path>
 <rect height=""45.176"" style=""fill:#78B9EB;"" width=""149.835"" x=""184.014"" y=""430.651"">
 </rect>
 <rect height=""45.176"" style=""fill:#5A8BB0;"" width=""74.918"" x=""258.932"" y=""430.651"">
 </rect>
 <rect height=""105.412"" style=""fill:#1E2E3B;"" width=""45.176"" x=""236.344"" y=""289.851"">
 </rect>
</svg>


Question: What shape is prominently featured at the top of the object?",Circle,Square,Arch,Triangle,C,aerial_crafts
3,"Examine the following SVG code carefully and answer the question based on your interpretation of the rendered image.

<svg id=""Layer_1"" style=""enable-background:new 0 0 512 512;"" version=""1.1"" viewbox=""0 0 512 512"" x=""0px"" xml:space=""preserve"" y=""0px"">
 <path d=""M394.461,124.204c0.0,0.0,-36.549,19.939,-52.706,54.638v-54.638C341.756,48.909,258.932,3.733,258.932,3.733s-82.824,45.176,-82.824,120.471v54.638c-16.157,-34.699,-52.706,-54.638,-52.706,-54.638s-60.235,32.855,-60.235,87.615V515.733h120.471v-90.353h150.588V515.733h120.471V211.819C454.697,157.059,394.461,124.204,394.461,124.204z"" style=""fill:#78B9EB;"">
 </path>
 <path d=""M394.461,124.204c0.0,0.0,-36.549,19.939,-52.706,54.638v-54.638C341.756,48.909,258.932,3.733,258.932,3.733v421.647h75.294V515.733h120.471V211.819C454.697,157.059,394.461,124.204,394.461,124.204z"" style=""fill:#5A8BB0;"">
 </path>
 <polygon points=""25.520,385.955 25.520,475.827 225.050,475.827 225.050,225.357"" style=""fill:#3C5D76;"">
 </polygon>
 <polygon points=""292.814,225.357 292.814,475.827 492.344,475.827 492.344,385.955"" style=""fill:#1E2E3B;"">
 </polygon>
 <path d=""M265.061,112.967L258.932,109.622l-6.129,3.345c-2.808,1.533,-68.79,38.248,-68.79,101.588v261.272h149.837V214.555C333.85,151.216,267.871,114.5,265.061,112.967z"" style=""fill:#BFE4F8;"">
 </path>
 <path d=""M265.061,112.967L258.932,109.622v366.205h74.918V214.555C333.85,151.216,267.871,114.5,265.061,112.967z"" style=""fill:#93C7EF;"">
 </path>
 <rect height=""45.176"" style=""fill:#78B9EB;"" width=""149.835"" x=""184.014"" y=""430.651"">
 </rect>
 <rect height=""45.176"" style=""fill:#5A8BB0;"" width=""74.918"" x=""258.932"" y=""430.651"">
 </rect>
 <rect height=""105.412"" style=""fill:#1E2E3B;"" width=""45.176"" x=""236.344"" y=""289.851"">
 </rect>
</svg>


Question: What type of structure does the object resemble?",Bridge,Rocket,Vehicle,Tree,B,aerial_crafts
12,"Examine the following SVG code carefully and answer the question based on your interpretation of the rendered image.

<svg id=""Layer_1"" style=""enable-background:new 0 0 512 512;"" version=""1.1"" viewbox=""0 0 512 512"" x=""0px"" xml:space=""preserve"" y=""0px"">
 <g>
  <path d=""M397.044,358.373c-4.673,0.0,-8.46,-3.788,-8.46,-8.46v-120.83c0.0,-4.672,3.787,-8.46,8.46,-8.46c4.672,0.0,8.46,3.788,8.46,8.46v120.83C405.504,354.585,401.717,358.373,397.044,358.373z"" style=""fill:#3A5D74;"">
  </path>
  <path d=""M487.711,381.442c-4.672,0.0,-8.46,-3.788,-8.46,-8.46V229.084c0.0,-4.672,3.788,-8.46,8.46,-8.46s8.46,3.788,8.46,8.46v143.898C496.171,377.654,492.383,381.442,487.711,381.442z"" style=""fill:#3A5D74;"">
  </path>
  <path d=""M121.213,358.373c-4.672,0.0,-8.46,-3.788,-8.46,-8.46v-120.83c0.0,-4.672,3.788,-8.46,8.46,-8.46c4.672,0.0,8.46,3.788,8.46,8.46v120.83C129.672,354.585,125.885,358.373,121.213,358.373z"" style=""fill:#3A5D74;"">
  </path>
  <path d=""M30.546,381.442c-4.672,0.0,-8.46,-3.788,-8.46,-8.46V229.084c0.0,-4.672,3.788,-8.46,8.46,-8.46s8.46,3.788,8.46,8.46v143.898C39.005,377.654,35.216,381.442,30.546,381.442z"" style=""fill:#3A5D74;"">
  </path>
 </g>
 <path d=""M509.61,376.481l-195.474,-54.733c-0.594,-0.166,-1.208,-0.25,-1.825,-0.25H205.945c-0.617,0.0,-1.231,0.085,-1.825,0.25L8.649,376.481c-2.923,0.819,-4.943,3.482,-4.943,6.517v58.783c0.0,3.738,3.031,6.768,6.768,6.768h497.312c3.737,0.0,6.768,-3.03,6.768,-6.768v-58.783C514.553,379.964,512.533,377.3,509.61,376.481z"" style=""fill:#578CAD;"">
 </path>
 <g>
  <path d=""M315.498,516.955H202.761c-4.672,0.0,-8.46,-3.788,-8.46,-8.46s3.788,-8.46,8.46,-8.46h112.737c4.673,0.0,8.46,3.788,8.46,8.46S320.17,516.955,315.498,516.955z"" style=""fill:#3A5D74;"">
  </path>
  <path d=""M259.13,68.742c-4.672,0.0,-8.46,-3.788,-8.46,-8.46V13.415c0.0,-4.672,3.788,-8.46,8.46,-8.46c4.672,0.0,8.46,3.788,8.46,8.46v46.868C267.589,64.954,263.802,68.742,259.13,68.742z"" style=""fill:#3A5D74;"">
  </path>
 </g>
 <path d=""M259.13,60.283c-31.131,0.0,-56.369,25.236,-56.369,56.367v45.587v78.058v74.261v27.563v102.172c0.0,11.859,9.615,21.473,21.474,21.473h69.79c11.857,0.0,21.473,-9.614,21.473,-21.473V342.119v-27.563V240.295V214.505v-26.506v-25.761v-45.588C315.498,85.518,290.261,60.283,259.13,60.283z"" style=""fill:#90C8EC;"">
 </path>
 <path d=""M279.708,117.949c0.0,11.366,-9.214,20.578,-20.578,20.578l0.0,0.0c-11.365,0.0,-20.579,-9.212,-20.579,-20.578l0.0,0.0c0.0,-11.365,9.214,-20.578,20.579,-20.578l0.0,0.0C270.494,97.37,279.708,106.583,279.708,117.949L279.708,117.949z"" style=""fill:#578CAD;"">
 </path>
 <g>
  <path d=""M21.753,442.012v-64.862c0.0,-1.831,0.685,-3.525,1.814,-4.846l-14.919,4.178c-2.923,0.819,-4.943,3.482,-4.943,6.517v58.783c0.0,3.738,3.031,6.768,6.768,6.768h15.143C23.314,447.278,21.753,444.827,21.753,442.012z"" style=""opacity:0.1;fill:#231F20;enable-background:new    ;"">
  </path>
  <path d=""M220.807,444.291V342.119v-27.563V240.295v-78.058v-45.588c0.0,-28.059,20.505,-51.318,47.346,-55.638c-2.938,-0.473,-5.951,-0.729,-9.024,-0.729c-31.131,0.0,-56.369,25.236,-56.369,56.367v45.587v78.058V314.555v27.563v102.172c0.0,11.859,9.615,21.473,21.474,21.473h18.047C230.423,465.764,220.807,456.15,220.807,444.291z"" style=""opacity:0.1;fill:#231F20;enable-background:new    ;"">
  </path>
  <path d=""M256.597,117.949c0.0,-8.124,4.719,-15.127,11.555,-18.472c-2.727,-1.334,-5.781,-2.106,-9.022,-2.106c-11.365,0.0,-20.579,9.212,-20.579,20.578s9.214,20.578,20.579,20.578c3.242,0.0,6.295,-0.77,9.022,-2.105C261.316,133.076,256.597,126.073,256.597,117.949z"" style=""opacity:0.1;fill:#231F20;enable-background:new    ;"">
  </path>
 </g>
 <path d=""M259.13,432.851c-4.672,0.0,-8.46,-3.788,-8.46,-8.46V312.551c0.0,-4.672,3.788,-8.46,8.46,-8.46c4.672,0.0,8.46,3.788,8.46,8.46v111.841C267.589,429.064,263.802,432.851,259.13,432.851z"" style=""fill:#3A5D74;"">
 </path>
</svg>


Question: What is the primary color of the object in the image?",Red,Green,Yellow,Blue,D,aerial_crafts
13,"Examine the following SVG code carefully and answer the question based on your interpretation of the rendered image.

<svg id=""Layer_1"" style=""enable-background:new 0 0 512 512;"" version=""1.1"" viewbox=""0 0 512 512"" x=""0px"" xml:space=""preserve"" y=""0px"">
 <g>
  <path d=""M397.044,358.373c-4.673,0.0,-8.46,-3.788,-8.46,-8.46v-120.83c0.0,-4.672,3.787,-8.46,8.46,-8.46c4.672,0.0,8.46,3.788,8.46,8.46v120.83C405.504,354.585,401.717,358.373,397.044,358.373z"" style=""fill:#3A5D74;"">
  </path>
  <path d=""M487.711,381.442c-4.672,0.0,-8.46,-3.788,-8.46,-8.46V229.084c0.0,-4.672,3.788,-8.46,8.46,-8.46s8.46,3.788,8.46,8.46v143.898C496.171,377.654,492.383,381.442,487.711,381.442z"" style=""fill:#3A5D74;"">
  </path>
  <path d=""M121.213,358.373c-4.672,0.0,-8.46,-3.788,-8.46,-8.46v-120.83c0.0,-4.672,3.788,-8.46,8.46,-8.46c4.672,0.0,8.46,3.788,8.46,8.46v120.83C129.672,354.585,125.885,358.373,121.213,358.373z"" style=""fill:#3A5D74;"">
  </path>
  <path d=""M30.546,381.442c-4.672,0.0,-8.46,-3.788,-8.46,-8.46V229.084c0.0,-4.672,3.788,-8.46,8.46,-8.46s8.46,3.788,8.46,8.46v143.898C39.005,377.654,35.216,381.442,30.546,381.442z"" style=""fill:#3A5D74;"">
  </path>
 </g>
 <path d=""M509.61,376.481l-195.474,-54.733c-0.594,-0.166,-1.208,-0.25,-1.825,-0.25H205.945c-0.617,0.0,-1.231,0.085,-1.825,0.25L8.649,376.481c-2.923,0.819,-4.943,3.482,-4.943,6.517v58.783c0.0,3.738,3.031,6.768,6.768,6.768h497.312c3.737,0.0,6.768,-3.03,6.768,-6.768v-58.783C514.553,379.964,512.533,377.3,509.61,376.481z"" style=""fill:#578CAD;"">
 </path>
 <g>
  <path d=""M315.498,516.955H202.761c-4.672,0.0,-8.46,-3.788,-8.46,-8.46s3.788,-8.46,8.46,-8.46h112.737c4.673,0.0,8.46,3.788,8.46,8.46S320.17,516.955,315.498,516.955z"" style=""fill:#3A5D74;"">
  </path>
  <path d=""M259.13,68.742c-4.672,0.0,-8.46,-3.788,-8.46,-8.46V13.415c0.0,-4.672,3.788,-8.46,8.46,-8.46c4.672,0.0,8.46,3.788,8.46,8.46v46.868C267.589,64.954,263.802,68.742,259.13,68.742z"" style=""fill:#3A5D74;"">
  </path>
 </g>
 <path d=""M259.13,60.283c-31.131,0.0,-56.369,25.236,-56.369,56.367v45.587v78.058v74.261v27.563v102.172c0.0,11.859,9.615,21.473,21.474,21.473h69.79c11.857,0.0,21.473,-9.614,21.473,-21.473V342.119v-27.563V240.295V214.505v-26.506v-25.761v-45.588C315.498,85.518,290.261,60.283,259.13,60.283z"" style=""fill:#90C8EC;"">
 </path>
 <path d=""M279.708,117.949c0.0,11.366,-9.214,20.578,-20.578,20.578l0.0,0.0c-11.365,0.0,-20.579,-9.212,-20.579,-20.578l0.0,0.0c0.0,-11.365,9.214,-20.578,20.579,-20.578l0.0,0.0C270.494,97.37,279.708,106.583,279.708,117.949L279.708,117.949z"" style=""fill:#578CAD;"">
 </path>
 <g>
  <path d=""M21.753,442.012v-64.862c0.0,-1.831,0.685,-3.525,1.814,-4.846l-14.919,4.178c-2.923,0.819,-4.943,3.482,-4.943,6.517v58.783c0.0,3.738,3.031,6.768,6.768,6.768h15.143C23.314,447.278,21.753,444.827,21.753,442.012z"" style=""opacity:0.1;fill:#231F20;enable-background:new    ;"">
  </path>
  <path d=""M220.807,444.291V342.119v-27.563V240.295v-78.058v-45.588c0.0,-28.059,20.505,-51.318,47.346,-55.638c-2.938,-0.473,-5.951,-0.729,-9.024,-0.729c-31.131,0.0,-56.369,25.236,-56.369,56.367v45.587v78.058V314.555v27.563v102.172c0.0,11.859,9.615,21.473,21.474,21.473h18.047C230.423,465.764,220.807,456.15,220.807,444.291z"" style=""opacity:0.1;fill:#231F20;enable-background:new    ;"">
  </path>
  <path d=""M256.597,117.949c0.0,-8.124,4.719,-15.127,11.555,-18.472c-2.727,-1.334,-5.781,-2.106,-9.022,-2.106c-11.365,0.0,-20.579,9.212,-20.579,20.578s9.214,20.578,20.579,20.578c3.242,0.0,6.295,-0.77,9.022,-2.105C261.316,133.076,256.597,126.073,256.597,117.949z"" style=""opacity:0.1;fill:#231F20;enable-background:new    ;"">
  </path>
 </g>
 <path d=""M259.13,432.851c-4.672,0.0,-8.46,-3.788,-8.46,-8.46V312.551c0.0,-4.672,3.788,-8.46,8.46,-8.46c4.672,0.0,8.46,3.788,8.46,8.46v111.841C267.589,429.064,263.802,432.851,259.13,432.851z"" style=""fill:#3A5D74;"">
 </path>
</svg>


Question: How many wings does the object in the image have?",Two,One,Three,Four,A,aerial_crafts
14,"Examine the following SVG code carefully and answer the question based on your interpretation of the rendered image.

<svg id=""Layer_1"" style=""enable-background:new 0 0 512 512;"" version=""1.1"" viewbox=""0 0 512 512"" x=""0px"" xml:space=""preserve"" y=""0px"">
 <g>
  <path d=""M397.044,358.373c-4.673,0.0,-8.46,-3.788,-8.46,-8.46v-120.83c0.0,-4.672,3.787,-8.46,8.46,-8.46c4.672,0.0,8.46,3.788,8.46,8.46v120.83C405.504,354.585,401.717,358.373,397.044,358.373z"" style=""fill:#3A5D74;"">
  </path>
  <path d=""M487.711,381.442c-4.672,0.0,-8.46,-3.788,-8.46,-8.46V229.084c0.0,-4.672,3.788,-8.46,8.46,-8.46s8.46,3.788,8.46,8.46v143.898C496.171,377.654,492.383,381.442,487.711,381.442z"" style=""fill:#3A5D74;"">
  </path>
  <path d=""M121.213,358.373c-4.672,0.0,-8.46,-3.788,-8.46,-8.46v-120.83c0.0,-4.672,3.788,-8.46,8.46,-8.46c4.672,0.0,8.46,3.788,8.46,8.46v120.83C129.672,354.585,125.885,358.373,121.213,358.373z"" style=""fill:#3A5D74;"">
  </path>
  <path d=""M30.546,381.442c-4.672,0.0,-8.46,-3.788,-8.46,-8.46V229.084c0.0,-4.672,3.788,-8.46,8.46,-8.46s8.46,3.788,8.46,8.46v143.898C39.005,377.654,35.216,381.442,30.546,381.442z"" style=""fill:#3A5D74;"">
  </path>
 </g>
 <path d=""M509.61,376.481l-195.474,-54.733c-0.594,-0.166,-1.208,-0.25,-1.825,-0.25H205.945c-0.617,0.0,-1.231,0.085,-1.825,0.25L8.649,376.481c-2.923,0.819,-4.943,3.482,-4.943,6.517v58.783c0.0,3.738,3.031,6.768,6.768,6.768h497.312c3.737,0.0,6.768,-3.03,6.768,-6.768v-58.783C514.553,379.964,512.533,377.3,509.61,376.481z"" style=""fill:#578CAD;"">
 </path>
 <g>
  <path d=""M315.498,516.955H202.761c-4.672,0.0,-8.46,-3.788,-8.46,-8.46s3.788,-8.46,8.46,-8.46h112.737c4.673,0.0,8.46,3.788,8.46,8.46S320.17,516.955,315.498,516.955z"" style=""fill:#3A5D74;"">
  </path>
  <path d=""M259.13,68.742c-4.672,0.0,-8.46,-3.788,-8.46,-8.46V13.415c0.0,-4.672,3.788,-8.46,8.46,-8.46c4.672,0.0,8.46,3.788,8.46,8.46v46.868C267.589,64.954,263.802,68.742,259.13,68.742z"" style=""fill:#3A5D74;"">
  </path>
 </g>
 <path d=""M259.13,60.283c-31.131,0.0,-56.369,25.236,-56.369,56.367v45.587v78.058v74.261v27.563v102.172c0.0,11.859,9.615,21.473,21.474,21.473h69.79c11.857,0.0,21.473,-9.614,21.473,-21.473V342.119v-27.563V240.295V214.505v-26.506v-25.761v-45.588C315.498,85.518,290.261,60.283,259.13,60.283z"" style=""fill:#90C8EC;"">
 </path>
 <path d=""M279.708,117.949c0.0,11.366,-9.214,20.578,-20.578,20.578l0.0,0.0c-11.365,0.0,-20.579,-9.212,-20.579,-20.578l0.0,0.0c0.0,-11.365,9.214,-20.578,20.579,-20.578l0.0,0.0C270.494,97.37,279.708,106.583,279.708,117.949L279.708,117.949z"" style=""fill:#578CAD;"">
 </path>
 <g>
  <path d=""M21.753,442.012v-64.862c0.0,-1.831,0.685,-3.525,1.814,-4.846l-14.919,4.178c-2.923,0.819,-4.943,3.482,-4.943,6.517v58.783c0.0,3.738,3.031,6.768,6.768,6.768h15.143C23.314,447.278,21.753,444.827,21.753,442.012z"" style=""opacity:0.1;fill:#231F20;enable-background:new    ;"">
  </path>
  <path d=""M220.807,444.291V342.119v-27.563V240.295v-78.058v-45.588c0.0,-28.059,20.505,-51.318,47.346,-55.638c-2.938,-0.473,-5.951,-0.729,-9.024,-0.729c-31.131,0.0,-56.369,25.236,-56.369,56.367v45.587v78.058V314.555v27.563v102.172c0.0,11.859,9.615,21.473,21.474,21.473h18.047C230.423,465.764,220.807,456.15,220.807,444.291z"" style=""opacity:0.1;fill:#231F20;enable-background:new    ;"">
  </path>
  <path d=""M256.597,117.949c0.0,-8.124,4.719,-15.127,11.555,-18.472c-2.727,-1.334,-5.781,-2.106,-9.022,-2.106c-11.365,0.0,-20.579,9.212,-20.579,20.578s9.214,20.578,20.579,20.578c3.242,0.0,6.295,-0.77,9.022,-2.105C261.316,133.076,256.597,126.073,256.597,117.949z"" style=""opacity:0.1;fill:#231F20;enable-background:new    ;"">
  </path>
 </g>
 <path d=""M259.13,432.851c-4.672,0.0,-8.46,-3.788,-8.46,-8.46V312.551c0.0,-4.672,3.788,-8.46,8.46,-8.46c4.672,0.0,8.46,3.788,8.46,8.46v111.841C267.589,429.064,263.802,432.851,259.13,432.851z"" style=""fill:#3A5D74;"">
 </path>
</svg>


Question: What shape is the nose of the object in the image?",Square,Round,Triangular,Hexagonal,B,aerial_crafts
15,"Examine the following SVG code carefully and answer the question based on your interpretation of the rendered image.

<svg id=""Layer_1"" style=""enable-background:new 0 0 512 512;"" version=""1.1"" viewbox=""0 0 512 512"" x=""0px"" xml:space=""preserve"" y=""0px"">
 <g>
  <path d=""M397.044,358.373c-4.673,0.0,-8.46,-3.788,-8.46,-8.46v-120.83c0.0,-4.672,3.787,-8.46,8.46,-8.46c4.672,0.0,8.46,3.788,8.46,8.46v120.83C405.504,354.585,401.717,358.373,397.044,358.373z"" style=""fill:#3A5D74;"">
  </path>
  <path d=""M487.711,381.442c-4.672,0.0,-8.46,-3.788,-8.46,-8.46V229.084c0.0,-4.672,3.788,-8.46,8.46,-8.46s8.46,3.788,8.46,8.46v143.898C496.171,377.654,492.383,381.442,487.711,381.442z"" style=""fill:#3A5D74;"">
  </path>
  <path d=""M121.213,358.373c-4.672,0.0,-8.46,-3.788,-8.46,-8.46v-120.83c0.0,-4.672,3.788,-8.46,8.46,-8.46c4.672,0.0,8.46,3.788,8.46,8.46v120.83C129.672,354.585,125.885,358.373,121.213,358.373z"" style=""fill:#3A5D74;"">
  </path>
  <path d=""M30.546,381.442c-4.672,0.0,-8.46,-3.788,-8.46,-8.46V229.084c0.0,-4.672,3.788,-8.46,8.46,-8.46s8.46,3.788,8.46,8.46v143.898C39.005,377.654,35.216,381.442,30.546,381.442z"" style=""fill:#3A5D74;"">
  </path>
 </g>
 <path d=""M509.61,376.481l-195.474,-54.733c-0.594,-0.166,-1.208,-0.25,-1.825,-0.25H205.945c-0.617,0.0,-1.231,0.085,-1.825,0.25L8.649,376.481c-2.923,0.819,-4.943,3.482,-4.943,6.517v58.783c0.0,3.738,3.031,6.768,6.768,6.768h497.312c3.737,0.0,6.768,-3.03,6.768,-6.768v-58.783C514.553,379.964,512.533,377.3,509.61,376.481z"" style=""fill:#578CAD;"">
 </path>
 <g>
  <path d=""M315.498,516.955H202.761c-4.672,0.0,-8.46,-3.788,-8.46,-8.46s3.788,-8.46,8.46,-8.46h112.737c4.673,0.0,8.46,3.788,8.46,8.46S320.17,516.955,315.498,516.955z"" style=""fill:#3A5D74;"">
  </path>
  <path d=""M259.13,68.742c-4.672,0.0,-8.46,-3.788,-8.46,-8.46V13.415c0.0,-4.672,3.788,-8.46,8.46,-8.46c4.672,0.0,8.46,3.788,8.46,8.46v46.868C267.589,64.954,263.802,68.742,259.13,68.742z"" style=""fill:#3A5D74;"">
  </path>
 </g>
 <path d=""M259.13,60.283c-31.131,0.0,-56.369,25.236,-56.369,56.367v45.587v78.058v74.261v27.563v102.172c0.0,11.859,9.615,21.473,21.474,21.473h69.79c11.857,0.0,21.473,-9.614,21.473,-21.473V342.119v-27.563V240.295V214.505v-26.506v-25.761v-45.588C315.498,85.518,290.261,60.283,259.13,60.283z"" style=""fill:#90C8EC;"">
 </path>
 <path d=""M279.708,117.949c0.0,11.366,-9.214,20.578,-20.578,20.578l0.0,0.0c-11.365,0.0,-20.579,-9.212,-20.579,-20.578l0.0,0.0c0.0,-11.365,9.214,-20.578,20.579,-20.578l0.0,0.0C270.494,97.37,279.708,106.583,279.708,117.949L279.708,117.949z"" style=""fill:#578CAD;"">
 </path>
 <g>
  <path d=""M21.753,442.012v-64.862c0.0,-1.831,0.685,-3.525,1.814,-4.846l-14.919,4.178c-2.923,0.819,-4.943,3.482,-4.943,6.517v58.783c0.0,3.738,3.031,6.768,6.768,6.768h15.143C23.314,447.278,21.753,444.827,21.753,442.012z"" style=""opacity:0.1;fill:#231F20;enable-background:new    ;"">
  </path>
  <path d=""M220.807,444.291V342.119v-27.563V240.295v-78.058v-45.588c0.0,-28.059,20.505,-51.318,47.346,-55.638c-2.938,-0.473,-5.951,-0.729,-9.024,-0.729c-31.131,0.0,-56.369,25.236,-56.369,56.367v45.587v78.058V314.555v27.563v102.172c0.0,11.859,9.615,21.473,21.474,21.473h18.047C230.423,465.764,220.807,456.15,220.807,444.291z"" style=""opacity:0.1;fill:#231F20;enable-background:new    ;"">
  </path>
  <path d=""M256.597,117.949c0.0,-8.124,4.719,-15.127,11.555,-18.472c-2.727,-1.334,-5.781,-2.106,-9.022,-2.106c-11.365,0.0,-20.579,9.212,-20.579,20.578s9.214,20.578,20.579,20.578c3.242,0.0,6.295,-0.77,9.022,-2.105C261.316,133.076,256.597,126.073,256.597,117.949z"" style=""opacity:0.1;fill:#231F20;enable-background:new    ;"">
  </path>
 </g>
 <path d=""M259.13,432.851c-4.672,0.0,-8.46,-3.788,-8.46,-8.46V312.551c0.0,-4.672,3.788,-8.46,8.46,-8.46c4.672,0.0,8.46,3.788,8.46,8.46v111.841C267.589,429.064,263.802,432.851,259.13,432.851z"" style=""fill:#3A5D74;"">
 </path>
</svg>


Question: What type of object is shown in the image?",Car,Boat,Train,Space Ship,D,aerial_crafts
28,"Examine the following SVG code carefully and answer the question based on your interpretation of the rendered image.

<svg id=""Layer_1"" style=""enable-background:new 0 0 512.005 512.005;"" version=""1.1"" viewbox=""0 0 512.005 512.005"" x=""0px"" xml:space=""preserve"" y=""0px"">
 <g>
  <g>
   <path d=""M512.233,310.518l-59.383,-59.383c7.34,-4.486,12.082,-10.723,13.167,-17.943c1.23,-8.168,-2.213,-16.072,-9.552,-22.395l23.659,-70.969c0.872,-2.606,0.427,-5.468,-1.179,-7.698s-4.187,-3.546,-6.929,-3.546h-25.633c-2.948,0.0,-5.682,1.521,-7.246,4.016L406.19,185.318l-29.589,-44.388c-1.598,-2.375,-4.264,-3.802,-7.117,-3.802h-25.633c-2.683,0.0,-5.203,1.256,-6.818,3.401s-2.136,4.913,-1.393,7.493l13.97,48.916H238.055l45.08,-90.168c1.324,-2.649,1.179,-5.793,-0.376,-8.314c-1.555,-2.512,-4.306,-4.05,-7.263,-4.05H241.319c-2.264,0.0,-4.443,0.897,-6.041,2.503L135.165,197.015c-57.768,1.521,-78.702,14.577,-104.437,44.499C5.778,255.979,0.31,275.563,3.591,289.225c3.879,16.089,19.549,26.556,41.209,27.333h53.838c-1.598,3.896,-2.572,8.211,-2.572,12.816c0.0,16.491,11.501,29.905,25.633,29.905c32.503,0.0,66.868,-6.707,79.915,-21.079l137.632,88.083c1.376,0.88,2.973,1.35,4.605,1.35h59.81c3.589,0.0,6.793,-2.247,8.023,-5.614s0.222,-7.152,-2.521,-9.467L280.956,304.597c55.316,-9.279,97.362,-21.711,120.748,-29.606l82.529,57.136c1.461,1.008,3.161,1.521,4.87,1.521c1.307,0.0,2.615,-0.299,3.819,-0.897l17.089,-8.544c2.461,-1.23,4.17,-3.563,4.614,-6.271C515.061,315.217,514.173,312.457,512.233,310.518zM451.116,145.673h9.048l-20.549,61.639c-7.844,2.068,-17.9,0.487,-24.744,-3.64L451.116,145.673zM364.912,154.217l28.478,42.721h-26.009l-12.21,-42.721H364.912zM244.856,111.495h16.815l-42.721,85.443h-59.537L244.856,111.495zM121.699,342.191c-4.554,0.0,-8.544,-5.99,-8.544,-12.816s3.99,-12.816,8.544,-12.816s8.544,5.99,8.544,12.816S126.244,342.191,121.699,342.191zM145.341,340.901c1.273,-3.554,1.991,-7.442,1.991,-11.526c0.0,-4.605,-0.974,-8.92,-2.572,-12.816h23.035l19.105,12.227C181.073,332.929,167.095,338.441,145.341,340.901zM380.249,410.546h-33.904L159.439,290.926h78.761L380.249,410.546zM263.679,290.037l-16.858,-14.192c-1.538,-1.299,-3.486,-2.008,-5.503,-2.008H130.243c-3.794,0.0,-7.135,2.503,-8.203,6.143c-1.068,3.64,0.402,7.553,3.597,9.595l15.457,9.894h-19.378c-0.009,0.0,-0.009,0.0,-0.017,0.0s-0.009,0.0,-0.017,0.0H45.108c-13.355,-0.478,-22.89,-5.938,-24.89,-14.243c-2.358,-9.817,5.562,-21.421,20.19,-29.563c0.889,-0.496,1.683,-1.145,2.35,-1.922c3.443,-4.05,6.741,-7.716,10.04,-11.091l11.586,11.586c0.786,0.786,1.734,1.41,2.777,1.846c1.051,0.436,2.162,0.666,3.272,0.666h17.089c4.716,0.0,8.544,-3.828,8.544,-8.544c0.0,-4.716,-3.828,-8.544,-8.544,-8.544H73.97l-8.271,-8.271c15.653,-11.261,35.425,-16.678,73.088,-17.362H400.149c8.066,7.186,17.302,8.544,29.145,8.544c4.332,0.0,8.544,0.0,17.089,0.0c2.99,2.452,3.059,5.904,2.734,8.083c-0.367,2.444,-3.384,5.503,-8.989,7.758l-4.793,-4.793c-1.948,-1.948,-4.708,-2.845,-7.451,-2.384l-51.266,8.544c-3.426,0.573,-6.169,3.17,-6.938,6.562c-0.76,3.392,0.615,6.912,3.478,8.895l10.885,7.536C357.598,271.052,316.09,282.151,263.679,290.037zM489.804,315.2L400.209,253.168l26.154,-4.358l65.407,65.407L489.804,315.2z"">
   </path>
  </g>
 </g>
 <g>
  <g>
   <path d=""M130.243,239.66h-8.544c-4.716,0.0,-8.544,3.828,-8.544,8.544c0.0,4.716,3.828,8.544,8.544,8.544h8.544c4.716,0.0,8.544,-3.828,8.544,-8.544C138.787,243.488,134.96,239.66,130.243,239.66z"">
   </path>
  </g>
 </g>
 <g>
  <g>
   <path d=""M172.965,239.66h-8.544c-4.716,0.0,-8.544,3.828,-8.544,8.544c0.0,4.716,3.828,8.544,8.544,8.544h8.544c4.716,0.0,8.544,-3.828,8.544,-8.544C181.509,243.488,177.681,239.66,172.965,239.66z"">
   </path>
  </g>
 </g>
 <g>
  <g>
   <path d=""M215.686,239.66h-8.544c-4.716,0.0,-8.544,3.828,-8.544,8.544c0.0,4.716,3.828,8.544,8.544,8.544h8.544c4.716,0.0,8.544,-3.828,8.544,-8.544C224.23,243.488,220.403,239.66,215.686,239.66z"">
   </path>
  </g>
 </g>
 <g>
  <g>
   <path d=""M258.408,239.66h-8.544c-4.716,0.0,-8.544,3.828,-8.544,8.544c0.0,4.716,3.828,8.544,8.544,8.544h8.544c4.716,0.0,8.544,-3.828,8.544,-8.544C266.952,243.488,263.124,239.66,258.408,239.66z"">
   </path>
  </g>
 </g>
 <g>
  <g>
   <path d=""M301.129,239.66h-8.544c-4.716,0.0,-8.544,3.828,-8.544,8.544c0.0,4.716,3.828,8.544,8.544,8.544h8.544c4.716,0.0,8.544,-3.828,8.544,-8.544C309.673,243.488,305.846,239.66,301.129,239.66z"">
   </path>
  </g>
 </g>
 <g>
  <g>
   <path d=""M343.851,239.66h-8.544c-4.716,0.0,-8.544,3.828,-8.544,8.544c0.0,4.716,3.828,8.544,8.544,8.544h8.544c4.716,0.0,8.544,-3.828,8.544,-8.544C352.395,243.488,348.567,239.66,343.851,239.66z"">
   </path>
  </g>
 </g>
</svg>


Question: What shape is the object in the image?",Circle,Square,Triangle,Airplane,D,aerial_crafts
29,"Examine the following SVG code carefully and answer the question based on your interpretation of the rendered image.

<svg id=""Layer_1"" style=""enable-background:new 0 0 512.005 512.005;"" version=""1.1"" viewbox=""0 0 512.005 512.005"" x=""0px"" xml:space=""preserve"" y=""0px"">
 <g>
  <g>
   <path d=""M512.233,310.518l-59.383,-59.383c7.34,-4.486,12.082,-10.723,13.167,-17.943c1.23,-8.168,-2.213,-16.072,-9.552,-22.395l23.659,-70.969c0.872,-2.606,0.427,-5.468,-1.179,-7.698s-4.187,-3.546,-6.929,-3.546h-25.633c-2.948,0.0,-5.682,1.521,-7.246,4.016L406.19,185.318l-29.589,-44.388c-1.598,-2.375,-4.264,-3.802,-7.117,-3.802h-25.633c-2.683,0.0,-5.203,1.256,-6.818,3.401s-2.136,4.913,-1.393,7.493l13.97,48.916H238.055l45.08,-90.168c1.324,-2.649,1.179,-5.793,-0.376,-8.314c-1.555,-2.512,-4.306,-4.05,-7.263,-4.05H241.319c-2.264,0.0,-4.443,0.897,-6.041,2.503L135.165,197.015c-57.768,1.521,-78.702,14.577,-104.437,44.499C5.778,255.979,0.31,275.563,3.591,289.225c3.879,16.089,19.549,26.556,41.209,27.333h53.838c-1.598,3.896,-2.572,8.211,-2.572,12.816c0.0,16.491,11.501,29.905,25.633,29.905c32.503,0.0,66.868,-6.707,79.915,-21.079l137.632,88.083c1.376,0.88,2.973,1.35,4.605,1.35h59.81c3.589,0.0,6.793,-2.247,8.023,-5.614s0.222,-7.152,-2.521,-9.467L280.956,304.597c55.316,-9.279,97.362,-21.711,120.748,-29.606l82.529,57.136c1.461,1.008,3.161,1.521,4.87,1.521c1.307,0.0,2.615,-0.299,3.819,-0.897l17.089,-8.544c2.461,-1.23,4.17,-3.563,4.614,-6.271C515.061,315.217,514.173,312.457,512.233,310.518zM451.116,145.673h9.048l-20.549,61.639c-7.844,2.068,-17.9,0.487,-24.744,-3.64L451.116,145.673zM364.912,154.217l28.478,42.721h-26.009l-12.21,-42.721H364.912zM244.856,111.495h16.815l-42.721,85.443h-59.537L244.856,111.495zM121.699,342.191c-4.554,0.0,-8.544,-5.99,-8.544,-12.816s3.99,-12.816,8.544,-12.816s8.544,5.99,8.544,12.816S126.244,342.191,121.699,342.191zM145.341,340.901c1.273,-3.554,1.991,-7.442,1.991,-11.526c0.0,-4.605,-0.974,-8.92,-2.572,-12.816h23.035l19.105,12.227C181.073,332.929,167.095,338.441,145.341,340.901zM380.249,410.546h-33.904L159.439,290.926h78.761L380.249,410.546zM263.679,290.037l-16.858,-14.192c-1.538,-1.299,-3.486,-2.008,-5.503,-2.008H130.243c-3.794,0.0,-7.135,2.503,-8.203,6.143c-1.068,3.64,0.402,7.553,3.597,9.595l15.457,9.894h-19.378c-0.009,0.0,-0.009,0.0,-0.017,0.0s-0.009,0.0,-0.017,0.0H45.108c-13.355,-0.478,-22.89,-5.938,-24.89,-14.243c-2.358,-9.817,5.562,-21.421,20.19,-29.563c0.889,-0.496,1.683,-1.145,2.35,-1.922c3.443,-4.05,6.741,-7.716,10.04,-11.091l11.586,11.586c0.786,0.786,1.734,1.41,2.777,1.846c1.051,0.436,2.162,0.666,3.272,0.666h17.089c4.716,0.0,8.544,-3.828,8.544,-8.544c0.0,-4.716,-3.828,-8.544,-8.544,-8.544H73.97l-8.271,-8.271c15.653,-11.261,35.425,-16.678,73.088,-17.362H400.149c8.066,7.186,17.302,8.544,29.145,8.544c4.332,0.0,8.544,0.0,17.089,0.0c2.99,2.452,3.059,5.904,2.734,8.083c-0.367,2.444,-3.384,5.503,-8.989,7.758l-4.793,-4.793c-1.948,-1.948,-4.708,-2.845,-7.451,-2.384l-51.266,8.544c-3.426,0.573,-6.169,3.17,-6.938,6.562c-0.76,3.392,0.615,6.912,3.478,8.895l10.885,7.536C357.598,271.052,316.09,282.151,263.679,290.037zM489.804,315.2L400.209,253.168l26.154,-4.358l65.407,65.407L489.804,315.2z"">
   </path>
  </g>
 </g>
 <g>
  <g>
   <path d=""M130.243,239.66h-8.544c-4.716,0.0,-8.544,3.828,-8.544,8.544c0.0,4.716,3.828,8.544,8.544,8.544h8.544c4.716,0.0,8.544,-3.828,8.544,-8.544C138.787,243.488,134.96,239.66,130.243,239.66z"">
   </path>
  </g>
 </g>
 <g>
  <g>
   <path d=""M172.965,239.66h-8.544c-4.716,0.0,-8.544,3.828,-8.544,8.544c0.0,4.716,3.828,8.544,8.544,8.544h8.544c4.716,0.0,8.544,-3.828,8.544,-8.544C181.509,243.488,177.681,239.66,172.965,239.66z"">
   </path>
  </g>
 </g>
 <g>
  <g>
   <path d=""M215.686,239.66h-8.544c-4.716,0.0,-8.544,3.828,-8.544,8.544c0.0,4.716,3.828,8.544,8.544,8.544h8.544c4.716,0.0,8.544,-3.828,8.544,-8.544C224.23,243.488,220.403,239.66,215.686,239.66z"">
   </path>
  </g>
 </g>
 <g>
  <g>
   <path d=""M258.408,239.66h-8.544c-4.716,0.0,-8.544,3.828,-8.544,8.544c0.0,4.716,3.828,8.544,8.544,8.544h8.544c4.716,0.0,8.544,-3.828,8.544,-8.544C266.952,243.488,263.124,239.66,258.408,239.66z"">
   </path>
  </g>
 </g>
 <g>
  <g>
   <path d=""M301.129,239.66h-8.544c-4.716,0.0,-8.544,3.828,-8.544,8.544c0.0,4.716,3.828,8.544,8.544,8.544h8.544c4.716,0.0,8.544,-3.828,8.544,-8.544C309.673,243.488,305.846,239.66,301.129,239.66z"">
   </path>
  </g>
 </g>
 <g>
  <g>
   <path d=""M343.851,239.66h-8.544c-4.716,0.0,-8.544,3.828,-8.544,8.544c0.0,4.716,3.828,8.544,8.544,8.544h8.544c4.716,0.0,8.544,-3.828,8.544,-8.544C352.395,243.488,348.567,239.66,343.851,239.66z"">
   </path>
  </g>
 </g>
</svg>


Question: How many wings does the object in the image have?",One,Two,Three,Four,B,aerial_crafts
30,"Examine the following SVG code carefully and answer the question based on your interpretation of the rendered image.

<svg id=""Layer_1"" style=""enable-background:new 0 0 512.005 512.005;"" version=""1.1"" viewbox=""0 0 512.005 512.005"" x=""0px"" xml:space=""preserve"" y=""0px"">
 <g>
  <g>
   <path d=""M512.233,310.518l-59.383,-59.383c7.34,-4.486,12.082,-10.723,13.167,-17.943c1.23,-8.168,-2.213,-16.072,-9.552,-22.395l23.659,-70.969c0.872,-2.606,0.427,-5.468,-1.179,-7.698s-4.187,-3.546,-6.929,-3.546h-25.633c-2.948,0.0,-5.682,1.521,-7.246,4.016L406.19,185.318l-29.589,-44.388c-1.598,-2.375,-4.264,-3.802,-7.117,-3.802h-25.633c-2.683,0.0,-5.203,1.256,-6.818,3.401s-2.136,4.913,-1.393,7.493l13.97,48.916H238.055l45.08,-90.168c1.324,-2.649,1.179,-5.793,-0.376,-8.314c-1.555,-2.512,-4.306,-4.05,-7.263,-4.05H241.319c-2.264,0.0,-4.443,0.897,-6.041,2.503L135.165,197.015c-57.768,1.521,-78.702,14.577,-104.437,44.499C5.778,255.979,0.31,275.563,3.591,289.225c3.879,16.089,19.549,26.556,41.209,27.333h53.838c-1.598,3.896,-2.572,8.211,-2.572,12.816c0.0,16.491,11.501,29.905,25.633,29.905c32.503,0.0,66.868,-6.707,79.915,-21.079l137.632,88.083c1.376,0.88,2.973,1.35,4.605,1.35h59.81c3.589,0.0,6.793,-2.247,8.023,-5.614s0.222,-7.152,-2.521,-9.467L280.956,304.597c55.316,-9.279,97.362,-21.711,120.748,-29.606l82.529,57.136c1.461,1.008,3.161,1.521,4.87,1.521c1.307,0.0,2.615,-0.299,3.819,-0.897l17.089,-8.544c2.461,-1.23,4.17,-3.563,4.614,-6.271C515.061,315.217,514.173,312.457,512.233,310.518zM451.116,145.673h9.048l-20.549,61.639c-7.844,2.068,-17.9,0.487,-24.744,-3.64L451.116,145.673zM364.912,154.217l28.478,42.721h-26.009l-12.21,-42.721H364.912zM244.856,111.495h16.815l-42.721,85.443h-59.537L244.856,111.495zM121.699,342.191c-4.554,0.0,-8.544,-5.99,-8.544,-12.816s3.99,-12.816,8.544,-12.816s8.544,5.99,8.544,12.816S126.244,342.191,121.699,342.191zM145.341,340.901c1.273,-3.554,1.991,-7.442,1.991,-11.526c0.0,-4.605,-0.974,-8.92,-2.572,-12.816h23.035l19.105,12.227C181.073,332.929,167.095,338.441,145.341,340.901zM380.249,410.546h-33.904L159.439,290.926h78.761L380.249,410.546zM263.679,290.037l-16.858,-14.192c-1.538,-1.299,-3.486,-2.008,-5.503,-2.008H130.243c-3.794,0.0,-7.135,2.503,-8.203,6.143c-1.068,3.64,0.402,7.553,3.597,9.595l15.457,9.894h-19.378c-0.009,0.0,-0.009,0.0,-0.017,0.0s-0.009,0.0,-0.017,0.0H45.108c-13.355,-0.478,-22.89,-5.938,-24.89,-14.243c-2.358,-9.817,5.562,-21.421,20.19,-29.563c0.889,-0.496,1.683,-1.145,2.35,-1.922c3.443,-4.05,6.741,-7.716,10.04,-11.091l11.586,11.586c0.786,0.786,1.734,1.41,2.777,1.846c1.051,0.436,2.162,0.666,3.272,0.666h17.089c4.716,0.0,8.544,-3.828,8.544,-8.544c0.0,-4.716,-3.828,-8.544,-8.544,-8.544H73.97l-8.271,-8.271c15.653,-11.261,35.425,-16.678,73.088,-17.362H400.149c8.066,7.186,17.302,8.544,29.145,8.544c4.332,0.0,8.544,0.0,17.089,0.0c2.99,2.452,3.059,5.904,2.734,8.083c-0.367,2.444,-3.384,5.503,-8.989,7.758l-4.793,-4.793c-1.948,-1.948,-4.708,-2.845,-7.451,-2.384l-51.266,8.544c-3.426,0.573,-6.169,3.17,-6.938,6.562c-0.76,3.392,0.615,6.912,3.478,8.895l10.885,7.536C357.598,271.052,316.09,282.151,263.679,290.037zM489.804,315.2L400.209,253.168l26.154,-4.358l65.407,65.407L489.804,315.2z"">
   </path>
  </g>
 </g>
 <g>
  <g>
   <path d=""M130.243,239.66h-8.544c-4.716,0.0,-8.544,3.828,-8.544,8.544c0.0,4.716,3.828,8.544,8.544,8.544h8.544c4.716,0.0,8.544,-3.828,8.544,-8.544C138.787,243.488,134.96,239.66,130.243,239.66z"">
   </path>
  </g>
 </g>
 <g>
  <g>
   <path d=""M172.965,239.66h-8.544c-4.716,0.0,-8.544,3.828,-8.544,8.544c0.0,4.716,3.828,8.544,8.544,8.544h8.544c4.716,0.0,8.544,-3.828,8.544,-8.544C181.509,243.488,177.681,239.66,172.965,239.66z"">
   </path>
  </g>
 </g>
 <g>
  <g>
   <path d=""M215.686,239.66h-8.544c-4.716,0.0,-8.544,3.828,-8.544,8.544c0.0,4.716,3.828,8.544,8.544,8.544h8.544c4.716,0.0,8.544,-3.828,8.544,-8.544C224.23,243.488,220.403,239.66,215.686,239.66z"">
   </path>
  </g>
 </g>
 <g>
  <g>
   <path d=""M258.408,239.66h-8.544c-4.716,0.0,-8.544,3.828,-8.544,8.544c0.0,4.716,3.828,8.544,8.544,8.544h8.544c4.716,0.0,8.544,-3.828,8.544,-8.544C266.952,243.488,263.124,239.66,258.408,239.66z"">
   </path>
  </g>
 </g>
 <g>
  <g>
   <path d=""M301.129,239.66h-8.544c-4.716,0.0,-8.544,3.828,-8.544,8.544c0.0,4.716,3.828,8.544,8.544,8.544h8.544c4.716,0.0,8.544,-3.828,8.544,-8.544C309.673,243.488,305.846,239.66,301.129,239.66z"">
   </path>
  </g>
 </g>
 <g>
  <g>
   <path d=""M343.851,239.66h-8.544c-4.716,0.0,-8.544,3.828,-8.544,8.544c0.0,4.716,3.828,8.544,8.544,8.544h8.544c4.716,0.0,8.544,-3.828,8.544,-8.544C352.395,243.488,348.567,239.66,343.851,239.66z"">
   </path>
  </g>
 </g>
</svg>


Question: What is the position of the tail fin on the object in the image?",Front,Middle,Back,Side,C,aerial_crafts
31,"Examine the following SVG code carefully and answer the question based on your interpretation of the rendered image.

<svg id=""Layer_1"" style=""enable-background:new 0 0 512.005 512.005;"" version=""1.1"" viewbox=""0 0 512.005 512.005"" x=""0px"" xml:space=""preserve"" y=""0px"">
 <g>
  <g>
   <path d=""M512.233,310.518l-59.383,-59.383c7.34,-4.486,12.082,-10.723,13.167,-17.943c1.23,-8.168,-2.213,-16.072,-9.552,-22.395l23.659,-70.969c0.872,-2.606,0.427,-5.468,-1.179,-7.698s-4.187,-3.546,-6.929,-3.546h-25.633c-2.948,0.0,-5.682,1.521,-7.246,4.016L406.19,185.318l-29.589,-44.388c-1.598,-2.375,-4.264,-3.802,-7.117,-3.802h-25.633c-2.683,0.0,-5.203,1.256,-6.818,3.401s-2.136,4.913,-1.393,7.493l13.97,48.916H238.055l45.08,-90.168c1.324,-2.649,1.179,-5.793,-0.376,-8.314c-1.555,-2.512,-4.306,-4.05,-7.263,-4.05H241.319c-2.264,0.0,-4.443,0.897,-6.041,2.503L135.165,197.015c-57.768,1.521,-78.702,14.577,-104.437,44.499C5.778,255.979,0.31,275.563,3.591,289.225c3.879,16.089,19.549,26.556,41.209,27.333h53.838c-1.598,3.896,-2.572,8.211,-2.572,12.816c0.0,16.491,11.501,29.905,25.633,29.905c32.503,0.0,66.868,-6.707,79.915,-21.079l137.632,88.083c1.376,0.88,2.973,1.35,4.605,1.35h59.81c3.589,0.0,6.793,-2.247,8.023,-5.614s0.222,-7.152,-2.521,-9.467L280.956,304.597c55.316,-9.279,97.362,-21.711,120.748,-29.606l82.529,57.136c1.461,1.008,3.161,1.521,4.87,1.521c1.307,0.0,2.615,-0.299,3.819,-0.897l17.089,-8.544c2.461,-1.23,4.17,-3.563,4.614,-6.271C515.061,315.217,514.173,312.457,512.233,310.518zM451.116,145.673h9.048l-20.549,61.639c-7.844,2.068,-17.9,0.487,-24.744,-3.64L451.116,145.673zM364.912,154.217l28.478,42.721h-26.009l-12.21,-42.721H364.912zM244.856,111.495h16.815l-42.721,85.443h-59.537L244.856,111.495zM121.699,342.191c-4.554,0.0,-8.544,-5.99,-8.544,-12.816s3.99,-12.816,8.544,-12.816s8.544,5.99,8.544,12.816S126.244,342.191,121.699,342.191zM145.341,340.901c1.273,-3.554,1.991,-7.442,1.991,-11.526c0.0,-4.605,-0.974,-8.92,-2.572,-12.816h23.035l19.105,12.227C181.073,332.929,167.095,338.441,145.341,340.901zM380.249,410.546h-33.904L159.439,290.926h78.761L380.249,410.546zM263.679,290.037l-16.858,-14.192c-1.538,-1.299,-3.486,-2.008,-5.503,-2.008H130.243c-3.794,0.0,-7.135,2.503,-8.203,6.143c-1.068,3.64,0.402,7.553,3.597,9.595l15.457,9.894h-19.378c-0.009,0.0,-0.009,0.0,-0.017,0.0s-0.009,0.0,-0.017,0.0H45.108c-13.355,-0.478,-22.89,-5.938,-24.89,-14.243c-2.358,-9.817,5.562,-21.421,20.19,-29.563c0.889,-0.496,1.683,-1.145,2.35,-1.922c3.443,-4.05,6.741,-7.716,10.04,-11.091l11.586,11.586c0.786,0.786,1.734,1.41,2.777,1.846c1.051,0.436,2.162,0.666,3.272,0.666h17.089c4.716,0.0,8.544,-3.828,8.544,-8.544c0.0,-4.716,-3.828,-8.544,-8.544,-8.544H73.97l-8.271,-8.271c15.653,-11.261,35.425,-16.678,73.088,-17.362H400.149c8.066,7.186,17.302,8.544,29.145,8.544c4.332,0.0,8.544,0.0,17.089,0.0c2.99,2.452,3.059,5.904,2.734,8.083c-0.367,2.444,-3.384,5.503,-8.989,7.758l-4.793,-4.793c-1.948,-1.948,-4.708,-2.845,-7.451,-2.384l-51.266,8.544c-3.426,0.573,-6.169,3.17,-6.938,6.562c-0.76,3.392,0.615,6.912,3.478,8.895l10.885,7.536C357.598,271.052,316.09,282.151,263.679,290.037zM489.804,315.2L400.209,253.168l26.154,-4.358l65.407,65.407L489.804,315.2z"">
   </path>
  </g>
 </g>
 <g>
  <g>
   <path d=""M130.243,239.66h-8.544c-4.716,0.0,-8.544,3.828,-8.544,8.544c0.0,4.716,3.828,8.544,8.544,8.544h8.544c4.716,0.0,8.544,-3.828,8.544,-8.544C138.787,243.488,134.96,239.66,130.243,239.66z"">
   </path>
  </g>
 </g>
 <g>
  <g>
   <path d=""M172.965,239.66h-8.544c-4.716,0.0,-8.544,3.828,-8.544,8.544c0.0,4.716,3.828,8.544,8.544,8.544h8.544c4.716,0.0,8.544,-3.828,8.544,-8.544C181.509,243.488,177.681,239.66,172.965,239.66z"">
   </path>
  </g>
 </g>
 <g>
  <g>
   <path d=""M215.686,239.66h-8.544c-4.716,0.0,-8.544,3.828,-8.544,8.544c0.0,4.716,3.828,8.544,8.544,8.544h8.544c4.716,0.0,8.544,-3.828,8.544,-8.544C224.23,243.488,220.403,239.66,215.686,239.66z"">
   </path>
  </g>
 </g>
 <g>
  <g>
   <path d=""M258.408,239.66h-8.544c-4.716,0.0,-8.544,3.828,-8.544,8.544c0.0,4.716,3.828,8.544,8.544,8.544h8.544c4.716,0.0,8.544,-3.828,8.544,-8.544C266.952,243.488,263.124,239.66,258.408,239.66z"">
   </path>
  </g>
 </g>
 <g>
  <g>
   <path d=""M301.129,239.66h-8.544c-4.716,0.0,-8.544,3.828,-8.544,8.544c0.0,4.716,3.828,8.544,8.544,8.544h8.544c4.716,0.0,8.544,-3.828,8.544,-8.544C309.673,243.488,305.846,239.66,301.129,239.66z"">
   </path>
  </g>
 </g>
 <g>
  <g>
   <path d=""M343.851,239.66h-8.544c-4.716,0.0,-8.544,3.828,-8.544,8.544c0.0,4.716,3.828,8.544,8.544,8.544h8.544c4.716,0.0,8.544,-3.828,8.544,-8.544C352.395,243.488,348.567,239.66,343.851,239.66z"">
   </path>
  </g>
 </g>
</svg>


Question: What is the object in the image?",Car,Boat,Train,Airplane,D,aerial_crafts
32,"Examine the following SVG code carefully and answer the question based on your interpretation of the rendered image.

<svg id=""Layer_1"" style=""enable-background:new 0 0 512 512;"" version=""1.1"" viewbox=""0 0 512 512"" x=""0px"" xml:space=""preserve"" y=""0px"">
 <g>
  <g>
   <path d=""M436.997,314.688c6.147,0.0,11.13,-4.983,11.13,-11.13v-22.261c0.001,-3.722,-1.859,-7.197,-4.955,-9.262l-95.218,-63.478V173.076c0.0,-61.814,-26.998,-120.248,-74.076,-160.322l-8.314,-7.068c-4.178,-3.553,-10.325,-3.532,-14.48,0.052l-8.274,7.138c-46.356,40.028,-72.942,98.11,-72.942,159.353v36.328l-95.218,63.478c-3.096,2.065,-4.956,5.54,-4.956,9.262v111.304c0.0,4.095,2.25,7.86,5.855,9.8c1.652,0.889,3.465,1.33,5.275,1.33c2.142,0.0,4.277,-0.618,6.13,-1.84l82.915,-54.701v45.41v44.522c0.0,8.708,2.314,17.299,6.69,24.842c4.378,7.543,10.686,13.811,18.241,18.124l58.591,33.48C255.1,514.546,257.007,515.036,258.911,515.036s3.811,-0.489,5.522,-1.467l58.59,-33.479c15.379,-8.785,24.932,-25.249,24.932,-42.967v-44.522v-45.41l82.914,54.701c1.853,1.222,3.988,1.84,6.13,1.84c1.81,0.0,3.624,-0.441,5.275,-1.33c3.606,-1.941,5.855,-5.705,5.855,-9.8v-22.261c0.0,-6.147,-4.983,-11.13,-11.13,-11.13s-11.13,4.983,-11.13,11.13v1.584l-77.913,-51.4v-85.211l77.913,51.942v16.303C425.866,309.705,430.849,314.688,436.997,314.688zM169.867,320.523l-77.913,51.401v-84.67l77.913,-51.942V320.523zM311.98,460.761L258.911,491.086l-53.072,-30.327c-4.151,-2.37,-7.619,-5.817,-10.026,-9.966c-0.477,-0.824,-0.897,-1.675,-1.284,-2.539h128.765C320.966,453.434,317.056,457.861,311.98,460.761zM325.694,425.993H192.128v-22.261h133.565V425.993zM325.694,214.514v112.0v54.956H192.128v-54.956v-112.0v-42.285c0.0,-54.767,23.776,-106.709,65.227,-142.501l1.053,-0.908l1.046,0.889c42.096,35.832,66.239,88.087,66.239,143.366V214.514z"">
   </path>
  </g>
 </g>
 <g>
  <g>
   <path d=""M447.906,334.779c-0.134,-0.712,-0.356,-1.414,-0.634,-2.093c-0.278,-0.668,-0.623,-1.313,-1.024,-1.914c-0.401,-0.612,-0.868,-1.18,-1.38,-1.692c-0.512,-0.512,-1.08,-0.979,-1.692,-1.38c-0.601,-0.401,-1.247,-0.746,-1.914,-1.024c-0.679,-0.278,-1.38,-0.501,-2.093,-0.634c-1.436,-0.289,-2.905,-0.289,-4.341,0.0c-0.712,0.134,-1.414,0.356,-2.081,0.634c-0.679,0.278,-1.325,0.623,-1.926,1.024c-0.612,0.401,-1.18,0.868,-1.692,1.38c-0.512,0.512,-0.979,1.08,-1.38,1.692c-0.401,0.601,-0.746,1.247,-1.024,1.914c-0.278,0.679,-0.49,1.38,-0.634,2.093c-0.145,0.712,-0.223,1.447,-0.223,2.17c0.0,0.723,0.078,1.458,0.223,2.17c0.145,0.712,0.356,1.414,0.634,2.081c0.278,0.679,0.623,1.325,1.024,1.926c0.401,0.612,0.868,1.18,1.38,1.692c0.512,0.512,1.08,0.979,1.692,1.38c0.601,0.401,1.247,0.746,1.926,1.024c0.668,0.278,1.369,0.501,2.081,0.634c0.712,0.145,1.447,0.223,2.17,0.223s1.458,-0.078,2.17,-0.223c0.712,-0.134,1.414,-0.356,2.093,-0.634c0.668,-0.278,1.313,-0.623,1.914,-1.024c0.612,-0.401,1.18,-0.868,1.692,-1.38c0.512,-0.512,0.979,-1.08,1.38,-1.692c0.401,-0.601,0.746,-1.247,1.024,-1.926c0.278,-0.668,0.501,-1.369,0.634,-2.081c0.145,-0.712,0.223,-1.447,0.223,-2.17C448.128,336.226,448.05,335.491,447.906,334.779z"">
   </path>
  </g>
 </g>
 <g>
  <g>
   <path d=""M281.172,225.646c6.147,0.0,11.13,-4.983,11.13,-11.13v-22.261c0.0,-18.412,-14.979,-33.391,-33.391,-33.391c-18.412,0.0,-33.391,14.979,-33.391,33.391v89.043c0.0,18.412,14.979,33.391,33.391,33.391s33.391,-14.979,33.391,-33.391c0.0,-6.147,-4.983,-11.13,-11.13,-11.13s-11.13,4.983,-11.13,11.13c0.0,6.137,-4.993,11.13,-11.13,11.13s-11.13,-4.993,-11.13,-11.13v-89.043c0.0,-6.137,4.993,-11.13,11.13,-11.13s11.13,4.993,11.13,11.13v22.261C270.041,220.663,275.024,225.646,281.172,225.646z"">
   </path>
  </g>
 </g>
 <g>
  <g>
   <path d=""M292.091,245.735c-0.145,-0.712,-0.367,-1.414,-0.646,-2.081c-0.278,-0.679,-0.623,-1.325,-1.024,-1.926c-0.401,-0.612,-0.868,-1.18,-1.38,-1.692c-0.512,-0.512,-1.08,-0.979,-1.692,-1.38c-0.601,-0.401,-1.247,-0.746,-1.926,-1.024c-0.668,-0.278,-1.369,-0.49,-2.081,-0.634c-1.436,-0.289,-2.905,-0.289,-4.341,0.0c-0.712,0.145,-1.414,0.356,-2.081,0.634c-0.679,0.278,-1.325,0.623,-1.926,1.024c-0.612,0.401,-1.18,0.868,-1.692,1.38c-0.512,0.512,-0.979,1.08,-1.38,1.692c-0.401,0.601,-0.746,1.247,-1.024,1.926c-0.278,0.668,-0.49,1.369,-0.634,2.081c-0.145,0.712,-0.223,1.447,-0.223,2.17c0.0,0.723,0.078,1.458,0.223,2.17c0.145,0.712,0.356,1.414,0.634,2.093c0.278,0.668,0.623,1.313,1.024,1.914c0.401,0.612,0.868,1.18,1.38,1.692c0.512,0.512,1.08,0.979,1.692,1.391c0.601,0.401,1.247,0.746,1.926,1.024c0.668,0.278,1.369,0.49,2.081,0.634s1.447,0.212,2.17,0.212c0.724,0.0,1.458,-0.067,2.17,-0.212s1.414,-0.356,2.081,-0.634c0.679,-0.278,1.325,-0.623,1.926,-1.024c0.612,-0.412,1.18,-0.879,1.692,-1.391c0.512,-0.512,0.979,-1.08,1.38,-1.692c0.401,-0.601,0.746,-1.247,1.024,-1.914c0.278,-0.679,0.501,-1.38,0.646,-2.093c0.145,-0.712,0.211,-1.447,0.211,-2.17C292.302,247.182,292.235,246.447,292.091,245.735z"">
   </path>
  </g>
 </g>
</svg>


Question: What shape is at the top of the object?",Circle,Triangle,Oval,Square,C,aerial_crafts
33,"Examine the following SVG code carefully and answer the question based on your interpretation of the rendered image.

<svg id=""Layer_1"" style=""enable-background:new 0 0 512 512;"" version=""1.1"" viewbox=""0 0 512 512"" x=""0px"" xml:space=""preserve"" y=""0px"">
 <g>
  <g>
   <path d=""M436.997,314.688c6.147,0.0,11.13,-4.983,11.13,-11.13v-22.261c0.001,-3.722,-1.859,-7.197,-4.955,-9.262l-95.218,-63.478V173.076c0.0,-61.814,-26.998,-120.248,-74.076,-160.322l-8.314,-7.068c-4.178,-3.553,-10.325,-3.532,-14.48,0.052l-8.274,7.138c-46.356,40.028,-72.942,98.11,-72.942,159.353v36.328l-95.218,63.478c-3.096,2.065,-4.956,5.54,-4.956,9.262v111.304c0.0,4.095,2.25,7.86,5.855,9.8c1.652,0.889,3.465,1.33,5.275,1.33c2.142,0.0,4.277,-0.618,6.13,-1.84l82.915,-54.701v45.41v44.522c0.0,8.708,2.314,17.299,6.69,24.842c4.378,7.543,10.686,13.811,18.241,18.124l58.591,33.48C255.1,514.546,257.007,515.036,258.911,515.036s3.811,-0.489,5.522,-1.467l58.59,-33.479c15.379,-8.785,24.932,-25.249,24.932,-42.967v-44.522v-45.41l82.914,54.701c1.853,1.222,3.988,1.84,6.13,1.84c1.81,0.0,3.624,-0.441,5.275,-1.33c3.606,-1.941,5.855,-5.705,5.855,-9.8v-22.261c0.0,-6.147,-4.983,-11.13,-11.13,-11.13s-11.13,4.983,-11.13,11.13v1.584l-77.913,-51.4v-85.211l77.913,51.942v16.303C425.866,309.705,430.849,314.688,436.997,314.688zM169.867,320.523l-77.913,51.401v-84.67l77.913,-51.942V320.523zM311.98,460.761L258.911,491.086l-53.072,-30.327c-4.151,-2.37,-7.619,-5.817,-10.026,-9.966c-0.477,-0.824,-0.897,-1.675,-1.284,-2.539h128.765C320.966,453.434,317.056,457.861,311.98,460.761zM325.694,425.993H192.128v-22.261h133.565V425.993zM325.694,214.514v112.0v54.956H192.128v-54.956v-112.0v-42.285c0.0,-54.767,23.776,-106.709,65.227,-142.501l1.053,-0.908l1.046,0.889c42.096,35.832,66.239,88.087,66.239,143.366V214.514z"">
   </path>
  </g>
 </g>
 <g>
  <g>
   <path d=""M447.906,334.779c-0.134,-0.712,-0.356,-1.414,-0.634,-2.093c-0.278,-0.668,-0.623,-1.313,-1.024,-1.914c-0.401,-0.612,-0.868,-1.18,-1.38,-1.692c-0.512,-0.512,-1.08,-0.979,-1.692,-1.38c-0.601,-0.401,-1.247,-0.746,-1.914,-1.024c-0.679,-0.278,-1.38,-0.501,-2.093,-0.634c-1.436,-0.289,-2.905,-0.289,-4.341,0.0c-0.712,0.134,-1.414,0.356,-2.081,0.634c-0.679,0.278,-1.325,0.623,-1.926,1.024c-0.612,0.401,-1.18,0.868,-1.692,1.38c-0.512,0.512,-0.979,1.08,-1.38,1.692c-0.401,0.601,-0.746,1.247,-1.024,1.914c-0.278,0.679,-0.49,1.38,-0.634,2.093c-0.145,0.712,-0.223,1.447,-0.223,2.17c0.0,0.723,0.078,1.458,0.223,2.17c0.145,0.712,0.356,1.414,0.634,2.081c0.278,0.679,0.623,1.325,1.024,1.926c0.401,0.612,0.868,1.18,1.38,1.692c0.512,0.512,1.08,0.979,1.692,1.38c0.601,0.401,1.247,0.746,1.926,1.024c0.668,0.278,1.369,0.501,2.081,0.634c0.712,0.145,1.447,0.223,2.17,0.223s1.458,-0.078,2.17,-0.223c0.712,-0.134,1.414,-0.356,2.093,-0.634c0.668,-0.278,1.313,-0.623,1.914,-1.024c0.612,-0.401,1.18,-0.868,1.692,-1.38c0.512,-0.512,0.979,-1.08,1.38,-1.692c0.401,-0.601,0.746,-1.247,1.024,-1.926c0.278,-0.668,0.501,-1.369,0.634,-2.081c0.145,-0.712,0.223,-1.447,0.223,-2.17C448.128,336.226,448.05,335.491,447.906,334.779z"">
   </path>
  </g>
 </g>
 <g>
  <g>
   <path d=""M281.172,225.646c6.147,0.0,11.13,-4.983,11.13,-11.13v-22.261c0.0,-18.412,-14.979,-33.391,-33.391,-33.391c-18.412,0.0,-33.391,14.979,-33.391,33.391v89.043c0.0,18.412,14.979,33.391,33.391,33.391s33.391,-14.979,33.391,-33.391c0.0,-6.147,-4.983,-11.13,-11.13,-11.13s-11.13,4.983,-11.13,11.13c0.0,6.137,-4.993,11.13,-11.13,11.13s-11.13,-4.993,-11.13,-11.13v-89.043c0.0,-6.137,4.993,-11.13,11.13,-11.13s11.13,4.993,11.13,11.13v22.261C270.041,220.663,275.024,225.646,281.172,225.646z"">
   </path>
  </g>
 </g>
 <g>
  <g>
   <path d=""M292.091,245.735c-0.145,-0.712,-0.367,-1.414,-0.646,-2.081c-0.278,-0.679,-0.623,-1.325,-1.024,-1.926c-0.401,-0.612,-0.868,-1.18,-1.38,-1.692c-0.512,-0.512,-1.08,-0.979,-1.692,-1.38c-0.601,-0.401,-1.247,-0.746,-1.926,-1.024c-0.668,-0.278,-1.369,-0.49,-2.081,-0.634c-1.436,-0.289,-2.905,-0.289,-4.341,0.0c-0.712,0.145,-1.414,0.356,-2.081,0.634c-0.679,0.278,-1.325,0.623,-1.926,1.024c-0.612,0.401,-1.18,0.868,-1.692,1.38c-0.512,0.512,-0.979,1.08,-1.38,1.692c-0.401,0.601,-0.746,1.247,-1.024,1.926c-0.278,0.668,-0.49,1.369,-0.634,2.081c-0.145,0.712,-0.223,1.447,-0.223,2.17c0.0,0.723,0.078,1.458,0.223,2.17c0.145,0.712,0.356,1.414,0.634,2.093c0.278,0.668,0.623,1.313,1.024,1.914c0.401,0.612,0.868,1.18,1.38,1.692c0.512,0.512,1.08,0.979,1.692,1.391c0.601,0.401,1.247,0.746,1.926,1.024c0.668,0.278,1.369,0.49,2.081,0.634s1.447,0.212,2.17,0.212c0.724,0.0,1.458,-0.067,2.17,-0.212s1.414,-0.356,2.081,-0.634c0.679,-0.278,1.325,-0.623,1.926,-1.024c0.612,-0.412,1.18,-0.879,1.692,-1.391c0.512,-0.512,0.979,-1.08,1.38,-1.692c0.401,-0.601,0.746,-1.247,1.024,-1.914c0.278,-0.679,0.501,-1.38,0.646,-2.093c0.145,-0.712,0.211,-1.447,0.211,-2.17C292.302,247.182,292.235,246.447,292.091,245.735z"">
   </path>
  </g>
 </g>
</svg>


Question: How many dots are there on the object?",1,2,3,4,B,aerial_crafts
34,"Examine the following SVG code carefully and answer the question based on your interpretation of the rendered image.

<svg id=""Layer_1"" style=""enable-background:new 0 0 512 512;"" version=""1.1"" viewbox=""0 0 512 512"" x=""0px"" xml:space=""preserve"" y=""0px"">
 <g>
  <g>
   <path d=""M436.997,314.688c6.147,0.0,11.13,-4.983,11.13,-11.13v-22.261c0.001,-3.722,-1.859,-7.197,-4.955,-9.262l-95.218,-63.478V173.076c0.0,-61.814,-26.998,-120.248,-74.076,-160.322l-8.314,-7.068c-4.178,-3.553,-10.325,-3.532,-14.48,0.052l-8.274,7.138c-46.356,40.028,-72.942,98.11,-72.942,159.353v36.328l-95.218,63.478c-3.096,2.065,-4.956,5.54,-4.956,9.262v111.304c0.0,4.095,2.25,7.86,5.855,9.8c1.652,0.889,3.465,1.33,5.275,1.33c2.142,0.0,4.277,-0.618,6.13,-1.84l82.915,-54.701v45.41v44.522c0.0,8.708,2.314,17.299,6.69,24.842c4.378,7.543,10.686,13.811,18.241,18.124l58.591,33.48C255.1,514.546,257.007,515.036,258.911,515.036s3.811,-0.489,5.522,-1.467l58.59,-33.479c15.379,-8.785,24.932,-25.249,24.932,-42.967v-44.522v-45.41l82.914,54.701c1.853,1.222,3.988,1.84,6.13,1.84c1.81,0.0,3.624,-0.441,5.275,-1.33c3.606,-1.941,5.855,-5.705,5.855,-9.8v-22.261c0.0,-6.147,-4.983,-11.13,-11.13,-11.13s-11.13,4.983,-11.13,11.13v1.584l-77.913,-51.4v-85.211l77.913,51.942v16.303C425.866,309.705,430.849,314.688,436.997,314.688zM169.867,320.523l-77.913,51.401v-84.67l77.913,-51.942V320.523zM311.98,460.761L258.911,491.086l-53.072,-30.327c-4.151,-2.37,-7.619,-5.817,-10.026,-9.966c-0.477,-0.824,-0.897,-1.675,-1.284,-2.539h128.765C320.966,453.434,317.056,457.861,311.98,460.761zM325.694,425.993H192.128v-22.261h133.565V425.993zM325.694,214.514v112.0v54.956H192.128v-54.956v-112.0v-42.285c0.0,-54.767,23.776,-106.709,65.227,-142.501l1.053,-0.908l1.046,0.889c42.096,35.832,66.239,88.087,66.239,143.366V214.514z"">
   </path>
  </g>
 </g>
 <g>
  <g>
   <path d=""M447.906,334.779c-0.134,-0.712,-0.356,-1.414,-0.634,-2.093c-0.278,-0.668,-0.623,-1.313,-1.024,-1.914c-0.401,-0.612,-0.868,-1.18,-1.38,-1.692c-0.512,-0.512,-1.08,-0.979,-1.692,-1.38c-0.601,-0.401,-1.247,-0.746,-1.914,-1.024c-0.679,-0.278,-1.38,-0.501,-2.093,-0.634c-1.436,-0.289,-2.905,-0.289,-4.341,0.0c-0.712,0.134,-1.414,0.356,-2.081,0.634c-0.679,0.278,-1.325,0.623,-1.926,1.024c-0.612,0.401,-1.18,0.868,-1.692,1.38c-0.512,0.512,-0.979,1.08,-1.38,1.692c-0.401,0.601,-0.746,1.247,-1.024,1.914c-0.278,0.679,-0.49,1.38,-0.634,2.093c-0.145,0.712,-0.223,1.447,-0.223,2.17c0.0,0.723,0.078,1.458,0.223,2.17c0.145,0.712,0.356,1.414,0.634,2.081c0.278,0.679,0.623,1.325,1.024,1.926c0.401,0.612,0.868,1.18,1.38,1.692c0.512,0.512,1.08,0.979,1.692,1.38c0.601,0.401,1.247,0.746,1.926,1.024c0.668,0.278,1.369,0.501,2.081,0.634c0.712,0.145,1.447,0.223,2.17,0.223s1.458,-0.078,2.17,-0.223c0.712,-0.134,1.414,-0.356,2.093,-0.634c0.668,-0.278,1.313,-0.623,1.914,-1.024c0.612,-0.401,1.18,-0.868,1.692,-1.38c0.512,-0.512,0.979,-1.08,1.38,-1.692c0.401,-0.601,0.746,-1.247,1.024,-1.926c0.278,-0.668,0.501,-1.369,0.634,-2.081c0.145,-0.712,0.223,-1.447,0.223,-2.17C448.128,336.226,448.05,335.491,447.906,334.779z"">
   </path>
  </g>
 </g>
 <g>
  <g>
   <path d=""M281.172,225.646c6.147,0.0,11.13,-4.983,11.13,-11.13v-22.261c0.0,-18.412,-14.979,-33.391,-33.391,-33.391c-18.412,0.0,-33.391,14.979,-33.391,33.391v89.043c0.0,18.412,14.979,33.391,33.391,33.391s33.391,-14.979,33.391,-33.391c0.0,-6.147,-4.983,-11.13,-11.13,-11.13s-11.13,4.983,-11.13,11.13c0.0,6.137,-4.993,11.13,-11.13,11.13s-11.13,-4.993,-11.13,-11.13v-89.043c0.0,-6.137,4.993,-11.13,11.13,-11.13s11.13,4.993,11.13,11.13v22.261C270.041,220.663,275.024,225.646,281.172,225.646z"">
   </path>
  </g>
 </g>
 <g>
  <g>
   <path d=""M292.091,245.735c-0.145,-0.712,-0.367,-1.414,-0.646,-2.081c-0.278,-0.679,-0.623,-1.325,-1.024,-1.926c-0.401,-0.612,-0.868,-1.18,-1.38,-1.692c-0.512,-0.512,-1.08,-0.979,-1.692,-1.38c-0.601,-0.401,-1.247,-0.746,-1.926,-1.024c-0.668,-0.278,-1.369,-0.49,-2.081,-0.634c-1.436,-0.289,-2.905,-0.289,-4.341,0.0c-0.712,0.145,-1.414,0.356,-2.081,0.634c-0.679,0.278,-1.325,0.623,-1.926,1.024c-0.612,0.401,-1.18,0.868,-1.692,1.38c-0.512,0.512,-0.979,1.08,-1.38,1.692c-0.401,0.601,-0.746,1.247,-1.024,1.926c-0.278,0.668,-0.49,1.369,-0.634,2.081c-0.145,0.712,-0.223,1.447,-0.223,2.17c0.0,0.723,0.078,1.458,0.223,2.17c0.145,0.712,0.356,1.414,0.634,2.093c0.278,0.668,0.623,1.313,1.024,1.914c0.401,0.612,0.868,1.18,1.38,1.692c0.512,0.512,1.08,0.979,1.692,1.391c0.601,0.401,1.247,0.746,1.926,1.024c0.668,0.278,1.369,0.49,2.081,0.634s1.447,0.212,2.17,0.212c0.724,0.0,1.458,-0.067,2.17,-0.212s1.414,-0.356,2.081,-0.634c0.679,-0.278,1.325,-0.623,1.926,-1.024c0.612,-0.412,1.18,-0.879,1.692,-1.391c0.512,-0.512,0.979,-1.08,1.38,-1.692c0.401,-0.601,0.746,-1.247,1.024,-1.914c0.278,-0.679,0.501,-1.38,0.646,-2.093c0.145,-0.712,0.211,-1.447,0.211,-2.17C292.302,247.182,292.235,246.447,292.091,245.735z"">
   </path>
  </g>
 </g>
</svg>


Question: What is the shape of the fins on the object?",Triangular,Rectangular,Circular,Hexagonal,A,aerial_crafts
35,"Examine the following SVG code carefully and answer the question based on your interpretation of the rendered image.

<svg id=""Layer_1"" style=""enable-background:new 0 0 512 512;"" version=""1.1"" viewbox=""0 0 512 512"" x=""0px"" xml:space=""preserve"" y=""0px"">
 <g>
  <g>
   <path d=""M436.997,314.688c6.147,0.0,11.13,-4.983,11.13,-11.13v-22.261c0.001,-3.722,-1.859,-7.197,-4.955,-9.262l-95.218,-63.478V173.076c0.0,-61.814,-26.998,-120.248,-74.076,-160.322l-8.314,-7.068c-4.178,-3.553,-10.325,-3.532,-14.48,0.052l-8.274,7.138c-46.356,40.028,-72.942,98.11,-72.942,159.353v36.328l-95.218,63.478c-3.096,2.065,-4.956,5.54,-4.956,9.262v111.304c0.0,4.095,2.25,7.86,5.855,9.8c1.652,0.889,3.465,1.33,5.275,1.33c2.142,0.0,4.277,-0.618,6.13,-1.84l82.915,-54.701v45.41v44.522c0.0,8.708,2.314,17.299,6.69,24.842c4.378,7.543,10.686,13.811,18.241,18.124l58.591,33.48C255.1,514.546,257.007,515.036,258.911,515.036s3.811,-0.489,5.522,-1.467l58.59,-33.479c15.379,-8.785,24.932,-25.249,24.932,-42.967v-44.522v-45.41l82.914,54.701c1.853,1.222,3.988,1.84,6.13,1.84c1.81,0.0,3.624,-0.441,5.275,-1.33c3.606,-1.941,5.855,-5.705,5.855,-9.8v-22.261c0.0,-6.147,-4.983,-11.13,-11.13,-11.13s-11.13,4.983,-11.13,11.13v1.584l-77.913,-51.4v-85.211l77.913,51.942v16.303C425.866,309.705,430.849,314.688,436.997,314.688zM169.867,320.523l-77.913,51.401v-84.67l77.913,-51.942V320.523zM311.98,460.761L258.911,491.086l-53.072,-30.327c-4.151,-2.37,-7.619,-5.817,-10.026,-9.966c-0.477,-0.824,-0.897,-1.675,-1.284,-2.539h128.765C320.966,453.434,317.056,457.861,311.98,460.761zM325.694,425.993H192.128v-22.261h133.565V425.993zM325.694,214.514v112.0v54.956H192.128v-54.956v-112.0v-42.285c0.0,-54.767,23.776,-106.709,65.227,-142.501l1.053,-0.908l1.046,0.889c42.096,35.832,66.239,88.087,66.239,143.366V214.514z"">
   </path>
  </g>
 </g>
 <g>
  <g>
   <path d=""M447.906,334.779c-0.134,-0.712,-0.356,-1.414,-0.634,-2.093c-0.278,-0.668,-0.623,-1.313,-1.024,-1.914c-0.401,-0.612,-0.868,-1.18,-1.38,-1.692c-0.512,-0.512,-1.08,-0.979,-1.692,-1.38c-0.601,-0.401,-1.247,-0.746,-1.914,-1.024c-0.679,-0.278,-1.38,-0.501,-2.093,-0.634c-1.436,-0.289,-2.905,-0.289,-4.341,0.0c-0.712,0.134,-1.414,0.356,-2.081,0.634c-0.679,0.278,-1.325,0.623,-1.926,1.024c-0.612,0.401,-1.18,0.868,-1.692,1.38c-0.512,0.512,-0.979,1.08,-1.38,1.692c-0.401,0.601,-0.746,1.247,-1.024,1.914c-0.278,0.679,-0.49,1.38,-0.634,2.093c-0.145,0.712,-0.223,1.447,-0.223,2.17c0.0,0.723,0.078,1.458,0.223,2.17c0.145,0.712,0.356,1.414,0.634,2.081c0.278,0.679,0.623,1.325,1.024,1.926c0.401,0.612,0.868,1.18,1.38,1.692c0.512,0.512,1.08,0.979,1.692,1.38c0.601,0.401,1.247,0.746,1.926,1.024c0.668,0.278,1.369,0.501,2.081,0.634c0.712,0.145,1.447,0.223,2.17,0.223s1.458,-0.078,2.17,-0.223c0.712,-0.134,1.414,-0.356,2.093,-0.634c0.668,-0.278,1.313,-0.623,1.914,-1.024c0.612,-0.401,1.18,-0.868,1.692,-1.38c0.512,-0.512,0.979,-1.08,1.38,-1.692c0.401,-0.601,0.746,-1.247,1.024,-1.926c0.278,-0.668,0.501,-1.369,0.634,-2.081c0.145,-0.712,0.223,-1.447,0.223,-2.17C448.128,336.226,448.05,335.491,447.906,334.779z"">
   </path>
  </g>
 </g>
 <g>
  <g>
   <path d=""M281.172,225.646c6.147,0.0,11.13,-4.983,11.13,-11.13v-22.261c0.0,-18.412,-14.979,-33.391,-33.391,-33.391c-18.412,0.0,-33.391,14.979,-33.391,33.391v89.043c0.0,18.412,14.979,33.391,33.391,33.391s33.391,-14.979,33.391,-33.391c0.0,-6.147,-4.983,-11.13,-11.13,-11.13s-11.13,4.983,-11.13,11.13c0.0,6.137,-4.993,11.13,-11.13,11.13s-11.13,-4.993,-11.13,-11.13v-89.043c0.0,-6.137,4.993,-11.13,11.13,-11.13s11.13,4.993,11.13,11.13v22.261C270.041,220.663,275.024,225.646,281.172,225.646z"">
   </path>
  </g>
 </g>
 <g>
  <g>
   <path d=""M292.091,245.735c-0.145,-0.712,-0.367,-1.414,-0.646,-2.081c-0.278,-0.679,-0.623,-1.325,-1.024,-1.926c-0.401,-0.612,-0.868,-1.18,-1.38,-1.692c-0.512,-0.512,-1.08,-0.979,-1.692,-1.38c-0.601,-0.401,-1.247,-0.746,-1.926,-1.024c-0.668,-0.278,-1.369,-0.49,-2.081,-0.634c-1.436,-0.289,-2.905,-0.289,-4.341,0.0c-0.712,0.145,-1.414,0.356,-2.081,0.634c-0.679,0.278,-1.325,0.623,-1.926,1.024c-0.612,0.401,-1.18,0.868,-1.692,1.38c-0.512,0.512,-0.979,1.08,-1.38,1.692c-0.401,0.601,-0.746,1.247,-1.024,1.926c-0.278,0.668,-0.49,1.369,-0.634,2.081c-0.145,0.712,-0.223,1.447,-0.223,2.17c0.0,0.723,0.078,1.458,0.223,2.17c0.145,0.712,0.356,1.414,0.634,2.093c0.278,0.668,0.623,1.313,1.024,1.914c0.401,0.612,0.868,1.18,1.38,1.692c0.512,0.512,1.08,0.979,1.692,1.391c0.601,0.401,1.247,0.746,1.926,1.024c0.668,0.278,1.369,0.49,2.081,0.634s1.447,0.212,2.17,0.212c0.724,0.0,1.458,-0.067,2.17,-0.212s1.414,-0.356,2.081,-0.634c0.679,-0.278,1.325,-0.623,1.926,-1.024c0.612,-0.412,1.18,-0.879,1.692,-1.391c0.512,-0.512,0.979,-1.08,1.38,-1.692c0.401,-0.601,0.746,-1.247,1.024,-1.914c0.278,-0.679,0.501,-1.38,0.646,-2.093c0.145,-0.712,0.211,-1.447,0.211,-2.17C292.302,247.182,292.235,246.447,292.091,245.735z"">
   </path>
  </g>
 </g>
</svg>


Question: What is the object in the image?",Airplane,Car,Boat,Rocket,D,aerial_crafts
40,"Examine the following SVG code carefully and answer the question based on your interpretation of the rendered image.

<svg id=""Layer_1"" style=""enable-background:new 0 0 512 512;"" version=""1.1"" viewbox=""0 0 512 512"" x=""0px"" xml:space=""preserve"" y=""0px"">
 <path d=""M342.153,307.142v-5.608v-39.845v-85.103v-45.453c0.0,-54.538,-33.933,-101.116,-81.829,-119.861c-47.894,18.746,-81.831,65.324,-81.831,119.861v45.453v85.103v39.845v5.608v23.482v101.467v29.089c0.0,9.037,7.326,16.364,16.364,16.364h130.934c9.038,0.0,16.364,-7.326,16.364,-16.364v-29.089v-98.406"" style=""fill:#CAE9F7;"">
 </path>
 <g>
  <path d=""M260.323,93.675c-18.172,0.0,-32.906,14.733,-32.906,32.905h65.811C293.227,108.408,278.496,93.675,260.323,93.675z"" style=""fill:#578CAD;"">
  </path>
  <polyline points=""342.153,429.619 464.125,429.619 428.037,384.355 428.037,294.991 342.153,218.394"" style=""fill:#578CAD;"">
  </polyline>
  <polygon points=""92.608,384.355 92.608,294.991 178.493,218.394 178.493,429.619 56.519,429.619"" style=""fill:#578CAD;"">
  </polygon>
 </g>
 <path d=""M178.493,431.74v0.349v29.089c0.0,9.037,7.326,16.364,16.364,16.364h130.934c9.038,0.0,16.364,-7.326,16.364,-16.364v-29.089v-0.349H178.493z"" style=""fill:#90C8EC;"">
 </path>
 <g>
  <path d=""M260.323,85.591c-22.602,0.0,-40.99,18.388,-40.99,40.989c0.0,4.465,3.618,8.084,8.084,8.084h65.811c4.466,0.0,8.084,-3.62,8.084,-8.084C301.311,103.979,282.924,85.591,260.323,85.591zM236.853,118.496c3.361,-9.729,12.612,-16.736,23.47,-16.736c10.857,0.0,20.107,7.007,23.468,16.736H236.853z"" style=""fill:#231F20;"">
  </path>
  <path d=""M470.447,424.579L436.121,381.528v-86.536c0.0,-2.305,-0.983,-4.499,-2.703,-6.033l-83.181,-74.187v-83.639c0.0,-28.057,-8.438,-55.018,-24.401,-77.968c-15.589,-22.413,-37.224,-39.502,-62.566,-49.42c-1.895,-0.743,-3.998,-0.743,-5.893,0.0c-25.342,9.919,-46.977,27.008,-62.566,49.42c-15.965,22.952,-24.402,49.913,-24.402,77.968v83.639l-83.181,74.187c-1.72,1.534,-2.703,3.728,-2.703,6.033v86.536l-34.327,43.051c-1.936,2.427,-2.31,5.751,-0.963,8.548c1.347,2.798,4.178,4.577,7.283,4.577h113.889v23.477c0.0,13.48,10.968,24.448,24.448,24.448h57.383v21.475c0.0,4.465,3.618,8.084,8.084,8.084c4.466,0.0,8.084,-3.62,8.084,-8.084V485.627h57.382c13.48,0.0,24.448,-10.967,24.448,-24.448v-23.477h113.888c3.105,0.0,5.936,-1.779,7.283,-4.577C472.756,430.329,472.383,427.007,470.447,424.579zM98.93,389.395c1.141,-1.433,1.763,-3.209,1.763,-5.04v-85.742l69.716,-62.177v185.098H73.304L98.93,389.395zM194.856,469.459c-4.565,0.0,-8.279,-3.713,-8.279,-8.279v-21.355h65.662v29.633h-57.383V469.459zM334.068,461.18c0.0,4.565,-3.713,8.279,-8.279,8.279h-57.382v-29.633h65.661V461.18zM350.237,421.535v-87.851c0.0,-4.465,-3.618,-8.084,-8.084,-8.084c-4.466,0.0,-8.084,3.62,-8.084,8.084v89.973h-65.661v-71.524c0.0,-4.465,-3.618,-8.084,-8.084,-8.084s-8.084,3.62,-8.084,8.084v71.523h-65.662V218.393v-87.26c0.0,-48.943,28.838,-92.223,73.746,-111.136c44.907,18.913,73.745,62.192,73.745,111.136v176.009c0.0,4.465,3.618,8.084,8.084,8.084c4.466,0.0,8.084,-3.62,8.084,-8.084V236.437l69.716,62.177v85.742c0.0,1.831,0.622,3.608,1.763,5.04l25.624,32.139L350.237,421.535L350.237,421.535z"" style=""fill:#231F20;"">
  </path>
 </g>
 <g style=""opacity:0.2;"">
  <path d=""M219.43,473.232c-9.037,0.0,-16.364,-7.326,-16.364,-16.363v-29.089V326.313v-23.482v-5.608V257.377v-85.103v-45.453c0.0,-48.058,26.36,-89.924,65.393,-112.023c-2.666,-1.262,-5.374,-2.446,-8.136,-3.526c-47.894,18.746,-81.831,65.324,-81.831,119.861v45.453v85.103v39.845v5.608v23.482v101.467v29.089c0.0,9.037,7.326,16.364,16.364,16.364h130.934c4.261,0.0,8.129,-1.643,11.042,-4.312H219.43z"" style=""fill:#231F20;"">
  </path>
 </g>
 <g style=""opacity:0.2;"">
  <polygon points=""117.182,394.056 117.182,304.692 178.493,250.012 178.493,218.394 92.608,294.991 92.608,384.355 56.519,429.619 88.828,429.619"" style=""fill:#231F20;"">
  </polygon>
 </g>
</svg>


Question: What shape is the window on the object?",Square,Circle,Triangle,Semi-circle,D,aerial_crafts
41,"Examine the following SVG code carefully and answer the question based on your interpretation of the rendered image.

<svg id=""Layer_1"" style=""enable-background:new 0 0 512 512;"" version=""1.1"" viewbox=""0 0 512 512"" x=""0px"" xml:space=""preserve"" y=""0px"">
 <path d=""M342.153,307.142v-5.608v-39.845v-85.103v-45.453c0.0,-54.538,-33.933,-101.116,-81.829,-119.861c-47.894,18.746,-81.831,65.324,-81.831,119.861v45.453v85.103v39.845v5.608v23.482v101.467v29.089c0.0,9.037,7.326,16.364,16.364,16.364h130.934c9.038,0.0,16.364,-7.326,16.364,-16.364v-29.089v-98.406"" style=""fill:#CAE9F7;"">
 </path>
 <g>
  <path d=""M260.323,93.675c-18.172,0.0,-32.906,14.733,-32.906,32.905h65.811C293.227,108.408,278.496,93.675,260.323,93.675z"" style=""fill:#578CAD;"">
  </path>
  <polyline points=""342.153,429.619 464.125,429.619 428.037,384.355 428.037,294.991 342.153,218.394"" style=""fill:#578CAD;"">
  </polyline>
  <polygon points=""92.608,384.355 92.608,294.991 178.493,218.394 178.493,429.619 56.519,429.619"" style=""fill:#578CAD;"">
  </polygon>
 </g>
 <path d=""M178.493,431.74v0.349v29.089c0.0,9.037,7.326,16.364,16.364,16.364h130.934c9.038,0.0,16.364,-7.326,16.364,-16.364v-29.089v-0.349H178.493z"" style=""fill:#90C8EC;"">
 </path>
 <g>
  <path d=""M260.323,85.591c-22.602,0.0,-40.99,18.388,-40.99,40.989c0.0,4.465,3.618,8.084,8.084,8.084h65.811c4.466,0.0,8.084,-3.62,8.084,-8.084C301.311,103.979,282.924,85.591,260.323,85.591zM236.853,118.496c3.361,-9.729,12.612,-16.736,23.47,-16.736c10.857,0.0,20.107,7.007,23.468,16.736H236.853z"" style=""fill:#231F20;"">
  </path>
  <path d=""M470.447,424.579L436.121,381.528v-86.536c0.0,-2.305,-0.983,-4.499,-2.703,-6.033l-83.181,-74.187v-83.639c0.0,-28.057,-8.438,-55.018,-24.401,-77.968c-15.589,-22.413,-37.224,-39.502,-62.566,-49.42c-1.895,-0.743,-3.998,-0.743,-5.893,0.0c-25.342,9.919,-46.977,27.008,-62.566,49.42c-15.965,22.952,-24.402,49.913,-24.402,77.968v83.639l-83.181,74.187c-1.72,1.534,-2.703,3.728,-2.703,6.033v86.536l-34.327,43.051c-1.936,2.427,-2.31,5.751,-0.963,8.548c1.347,2.798,4.178,4.577,7.283,4.577h113.889v23.477c0.0,13.48,10.968,24.448,24.448,24.448h57.383v21.475c0.0,4.465,3.618,8.084,8.084,8.084c4.466,0.0,8.084,-3.62,8.084,-8.084V485.627h57.382c13.48,0.0,24.448,-10.967,24.448,-24.448v-23.477h113.888c3.105,0.0,5.936,-1.779,7.283,-4.577C472.756,430.329,472.383,427.007,470.447,424.579zM98.93,389.395c1.141,-1.433,1.763,-3.209,1.763,-5.04v-85.742l69.716,-62.177v185.098H73.304L98.93,389.395zM194.856,469.459c-4.565,0.0,-8.279,-3.713,-8.279,-8.279v-21.355h65.662v29.633h-57.383V469.459zM334.068,461.18c0.0,4.565,-3.713,8.279,-8.279,8.279h-57.382v-29.633h65.661V461.18zM350.237,421.535v-87.851c0.0,-4.465,-3.618,-8.084,-8.084,-8.084c-4.466,0.0,-8.084,3.62,-8.084,8.084v89.973h-65.661v-71.524c0.0,-4.465,-3.618,-8.084,-8.084,-8.084s-8.084,3.62,-8.084,8.084v71.523h-65.662V218.393v-87.26c0.0,-48.943,28.838,-92.223,73.746,-111.136c44.907,18.913,73.745,62.192,73.745,111.136v176.009c0.0,4.465,3.618,8.084,8.084,8.084c4.466,0.0,8.084,-3.62,8.084,-8.084V236.437l69.716,62.177v85.742c0.0,1.831,0.622,3.608,1.763,5.04l25.624,32.139L350.237,421.535L350.237,421.535z"" style=""fill:#231F20;"">
  </path>
 </g>
 <g style=""opacity:0.2;"">
  <path d=""M219.43,473.232c-9.037,0.0,-16.364,-7.326,-16.364,-16.363v-29.089V326.313v-23.482v-5.608V257.377v-85.103v-45.453c0.0,-48.058,26.36,-89.924,65.393,-112.023c-2.666,-1.262,-5.374,-2.446,-8.136,-3.526c-47.894,18.746,-81.831,65.324,-81.831,119.861v45.453v85.103v39.845v5.608v23.482v101.467v29.089c0.0,9.037,7.326,16.364,16.364,16.364h130.934c4.261,0.0,8.129,-1.643,11.042,-4.312H219.43z"" style=""fill:#231F20;"">
  </path>
 </g>
 <g style=""opacity:0.2;"">
  <polygon points=""117.182,394.056 117.182,304.692 178.493,250.012 178.493,218.394 92.608,294.991 92.608,384.355 56.519,429.619 88.828,429.619"" style=""fill:#231F20;"">
  </polygon>
 </g>
</svg>


Question: What color are the side fins of the object?",Red,Blue,Green,Yellow,B,aerial_crafts
42,"Examine the following SVG code carefully and answer the question based on your interpretation of the rendered image.

<svg id=""Layer_1"" style=""enable-background:new 0 0 512 512;"" version=""1.1"" viewbox=""0 0 512 512"" x=""0px"" xml:space=""preserve"" y=""0px"">
 <path d=""M342.153,307.142v-5.608v-39.845v-85.103v-45.453c0.0,-54.538,-33.933,-101.116,-81.829,-119.861c-47.894,18.746,-81.831,65.324,-81.831,119.861v45.453v85.103v39.845v5.608v23.482v101.467v29.089c0.0,9.037,7.326,16.364,16.364,16.364h130.934c9.038,0.0,16.364,-7.326,16.364,-16.364v-29.089v-98.406"" style=""fill:#CAE9F7;"">
 </path>
 <g>
  <path d=""M260.323,93.675c-18.172,0.0,-32.906,14.733,-32.906,32.905h65.811C293.227,108.408,278.496,93.675,260.323,93.675z"" style=""fill:#578CAD;"">
  </path>
  <polyline points=""342.153,429.619 464.125,429.619 428.037,384.355 428.037,294.991 342.153,218.394"" style=""fill:#578CAD;"">
  </polyline>
  <polygon points=""92.608,384.355 92.608,294.991 178.493,218.394 178.493,429.619 56.519,429.619"" style=""fill:#578CAD;"">
  </polygon>
 </g>
 <path d=""M178.493,431.74v0.349v29.089c0.0,9.037,7.326,16.364,16.364,16.364h130.934c9.038,0.0,16.364,-7.326,16.364,-16.364v-29.089v-0.349H178.493z"" style=""fill:#90C8EC;"">
 </path>
 <g>
  <path d=""M260.323,85.591c-22.602,0.0,-40.99,18.388,-40.99,40.989c0.0,4.465,3.618,8.084,8.084,8.084h65.811c4.466,0.0,8.084,-3.62,8.084,-8.084C301.311,103.979,282.924,85.591,260.323,85.591zM236.853,118.496c3.361,-9.729,12.612,-16.736,23.47,-16.736c10.857,0.0,20.107,7.007,23.468,16.736H236.853z"" style=""fill:#231F20;"">
  </path>
  <path d=""M470.447,424.579L436.121,381.528v-86.536c0.0,-2.305,-0.983,-4.499,-2.703,-6.033l-83.181,-74.187v-83.639c0.0,-28.057,-8.438,-55.018,-24.401,-77.968c-15.589,-22.413,-37.224,-39.502,-62.566,-49.42c-1.895,-0.743,-3.998,-0.743,-5.893,0.0c-25.342,9.919,-46.977,27.008,-62.566,49.42c-15.965,22.952,-24.402,49.913,-24.402,77.968v83.639l-83.181,74.187c-1.72,1.534,-2.703,3.728,-2.703,6.033v86.536l-34.327,43.051c-1.936,2.427,-2.31,5.751,-0.963,8.548c1.347,2.798,4.178,4.577,7.283,4.577h113.889v23.477c0.0,13.48,10.968,24.448,24.448,24.448h57.383v21.475c0.0,4.465,3.618,8.084,8.084,8.084c4.466,0.0,8.084,-3.62,8.084,-8.084V485.627h57.382c13.48,0.0,24.448,-10.967,24.448,-24.448v-23.477h113.888c3.105,0.0,5.936,-1.779,7.283,-4.577C472.756,430.329,472.383,427.007,470.447,424.579zM98.93,389.395c1.141,-1.433,1.763,-3.209,1.763,-5.04v-85.742l69.716,-62.177v185.098H73.304L98.93,389.395zM194.856,469.459c-4.565,0.0,-8.279,-3.713,-8.279,-8.279v-21.355h65.662v29.633h-57.383V469.459zM334.068,461.18c0.0,4.565,-3.713,8.279,-8.279,8.279h-57.382v-29.633h65.661V461.18zM350.237,421.535v-87.851c0.0,-4.465,-3.618,-8.084,-8.084,-8.084c-4.466,0.0,-8.084,3.62,-8.084,8.084v89.973h-65.661v-71.524c0.0,-4.465,-3.618,-8.084,-8.084,-8.084s-8.084,3.62,-8.084,8.084v71.523h-65.662V218.393v-87.26c0.0,-48.943,28.838,-92.223,73.746,-111.136c44.907,18.913,73.745,62.192,73.745,111.136v176.009c0.0,4.465,3.618,8.084,8.084,8.084c4.466,0.0,8.084,-3.62,8.084,-8.084V236.437l69.716,62.177v85.742c0.0,1.831,0.622,3.608,1.763,5.04l25.624,32.139L350.237,421.535L350.237,421.535z"" style=""fill:#231F20;"">
  </path>
 </g>
 <g style=""opacity:0.2;"">
  <path d=""M219.43,473.232c-9.037,0.0,-16.364,-7.326,-16.364,-16.363v-29.089V326.313v-23.482v-5.608V257.377v-85.103v-45.453c0.0,-48.058,26.36,-89.924,65.393,-112.023c-2.666,-1.262,-5.374,-2.446,-8.136,-3.526c-47.894,18.746,-81.831,65.324,-81.831,119.861v45.453v85.103v39.845v5.608v23.482v101.467v29.089c0.0,9.037,7.326,16.364,16.364,16.364h130.934c4.261,0.0,8.129,-1.643,11.042,-4.312H219.43z"" style=""fill:#231F20;"">
  </path>
 </g>
 <g style=""opacity:0.2;"">
  <polygon points=""117.182,394.056 117.182,304.692 178.493,250.012 178.493,218.394 92.608,294.991 92.608,384.355 56.519,429.619 88.828,429.619"" style=""fill:#231F20;"">
  </polygon>
 </g>
</svg>


Question: How many side fins does the object have?",One,Two,Three,Four,B,aerial_crafts
43,"Examine the following SVG code carefully and answer the question based on your interpretation of the rendered image.

<svg id=""Layer_1"" style=""enable-background:new 0 0 512 512;"" version=""1.1"" viewbox=""0 0 512 512"" x=""0px"" xml:space=""preserve"" y=""0px"">
 <path d=""M342.153,307.142v-5.608v-39.845v-85.103v-45.453c0.0,-54.538,-33.933,-101.116,-81.829,-119.861c-47.894,18.746,-81.831,65.324,-81.831,119.861v45.453v85.103v39.845v5.608v23.482v101.467v29.089c0.0,9.037,7.326,16.364,16.364,16.364h130.934c9.038,0.0,16.364,-7.326,16.364,-16.364v-29.089v-98.406"" style=""fill:#CAE9F7;"">
 </path>
 <g>
  <path d=""M260.323,93.675c-18.172,0.0,-32.906,14.733,-32.906,32.905h65.811C293.227,108.408,278.496,93.675,260.323,93.675z"" style=""fill:#578CAD;"">
  </path>
  <polyline points=""342.153,429.619 464.125,429.619 428.037,384.355 428.037,294.991 342.153,218.394"" style=""fill:#578CAD;"">
  </polyline>
  <polygon points=""92.608,384.355 92.608,294.991 178.493,218.394 178.493,429.619 56.519,429.619"" style=""fill:#578CAD;"">
  </polygon>
 </g>
 <path d=""M178.493,431.74v0.349v29.089c0.0,9.037,7.326,16.364,16.364,16.364h130.934c9.038,0.0,16.364,-7.326,16.364,-16.364v-29.089v-0.349H178.493z"" style=""fill:#90C8EC;"">
 </path>
 <g>
  <path d=""M260.323,85.591c-22.602,0.0,-40.99,18.388,-40.99,40.989c0.0,4.465,3.618,8.084,8.084,8.084h65.811c4.466,0.0,8.084,-3.62,8.084,-8.084C301.311,103.979,282.924,85.591,260.323,85.591zM236.853,118.496c3.361,-9.729,12.612,-16.736,23.47,-16.736c10.857,0.0,20.107,7.007,23.468,16.736H236.853z"" style=""fill:#231F20;"">
  </path>
  <path d=""M470.447,424.579L436.121,381.528v-86.536c0.0,-2.305,-0.983,-4.499,-2.703,-6.033l-83.181,-74.187v-83.639c0.0,-28.057,-8.438,-55.018,-24.401,-77.968c-15.589,-22.413,-37.224,-39.502,-62.566,-49.42c-1.895,-0.743,-3.998,-0.743,-5.893,0.0c-25.342,9.919,-46.977,27.008,-62.566,49.42c-15.965,22.952,-24.402,49.913,-24.402,77.968v83.639l-83.181,74.187c-1.72,1.534,-2.703,3.728,-2.703,6.033v86.536l-34.327,43.051c-1.936,2.427,-2.31,5.751,-0.963,8.548c1.347,2.798,4.178,4.577,7.283,4.577h113.889v23.477c0.0,13.48,10.968,24.448,24.448,24.448h57.383v21.475c0.0,4.465,3.618,8.084,8.084,8.084c4.466,0.0,8.084,-3.62,8.084,-8.084V485.627h57.382c13.48,0.0,24.448,-10.967,24.448,-24.448v-23.477h113.888c3.105,0.0,5.936,-1.779,7.283,-4.577C472.756,430.329,472.383,427.007,470.447,424.579zM98.93,389.395c1.141,-1.433,1.763,-3.209,1.763,-5.04v-85.742l69.716,-62.177v185.098H73.304L98.93,389.395zM194.856,469.459c-4.565,0.0,-8.279,-3.713,-8.279,-8.279v-21.355h65.662v29.633h-57.383V469.459zM334.068,461.18c0.0,4.565,-3.713,8.279,-8.279,8.279h-57.382v-29.633h65.661V461.18zM350.237,421.535v-87.851c0.0,-4.465,-3.618,-8.084,-8.084,-8.084c-4.466,0.0,-8.084,3.62,-8.084,8.084v89.973h-65.661v-71.524c0.0,-4.465,-3.618,-8.084,-8.084,-8.084s-8.084,3.62,-8.084,8.084v71.523h-65.662V218.393v-87.26c0.0,-48.943,28.838,-92.223,73.746,-111.136c44.907,18.913,73.745,62.192,73.745,111.136v176.009c0.0,4.465,3.618,8.084,8.084,8.084c4.466,0.0,8.084,-3.62,8.084,-8.084V236.437l69.716,62.177v85.742c0.0,1.831,0.622,3.608,1.763,5.04l25.624,32.139L350.237,421.535L350.237,421.535z"" style=""fill:#231F20;"">
  </path>
 </g>
 <g style=""opacity:0.2;"">
  <path d=""M219.43,473.232c-9.037,0.0,-16.364,-7.326,-16.364,-16.363v-29.089V326.313v-23.482v-5.608V257.377v-85.103v-45.453c0.0,-48.058,26.36,-89.924,65.393,-112.023c-2.666,-1.262,-5.374,-2.446,-8.136,-3.526c-47.894,18.746,-81.831,65.324,-81.831,119.861v45.453v85.103v39.845v5.608v23.482v101.467v29.089c0.0,9.037,7.326,16.364,16.364,16.364h130.934c4.261,0.0,8.129,-1.643,11.042,-4.312H219.43z"" style=""fill:#231F20;"">
  </path>
 </g>
 <g style=""opacity:0.2;"">
  <polygon points=""117.182,394.056 117.182,304.692 178.493,250.012 178.493,218.394 92.608,294.991 92.608,384.355 56.519,429.619 88.828,429.619"" style=""fill:#231F20;"">
  </polygon>
 </g>
</svg>


Question: What is the object in the image?",Car,Airplane,Submarine,Rocket,D,aerial_crafts
48,"Examine the following SVG code carefully and answer the question based on your interpretation of the rendered image.

<svg height=""470.926px"" id=""Capa_1"" style=""enable-background:new 0 0 470.926 470.926;"" version=""1.1"" viewbox=""0 0 470.926 470.926"" width=""470.926px"" x=""0px"" xml:space=""preserve"" y=""0px"">
 <g>
  <g>
   <path d=""M475.2,224.156c0.0,0.0,-39.032,6.774,-90.992,12.992c-5.683,-11.147,-17.152,-18.879,-30.488,-18.879c-7.322,0.0,-14.078,2.339,-19.652,6.256c-0.076,-2.112,-1.775,-3.807,-3.899,-3.807h-3.928v-9.137c0.0,-3.627,-2.938,-22.263,-6.56,-22.263h-2.585c-3.619,0.0,-6.557,18.636,-6.557,22.263v9.137h-62.8v-16.987c0.0,-3.627,-2.938,-22.263,-6.564,-22.263h-2.583c-3.619,0.0,-6.556,18.636,-6.556,22.263v16.987H169.233v-9.137c0.0,-3.627,-2.936,-22.263,-6.562,-22.263h-2.583c-3.619,0.0,-6.557,18.636,-6.557,22.263v9.137h-3.925c-2.126,0.0,-3.829,1.695,-3.901,3.799c-5.583,-3.917,-12.331,-6.256,-19.648,-6.256c-13.349,0.0,-24.81,7.732,-30.491,18.879c-51.97,-6.217,-90.995,-12.984,-90.995,-12.984c-2.953,11.535,38.427,20.682,87.25,27.426c-0.008,0.354,-0.104,0.674,-0.104,1.026c0.0,18.939,15.411,34.348,34.346,34.348c12.812,0.0,23.882,-7.129,29.785,-17.564c3.956,14.591,17.192,25.415,33.02,25.415c15.424,0.0,28.36,-10.295,32.681,-24.325c4.622,7.338,10.756,13.04,17.492,13.04c7.292,0.0,13.888,-6.656,18.624,-14.871c3.695,14.979,17.156,26.156,33.25,26.156c15.821,0.0,29.062,-10.824,33.018,-25.423c5.902,10.427,16.967,17.572,29.787,17.572c18.935,0.0,34.344,-15.408,34.344,-34.348c0.0,-0.353,-0.101,-0.689,-0.108,-1.042C436.781,244.838,478.158,235.683,475.2,224.156zM329.254,228.568c-1.102,1.124,-2.063,2.376,-3.014,3.651v-3.651H329.254zM310.539,228.568v3.783c-2.191,-1.528,-4.56,-2.785,-7.073,-3.783H310.539zM278.355,228.568c-5.586,2.208,-10.371,5.873,-14.09,10.487c-1.158,-4.009,-3.442,-7.62,-6.641,-10.487H278.355zM232.421,231.788c0.05,0.15,0.042,0.322,0.096,0.469c1.992,-0.775,4.192,-1.23,6.524,-1.23c2.863,0.0,5.519,0.711,7.856,1.865c0.068,-0.13,0.112,-0.278,0.172,-0.413c4.829,2.391,8.136,4.043,8.136,11.798h-32.33C222.875,236.465,226.8,233.986,232.421,231.788zM232.036,229.857c0.0,0.479,0.166,0.894,0.269,1.342C232.156,230.808,232.036,230.455,232.036,229.857zM220.448,228.568c-2.809,2.511,-4.867,5.621,-6.135,9.042c-3.535,-3.933,-7.9,-7.071,-12.9,-9.042H220.448zM176.306,228.568c-2.519,0.998,-4.891,2.254,-7.073,3.783v-3.783H176.306zM153.532,228.568v3.651c-0.941,-1.263,-1.907,-2.519,-3.011,-3.651H153.532zM126.057,279.106c-14.587,0.0,-26.449,-11.838,-26.489,-26.417c6.696,0.396,6.158,0.798,9.281,1.179c-0.03,-0.421,0.361,-0.822,0.361,-1.259c0.0,-5.35,2.561,-10.075,6.47,-13.168c-3.825,-0.415,-8.042,-0.839,-11.795,-1.262c0.008,-0.014,0.02,-0.034,0.036,-0.048c4.741,-7.216,12.872,-12.011,22.137,-12.011c11.169,0.0,20.702,6.973,24.585,16.771c-3.949,-0.347,-7.875,-0.709,-11.768,-1.078c2.477,2.934,4.027,6.672,4.027,10.796c0.0,1.735,-0.336,3.374,-0.824,4.938c3.282,0.341,6.532,0.661,9.752,0.981C149.128,270.289,138.625,279.106,126.057,279.106zM188.86,286.956c-14.609,0.0,-26.495,-11.882,-26.495,-26.497c0.0,-0.305,0.076,-0.598,0.096,-0.918c3.238,0.305,6.42,0.598,9.56,0.874c0.022,-6.709,4.014,-12.476,9.716,-15.156c-4.577,-0.292,-9.153,-0.613,-13.717,-0.958c4.849,-6.241,12.339,-10.331,20.84,-10.331c9.58,0.0,17.905,5.156,22.562,12.784c-4.568,-0.16,-9.161,-0.369,-13.775,-0.59c4.809,2.966,8.061,8.24,8.061,14.295c0.0,0.938,-0.126,1.819,-0.276,2.709c3.393,0.252,6.596,0.489,9.58,0.705C213.315,276.85,202.306,286.956,188.86,286.956zM290.915,286.956c-13.449,0.0,-24.457,-10.091,-26.152,-23.083c2.985,-0.216,6.188,-0.453,9.578,-0.705c-0.141,-0.89,-0.277,-1.771,-0.277,-2.709c0.0,-6.055,3.242,-11.329,8.067,-14.295c-4.616,0.221,-9.209,0.43,-13.777,0.59c4.652,-7.628,12.979,-12.784,22.562,-12.784c8.5,0.0,15.989,4.09,20.839,10.331c-4.564,0.345,-9.142,0.657,-13.718,0.958c5.711,2.681,9.698,8.447,9.714,15.156c3.142,-0.276,6.324,-0.569,9.558,-0.874c0.009,0.32,0.101,0.613,0.101,0.918C317.408,275.074,305.518,286.956,290.915,286.956zM353.719,279.106c-12.575,0.0,-23.079,-8.816,-25.776,-20.578c3.227,-0.305,6.477,-0.641,9.75,-0.966c-0.488,-1.571,-0.825,-3.21,-0.825,-4.937c0.0,-4.132,1.555,-7.867,4.031,-10.805c-3.903,0.367,-7.818,0.731,-11.77,1.076c3.879,-9.804,13.417,-16.769,24.59,-16.769c9.257,0.0,17.392,4.787,22.129,12.008c0.008,0.02,0.016,0.034,0.04,0.058c-3.743,0.425,-7.727,0.847,-11.554,1.264c3.911,3.086,6.224,7.809,6.224,13.167c0.0,0.437,0.393,0.837,0.36,1.258c3.13,-0.385,2.577,-0.781,9.285,-1.183C380.169,267.268,368.298,279.106,353.719,279.106z"">
   </path>
   <path d=""M131.868,241.129c-1.751,-0.888,-3.707,-1.437,-5.811,-1.437c-1.178,0.0,-2.292,0.203,-3.37,0.503c-5.486,1.491,-9.546,6.466,-9.546,12.413c0.0,0.602,0.096,1.166,0.174,1.743c0.854,6.3,6.202,11.185,12.748,11.185c5.536,0.0,10.225,-3.498,12.068,-8.403c0.533,-1.41,0.854,-2.93,0.854,-4.524C138.977,247.575,136.064,243.265,131.868,241.129z"">
   </path>
   <path d=""M188.86,247.543c-7.137,0.0,-12.922,5.787,-12.922,12.916c0.0,0.108,0.03,0.2,0.03,0.309c0.167,6.993,5.857,12.619,12.892,12.619c6.314,0.0,11.549,-4.532,12.68,-10.52c0.146,-0.781,0.242,-1.578,0.242,-2.408C201.781,253.33,195.997,247.543,188.86,247.543z"">
   </path>
   <path d=""M357.082,240.188c-1.078,-0.292,-2.2,-0.503,-3.362,-0.503c-2.112,0.0,-4.063,0.549,-5.815,1.438c-4.199,2.134,-7.112,6.444,-7.112,11.485c0.0,1.595,0.328,3.105,0.857,4.524c1.835,4.893,6.523,8.396,12.062,8.396c6.535,0.0,11.89,-4.885,12.747,-11.185c0.076,-0.577,0.169,-1.134,0.169,-1.735C366.635,246.646,362.58,241.678,357.082,240.188z"">
   </path>
   <path d=""M290.915,247.543c-7.137,0.0,-12.928,5.787,-12.928,12.916c0.0,0.83,0.1,1.627,0.248,2.408c1.126,5.979,6.364,10.52,12.68,10.52c7.029,0.0,12.728,-5.626,12.888,-12.619c0.0,-0.108,0.028,-0.2,0.028,-0.309C303.831,253.33,298.052,247.543,290.915,247.543z"">
   </path>
  </g>
 </g>
</svg>


Question: How many engines are visible on the object?",2,3,4,5,C,aerial_crafts
49,"Examine the following SVG code carefully and answer the question based on your interpretation of the rendered image.

<svg height=""470.926px"" id=""Capa_1"" style=""enable-background:new 0 0 470.926 470.926;"" version=""1.1"" viewbox=""0 0 470.926 470.926"" width=""470.926px"" x=""0px"" xml:space=""preserve"" y=""0px"">
 <g>
  <g>
   <path d=""M475.2,224.156c0.0,0.0,-39.032,6.774,-90.992,12.992c-5.683,-11.147,-17.152,-18.879,-30.488,-18.879c-7.322,0.0,-14.078,2.339,-19.652,6.256c-0.076,-2.112,-1.775,-3.807,-3.899,-3.807h-3.928v-9.137c0.0,-3.627,-2.938,-22.263,-6.56,-22.263h-2.585c-3.619,0.0,-6.557,18.636,-6.557,22.263v9.137h-62.8v-16.987c0.0,-3.627,-2.938,-22.263,-6.564,-22.263h-2.583c-3.619,0.0,-6.556,18.636,-6.556,22.263v16.987H169.233v-9.137c0.0,-3.627,-2.936,-22.263,-6.562,-22.263h-2.583c-3.619,0.0,-6.557,18.636,-6.557,22.263v9.137h-3.925c-2.126,0.0,-3.829,1.695,-3.901,3.799c-5.583,-3.917,-12.331,-6.256,-19.648,-6.256c-13.349,0.0,-24.81,7.732,-30.491,18.879c-51.97,-6.217,-90.995,-12.984,-90.995,-12.984c-2.953,11.535,38.427,20.682,87.25,27.426c-0.008,0.354,-0.104,0.674,-0.104,1.026c0.0,18.939,15.411,34.348,34.346,34.348c12.812,0.0,23.882,-7.129,29.785,-17.564c3.956,14.591,17.192,25.415,33.02,25.415c15.424,0.0,28.36,-10.295,32.681,-24.325c4.622,7.338,10.756,13.04,17.492,13.04c7.292,0.0,13.888,-6.656,18.624,-14.871c3.695,14.979,17.156,26.156,33.25,26.156c15.821,0.0,29.062,-10.824,33.018,-25.423c5.902,10.427,16.967,17.572,29.787,17.572c18.935,0.0,34.344,-15.408,34.344,-34.348c0.0,-0.353,-0.101,-0.689,-0.108,-1.042C436.781,244.838,478.158,235.683,475.2,224.156zM329.254,228.568c-1.102,1.124,-2.063,2.376,-3.014,3.651v-3.651H329.254zM310.539,228.568v3.783c-2.191,-1.528,-4.56,-2.785,-7.073,-3.783H310.539zM278.355,228.568c-5.586,2.208,-10.371,5.873,-14.09,10.487c-1.158,-4.009,-3.442,-7.62,-6.641,-10.487H278.355zM232.421,231.788c0.05,0.15,0.042,0.322,0.096,0.469c1.992,-0.775,4.192,-1.23,6.524,-1.23c2.863,0.0,5.519,0.711,7.856,1.865c0.068,-0.13,0.112,-0.278,0.172,-0.413c4.829,2.391,8.136,4.043,8.136,11.798h-32.33C222.875,236.465,226.8,233.986,232.421,231.788zM232.036,229.857c0.0,0.479,0.166,0.894,0.269,1.342C232.156,230.808,232.036,230.455,232.036,229.857zM220.448,228.568c-2.809,2.511,-4.867,5.621,-6.135,9.042c-3.535,-3.933,-7.9,-7.071,-12.9,-9.042H220.448zM176.306,228.568c-2.519,0.998,-4.891,2.254,-7.073,3.783v-3.783H176.306zM153.532,228.568v3.651c-0.941,-1.263,-1.907,-2.519,-3.011,-3.651H153.532zM126.057,279.106c-14.587,0.0,-26.449,-11.838,-26.489,-26.417c6.696,0.396,6.158,0.798,9.281,1.179c-0.03,-0.421,0.361,-0.822,0.361,-1.259c0.0,-5.35,2.561,-10.075,6.47,-13.168c-3.825,-0.415,-8.042,-0.839,-11.795,-1.262c0.008,-0.014,0.02,-0.034,0.036,-0.048c4.741,-7.216,12.872,-12.011,22.137,-12.011c11.169,0.0,20.702,6.973,24.585,16.771c-3.949,-0.347,-7.875,-0.709,-11.768,-1.078c2.477,2.934,4.027,6.672,4.027,10.796c0.0,1.735,-0.336,3.374,-0.824,4.938c3.282,0.341,6.532,0.661,9.752,0.981C149.128,270.289,138.625,279.106,126.057,279.106zM188.86,286.956c-14.609,0.0,-26.495,-11.882,-26.495,-26.497c0.0,-0.305,0.076,-0.598,0.096,-0.918c3.238,0.305,6.42,0.598,9.56,0.874c0.022,-6.709,4.014,-12.476,9.716,-15.156c-4.577,-0.292,-9.153,-0.613,-13.717,-0.958c4.849,-6.241,12.339,-10.331,20.84,-10.331c9.58,0.0,17.905,5.156,22.562,12.784c-4.568,-0.16,-9.161,-0.369,-13.775,-0.59c4.809,2.966,8.061,8.24,8.061,14.295c0.0,0.938,-0.126,1.819,-0.276,2.709c3.393,0.252,6.596,0.489,9.58,0.705C213.315,276.85,202.306,286.956,188.86,286.956zM290.915,286.956c-13.449,0.0,-24.457,-10.091,-26.152,-23.083c2.985,-0.216,6.188,-0.453,9.578,-0.705c-0.141,-0.89,-0.277,-1.771,-0.277,-2.709c0.0,-6.055,3.242,-11.329,8.067,-14.295c-4.616,0.221,-9.209,0.43,-13.777,0.59c4.652,-7.628,12.979,-12.784,22.562,-12.784c8.5,0.0,15.989,4.09,20.839,10.331c-4.564,0.345,-9.142,0.657,-13.718,0.958c5.711,2.681,9.698,8.447,9.714,15.156c3.142,-0.276,6.324,-0.569,9.558,-0.874c0.009,0.32,0.101,0.613,0.101,0.918C317.408,275.074,305.518,286.956,290.915,286.956zM353.719,279.106c-12.575,0.0,-23.079,-8.816,-25.776,-20.578c3.227,-0.305,6.477,-0.641,9.75,-0.966c-0.488,-1.571,-0.825,-3.21,-0.825,-4.937c0.0,-4.132,1.555,-7.867,4.031,-10.805c-3.903,0.367,-7.818,0.731,-11.77,1.076c3.879,-9.804,13.417,-16.769,24.59,-16.769c9.257,0.0,17.392,4.787,22.129,12.008c0.008,0.02,0.016,0.034,0.04,0.058c-3.743,0.425,-7.727,0.847,-11.554,1.264c3.911,3.086,6.224,7.809,6.224,13.167c0.0,0.437,0.393,0.837,0.36,1.258c3.13,-0.385,2.577,-0.781,9.285,-1.183C380.169,267.268,368.298,279.106,353.719,279.106z"">
   </path>
   <path d=""M131.868,241.129c-1.751,-0.888,-3.707,-1.437,-5.811,-1.437c-1.178,0.0,-2.292,0.203,-3.37,0.503c-5.486,1.491,-9.546,6.466,-9.546,12.413c0.0,0.602,0.096,1.166,0.174,1.743c0.854,6.3,6.202,11.185,12.748,11.185c5.536,0.0,10.225,-3.498,12.068,-8.403c0.533,-1.41,0.854,-2.93,0.854,-4.524C138.977,247.575,136.064,243.265,131.868,241.129z"">
   </path>
   <path d=""M188.86,247.543c-7.137,0.0,-12.922,5.787,-12.922,12.916c0.0,0.108,0.03,0.2,0.03,0.309c0.167,6.993,5.857,12.619,12.892,12.619c6.314,0.0,11.549,-4.532,12.68,-10.52c0.146,-0.781,0.242,-1.578,0.242,-2.408C201.781,253.33,195.997,247.543,188.86,247.543z"">
   </path>
   <path d=""M357.082,240.188c-1.078,-0.292,-2.2,-0.503,-3.362,-0.503c-2.112,0.0,-4.063,0.549,-5.815,1.438c-4.199,2.134,-7.112,6.444,-7.112,11.485c0.0,1.595,0.328,3.105,0.857,4.524c1.835,4.893,6.523,8.396,12.062,8.396c6.535,0.0,11.89,-4.885,12.747,-11.185c0.076,-0.577,0.169,-1.134,0.169,-1.735C366.635,246.646,362.58,241.678,357.082,240.188z"">
   </path>
   <path d=""M290.915,247.543c-7.137,0.0,-12.928,5.787,-12.928,12.916c0.0,0.83,0.1,1.627,0.248,2.408c1.126,5.979,6.364,10.52,12.68,10.52c7.029,0.0,12.728,-5.626,12.888,-12.619c0.0,-0.108,0.028,-0.2,0.028,-0.309C303.831,253.33,298.052,247.543,290.915,247.543z"">
   </path>
  </g>
 </g>
</svg>


Question: What shape are the windows on the object?",Square,Circular,Triangular,Rectangular,B,aerial_crafts
50,"Examine the following SVG code carefully and answer the question based on your interpretation of the rendered image.

<svg height=""470.926px"" id=""Capa_1"" style=""enable-background:new 0 0 470.926 470.926;"" version=""1.1"" viewbox=""0 0 470.926 470.926"" width=""470.926px"" x=""0px"" xml:space=""preserve"" y=""0px"">
 <g>
  <g>
   <path d=""M475.2,224.156c0.0,0.0,-39.032,6.774,-90.992,12.992c-5.683,-11.147,-17.152,-18.879,-30.488,-18.879c-7.322,0.0,-14.078,2.339,-19.652,6.256c-0.076,-2.112,-1.775,-3.807,-3.899,-3.807h-3.928v-9.137c0.0,-3.627,-2.938,-22.263,-6.56,-22.263h-2.585c-3.619,0.0,-6.557,18.636,-6.557,22.263v9.137h-62.8v-16.987c0.0,-3.627,-2.938,-22.263,-6.564,-22.263h-2.583c-3.619,0.0,-6.556,18.636,-6.556,22.263v16.987H169.233v-9.137c0.0,-3.627,-2.936,-22.263,-6.562,-22.263h-2.583c-3.619,0.0,-6.557,18.636,-6.557,22.263v9.137h-3.925c-2.126,0.0,-3.829,1.695,-3.901,3.799c-5.583,-3.917,-12.331,-6.256,-19.648,-6.256c-13.349,0.0,-24.81,7.732,-30.491,18.879c-51.97,-6.217,-90.995,-12.984,-90.995,-12.984c-2.953,11.535,38.427,20.682,87.25,27.426c-0.008,0.354,-0.104,0.674,-0.104,1.026c0.0,18.939,15.411,34.348,34.346,34.348c12.812,0.0,23.882,-7.129,29.785,-17.564c3.956,14.591,17.192,25.415,33.02,25.415c15.424,0.0,28.36,-10.295,32.681,-24.325c4.622,7.338,10.756,13.04,17.492,13.04c7.292,0.0,13.888,-6.656,18.624,-14.871c3.695,14.979,17.156,26.156,33.25,26.156c15.821,0.0,29.062,-10.824,33.018,-25.423c5.902,10.427,16.967,17.572,29.787,17.572c18.935,0.0,34.344,-15.408,34.344,-34.348c0.0,-0.353,-0.101,-0.689,-0.108,-1.042C436.781,244.838,478.158,235.683,475.2,224.156zM329.254,228.568c-1.102,1.124,-2.063,2.376,-3.014,3.651v-3.651H329.254zM310.539,228.568v3.783c-2.191,-1.528,-4.56,-2.785,-7.073,-3.783H310.539zM278.355,228.568c-5.586,2.208,-10.371,5.873,-14.09,10.487c-1.158,-4.009,-3.442,-7.62,-6.641,-10.487H278.355zM232.421,231.788c0.05,0.15,0.042,0.322,0.096,0.469c1.992,-0.775,4.192,-1.23,6.524,-1.23c2.863,0.0,5.519,0.711,7.856,1.865c0.068,-0.13,0.112,-0.278,0.172,-0.413c4.829,2.391,8.136,4.043,8.136,11.798h-32.33C222.875,236.465,226.8,233.986,232.421,231.788zM232.036,229.857c0.0,0.479,0.166,0.894,0.269,1.342C232.156,230.808,232.036,230.455,232.036,229.857zM220.448,228.568c-2.809,2.511,-4.867,5.621,-6.135,9.042c-3.535,-3.933,-7.9,-7.071,-12.9,-9.042H220.448zM176.306,228.568c-2.519,0.998,-4.891,2.254,-7.073,3.783v-3.783H176.306zM153.532,228.568v3.651c-0.941,-1.263,-1.907,-2.519,-3.011,-3.651H153.532zM126.057,279.106c-14.587,0.0,-26.449,-11.838,-26.489,-26.417c6.696,0.396,6.158,0.798,9.281,1.179c-0.03,-0.421,0.361,-0.822,0.361,-1.259c0.0,-5.35,2.561,-10.075,6.47,-13.168c-3.825,-0.415,-8.042,-0.839,-11.795,-1.262c0.008,-0.014,0.02,-0.034,0.036,-0.048c4.741,-7.216,12.872,-12.011,22.137,-12.011c11.169,0.0,20.702,6.973,24.585,16.771c-3.949,-0.347,-7.875,-0.709,-11.768,-1.078c2.477,2.934,4.027,6.672,4.027,10.796c0.0,1.735,-0.336,3.374,-0.824,4.938c3.282,0.341,6.532,0.661,9.752,0.981C149.128,270.289,138.625,279.106,126.057,279.106zM188.86,286.956c-14.609,0.0,-26.495,-11.882,-26.495,-26.497c0.0,-0.305,0.076,-0.598,0.096,-0.918c3.238,0.305,6.42,0.598,9.56,0.874c0.022,-6.709,4.014,-12.476,9.716,-15.156c-4.577,-0.292,-9.153,-0.613,-13.717,-0.958c4.849,-6.241,12.339,-10.331,20.84,-10.331c9.58,0.0,17.905,5.156,22.562,12.784c-4.568,-0.16,-9.161,-0.369,-13.775,-0.59c4.809,2.966,8.061,8.24,8.061,14.295c0.0,0.938,-0.126,1.819,-0.276,2.709c3.393,0.252,6.596,0.489,9.58,0.705C213.315,276.85,202.306,286.956,188.86,286.956zM290.915,286.956c-13.449,0.0,-24.457,-10.091,-26.152,-23.083c2.985,-0.216,6.188,-0.453,9.578,-0.705c-0.141,-0.89,-0.277,-1.771,-0.277,-2.709c0.0,-6.055,3.242,-11.329,8.067,-14.295c-4.616,0.221,-9.209,0.43,-13.777,0.59c4.652,-7.628,12.979,-12.784,22.562,-12.784c8.5,0.0,15.989,4.09,20.839,10.331c-4.564,0.345,-9.142,0.657,-13.718,0.958c5.711,2.681,9.698,8.447,9.714,15.156c3.142,-0.276,6.324,-0.569,9.558,-0.874c0.009,0.32,0.101,0.613,0.101,0.918C317.408,275.074,305.518,286.956,290.915,286.956zM353.719,279.106c-12.575,0.0,-23.079,-8.816,-25.776,-20.578c3.227,-0.305,6.477,-0.641,9.75,-0.966c-0.488,-1.571,-0.825,-3.21,-0.825,-4.937c0.0,-4.132,1.555,-7.867,4.031,-10.805c-3.903,0.367,-7.818,0.731,-11.77,1.076c3.879,-9.804,13.417,-16.769,24.59,-16.769c9.257,0.0,17.392,4.787,22.129,12.008c0.008,0.02,0.016,0.034,0.04,0.058c-3.743,0.425,-7.727,0.847,-11.554,1.264c3.911,3.086,6.224,7.809,6.224,13.167c0.0,0.437,0.393,0.837,0.36,1.258c3.13,-0.385,2.577,-0.781,9.285,-1.183C380.169,267.268,368.298,279.106,353.719,279.106z"">
   </path>
   <path d=""M131.868,241.129c-1.751,-0.888,-3.707,-1.437,-5.811,-1.437c-1.178,0.0,-2.292,0.203,-3.37,0.503c-5.486,1.491,-9.546,6.466,-9.546,12.413c0.0,0.602,0.096,1.166,0.174,1.743c0.854,6.3,6.202,11.185,12.748,11.185c5.536,0.0,10.225,-3.498,12.068,-8.403c0.533,-1.41,0.854,-2.93,0.854,-4.524C138.977,247.575,136.064,243.265,131.868,241.129z"">
   </path>
   <path d=""M188.86,247.543c-7.137,0.0,-12.922,5.787,-12.922,12.916c0.0,0.108,0.03,0.2,0.03,0.309c0.167,6.993,5.857,12.619,12.892,12.619c6.314,0.0,11.549,-4.532,12.68,-10.52c0.146,-0.781,0.242,-1.578,0.242,-2.408C201.781,253.33,195.997,247.543,188.86,247.543z"">
   </path>
   <path d=""M357.082,240.188c-1.078,-0.292,-2.2,-0.503,-3.362,-0.503c-2.112,0.0,-4.063,0.549,-5.815,1.438c-4.199,2.134,-7.112,6.444,-7.112,11.485c0.0,1.595,0.328,3.105,0.857,4.524c1.835,4.893,6.523,8.396,12.062,8.396c6.535,0.0,11.89,-4.885,12.747,-11.185c0.076,-0.577,0.169,-1.134,0.169,-1.735C366.635,246.646,362.58,241.678,357.082,240.188z"">
   </path>
   <path d=""M290.915,247.543c-7.137,0.0,-12.928,5.787,-12.928,12.916c0.0,0.83,0.1,1.627,0.248,2.408c1.126,5.979,6.364,10.52,12.68,10.52c7.029,0.0,12.728,-5.626,12.888,-12.619c0.0,-0.108,0.028,-0.2,0.028,-0.309C303.831,253.33,298.052,247.543,290.915,247.543z"">
   </path>
  </g>
 </g>
</svg>


Question: How many wings does the object have?",2,1,3,4,A,aerial_crafts
51,"Examine the following SVG code carefully and answer the question based on your interpretation of the rendered image.

<svg height=""470.926px"" id=""Capa_1"" style=""enable-background:new 0 0 470.926 470.926;"" version=""1.1"" viewbox=""0 0 470.926 470.926"" width=""470.926px"" x=""0px"" xml:space=""preserve"" y=""0px"">
 <g>
  <g>
   <path d=""M475.2,224.156c0.0,0.0,-39.032,6.774,-90.992,12.992c-5.683,-11.147,-17.152,-18.879,-30.488,-18.879c-7.322,0.0,-14.078,2.339,-19.652,6.256c-0.076,-2.112,-1.775,-3.807,-3.899,-3.807h-3.928v-9.137c0.0,-3.627,-2.938,-22.263,-6.56,-22.263h-2.585c-3.619,0.0,-6.557,18.636,-6.557,22.263v9.137h-62.8v-16.987c0.0,-3.627,-2.938,-22.263,-6.564,-22.263h-2.583c-3.619,0.0,-6.556,18.636,-6.556,22.263v16.987H169.233v-9.137c0.0,-3.627,-2.936,-22.263,-6.562,-22.263h-2.583c-3.619,0.0,-6.557,18.636,-6.557,22.263v9.137h-3.925c-2.126,0.0,-3.829,1.695,-3.901,3.799c-5.583,-3.917,-12.331,-6.256,-19.648,-6.256c-13.349,0.0,-24.81,7.732,-30.491,18.879c-51.97,-6.217,-90.995,-12.984,-90.995,-12.984c-2.953,11.535,38.427,20.682,87.25,27.426c-0.008,0.354,-0.104,0.674,-0.104,1.026c0.0,18.939,15.411,34.348,34.346,34.348c12.812,0.0,23.882,-7.129,29.785,-17.564c3.956,14.591,17.192,25.415,33.02,25.415c15.424,0.0,28.36,-10.295,32.681,-24.325c4.622,7.338,10.756,13.04,17.492,13.04c7.292,0.0,13.888,-6.656,18.624,-14.871c3.695,14.979,17.156,26.156,33.25,26.156c15.821,0.0,29.062,-10.824,33.018,-25.423c5.902,10.427,16.967,17.572,29.787,17.572c18.935,0.0,34.344,-15.408,34.344,-34.348c0.0,-0.353,-0.101,-0.689,-0.108,-1.042C436.781,244.838,478.158,235.683,475.2,224.156zM329.254,228.568c-1.102,1.124,-2.063,2.376,-3.014,3.651v-3.651H329.254zM310.539,228.568v3.783c-2.191,-1.528,-4.56,-2.785,-7.073,-3.783H310.539zM278.355,228.568c-5.586,2.208,-10.371,5.873,-14.09,10.487c-1.158,-4.009,-3.442,-7.62,-6.641,-10.487H278.355zM232.421,231.788c0.05,0.15,0.042,0.322,0.096,0.469c1.992,-0.775,4.192,-1.23,6.524,-1.23c2.863,0.0,5.519,0.711,7.856,1.865c0.068,-0.13,0.112,-0.278,0.172,-0.413c4.829,2.391,8.136,4.043,8.136,11.798h-32.33C222.875,236.465,226.8,233.986,232.421,231.788zM232.036,229.857c0.0,0.479,0.166,0.894,0.269,1.342C232.156,230.808,232.036,230.455,232.036,229.857zM220.448,228.568c-2.809,2.511,-4.867,5.621,-6.135,9.042c-3.535,-3.933,-7.9,-7.071,-12.9,-9.042H220.448zM176.306,228.568c-2.519,0.998,-4.891,2.254,-7.073,3.783v-3.783H176.306zM153.532,228.568v3.651c-0.941,-1.263,-1.907,-2.519,-3.011,-3.651H153.532zM126.057,279.106c-14.587,0.0,-26.449,-11.838,-26.489,-26.417c6.696,0.396,6.158,0.798,9.281,1.179c-0.03,-0.421,0.361,-0.822,0.361,-1.259c0.0,-5.35,2.561,-10.075,6.47,-13.168c-3.825,-0.415,-8.042,-0.839,-11.795,-1.262c0.008,-0.014,0.02,-0.034,0.036,-0.048c4.741,-7.216,12.872,-12.011,22.137,-12.011c11.169,0.0,20.702,6.973,24.585,16.771c-3.949,-0.347,-7.875,-0.709,-11.768,-1.078c2.477,2.934,4.027,6.672,4.027,10.796c0.0,1.735,-0.336,3.374,-0.824,4.938c3.282,0.341,6.532,0.661,9.752,0.981C149.128,270.289,138.625,279.106,126.057,279.106zM188.86,286.956c-14.609,0.0,-26.495,-11.882,-26.495,-26.497c0.0,-0.305,0.076,-0.598,0.096,-0.918c3.238,0.305,6.42,0.598,9.56,0.874c0.022,-6.709,4.014,-12.476,9.716,-15.156c-4.577,-0.292,-9.153,-0.613,-13.717,-0.958c4.849,-6.241,12.339,-10.331,20.84,-10.331c9.58,0.0,17.905,5.156,22.562,12.784c-4.568,-0.16,-9.161,-0.369,-13.775,-0.59c4.809,2.966,8.061,8.24,8.061,14.295c0.0,0.938,-0.126,1.819,-0.276,2.709c3.393,0.252,6.596,0.489,9.58,0.705C213.315,276.85,202.306,286.956,188.86,286.956zM290.915,286.956c-13.449,0.0,-24.457,-10.091,-26.152,-23.083c2.985,-0.216,6.188,-0.453,9.578,-0.705c-0.141,-0.89,-0.277,-1.771,-0.277,-2.709c0.0,-6.055,3.242,-11.329,8.067,-14.295c-4.616,0.221,-9.209,0.43,-13.777,0.59c4.652,-7.628,12.979,-12.784,22.562,-12.784c8.5,0.0,15.989,4.09,20.839,10.331c-4.564,0.345,-9.142,0.657,-13.718,0.958c5.711,2.681,9.698,8.447,9.714,15.156c3.142,-0.276,6.324,-0.569,9.558,-0.874c0.009,0.32,0.101,0.613,0.101,0.918C317.408,275.074,305.518,286.956,290.915,286.956zM353.719,279.106c-12.575,0.0,-23.079,-8.816,-25.776,-20.578c3.227,-0.305,6.477,-0.641,9.75,-0.966c-0.488,-1.571,-0.825,-3.21,-0.825,-4.937c0.0,-4.132,1.555,-7.867,4.031,-10.805c-3.903,0.367,-7.818,0.731,-11.77,1.076c3.879,-9.804,13.417,-16.769,24.59,-16.769c9.257,0.0,17.392,4.787,22.129,12.008c0.008,0.02,0.016,0.034,0.04,0.058c-3.743,0.425,-7.727,0.847,-11.554,1.264c3.911,3.086,6.224,7.809,6.224,13.167c0.0,0.437,0.393,0.837,0.36,1.258c3.13,-0.385,2.577,-0.781,9.285,-1.183C380.169,267.268,368.298,279.106,353.719,279.106z"">
   </path>
   <path d=""M131.868,241.129c-1.751,-0.888,-3.707,-1.437,-5.811,-1.437c-1.178,0.0,-2.292,0.203,-3.37,0.503c-5.486,1.491,-9.546,6.466,-9.546,12.413c0.0,0.602,0.096,1.166,0.174,1.743c0.854,6.3,6.202,11.185,12.748,11.185c5.536,0.0,10.225,-3.498,12.068,-8.403c0.533,-1.41,0.854,-2.93,0.854,-4.524C138.977,247.575,136.064,243.265,131.868,241.129z"">
   </path>
   <path d=""M188.86,247.543c-7.137,0.0,-12.922,5.787,-12.922,12.916c0.0,0.108,0.03,0.2,0.03,0.309c0.167,6.993,5.857,12.619,12.892,12.619c6.314,0.0,11.549,-4.532,12.68,-10.52c0.146,-0.781,0.242,-1.578,0.242,-2.408C201.781,253.33,195.997,247.543,188.86,247.543z"">
   </path>
   <path d=""M357.082,240.188c-1.078,-0.292,-2.2,-0.503,-3.362,-0.503c-2.112,0.0,-4.063,0.549,-5.815,1.438c-4.199,2.134,-7.112,6.444,-7.112,11.485c0.0,1.595,0.328,3.105,0.857,4.524c1.835,4.893,6.523,8.396,12.062,8.396c6.535,0.0,11.89,-4.885,12.747,-11.185c0.076,-0.577,0.169,-1.134,0.169,-1.735C366.635,246.646,362.58,241.678,357.082,240.188z"">
   </path>
   <path d=""M290.915,247.543c-7.137,0.0,-12.928,5.787,-12.928,12.916c0.0,0.83,0.1,1.627,0.248,2.408c1.126,5.979,6.364,10.52,12.68,10.52c7.029,0.0,12.728,-5.626,12.888,-12.619c0.0,-0.108,0.028,-0.2,0.028,-0.309C303.831,253.33,298.052,247.543,290.915,247.543z"">
   </path>
  </g>
 </g>
</svg>


Question: What type of object is shown in the image?",Car,Boat,Airplane,Train,C,aerial_crafts
72,"Examine the following SVG code carefully and answer the question based on your interpretation of the rendered image.

<svg height=""318.194px"" id=""Capa_1"" style=""enable-background:new 0 0 318.194 318.194;"" version=""1.1"" viewbox=""0 0 318.194 318.194"" width=""318.194px"" x=""0px"" xml:space=""preserve"" y=""0px"">
 <g>
  <g>
   <path d=""M129.1,195.291v48.606l12.371,6.188c0.0,0.0,14.141,-38.003,14.141,15.021H97.285v-16.684c0.0,-2.501,-2.025,-4.526,-4.528,-4.526h-1.548c-2.503,0.0,-4.528,2.025,-4.528,4.526v33.367c0.0,2.149,1.538,3.868,3.552,4.329l-0.015,0.197h0.997h1.548h62.849v11.381c0.0,2.501,2.025,4.526,4.528,4.526h1.548c2.504,0.0,4.528,-2.025,4.528,-4.526v-11.381h62.853h1.548h1.522l-0.026,-0.301c1.756,-0.621,3.034,-2.258,3.034,-4.226v-33.367c0.0,-2.501,-2.024,-4.526,-4.53,-4.526h-1.548c-2.502,0.0,-4.526,2.025,-4.526,4.526v16.684h-57.804c0.0,-53.024,13.878,-15.021,13.878,-15.021l12.111,-6.188V195.291c5.303,-9.502,133.663,0.0,127.035,-28.278c-6.628,-28.277,-142.942,-23.86,-142.942,-23.86s0.0,-64.069,0.0,-93.232c0.0,-25.187,-10.604,-29.27,-15.907,-29.922V19.871c0.0,0.0,0.243,0.016,-0.005,0.052c-0.243,-0.036,0.005,-0.052,0.005,-0.052v0.122c-5.302,0.643,-15.907,4.71,-15.907,29.922c0.0,29.168,0.0,93.237,0.0,93.237S8.693,138.735,2.065,167.013C-4.563,195.291,123.797,185.794,129.1,195.291z"">
   </path>
  </g>
 </g>
</svg>


Question: What is the shape of the object in the image?",Circle,Square,Airplane,Triangle,C,aerial_crafts
73,"Examine the following SVG code carefully and answer the question based on your interpretation of the rendered image.

<svg height=""318.194px"" id=""Capa_1"" style=""enable-background:new 0 0 318.194 318.194;"" version=""1.1"" viewbox=""0 0 318.194 318.194"" width=""318.194px"" x=""0px"" xml:space=""preserve"" y=""0px"">
 <g>
  <g>
   <path d=""M129.1,195.291v48.606l12.371,6.188c0.0,0.0,14.141,-38.003,14.141,15.021H97.285v-16.684c0.0,-2.501,-2.025,-4.526,-4.528,-4.526h-1.548c-2.503,0.0,-4.528,2.025,-4.528,4.526v33.367c0.0,2.149,1.538,3.868,3.552,4.329l-0.015,0.197h0.997h1.548h62.849v11.381c0.0,2.501,2.025,4.526,4.528,4.526h1.548c2.504,0.0,4.528,-2.025,4.528,-4.526v-11.381h62.853h1.548h1.522l-0.026,-0.301c1.756,-0.621,3.034,-2.258,3.034,-4.226v-33.367c0.0,-2.501,-2.024,-4.526,-4.53,-4.526h-1.548c-2.502,0.0,-4.526,2.025,-4.526,4.526v16.684h-57.804c0.0,-53.024,13.878,-15.021,13.878,-15.021l12.111,-6.188V195.291c5.303,-9.502,133.663,0.0,127.035,-28.278c-6.628,-28.277,-142.942,-23.86,-142.942,-23.86s0.0,-64.069,0.0,-93.232c0.0,-25.187,-10.604,-29.27,-15.907,-29.922V19.871c0.0,0.0,0.243,0.016,-0.005,0.052c-0.243,-0.036,0.005,-0.052,0.005,-0.052v0.122c-5.302,0.643,-15.907,4.71,-15.907,29.922c0.0,29.168,0.0,93.237,0.0,93.237S8.693,138.735,2.065,167.013C-4.563,195.291,123.797,185.794,129.1,195.291z"">
   </path>
  </g>
 </g>
</svg>


Question: How many wings does the object in the image have?",One,Two,Three,Four,B,aerial_crafts
74,"Examine the following SVG code carefully and answer the question based on your interpretation of the rendered image.

<svg height=""318.194px"" id=""Capa_1"" style=""enable-background:new 0 0 318.194 318.194;"" version=""1.1"" viewbox=""0 0 318.194 318.194"" width=""318.194px"" x=""0px"" xml:space=""preserve"" y=""0px"">
 <g>
  <g>
   <path d=""M129.1,195.291v48.606l12.371,6.188c0.0,0.0,14.141,-38.003,14.141,15.021H97.285v-16.684c0.0,-2.501,-2.025,-4.526,-4.528,-4.526h-1.548c-2.503,0.0,-4.528,2.025,-4.528,4.526v33.367c0.0,2.149,1.538,3.868,3.552,4.329l-0.015,0.197h0.997h1.548h62.849v11.381c0.0,2.501,2.025,4.526,4.528,4.526h1.548c2.504,0.0,4.528,-2.025,4.528,-4.526v-11.381h62.853h1.548h1.522l-0.026,-0.301c1.756,-0.621,3.034,-2.258,3.034,-4.226v-33.367c0.0,-2.501,-2.024,-4.526,-4.53,-4.526h-1.548c-2.502,0.0,-4.526,2.025,-4.526,4.526v16.684h-57.804c0.0,-53.024,13.878,-15.021,13.878,-15.021l12.111,-6.188V195.291c5.303,-9.502,133.663,0.0,127.035,-28.278c-6.628,-28.277,-142.942,-23.86,-142.942,-23.86s0.0,-64.069,0.0,-93.232c0.0,-25.187,-10.604,-29.27,-15.907,-29.922V19.871c0.0,0.0,0.243,0.016,-0.005,0.052c-0.243,-0.036,0.005,-0.052,0.005,-0.052v0.122c-5.302,0.643,-15.907,4.71,-15.907,29.922c0.0,29.168,0.0,93.237,0.0,93.237S8.693,138.735,2.065,167.013C-4.563,195.291,123.797,185.794,129.1,195.291z"">
   </path>
  </g>
 </g>
</svg>


Question: What is the orientation of the object in the image?",down,Sideways,Upright,Diagonal,C,aerial_crafts
75,"Examine the following SVG code carefully and answer the question based on your interpretation of the rendered image.

<svg height=""318.194px"" id=""Capa_1"" style=""enable-background:new 0 0 318.194 318.194;"" version=""1.1"" viewbox=""0 0 318.194 318.194"" width=""318.194px"" x=""0px"" xml:space=""preserve"" y=""0px"">
 <g>
  <g>
   <path d=""M129.1,195.291v48.606l12.371,6.188c0.0,0.0,14.141,-38.003,14.141,15.021H97.285v-16.684c0.0,-2.501,-2.025,-4.526,-4.528,-4.526h-1.548c-2.503,0.0,-4.528,2.025,-4.528,4.526v33.367c0.0,2.149,1.538,3.868,3.552,4.329l-0.015,0.197h0.997h1.548h62.849v11.381c0.0,2.501,2.025,4.526,4.528,4.526h1.548c2.504,0.0,4.528,-2.025,4.528,-4.526v-11.381h62.853h1.548h1.522l-0.026,-0.301c1.756,-0.621,3.034,-2.258,3.034,-4.226v-33.367c0.0,-2.501,-2.024,-4.526,-4.53,-4.526h-1.548c-2.502,0.0,-4.526,2.025,-4.526,4.526v16.684h-57.804c0.0,-53.024,13.878,-15.021,13.878,-15.021l12.111,-6.188V195.291c5.303,-9.502,133.663,0.0,127.035,-28.278c-6.628,-28.277,-142.942,-23.86,-142.942,-23.86s0.0,-64.069,0.0,-93.232c0.0,-25.187,-10.604,-29.27,-15.907,-29.922V19.871c0.0,0.0,0.243,0.016,-0.005,0.052c-0.243,-0.036,0.005,-0.052,0.005,-0.052v0.122c-5.302,0.643,-15.907,4.71,-15.907,29.922c0.0,29.168,0.0,93.237,0.0,93.237S8.693,138.735,2.065,167.013C-4.563,195.291,123.797,185.794,129.1,195.291z"">
   </path>
  </g>
 </g>
</svg>


Question: What is the object in the image?",Car,Boat,Airplane,Bicycle,C,aerial_crafts
120,"Examine the following SVG code carefully and answer the question based on your interpretation of the rendered image.

<svg id=""Layer_1"" style=""enable-background:new 0 0 128 128;"" version=""1.1"" viewbox=""0 0 128 128"" x=""0px"" xml:space=""preserve"" y=""0px"">
 <path d=""M56.826,11.904c0.0,-9.1,13.8,-9.1,13.8,0.3v38.3L124.126,82.704v14.1L70.826,79.304v28.6l12.3,9.7V128.704l-19.0,-5.9l-19.0,5.9v-11.2l12.2,-9.7V79.304L3.926,96.804V82.704l52.8,-32.2V11.904z"">
 </path>
</svg>


Question: What is the shape of the object in the image?",Circle,Square,Airplane,Triangle,C,aerial_crafts
121,"Examine the following SVG code carefully and answer the question based on your interpretation of the rendered image.

<svg id=""Layer_1"" style=""enable-background:new 0 0 128 128;"" version=""1.1"" viewbox=""0 0 128 128"" x=""0px"" xml:space=""preserve"" y=""0px"">
 <path d=""M56.826,11.904c0.0,-9.1,13.8,-9.1,13.8,0.3v38.3L124.126,82.704v14.1L70.826,79.304v28.6l12.3,9.7V128.704l-19.0,-5.9l-19.0,5.9v-11.2l12.2,-9.7V79.304L3.926,96.804V82.704l52.8,-32.2V11.904z"">
 </path>
</svg>


Question: How many wings does the object in the image have?",One,Two,Three,Four,B,aerial_crafts
122,"Examine the following SVG code carefully and answer the question based on your interpretation of the rendered image.

<svg id=""Layer_1"" style=""enable-background:new 0 0 128 128;"" version=""1.1"" viewbox=""0 0 128 128"" x=""0px"" xml:space=""preserve"" y=""0px"">
 <path d=""M56.826,11.904c0.0,-9.1,13.8,-9.1,13.8,0.3v38.3L124.126,82.704v14.1L70.826,79.304v28.6l12.3,9.7V128.704l-19.0,-5.9l-19.0,5.9v-11.2l12.2,-9.7V79.304L3.926,96.804V82.704l52.8,-32.2V11.904z"">
 </path>
</svg>


Question: What is the orientation of the object in the image?",down,Sideways,Diagonal,Upright,D,aerial_crafts
123,"Examine the following SVG code carefully and answer the question based on your interpretation of the rendered image.

<svg id=""Layer_1"" style=""enable-background:new 0 0 128 128;"" version=""1.1"" viewbox=""0 0 128 128"" x=""0px"" xml:space=""preserve"" y=""0px"">
 <path d=""M56.826,11.904c0.0,-9.1,13.8,-9.1,13.8,0.3v38.3L124.126,82.704v14.1L70.826,79.304v28.6l12.3,9.7V128.704l-19.0,-5.9l-19.0,5.9v-11.2l12.2,-9.7V79.304L3.926,96.804V82.704l52.8,-32.2V11.904z"">
 </path>
</svg>


Question: What is the object in the image?",Car,Boat,Airplane,Train,C,aerial_crafts
124,"Examine the following SVG code carefully and answer the question based on your interpretation of the rendered image.

<svg id=""Layer_1"" style=""enable-background:new 0 0 511.999 511.999;"" version=""1.1"" viewbox=""0 0 511.999 511.999"" x=""0px"" xml:space=""preserve"" y=""0px"">
 <g>
  <path d=""M487.222,417.065c0.0,6.621,-5.367,11.987,-11.988,11.987h-233.89c-6.62,0.0,-11.987,-5.366,-11.987,-11.987l0.0,0.0c0.0,-6.621,5.367,-11.987,11.987,-11.987h233.89C481.855,405.078,487.222,410.444,487.222,417.065L487.222,417.065z"" style=""fill:#0068FF;"">
  </path>
  <polygon points=""348.919,152.222 65.474,152.222 65.474,178.268 235.757,204.315"" style=""fill:#0068FF;"">
  </polygon>
  <path d=""M229.357,257.294c0.0,58.028,47.042,105.072,105.071,105.072h47.723c58.029,0.0,105.071,-47.044,105.071,-105.072l0.0,0.0c0.0,-58.03,-47.042,-105.072,-105.071,-105.072h-47.723C276.399,152.222,229.357,199.264,229.357,257.294L229.357,257.294z"" style=""fill:#0068FF;"">
  </path>
 </g>
 <g>
  <path d=""M478.132,300.094c5.839,-13.075,9.089,-27.557,9.089,-42.801c0.0,-58.03,-47.042,-105.072,-105.071,-105.072H338.497c-0.047,1.206,-0.078,2.417,-0.078,3.633v52.948c0.0,50.419,40.872,91.291,91.29,91.291H478.132z"" style=""fill:#FFFFFF;"">
  </path>
  <path d=""M102.42,200.988c13.231,-13.231,17.882,-31.792,13.954,-48.77c-2.13,-9.207,-6.781,-17.946,-13.954,-25.12c-20.404,-20.403,-53.486,-20.403,-73.89,0.0c-20.403,20.405,-20.403,53.487,0.0,73.89C48.934,221.394,82.015,221.394,102.42,200.988z"" style=""fill:#FFFFFF;"">
  </path>
 </g>
 <path d=""M377.182,341.391h-0.522c-5.771,0.0,-10.45,-4.679,-10.45,-10.45s4.678,-10.45,10.45,-10.45h0.522c5.77,0.0,10.45,4.679,10.45,10.45S382.953,341.391,377.182,341.391z"">
 </path>
 <path d=""M341.954,341.391c-48.531,0.0,-88.016,-39.484,-88.016,-88.016c0.0,-5.771,4.678,-10.45,10.45,-10.45c5.77,0.0,10.45,4.678,10.45,10.45c0.0,37.008,30.108,67.117,67.117,67.117c5.77,0.0,10.45,4.679,10.45,10.45S347.725,341.391,341.954,341.391z"">
 </path>
 <path d=""M504.357,78.01H212.222c-5.77,0.0,-10.45,4.679,-10.45,10.45s4.679,10.45,10.45,10.45h135.618v42.863h-223.75c-3.129,-8.24,-7.977,-15.758,-14.281,-22.063C97.966,107.867,82.222,101.346,65.474,101.346s-32.492,6.522,-44.335,18.364c-24.444,24.447,-24.444,64.222,0.0,88.668c11.843,11.843,27.587,18.364,44.335,18.364s32.492,-6.522,44.335,-18.364c3.487,-3.487,6.5,-7.307,9.025,-11.375l108.654,16.619c-5.525,13.48,-8.58,28.225,-8.58,43.672c0.0,49.087,30.777,91.113,74.045,107.816v29.519h-51.61c-12.371,0.0,-22.436,10.065,-22.436,22.436c0.0,12.371,10.065,22.436,22.436,22.436h233.89c12.372,0.0,22.437,-10.065,22.437,-22.436c0.0,-12.371,-10.065,-22.436,-22.437,-22.436H423.547v-29.49c43.308,-16.681,74.124,-58.729,74.124,-107.845c0.0,-63.699,-51.823,-115.521,-115.52,-115.521h-13.412V98.909h135.618c5.771,0.0,10.45,-4.679,10.45,-10.45C514.807,82.688,510.129,78.01,504.357,78.01zM65.474,205.843c-11.165,0.0,-21.661,-4.348,-29.556,-12.244c-16.297,-16.296,-16.297,-42.814,0.0,-59.111c7.895,-7.895,18.391,-12.243,29.556,-12.243s21.661,4.348,29.556,12.242c5.546,5.548,9.406,12.492,11.163,20.088c2.067,8.932,1.165,18.03,-2.351,26.108c-0.152,0.286,-0.288,0.583,-0.414,0.887c-2.037,4.394,-4.843,8.475,-8.397,12.03C87.136,201.495,76.64,205.843,65.474,205.843zM237.337,193.986l-110.492,-16.901c0.996,-4.704,1.445,-9.537,1.328,-14.413H268.237c-12.029,8.439,-22.378,19.109,-30.449,31.407C237.638,194.049,237.49,194.01,237.337,193.986zM476.773,417.065c0.0,0.847,-0.69,1.537,-1.538,1.537h-233.89c-0.847,0.0,-1.537,-0.69,-1.537,-1.537s0.69,-1.537,1.537,-1.537h233.89C476.083,415.528,476.773,416.217,476.773,417.065zM402.648,394.628h-88.797v-23.651c6.679,1.205,13.555,1.837,20.575,1.837h47.723c6.993,0.0,13.843,-0.626,20.497,-1.822v23.636H402.648zM382.151,351.916h-47.723c-52.175,0.0,-94.621,-42.447,-94.621,-94.622c0.0,-50.004,38.99,-91.066,88.163,-94.397v45.907c0.0,56.101,45.641,101.74,101.739,101.74h30.614C443.271,335.501,414.593,351.916,382.151,351.916zM476.773,257.294c0.0,11.358,-2.013,22.252,-5.698,32.351h-41.364c-44.576,0.0,-80.84,-36.265,-80.84,-80.841v-46.131h0.049h33.233C434.326,162.671,476.773,205.119,476.773,257.294z"">
 </path>
 <path d=""M84.009,145.509c-4.951,-4.95,-11.533,-7.677,-18.534,-7.677c-7.001,0.0,-13.583,2.726,-18.533,7.677c-4.951,4.95,-7.679,11.533,-7.679,18.534c0.0,7.001,2.727,13.584,7.677,18.533c4.951,4.952,11.533,7.679,18.535,7.679c7.002,0.0,13.584,-2.726,18.532,-7.676c6.439,-6.436,9.058,-15.579,7.003,-24.46C89.905,153.343,87.484,148.982,84.009,145.509zM69.23,167.801c-1.353,1.354,-2.934,1.556,-3.756,1.556c-0.821,0.0,-2.402,-0.202,-3.758,-1.557c-1.354,-1.354,-1.556,-2.935,-1.556,-3.757s0.202,-2.402,1.557,-3.757c1.353,-1.354,2.935,-1.556,3.757,-1.556c0.821,0.0,2.403,0.202,3.759,1.557c0.716,0.716,1.192,1.572,1.416,2.542C71.068,164.637,70.538,166.494,69.23,167.801z"">
 </path>
</svg>


Question: What is the primary color of the main body of the object?",Red,Green,Yellow,Blue,D,aerial_crafts
125,"Examine the following SVG code carefully and answer the question based on your interpretation of the rendered image.

<svg id=""Layer_1"" style=""enable-background:new 0 0 511.999 511.999;"" version=""1.1"" viewbox=""0 0 511.999 511.999"" x=""0px"" xml:space=""preserve"" y=""0px"">
 <g>
  <path d=""M487.222,417.065c0.0,6.621,-5.367,11.987,-11.988,11.987h-233.89c-6.62,0.0,-11.987,-5.366,-11.987,-11.987l0.0,0.0c0.0,-6.621,5.367,-11.987,11.987,-11.987h233.89C481.855,405.078,487.222,410.444,487.222,417.065L487.222,417.065z"" style=""fill:#0068FF;"">
  </path>
  <polygon points=""348.919,152.222 65.474,152.222 65.474,178.268 235.757,204.315"" style=""fill:#0068FF;"">
  </polygon>
  <path d=""M229.357,257.294c0.0,58.028,47.042,105.072,105.071,105.072h47.723c58.029,0.0,105.071,-47.044,105.071,-105.072l0.0,0.0c0.0,-58.03,-47.042,-105.072,-105.071,-105.072h-47.723C276.399,152.222,229.357,199.264,229.357,257.294L229.357,257.294z"" style=""fill:#0068FF;"">
  </path>
 </g>
 <g>
  <path d=""M478.132,300.094c5.839,-13.075,9.089,-27.557,9.089,-42.801c0.0,-58.03,-47.042,-105.072,-105.071,-105.072H338.497c-0.047,1.206,-0.078,2.417,-0.078,3.633v52.948c0.0,50.419,40.872,91.291,91.29,91.291H478.132z"" style=""fill:#FFFFFF;"">
  </path>
  <path d=""M102.42,200.988c13.231,-13.231,17.882,-31.792,13.954,-48.77c-2.13,-9.207,-6.781,-17.946,-13.954,-25.12c-20.404,-20.403,-53.486,-20.403,-73.89,0.0c-20.403,20.405,-20.403,53.487,0.0,73.89C48.934,221.394,82.015,221.394,102.42,200.988z"" style=""fill:#FFFFFF;"">
  </path>
 </g>
 <path d=""M377.182,341.391h-0.522c-5.771,0.0,-10.45,-4.679,-10.45,-10.45s4.678,-10.45,10.45,-10.45h0.522c5.77,0.0,10.45,4.679,10.45,10.45S382.953,341.391,377.182,341.391z"">
 </path>
 <path d=""M341.954,341.391c-48.531,0.0,-88.016,-39.484,-88.016,-88.016c0.0,-5.771,4.678,-10.45,10.45,-10.45c5.77,0.0,10.45,4.678,10.45,10.45c0.0,37.008,30.108,67.117,67.117,67.117c5.77,0.0,10.45,4.679,10.45,10.45S347.725,341.391,341.954,341.391z"">
 </path>
 <path d=""M504.357,78.01H212.222c-5.77,0.0,-10.45,4.679,-10.45,10.45s4.679,10.45,10.45,10.45h135.618v42.863h-223.75c-3.129,-8.24,-7.977,-15.758,-14.281,-22.063C97.966,107.867,82.222,101.346,65.474,101.346s-32.492,6.522,-44.335,18.364c-24.444,24.447,-24.444,64.222,0.0,88.668c11.843,11.843,27.587,18.364,44.335,18.364s32.492,-6.522,44.335,-18.364c3.487,-3.487,6.5,-7.307,9.025,-11.375l108.654,16.619c-5.525,13.48,-8.58,28.225,-8.58,43.672c0.0,49.087,30.777,91.113,74.045,107.816v29.519h-51.61c-12.371,0.0,-22.436,10.065,-22.436,22.436c0.0,12.371,10.065,22.436,22.436,22.436h233.89c12.372,0.0,22.437,-10.065,22.437,-22.436c0.0,-12.371,-10.065,-22.436,-22.437,-22.436H423.547v-29.49c43.308,-16.681,74.124,-58.729,74.124,-107.845c0.0,-63.699,-51.823,-115.521,-115.52,-115.521h-13.412V98.909h135.618c5.771,0.0,10.45,-4.679,10.45,-10.45C514.807,82.688,510.129,78.01,504.357,78.01zM65.474,205.843c-11.165,0.0,-21.661,-4.348,-29.556,-12.244c-16.297,-16.296,-16.297,-42.814,0.0,-59.111c7.895,-7.895,18.391,-12.243,29.556,-12.243s21.661,4.348,29.556,12.242c5.546,5.548,9.406,12.492,11.163,20.088c2.067,8.932,1.165,18.03,-2.351,26.108c-0.152,0.286,-0.288,0.583,-0.414,0.887c-2.037,4.394,-4.843,8.475,-8.397,12.03C87.136,201.495,76.64,205.843,65.474,205.843zM237.337,193.986l-110.492,-16.901c0.996,-4.704,1.445,-9.537,1.328,-14.413H268.237c-12.029,8.439,-22.378,19.109,-30.449,31.407C237.638,194.049,237.49,194.01,237.337,193.986zM476.773,417.065c0.0,0.847,-0.69,1.537,-1.538,1.537h-233.89c-0.847,0.0,-1.537,-0.69,-1.537,-1.537s0.69,-1.537,1.537,-1.537h233.89C476.083,415.528,476.773,416.217,476.773,417.065zM402.648,394.628h-88.797v-23.651c6.679,1.205,13.555,1.837,20.575,1.837h47.723c6.993,0.0,13.843,-0.626,20.497,-1.822v23.636H402.648zM382.151,351.916h-47.723c-52.175,0.0,-94.621,-42.447,-94.621,-94.622c0.0,-50.004,38.99,-91.066,88.163,-94.397v45.907c0.0,56.101,45.641,101.74,101.739,101.74h30.614C443.271,335.501,414.593,351.916,382.151,351.916zM476.773,257.294c0.0,11.358,-2.013,22.252,-5.698,32.351h-41.364c-44.576,0.0,-80.84,-36.265,-80.84,-80.841v-46.131h0.049h33.233C434.326,162.671,476.773,205.119,476.773,257.294z"">
 </path>
 <path d=""M84.009,145.509c-4.951,-4.95,-11.533,-7.677,-18.534,-7.677c-7.001,0.0,-13.583,2.726,-18.533,7.677c-4.951,4.95,-7.679,11.533,-7.679,18.534c0.0,7.001,2.727,13.584,7.677,18.533c4.951,4.952,11.533,7.679,18.535,7.679c7.002,0.0,13.584,-2.726,18.532,-7.676c6.439,-6.436,9.058,-15.579,7.003,-24.46C89.905,153.343,87.484,148.982,84.009,145.509zM69.23,167.801c-1.353,1.354,-2.934,1.556,-3.756,1.556c-0.821,0.0,-2.402,-0.202,-3.758,-1.557c-1.354,-1.354,-1.556,-2.935,-1.556,-3.757s0.202,-2.402,1.557,-3.757c1.353,-1.354,2.935,-1.556,3.757,-1.556c0.821,0.0,2.403,0.202,3.759,1.557c0.716,0.716,1.192,1.572,1.416,2.542C71.068,164.637,70.538,166.494,69.23,167.801z"">
 </path>
</svg>


Question: What shape is the window of the object?",Elliptical,Square,Triangle,Rectangle,A,aerial_crafts
126,"Examine the following SVG code carefully and answer the question based on your interpretation of the rendered image.

<svg id=""Layer_1"" style=""enable-background:new 0 0 511.999 511.999;"" version=""1.1"" viewbox=""0 0 511.999 511.999"" x=""0px"" xml:space=""preserve"" y=""0px"">
 <g>
  <path d=""M487.222,417.065c0.0,6.621,-5.367,11.987,-11.988,11.987h-233.89c-6.62,0.0,-11.987,-5.366,-11.987,-11.987l0.0,0.0c0.0,-6.621,5.367,-11.987,11.987,-11.987h233.89C481.855,405.078,487.222,410.444,487.222,417.065L487.222,417.065z"" style=""fill:#0068FF;"">
  </path>
  <polygon points=""348.919,152.222 65.474,152.222 65.474,178.268 235.757,204.315"" style=""fill:#0068FF;"">
  </polygon>
  <path d=""M229.357,257.294c0.0,58.028,47.042,105.072,105.071,105.072h47.723c58.029,0.0,105.071,-47.044,105.071,-105.072l0.0,0.0c0.0,-58.03,-47.042,-105.072,-105.071,-105.072h-47.723C276.399,152.222,229.357,199.264,229.357,257.294L229.357,257.294z"" style=""fill:#0068FF;"">
  </path>
 </g>
 <g>
  <path d=""M478.132,300.094c5.839,-13.075,9.089,-27.557,9.089,-42.801c0.0,-58.03,-47.042,-105.072,-105.071,-105.072H338.497c-0.047,1.206,-0.078,2.417,-0.078,3.633v52.948c0.0,50.419,40.872,91.291,91.29,91.291H478.132z"" style=""fill:#FFFFFF;"">
  </path>
  <path d=""M102.42,200.988c13.231,-13.231,17.882,-31.792,13.954,-48.77c-2.13,-9.207,-6.781,-17.946,-13.954,-25.12c-20.404,-20.403,-53.486,-20.403,-73.89,0.0c-20.403,20.405,-20.403,53.487,0.0,73.89C48.934,221.394,82.015,221.394,102.42,200.988z"" style=""fill:#FFFFFF;"">
  </path>
 </g>
 <path d=""M377.182,341.391h-0.522c-5.771,0.0,-10.45,-4.679,-10.45,-10.45s4.678,-10.45,10.45,-10.45h0.522c5.77,0.0,10.45,4.679,10.45,10.45S382.953,341.391,377.182,341.391z"">
 </path>
 <path d=""M341.954,341.391c-48.531,0.0,-88.016,-39.484,-88.016,-88.016c0.0,-5.771,4.678,-10.45,10.45,-10.45c5.77,0.0,10.45,4.678,10.45,10.45c0.0,37.008,30.108,67.117,67.117,67.117c5.77,0.0,10.45,4.679,10.45,10.45S347.725,341.391,341.954,341.391z"">
 </path>
 <path d=""M504.357,78.01H212.222c-5.77,0.0,-10.45,4.679,-10.45,10.45s4.679,10.45,10.45,10.45h135.618v42.863h-223.75c-3.129,-8.24,-7.977,-15.758,-14.281,-22.063C97.966,107.867,82.222,101.346,65.474,101.346s-32.492,6.522,-44.335,18.364c-24.444,24.447,-24.444,64.222,0.0,88.668c11.843,11.843,27.587,18.364,44.335,18.364s32.492,-6.522,44.335,-18.364c3.487,-3.487,6.5,-7.307,9.025,-11.375l108.654,16.619c-5.525,13.48,-8.58,28.225,-8.58,43.672c0.0,49.087,30.777,91.113,74.045,107.816v29.519h-51.61c-12.371,0.0,-22.436,10.065,-22.436,22.436c0.0,12.371,10.065,22.436,22.436,22.436h233.89c12.372,0.0,22.437,-10.065,22.437,-22.436c0.0,-12.371,-10.065,-22.436,-22.437,-22.436H423.547v-29.49c43.308,-16.681,74.124,-58.729,74.124,-107.845c0.0,-63.699,-51.823,-115.521,-115.52,-115.521h-13.412V98.909h135.618c5.771,0.0,10.45,-4.679,10.45,-10.45C514.807,82.688,510.129,78.01,504.357,78.01zM65.474,205.843c-11.165,0.0,-21.661,-4.348,-29.556,-12.244c-16.297,-16.296,-16.297,-42.814,0.0,-59.111c7.895,-7.895,18.391,-12.243,29.556,-12.243s21.661,4.348,29.556,12.242c5.546,5.548,9.406,12.492,11.163,20.088c2.067,8.932,1.165,18.03,-2.351,26.108c-0.152,0.286,-0.288,0.583,-0.414,0.887c-2.037,4.394,-4.843,8.475,-8.397,12.03C87.136,201.495,76.64,205.843,65.474,205.843zM237.337,193.986l-110.492,-16.901c0.996,-4.704,1.445,-9.537,1.328,-14.413H268.237c-12.029,8.439,-22.378,19.109,-30.449,31.407C237.638,194.049,237.49,194.01,237.337,193.986zM476.773,417.065c0.0,0.847,-0.69,1.537,-1.538,1.537h-233.89c-0.847,0.0,-1.537,-0.69,-1.537,-1.537s0.69,-1.537,1.537,-1.537h233.89C476.083,415.528,476.773,416.217,476.773,417.065zM402.648,394.628h-88.797v-23.651c6.679,1.205,13.555,1.837,20.575,1.837h47.723c6.993,0.0,13.843,-0.626,20.497,-1.822v23.636H402.648zM382.151,351.916h-47.723c-52.175,0.0,-94.621,-42.447,-94.621,-94.622c0.0,-50.004,38.99,-91.066,88.163,-94.397v45.907c0.0,56.101,45.641,101.74,101.739,101.74h30.614C443.271,335.501,414.593,351.916,382.151,351.916zM476.773,257.294c0.0,11.358,-2.013,22.252,-5.698,32.351h-41.364c-44.576,0.0,-80.84,-36.265,-80.84,-80.841v-46.131h0.049h33.233C434.326,162.671,476.773,205.119,476.773,257.294z"">
 </path>
 <path d=""M84.009,145.509c-4.951,-4.95,-11.533,-7.677,-18.534,-7.677c-7.001,0.0,-13.583,2.726,-18.533,7.677c-4.951,4.95,-7.679,11.533,-7.679,18.534c0.0,7.001,2.727,13.584,7.677,18.533c4.951,4.952,11.533,7.679,18.535,7.679c7.002,0.0,13.584,-2.726,18.532,-7.676c6.439,-6.436,9.058,-15.579,7.003,-24.46C89.905,153.343,87.484,148.982,84.009,145.509zM69.23,167.801c-1.353,1.354,-2.934,1.556,-3.756,1.556c-0.821,0.0,-2.402,-0.202,-3.758,-1.557c-1.354,-1.354,-1.556,-2.935,-1.556,-3.757s0.202,-2.402,1.557,-3.757c1.353,-1.354,2.935,-1.556,3.757,-1.556c0.821,0.0,2.403,0.202,3.759,1.557c0.716,0.716,1.192,1.572,1.416,2.542C71.068,164.637,70.538,166.494,69.23,167.801z"">
 </path>
</svg>


Question: How many visible landing skids does the object have?",One,Two,Three,Four,A,aerial_crafts
127,"Examine the following SVG code carefully and answer the question based on your interpretation of the rendered image.

<svg id=""Layer_1"" style=""enable-background:new 0 0 511.999 511.999;"" version=""1.1"" viewbox=""0 0 511.999 511.999"" x=""0px"" xml:space=""preserve"" y=""0px"">
 <g>
  <path d=""M487.222,417.065c0.0,6.621,-5.367,11.987,-11.988,11.987h-233.89c-6.62,0.0,-11.987,-5.366,-11.987,-11.987l0.0,0.0c0.0,-6.621,5.367,-11.987,11.987,-11.987h233.89C481.855,405.078,487.222,410.444,487.222,417.065L487.222,417.065z"" style=""fill:#0068FF;"">
  </path>
  <polygon points=""348.919,152.222 65.474,152.222 65.474,178.268 235.757,204.315"" style=""fill:#0068FF;"">
  </polygon>
  <path d=""M229.357,257.294c0.0,58.028,47.042,105.072,105.071,105.072h47.723c58.029,0.0,105.071,-47.044,105.071,-105.072l0.0,0.0c0.0,-58.03,-47.042,-105.072,-105.071,-105.072h-47.723C276.399,152.222,229.357,199.264,229.357,257.294L229.357,257.294z"" style=""fill:#0068FF;"">
  </path>
 </g>
 <g>
  <path d=""M478.132,300.094c5.839,-13.075,9.089,-27.557,9.089,-42.801c0.0,-58.03,-47.042,-105.072,-105.071,-105.072H338.497c-0.047,1.206,-0.078,2.417,-0.078,3.633v52.948c0.0,50.419,40.872,91.291,91.29,91.291H478.132z"" style=""fill:#FFFFFF;"">
  </path>
  <path d=""M102.42,200.988c13.231,-13.231,17.882,-31.792,13.954,-48.77c-2.13,-9.207,-6.781,-17.946,-13.954,-25.12c-20.404,-20.403,-53.486,-20.403,-73.89,0.0c-20.403,20.405,-20.403,53.487,0.0,73.89C48.934,221.394,82.015,221.394,102.42,200.988z"" style=""fill:#FFFFFF;"">
  </path>
 </g>
 <path d=""M377.182,341.391h-0.522c-5.771,0.0,-10.45,-4.679,-10.45,-10.45s4.678,-10.45,10.45,-10.45h0.522c5.77,0.0,10.45,4.679,10.45,10.45S382.953,341.391,377.182,341.391z"">
 </path>
 <path d=""M341.954,341.391c-48.531,0.0,-88.016,-39.484,-88.016,-88.016c0.0,-5.771,4.678,-10.45,10.45,-10.45c5.77,0.0,10.45,4.678,10.45,10.45c0.0,37.008,30.108,67.117,67.117,67.117c5.77,0.0,10.45,4.679,10.45,10.45S347.725,341.391,341.954,341.391z"">
 </path>
 <path d=""M504.357,78.01H212.222c-5.77,0.0,-10.45,4.679,-10.45,10.45s4.679,10.45,10.45,10.45h135.618v42.863h-223.75c-3.129,-8.24,-7.977,-15.758,-14.281,-22.063C97.966,107.867,82.222,101.346,65.474,101.346s-32.492,6.522,-44.335,18.364c-24.444,24.447,-24.444,64.222,0.0,88.668c11.843,11.843,27.587,18.364,44.335,18.364s32.492,-6.522,44.335,-18.364c3.487,-3.487,6.5,-7.307,9.025,-11.375l108.654,16.619c-5.525,13.48,-8.58,28.225,-8.58,43.672c0.0,49.087,30.777,91.113,74.045,107.816v29.519h-51.61c-12.371,0.0,-22.436,10.065,-22.436,22.436c0.0,12.371,10.065,22.436,22.436,22.436h233.89c12.372,0.0,22.437,-10.065,22.437,-22.436c0.0,-12.371,-10.065,-22.436,-22.437,-22.436H423.547v-29.49c43.308,-16.681,74.124,-58.729,74.124,-107.845c0.0,-63.699,-51.823,-115.521,-115.52,-115.521h-13.412V98.909h135.618c5.771,0.0,10.45,-4.679,10.45,-10.45C514.807,82.688,510.129,78.01,504.357,78.01zM65.474,205.843c-11.165,0.0,-21.661,-4.348,-29.556,-12.244c-16.297,-16.296,-16.297,-42.814,0.0,-59.111c7.895,-7.895,18.391,-12.243,29.556,-12.243s21.661,4.348,29.556,12.242c5.546,5.548,9.406,12.492,11.163,20.088c2.067,8.932,1.165,18.03,-2.351,26.108c-0.152,0.286,-0.288,0.583,-0.414,0.887c-2.037,4.394,-4.843,8.475,-8.397,12.03C87.136,201.495,76.64,205.843,65.474,205.843zM237.337,193.986l-110.492,-16.901c0.996,-4.704,1.445,-9.537,1.328,-14.413H268.237c-12.029,8.439,-22.378,19.109,-30.449,31.407C237.638,194.049,237.49,194.01,237.337,193.986zM476.773,417.065c0.0,0.847,-0.69,1.537,-1.538,1.537h-233.89c-0.847,0.0,-1.537,-0.69,-1.537,-1.537s0.69,-1.537,1.537,-1.537h233.89C476.083,415.528,476.773,416.217,476.773,417.065zM402.648,394.628h-88.797v-23.651c6.679,1.205,13.555,1.837,20.575,1.837h47.723c6.993,0.0,13.843,-0.626,20.497,-1.822v23.636H402.648zM382.151,351.916h-47.723c-52.175,0.0,-94.621,-42.447,-94.621,-94.622c0.0,-50.004,38.99,-91.066,88.163,-94.397v45.907c0.0,56.101,45.641,101.74,101.739,101.74h30.614C443.271,335.501,414.593,351.916,382.151,351.916zM476.773,257.294c0.0,11.358,-2.013,22.252,-5.698,32.351h-41.364c-44.576,0.0,-80.84,-36.265,-80.84,-80.841v-46.131h0.049h33.233C434.326,162.671,476.773,205.119,476.773,257.294z"">
 </path>
 <path d=""M84.009,145.509c-4.951,-4.95,-11.533,-7.677,-18.534,-7.677c-7.001,0.0,-13.583,2.726,-18.533,7.677c-4.951,4.95,-7.679,11.533,-7.679,18.534c0.0,7.001,2.727,13.584,7.677,18.533c4.951,4.952,11.533,7.679,18.535,7.679c7.002,0.0,13.584,-2.726,18.532,-7.676c6.439,-6.436,9.058,-15.579,7.003,-24.46C89.905,153.343,87.484,148.982,84.009,145.509zM69.23,167.801c-1.353,1.354,-2.934,1.556,-3.756,1.556c-0.821,0.0,-2.402,-0.202,-3.758,-1.557c-1.354,-1.354,-1.556,-2.935,-1.556,-3.757s0.202,-2.402,1.557,-3.757c1.353,-1.354,2.935,-1.556,3.757,-1.556c0.821,0.0,2.403,0.202,3.759,1.557c0.716,0.716,1.192,1.572,1.416,2.542C71.068,164.637,70.538,166.494,69.23,167.801z"">
 </path>
</svg>


Question: What type of object is depicted in the image?",Helicopter,Car,Airplane,Boat,A,aerial_crafts
132,"Examine the following SVG code carefully and answer the question based on your interpretation of the rendered image.

<svg id=""Layer_1"" style=""enable-background:new 0 0 511.99 511.99;"" version=""1.1"" viewbox=""0 0 511.99 511.99"" x=""0px"" xml:space=""preserve"" y=""0px"">
 <g>
  <rect height=""42.672"" style=""fill:#434A54;"" width=""21.343"" x=""301.289"" y=""341.189"">
  </rect>
  <rect height=""42.672"" style=""fill:#434A54;"" width=""21.312"" x=""375.979"" y=""335.689"">
  </rect>
 </g>
 <rect height=""65.772"" style=""fill:#CCD1D9;"" width=""21.343"" x=""301.289"" y=""137.309"">
 </rect>
 <path d=""M397.292,201.312H58.643L2.644,126.642l18.539,130.67l191.481,18.851c13.632,23.094,55.187,74.279,91.318,74.279c16.796,0.0,76.515,0.188,93.311,0.188c41.249,0.0,74.687,-33.422,74.687,-74.654C471.979,234.741,438.541,201.312,397.292,201.312z"" style=""fill:#A0D468;"">
 </path>
 <path d=""M503.978,137.313h-384.0c-5.89,0.0,-10.671,4.773,-10.671,10.664s4.781,10.664,10.671,10.664h384.0c5.875,0.0,10.656,-4.773,10.656,-10.664S509.853,137.313,503.978,137.313z"" style=""fill:#E6E9ED;"">
 </path>
 <path d=""M482.635,361.317c0.0,-5.906,-4.781,-10.688,-10.656,-10.688c-5.906,0.0,-10.688,4.781,-10.688,10.688c0.0,5.875,-4.781,10.656,-10.656,10.656h-30.172h-183.16v21.344h213.332l0.0,0.0C468.307,393.317,482.635,378.973,482.635,361.317z"" style=""fill:#656D78;"">
 </path>
 <path d=""M374.762,251.202c19.656,19.882,52.311,28.398,97.201,25.429c0.0,-0.219,0.016,-0.438,0.016,-0.656c0.0,-41.234,-33.438,-74.663,-74.687,-74.663h-42.812C354.918,212.867,358.168,234.382,374.762,251.202z"" style=""fill:#4FC2E9;"">
 </path>
 <polygon points=""2.644,126.642 21.182,257.312 104.556,264.819"" style=""fill:#8CC153;"">
 </polygon>
</svg>


Question: What is the primary color of the object?",Red,Blue,Green,Yellow,C,aerial_crafts
133,"Examine the following SVG code carefully and answer the question based on your interpretation of the rendered image.

<svg id=""Layer_1"" style=""enable-background:new 0 0 511.99 511.99;"" version=""1.1"" viewbox=""0 0 511.99 511.99"" x=""0px"" xml:space=""preserve"" y=""0px"">
 <g>
  <rect height=""42.672"" style=""fill:#434A54;"" width=""21.343"" x=""301.289"" y=""341.189"">
  </rect>
  <rect height=""42.672"" style=""fill:#434A54;"" width=""21.312"" x=""375.979"" y=""335.689"">
  </rect>
 </g>
 <rect height=""65.772"" style=""fill:#CCD1D9;"" width=""21.343"" x=""301.289"" y=""137.309"">
 </rect>
 <path d=""M397.292,201.312H58.643L2.644,126.642l18.539,130.67l191.481,18.851c13.632,23.094,55.187,74.279,91.318,74.279c16.796,0.0,76.515,0.188,93.311,0.188c41.249,0.0,74.687,-33.422,74.687,-74.654C471.979,234.741,438.541,201.312,397.292,201.312z"" style=""fill:#A0D468;"">
 </path>
 <path d=""M503.978,137.313h-384.0c-5.89,0.0,-10.671,4.773,-10.671,10.664s4.781,10.664,10.671,10.664h384.0c5.875,0.0,10.656,-4.773,10.656,-10.664S509.853,137.313,503.978,137.313z"" style=""fill:#E6E9ED;"">
 </path>
 <path d=""M482.635,361.317c0.0,-5.906,-4.781,-10.688,-10.656,-10.688c-5.906,0.0,-10.688,4.781,-10.688,10.688c0.0,5.875,-4.781,10.656,-10.656,10.656h-30.172h-183.16v21.344h213.332l0.0,0.0C468.307,393.317,482.635,378.973,482.635,361.317z"" style=""fill:#656D78;"">
 </path>
 <path d=""M374.762,251.202c19.656,19.882,52.311,28.398,97.201,25.429c0.0,-0.219,0.016,-0.438,0.016,-0.656c0.0,-41.234,-33.438,-74.663,-74.687,-74.663h-42.812C354.918,212.867,358.168,234.382,374.762,251.202z"" style=""fill:#4FC2E9;"">
 </path>
 <polygon points=""2.644,126.642 21.182,257.312 104.556,264.819"" style=""fill:#8CC153;"">
 </polygon>
</svg>


Question: What shape is the front part of the object?",Square,Circle,Triangle,Rectangle,B,aerial_crafts
134,"Examine the following SVG code carefully and answer the question based on your interpretation of the rendered image.

<svg id=""Layer_1"" style=""enable-background:new 0 0 511.99 511.99;"" version=""1.1"" viewbox=""0 0 511.99 511.99"" x=""0px"" xml:space=""preserve"" y=""0px"">
 <g>
  <rect height=""42.672"" style=""fill:#434A54;"" width=""21.343"" x=""301.289"" y=""341.189"">
  </rect>
  <rect height=""42.672"" style=""fill:#434A54;"" width=""21.312"" x=""375.979"" y=""335.689"">
  </rect>
 </g>
 <rect height=""65.772"" style=""fill:#CCD1D9;"" width=""21.343"" x=""301.289"" y=""137.309"">
 </rect>
 <path d=""M397.292,201.312H58.643L2.644,126.642l18.539,130.67l191.481,18.851c13.632,23.094,55.187,74.279,91.318,74.279c16.796,0.0,76.515,0.188,93.311,0.188c41.249,0.0,74.687,-33.422,74.687,-74.654C471.979,234.741,438.541,201.312,397.292,201.312z"" style=""fill:#A0D468;"">
 </path>
 <path d=""M503.978,137.313h-384.0c-5.89,0.0,-10.671,4.773,-10.671,10.664s4.781,10.664,10.671,10.664h384.0c5.875,0.0,10.656,-4.773,10.656,-10.664S509.853,137.313,503.978,137.313z"" style=""fill:#E6E9ED;"">
 </path>
 <path d=""M482.635,361.317c0.0,-5.906,-4.781,-10.688,-10.656,-10.688c-5.906,0.0,-10.688,4.781,-10.688,10.688c0.0,5.875,-4.781,10.656,-10.656,10.656h-30.172h-183.16v21.344h213.332l0.0,0.0C468.307,393.317,482.635,378.973,482.635,361.317z"" style=""fill:#656D78;"">
 </path>
 <path d=""M374.762,251.202c19.656,19.882,52.311,28.398,97.201,25.429c0.0,-0.219,0.016,-0.438,0.016,-0.656c0.0,-41.234,-33.438,-74.663,-74.687,-74.663h-42.812C354.918,212.867,358.168,234.382,374.762,251.202z"" style=""fill:#4FC2E9;"">
 </path>
 <polygon points=""2.644,126.642 21.182,257.312 104.556,264.819"" style=""fill:#8CC153;"">
 </polygon>
</svg>


Question: How many legs does the object have?",One,Two,Three,Four,B,aerial_crafts
135,"Examine the following SVG code carefully and answer the question based on your interpretation of the rendered image.

<svg id=""Layer_1"" style=""enable-background:new 0 0 511.99 511.99;"" version=""1.1"" viewbox=""0 0 511.99 511.99"" x=""0px"" xml:space=""preserve"" y=""0px"">
 <g>
  <rect height=""42.672"" style=""fill:#434A54;"" width=""21.343"" x=""301.289"" y=""341.189"">
  </rect>
  <rect height=""42.672"" style=""fill:#434A54;"" width=""21.312"" x=""375.979"" y=""335.689"">
  </rect>
 </g>
 <rect height=""65.772"" style=""fill:#CCD1D9;"" width=""21.343"" x=""301.289"" y=""137.309"">
 </rect>
 <path d=""M397.292,201.312H58.643L2.644,126.642l18.539,130.67l191.481,18.851c13.632,23.094,55.187,74.279,91.318,74.279c16.796,0.0,76.515,0.188,93.311,0.188c41.249,0.0,74.687,-33.422,74.687,-74.654C471.979,234.741,438.541,201.312,397.292,201.312z"" style=""fill:#A0D468;"">
 </path>
 <path d=""M503.978,137.313h-384.0c-5.89,0.0,-10.671,4.773,-10.671,10.664s4.781,10.664,10.671,10.664h384.0c5.875,0.0,10.656,-4.773,10.656,-10.664S509.853,137.313,503.978,137.313z"" style=""fill:#E6E9ED;"">
 </path>
 <path d=""M482.635,361.317c0.0,-5.906,-4.781,-10.688,-10.656,-10.688c-5.906,0.0,-10.688,4.781,-10.688,10.688c0.0,5.875,-4.781,10.656,-10.656,10.656h-30.172h-183.16v21.344h213.332l0.0,0.0C468.307,393.317,482.635,378.973,482.635,361.317z"" style=""fill:#656D78;"">
 </path>
 <path d=""M374.762,251.202c19.656,19.882,52.311,28.398,97.201,25.429c0.0,-0.219,0.016,-0.438,0.016,-0.656c0.0,-41.234,-33.438,-74.663,-74.687,-74.663h-42.812C354.918,212.867,358.168,234.382,374.762,251.202z"" style=""fill:#4FC2E9;"">
 </path>
 <polygon points=""2.644,126.642 21.182,257.312 104.556,264.819"" style=""fill:#8CC153;"">
 </polygon>
</svg>


Question: What is the object in the image?",Helicopter,Airplane,Car,Boat,A,aerial_crafts
136,"Examine the following SVG code carefully and answer the question based on your interpretation of the rendered image.

<svg id=""Layer_1"" style=""enable-background:new 0 0 489.061 489.061;"" version=""1.1"" viewbox=""0 0 489.061 489.061"" x=""0px"" xml:space=""preserve"" y=""0px"">
 <g>
  <g>
   <g>
    <path d=""M198.617,243.708c-2.929,2.929,-2.929,7.677,0.0,10.606l12.121,12.121c-5.548,7.683,-8.83,17.104,-8.83,27.284c0.0,25.761,20.958,46.719,46.72,46.719c25.761,0.0,46.719,-20.958,46.719,-46.719c0.0,-10.178,-3.281,-19.599,-8.828,-27.282l12.117,-12.125c2.928,-2.929,2.927,-7.677,-0.001,-10.605C271.058,216.133,226.193,216.133,198.617,243.708zM248.627,325.438c-17.49,0.0,-31.72,-14.229,-31.72,-31.719s14.229,-31.719,31.72,-31.719c17.491,0.0,31.719,14.229,31.719,31.719S266.118,325.438,248.627,325.438zM275.912,255.83c-7.683,-5.548,-17.105,-8.831,-27.285,-8.831c-10.179,0.0,-19.6,3.282,-27.283,8.829l-6.462,-6.462c19.856,-15.128,47.631,-15.127,67.488,0.002L275.912,255.83z"">
    </path>
    <path d=""M487.646,233.828c-3.997,-1.1,-8.123,1.248,-9.222,5.241c-4.406,16.011,-19.081,27.193,-35.687,27.193H338.348c-1.947,-23.496,-12.953,-44.46,-29.51,-59.381h32.822c4.143,0.0,7.5,-3.358,7.5,-7.5c0.0,-4.142,-3.357,-7.5,-7.5,-7.5h-55.609c-9.245,-4.242,-19.327,-6.962,-29.924,-7.84v-43.16c0.0,-4.142,-3.357,-7.5,-7.5,-7.5s-7.5,3.358,-7.5,7.5v43.16c-10.597,0.878,-20.679,3.598,-29.924,7.84h-55.613c-4.143,0.0,-7.5,3.358,-7.5,7.5c0.0,4.142,3.357,7.5,7.5,7.5h32.826c-16.557,14.921,-27.563,35.885,-29.51,59.381H54.517c-16.606,0.0,-31.281,-11.182,-35.687,-27.193c-1.1,-3.993,-5.227,-6.341,-9.222,-5.241c-3.993,1.099,-6.34,5.227,-5.241,9.221c6.191,22.5,26.813,38.213,50.149,38.213h10.261c-7.754,8.356,-12.507,19.533,-12.507,31.804c0.0,25.808,20.996,46.804,46.804,46.804c25.809,0.0,46.805,-20.996,46.805,-46.804c0.0,-12.271,-4.753,-23.448,-12.507,-31.804h25.534c3.824,46.15,42.601,82.536,89.721,82.536s85.897,-36.386,89.721,-82.536h25.534c-7.754,8.356,-12.507,19.533,-12.507,31.804c0.0,25.808,20.996,46.804,46.804,46.804s46.804,-20.996,46.804,-46.804c0.0,-12.271,-4.753,-23.448,-12.507,-31.804h10.262c23.335,0.0,43.957,-15.714,50.149,-38.213C493.986,239.055,491.639,234.927,487.646,233.828zM99.074,344.87c-17.537,0.0,-31.804,-14.267,-31.804,-31.804c0.0,-17.537,14.267,-31.804,31.804,-31.804s31.805,14.267,31.805,31.804S116.611,344.87,99.074,344.87zM248.627,348.798c-41.375,0.0,-75.036,-33.661,-75.036,-75.036s33.661,-75.036,75.036,-75.036c41.375,0.0,75.036,33.661,75.036,75.036S290.002,348.798,248.627,348.798zM398.179,344.87c-17.537,0.0,-31.804,-14.267,-31.804,-31.804c0.0,-17.537,14.267,-31.804,31.804,-31.804c17.537,0.0,31.804,14.267,31.804,31.804S415.716,344.87,398.179,344.87z"">
    </path>
    <path d=""M398.179,288.906c-13.322,0.0,-24.16,10.838,-24.16,24.16c0.0,13.322,10.838,24.16,24.16,24.16c13.322,0.0,24.16,-10.838,24.16,-24.16C422.339,299.744,411.501,288.906,398.179,288.906zM398.179,322.225c-5.051,0.0,-9.16,-4.109,-9.16,-9.16c0.0,-5.051,4.109,-9.16,9.16,-9.16c5.051,0.0,9.16,4.109,9.16,9.16C407.339,318.116,403.23,322.225,398.179,322.225z"">
    </path>
    <path d=""M99.075,288.906c-13.322,0.0,-24.16,10.838,-24.16,24.16c0.0,13.322,10.837,24.16,24.16,24.16c13.322,0.0,24.161,-10.838,24.161,-24.16C123.236,299.744,112.397,288.906,99.075,288.906zM99.075,322.225c-5.051,0.0,-9.16,-4.109,-9.16,-9.16c0.0,-5.051,4.109,-9.16,9.16,-9.16c5.052,0.0,9.161,4.109,9.161,9.16C108.236,318.116,104.127,322.225,99.075,322.225z"">
    </path>
    <path d=""M248.809,286.223c-3.201,-0.082,-6.161,1.959,-7.242,4.968c-1.095,3.047,-0.041,6.552,2.534,8.506c2.506,1.902,6.073,2.012,8.69,0.261c2.925,-1.957,4.13,-5.855,2.759,-9.11C254.402,288.136,251.767,286.298,248.809,286.223z"">
    </path>
    <path d=""M255.594,290.954C255.607,290.985,255.604,290.977,255.594,290.954L255.594,290.954z"">
    </path>
    <path d=""M255.55,290.848c-0.019,-0.044,-0.034,-0.082,-0.045,-0.106C255.513,290.762,255.527,290.795,255.55,290.848z"">
    </path>
    <path d=""M255.55,290.848c0.018,0.044,0.034,0.082,0.045,0.106C255.586,290.934,255.572,290.902,255.55,290.848z"">
    </path>
    <path d=""M255.505,290.743C255.492,290.712,255.495,290.72,255.505,290.743L255.505,290.743z"">
    </path>
   </g>
  </g>
 </g>
</svg>


Question: What shape is prominently featured in the center of the object?",Square,Triangle,Hexagon,Circle,D,aerial_crafts
137,"Examine the following SVG code carefully and answer the question based on your interpretation of the rendered image.

<svg id=""Layer_1"" style=""enable-background:new 0 0 489.061 489.061;"" version=""1.1"" viewbox=""0 0 489.061 489.061"" x=""0px"" xml:space=""preserve"" y=""0px"">
 <g>
  <g>
   <g>
    <path d=""M198.617,243.708c-2.929,2.929,-2.929,7.677,0.0,10.606l12.121,12.121c-5.548,7.683,-8.83,17.104,-8.83,27.284c0.0,25.761,20.958,46.719,46.72,46.719c25.761,0.0,46.719,-20.958,46.719,-46.719c0.0,-10.178,-3.281,-19.599,-8.828,-27.282l12.117,-12.125c2.928,-2.929,2.927,-7.677,-0.001,-10.605C271.058,216.133,226.193,216.133,198.617,243.708zM248.627,325.438c-17.49,0.0,-31.72,-14.229,-31.72,-31.719s14.229,-31.719,31.72,-31.719c17.491,0.0,31.719,14.229,31.719,31.719S266.118,325.438,248.627,325.438zM275.912,255.83c-7.683,-5.548,-17.105,-8.831,-27.285,-8.831c-10.179,0.0,-19.6,3.282,-27.283,8.829l-6.462,-6.462c19.856,-15.128,47.631,-15.127,67.488,0.002L275.912,255.83z"">
    </path>
    <path d=""M487.646,233.828c-3.997,-1.1,-8.123,1.248,-9.222,5.241c-4.406,16.011,-19.081,27.193,-35.687,27.193H338.348c-1.947,-23.496,-12.953,-44.46,-29.51,-59.381h32.822c4.143,0.0,7.5,-3.358,7.5,-7.5c0.0,-4.142,-3.357,-7.5,-7.5,-7.5h-55.609c-9.245,-4.242,-19.327,-6.962,-29.924,-7.84v-43.16c0.0,-4.142,-3.357,-7.5,-7.5,-7.5s-7.5,3.358,-7.5,7.5v43.16c-10.597,0.878,-20.679,3.598,-29.924,7.84h-55.613c-4.143,0.0,-7.5,3.358,-7.5,7.5c0.0,4.142,3.357,7.5,7.5,7.5h32.826c-16.557,14.921,-27.563,35.885,-29.51,59.381H54.517c-16.606,0.0,-31.281,-11.182,-35.687,-27.193c-1.1,-3.993,-5.227,-6.341,-9.222,-5.241c-3.993,1.099,-6.34,5.227,-5.241,9.221c6.191,22.5,26.813,38.213,50.149,38.213h10.261c-7.754,8.356,-12.507,19.533,-12.507,31.804c0.0,25.808,20.996,46.804,46.804,46.804c25.809,0.0,46.805,-20.996,46.805,-46.804c0.0,-12.271,-4.753,-23.448,-12.507,-31.804h25.534c3.824,46.15,42.601,82.536,89.721,82.536s85.897,-36.386,89.721,-82.536h25.534c-7.754,8.356,-12.507,19.533,-12.507,31.804c0.0,25.808,20.996,46.804,46.804,46.804s46.804,-20.996,46.804,-46.804c0.0,-12.271,-4.753,-23.448,-12.507,-31.804h10.262c23.335,0.0,43.957,-15.714,50.149,-38.213C493.986,239.055,491.639,234.927,487.646,233.828zM99.074,344.87c-17.537,0.0,-31.804,-14.267,-31.804,-31.804c0.0,-17.537,14.267,-31.804,31.804,-31.804s31.805,14.267,31.805,31.804S116.611,344.87,99.074,344.87zM248.627,348.798c-41.375,0.0,-75.036,-33.661,-75.036,-75.036s33.661,-75.036,75.036,-75.036c41.375,0.0,75.036,33.661,75.036,75.036S290.002,348.798,248.627,348.798zM398.179,344.87c-17.537,0.0,-31.804,-14.267,-31.804,-31.804c0.0,-17.537,14.267,-31.804,31.804,-31.804c17.537,0.0,31.804,14.267,31.804,31.804S415.716,344.87,398.179,344.87z"">
    </path>
    <path d=""M398.179,288.906c-13.322,0.0,-24.16,10.838,-24.16,24.16c0.0,13.322,10.838,24.16,24.16,24.16c13.322,0.0,24.16,-10.838,24.16,-24.16C422.339,299.744,411.501,288.906,398.179,288.906zM398.179,322.225c-5.051,0.0,-9.16,-4.109,-9.16,-9.16c0.0,-5.051,4.109,-9.16,9.16,-9.16c5.051,0.0,9.16,4.109,9.16,9.16C407.339,318.116,403.23,322.225,398.179,322.225z"">
    </path>
    <path d=""M99.075,288.906c-13.322,0.0,-24.16,10.838,-24.16,24.16c0.0,13.322,10.837,24.16,24.16,24.16c13.322,0.0,24.161,-10.838,24.161,-24.16C123.236,299.744,112.397,288.906,99.075,288.906zM99.075,322.225c-5.051,0.0,-9.16,-4.109,-9.16,-9.16c0.0,-5.051,4.109,-9.16,9.16,-9.16c5.052,0.0,9.161,4.109,9.161,9.16C108.236,318.116,104.127,322.225,99.075,322.225z"">
    </path>
    <path d=""M248.809,286.223c-3.201,-0.082,-6.161,1.959,-7.242,4.968c-1.095,3.047,-0.041,6.552,2.534,8.506c2.506,1.902,6.073,2.012,8.69,0.261c2.925,-1.957,4.13,-5.855,2.759,-9.11C254.402,288.136,251.767,286.298,248.809,286.223z"">
    </path>
    <path d=""M255.594,290.954C255.607,290.985,255.604,290.977,255.594,290.954L255.594,290.954z"">
    </path>
    <path d=""M255.55,290.848c-0.019,-0.044,-0.034,-0.082,-0.045,-0.106C255.513,290.762,255.527,290.795,255.55,290.848z"">
    </path>
    <path d=""M255.55,290.848c0.018,0.044,0.034,0.082,0.045,0.106C255.586,290.934,255.572,290.902,255.55,290.848z"">
    </path>
    <path d=""M255.505,290.743C255.492,290.712,255.495,290.72,255.505,290.743L255.505,290.743z"">
    </path>
   </g>
  </g>
 </g>
</svg>


Question: How many circular shapes are present in the image?",2,4,6,8,C,aerial_crafts
138,"Examine the following SVG code carefully and answer the question based on your interpretation of the rendered image.

<svg id=""Layer_1"" style=""enable-background:new 0 0 489.061 489.061;"" version=""1.1"" viewbox=""0 0 489.061 489.061"" x=""0px"" xml:space=""preserve"" y=""0px"">
 <g>
  <g>
   <g>
    <path d=""M198.617,243.708c-2.929,2.929,-2.929,7.677,0.0,10.606l12.121,12.121c-5.548,7.683,-8.83,17.104,-8.83,27.284c0.0,25.761,20.958,46.719,46.72,46.719c25.761,0.0,46.719,-20.958,46.719,-46.719c0.0,-10.178,-3.281,-19.599,-8.828,-27.282l12.117,-12.125c2.928,-2.929,2.927,-7.677,-0.001,-10.605C271.058,216.133,226.193,216.133,198.617,243.708zM248.627,325.438c-17.49,0.0,-31.72,-14.229,-31.72,-31.719s14.229,-31.719,31.72,-31.719c17.491,0.0,31.719,14.229,31.719,31.719S266.118,325.438,248.627,325.438zM275.912,255.83c-7.683,-5.548,-17.105,-8.831,-27.285,-8.831c-10.179,0.0,-19.6,3.282,-27.283,8.829l-6.462,-6.462c19.856,-15.128,47.631,-15.127,67.488,0.002L275.912,255.83z"">
    </path>
    <path d=""M487.646,233.828c-3.997,-1.1,-8.123,1.248,-9.222,5.241c-4.406,16.011,-19.081,27.193,-35.687,27.193H338.348c-1.947,-23.496,-12.953,-44.46,-29.51,-59.381h32.822c4.143,0.0,7.5,-3.358,7.5,-7.5c0.0,-4.142,-3.357,-7.5,-7.5,-7.5h-55.609c-9.245,-4.242,-19.327,-6.962,-29.924,-7.84v-43.16c0.0,-4.142,-3.357,-7.5,-7.5,-7.5s-7.5,3.358,-7.5,7.5v43.16c-10.597,0.878,-20.679,3.598,-29.924,7.84h-55.613c-4.143,0.0,-7.5,3.358,-7.5,7.5c0.0,4.142,3.357,7.5,7.5,7.5h32.826c-16.557,14.921,-27.563,35.885,-29.51,59.381H54.517c-16.606,0.0,-31.281,-11.182,-35.687,-27.193c-1.1,-3.993,-5.227,-6.341,-9.222,-5.241c-3.993,1.099,-6.34,5.227,-5.241,9.221c6.191,22.5,26.813,38.213,50.149,38.213h10.261c-7.754,8.356,-12.507,19.533,-12.507,31.804c0.0,25.808,20.996,46.804,46.804,46.804c25.809,0.0,46.805,-20.996,46.805,-46.804c0.0,-12.271,-4.753,-23.448,-12.507,-31.804h25.534c3.824,46.15,42.601,82.536,89.721,82.536s85.897,-36.386,89.721,-82.536h25.534c-7.754,8.356,-12.507,19.533,-12.507,31.804c0.0,25.808,20.996,46.804,46.804,46.804s46.804,-20.996,46.804,-46.804c0.0,-12.271,-4.753,-23.448,-12.507,-31.804h10.262c23.335,0.0,43.957,-15.714,50.149,-38.213C493.986,239.055,491.639,234.927,487.646,233.828zM99.074,344.87c-17.537,0.0,-31.804,-14.267,-31.804,-31.804c0.0,-17.537,14.267,-31.804,31.804,-31.804s31.805,14.267,31.805,31.804S116.611,344.87,99.074,344.87zM248.627,348.798c-41.375,0.0,-75.036,-33.661,-75.036,-75.036s33.661,-75.036,75.036,-75.036c41.375,0.0,75.036,33.661,75.036,75.036S290.002,348.798,248.627,348.798zM398.179,344.87c-17.537,0.0,-31.804,-14.267,-31.804,-31.804c0.0,-17.537,14.267,-31.804,31.804,-31.804c17.537,0.0,31.804,14.267,31.804,31.804S415.716,344.87,398.179,344.87z"">
    </path>
    <path d=""M398.179,288.906c-13.322,0.0,-24.16,10.838,-24.16,24.16c0.0,13.322,10.838,24.16,24.16,24.16c13.322,0.0,24.16,-10.838,24.16,-24.16C422.339,299.744,411.501,288.906,398.179,288.906zM398.179,322.225c-5.051,0.0,-9.16,-4.109,-9.16,-9.16c0.0,-5.051,4.109,-9.16,9.16,-9.16c5.051,0.0,9.16,4.109,9.16,9.16C407.339,318.116,403.23,322.225,398.179,322.225z"">
    </path>
    <path d=""M99.075,288.906c-13.322,0.0,-24.16,10.838,-24.16,24.16c0.0,13.322,10.837,24.16,24.16,24.16c13.322,0.0,24.161,-10.838,24.161,-24.16C123.236,299.744,112.397,288.906,99.075,288.906zM99.075,322.225c-5.051,0.0,-9.16,-4.109,-9.16,-9.16c0.0,-5.051,4.109,-9.16,9.16,-9.16c5.052,0.0,9.161,4.109,9.161,9.16C108.236,318.116,104.127,322.225,99.075,322.225z"">
    </path>
    <path d=""M248.809,286.223c-3.201,-0.082,-6.161,1.959,-7.242,4.968c-1.095,3.047,-0.041,6.552,2.534,8.506c2.506,1.902,6.073,2.012,8.69,0.261c2.925,-1.957,4.13,-5.855,2.759,-9.11C254.402,288.136,251.767,286.298,248.809,286.223z"">
    </path>
    <path d=""M255.594,290.954C255.607,290.985,255.604,290.977,255.594,290.954L255.594,290.954z"">
    </path>
    <path d=""M255.55,290.848c-0.019,-0.044,-0.034,-0.082,-0.045,-0.106C255.513,290.762,255.527,290.795,255.55,290.848z"">
    </path>
    <path d=""M255.55,290.848c0.018,0.044,0.034,0.082,0.045,0.106C255.586,290.934,255.572,290.902,255.55,290.848z"">
    </path>
    <path d=""M255.505,290.743C255.492,290.712,255.495,290.72,255.505,290.743L255.505,290.743z"">
    </path>
   </g>
  </g>
 </g>
</svg>


Question: What is the position of the vertical line in the image?",Center,Right,Left,Bottom,A,aerial_crafts
139,"Examine the following SVG code carefully and answer the question based on your interpretation of the rendered image.

<svg id=""Layer_1"" style=""enable-background:new 0 0 489.061 489.061;"" version=""1.1"" viewbox=""0 0 489.061 489.061"" x=""0px"" xml:space=""preserve"" y=""0px"">
 <g>
  <g>
   <g>
    <path d=""M198.617,243.708c-2.929,2.929,-2.929,7.677,0.0,10.606l12.121,12.121c-5.548,7.683,-8.83,17.104,-8.83,27.284c0.0,25.761,20.958,46.719,46.72,46.719c25.761,0.0,46.719,-20.958,46.719,-46.719c0.0,-10.178,-3.281,-19.599,-8.828,-27.282l12.117,-12.125c2.928,-2.929,2.927,-7.677,-0.001,-10.605C271.058,216.133,226.193,216.133,198.617,243.708zM248.627,325.438c-17.49,0.0,-31.72,-14.229,-31.72,-31.719s14.229,-31.719,31.72,-31.719c17.491,0.0,31.719,14.229,31.719,31.719S266.118,325.438,248.627,325.438zM275.912,255.83c-7.683,-5.548,-17.105,-8.831,-27.285,-8.831c-10.179,0.0,-19.6,3.282,-27.283,8.829l-6.462,-6.462c19.856,-15.128,47.631,-15.127,67.488,0.002L275.912,255.83z"">
    </path>
    <path d=""M487.646,233.828c-3.997,-1.1,-8.123,1.248,-9.222,5.241c-4.406,16.011,-19.081,27.193,-35.687,27.193H338.348c-1.947,-23.496,-12.953,-44.46,-29.51,-59.381h32.822c4.143,0.0,7.5,-3.358,7.5,-7.5c0.0,-4.142,-3.357,-7.5,-7.5,-7.5h-55.609c-9.245,-4.242,-19.327,-6.962,-29.924,-7.84v-43.16c0.0,-4.142,-3.357,-7.5,-7.5,-7.5s-7.5,3.358,-7.5,7.5v43.16c-10.597,0.878,-20.679,3.598,-29.924,7.84h-55.613c-4.143,0.0,-7.5,3.358,-7.5,7.5c0.0,4.142,3.357,7.5,7.5,7.5h32.826c-16.557,14.921,-27.563,35.885,-29.51,59.381H54.517c-16.606,0.0,-31.281,-11.182,-35.687,-27.193c-1.1,-3.993,-5.227,-6.341,-9.222,-5.241c-3.993,1.099,-6.34,5.227,-5.241,9.221c6.191,22.5,26.813,38.213,50.149,38.213h10.261c-7.754,8.356,-12.507,19.533,-12.507,31.804c0.0,25.808,20.996,46.804,46.804,46.804c25.809,0.0,46.805,-20.996,46.805,-46.804c0.0,-12.271,-4.753,-23.448,-12.507,-31.804h25.534c3.824,46.15,42.601,82.536,89.721,82.536s85.897,-36.386,89.721,-82.536h25.534c-7.754,8.356,-12.507,19.533,-12.507,31.804c0.0,25.808,20.996,46.804,46.804,46.804s46.804,-20.996,46.804,-46.804c0.0,-12.271,-4.753,-23.448,-12.507,-31.804h10.262c23.335,0.0,43.957,-15.714,50.149,-38.213C493.986,239.055,491.639,234.927,487.646,233.828zM99.074,344.87c-17.537,0.0,-31.804,-14.267,-31.804,-31.804c0.0,-17.537,14.267,-31.804,31.804,-31.804s31.805,14.267,31.805,31.804S116.611,344.87,99.074,344.87zM248.627,348.798c-41.375,0.0,-75.036,-33.661,-75.036,-75.036s33.661,-75.036,75.036,-75.036c41.375,0.0,75.036,33.661,75.036,75.036S290.002,348.798,248.627,348.798zM398.179,344.87c-17.537,0.0,-31.804,-14.267,-31.804,-31.804c0.0,-17.537,14.267,-31.804,31.804,-31.804c17.537,0.0,31.804,14.267,31.804,31.804S415.716,344.87,398.179,344.87z"">
    </path>
    <path d=""M398.179,288.906c-13.322,0.0,-24.16,10.838,-24.16,24.16c0.0,13.322,10.838,24.16,24.16,24.16c13.322,0.0,24.16,-10.838,24.16,-24.16C422.339,299.744,411.501,288.906,398.179,288.906zM398.179,322.225c-5.051,0.0,-9.16,-4.109,-9.16,-9.16c0.0,-5.051,4.109,-9.16,9.16,-9.16c5.051,0.0,9.16,4.109,9.16,9.16C407.339,318.116,403.23,322.225,398.179,322.225z"">
    </path>
    <path d=""M99.075,288.906c-13.322,0.0,-24.16,10.838,-24.16,24.16c0.0,13.322,10.837,24.16,24.16,24.16c13.322,0.0,24.161,-10.838,24.161,-24.16C123.236,299.744,112.397,288.906,99.075,288.906zM99.075,322.225c-5.051,0.0,-9.16,-4.109,-9.16,-9.16c0.0,-5.051,4.109,-9.16,9.16,-9.16c5.052,0.0,9.161,4.109,9.161,9.16C108.236,318.116,104.127,322.225,99.075,322.225z"">
    </path>
    <path d=""M248.809,286.223c-3.201,-0.082,-6.161,1.959,-7.242,4.968c-1.095,3.047,-0.041,6.552,2.534,8.506c2.506,1.902,6.073,2.012,8.69,0.261c2.925,-1.957,4.13,-5.855,2.759,-9.11C254.402,288.136,251.767,286.298,248.809,286.223z"">
    </path>
    <path d=""M255.594,290.954C255.607,290.985,255.604,290.977,255.594,290.954L255.594,290.954z"">
    </path>
    <path d=""M255.55,290.848c-0.019,-0.044,-0.034,-0.082,-0.045,-0.106C255.513,290.762,255.527,290.795,255.55,290.848z"">
    </path>
    <path d=""M255.55,290.848c0.018,0.044,0.034,0.082,0.045,0.106C255.586,290.934,255.572,290.902,255.55,290.848z"">
    </path>
    <path d=""M255.505,290.743C255.492,290.712,255.495,290.72,255.505,290.743L255.505,290.743z"">
    </path>
   </g>
  </g>
 </g>
</svg>


Question: What is the object in the image?",Car,Airplane,Boat,Train,B,aerial_crafts
140,"Examine the following SVG code carefully and answer the question based on your interpretation of the rendered image.

<svg id=""Layer_1"" style=""enable-background:new 0 0 511.999 511.999;"" version=""1.1"" viewbox=""0 0 511.999 511.999"" x=""0px"" xml:space=""preserve"" y=""0px"">
 <path d=""M508.358,377.728h-60.311c-4.297,0.0,-7.781,-3.484,-7.781,-7.781c0.0,-4.297,3.484,-7.781,7.781,-7.781h49.524L407.447,91.071h-66.294c-4.297,0.0,-7.781,-3.484,-7.781,-7.781c0.0,-4.297,3.484,-7.781,7.781,-7.781h71.907c3.351,0.0,6.327,2.146,7.384,5.326l95.297,286.657c0.788,2.373,0.389,4.98,-1.074,7.007C513.207,376.526,510.859,377.728,508.358,377.728z"" style=""fill:#73AFD6;"">
 </path>
 <polygon points=""238.778,387.626 315.193,184.578 294.429,181.291 215.609,387.626"" style=""fill:#174F79;"">
 </polygon>
 <g>
  <rect height=""49.924"" style=""fill:#D7D5D9;"" width=""23.364"" x=""96.092"" y=""83.289"">
  </rect>
  <rect height=""49.924"" style=""fill:#D7D5D9;"" width=""23.364"" x=""157.988"" y=""83.289"">
  </rect>
  <rect height=""49.924"" style=""fill:#D7D5D9;"" width=""23.364"" x=""219.885"" y=""83.289"">
  </rect>
  <rect height=""49.924"" style=""fill:#D7D5D9;"" width=""23.364"" x=""281.781"" y=""83.289"">
  </rect>
  <rect height=""49.924"" style=""fill:#D7D5D9;"" width=""23.364"" x=""343.667"" y=""83.289"">
  </rect>
 </g>
 <g>
  <path d=""M29.512,416.578H12.419c-5.713,0.0,-9.707,-5.653,-7.797,-11.038l28.281,-79.728c1.171,-3.301,4.294,-5.507,7.797,-5.507h76.26c13.637,0.0,24.69,11.054,24.69,24.69v71.582h-26.009L29.512,416.578L29.512,416.578z"" style=""fill:#5D5D5D;"">
  </path>
  <polygon points=""297.212,416.578 134.438,416.578 134.438,381.357 289.842,381.357"" style=""fill:#5D5D5D;"">
  </polygon>
 </g>
 <g>
  <path d=""M358.586,341.635l-45.153,-151.249h-235.4c-16.237,0.0,-27.139,-16.66,-20.638,-31.537l12.638,-28.926H378.299l95.297,286.657h-59.838L358.586,341.635z"" style=""fill:#D7D5D9;"">
  </path>
  <path d=""M80.196,320.306H40.699c-3.503,0.0,-6.625,2.206,-7.797,5.507l-8.434,23.775c21.971,0.0,55.727,0.0,55.727,0.0V320.306z"" style=""fill:#D7D5D9;"">
  </path>
 </g>
 <rect height=""29.916"" style=""fill:#73AFD6;"" width=""325.459"" x=""69.864"" y=""61.156"">
 </rect>
 <circle cx=""73.476"" cy=""415.593"" r=""42.177"" style=""fill:#3E3B43;"">
 </circle>
 <circle cx=""73.476"" cy=""415.593"" r=""16.173"" style=""fill:#D7D5D9;"">
 </circle>
 <rect height=""35.222"" style=""fill:#3E3B43;"" width=""57.29"" x=""141.648"" y=""381.356"">
 </rect>
 <g>
  <rect height=""10.885"" style=""fill:#77757E;"" width=""23.364"" x=""96.092"" y=""91.067"">
  </rect>
  <rect height=""10.885"" style=""fill:#77757E;"" width=""23.364"" x=""157.988"" y=""91.067"">
  </rect>
  <rect height=""10.885"" style=""fill:#77757E;"" width=""23.364"" x=""219.885"" y=""91.067"">
  </rect>
  <rect height=""10.885"" style=""fill:#77757E;"" width=""23.364"" x=""281.781"" y=""91.067"">
  </rect>
  <rect height=""10.885"" style=""fill:#77757E;"" width=""23.364"" x=""343.667"" y=""91.067"">
  </rect>
 </g>
 <polygon points=""355.046,329.777 465.607,416.578 391.211,416.578 358.529,341.446"" style=""fill:#ACAAB1;"">
 </polygon>
 <path d=""M306.856,416.578h-33.545c0.0,-12.321,2.942,-23.954,8.164,-34.237c12.5,-24.617,38.06,-41.486,67.559,-41.486c41.821,0.0,75.723,33.902,75.723,75.723h-33.545H306.856z"" style=""fill:#5D5D5D;"">
 </path>
 <circle cx=""349.031"" cy=""415.593"" r=""42.177"" style=""fill:#3E3B43;"">
 </circle>
 <circle cx=""349.031"" cy=""415.593"" r=""16.173"" style=""fill:#D7D5D9;"">
 </circle>
 <rect height=""15.562"" style=""fill:#174F79;"" width=""7.552"" x=""395.064"" y=""75.505"">
 </rect>
</svg>


Question: What is the primary color of the vehicle's body?",Red,Blue,Gray,Green,C,aerial_crafts
141,"Examine the following SVG code carefully and answer the question based on your interpretation of the rendered image.

<svg id=""Layer_1"" style=""enable-background:new 0 0 511.999 511.999;"" version=""1.1"" viewbox=""0 0 511.999 511.999"" x=""0px"" xml:space=""preserve"" y=""0px"">
 <path d=""M508.358,377.728h-60.311c-4.297,0.0,-7.781,-3.484,-7.781,-7.781c0.0,-4.297,3.484,-7.781,7.781,-7.781h49.524L407.447,91.071h-66.294c-4.297,0.0,-7.781,-3.484,-7.781,-7.781c0.0,-4.297,3.484,-7.781,7.781,-7.781h71.907c3.351,0.0,6.327,2.146,7.384,5.326l95.297,286.657c0.788,2.373,0.389,4.98,-1.074,7.007C513.207,376.526,510.859,377.728,508.358,377.728z"" style=""fill:#73AFD6;"">
 </path>
 <polygon points=""238.778,387.626 315.193,184.578 294.429,181.291 215.609,387.626"" style=""fill:#174F79;"">
 </polygon>
 <g>
  <rect height=""49.924"" style=""fill:#D7D5D9;"" width=""23.364"" x=""96.092"" y=""83.289"">
  </rect>
  <rect height=""49.924"" style=""fill:#D7D5D9;"" width=""23.364"" x=""157.988"" y=""83.289"">
  </rect>
  <rect height=""49.924"" style=""fill:#D7D5D9;"" width=""23.364"" x=""219.885"" y=""83.289"">
  </rect>
  <rect height=""49.924"" style=""fill:#D7D5D9;"" width=""23.364"" x=""281.781"" y=""83.289"">
  </rect>
  <rect height=""49.924"" style=""fill:#D7D5D9;"" width=""23.364"" x=""343.667"" y=""83.289"">
  </rect>
 </g>
 <g>
  <path d=""M29.512,416.578H12.419c-5.713,0.0,-9.707,-5.653,-7.797,-11.038l28.281,-79.728c1.171,-3.301,4.294,-5.507,7.797,-5.507h76.26c13.637,0.0,24.69,11.054,24.69,24.69v71.582h-26.009L29.512,416.578L29.512,416.578z"" style=""fill:#5D5D5D;"">
  </path>
  <polygon points=""297.212,416.578 134.438,416.578 134.438,381.357 289.842,381.357"" style=""fill:#5D5D5D;"">
  </polygon>
 </g>
 <g>
  <path d=""M358.586,341.635l-45.153,-151.249h-235.4c-16.237,0.0,-27.139,-16.66,-20.638,-31.537l12.638,-28.926H378.299l95.297,286.657h-59.838L358.586,341.635z"" style=""fill:#D7D5D9;"">
  </path>
  <path d=""M80.196,320.306H40.699c-3.503,0.0,-6.625,2.206,-7.797,5.507l-8.434,23.775c21.971,0.0,55.727,0.0,55.727,0.0V320.306z"" style=""fill:#D7D5D9;"">
  </path>
 </g>
 <rect height=""29.916"" style=""fill:#73AFD6;"" width=""325.459"" x=""69.864"" y=""61.156"">
 </rect>
 <circle cx=""73.476"" cy=""415.593"" r=""42.177"" style=""fill:#3E3B43;"">
 </circle>
 <circle cx=""73.476"" cy=""415.593"" r=""16.173"" style=""fill:#D7D5D9;"">
 </circle>
 <rect height=""35.222"" style=""fill:#3E3B43;"" width=""57.29"" x=""141.648"" y=""381.356"">
 </rect>
 <g>
  <rect height=""10.885"" style=""fill:#77757E;"" width=""23.364"" x=""96.092"" y=""91.067"">
  </rect>
  <rect height=""10.885"" style=""fill:#77757E;"" width=""23.364"" x=""157.988"" y=""91.067"">
  </rect>
  <rect height=""10.885"" style=""fill:#77757E;"" width=""23.364"" x=""219.885"" y=""91.067"">
  </rect>
  <rect height=""10.885"" style=""fill:#77757E;"" width=""23.364"" x=""281.781"" y=""91.067"">
  </rect>
  <rect height=""10.885"" style=""fill:#77757E;"" width=""23.364"" x=""343.667"" y=""91.067"">
  </rect>
 </g>
 <polygon points=""355.046,329.777 465.607,416.578 391.211,416.578 358.529,341.446"" style=""fill:#ACAAB1;"">
 </polygon>
 <path d=""M306.856,416.578h-33.545c0.0,-12.321,2.942,-23.954,8.164,-34.237c12.5,-24.617,38.06,-41.486,67.559,-41.486c41.821,0.0,75.723,33.902,75.723,75.723h-33.545H306.856z"" style=""fill:#5D5D5D;"">
 </path>
 <circle cx=""349.031"" cy=""415.593"" r=""42.177"" style=""fill:#3E3B43;"">
 </circle>
 <circle cx=""349.031"" cy=""415.593"" r=""16.173"" style=""fill:#D7D5D9;"">
 </circle>
 <rect height=""15.562"" style=""fill:#174F79;"" width=""7.552"" x=""395.064"" y=""75.505"">
 </rect>
</svg>


Question: How many wheels does the vehicle have?",2,3,4,6,A,aerial_crafts
142,"Examine the following SVG code carefully and answer the question based on your interpretation of the rendered image.

<svg id=""Layer_1"" style=""enable-background:new 0 0 511.999 511.999;"" version=""1.1"" viewbox=""0 0 511.999 511.999"" x=""0px"" xml:space=""preserve"" y=""0px"">
 <path d=""M508.358,377.728h-60.311c-4.297,0.0,-7.781,-3.484,-7.781,-7.781c0.0,-4.297,3.484,-7.781,7.781,-7.781h49.524L407.447,91.071h-66.294c-4.297,0.0,-7.781,-3.484,-7.781,-7.781c0.0,-4.297,3.484,-7.781,7.781,-7.781h71.907c3.351,0.0,6.327,2.146,7.384,5.326l95.297,286.657c0.788,2.373,0.389,4.98,-1.074,7.007C513.207,376.526,510.859,377.728,508.358,377.728z"" style=""fill:#73AFD6;"">
 </path>
 <polygon points=""238.778,387.626 315.193,184.578 294.429,181.291 215.609,387.626"" style=""fill:#174F79;"">
 </polygon>
 <g>
  <rect height=""49.924"" style=""fill:#D7D5D9;"" width=""23.364"" x=""96.092"" y=""83.289"">
  </rect>
  <rect height=""49.924"" style=""fill:#D7D5D9;"" width=""23.364"" x=""157.988"" y=""83.289"">
  </rect>
  <rect height=""49.924"" style=""fill:#D7D5D9;"" width=""23.364"" x=""219.885"" y=""83.289"">
  </rect>
  <rect height=""49.924"" style=""fill:#D7D5D9;"" width=""23.364"" x=""281.781"" y=""83.289"">
  </rect>
  <rect height=""49.924"" style=""fill:#D7D5D9;"" width=""23.364"" x=""343.667"" y=""83.289"">
  </rect>
 </g>
 <g>
  <path d=""M29.512,416.578H12.419c-5.713,0.0,-9.707,-5.653,-7.797,-11.038l28.281,-79.728c1.171,-3.301,4.294,-5.507,7.797,-5.507h76.26c13.637,0.0,24.69,11.054,24.69,24.69v71.582h-26.009L29.512,416.578L29.512,416.578z"" style=""fill:#5D5D5D;"">
  </path>
  <polygon points=""297.212,416.578 134.438,416.578 134.438,381.357 289.842,381.357"" style=""fill:#5D5D5D;"">
  </polygon>
 </g>
 <g>
  <path d=""M358.586,341.635l-45.153,-151.249h-235.4c-16.237,0.0,-27.139,-16.66,-20.638,-31.537l12.638,-28.926H378.299l95.297,286.657h-59.838L358.586,341.635z"" style=""fill:#D7D5D9;"">
  </path>
  <path d=""M80.196,320.306H40.699c-3.503,0.0,-6.625,2.206,-7.797,5.507l-8.434,23.775c21.971,0.0,55.727,0.0,55.727,0.0V320.306z"" style=""fill:#D7D5D9;"">
  </path>
 </g>
 <rect height=""29.916"" style=""fill:#73AFD6;"" width=""325.459"" x=""69.864"" y=""61.156"">
 </rect>
 <circle cx=""73.476"" cy=""415.593"" r=""42.177"" style=""fill:#3E3B43;"">
 </circle>
 <circle cx=""73.476"" cy=""415.593"" r=""16.173"" style=""fill:#D7D5D9;"">
 </circle>
 <rect height=""35.222"" style=""fill:#3E3B43;"" width=""57.29"" x=""141.648"" y=""381.356"">
 </rect>
 <g>
  <rect height=""10.885"" style=""fill:#77757E;"" width=""23.364"" x=""96.092"" y=""91.067"">
  </rect>
  <rect height=""10.885"" style=""fill:#77757E;"" width=""23.364"" x=""157.988"" y=""91.067"">
  </rect>
  <rect height=""10.885"" style=""fill:#77757E;"" width=""23.364"" x=""219.885"" y=""91.067"">
  </rect>
  <rect height=""10.885"" style=""fill:#77757E;"" width=""23.364"" x=""281.781"" y=""91.067"">
  </rect>
  <rect height=""10.885"" style=""fill:#77757E;"" width=""23.364"" x=""343.667"" y=""91.067"">
  </rect>
 </g>
 <polygon points=""355.046,329.777 465.607,416.578 391.211,416.578 358.529,341.446"" style=""fill:#ACAAB1;"">
 </polygon>
 <path d=""M306.856,416.578h-33.545c0.0,-12.321,2.942,-23.954,8.164,-34.237c12.5,-24.617,38.06,-41.486,67.559,-41.486c41.821,0.0,75.723,33.902,75.723,75.723h-33.545H306.856z"" style=""fill:#5D5D5D;"">
 </path>
 <circle cx=""349.031"" cy=""415.593"" r=""42.177"" style=""fill:#3E3B43;"">
 </circle>
 <circle cx=""349.031"" cy=""415.593"" r=""16.173"" style=""fill:#D7D5D9;"">
 </circle>
 <rect height=""15.562"" style=""fill:#174F79;"" width=""7.552"" x=""395.064"" y=""75.505"">
 </rect>
</svg>


Question: What color is the roof of the vehicle?",Red,Blue,Yellow,Green,B,aerial_crafts
143,"Examine the following SVG code carefully and answer the question based on your interpretation of the rendered image.

<svg id=""Layer_1"" style=""enable-background:new 0 0 511.999 511.999;"" version=""1.1"" viewbox=""0 0 511.999 511.999"" x=""0px"" xml:space=""preserve"" y=""0px"">
 <path d=""M508.358,377.728h-60.311c-4.297,0.0,-7.781,-3.484,-7.781,-7.781c0.0,-4.297,3.484,-7.781,7.781,-7.781h49.524L407.447,91.071h-66.294c-4.297,0.0,-7.781,-3.484,-7.781,-7.781c0.0,-4.297,3.484,-7.781,7.781,-7.781h71.907c3.351,0.0,6.327,2.146,7.384,5.326l95.297,286.657c0.788,2.373,0.389,4.98,-1.074,7.007C513.207,376.526,510.859,377.728,508.358,377.728z"" style=""fill:#73AFD6;"">
 </path>
 <polygon points=""238.778,387.626 315.193,184.578 294.429,181.291 215.609,387.626"" style=""fill:#174F79;"">
 </polygon>
 <g>
  <rect height=""49.924"" style=""fill:#D7D5D9;"" width=""23.364"" x=""96.092"" y=""83.289"">
  </rect>
  <rect height=""49.924"" style=""fill:#D7D5D9;"" width=""23.364"" x=""157.988"" y=""83.289"">
  </rect>
  <rect height=""49.924"" style=""fill:#D7D5D9;"" width=""23.364"" x=""219.885"" y=""83.289"">
  </rect>
  <rect height=""49.924"" style=""fill:#D7D5D9;"" width=""23.364"" x=""281.781"" y=""83.289"">
  </rect>
  <rect height=""49.924"" style=""fill:#D7D5D9;"" width=""23.364"" x=""343.667"" y=""83.289"">
  </rect>
 </g>
 <g>
  <path d=""M29.512,416.578H12.419c-5.713,0.0,-9.707,-5.653,-7.797,-11.038l28.281,-79.728c1.171,-3.301,4.294,-5.507,7.797,-5.507h76.26c13.637,0.0,24.69,11.054,24.69,24.69v71.582h-26.009L29.512,416.578L29.512,416.578z"" style=""fill:#5D5D5D;"">
  </path>
  <polygon points=""297.212,416.578 134.438,416.578 134.438,381.357 289.842,381.357"" style=""fill:#5D5D5D;"">
  </polygon>
 </g>
 <g>
  <path d=""M358.586,341.635l-45.153,-151.249h-235.4c-16.237,0.0,-27.139,-16.66,-20.638,-31.537l12.638,-28.926H378.299l95.297,286.657h-59.838L358.586,341.635z"" style=""fill:#D7D5D9;"">
  </path>
  <path d=""M80.196,320.306H40.699c-3.503,0.0,-6.625,2.206,-7.797,5.507l-8.434,23.775c21.971,0.0,55.727,0.0,55.727,0.0V320.306z"" style=""fill:#D7D5D9;"">
  </path>
 </g>
 <rect height=""29.916"" style=""fill:#73AFD6;"" width=""325.459"" x=""69.864"" y=""61.156"">
 </rect>
 <circle cx=""73.476"" cy=""415.593"" r=""42.177"" style=""fill:#3E3B43;"">
 </circle>
 <circle cx=""73.476"" cy=""415.593"" r=""16.173"" style=""fill:#D7D5D9;"">
 </circle>
 <rect height=""35.222"" style=""fill:#3E3B43;"" width=""57.29"" x=""141.648"" y=""381.356"">
 </rect>
 <g>
  <rect height=""10.885"" style=""fill:#77757E;"" width=""23.364"" x=""96.092"" y=""91.067"">
  </rect>
  <rect height=""10.885"" style=""fill:#77757E;"" width=""23.364"" x=""157.988"" y=""91.067"">
  </rect>
  <rect height=""10.885"" style=""fill:#77757E;"" width=""23.364"" x=""219.885"" y=""91.067"">
  </rect>
  <rect height=""10.885"" style=""fill:#77757E;"" width=""23.364"" x=""281.781"" y=""91.067"">
  </rect>
  <rect height=""10.885"" style=""fill:#77757E;"" width=""23.364"" x=""343.667"" y=""91.067"">
  </rect>
 </g>
 <polygon points=""355.046,329.777 465.607,416.578 391.211,416.578 358.529,341.446"" style=""fill:#ACAAB1;"">
 </polygon>
 <path d=""M306.856,416.578h-33.545c0.0,-12.321,2.942,-23.954,8.164,-34.237c12.5,-24.617,38.06,-41.486,67.559,-41.486c41.821,0.0,75.723,33.902,75.723,75.723h-33.545H306.856z"" style=""fill:#5D5D5D;"">
 </path>
 <circle cx=""349.031"" cy=""415.593"" r=""42.177"" style=""fill:#3E3B43;"">
 </circle>
 <circle cx=""349.031"" cy=""415.593"" r=""16.173"" style=""fill:#D7D5D9;"">
 </circle>
 <rect height=""15.562"" style=""fill:#174F79;"" width=""7.552"" x=""395.064"" y=""75.505"">
 </rect>
</svg>


Question: What type of vehicle is depicted in the image?",Bicycle,Car,Motorcycle,Transporter,D,aerial_crafts
148,"Examine the following SVG code carefully and answer the question based on your interpretation of the rendered image.

<svg id=""Layer_1"" style=""enable-background:new 0 0 512.002 512.002;"" version=""1.1"" viewbox=""0 0 512.002 512.002"" x=""0px"" xml:space=""preserve"" y=""0px"">
 <path d=""M337.406,241.192V87.328c0.0,-42.26,-34.255,-76.515,-76.514,-76.515S184.377,45.068,184.377,87.328v296.428c0.0,11.525,9.343,20.868,20.867,20.868h111.296c11.525,0.0,20.867,-9.343,20.867,-20.868V267.061"" style=""fill:#CAE9F7;"">
 </path>
 <path d=""M260.892,52.987c-20.889,0.0,-37.823,16.934,-37.823,37.823h75.647C298.715,69.921,281.781,52.987,260.892,52.987z"" style=""fill:#3A5D74;"">
 </path>
 <path d=""M207.652,404.623c-2.497,7.789,-3.861,16.085,-3.861,24.704c0.0,36.39,24.04,67.163,57.101,77.316c33.06,-10.154,57.101,-40.927,57.101,-77.316c0.0,-8.619,-1.362,-16.915,-3.86,-24.704H207.652z"" style=""fill:#FF9737;"">
 </path>
 <g>
  <path d=""M337.406,178.556l70.72,54.488c0.0,0.0,26.663,20.144,26.663,45.299c0.0,23.101,0.0,85.704,0.0,85.704h-97.383"" style=""fill:#3A5D74;"">
  </path>
  <path d=""M184.377,178.556l-70.719,54.488c0.0,0.0,-26.663,20.144,-26.663,45.299c0.0,23.101,0.0,85.704,0.0,85.704h97.382V178.556H184.377z"" style=""fill:#3A5D74;"">
  </path>
 </g>
 <g style=""opacity:0.2;"">
  <path d=""M229.301,434.358c0.0,-8.619,1.364,-16.915,3.861,-24.704h82.393c-0.427,-1.697,-0.894,-3.377,-1.423,-5.031H207.652c-2.497,7.789,-3.861,16.085,-3.861,24.704c0.0,36.39,24.04,67.163,57.101,77.316c2.663,-0.818,5.259,-1.783,7.797,-2.861C245.099,489.657,229.301,463.855,229.301,434.358z"" style=""fill:#231F20;"">
  </path>
 </g>
 <g style=""opacity:0.2;"">
  <path d=""M112.505,286.104c0.0,-21.918,19.445,-35.412,19.445,-35.412l52.427,-40.307v-31.83l-70.719,54.488c0.0,0.0,-26.663,20.144,-26.663,45.299c0.0,23.101,0.0,85.704,0.0,85.704h25.511C112.505,343.605,112.505,303.041,112.505,286.104z"" style=""fill:#231F20;"">
  </path>
 </g>
 <path d=""M184.377,364.048v19.708c0.0,11.525,9.343,20.868,20.867,20.868h111.296c11.525,0.0,20.867,-9.343,20.867,-20.868V364.048L184.377,364.048L184.377,364.048z"" style=""fill:#90C8EC;"">
 </path>
 <g>
  <path d=""M260.892,44.903c-25.313,0.0,-45.908,20.593,-45.908,45.908c0.0,4.465,3.618,8.084,8.084,8.084h75.647c4.466,0.0,8.084,-3.62,8.084,-8.084C306.8,65.496,286.205,44.903,260.892,44.903zM232.27,82.726c3.53,-12.482,15.025,-21.655,28.622,-21.655c13.598,0.0,25.091,9.173,28.622,21.655H232.27z"" style=""fill:#231F20;"">
  </path>
  <path d=""M413.061,226.64l-67.57,-52.061V87.328c0.0,-46.649,-37.95,-84.6,-84.599,-84.6s-84.6,37.951,-84.6,84.6v87.252l-67.507,52.015c-1.22,0.921,-29.875,22.9,-29.875,51.749v85.704c0.0,4.465,3.618,8.084,8.084,8.084h89.298v11.624c0.0,13.277,8.987,24.489,21.196,27.888c-1.177,5.808,-1.781,11.724,-1.781,17.684c0.0,19.414,6.145,37.862,17.771,53.35c11.237,14.969,27.233,26.225,45.04,31.694c0.774,0.237,1.574,0.357,2.374,0.357c0.8,0.0,1.6,-0.119,2.374,-0.357c17.808,-5.469,33.802,-16.726,45.04,-31.694c11.626,-15.487,17.771,-33.935,17.771,-53.35c0.0,-5.961,-0.603,-11.877,-1.78,-17.684c12.207,-3.401,21.194,-14.611,21.194,-27.888v-11.624h89.299c4.466,0.0,8.084,-3.62,8.084,-8.084v-85.704C442.874,249.495,414.219,227.515,413.061,226.64zM95.078,278.342c0.0,-20.751,23.23,-38.678,23.512,-38.895l57.701,-44.458v160.973H95.078V278.342zM192.461,383.755v-11.624h60.347v24.408h-45.156h-2.408C198.195,396.539,192.461,390.805,192.461,383.755zM260.892,498.143c-29.424,-10.122,-49.017,-37.469,-49.017,-68.816c0.0,-5.614,0.645,-11.183,1.919,-16.62h39.014V430.128c0.0,4.465,3.618,8.084,8.084,8.084c4.466,0.0,8.084,-3.62,8.084,-8.084v-17.421H307.991c1.274,5.436,1.918,11.004,1.918,16.62C309.909,460.675,290.316,488.021,260.892,498.143zM329.322,383.755c0.0,7.049,-5.734,12.784,-12.783,12.784h-2.406h-45.157v-24.408h60.346V383.755zM426.706,355.963H345.491v-88.901c0.0,-4.465,-3.618,-8.084,-8.084,-8.084s-8.084,3.62,-8.084,8.084v88.901h-60.346v-37.129c0.0,-4.465,-3.618,-8.084,-8.084,-8.084c-4.466,0.0,-8.084,3.62,-8.084,8.084v37.129H192.461V178.556V87.328c0.0,-37.734,30.697,-68.431,68.431,-68.431c37.733,0.0,68.43,30.697,68.43,68.431v153.865c0.0,4.465,3.618,8.084,8.084,8.084s8.084,-3.62,8.084,-8.084v-46.202l57.763,44.504c0.234,0.178,23.452,18.292,23.452,38.848L426.706,355.963L426.706,355.963z"" style=""fill:#231F20;"">
  </path>
 </g>
 <g style=""opacity:0.2;"">
  <path d=""M209.887,383.755V87.328c0.0,-37.911,27.576,-69.363,63.761,-75.436c-4.151,-0.696,-8.408,-1.078,-12.756,-1.078c-42.259,0.0,-76.515,34.255,-76.515,76.515v296.427c0.0,11.525,9.343,20.868,20.867,20.868h25.511C219.23,404.623,209.887,395.28,209.887,383.755z"" style=""fill:#231F20;"">
  </path>
 </g>
</svg>


Question: What is the primary color of the main body of the object?",Red,Blue,Green,Yellow,B,aerial_crafts
149,"Examine the following SVG code carefully and answer the question based on your interpretation of the rendered image.

<svg id=""Layer_1"" style=""enable-background:new 0 0 512.002 512.002;"" version=""1.1"" viewbox=""0 0 512.002 512.002"" x=""0px"" xml:space=""preserve"" y=""0px"">
 <path d=""M337.406,241.192V87.328c0.0,-42.26,-34.255,-76.515,-76.514,-76.515S184.377,45.068,184.377,87.328v296.428c0.0,11.525,9.343,20.868,20.867,20.868h111.296c11.525,0.0,20.867,-9.343,20.867,-20.868V267.061"" style=""fill:#CAE9F7;"">
 </path>
 <path d=""M260.892,52.987c-20.889,0.0,-37.823,16.934,-37.823,37.823h75.647C298.715,69.921,281.781,52.987,260.892,52.987z"" style=""fill:#3A5D74;"">
 </path>
 <path d=""M207.652,404.623c-2.497,7.789,-3.861,16.085,-3.861,24.704c0.0,36.39,24.04,67.163,57.101,77.316c33.06,-10.154,57.101,-40.927,57.101,-77.316c0.0,-8.619,-1.362,-16.915,-3.86,-24.704H207.652z"" style=""fill:#FF9737;"">
 </path>
 <g>
  <path d=""M337.406,178.556l70.72,54.488c0.0,0.0,26.663,20.144,26.663,45.299c0.0,23.101,0.0,85.704,0.0,85.704h-97.383"" style=""fill:#3A5D74;"">
  </path>
  <path d=""M184.377,178.556l-70.719,54.488c0.0,0.0,-26.663,20.144,-26.663,45.299c0.0,23.101,0.0,85.704,0.0,85.704h97.382V178.556H184.377z"" style=""fill:#3A5D74;"">
  </path>
 </g>
 <g style=""opacity:0.2;"">
  <path d=""M229.301,434.358c0.0,-8.619,1.364,-16.915,3.861,-24.704h82.393c-0.427,-1.697,-0.894,-3.377,-1.423,-5.031H207.652c-2.497,7.789,-3.861,16.085,-3.861,24.704c0.0,36.39,24.04,67.163,57.101,77.316c2.663,-0.818,5.259,-1.783,7.797,-2.861C245.099,489.657,229.301,463.855,229.301,434.358z"" style=""fill:#231F20;"">
  </path>
 </g>
 <g style=""opacity:0.2;"">
  <path d=""M112.505,286.104c0.0,-21.918,19.445,-35.412,19.445,-35.412l52.427,-40.307v-31.83l-70.719,54.488c0.0,0.0,-26.663,20.144,-26.663,45.299c0.0,23.101,0.0,85.704,0.0,85.704h25.511C112.505,343.605,112.505,303.041,112.505,286.104z"" style=""fill:#231F20;"">
  </path>
 </g>
 <path d=""M184.377,364.048v19.708c0.0,11.525,9.343,20.868,20.867,20.868h111.296c11.525,0.0,20.867,-9.343,20.867,-20.868V364.048L184.377,364.048L184.377,364.048z"" style=""fill:#90C8EC;"">
 </path>
 <g>
  <path d=""M260.892,44.903c-25.313,0.0,-45.908,20.593,-45.908,45.908c0.0,4.465,3.618,8.084,8.084,8.084h75.647c4.466,0.0,8.084,-3.62,8.084,-8.084C306.8,65.496,286.205,44.903,260.892,44.903zM232.27,82.726c3.53,-12.482,15.025,-21.655,28.622,-21.655c13.598,0.0,25.091,9.173,28.622,21.655H232.27z"" style=""fill:#231F20;"">
  </path>
  <path d=""M413.061,226.64l-67.57,-52.061V87.328c0.0,-46.649,-37.95,-84.6,-84.599,-84.6s-84.6,37.951,-84.6,84.6v87.252l-67.507,52.015c-1.22,0.921,-29.875,22.9,-29.875,51.749v85.704c0.0,4.465,3.618,8.084,8.084,8.084h89.298v11.624c0.0,13.277,8.987,24.489,21.196,27.888c-1.177,5.808,-1.781,11.724,-1.781,17.684c0.0,19.414,6.145,37.862,17.771,53.35c11.237,14.969,27.233,26.225,45.04,31.694c0.774,0.237,1.574,0.357,2.374,0.357c0.8,0.0,1.6,-0.119,2.374,-0.357c17.808,-5.469,33.802,-16.726,45.04,-31.694c11.626,-15.487,17.771,-33.935,17.771,-53.35c0.0,-5.961,-0.603,-11.877,-1.78,-17.684c12.207,-3.401,21.194,-14.611,21.194,-27.888v-11.624h89.299c4.466,0.0,8.084,-3.62,8.084,-8.084v-85.704C442.874,249.495,414.219,227.515,413.061,226.64zM95.078,278.342c0.0,-20.751,23.23,-38.678,23.512,-38.895l57.701,-44.458v160.973H95.078V278.342zM192.461,383.755v-11.624h60.347v24.408h-45.156h-2.408C198.195,396.539,192.461,390.805,192.461,383.755zM260.892,498.143c-29.424,-10.122,-49.017,-37.469,-49.017,-68.816c0.0,-5.614,0.645,-11.183,1.919,-16.62h39.014V430.128c0.0,4.465,3.618,8.084,8.084,8.084c4.466,0.0,8.084,-3.62,8.084,-8.084v-17.421H307.991c1.274,5.436,1.918,11.004,1.918,16.62C309.909,460.675,290.316,488.021,260.892,498.143zM329.322,383.755c0.0,7.049,-5.734,12.784,-12.783,12.784h-2.406h-45.157v-24.408h60.346V383.755zM426.706,355.963H345.491v-88.901c0.0,-4.465,-3.618,-8.084,-8.084,-8.084s-8.084,3.62,-8.084,8.084v88.901h-60.346v-37.129c0.0,-4.465,-3.618,-8.084,-8.084,-8.084c-4.466,0.0,-8.084,3.62,-8.084,8.084v37.129H192.461V178.556V87.328c0.0,-37.734,30.697,-68.431,68.431,-68.431c37.733,0.0,68.43,30.697,68.43,68.431v153.865c0.0,4.465,3.618,8.084,8.084,8.084s8.084,-3.62,8.084,-8.084v-46.202l57.763,44.504c0.234,0.178,23.452,18.292,23.452,38.848L426.706,355.963L426.706,355.963z"" style=""fill:#231F20;"">
  </path>
 </g>
 <g style=""opacity:0.2;"">
  <path d=""M209.887,383.755V87.328c0.0,-37.911,27.576,-69.363,63.761,-75.436c-4.151,-0.696,-8.408,-1.078,-12.756,-1.078c-42.259,0.0,-76.515,34.255,-76.515,76.515v296.427c0.0,11.525,9.343,20.868,20.867,20.868h25.511C219.23,404.623,209.887,395.28,209.887,383.755z"" style=""fill:#231F20;"">
  </path>
 </g>
</svg>


Question: What shape is the top part of the object?",Square,Circle,Triangle,Semi-circle,D,aerial_crafts
150,"Examine the following SVG code carefully and answer the question based on your interpretation of the rendered image.

<svg id=""Layer_1"" style=""enable-background:new 0 0 512.002 512.002;"" version=""1.1"" viewbox=""0 0 512.002 512.002"" x=""0px"" xml:space=""preserve"" y=""0px"">
 <path d=""M337.406,241.192V87.328c0.0,-42.26,-34.255,-76.515,-76.514,-76.515S184.377,45.068,184.377,87.328v296.428c0.0,11.525,9.343,20.868,20.867,20.868h111.296c11.525,0.0,20.867,-9.343,20.867,-20.868V267.061"" style=""fill:#CAE9F7;"">
 </path>
 <path d=""M260.892,52.987c-20.889,0.0,-37.823,16.934,-37.823,37.823h75.647C298.715,69.921,281.781,52.987,260.892,52.987z"" style=""fill:#3A5D74;"">
 </path>
 <path d=""M207.652,404.623c-2.497,7.789,-3.861,16.085,-3.861,24.704c0.0,36.39,24.04,67.163,57.101,77.316c33.06,-10.154,57.101,-40.927,57.101,-77.316c0.0,-8.619,-1.362,-16.915,-3.86,-24.704H207.652z"" style=""fill:#FF9737;"">
 </path>
 <g>
  <path d=""M337.406,178.556l70.72,54.488c0.0,0.0,26.663,20.144,26.663,45.299c0.0,23.101,0.0,85.704,0.0,85.704h-97.383"" style=""fill:#3A5D74;"">
  </path>
  <path d=""M184.377,178.556l-70.719,54.488c0.0,0.0,-26.663,20.144,-26.663,45.299c0.0,23.101,0.0,85.704,0.0,85.704h97.382V178.556H184.377z"" style=""fill:#3A5D74;"">
  </path>
 </g>
 <g style=""opacity:0.2;"">
  <path d=""M229.301,434.358c0.0,-8.619,1.364,-16.915,3.861,-24.704h82.393c-0.427,-1.697,-0.894,-3.377,-1.423,-5.031H207.652c-2.497,7.789,-3.861,16.085,-3.861,24.704c0.0,36.39,24.04,67.163,57.101,77.316c2.663,-0.818,5.259,-1.783,7.797,-2.861C245.099,489.657,229.301,463.855,229.301,434.358z"" style=""fill:#231F20;"">
  </path>
 </g>
 <g style=""opacity:0.2;"">
  <path d=""M112.505,286.104c0.0,-21.918,19.445,-35.412,19.445,-35.412l52.427,-40.307v-31.83l-70.719,54.488c0.0,0.0,-26.663,20.144,-26.663,45.299c0.0,23.101,0.0,85.704,0.0,85.704h25.511C112.505,343.605,112.505,303.041,112.505,286.104z"" style=""fill:#231F20;"">
  </path>
 </g>
 <path d=""M184.377,364.048v19.708c0.0,11.525,9.343,20.868,20.867,20.868h111.296c11.525,0.0,20.867,-9.343,20.867,-20.868V364.048L184.377,364.048L184.377,364.048z"" style=""fill:#90C8EC;"">
 </path>
 <g>
  <path d=""M260.892,44.903c-25.313,0.0,-45.908,20.593,-45.908,45.908c0.0,4.465,3.618,8.084,8.084,8.084h75.647c4.466,0.0,8.084,-3.62,8.084,-8.084C306.8,65.496,286.205,44.903,260.892,44.903zM232.27,82.726c3.53,-12.482,15.025,-21.655,28.622,-21.655c13.598,0.0,25.091,9.173,28.622,21.655H232.27z"" style=""fill:#231F20;"">
  </path>
  <path d=""M413.061,226.64l-67.57,-52.061V87.328c0.0,-46.649,-37.95,-84.6,-84.599,-84.6s-84.6,37.951,-84.6,84.6v87.252l-67.507,52.015c-1.22,0.921,-29.875,22.9,-29.875,51.749v85.704c0.0,4.465,3.618,8.084,8.084,8.084h89.298v11.624c0.0,13.277,8.987,24.489,21.196,27.888c-1.177,5.808,-1.781,11.724,-1.781,17.684c0.0,19.414,6.145,37.862,17.771,53.35c11.237,14.969,27.233,26.225,45.04,31.694c0.774,0.237,1.574,0.357,2.374,0.357c0.8,0.0,1.6,-0.119,2.374,-0.357c17.808,-5.469,33.802,-16.726,45.04,-31.694c11.626,-15.487,17.771,-33.935,17.771,-53.35c0.0,-5.961,-0.603,-11.877,-1.78,-17.684c12.207,-3.401,21.194,-14.611,21.194,-27.888v-11.624h89.299c4.466,0.0,8.084,-3.62,8.084,-8.084v-85.704C442.874,249.495,414.219,227.515,413.061,226.64zM95.078,278.342c0.0,-20.751,23.23,-38.678,23.512,-38.895l57.701,-44.458v160.973H95.078V278.342zM192.461,383.755v-11.624h60.347v24.408h-45.156h-2.408C198.195,396.539,192.461,390.805,192.461,383.755zM260.892,498.143c-29.424,-10.122,-49.017,-37.469,-49.017,-68.816c0.0,-5.614,0.645,-11.183,1.919,-16.62h39.014V430.128c0.0,4.465,3.618,8.084,8.084,8.084c4.466,0.0,8.084,-3.62,8.084,-8.084v-17.421H307.991c1.274,5.436,1.918,11.004,1.918,16.62C309.909,460.675,290.316,488.021,260.892,498.143zM329.322,383.755c0.0,7.049,-5.734,12.784,-12.783,12.784h-2.406h-45.157v-24.408h60.346V383.755zM426.706,355.963H345.491v-88.901c0.0,-4.465,-3.618,-8.084,-8.084,-8.084s-8.084,3.62,-8.084,8.084v88.901h-60.346v-37.129c0.0,-4.465,-3.618,-8.084,-8.084,-8.084c-4.466,0.0,-8.084,3.62,-8.084,8.084v37.129H192.461V178.556V87.328c0.0,-37.734,30.697,-68.431,68.431,-68.431c37.733,0.0,68.43,30.697,68.43,68.431v153.865c0.0,4.465,3.618,8.084,8.084,8.084s8.084,-3.62,8.084,-8.084v-46.202l57.763,44.504c0.234,0.178,23.452,18.292,23.452,38.848L426.706,355.963L426.706,355.963z"" style=""fill:#231F20;"">
  </path>
 </g>
 <g style=""opacity:0.2;"">
  <path d=""M209.887,383.755V87.328c0.0,-37.911,27.576,-69.363,63.761,-75.436c-4.151,-0.696,-8.408,-1.078,-12.756,-1.078c-42.259,0.0,-76.515,34.255,-76.515,76.515v296.427c0.0,11.525,9.343,20.868,20.867,20.868h25.511C219.23,404.623,209.887,395.28,209.887,383.755z"" style=""fill:#231F20;"">
  </path>
 </g>
</svg>


Question: What color is the flame at the bottom of the object?",Red,Blue,Green,Orange,D,aerial_crafts
151,"Examine the following SVG code carefully and answer the question based on your interpretation of the rendered image.

<svg id=""Layer_1"" style=""enable-background:new 0 0 512.002 512.002;"" version=""1.1"" viewbox=""0 0 512.002 512.002"" x=""0px"" xml:space=""preserve"" y=""0px"">
 <path d=""M337.406,241.192V87.328c0.0,-42.26,-34.255,-76.515,-76.514,-76.515S184.377,45.068,184.377,87.328v296.428c0.0,11.525,9.343,20.868,20.867,20.868h111.296c11.525,0.0,20.867,-9.343,20.867,-20.868V267.061"" style=""fill:#CAE9F7;"">
 </path>
 <path d=""M260.892,52.987c-20.889,0.0,-37.823,16.934,-37.823,37.823h75.647C298.715,69.921,281.781,52.987,260.892,52.987z"" style=""fill:#3A5D74;"">
 </path>
 <path d=""M207.652,404.623c-2.497,7.789,-3.861,16.085,-3.861,24.704c0.0,36.39,24.04,67.163,57.101,77.316c33.06,-10.154,57.101,-40.927,57.101,-77.316c0.0,-8.619,-1.362,-16.915,-3.86,-24.704H207.652z"" style=""fill:#FF9737;"">
 </path>
 <g>
  <path d=""M337.406,178.556l70.72,54.488c0.0,0.0,26.663,20.144,26.663,45.299c0.0,23.101,0.0,85.704,0.0,85.704h-97.383"" style=""fill:#3A5D74;"">
  </path>
  <path d=""M184.377,178.556l-70.719,54.488c0.0,0.0,-26.663,20.144,-26.663,45.299c0.0,23.101,0.0,85.704,0.0,85.704h97.382V178.556H184.377z"" style=""fill:#3A5D74;"">
  </path>
 </g>
 <g style=""opacity:0.2;"">
  <path d=""M229.301,434.358c0.0,-8.619,1.364,-16.915,3.861,-24.704h82.393c-0.427,-1.697,-0.894,-3.377,-1.423,-5.031H207.652c-2.497,7.789,-3.861,16.085,-3.861,24.704c0.0,36.39,24.04,67.163,57.101,77.316c2.663,-0.818,5.259,-1.783,7.797,-2.861C245.099,489.657,229.301,463.855,229.301,434.358z"" style=""fill:#231F20;"">
  </path>
 </g>
 <g style=""opacity:0.2;"">
  <path d=""M112.505,286.104c0.0,-21.918,19.445,-35.412,19.445,-35.412l52.427,-40.307v-31.83l-70.719,54.488c0.0,0.0,-26.663,20.144,-26.663,45.299c0.0,23.101,0.0,85.704,0.0,85.704h25.511C112.505,343.605,112.505,303.041,112.505,286.104z"" style=""fill:#231F20;"">
  </path>
 </g>
 <path d=""M184.377,364.048v19.708c0.0,11.525,9.343,20.868,20.867,20.868h111.296c11.525,0.0,20.867,-9.343,20.867,-20.868V364.048L184.377,364.048L184.377,364.048z"" style=""fill:#90C8EC;"">
 </path>
 <g>
  <path d=""M260.892,44.903c-25.313,0.0,-45.908,20.593,-45.908,45.908c0.0,4.465,3.618,8.084,8.084,8.084h75.647c4.466,0.0,8.084,-3.62,8.084,-8.084C306.8,65.496,286.205,44.903,260.892,44.903zM232.27,82.726c3.53,-12.482,15.025,-21.655,28.622,-21.655c13.598,0.0,25.091,9.173,28.622,21.655H232.27z"" style=""fill:#231F20;"">
  </path>
  <path d=""M413.061,226.64l-67.57,-52.061V87.328c0.0,-46.649,-37.95,-84.6,-84.599,-84.6s-84.6,37.951,-84.6,84.6v87.252l-67.507,52.015c-1.22,0.921,-29.875,22.9,-29.875,51.749v85.704c0.0,4.465,3.618,8.084,8.084,8.084h89.298v11.624c0.0,13.277,8.987,24.489,21.196,27.888c-1.177,5.808,-1.781,11.724,-1.781,17.684c0.0,19.414,6.145,37.862,17.771,53.35c11.237,14.969,27.233,26.225,45.04,31.694c0.774,0.237,1.574,0.357,2.374,0.357c0.8,0.0,1.6,-0.119,2.374,-0.357c17.808,-5.469,33.802,-16.726,45.04,-31.694c11.626,-15.487,17.771,-33.935,17.771,-53.35c0.0,-5.961,-0.603,-11.877,-1.78,-17.684c12.207,-3.401,21.194,-14.611,21.194,-27.888v-11.624h89.299c4.466,0.0,8.084,-3.62,8.084,-8.084v-85.704C442.874,249.495,414.219,227.515,413.061,226.64zM95.078,278.342c0.0,-20.751,23.23,-38.678,23.512,-38.895l57.701,-44.458v160.973H95.078V278.342zM192.461,383.755v-11.624h60.347v24.408h-45.156h-2.408C198.195,396.539,192.461,390.805,192.461,383.755zM260.892,498.143c-29.424,-10.122,-49.017,-37.469,-49.017,-68.816c0.0,-5.614,0.645,-11.183,1.919,-16.62h39.014V430.128c0.0,4.465,3.618,8.084,8.084,8.084c4.466,0.0,8.084,-3.62,8.084,-8.084v-17.421H307.991c1.274,5.436,1.918,11.004,1.918,16.62C309.909,460.675,290.316,488.021,260.892,498.143zM329.322,383.755c0.0,7.049,-5.734,12.784,-12.783,12.784h-2.406h-45.157v-24.408h60.346V383.755zM426.706,355.963H345.491v-88.901c0.0,-4.465,-3.618,-8.084,-8.084,-8.084s-8.084,3.62,-8.084,8.084v88.901h-60.346v-37.129c0.0,-4.465,-3.618,-8.084,-8.084,-8.084c-4.466,0.0,-8.084,3.62,-8.084,8.084v37.129H192.461V178.556V87.328c0.0,-37.734,30.697,-68.431,68.431,-68.431c37.733,0.0,68.43,30.697,68.43,68.431v153.865c0.0,4.465,3.618,8.084,8.084,8.084s8.084,-3.62,8.084,-8.084v-46.202l57.763,44.504c0.234,0.178,23.452,18.292,23.452,38.848L426.706,355.963L426.706,355.963z"" style=""fill:#231F20;"">
  </path>
 </g>
 <g style=""opacity:0.2;"">
  <path d=""M209.887,383.755V87.328c0.0,-37.911,27.576,-69.363,63.761,-75.436c-4.151,-0.696,-8.408,-1.078,-12.756,-1.078c-42.259,0.0,-76.515,34.255,-76.515,76.515v296.427c0.0,11.525,9.343,20.868,20.867,20.868h25.511C219.23,404.623,209.887,395.28,209.887,383.755z"" style=""fill:#231F20;"">
  </path>
 </g>
</svg>


Question: What is the object in the image?",Car,Airplane,Rocket,Boat,C,aerial_crafts
152,"Examine the following SVG code carefully and answer the question based on your interpretation of the rendered image.

<svg id=""Layer_1"" style=""enable-background:new 0 0 511.999 511.999;"" version=""1.1"" viewbox=""0 0 511.999 511.999"" x=""0px"" xml:space=""preserve"" y=""0px"">
 <g>
  <g>
   <path d=""M214.819,82.78c-0.003,-0.004,-0.004,-0.007,-0.004,-0.007c-55.354,-55.354,-43.668,-43.667,-58.917,-58.923C129.882,-2.155,87.533,-2.155,61.538,23.819c-26.153,26.007,-26.128,68.232,-0.032,94.316c48.334,48.334,21.149,21.158,97.394,97.397l85.29,-103.332C244.188,112.198,214.823,82.78,214.819,82.78zM132.218,141.69l-23.55,-23.55l47.213,-47.136l23.551,23.546L132.218,141.69z"">
   </path>
  </g>
 </g>
 <g>
  <g>
   <path d=""M495.725,363.684c-74.725,-74.726,-50.088,-50.104,-88.342,-88.292l-103.333,85.289c84.586,84.594,69.319,69.309,97.392,97.396c25.731,25.731,67.978,26.436,94.3,-0.011C521.748,432.038,521.742,389.705,495.725,363.684zM401.442,410.913l-23.55,-23.55l47.14,-47.214l23.546,23.551L401.442,410.913z"">
   </path>
  </g>
 </g>
 <g>
  <g>
   <path d=""M507.542,186.874l-54.215,-54.219c8.811,-18.574,5.732,-41.43,-9.618,-56.787c-15.353,-15.345,-38.208,-18.426,-56.783,-9.614L332.708,12.04c-6.513,-6.513,-17.076,-6.513,-23.579,0.0c-6.513,6.513,-6.513,17.07,0.0,23.579l52.048,52.044L349.223,99.617c-25.043,-3.487,-51.375,4.24,-70.588,23.37c-0.391,0.386,-0.76,0.793,-1.107,1.211L126.896,306.697c-31.288,-15.004,-69.947,-9.133,-95.19,16.11L8.128,346.391c-6.513,6.513,-6.513,17.07,0.0,23.579c5.219,5.219,141.481,141.481,141.484,141.485c6.513,6.513,17.065,6.514,23.579,0.0l23.585,-23.579c25.244,-25.24,31.124,-63.903,16.112,-95.192l182.496,-150.629c0.429,-0.358,0.841,-0.733,1.237,-1.129c17.724,-17.884,27.199,-43.083,23.382,-70.605l11.915,-11.916l52.044,52.048c6.513,6.513,17.065,6.514,23.579,0.0C514.055,203.945,514.055,193.387,507.542,186.874zM65.906,380.59l-22.41,-22.41l11.789,-11.795c13.1,-13.104,32.212,-17.5,49.279,-12.633L65.906,380.59zM173.196,464.297l-11.795,11.789l-22.41,-22.41l46.838,-38.66C190.693,432.08,186.296,451.193,173.196,464.297zM325.799,217.363l-70.743,70.743c-6.513,6.513,-17.065,6.514,-23.579,0.0c-6.514,-6.509,-6.514,-17.071,0.0,-23.579l70.743,-70.743c6.513,-6.513,17.066,-6.513,23.579,0.0C332.312,200.291,332.312,210.854,325.799,217.363zM420.131,123.036l-12.967,12.967c-3.066,-4.636,-6.605,-9.001,-10.623,-13.016c-4.036,-4.019,-8.388,-7.534,-12.976,-10.554l12.982,-12.982c6.503,-6.508,17.087,-6.498,23.579,0.0C426.629,105.955,426.629,116.533,420.131,123.036z"">
   </path>
  </g>
 </g>
</svg>


Question: What shape is the object's wings in the image primarily composed of?",Squares,Circles,Triangles,Hexagons,A,aerial_crafts
153,"Examine the following SVG code carefully and answer the question based on your interpretation of the rendered image.

<svg id=""Layer_1"" style=""enable-background:new 0 0 511.999 511.999;"" version=""1.1"" viewbox=""0 0 511.999 511.999"" x=""0px"" xml:space=""preserve"" y=""0px"">
 <g>
  <g>
   <path d=""M214.819,82.78c-0.003,-0.004,-0.004,-0.007,-0.004,-0.007c-55.354,-55.354,-43.668,-43.667,-58.917,-58.923C129.882,-2.155,87.533,-2.155,61.538,23.819c-26.153,26.007,-26.128,68.232,-0.032,94.316c48.334,48.334,21.149,21.158,97.394,97.397l85.29,-103.332C244.188,112.198,214.823,82.78,214.819,82.78zM132.218,141.69l-23.55,-23.55l47.213,-47.136l23.551,23.546L132.218,141.69z"">
   </path>
  </g>
 </g>
 <g>
  <g>
   <path d=""M495.725,363.684c-74.725,-74.726,-50.088,-50.104,-88.342,-88.292l-103.333,85.289c84.586,84.594,69.319,69.309,97.392,97.396c25.731,25.731,67.978,26.436,94.3,-0.011C521.748,432.038,521.742,389.705,495.725,363.684zM401.442,410.913l-23.55,-23.55l47.14,-47.214l23.546,23.551L401.442,410.913z"">
   </path>
  </g>
 </g>
 <g>
  <g>
   <path d=""M507.542,186.874l-54.215,-54.219c8.811,-18.574,5.732,-41.43,-9.618,-56.787c-15.353,-15.345,-38.208,-18.426,-56.783,-9.614L332.708,12.04c-6.513,-6.513,-17.076,-6.513,-23.579,0.0c-6.513,6.513,-6.513,17.07,0.0,23.579l52.048,52.044L349.223,99.617c-25.043,-3.487,-51.375,4.24,-70.588,23.37c-0.391,0.386,-0.76,0.793,-1.107,1.211L126.896,306.697c-31.288,-15.004,-69.947,-9.133,-95.19,16.11L8.128,346.391c-6.513,6.513,-6.513,17.07,0.0,23.579c5.219,5.219,141.481,141.481,141.484,141.485c6.513,6.513,17.065,6.514,23.579,0.0l23.585,-23.579c25.244,-25.24,31.124,-63.903,16.112,-95.192l182.496,-150.629c0.429,-0.358,0.841,-0.733,1.237,-1.129c17.724,-17.884,27.199,-43.083,23.382,-70.605l11.915,-11.916l52.044,52.048c6.513,6.513,17.065,6.514,23.579,0.0C514.055,203.945,514.055,193.387,507.542,186.874zM65.906,380.59l-22.41,-22.41l11.789,-11.795c13.1,-13.104,32.212,-17.5,49.279,-12.633L65.906,380.59zM173.196,464.297l-11.795,11.789l-22.41,-22.41l46.838,-38.66C190.693,432.08,186.296,451.193,173.196,464.297zM325.799,217.363l-70.743,70.743c-6.513,6.513,-17.065,6.514,-23.579,0.0c-6.514,-6.509,-6.514,-17.071,0.0,-23.579l70.743,-70.743c6.513,-6.513,17.066,-6.513,23.579,0.0C332.312,200.291,332.312,210.854,325.799,217.363zM420.131,123.036l-12.967,12.967c-3.066,-4.636,-6.605,-9.001,-10.623,-13.016c-4.036,-4.019,-8.388,-7.534,-12.976,-10.554l12.982,-12.982c6.503,-6.508,17.087,-6.498,23.579,0.0C426.629,105.955,426.629,116.533,420.131,123.036z"">
   </path>
  </g>
 </g>
</svg>


Question: How many propellers does the object in the image have?",Two,One,Three,Four,A,aerial_crafts
154,"Examine the following SVG code carefully and answer the question based on your interpretation of the rendered image.

<svg id=""Layer_1"" style=""enable-background:new 0 0 511.999 511.999;"" version=""1.1"" viewbox=""0 0 511.999 511.999"" x=""0px"" xml:space=""preserve"" y=""0px"">
 <g>
  <g>
   <path d=""M214.819,82.78c-0.003,-0.004,-0.004,-0.007,-0.004,-0.007c-55.354,-55.354,-43.668,-43.667,-58.917,-58.923C129.882,-2.155,87.533,-2.155,61.538,23.819c-26.153,26.007,-26.128,68.232,-0.032,94.316c48.334,48.334,21.149,21.158,97.394,97.397l85.29,-103.332C244.188,112.198,214.823,82.78,214.819,82.78zM132.218,141.69l-23.55,-23.55l47.213,-47.136l23.551,23.546L132.218,141.69z"">
   </path>
  </g>
 </g>
 <g>
  <g>
   <path d=""M495.725,363.684c-74.725,-74.726,-50.088,-50.104,-88.342,-88.292l-103.333,85.289c84.586,84.594,69.319,69.309,97.392,97.396c25.731,25.731,67.978,26.436,94.3,-0.011C521.748,432.038,521.742,389.705,495.725,363.684zM401.442,410.913l-23.55,-23.55l47.14,-47.214l23.546,23.551L401.442,410.913z"">
   </path>
  </g>
 </g>
 <g>
  <g>
   <path d=""M507.542,186.874l-54.215,-54.219c8.811,-18.574,5.732,-41.43,-9.618,-56.787c-15.353,-15.345,-38.208,-18.426,-56.783,-9.614L332.708,12.04c-6.513,-6.513,-17.076,-6.513,-23.579,0.0c-6.513,6.513,-6.513,17.07,0.0,23.579l52.048,52.044L349.223,99.617c-25.043,-3.487,-51.375,4.24,-70.588,23.37c-0.391,0.386,-0.76,0.793,-1.107,1.211L126.896,306.697c-31.288,-15.004,-69.947,-9.133,-95.19,16.11L8.128,346.391c-6.513,6.513,-6.513,17.07,0.0,23.579c5.219,5.219,141.481,141.481,141.484,141.485c6.513,6.513,17.065,6.514,23.579,0.0l23.585,-23.579c25.244,-25.24,31.124,-63.903,16.112,-95.192l182.496,-150.629c0.429,-0.358,0.841,-0.733,1.237,-1.129c17.724,-17.884,27.199,-43.083,23.382,-70.605l11.915,-11.916l52.044,52.048c6.513,6.513,17.065,6.514,23.579,0.0C514.055,203.945,514.055,193.387,507.542,186.874zM65.906,380.59l-22.41,-22.41l11.789,-11.795c13.1,-13.104,32.212,-17.5,49.279,-12.633L65.906,380.59zM173.196,464.297l-11.795,11.789l-22.41,-22.41l46.838,-38.66C190.693,432.08,186.296,451.193,173.196,464.297zM325.799,217.363l-70.743,70.743c-6.513,6.513,-17.065,6.514,-23.579,0.0c-6.514,-6.509,-6.514,-17.071,0.0,-23.579l70.743,-70.743c6.513,-6.513,17.066,-6.513,23.579,0.0C332.312,200.291,332.312,210.854,325.799,217.363zM420.131,123.036l-12.967,12.967c-3.066,-4.636,-6.605,-9.001,-10.623,-13.016c-4.036,-4.019,-8.388,-7.534,-12.976,-10.554l12.982,-12.982c6.503,-6.508,17.087,-6.498,23.579,0.0C426.629,105.955,426.629,116.533,420.131,123.036z"">
   </path>
  </g>
 </g>
</svg>


Question: What is the orientation of the object in the image?",Horizontal,Vertical,Circular,Diagonal,D,aerial_crafts
155,"Examine the following SVG code carefully and answer the question based on your interpretation of the rendered image.

<svg id=""Layer_1"" style=""enable-background:new 0 0 511.999 511.999;"" version=""1.1"" viewbox=""0 0 511.999 511.999"" x=""0px"" xml:space=""preserve"" y=""0px"">
 <g>
  <g>
   <path d=""M214.819,82.78c-0.003,-0.004,-0.004,-0.007,-0.004,-0.007c-55.354,-55.354,-43.668,-43.667,-58.917,-58.923C129.882,-2.155,87.533,-2.155,61.538,23.819c-26.153,26.007,-26.128,68.232,-0.032,94.316c48.334,48.334,21.149,21.158,97.394,97.397l85.29,-103.332C244.188,112.198,214.823,82.78,214.819,82.78zM132.218,141.69l-23.55,-23.55l47.213,-47.136l23.551,23.546L132.218,141.69z"">
   </path>
  </g>
 </g>
 <g>
  <g>
   <path d=""M495.725,363.684c-74.725,-74.726,-50.088,-50.104,-88.342,-88.292l-103.333,85.289c84.586,84.594,69.319,69.309,97.392,97.396c25.731,25.731,67.978,26.436,94.3,-0.011C521.748,432.038,521.742,389.705,495.725,363.684zM401.442,410.913l-23.55,-23.55l47.14,-47.214l23.546,23.551L401.442,410.913z"">
   </path>
  </g>
 </g>
 <g>
  <g>
   <path d=""M507.542,186.874l-54.215,-54.219c8.811,-18.574,5.732,-41.43,-9.618,-56.787c-15.353,-15.345,-38.208,-18.426,-56.783,-9.614L332.708,12.04c-6.513,-6.513,-17.076,-6.513,-23.579,0.0c-6.513,6.513,-6.513,17.07,0.0,23.579l52.048,52.044L349.223,99.617c-25.043,-3.487,-51.375,4.24,-70.588,23.37c-0.391,0.386,-0.76,0.793,-1.107,1.211L126.896,306.697c-31.288,-15.004,-69.947,-9.133,-95.19,16.11L8.128,346.391c-6.513,6.513,-6.513,17.07,0.0,23.579c5.219,5.219,141.481,141.481,141.484,141.485c6.513,6.513,17.065,6.514,23.579,0.0l23.585,-23.579c25.244,-25.24,31.124,-63.903,16.112,-95.192l182.496,-150.629c0.429,-0.358,0.841,-0.733,1.237,-1.129c17.724,-17.884,27.199,-43.083,23.382,-70.605l11.915,-11.916l52.044,52.048c6.513,6.513,17.065,6.514,23.579,0.0C514.055,203.945,514.055,193.387,507.542,186.874zM65.906,380.59l-22.41,-22.41l11.789,-11.795c13.1,-13.104,32.212,-17.5,49.279,-12.633L65.906,380.59zM173.196,464.297l-11.795,11.789l-22.41,-22.41l46.838,-38.66C190.693,432.08,186.296,451.193,173.196,464.297zM325.799,217.363l-70.743,70.743c-6.513,6.513,-17.065,6.514,-23.579,0.0c-6.514,-6.509,-6.514,-17.071,0.0,-23.579l70.743,-70.743c6.513,-6.513,17.066,-6.513,23.579,0.0C332.312,200.291,332.312,210.854,325.799,217.363zM420.131,123.036l-12.967,12.967c-3.066,-4.636,-6.605,-9.001,-10.623,-13.016c-4.036,-4.019,-8.388,-7.534,-12.976,-10.554l12.982,-12.982c6.503,-6.508,17.087,-6.498,23.579,0.0C426.629,105.955,426.629,116.533,420.131,123.036z"">
   </path>
  </g>
 </g>
</svg>


Question: What is the object in the image?",Car,Airplane,Boat,Train,B,aerial_crafts
196,"Examine the following SVG code carefully and answer the question based on your interpretation of the rendered image.

<svg id=""Layer_1"" style=""enable-background:new 0 0 512 512;"" version=""1.1"" viewbox=""0 0 512 512"" x=""0px"" xml:space=""preserve"" y=""0px"">
 <path d=""M2.92,313.771c0.0,0.0,4.238,7.944,9.416,17.656c5.179,9.71,21.599,17.656,36.487,17.656h420.193c14.89,0.0,31.309,-7.944,36.487,-17.656S514.92,313.771,514.92,313.771H2.92z"" style=""fill:#3D51CC;"">
 </path>
 <path d=""M405.262,263.331H112.578c-4.661,0.0,-8.44,-3.778,-8.44,-8.44c0.0,-4.662,3.779,-8.44,8.44,-8.44h292.684c4.661,0.0,8.44,3.778,8.44,8.44C413.702,259.554,409.923,263.331,405.262,263.331z"" style=""fill:#4C7FE1;"">
 </path>
 <path d=""M258.92,115.253c-10.023,4.49,-16.879,13.548,-16.879,24.001v113.695h33.758V139.254C275.799,128.801,268.943,119.743,258.92,115.253z"" style=""fill:#3D51CC;"">
 </path>
 <ellipse cx=""256"" cy=""305.038"" rx=""72.051"" ry=""79.645"" style=""fill:#5BACF5;"" transform=""translate(2.9198339888771274,2.8465468515581773) rotate(0, 0, 0)"">
 </ellipse>
 <g>
  <circle cx=""402.910"" cy=""375.762"" r=""26.679"" style=""fill:#353185;"">
  </circle>
  <circle cx=""114.930"" cy=""375.762"" r=""26.679"" style=""fill:#353185;"">
  </circle>
 </g>
 <path d=""M291.779,292.784h-65.718c-4.661,0.0,-8.44,-3.778,-8.44,-8.44s3.779,-8.44,8.44,-8.44h65.718c4.661,0.0,8.44,3.778,8.44,8.44S296.44,292.784,291.779,292.784z"" style=""fill:#FFFFFF;"">
 </path>
</svg>


Question: What is the primary color of the object in the image?",Blue,Red,Green,Yellow,A,aerial_crafts
197,"Examine the following SVG code carefully and answer the question based on your interpretation of the rendered image.

<svg id=""Layer_1"" style=""enable-background:new 0 0 512 512;"" version=""1.1"" viewbox=""0 0 512 512"" x=""0px"" xml:space=""preserve"" y=""0px"">
 <path d=""M2.92,313.771c0.0,0.0,4.238,7.944,9.416,17.656c5.179,9.71,21.599,17.656,36.487,17.656h420.193c14.89,0.0,31.309,-7.944,36.487,-17.656S514.92,313.771,514.92,313.771H2.92z"" style=""fill:#3D51CC;"">
 </path>
 <path d=""M405.262,263.331H112.578c-4.661,0.0,-8.44,-3.778,-8.44,-8.44c0.0,-4.662,3.779,-8.44,8.44,-8.44h292.684c4.661,0.0,8.44,3.778,8.44,8.44C413.702,259.554,409.923,263.331,405.262,263.331z"" style=""fill:#4C7FE1;"">
 </path>
 <path d=""M258.92,115.253c-10.023,4.49,-16.879,13.548,-16.879,24.001v113.695h33.758V139.254C275.799,128.801,268.943,119.743,258.92,115.253z"" style=""fill:#3D51CC;"">
 </path>
 <ellipse cx=""256"" cy=""305.038"" rx=""72.051"" ry=""79.645"" style=""fill:#5BACF5;"" transform=""translate(2.9198339888771274,2.8465468515581773) rotate(0, 0, 0)"">
 </ellipse>
 <g>
  <circle cx=""402.910"" cy=""375.762"" r=""26.679"" style=""fill:#353185;"">
  </circle>
  <circle cx=""114.930"" cy=""375.762"" r=""26.679"" style=""fill:#353185;"">
  </circle>
 </g>
 <path d=""M291.779,292.784h-65.718c-4.661,0.0,-8.44,-3.778,-8.44,-8.44s3.779,-8.44,8.44,-8.44h65.718c4.661,0.0,8.44,3.778,8.44,8.44S296.44,292.784,291.779,292.784z"" style=""fill:#FFFFFF;"">
 </path>
</svg>


Question: How many engines does the object in the image have?",One,Two,Three,Four,B,aerial_crafts
198,"Examine the following SVG code carefully and answer the question based on your interpretation of the rendered image.

<svg id=""Layer_1"" style=""enable-background:new 0 0 512 512;"" version=""1.1"" viewbox=""0 0 512 512"" x=""0px"" xml:space=""preserve"" y=""0px"">
 <path d=""M2.92,313.771c0.0,0.0,4.238,7.944,9.416,17.656c5.179,9.71,21.599,17.656,36.487,17.656h420.193c14.89,0.0,31.309,-7.944,36.487,-17.656S514.92,313.771,514.92,313.771H2.92z"" style=""fill:#3D51CC;"">
 </path>
 <path d=""M405.262,263.331H112.578c-4.661,0.0,-8.44,-3.778,-8.44,-8.44c0.0,-4.662,3.779,-8.44,8.44,-8.44h292.684c4.661,0.0,8.44,3.778,8.44,8.44C413.702,259.554,409.923,263.331,405.262,263.331z"" style=""fill:#4C7FE1;"">
 </path>
 <path d=""M258.92,115.253c-10.023,4.49,-16.879,13.548,-16.879,24.001v113.695h33.758V139.254C275.799,128.801,268.943,119.743,258.92,115.253z"" style=""fill:#3D51CC;"">
 </path>
 <ellipse cx=""256"" cy=""305.038"" rx=""72.051"" ry=""79.645"" style=""fill:#5BACF5;"" transform=""translate(2.9198339888771274,2.8465468515581773) rotate(0, 0, 0)"">
 </ellipse>
 <g>
  <circle cx=""402.910"" cy=""375.762"" r=""26.679"" style=""fill:#353185;"">
  </circle>
  <circle cx=""114.930"" cy=""375.762"" r=""26.679"" style=""fill:#353185;"">
  </circle>
 </g>
 <path d=""M291.779,292.784h-65.718c-4.661,0.0,-8.44,-3.778,-8.44,-8.44s3.779,-8.44,8.44,-8.44h65.718c4.661,0.0,8.44,3.778,8.44,8.44S296.44,292.784,291.779,292.784z"" style=""fill:#FFFFFF;"">
 </path>
</svg>


Question: What shape is the nose of the object in the image?",Square,Triangle,Circle,Oval,D,aerial_crafts
199,"Examine the following SVG code carefully and answer the question based on your interpretation of the rendered image.

<svg id=""Layer_1"" style=""enable-background:new 0 0 512 512;"" version=""1.1"" viewbox=""0 0 512 512"" x=""0px"" xml:space=""preserve"" y=""0px"">
 <path d=""M2.92,313.771c0.0,0.0,4.238,7.944,9.416,17.656c5.179,9.71,21.599,17.656,36.487,17.656h420.193c14.89,0.0,31.309,-7.944,36.487,-17.656S514.92,313.771,514.92,313.771H2.92z"" style=""fill:#3D51CC;"">
 </path>
 <path d=""M405.262,263.331H112.578c-4.661,0.0,-8.44,-3.778,-8.44,-8.44c0.0,-4.662,3.779,-8.44,8.44,-8.44h292.684c4.661,0.0,8.44,3.778,8.44,8.44C413.702,259.554,409.923,263.331,405.262,263.331z"" style=""fill:#4C7FE1;"">
 </path>
 <path d=""M258.92,115.253c-10.023,4.49,-16.879,13.548,-16.879,24.001v113.695h33.758V139.254C275.799,128.801,268.943,119.743,258.92,115.253z"" style=""fill:#3D51CC;"">
 </path>
 <ellipse cx=""256"" cy=""305.038"" rx=""72.051"" ry=""79.645"" style=""fill:#5BACF5;"" transform=""translate(2.9198339888771274,2.8465468515581773) rotate(0, 0, 0)"">
 </ellipse>
 <g>
  <circle cx=""402.910"" cy=""375.762"" r=""26.679"" style=""fill:#353185;"">
  </circle>
  <circle cx=""114.930"" cy=""375.762"" r=""26.679"" style=""fill:#353185;"">
  </circle>
 </g>
 <path d=""M291.779,292.784h-65.718c-4.661,0.0,-8.44,-3.778,-8.44,-8.44s3.779,-8.44,8.44,-8.44h65.718c4.661,0.0,8.44,3.778,8.44,8.44S296.44,292.784,291.779,292.784z"" style=""fill:#FFFFFF;"">
 </path>
</svg>


Question: What type of object is shown in the image?",Car,Boat,Airplane,Train,C,aerial_crafts
208,"Examine the following SVG code carefully and answer the question based on your interpretation of the rendered image.

<svg id=""Layer_1"" style=""enable-background:new 0 0 511.999 511.999;"" version=""1.1"" viewbox=""0 0 511.999 511.999"" x=""0px"" xml:space=""preserve"" y=""0px"">
 <path d=""M201.184,421.237c0.0,39.698,24.461,73.664,59.125,87.705c34.665,-14.041,59.125,-48.007,59.125,-87.705c0.0,-13.088,-2.671,-25.545,-7.479,-36.878H208.665C203.858,395.692,201.184,408.149,201.184,421.237z"" style=""fill:#FF9737;"">
 </path>
 <path d=""M228.886,384.358c1.518,19.471,14.081,35.837,31.423,42.862c17.345,-7.026,29.903,-23.391,31.421,-42.862H228.886z"" style=""fill:#FFD960;"">
 </path>
 <path d=""M333.357,144.354v-25.669c0.0,-36.308,-29.434,-65.742,-65.743,-65.742h-14.611c-36.31,0.0,-65.743,29.434,-65.743,65.742v247.662c0.0,9.947,8.063,18.012,18.013,18.012h110.071c9.948,0.0,18.013,-8.065,18.013,-18.012V170.761"" style=""fill:#CAE9F7;"">
 </path>
 <path d=""M187.261,340.329v26.017c0.0,9.947,8.063,18.012,18.013,18.012h110.071c9.948,0.0,18.013,-8.065,18.013,-18.012v-26.017H187.261z"" style=""fill:#90C8EC;"">
 </path>
 <g>
  <circle cx=""260.309"" cy=""266.275"" r=""32.021"" style=""fill:#3A5D74;"">
  </circle>
  <path d=""M422.416,390.363v-50.034c0.0,-22.187,-10.76,-36.459,-14.446,-40.696l-74.613,-80.983V366.346l78.583,36.2C414.871,403.685,422.416,405.18,422.416,390.363z"" style=""fill:#3A5D74;"">
  </path>
  <path d=""M98.201,390.363v-50.034c0.0,-22.187,10.76,-36.459,14.446,-40.696l74.613,-80.983V366.346l-78.581,36.2C105.746,403.685,98.201,405.18,98.201,390.363z"" style=""fill:#3A5D74;"">
  </path>
 </g>
 <g style=""opacity:0.2;"">
  <path d=""M226.334,423.926c0.0,-14.042,2.868,-27.408,8.025,-39.567h-25.696c-4.806,11.333,-7.48,23.79,-7.48,36.878c0.0,39.698,24.461,73.664,59.125,87.705c2.491,-1.008,4.921,-2.132,7.301,-3.34C242.578,487.119,226.334,457.428,226.334,423.926z"" style=""fill:#231F20;"">
  </path>
 </g>
 <g style=""opacity:0.2;"">
  <path d=""M212.411,366.346V118.685c0.0,-34.533,26.63,-62.825,60.472,-65.512c-1.74,-0.138,-3.493,-0.229,-5.27,-0.229h-14.611c-36.31,0.0,-65.743,29.434,-65.743,65.742v247.662c0.0,9.947,8.063,18.012,18.013,18.012h25.151C220.474,384.358,212.411,376.294,212.411,366.346z"" style=""fill:#231F20;"">
  </path>
 </g>
 <g style=""opacity:0.2;"">
  <path d=""M253.438,266.28c0.0,-13.221,8.012,-24.567,19.445,-29.456c-3.861,-1.65,-8.11,-2.566,-12.575,-2.566c-17.686,0.0,-32.021,14.336,-32.021,32.022c0.0,17.685,14.335,32.021,32.021,32.021c4.465,0.0,8.714,-0.916,12.575,-2.566C261.45,290.847,253.438,279.5,253.438,266.28z"" style=""fill:#231F20;"">
  </path>
 </g>
 <g style=""opacity:0.2;"">
  <path d=""M123.351,347.874c0.0,-22.187,10.76,-36.459,14.446,-40.696l49.462,-53.686v-34.843l-74.613,80.983c-3.686,4.237,-14.446,18.509,-14.446,40.696v50.034c0.0,14.818,7.545,13.323,10.478,12.185l14.672,-6.759C123.351,395.788,123.351,347.874,123.351,347.874z"" style=""fill:#231F20;"">
  </path>
 </g>
 <g>
  <path d=""M220.203,266.28c0.0,22.114,17.991,40.105,40.105,40.105s40.105,-17.991,40.105,-40.105c0.0,-22.115,-17.991,-40.106,-40.105,-40.106C238.194,226.173,220.203,244.164,220.203,266.28zM284.245,266.28c0.0,13.199,-10.738,23.937,-23.937,23.937c-13.199,0.0,-23.937,-10.738,-23.937,-23.937c0.0,-13.2,10.738,-23.938,23.937,-23.938C273.507,242.342,284.245,253.08,284.245,266.28z"" style=""fill:#231F20;"">
  </path>
  <path d=""M414.068,294.328c-0.051,-0.058,-0.101,-0.114,-0.154,-0.171l-72.473,-78.662v-44.733c0.0,-4.465,-3.618,-8.084,-8.084,-8.084c-4.466,0.0,-8.084,3.62,-8.084,8.084v47.89v113.595H195.344V218.651v-99.966c0.0,-31.793,25.865,-57.658,57.659,-57.658h14.611c31.794,0.0,57.659,25.865,57.659,57.658v25.669c0.0,4.465,3.618,8.084,8.084,8.084c4.466,0.0,8.084,-3.62,8.084,-8.084v-25.669c0.0,-40.447,-32.699,-73.385,-73.048,-73.806V13.11c0.0,-4.465,-3.618,-8.084,-8.084,-8.084c-4.466,0.0,-8.084,3.62,-8.084,8.084v31.769c-40.349,0.421,-73.049,33.359,-73.049,73.806v96.809l-72.473,78.661c-0.053,0.057,-0.103,0.113,-0.154,0.171c-4.94,5.678,-16.431,21.528,-16.431,46.002v50.033c0.0,19.432,11.657,20.943,15.231,20.943c2.062,0.0,4.167,-0.412,6.257,-1.222c0.155,-0.06,0.307,-0.125,0.457,-0.194l69.747,-32.131c3.137,6.421,8.83,11.374,15.749,13.519c-2.959,9.674,-4.458,19.709,-4.458,29.959c0.0,42.04,25.189,79.407,64.174,95.197c0.972,0.395,2.004,0.592,3.034,0.592s2.062,-0.197,3.034,-0.591c38.984,-15.79,64.174,-53.157,64.174,-95.199c0.0,-10.252,-1.499,-20.288,-4.457,-29.959c6.918,-2.145,12.612,-7.098,15.748,-13.519l69.75,32.131c0.15,0.069,0.301,0.134,0.455,0.193c2.089,0.811,4.194,1.222,6.256,1.223c0.001,0.0,0.002,0.0,0.002,0.0c4.594,0.0,8.617,-2.048,11.331,-5.768c2.624,-3.596,3.899,-8.56,3.899,-15.176v-50.033C430.501,315.855,419.008,300.005,414.068,294.328zM106.634,394.588c-0.182,-0.883,-0.348,-2.236,-0.348,-4.225v-50.033c0.0,-19.393,9.387,-31.831,12.39,-35.308l60.5,-65.665v100.974v20.841L106.634,394.588zM260.309,500.154c-31.117,-13.975,-51.04,-44.598,-51.04,-78.917c0.0,-9.9,1.653,-19.562,4.923,-28.794h7.721c4.002,18.816,17.28,34.946,35.361,42.271c0.972,0.395,2.004,0.592,3.034,0.592s2.062,-0.197,3.034,-0.591c18.081,-7.323,31.357,-23.455,35.358,-42.272h7.724c3.268,9.229,4.922,18.89,4.922,28.794C311.349,455.556,291.425,486.179,260.309,500.154zM238.576,392.442h43.464c-3.339,11.133,-11.223,20.642,-21.731,25.913C249.8,413.084,241.915,403.573,238.576,392.442zM315.345,376.273h-3.392h-20.223h-62.844h-20.221h-3.391c-5.475,0.0,-9.928,-4.453,-9.928,-9.927v-17.933h129.929v17.933C325.273,371.821,320.819,376.273,315.345,376.273zM414.332,390.363c0.0,1.99,-0.166,3.343,-0.348,4.224l-72.542,-33.417v-20.841V239.355l60.5,65.665c3.003,3.476,12.39,15.915,12.39,35.308V390.363z"" style=""fill:#231F20;"">
  </path>
 </g>
</svg>


Question: What is the primary color of the body of the object?",Red,Blue,Green,Yellow,B,aerial_crafts
209,"Examine the following SVG code carefully and answer the question based on your interpretation of the rendered image.

<svg id=""Layer_1"" style=""enable-background:new 0 0 511.999 511.999;"" version=""1.1"" viewbox=""0 0 511.999 511.999"" x=""0px"" xml:space=""preserve"" y=""0px"">
 <path d=""M201.184,421.237c0.0,39.698,24.461,73.664,59.125,87.705c34.665,-14.041,59.125,-48.007,59.125,-87.705c0.0,-13.088,-2.671,-25.545,-7.479,-36.878H208.665C203.858,395.692,201.184,408.149,201.184,421.237z"" style=""fill:#FF9737;"">
 </path>
 <path d=""M228.886,384.358c1.518,19.471,14.081,35.837,31.423,42.862c17.345,-7.026,29.903,-23.391,31.421,-42.862H228.886z"" style=""fill:#FFD960;"">
 </path>
 <path d=""M333.357,144.354v-25.669c0.0,-36.308,-29.434,-65.742,-65.743,-65.742h-14.611c-36.31,0.0,-65.743,29.434,-65.743,65.742v247.662c0.0,9.947,8.063,18.012,18.013,18.012h110.071c9.948,0.0,18.013,-8.065,18.013,-18.012V170.761"" style=""fill:#CAE9F7;"">
 </path>
 <path d=""M187.261,340.329v26.017c0.0,9.947,8.063,18.012,18.013,18.012h110.071c9.948,0.0,18.013,-8.065,18.013,-18.012v-26.017H187.261z"" style=""fill:#90C8EC;"">
 </path>
 <g>
  <circle cx=""260.309"" cy=""266.275"" r=""32.021"" style=""fill:#3A5D74;"">
  </circle>
  <path d=""M422.416,390.363v-50.034c0.0,-22.187,-10.76,-36.459,-14.446,-40.696l-74.613,-80.983V366.346l78.583,36.2C414.871,403.685,422.416,405.18,422.416,390.363z"" style=""fill:#3A5D74;"">
  </path>
  <path d=""M98.201,390.363v-50.034c0.0,-22.187,10.76,-36.459,14.446,-40.696l74.613,-80.983V366.346l-78.581,36.2C105.746,403.685,98.201,405.18,98.201,390.363z"" style=""fill:#3A5D74;"">
  </path>
 </g>
 <g style=""opacity:0.2;"">
  <path d=""M226.334,423.926c0.0,-14.042,2.868,-27.408,8.025,-39.567h-25.696c-4.806,11.333,-7.48,23.79,-7.48,36.878c0.0,39.698,24.461,73.664,59.125,87.705c2.491,-1.008,4.921,-2.132,7.301,-3.34C242.578,487.119,226.334,457.428,226.334,423.926z"" style=""fill:#231F20;"">
  </path>
 </g>
 <g style=""opacity:0.2;"">
  <path d=""M212.411,366.346V118.685c0.0,-34.533,26.63,-62.825,60.472,-65.512c-1.74,-0.138,-3.493,-0.229,-5.27,-0.229h-14.611c-36.31,0.0,-65.743,29.434,-65.743,65.742v247.662c0.0,9.947,8.063,18.012,18.013,18.012h25.151C220.474,384.358,212.411,376.294,212.411,366.346z"" style=""fill:#231F20;"">
  </path>
 </g>
 <g style=""opacity:0.2;"">
  <path d=""M253.438,266.28c0.0,-13.221,8.012,-24.567,19.445,-29.456c-3.861,-1.65,-8.11,-2.566,-12.575,-2.566c-17.686,0.0,-32.021,14.336,-32.021,32.022c0.0,17.685,14.335,32.021,32.021,32.021c4.465,0.0,8.714,-0.916,12.575,-2.566C261.45,290.847,253.438,279.5,253.438,266.28z"" style=""fill:#231F20;"">
  </path>
 </g>
 <g style=""opacity:0.2;"">
  <path d=""M123.351,347.874c0.0,-22.187,10.76,-36.459,14.446,-40.696l49.462,-53.686v-34.843l-74.613,80.983c-3.686,4.237,-14.446,18.509,-14.446,40.696v50.034c0.0,14.818,7.545,13.323,10.478,12.185l14.672,-6.759C123.351,395.788,123.351,347.874,123.351,347.874z"" style=""fill:#231F20;"">
  </path>
 </g>
 <g>
  <path d=""M220.203,266.28c0.0,22.114,17.991,40.105,40.105,40.105s40.105,-17.991,40.105,-40.105c0.0,-22.115,-17.991,-40.106,-40.105,-40.106C238.194,226.173,220.203,244.164,220.203,266.28zM284.245,266.28c0.0,13.199,-10.738,23.937,-23.937,23.937c-13.199,0.0,-23.937,-10.738,-23.937,-23.937c0.0,-13.2,10.738,-23.938,23.937,-23.938C273.507,242.342,284.245,253.08,284.245,266.28z"" style=""fill:#231F20;"">
  </path>
  <path d=""M414.068,294.328c-0.051,-0.058,-0.101,-0.114,-0.154,-0.171l-72.473,-78.662v-44.733c0.0,-4.465,-3.618,-8.084,-8.084,-8.084c-4.466,0.0,-8.084,3.62,-8.084,8.084v47.89v113.595H195.344V218.651v-99.966c0.0,-31.793,25.865,-57.658,57.659,-57.658h14.611c31.794,0.0,57.659,25.865,57.659,57.658v25.669c0.0,4.465,3.618,8.084,8.084,8.084c4.466,0.0,8.084,-3.62,8.084,-8.084v-25.669c0.0,-40.447,-32.699,-73.385,-73.048,-73.806V13.11c0.0,-4.465,-3.618,-8.084,-8.084,-8.084c-4.466,0.0,-8.084,3.62,-8.084,8.084v31.769c-40.349,0.421,-73.049,33.359,-73.049,73.806v96.809l-72.473,78.661c-0.053,0.057,-0.103,0.113,-0.154,0.171c-4.94,5.678,-16.431,21.528,-16.431,46.002v50.033c0.0,19.432,11.657,20.943,15.231,20.943c2.062,0.0,4.167,-0.412,6.257,-1.222c0.155,-0.06,0.307,-0.125,0.457,-0.194l69.747,-32.131c3.137,6.421,8.83,11.374,15.749,13.519c-2.959,9.674,-4.458,19.709,-4.458,29.959c0.0,42.04,25.189,79.407,64.174,95.197c0.972,0.395,2.004,0.592,3.034,0.592s2.062,-0.197,3.034,-0.591c38.984,-15.79,64.174,-53.157,64.174,-95.199c0.0,-10.252,-1.499,-20.288,-4.457,-29.959c6.918,-2.145,12.612,-7.098,15.748,-13.519l69.75,32.131c0.15,0.069,0.301,0.134,0.455,0.193c2.089,0.811,4.194,1.222,6.256,1.223c0.001,0.0,0.002,0.0,0.002,0.0c4.594,0.0,8.617,-2.048,11.331,-5.768c2.624,-3.596,3.899,-8.56,3.899,-15.176v-50.033C430.501,315.855,419.008,300.005,414.068,294.328zM106.634,394.588c-0.182,-0.883,-0.348,-2.236,-0.348,-4.225v-50.033c0.0,-19.393,9.387,-31.831,12.39,-35.308l60.5,-65.665v100.974v20.841L106.634,394.588zM260.309,500.154c-31.117,-13.975,-51.04,-44.598,-51.04,-78.917c0.0,-9.9,1.653,-19.562,4.923,-28.794h7.721c4.002,18.816,17.28,34.946,35.361,42.271c0.972,0.395,2.004,0.592,3.034,0.592s2.062,-0.197,3.034,-0.591c18.081,-7.323,31.357,-23.455,35.358,-42.272h7.724c3.268,9.229,4.922,18.89,4.922,28.794C311.349,455.556,291.425,486.179,260.309,500.154zM238.576,392.442h43.464c-3.339,11.133,-11.223,20.642,-21.731,25.913C249.8,413.084,241.915,403.573,238.576,392.442zM315.345,376.273h-3.392h-20.223h-62.844h-20.221h-3.391c-5.475,0.0,-9.928,-4.453,-9.928,-9.927v-17.933h129.929v17.933C325.273,371.821,320.819,376.273,315.345,376.273zM414.332,390.363c0.0,1.99,-0.166,3.343,-0.348,4.224l-72.542,-33.417v-20.841V239.355l60.5,65.665c3.003,3.476,12.39,15.915,12.39,35.308V390.363z"" style=""fill:#231F20;"">
  </path>
 </g>
</svg>


Question: What shape is the window on the object?",Square,Triangle,Circle,Hexagon,C,aerial_crafts
210,"Examine the following SVG code carefully and answer the question based on your interpretation of the rendered image.

<svg id=""Layer_1"" style=""enable-background:new 0 0 511.999 511.999;"" version=""1.1"" viewbox=""0 0 511.999 511.999"" x=""0px"" xml:space=""preserve"" y=""0px"">
 <path d=""M201.184,421.237c0.0,39.698,24.461,73.664,59.125,87.705c34.665,-14.041,59.125,-48.007,59.125,-87.705c0.0,-13.088,-2.671,-25.545,-7.479,-36.878H208.665C203.858,395.692,201.184,408.149,201.184,421.237z"" style=""fill:#FF9737;"">
 </path>
 <path d=""M228.886,384.358c1.518,19.471,14.081,35.837,31.423,42.862c17.345,-7.026,29.903,-23.391,31.421,-42.862H228.886z"" style=""fill:#FFD960;"">
 </path>
 <path d=""M333.357,144.354v-25.669c0.0,-36.308,-29.434,-65.742,-65.743,-65.742h-14.611c-36.31,0.0,-65.743,29.434,-65.743,65.742v247.662c0.0,9.947,8.063,18.012,18.013,18.012h110.071c9.948,0.0,18.013,-8.065,18.013,-18.012V170.761"" style=""fill:#CAE9F7;"">
 </path>
 <path d=""M187.261,340.329v26.017c0.0,9.947,8.063,18.012,18.013,18.012h110.071c9.948,0.0,18.013,-8.065,18.013,-18.012v-26.017H187.261z"" style=""fill:#90C8EC;"">
 </path>
 <g>
  <circle cx=""260.309"" cy=""266.275"" r=""32.021"" style=""fill:#3A5D74;"">
  </circle>
  <path d=""M422.416,390.363v-50.034c0.0,-22.187,-10.76,-36.459,-14.446,-40.696l-74.613,-80.983V366.346l78.583,36.2C414.871,403.685,422.416,405.18,422.416,390.363z"" style=""fill:#3A5D74;"">
  </path>
  <path d=""M98.201,390.363v-50.034c0.0,-22.187,10.76,-36.459,14.446,-40.696l74.613,-80.983V366.346l-78.581,36.2C105.746,403.685,98.201,405.18,98.201,390.363z"" style=""fill:#3A5D74;"">
  </path>
 </g>
 <g style=""opacity:0.2;"">
  <path d=""M226.334,423.926c0.0,-14.042,2.868,-27.408,8.025,-39.567h-25.696c-4.806,11.333,-7.48,23.79,-7.48,36.878c0.0,39.698,24.461,73.664,59.125,87.705c2.491,-1.008,4.921,-2.132,7.301,-3.34C242.578,487.119,226.334,457.428,226.334,423.926z"" style=""fill:#231F20;"">
  </path>
 </g>
 <g style=""opacity:0.2;"">
  <path d=""M212.411,366.346V118.685c0.0,-34.533,26.63,-62.825,60.472,-65.512c-1.74,-0.138,-3.493,-0.229,-5.27,-0.229h-14.611c-36.31,0.0,-65.743,29.434,-65.743,65.742v247.662c0.0,9.947,8.063,18.012,18.013,18.012h25.151C220.474,384.358,212.411,376.294,212.411,366.346z"" style=""fill:#231F20;"">
  </path>
 </g>
 <g style=""opacity:0.2;"">
  <path d=""M253.438,266.28c0.0,-13.221,8.012,-24.567,19.445,-29.456c-3.861,-1.65,-8.11,-2.566,-12.575,-2.566c-17.686,0.0,-32.021,14.336,-32.021,32.022c0.0,17.685,14.335,32.021,32.021,32.021c4.465,0.0,8.714,-0.916,12.575,-2.566C261.45,290.847,253.438,279.5,253.438,266.28z"" style=""fill:#231F20;"">
  </path>
 </g>
 <g style=""opacity:0.2;"">
  <path d=""M123.351,347.874c0.0,-22.187,10.76,-36.459,14.446,-40.696l49.462,-53.686v-34.843l-74.613,80.983c-3.686,4.237,-14.446,18.509,-14.446,40.696v50.034c0.0,14.818,7.545,13.323,10.478,12.185l14.672,-6.759C123.351,395.788,123.351,347.874,123.351,347.874z"" style=""fill:#231F20;"">
  </path>
 </g>
 <g>
  <path d=""M220.203,266.28c0.0,22.114,17.991,40.105,40.105,40.105s40.105,-17.991,40.105,-40.105c0.0,-22.115,-17.991,-40.106,-40.105,-40.106C238.194,226.173,220.203,244.164,220.203,266.28zM284.245,266.28c0.0,13.199,-10.738,23.937,-23.937,23.937c-13.199,0.0,-23.937,-10.738,-23.937,-23.937c0.0,-13.2,10.738,-23.938,23.937,-23.938C273.507,242.342,284.245,253.08,284.245,266.28z"" style=""fill:#231F20;"">
  </path>
  <path d=""M414.068,294.328c-0.051,-0.058,-0.101,-0.114,-0.154,-0.171l-72.473,-78.662v-44.733c0.0,-4.465,-3.618,-8.084,-8.084,-8.084c-4.466,0.0,-8.084,3.62,-8.084,8.084v47.89v113.595H195.344V218.651v-99.966c0.0,-31.793,25.865,-57.658,57.659,-57.658h14.611c31.794,0.0,57.659,25.865,57.659,57.658v25.669c0.0,4.465,3.618,8.084,8.084,8.084c4.466,0.0,8.084,-3.62,8.084,-8.084v-25.669c0.0,-40.447,-32.699,-73.385,-73.048,-73.806V13.11c0.0,-4.465,-3.618,-8.084,-8.084,-8.084c-4.466,0.0,-8.084,3.62,-8.084,8.084v31.769c-40.349,0.421,-73.049,33.359,-73.049,73.806v96.809l-72.473,78.661c-0.053,0.057,-0.103,0.113,-0.154,0.171c-4.94,5.678,-16.431,21.528,-16.431,46.002v50.033c0.0,19.432,11.657,20.943,15.231,20.943c2.062,0.0,4.167,-0.412,6.257,-1.222c0.155,-0.06,0.307,-0.125,0.457,-0.194l69.747,-32.131c3.137,6.421,8.83,11.374,15.749,13.519c-2.959,9.674,-4.458,19.709,-4.458,29.959c0.0,42.04,25.189,79.407,64.174,95.197c0.972,0.395,2.004,0.592,3.034,0.592s2.062,-0.197,3.034,-0.591c38.984,-15.79,64.174,-53.157,64.174,-95.199c0.0,-10.252,-1.499,-20.288,-4.457,-29.959c6.918,-2.145,12.612,-7.098,15.748,-13.519l69.75,32.131c0.15,0.069,0.301,0.134,0.455,0.193c2.089,0.811,4.194,1.222,6.256,1.223c0.001,0.0,0.002,0.0,0.002,0.0c4.594,0.0,8.617,-2.048,11.331,-5.768c2.624,-3.596,3.899,-8.56,3.899,-15.176v-50.033C430.501,315.855,419.008,300.005,414.068,294.328zM106.634,394.588c-0.182,-0.883,-0.348,-2.236,-0.348,-4.225v-50.033c0.0,-19.393,9.387,-31.831,12.39,-35.308l60.5,-65.665v100.974v20.841L106.634,394.588zM260.309,500.154c-31.117,-13.975,-51.04,-44.598,-51.04,-78.917c0.0,-9.9,1.653,-19.562,4.923,-28.794h7.721c4.002,18.816,17.28,34.946,35.361,42.271c0.972,0.395,2.004,0.592,3.034,0.592s2.062,-0.197,3.034,-0.591c18.081,-7.323,31.357,-23.455,35.358,-42.272h7.724c3.268,9.229,4.922,18.89,4.922,28.794C311.349,455.556,291.425,486.179,260.309,500.154zM238.576,392.442h43.464c-3.339,11.133,-11.223,20.642,-21.731,25.913C249.8,413.084,241.915,403.573,238.576,392.442zM315.345,376.273h-3.392h-20.223h-62.844h-20.221h-3.391c-5.475,0.0,-9.928,-4.453,-9.928,-9.927v-17.933h129.929v17.933C325.273,371.821,320.819,376.273,315.345,376.273zM414.332,390.363c0.0,1.99,-0.166,3.343,-0.348,4.224l-72.542,-33.417v-20.841V239.355l60.5,65.665c3.003,3.476,12.39,15.915,12.39,35.308V390.363z"" style=""fill:#231F20;"">
  </path>
 </g>
</svg>


Question: What color is the flame at the bottom of the object?",Red,Blue,Green,Orange,D,aerial_crafts
211,"Examine the following SVG code carefully and answer the question based on your interpretation of the rendered image.

<svg id=""Layer_1"" style=""enable-background:new 0 0 511.999 511.999;"" version=""1.1"" viewbox=""0 0 511.999 511.999"" x=""0px"" xml:space=""preserve"" y=""0px"">
 <path d=""M201.184,421.237c0.0,39.698,24.461,73.664,59.125,87.705c34.665,-14.041,59.125,-48.007,59.125,-87.705c0.0,-13.088,-2.671,-25.545,-7.479,-36.878H208.665C203.858,395.692,201.184,408.149,201.184,421.237z"" style=""fill:#FF9737;"">
 </path>
 <path d=""M228.886,384.358c1.518,19.471,14.081,35.837,31.423,42.862c17.345,-7.026,29.903,-23.391,31.421,-42.862H228.886z"" style=""fill:#FFD960;"">
 </path>
 <path d=""M333.357,144.354v-25.669c0.0,-36.308,-29.434,-65.742,-65.743,-65.742h-14.611c-36.31,0.0,-65.743,29.434,-65.743,65.742v247.662c0.0,9.947,8.063,18.012,18.013,18.012h110.071c9.948,0.0,18.013,-8.065,18.013,-18.012V170.761"" style=""fill:#CAE9F7;"">
 </path>
 <path d=""M187.261,340.329v26.017c0.0,9.947,8.063,18.012,18.013,18.012h110.071c9.948,0.0,18.013,-8.065,18.013,-18.012v-26.017H187.261z"" style=""fill:#90C8EC;"">
 </path>
 <g>
  <circle cx=""260.309"" cy=""266.275"" r=""32.021"" style=""fill:#3A5D74;"">
  </circle>
  <path d=""M422.416,390.363v-50.034c0.0,-22.187,-10.76,-36.459,-14.446,-40.696l-74.613,-80.983V366.346l78.583,36.2C414.871,403.685,422.416,405.18,422.416,390.363z"" style=""fill:#3A5D74;"">
  </path>
  <path d=""M98.201,390.363v-50.034c0.0,-22.187,10.76,-36.459,14.446,-40.696l74.613,-80.983V366.346l-78.581,36.2C105.746,403.685,98.201,405.18,98.201,390.363z"" style=""fill:#3A5D74;"">
  </path>
 </g>
 <g style=""opacity:0.2;"">
  <path d=""M226.334,423.926c0.0,-14.042,2.868,-27.408,8.025,-39.567h-25.696c-4.806,11.333,-7.48,23.79,-7.48,36.878c0.0,39.698,24.461,73.664,59.125,87.705c2.491,-1.008,4.921,-2.132,7.301,-3.34C242.578,487.119,226.334,457.428,226.334,423.926z"" style=""fill:#231F20;"">
  </path>
 </g>
 <g style=""opacity:0.2;"">
  <path d=""M212.411,366.346V118.685c0.0,-34.533,26.63,-62.825,60.472,-65.512c-1.74,-0.138,-3.493,-0.229,-5.27,-0.229h-14.611c-36.31,0.0,-65.743,29.434,-65.743,65.742v247.662c0.0,9.947,8.063,18.012,18.013,18.012h25.151C220.474,384.358,212.411,376.294,212.411,366.346z"" style=""fill:#231F20;"">
  </path>
 </g>
 <g style=""opacity:0.2;"">
  <path d=""M253.438,266.28c0.0,-13.221,8.012,-24.567,19.445,-29.456c-3.861,-1.65,-8.11,-2.566,-12.575,-2.566c-17.686,0.0,-32.021,14.336,-32.021,32.022c0.0,17.685,14.335,32.021,32.021,32.021c4.465,0.0,8.714,-0.916,12.575,-2.566C261.45,290.847,253.438,279.5,253.438,266.28z"" style=""fill:#231F20;"">
  </path>
 </g>
 <g style=""opacity:0.2;"">
  <path d=""M123.351,347.874c0.0,-22.187,10.76,-36.459,14.446,-40.696l49.462,-53.686v-34.843l-74.613,80.983c-3.686,4.237,-14.446,18.509,-14.446,40.696v50.034c0.0,14.818,7.545,13.323,10.478,12.185l14.672,-6.759C123.351,395.788,123.351,347.874,123.351,347.874z"" style=""fill:#231F20;"">
  </path>
 </g>
 <g>
  <path d=""M220.203,266.28c0.0,22.114,17.991,40.105,40.105,40.105s40.105,-17.991,40.105,-40.105c0.0,-22.115,-17.991,-40.106,-40.105,-40.106C238.194,226.173,220.203,244.164,220.203,266.28zM284.245,266.28c0.0,13.199,-10.738,23.937,-23.937,23.937c-13.199,0.0,-23.937,-10.738,-23.937,-23.937c0.0,-13.2,10.738,-23.938,23.937,-23.938C273.507,242.342,284.245,253.08,284.245,266.28z"" style=""fill:#231F20;"">
  </path>
  <path d=""M414.068,294.328c-0.051,-0.058,-0.101,-0.114,-0.154,-0.171l-72.473,-78.662v-44.733c0.0,-4.465,-3.618,-8.084,-8.084,-8.084c-4.466,0.0,-8.084,3.62,-8.084,8.084v47.89v113.595H195.344V218.651v-99.966c0.0,-31.793,25.865,-57.658,57.659,-57.658h14.611c31.794,0.0,57.659,25.865,57.659,57.658v25.669c0.0,4.465,3.618,8.084,8.084,8.084c4.466,0.0,8.084,-3.62,8.084,-8.084v-25.669c0.0,-40.447,-32.699,-73.385,-73.048,-73.806V13.11c0.0,-4.465,-3.618,-8.084,-8.084,-8.084c-4.466,0.0,-8.084,3.62,-8.084,8.084v31.769c-40.349,0.421,-73.049,33.359,-73.049,73.806v96.809l-72.473,78.661c-0.053,0.057,-0.103,0.113,-0.154,0.171c-4.94,5.678,-16.431,21.528,-16.431,46.002v50.033c0.0,19.432,11.657,20.943,15.231,20.943c2.062,0.0,4.167,-0.412,6.257,-1.222c0.155,-0.06,0.307,-0.125,0.457,-0.194l69.747,-32.131c3.137,6.421,8.83,11.374,15.749,13.519c-2.959,9.674,-4.458,19.709,-4.458,29.959c0.0,42.04,25.189,79.407,64.174,95.197c0.972,0.395,2.004,0.592,3.034,0.592s2.062,-0.197,3.034,-0.591c38.984,-15.79,64.174,-53.157,64.174,-95.199c0.0,-10.252,-1.499,-20.288,-4.457,-29.959c6.918,-2.145,12.612,-7.098,15.748,-13.519l69.75,32.131c0.15,0.069,0.301,0.134,0.455,0.193c2.089,0.811,4.194,1.222,6.256,1.223c0.001,0.0,0.002,0.0,0.002,0.0c4.594,0.0,8.617,-2.048,11.331,-5.768c2.624,-3.596,3.899,-8.56,3.899,-15.176v-50.033C430.501,315.855,419.008,300.005,414.068,294.328zM106.634,394.588c-0.182,-0.883,-0.348,-2.236,-0.348,-4.225v-50.033c0.0,-19.393,9.387,-31.831,12.39,-35.308l60.5,-65.665v100.974v20.841L106.634,394.588zM260.309,500.154c-31.117,-13.975,-51.04,-44.598,-51.04,-78.917c0.0,-9.9,1.653,-19.562,4.923,-28.794h7.721c4.002,18.816,17.28,34.946,35.361,42.271c0.972,0.395,2.004,0.592,3.034,0.592s2.062,-0.197,3.034,-0.591c18.081,-7.323,31.357,-23.455,35.358,-42.272h7.724c3.268,9.229,4.922,18.89,4.922,28.794C311.349,455.556,291.425,486.179,260.309,500.154zM238.576,392.442h43.464c-3.339,11.133,-11.223,20.642,-21.731,25.913C249.8,413.084,241.915,403.573,238.576,392.442zM315.345,376.273h-3.392h-20.223h-62.844h-20.221h-3.391c-5.475,0.0,-9.928,-4.453,-9.928,-9.927v-17.933h129.929v17.933C325.273,371.821,320.819,376.273,315.345,376.273zM414.332,390.363c0.0,1.99,-0.166,3.343,-0.348,4.224l-72.542,-33.417v-20.841V239.355l60.5,65.665c3.003,3.476,12.39,15.915,12.39,35.308V390.363z"" style=""fill:#231F20;"">
  </path>
 </g>
</svg>


Question: What is the object in the image?",Airplane,Car,Boat,Rocket,D,aerial_crafts
216,"Examine the following SVG code carefully and answer the question based on your interpretation of the rendered image.

<svg id=""Layer_1"" style=""enable-background:new 0 0 512 512;"" version=""1.1"" viewbox=""0 0 512 512"" x=""0px"" xml:space=""preserve"" y=""0px"">
 <g>
  <g>
   <g>
    <path d=""M260.64,227.828c-27.585,0.0,-50.026,22.442,-50.026,50.028c0.0,27.587,22.443,50.029,50.026,50.029c27.585,0.0,50.028,-22.443,50.028,-50.029S288.225,227.828,260.64,227.828zM260.639,311.64c-18.627,0.0,-33.78,-15.155,-33.78,-33.783s15.153,-33.782,33.78,-33.782c18.628,0.0,33.782,15.154,33.782,33.782C294.421,296.486,279.267,311.64,260.639,311.64z"">
    </path>
    <path d=""M219.852,133.999h81.577c4.487,0.0,8.123,-3.637,8.123,-8.123c0.0,-26.97,-21.942,-48.912,-48.912,-48.912c-26.97,0.0,-48.912,21.942,-48.912,48.912C211.729,130.362,215.366,133.999,219.852,133.999zM260.641,93.21c15.209,0.0,28.024,10.447,31.644,24.543h-63.289C232.618,103.659,245.433,93.21,260.641,93.21z"">
    </path>
    <path d=""M516.023,397.904l-59.487,-157.01c-0.666,-1.76,-1.924,-3.233,-3.556,-4.169l-83.623,-47.946v-30.438c0.0,-34.118,-10.26,-66.903,-29.672,-94.812c-18.957,-27.257,-45.267,-48.039,-76.086,-60.099c-1.904,-0.745,-4.017,-0.745,-5.921,0.0c-30.817,12.061,-57.126,32.843,-76.084,60.099c-19.413,27.91,-29.673,60.695,-29.673,94.812v30.438l-83.621,47.946c-1.632,0.936,-2.889,2.41,-3.556,4.169L5.255,397.904c-0.945,2.495,-0.605,5.297,0.912,7.493c1.516,2.197,4.015,3.508,6.685,3.508H64.619h87.813c2.268,11.821,11.926,21.04,23.965,22.651c-2.266,6.963,-3.441,14.271,-3.441,21.61c0.0,24.896,13.409,48.121,34.992,60.613c1.259,0.728,2.663,1.093,4.069,1.093c1.405,0.0,2.811,-0.364,4.069,-1.093c21.588,-12.492,34.997,-35.719,34.997,-60.613c0.0,-7.247,-1.145,-14.466,-3.354,-21.351h25.825c-2.209,6.884,-3.353,14.103,-3.353,21.351c0.0,24.895,13.407,48.121,34.99,60.613c1.258,0.728,2.663,1.093,4.069,1.093c1.405,0.0,2.811,-0.364,4.069,-1.093c21.588,-12.492,34.997,-35.719,34.997,-60.613c0.0,-7.338,-1.176,-14.645,-3.441,-21.608c12.036,-1.612,21.694,-10.831,23.961,-22.651h87.817h0.022h51.742c2.669,0.0,5.167,-1.311,6.685,-3.507C516.629,403.201,516.969,400.4,516.023,397.904zM59.01,392.66H24.616L78.905,249.372l73.016,-41.865v37.288l-44.599,25.575c-1.632,0.936,-2.89,2.41,-3.556,4.169L59.01,392.66zM151.922,377.872v14.786H76.384l41.545,-109.643l33.993,-19.493V377.872zM212.017,497.112c-14.182,-10.016,-22.814,-26.444,-22.814,-43.946c0.0,-7.333,1.527,-14.628,4.445,-21.351h36.744c2.918,6.723,4.445,14.017,4.445,21.351C234.838,470.666,226.203,487.094,212.017,497.112zM309.26,497.112c-14.182,-10.016,-22.813,-26.445,-22.813,-43.946c0.0,-7.335,1.526,-14.63,4.444,-21.351h36.746c2.918,6.724,4.445,14.018,4.445,21.351C332.08,470.666,323.446,487.094,309.26,497.112zM353.112,193.485v56.016v120.249H243.139c-4.487,0.0,-8.123,3.637,-8.123,8.123s3.636,8.123,8.123,8.123h109.972v14.786v2.795c0.0,6.612,-5.379,11.992,-11.99,11.992h-8.418h-46.881h-50.363h-46.879h-8.417c-6.614,0.0,-11.996,-5.38,-11.996,-11.992v-2.794v-14.786h47.895c4.487,0.0,8.123,-3.637,8.123,-8.123s-3.636,-8.123,-8.123,-8.123h-47.895v-120.25v-56.016v-35.144c0.0,-61.157,36.19,-115.21,92.472,-138.588c56.282,23.376,92.472,77.428,92.472,138.588V193.485zM369.357,392.66v-14.786V263.522l33.998,19.494l41.544,109.643H369.357zM462.272,392.66L462.272,392.66l-44.756,-118.121c-0.667,-1.76,-1.924,-3.233,-3.556,-4.169l-44.603,-25.575v-37.288l73.018,41.865l54.288,143.288H462.272z"">
    </path>
   </g>
  </g>
 </g>
</svg>


Question: What shape is at the top of the object?",Square,Pointed,Triangle,Hexagon,B,aerial_crafts
217,"Examine the following SVG code carefully and answer the question based on your interpretation of the rendered image.

<svg id=""Layer_1"" style=""enable-background:new 0 0 512 512;"" version=""1.1"" viewbox=""0 0 512 512"" x=""0px"" xml:space=""preserve"" y=""0px"">
 <g>
  <g>
   <g>
    <path d=""M260.64,227.828c-27.585,0.0,-50.026,22.442,-50.026,50.028c0.0,27.587,22.443,50.029,50.026,50.029c27.585,0.0,50.028,-22.443,50.028,-50.029S288.225,227.828,260.64,227.828zM260.639,311.64c-18.627,0.0,-33.78,-15.155,-33.78,-33.783s15.153,-33.782,33.78,-33.782c18.628,0.0,33.782,15.154,33.782,33.782C294.421,296.486,279.267,311.64,260.639,311.64z"">
    </path>
    <path d=""M219.852,133.999h81.577c4.487,0.0,8.123,-3.637,8.123,-8.123c0.0,-26.97,-21.942,-48.912,-48.912,-48.912c-26.97,0.0,-48.912,21.942,-48.912,48.912C211.729,130.362,215.366,133.999,219.852,133.999zM260.641,93.21c15.209,0.0,28.024,10.447,31.644,24.543h-63.289C232.618,103.659,245.433,93.21,260.641,93.21z"">
    </path>
    <path d=""M516.023,397.904l-59.487,-157.01c-0.666,-1.76,-1.924,-3.233,-3.556,-4.169l-83.623,-47.946v-30.438c0.0,-34.118,-10.26,-66.903,-29.672,-94.812c-18.957,-27.257,-45.267,-48.039,-76.086,-60.099c-1.904,-0.745,-4.017,-0.745,-5.921,0.0c-30.817,12.061,-57.126,32.843,-76.084,60.099c-19.413,27.91,-29.673,60.695,-29.673,94.812v30.438l-83.621,47.946c-1.632,0.936,-2.889,2.41,-3.556,4.169L5.255,397.904c-0.945,2.495,-0.605,5.297,0.912,7.493c1.516,2.197,4.015,3.508,6.685,3.508H64.619h87.813c2.268,11.821,11.926,21.04,23.965,22.651c-2.266,6.963,-3.441,14.271,-3.441,21.61c0.0,24.896,13.409,48.121,34.992,60.613c1.259,0.728,2.663,1.093,4.069,1.093c1.405,0.0,2.811,-0.364,4.069,-1.093c21.588,-12.492,34.997,-35.719,34.997,-60.613c0.0,-7.247,-1.145,-14.466,-3.354,-21.351h25.825c-2.209,6.884,-3.353,14.103,-3.353,21.351c0.0,24.895,13.407,48.121,34.99,60.613c1.258,0.728,2.663,1.093,4.069,1.093c1.405,0.0,2.811,-0.364,4.069,-1.093c21.588,-12.492,34.997,-35.719,34.997,-60.613c0.0,-7.338,-1.176,-14.645,-3.441,-21.608c12.036,-1.612,21.694,-10.831,23.961,-22.651h87.817h0.022h51.742c2.669,0.0,5.167,-1.311,6.685,-3.507C516.629,403.201,516.969,400.4,516.023,397.904zM59.01,392.66H24.616L78.905,249.372l73.016,-41.865v37.288l-44.599,25.575c-1.632,0.936,-2.89,2.41,-3.556,4.169L59.01,392.66zM151.922,377.872v14.786H76.384l41.545,-109.643l33.993,-19.493V377.872zM212.017,497.112c-14.182,-10.016,-22.814,-26.444,-22.814,-43.946c0.0,-7.333,1.527,-14.628,4.445,-21.351h36.744c2.918,6.723,4.445,14.017,4.445,21.351C234.838,470.666,226.203,487.094,212.017,497.112zM309.26,497.112c-14.182,-10.016,-22.813,-26.445,-22.813,-43.946c0.0,-7.335,1.526,-14.63,4.444,-21.351h36.746c2.918,6.724,4.445,14.018,4.445,21.351C332.08,470.666,323.446,487.094,309.26,497.112zM353.112,193.485v56.016v120.249H243.139c-4.487,0.0,-8.123,3.637,-8.123,8.123s3.636,8.123,8.123,8.123h109.972v14.786v2.795c0.0,6.612,-5.379,11.992,-11.99,11.992h-8.418h-46.881h-50.363h-46.879h-8.417c-6.614,0.0,-11.996,-5.38,-11.996,-11.992v-2.794v-14.786h47.895c4.487,0.0,8.123,-3.637,8.123,-8.123s-3.636,-8.123,-8.123,-8.123h-47.895v-120.25v-56.016v-35.144c0.0,-61.157,36.19,-115.21,92.472,-138.588c56.282,23.376,92.472,77.428,92.472,138.588V193.485zM369.357,392.66v-14.786V263.522l33.998,19.494l41.544,109.643H369.357zM462.272,392.66L462.272,392.66l-44.756,-118.121c-0.667,-1.76,-1.924,-3.233,-3.556,-4.169l-44.603,-25.575v-37.288l73.018,41.865l54.288,143.288H462.272z"">
    </path>
   </g>
  </g>
 </g>
</svg>


Question: How many circles are present in the object?",1,2,3,4,A,aerial_crafts
218,"Examine the following SVG code carefully and answer the question based on your interpretation of the rendered image.

<svg id=""Layer_1"" style=""enable-background:new 0 0 512 512;"" version=""1.1"" viewbox=""0 0 512 512"" x=""0px"" xml:space=""preserve"" y=""0px"">
 <g>
  <g>
   <g>
    <path d=""M260.64,227.828c-27.585,0.0,-50.026,22.442,-50.026,50.028c0.0,27.587,22.443,50.029,50.026,50.029c27.585,0.0,50.028,-22.443,50.028,-50.029S288.225,227.828,260.64,227.828zM260.639,311.64c-18.627,0.0,-33.78,-15.155,-33.78,-33.783s15.153,-33.782,33.78,-33.782c18.628,0.0,33.782,15.154,33.782,33.782C294.421,296.486,279.267,311.64,260.639,311.64z"">
    </path>
    <path d=""M219.852,133.999h81.577c4.487,0.0,8.123,-3.637,8.123,-8.123c0.0,-26.97,-21.942,-48.912,-48.912,-48.912c-26.97,0.0,-48.912,21.942,-48.912,48.912C211.729,130.362,215.366,133.999,219.852,133.999zM260.641,93.21c15.209,0.0,28.024,10.447,31.644,24.543h-63.289C232.618,103.659,245.433,93.21,260.641,93.21z"">
    </path>
    <path d=""M516.023,397.904l-59.487,-157.01c-0.666,-1.76,-1.924,-3.233,-3.556,-4.169l-83.623,-47.946v-30.438c0.0,-34.118,-10.26,-66.903,-29.672,-94.812c-18.957,-27.257,-45.267,-48.039,-76.086,-60.099c-1.904,-0.745,-4.017,-0.745,-5.921,0.0c-30.817,12.061,-57.126,32.843,-76.084,60.099c-19.413,27.91,-29.673,60.695,-29.673,94.812v30.438l-83.621,47.946c-1.632,0.936,-2.889,2.41,-3.556,4.169L5.255,397.904c-0.945,2.495,-0.605,5.297,0.912,7.493c1.516,2.197,4.015,3.508,6.685,3.508H64.619h87.813c2.268,11.821,11.926,21.04,23.965,22.651c-2.266,6.963,-3.441,14.271,-3.441,21.61c0.0,24.896,13.409,48.121,34.992,60.613c1.259,0.728,2.663,1.093,4.069,1.093c1.405,0.0,2.811,-0.364,4.069,-1.093c21.588,-12.492,34.997,-35.719,34.997,-60.613c0.0,-7.247,-1.145,-14.466,-3.354,-21.351h25.825c-2.209,6.884,-3.353,14.103,-3.353,21.351c0.0,24.895,13.407,48.121,34.99,60.613c1.258,0.728,2.663,1.093,4.069,1.093c1.405,0.0,2.811,-0.364,4.069,-1.093c21.588,-12.492,34.997,-35.719,34.997,-60.613c0.0,-7.338,-1.176,-14.645,-3.441,-21.608c12.036,-1.612,21.694,-10.831,23.961,-22.651h87.817h0.022h51.742c2.669,0.0,5.167,-1.311,6.685,-3.507C516.629,403.201,516.969,400.4,516.023,397.904zM59.01,392.66H24.616L78.905,249.372l73.016,-41.865v37.288l-44.599,25.575c-1.632,0.936,-2.89,2.41,-3.556,4.169L59.01,392.66zM151.922,377.872v14.786H76.384l41.545,-109.643l33.993,-19.493V377.872zM212.017,497.112c-14.182,-10.016,-22.814,-26.444,-22.814,-43.946c0.0,-7.333,1.527,-14.628,4.445,-21.351h36.744c2.918,6.723,4.445,14.017,4.445,21.351C234.838,470.666,226.203,487.094,212.017,497.112zM309.26,497.112c-14.182,-10.016,-22.813,-26.445,-22.813,-43.946c0.0,-7.335,1.526,-14.63,4.444,-21.351h36.746c2.918,6.724,4.445,14.018,4.445,21.351C332.08,470.666,323.446,487.094,309.26,497.112zM353.112,193.485v56.016v120.249H243.139c-4.487,0.0,-8.123,3.637,-8.123,8.123s3.636,8.123,8.123,8.123h109.972v14.786v2.795c0.0,6.612,-5.379,11.992,-11.99,11.992h-8.418h-46.881h-50.363h-46.879h-8.417c-6.614,0.0,-11.996,-5.38,-11.996,-11.992v-2.794v-14.786h47.895c4.487,0.0,8.123,-3.637,8.123,-8.123s-3.636,-8.123,-8.123,-8.123h-47.895v-120.25v-56.016v-35.144c0.0,-61.157,36.19,-115.21,92.472,-138.588c56.282,23.376,92.472,77.428,92.472,138.588V193.485zM369.357,392.66v-14.786V263.522l33.998,19.494l41.544,109.643H369.357zM462.272,392.66L462.272,392.66l-44.756,-118.121c-0.667,-1.76,-1.924,-3.233,-3.556,-4.169l-44.603,-25.575v-37.288l73.018,41.865l54.288,143.288H462.272z"">
    </path>
   </g>
  </g>
 </g>
</svg>


Question: What geometric shape forms the base of the object?",Rectangle,Triangle,Pentagon,Hexagon,A,aerial_crafts
219,"Examine the following SVG code carefully and answer the question based on your interpretation of the rendered image.

<svg id=""Layer_1"" style=""enable-background:new 0 0 512 512;"" version=""1.1"" viewbox=""0 0 512 512"" x=""0px"" xml:space=""preserve"" y=""0px"">
 <g>
  <g>
   <g>
    <path d=""M260.64,227.828c-27.585,0.0,-50.026,22.442,-50.026,50.028c0.0,27.587,22.443,50.029,50.026,50.029c27.585,0.0,50.028,-22.443,50.028,-50.029S288.225,227.828,260.64,227.828zM260.639,311.64c-18.627,0.0,-33.78,-15.155,-33.78,-33.783s15.153,-33.782,33.78,-33.782c18.628,0.0,33.782,15.154,33.782,33.782C294.421,296.486,279.267,311.64,260.639,311.64z"">
    </path>
    <path d=""M219.852,133.999h81.577c4.487,0.0,8.123,-3.637,8.123,-8.123c0.0,-26.97,-21.942,-48.912,-48.912,-48.912c-26.97,0.0,-48.912,21.942,-48.912,48.912C211.729,130.362,215.366,133.999,219.852,133.999zM260.641,93.21c15.209,0.0,28.024,10.447,31.644,24.543h-63.289C232.618,103.659,245.433,93.21,260.641,93.21z"">
    </path>
    <path d=""M516.023,397.904l-59.487,-157.01c-0.666,-1.76,-1.924,-3.233,-3.556,-4.169l-83.623,-47.946v-30.438c0.0,-34.118,-10.26,-66.903,-29.672,-94.812c-18.957,-27.257,-45.267,-48.039,-76.086,-60.099c-1.904,-0.745,-4.017,-0.745,-5.921,0.0c-30.817,12.061,-57.126,32.843,-76.084,60.099c-19.413,27.91,-29.673,60.695,-29.673,94.812v30.438l-83.621,47.946c-1.632,0.936,-2.889,2.41,-3.556,4.169L5.255,397.904c-0.945,2.495,-0.605,5.297,0.912,7.493c1.516,2.197,4.015,3.508,6.685,3.508H64.619h87.813c2.268,11.821,11.926,21.04,23.965,22.651c-2.266,6.963,-3.441,14.271,-3.441,21.61c0.0,24.896,13.409,48.121,34.992,60.613c1.259,0.728,2.663,1.093,4.069,1.093c1.405,0.0,2.811,-0.364,4.069,-1.093c21.588,-12.492,34.997,-35.719,34.997,-60.613c0.0,-7.247,-1.145,-14.466,-3.354,-21.351h25.825c-2.209,6.884,-3.353,14.103,-3.353,21.351c0.0,24.895,13.407,48.121,34.99,60.613c1.258,0.728,2.663,1.093,4.069,1.093c1.405,0.0,2.811,-0.364,4.069,-1.093c21.588,-12.492,34.997,-35.719,34.997,-60.613c0.0,-7.338,-1.176,-14.645,-3.441,-21.608c12.036,-1.612,21.694,-10.831,23.961,-22.651h87.817h0.022h51.742c2.669,0.0,5.167,-1.311,6.685,-3.507C516.629,403.201,516.969,400.4,516.023,397.904zM59.01,392.66H24.616L78.905,249.372l73.016,-41.865v37.288l-44.599,25.575c-1.632,0.936,-2.89,2.41,-3.556,4.169L59.01,392.66zM151.922,377.872v14.786H76.384l41.545,-109.643l33.993,-19.493V377.872zM212.017,497.112c-14.182,-10.016,-22.814,-26.444,-22.814,-43.946c0.0,-7.333,1.527,-14.628,4.445,-21.351h36.744c2.918,6.723,4.445,14.017,4.445,21.351C234.838,470.666,226.203,487.094,212.017,497.112zM309.26,497.112c-14.182,-10.016,-22.813,-26.445,-22.813,-43.946c0.0,-7.335,1.526,-14.63,4.444,-21.351h36.746c2.918,6.724,4.445,14.018,4.445,21.351C332.08,470.666,323.446,487.094,309.26,497.112zM353.112,193.485v56.016v120.249H243.139c-4.487,0.0,-8.123,3.637,-8.123,8.123s3.636,8.123,8.123,8.123h109.972v14.786v2.795c0.0,6.612,-5.379,11.992,-11.99,11.992h-8.418h-46.881h-50.363h-46.879h-8.417c-6.614,0.0,-11.996,-5.38,-11.996,-11.992v-2.794v-14.786h47.895c4.487,0.0,8.123,-3.637,8.123,-8.123s-3.636,-8.123,-8.123,-8.123h-47.895v-120.25v-56.016v-35.144c0.0,-61.157,36.19,-115.21,92.472,-138.588c56.282,23.376,92.472,77.428,92.472,138.588V193.485zM369.357,392.66v-14.786V263.522l33.998,19.494l41.544,109.643H369.357zM462.272,392.66L462.272,392.66l-44.756,-118.121c-0.667,-1.76,-1.924,-3.233,-3.556,-4.169l-44.603,-25.575v-37.288l73.018,41.865l54.288,143.288H462.272z"">
    </path>
   </g>
  </g>
 </g>
</svg>


Question: What is the object in the image?",Car,Rocket,House,Tree,B,aerial_crafts
220,"Examine the following SVG code carefully and answer the question based on your interpretation of the rendered image.

<svg id=""Layer_1"" style=""enable-background:new 0 0 512 512;"" version=""1.1"" viewbox=""0 0 512 512"" x=""0px"" xml:space=""preserve"" y=""0px"">
 <g>
  <polygon points=""338.579,214.641 338.579,392.728 461.014,392.728 461.014,370.467 461.014,303.685 461.014,281.424"" style=""fill:#AFAFAF;"">
  </polygon>
  <polygon points=""60.318,392.728 182.753,392.728 182.753,214.641 60.318,281.424"" style=""fill:#AFAFAF;"">
  </polygon>
 </g>
 <path d=""M268.418,21.366l-8.309,-7.072l-8.265,7.136c-43.872,37.876,-69.091,92.966,-69.091,150.924v220.375v44.522l0.0,0.0c0.0,13.765,7.376,26.476,19.328,33.306L260.666,504.033l58.585,-33.477c11.952,-6.83,19.328,-19.539,19.328,-33.306l0.0,0.0v-44.522V173.206C338.579,114.755,312.931,59.248,268.418,21.366z"" style=""fill:#E5E5E5;"">
 </path>
 <path d=""M338.579,437.25c0.0,13.768,-7.379,26.479,-19.322,33.302L260.666,504.033l-58.591,-33.48c-5.966,-3.406,-10.797,-8.292,-14.136,-14.047c-3.339,-5.754,-5.187,-12.377,-5.187,-19.256H338.579z"" style=""fill:#FFFE9F;"">
 </path>
 <rect height=""44.522"" style=""fill:#87DFD6;"" width=""155.826"" x=""182.753"" y=""392.728"">
 </rect>
 <path d=""M260.666,170.12c-12.295,0.0,-22.261,9.966,-22.261,22.261v89.043c0.0,12.295,9.966,22.261,22.261,22.261s22.261,-9.966,22.261,-22.261v-66.783v-22.261C282.927,180.086,272.961,170.12,260.666,170.12z"" style=""fill:#4A7DBA;"">
 </path>
 <path d=""M466.343,271.653l-116.634,-63.618V173.203c0.0,-61.814,-26.998,-120.248,-74.078,-160.322l-8.314,-7.068c-4.177,-3.553,-10.323,-3.532,-14.48,0.052l-8.273,7.138c-46.355,40.028,-72.942,98.11,-72.942,159.353v35.678L54.989,271.653c-3.576,1.95,-5.801,5.699,-5.801,9.771v111.304c0.0,6.147,4.984,11.13,11.13,11.13h111.304v33.391c0.0,8.708,2.313,17.299,6.691,24.842c4.378,7.543,10.686,13.811,18.241,18.124l58.592,33.48c1.711,0.977,3.616,1.467,5.522,1.467c1.906,0.0,3.811,-0.489,5.522,-1.467l58.592,-33.48c15.376,-8.784,24.929,-25.248,24.929,-42.966v-33.391h111.304c6.146,0.0,11.13,-4.983,11.13,-11.13v-22.261c0.0,-6.147,-4.984,-11.13,-11.13,-11.13c-6.146,0.0,-11.13,4.983,-11.13,11.13v11.13H349.709V233.392l100.174,54.64v15.653c0.0,6.147,4.984,11.13,11.13,11.13c6.146,0.0,11.13,-4.983,11.13,-11.13v-22.261C472.144,277.351,469.919,273.603,466.343,271.653zM193.883,403.859h133.565v22.261H193.883V403.859zM193.883,172.357c0.0,-54.767,23.776,-106.709,65.228,-142.502l1.052,-0.907l1.046,0.889c42.096,35.833,66.239,88.087,66.239,143.366v41.439v166.957H193.883V214.641V172.357zM71.449,288.031l100.174,-54.64v148.207H71.449V288.031zM313.736,460.889L260.666,491.214l-53.073,-30.327c-4.151,-2.371,-7.619,-5.817,-10.026,-9.967c-0.477,-0.824,-0.897,-1.675,-1.284,-2.539h128.765C322.722,453.561,318.813,457.988,313.736,460.889z"">
 </path>
 <path d=""M470.263,330.899c-0.4,-0.612,-0.867,-1.18,-1.38,-1.692c-0.512,-0.512,-1.08,-0.979,-1.692,-1.38c-0.601,-0.412,-1.247,-0.746,-1.926,-1.024c-0.668,-0.278,-1.368,-0.501,-2.08,-0.634c-3.617,-0.735,-7.457,0.456,-10.041,3.039c-2.07,2.07,-3.261,4.942,-3.261,7.869c0.0,2.927,1.19,5.799,3.261,7.869c0.512,0.512,1.08,0.979,1.693,1.38c0.601,0.401,1.245,0.746,1.924,1.024c0.669,0.278,1.369,0.501,2.081,0.634c0.712,0.156,1.447,0.223,2.17,0.223c2.927,0.0,5.799,-1.191,7.868,-3.261c0.513,-0.512,0.981,-1.08,1.38,-1.692c0.401,-0.601,0.746,-1.247,1.024,-1.926c0.278,-0.668,0.501,-1.369,0.634,-2.081c0.145,-0.712,0.223,-1.447,0.223,-2.17s-0.078,-1.458,-0.223,-2.17c-0.145,-0.712,-0.356,-1.414,-0.634,-2.081C471.009,332.145,470.664,331.5,470.263,330.899z"">
 </path>
 <path d=""M260.666,314.815c18.412,0.0,33.391,-14.979,33.391,-33.391c0.0,-6.147,-4.984,-11.13,-11.13,-11.13c-6.146,0.0,-11.13,4.983,-11.13,11.13c0.0,6.137,-4.993,11.13,-11.13,11.13s-11.13,-4.993,-11.13,-11.13v-89.043c0.0,-6.137,4.993,-11.13,11.13,-11.13s11.13,4.993,11.13,11.13v22.261c0.0,6.147,4.984,11.13,11.13,11.13c6.146,0.0,11.13,-4.983,11.13,-11.13v-22.261c0.0,-18.412,-14.979,-33.391,-33.391,-33.391s-33.391,14.979,-33.391,33.391v89.043C227.275,299.836,242.254,314.815,260.666,314.815z"">
 </path>
 <path d=""M292.176,241.855c-0.4,-0.612,-0.867,-1.18,-1.38,-1.692c-0.512,-0.512,-1.08,-0.979,-1.692,-1.38c-0.601,-0.401,-1.247,-0.746,-1.926,-1.024c-0.668,-0.278,-1.368,-0.501,-2.08,-0.634c-1.436,-0.289,-2.905,-0.289,-4.341,0.0c-0.712,0.134,-1.414,0.356,-2.081,0.634c-0.679,0.278,-1.323,0.623,-1.924,1.024c-0.613,0.401,-1.181,0.868,-1.693,1.38s-0.979,1.08,-1.38,1.692c-0.412,0.601,-0.746,1.247,-1.024,1.926c-0.278,0.668,-0.501,1.369,-0.646,2.081c-0.145,0.712,-0.21,1.447,-0.21,2.17c0.0,0.723,0.067,1.458,0.21,2.17c0.145,0.712,0.367,1.414,0.646,2.093c0.278,0.668,0.612,1.313,1.024,1.914c0.401,0.612,0.868,1.18,1.38,1.692c0.512,0.512,1.08,0.979,1.693,1.38c0.601,0.401,1.245,0.746,1.924,1.024c0.669,0.278,1.369,0.501,2.081,0.646c0.712,0.145,1.447,0.211,2.17,0.211c0.722,0.0,1.458,-0.067,2.17,-0.211s1.414,-0.367,2.08,-0.646c0.679,-0.278,1.325,-0.623,1.926,-1.024c0.612,-0.401,1.18,-0.868,1.692,-1.38c0.513,-0.512,0.981,-1.08,1.38,-1.692c0.401,-0.601,0.746,-1.247,1.024,-1.914c0.278,-0.679,0.501,-1.38,0.634,-2.093c0.145,-0.712,0.223,-1.447,0.223,-2.17c0.0,-0.723,-0.078,-1.458,-0.223,-2.17c-0.134,-0.712,-0.356,-1.414,-0.634,-2.081C292.922,243.102,292.577,242.456,292.176,241.855z"">
 </path>
</svg>


Question: What shape is the main body of the object?",Circular,Triangular,Rectangular,Pointed,D,aerial_crafts
221,"Examine the following SVG code carefully and answer the question based on your interpretation of the rendered image.

<svg id=""Layer_1"" style=""enable-background:new 0 0 512 512;"" version=""1.1"" viewbox=""0 0 512 512"" x=""0px"" xml:space=""preserve"" y=""0px"">
 <g>
  <polygon points=""338.579,214.641 338.579,392.728 461.014,392.728 461.014,370.467 461.014,303.685 461.014,281.424"" style=""fill:#AFAFAF;"">
  </polygon>
  <polygon points=""60.318,392.728 182.753,392.728 182.753,214.641 60.318,281.424"" style=""fill:#AFAFAF;"">
  </polygon>
 </g>
 <path d=""M268.418,21.366l-8.309,-7.072l-8.265,7.136c-43.872,37.876,-69.091,92.966,-69.091,150.924v220.375v44.522l0.0,0.0c0.0,13.765,7.376,26.476,19.328,33.306L260.666,504.033l58.585,-33.477c11.952,-6.83,19.328,-19.539,19.328,-33.306l0.0,0.0v-44.522V173.206C338.579,114.755,312.931,59.248,268.418,21.366z"" style=""fill:#E5E5E5;"">
 </path>
 <path d=""M338.579,437.25c0.0,13.768,-7.379,26.479,-19.322,33.302L260.666,504.033l-58.591,-33.48c-5.966,-3.406,-10.797,-8.292,-14.136,-14.047c-3.339,-5.754,-5.187,-12.377,-5.187,-19.256H338.579z"" style=""fill:#FFFE9F;"">
 </path>
 <rect height=""44.522"" style=""fill:#87DFD6;"" width=""155.826"" x=""182.753"" y=""392.728"">
 </rect>
 <path d=""M260.666,170.12c-12.295,0.0,-22.261,9.966,-22.261,22.261v89.043c0.0,12.295,9.966,22.261,22.261,22.261s22.261,-9.966,22.261,-22.261v-66.783v-22.261C282.927,180.086,272.961,170.12,260.666,170.12z"" style=""fill:#4A7DBA;"">
 </path>
 <path d=""M466.343,271.653l-116.634,-63.618V173.203c0.0,-61.814,-26.998,-120.248,-74.078,-160.322l-8.314,-7.068c-4.177,-3.553,-10.323,-3.532,-14.48,0.052l-8.273,7.138c-46.355,40.028,-72.942,98.11,-72.942,159.353v35.678L54.989,271.653c-3.576,1.95,-5.801,5.699,-5.801,9.771v111.304c0.0,6.147,4.984,11.13,11.13,11.13h111.304v33.391c0.0,8.708,2.313,17.299,6.691,24.842c4.378,7.543,10.686,13.811,18.241,18.124l58.592,33.48c1.711,0.977,3.616,1.467,5.522,1.467c1.906,0.0,3.811,-0.489,5.522,-1.467l58.592,-33.48c15.376,-8.784,24.929,-25.248,24.929,-42.966v-33.391h111.304c6.146,0.0,11.13,-4.983,11.13,-11.13v-22.261c0.0,-6.147,-4.984,-11.13,-11.13,-11.13c-6.146,0.0,-11.13,4.983,-11.13,11.13v11.13H349.709V233.392l100.174,54.64v15.653c0.0,6.147,4.984,11.13,11.13,11.13c6.146,0.0,11.13,-4.983,11.13,-11.13v-22.261C472.144,277.351,469.919,273.603,466.343,271.653zM193.883,403.859h133.565v22.261H193.883V403.859zM193.883,172.357c0.0,-54.767,23.776,-106.709,65.228,-142.502l1.052,-0.907l1.046,0.889c42.096,35.833,66.239,88.087,66.239,143.366v41.439v166.957H193.883V214.641V172.357zM71.449,288.031l100.174,-54.64v148.207H71.449V288.031zM313.736,460.889L260.666,491.214l-53.073,-30.327c-4.151,-2.371,-7.619,-5.817,-10.026,-9.967c-0.477,-0.824,-0.897,-1.675,-1.284,-2.539h128.765C322.722,453.561,318.813,457.988,313.736,460.889z"">
 </path>
 <path d=""M470.263,330.899c-0.4,-0.612,-0.867,-1.18,-1.38,-1.692c-0.512,-0.512,-1.08,-0.979,-1.692,-1.38c-0.601,-0.412,-1.247,-0.746,-1.926,-1.024c-0.668,-0.278,-1.368,-0.501,-2.08,-0.634c-3.617,-0.735,-7.457,0.456,-10.041,3.039c-2.07,2.07,-3.261,4.942,-3.261,7.869c0.0,2.927,1.19,5.799,3.261,7.869c0.512,0.512,1.08,0.979,1.693,1.38c0.601,0.401,1.245,0.746,1.924,1.024c0.669,0.278,1.369,0.501,2.081,0.634c0.712,0.156,1.447,0.223,2.17,0.223c2.927,0.0,5.799,-1.191,7.868,-3.261c0.513,-0.512,0.981,-1.08,1.38,-1.692c0.401,-0.601,0.746,-1.247,1.024,-1.926c0.278,-0.668,0.501,-1.369,0.634,-2.081c0.145,-0.712,0.223,-1.447,0.223,-2.17s-0.078,-1.458,-0.223,-2.17c-0.145,-0.712,-0.356,-1.414,-0.634,-2.081C471.009,332.145,470.664,331.5,470.263,330.899z"">
 </path>
 <path d=""M260.666,314.815c18.412,0.0,33.391,-14.979,33.391,-33.391c0.0,-6.147,-4.984,-11.13,-11.13,-11.13c-6.146,0.0,-11.13,4.983,-11.13,11.13c0.0,6.137,-4.993,11.13,-11.13,11.13s-11.13,-4.993,-11.13,-11.13v-89.043c0.0,-6.137,4.993,-11.13,11.13,-11.13s11.13,4.993,11.13,11.13v22.261c0.0,6.147,4.984,11.13,11.13,11.13c6.146,0.0,11.13,-4.983,11.13,-11.13v-22.261c0.0,-18.412,-14.979,-33.391,-33.391,-33.391s-33.391,14.979,-33.391,33.391v89.043C227.275,299.836,242.254,314.815,260.666,314.815z"">
 </path>
 <path d=""M292.176,241.855c-0.4,-0.612,-0.867,-1.18,-1.38,-1.692c-0.512,-0.512,-1.08,-0.979,-1.692,-1.38c-0.601,-0.401,-1.247,-0.746,-1.926,-1.024c-0.668,-0.278,-1.368,-0.501,-2.08,-0.634c-1.436,-0.289,-2.905,-0.289,-4.341,0.0c-0.712,0.134,-1.414,0.356,-2.081,0.634c-0.679,0.278,-1.323,0.623,-1.924,1.024c-0.613,0.401,-1.181,0.868,-1.693,1.38s-0.979,1.08,-1.38,1.692c-0.412,0.601,-0.746,1.247,-1.024,1.926c-0.278,0.668,-0.501,1.369,-0.646,2.081c-0.145,0.712,-0.21,1.447,-0.21,2.17c0.0,0.723,0.067,1.458,0.21,2.17c0.145,0.712,0.367,1.414,0.646,2.093c0.278,0.668,0.612,1.313,1.024,1.914c0.401,0.612,0.868,1.18,1.38,1.692c0.512,0.512,1.08,0.979,1.693,1.38c0.601,0.401,1.245,0.746,1.924,1.024c0.669,0.278,1.369,0.501,2.081,0.646c0.712,0.145,1.447,0.211,2.17,0.211c0.722,0.0,1.458,-0.067,2.17,-0.211s1.414,-0.367,2.08,-0.646c0.679,-0.278,1.325,-0.623,1.926,-1.024c0.612,-0.401,1.18,-0.868,1.692,-1.38c0.513,-0.512,0.981,-1.08,1.38,-1.692c0.401,-0.601,0.746,-1.247,1.024,-1.914c0.278,-0.679,0.501,-1.38,0.634,-2.093c0.145,-0.712,0.223,-1.447,0.223,-2.17c0.0,-0.723,-0.078,-1.458,-0.223,-2.17c-0.134,-0.712,-0.356,-1.414,-0.634,-2.081C292.922,243.102,292.577,242.456,292.176,241.855z"">
 </path>
</svg>


Question: What color is the bottom part of the object?",Yellow,Red,Blue,Green,A,aerial_crafts
222,"Examine the following SVG code carefully and answer the question based on your interpretation of the rendered image.

<svg id=""Layer_1"" style=""enable-background:new 0 0 512 512;"" version=""1.1"" viewbox=""0 0 512 512"" x=""0px"" xml:space=""preserve"" y=""0px"">
 <g>
  <polygon points=""338.579,214.641 338.579,392.728 461.014,392.728 461.014,370.467 461.014,303.685 461.014,281.424"" style=""fill:#AFAFAF;"">
  </polygon>
  <polygon points=""60.318,392.728 182.753,392.728 182.753,214.641 60.318,281.424"" style=""fill:#AFAFAF;"">
  </polygon>
 </g>
 <path d=""M268.418,21.366l-8.309,-7.072l-8.265,7.136c-43.872,37.876,-69.091,92.966,-69.091,150.924v220.375v44.522l0.0,0.0c0.0,13.765,7.376,26.476,19.328,33.306L260.666,504.033l58.585,-33.477c11.952,-6.83,19.328,-19.539,19.328,-33.306l0.0,0.0v-44.522V173.206C338.579,114.755,312.931,59.248,268.418,21.366z"" style=""fill:#E5E5E5;"">
 </path>
 <path d=""M338.579,437.25c0.0,13.768,-7.379,26.479,-19.322,33.302L260.666,504.033l-58.591,-33.48c-5.966,-3.406,-10.797,-8.292,-14.136,-14.047c-3.339,-5.754,-5.187,-12.377,-5.187,-19.256H338.579z"" style=""fill:#FFFE9F;"">
 </path>
 <rect height=""44.522"" style=""fill:#87DFD6;"" width=""155.826"" x=""182.753"" y=""392.728"">
 </rect>
 <path d=""M260.666,170.12c-12.295,0.0,-22.261,9.966,-22.261,22.261v89.043c0.0,12.295,9.966,22.261,22.261,22.261s22.261,-9.966,22.261,-22.261v-66.783v-22.261C282.927,180.086,272.961,170.12,260.666,170.12z"" style=""fill:#4A7DBA;"">
 </path>
 <path d=""M466.343,271.653l-116.634,-63.618V173.203c0.0,-61.814,-26.998,-120.248,-74.078,-160.322l-8.314,-7.068c-4.177,-3.553,-10.323,-3.532,-14.48,0.052l-8.273,7.138c-46.355,40.028,-72.942,98.11,-72.942,159.353v35.678L54.989,271.653c-3.576,1.95,-5.801,5.699,-5.801,9.771v111.304c0.0,6.147,4.984,11.13,11.13,11.13h111.304v33.391c0.0,8.708,2.313,17.299,6.691,24.842c4.378,7.543,10.686,13.811,18.241,18.124l58.592,33.48c1.711,0.977,3.616,1.467,5.522,1.467c1.906,0.0,3.811,-0.489,5.522,-1.467l58.592,-33.48c15.376,-8.784,24.929,-25.248,24.929,-42.966v-33.391h111.304c6.146,0.0,11.13,-4.983,11.13,-11.13v-22.261c0.0,-6.147,-4.984,-11.13,-11.13,-11.13c-6.146,0.0,-11.13,4.983,-11.13,11.13v11.13H349.709V233.392l100.174,54.64v15.653c0.0,6.147,4.984,11.13,11.13,11.13c6.146,0.0,11.13,-4.983,11.13,-11.13v-22.261C472.144,277.351,469.919,273.603,466.343,271.653zM193.883,403.859h133.565v22.261H193.883V403.859zM193.883,172.357c0.0,-54.767,23.776,-106.709,65.228,-142.502l1.052,-0.907l1.046,0.889c42.096,35.833,66.239,88.087,66.239,143.366v41.439v166.957H193.883V214.641V172.357zM71.449,288.031l100.174,-54.64v148.207H71.449V288.031zM313.736,460.889L260.666,491.214l-53.073,-30.327c-4.151,-2.371,-7.619,-5.817,-10.026,-9.967c-0.477,-0.824,-0.897,-1.675,-1.284,-2.539h128.765C322.722,453.561,318.813,457.988,313.736,460.889z"">
 </path>
 <path d=""M470.263,330.899c-0.4,-0.612,-0.867,-1.18,-1.38,-1.692c-0.512,-0.512,-1.08,-0.979,-1.692,-1.38c-0.601,-0.412,-1.247,-0.746,-1.926,-1.024c-0.668,-0.278,-1.368,-0.501,-2.08,-0.634c-3.617,-0.735,-7.457,0.456,-10.041,3.039c-2.07,2.07,-3.261,4.942,-3.261,7.869c0.0,2.927,1.19,5.799,3.261,7.869c0.512,0.512,1.08,0.979,1.693,1.38c0.601,0.401,1.245,0.746,1.924,1.024c0.669,0.278,1.369,0.501,2.081,0.634c0.712,0.156,1.447,0.223,2.17,0.223c2.927,0.0,5.799,-1.191,7.868,-3.261c0.513,-0.512,0.981,-1.08,1.38,-1.692c0.401,-0.601,0.746,-1.247,1.024,-1.926c0.278,-0.668,0.501,-1.369,0.634,-2.081c0.145,-0.712,0.223,-1.447,0.223,-2.17s-0.078,-1.458,-0.223,-2.17c-0.145,-0.712,-0.356,-1.414,-0.634,-2.081C471.009,332.145,470.664,331.5,470.263,330.899z"">
 </path>
 <path d=""M260.666,314.815c18.412,0.0,33.391,-14.979,33.391,-33.391c0.0,-6.147,-4.984,-11.13,-11.13,-11.13c-6.146,0.0,-11.13,4.983,-11.13,11.13c0.0,6.137,-4.993,11.13,-11.13,11.13s-11.13,-4.993,-11.13,-11.13v-89.043c0.0,-6.137,4.993,-11.13,11.13,-11.13s11.13,4.993,11.13,11.13v22.261c0.0,6.147,4.984,11.13,11.13,11.13c6.146,0.0,11.13,-4.983,11.13,-11.13v-22.261c0.0,-18.412,-14.979,-33.391,-33.391,-33.391s-33.391,14.979,-33.391,33.391v89.043C227.275,299.836,242.254,314.815,260.666,314.815z"">
 </path>
 <path d=""M292.176,241.855c-0.4,-0.612,-0.867,-1.18,-1.38,-1.692c-0.512,-0.512,-1.08,-0.979,-1.692,-1.38c-0.601,-0.401,-1.247,-0.746,-1.926,-1.024c-0.668,-0.278,-1.368,-0.501,-2.08,-0.634c-1.436,-0.289,-2.905,-0.289,-4.341,0.0c-0.712,0.134,-1.414,0.356,-2.081,0.634c-0.679,0.278,-1.323,0.623,-1.924,1.024c-0.613,0.401,-1.181,0.868,-1.693,1.38s-0.979,1.08,-1.38,1.692c-0.412,0.601,-0.746,1.247,-1.024,1.926c-0.278,0.668,-0.501,1.369,-0.646,2.081c-0.145,0.712,-0.21,1.447,-0.21,2.17c0.0,0.723,0.067,1.458,0.21,2.17c0.145,0.712,0.367,1.414,0.646,2.093c0.278,0.668,0.612,1.313,1.024,1.914c0.401,0.612,0.868,1.18,1.38,1.692c0.512,0.512,1.08,0.979,1.693,1.38c0.601,0.401,1.245,0.746,1.924,1.024c0.669,0.278,1.369,0.501,2.081,0.646c0.712,0.145,1.447,0.211,2.17,0.211c0.722,0.0,1.458,-0.067,2.17,-0.211s1.414,-0.367,2.08,-0.646c0.679,-0.278,1.325,-0.623,1.926,-1.024c0.612,-0.401,1.18,-0.868,1.692,-1.38c0.513,-0.512,0.981,-1.08,1.38,-1.692c0.401,-0.601,0.746,-1.247,1.024,-1.914c0.278,-0.679,0.501,-1.38,0.634,-2.093c0.145,-0.712,0.223,-1.447,0.223,-2.17c0.0,-0.723,-0.078,-1.458,-0.223,-2.17c-0.134,-0.712,-0.356,-1.414,-0.634,-2.081C292.922,243.102,292.577,242.456,292.176,241.855z"">
 </path>
</svg>


Question: How many wings does the object have?",Two,One,Three,Four,A,aerial_crafts
223,"Examine the following SVG code carefully and answer the question based on your interpretation of the rendered image.

<svg id=""Layer_1"" style=""enable-background:new 0 0 512 512;"" version=""1.1"" viewbox=""0 0 512 512"" x=""0px"" xml:space=""preserve"" y=""0px"">
 <g>
  <polygon points=""338.579,214.641 338.579,392.728 461.014,392.728 461.014,370.467 461.014,303.685 461.014,281.424"" style=""fill:#AFAFAF;"">
  </polygon>
  <polygon points=""60.318,392.728 182.753,392.728 182.753,214.641 60.318,281.424"" style=""fill:#AFAFAF;"">
  </polygon>
 </g>
 <path d=""M268.418,21.366l-8.309,-7.072l-8.265,7.136c-43.872,37.876,-69.091,92.966,-69.091,150.924v220.375v44.522l0.0,0.0c0.0,13.765,7.376,26.476,19.328,33.306L260.666,504.033l58.585,-33.477c11.952,-6.83,19.328,-19.539,19.328,-33.306l0.0,0.0v-44.522V173.206C338.579,114.755,312.931,59.248,268.418,21.366z"" style=""fill:#E5E5E5;"">
 </path>
 <path d=""M338.579,437.25c0.0,13.768,-7.379,26.479,-19.322,33.302L260.666,504.033l-58.591,-33.48c-5.966,-3.406,-10.797,-8.292,-14.136,-14.047c-3.339,-5.754,-5.187,-12.377,-5.187,-19.256H338.579z"" style=""fill:#FFFE9F;"">
 </path>
 <rect height=""44.522"" style=""fill:#87DFD6;"" width=""155.826"" x=""182.753"" y=""392.728"">
 </rect>
 <path d=""M260.666,170.12c-12.295,0.0,-22.261,9.966,-22.261,22.261v89.043c0.0,12.295,9.966,22.261,22.261,22.261s22.261,-9.966,22.261,-22.261v-66.783v-22.261C282.927,180.086,272.961,170.12,260.666,170.12z"" style=""fill:#4A7DBA;"">
 </path>
 <path d=""M466.343,271.653l-116.634,-63.618V173.203c0.0,-61.814,-26.998,-120.248,-74.078,-160.322l-8.314,-7.068c-4.177,-3.553,-10.323,-3.532,-14.48,0.052l-8.273,7.138c-46.355,40.028,-72.942,98.11,-72.942,159.353v35.678L54.989,271.653c-3.576,1.95,-5.801,5.699,-5.801,9.771v111.304c0.0,6.147,4.984,11.13,11.13,11.13h111.304v33.391c0.0,8.708,2.313,17.299,6.691,24.842c4.378,7.543,10.686,13.811,18.241,18.124l58.592,33.48c1.711,0.977,3.616,1.467,5.522,1.467c1.906,0.0,3.811,-0.489,5.522,-1.467l58.592,-33.48c15.376,-8.784,24.929,-25.248,24.929,-42.966v-33.391h111.304c6.146,0.0,11.13,-4.983,11.13,-11.13v-22.261c0.0,-6.147,-4.984,-11.13,-11.13,-11.13c-6.146,0.0,-11.13,4.983,-11.13,11.13v11.13H349.709V233.392l100.174,54.64v15.653c0.0,6.147,4.984,11.13,11.13,11.13c6.146,0.0,11.13,-4.983,11.13,-11.13v-22.261C472.144,277.351,469.919,273.603,466.343,271.653zM193.883,403.859h133.565v22.261H193.883V403.859zM193.883,172.357c0.0,-54.767,23.776,-106.709,65.228,-142.502l1.052,-0.907l1.046,0.889c42.096,35.833,66.239,88.087,66.239,143.366v41.439v166.957H193.883V214.641V172.357zM71.449,288.031l100.174,-54.64v148.207H71.449V288.031zM313.736,460.889L260.666,491.214l-53.073,-30.327c-4.151,-2.371,-7.619,-5.817,-10.026,-9.967c-0.477,-0.824,-0.897,-1.675,-1.284,-2.539h128.765C322.722,453.561,318.813,457.988,313.736,460.889z"">
 </path>
 <path d=""M470.263,330.899c-0.4,-0.612,-0.867,-1.18,-1.38,-1.692c-0.512,-0.512,-1.08,-0.979,-1.692,-1.38c-0.601,-0.412,-1.247,-0.746,-1.926,-1.024c-0.668,-0.278,-1.368,-0.501,-2.08,-0.634c-3.617,-0.735,-7.457,0.456,-10.041,3.039c-2.07,2.07,-3.261,4.942,-3.261,7.869c0.0,2.927,1.19,5.799,3.261,7.869c0.512,0.512,1.08,0.979,1.693,1.38c0.601,0.401,1.245,0.746,1.924,1.024c0.669,0.278,1.369,0.501,2.081,0.634c0.712,0.156,1.447,0.223,2.17,0.223c2.927,0.0,5.799,-1.191,7.868,-3.261c0.513,-0.512,0.981,-1.08,1.38,-1.692c0.401,-0.601,0.746,-1.247,1.024,-1.926c0.278,-0.668,0.501,-1.369,0.634,-2.081c0.145,-0.712,0.223,-1.447,0.223,-2.17s-0.078,-1.458,-0.223,-2.17c-0.145,-0.712,-0.356,-1.414,-0.634,-2.081C471.009,332.145,470.664,331.5,470.263,330.899z"">
 </path>
 <path d=""M260.666,314.815c18.412,0.0,33.391,-14.979,33.391,-33.391c0.0,-6.147,-4.984,-11.13,-11.13,-11.13c-6.146,0.0,-11.13,4.983,-11.13,11.13c0.0,6.137,-4.993,11.13,-11.13,11.13s-11.13,-4.993,-11.13,-11.13v-89.043c0.0,-6.137,4.993,-11.13,11.13,-11.13s11.13,4.993,11.13,11.13v22.261c0.0,6.147,4.984,11.13,11.13,11.13c6.146,0.0,11.13,-4.983,11.13,-11.13v-22.261c0.0,-18.412,-14.979,-33.391,-33.391,-33.391s-33.391,14.979,-33.391,33.391v89.043C227.275,299.836,242.254,314.815,260.666,314.815z"">
 </path>
 <path d=""M292.176,241.855c-0.4,-0.612,-0.867,-1.18,-1.38,-1.692c-0.512,-0.512,-1.08,-0.979,-1.692,-1.38c-0.601,-0.401,-1.247,-0.746,-1.926,-1.024c-0.668,-0.278,-1.368,-0.501,-2.08,-0.634c-1.436,-0.289,-2.905,-0.289,-4.341,0.0c-0.712,0.134,-1.414,0.356,-2.081,0.634c-0.679,0.278,-1.323,0.623,-1.924,1.024c-0.613,0.401,-1.181,0.868,-1.693,1.38s-0.979,1.08,-1.38,1.692c-0.412,0.601,-0.746,1.247,-1.024,1.926c-0.278,0.668,-0.501,1.369,-0.646,2.081c-0.145,0.712,-0.21,1.447,-0.21,2.17c0.0,0.723,0.067,1.458,0.21,2.17c0.145,0.712,0.367,1.414,0.646,2.093c0.278,0.668,0.612,1.313,1.024,1.914c0.401,0.612,0.868,1.18,1.38,1.692c0.512,0.512,1.08,0.979,1.693,1.38c0.601,0.401,1.245,0.746,1.924,1.024c0.669,0.278,1.369,0.501,2.081,0.646c0.712,0.145,1.447,0.211,2.17,0.211c0.722,0.0,1.458,-0.067,2.17,-0.211s1.414,-0.367,2.08,-0.646c0.679,-0.278,1.325,-0.623,1.926,-1.024c0.612,-0.401,1.18,-0.868,1.692,-1.38c0.513,-0.512,0.981,-1.08,1.38,-1.692c0.401,-0.601,0.746,-1.247,1.024,-1.914c0.278,-0.679,0.501,-1.38,0.634,-2.093c0.145,-0.712,0.223,-1.447,0.223,-2.17c0.0,-0.723,-0.078,-1.458,-0.223,-2.17c-0.134,-0.712,-0.356,-1.414,-0.634,-2.081C292.922,243.102,292.577,242.456,292.176,241.855z"">
 </path>
</svg>


Question: What is the object in the image?",Airplane,Car,Boat,Rocket,D,aerial_crafts
224,"Examine the following SVG code carefully and answer the question based on your interpretation of the rendered image.

<svg id=""Layer_1"" style=""enable-background:new 0 0 503.832 503.832;"" version=""1.1"" viewbox=""0 0 503.832 503.832"" x=""0px"" xml:space=""preserve"" y=""0px"">
 <g>
  <path d=""M181.254,375.682c-19.518,0.0,-38.232,-3.196,-55.782,-8.713l10.884,88.161h158.897l12.164,-100.405C233.884,378.136,181.254,375.682,181.254,375.682"" style=""fill:#999999;"">
  </path>
  <path d=""M4.702,225.613c0.0,73.128,79.042,150.069,176.552,150.069c0.0,0.0,166.788,7.795,321.368,-136.457c7.883,-7.371,7.883,-19.853,0.0,-27.224C347.804,67.493,181.254,75.544,181.254,75.544C83.744,75.544,4.702,152.485,4.702,225.613"" style=""fill:#E6E6E6;"">
  </path>
  <g>
   <path d=""M446.081,165.903V84.371l-52.966,-26.483l-52.966,50.308C373.351,121.412,409.42,139.923,446.081,165.903"" style=""fill:#999999;"">
   </path>
   <path d=""M446.081,285.322v81.532l-52.966,26.483l-52.966,-50.308C373.351,329.813,409.42,311.302,446.081,285.322"" style=""fill:#999999;"">
   </path>
   <path d=""M4.702,225.613c0.0,35.275,18.511,71.353,48.49,99.337c23.755,-19.844,39.786,-56.85,39.786,-99.337s-16.031,-79.501,-39.786,-99.337C23.213,154.259,4.702,190.338,4.702,225.613"" style=""fill:#999999;"">
   </path>
   <path d=""M428.426,234.44H163.599c-4.873,0.0,-8.828,-3.946,-8.828,-8.828c0.0,-4.882,3.955,-8.828,8.828,-8.828h264.828c4.873,0.0,8.828,3.946,8.828,8.828C437.254,230.494,433.299,234.44,428.426,234.44"" style=""fill:#999999;"">
   </path>
   <path d=""M375.461,278.578H216.564c-4.873,0.0,-8.828,-3.946,-8.828,-8.828c0.0,-4.882,3.955,-8.828,8.828,-8.828h158.897c4.873,0.0,8.828,3.946,8.828,8.828C384.288,274.632,380.333,278.578,375.461,278.578"" style=""fill:#999999;"">
   </path>
   <path d=""M375.461,190.302H216.564c-4.873,0.0,-8.828,-3.946,-8.828,-8.828c0.0,-4.882,3.955,-8.828,8.828,-8.828h158.897c4.873,0.0,8.828,3.946,8.828,8.828C384.288,186.356,380.333,190.302,375.461,190.302"" style=""fill:#999999;"">
   </path>
  </g>
  <g>
   <path d=""M51.288,254.25l-40.81,-35.31c-1.518,-1.315,-3.363,-1.871,-5.217,-1.986c-0.247,2.887,-0.556,5.773,-0.556,8.66c0.0,4.114,0.3,8.236,0.794,12.359l34.233,29.625c1.668,1.448,3.725,2.154,5.773,2.154c2.472,0.0,4.935,-1.033,6.682,-3.054C55.375,263.007,54.969,257.437,51.288,254.25"" style=""fill:#E6E6E6;"">
   </path>
   <path d=""M43.327,183.406L5.474,213.694c-0.459,3.972,-0.768,7.954,-0.768,11.917c0.0,2.913,0.309,5.826,0.556,8.739c1.748,-0.115,3.487,-0.662,4.952,-1.845l44.138,-35.31c3.814,-3.046,4.423,-8.598,1.377,-12.412C52.693,180.979,47.123,180.361,43.327,183.406"" style=""fill:#E6E6E6;"">
   </path>
   <path d=""M48.84,216.785H5.267C5.02,219.725,4.702,222.673,4.702,225.613c0.0,2.94,0.318,5.888,0.565,8.828h43.573c4.873,0.0,8.828,-3.946,8.828,-8.828C57.668,220.731,53.713,216.785,48.84,216.785"" style=""fill:#E6E6E6;"">
   </path>
   <path d=""M131.998,419.819h167.53l2.145,-17.655H129.818L131.998,419.819z"" style=""fill:#E6E6E6;"">
   </path>
  </g>
 </g>
</svg>


Question: What shape is the main body of the object?",Circular,Rectangular,Elliptical,Triangular,C,aerial_crafts
225,"Examine the following SVG code carefully and answer the question based on your interpretation of the rendered image.

<svg id=""Layer_1"" style=""enable-background:new 0 0 503.832 503.832;"" version=""1.1"" viewbox=""0 0 503.832 503.832"" x=""0px"" xml:space=""preserve"" y=""0px"">
 <g>
  <path d=""M181.254,375.682c-19.518,0.0,-38.232,-3.196,-55.782,-8.713l10.884,88.161h158.897l12.164,-100.405C233.884,378.136,181.254,375.682,181.254,375.682"" style=""fill:#999999;"">
  </path>
  <path d=""M4.702,225.613c0.0,73.128,79.042,150.069,176.552,150.069c0.0,0.0,166.788,7.795,321.368,-136.457c7.883,-7.371,7.883,-19.853,0.0,-27.224C347.804,67.493,181.254,75.544,181.254,75.544C83.744,75.544,4.702,152.485,4.702,225.613"" style=""fill:#E6E6E6;"">
  </path>
  <g>
   <path d=""M446.081,165.903V84.371l-52.966,-26.483l-52.966,50.308C373.351,121.412,409.42,139.923,446.081,165.903"" style=""fill:#999999;"">
   </path>
   <path d=""M446.081,285.322v81.532l-52.966,26.483l-52.966,-50.308C373.351,329.813,409.42,311.302,446.081,285.322"" style=""fill:#999999;"">
   </path>
   <path d=""M4.702,225.613c0.0,35.275,18.511,71.353,48.49,99.337c23.755,-19.844,39.786,-56.85,39.786,-99.337s-16.031,-79.501,-39.786,-99.337C23.213,154.259,4.702,190.338,4.702,225.613"" style=""fill:#999999;"">
   </path>
   <path d=""M428.426,234.44H163.599c-4.873,0.0,-8.828,-3.946,-8.828,-8.828c0.0,-4.882,3.955,-8.828,8.828,-8.828h264.828c4.873,0.0,8.828,3.946,8.828,8.828C437.254,230.494,433.299,234.44,428.426,234.44"" style=""fill:#999999;"">
   </path>
   <path d=""M375.461,278.578H216.564c-4.873,0.0,-8.828,-3.946,-8.828,-8.828c0.0,-4.882,3.955,-8.828,8.828,-8.828h158.897c4.873,0.0,8.828,3.946,8.828,8.828C384.288,274.632,380.333,278.578,375.461,278.578"" style=""fill:#999999;"">
   </path>
   <path d=""M375.461,190.302H216.564c-4.873,0.0,-8.828,-3.946,-8.828,-8.828c0.0,-4.882,3.955,-8.828,8.828,-8.828h158.897c4.873,0.0,8.828,3.946,8.828,8.828C384.288,186.356,380.333,190.302,375.461,190.302"" style=""fill:#999999;"">
   </path>
  </g>
  <g>
   <path d=""M51.288,254.25l-40.81,-35.31c-1.518,-1.315,-3.363,-1.871,-5.217,-1.986c-0.247,2.887,-0.556,5.773,-0.556,8.66c0.0,4.114,0.3,8.236,0.794,12.359l34.233,29.625c1.668,1.448,3.725,2.154,5.773,2.154c2.472,0.0,4.935,-1.033,6.682,-3.054C55.375,263.007,54.969,257.437,51.288,254.25"" style=""fill:#E6E6E6;"">
   </path>
   <path d=""M43.327,183.406L5.474,213.694c-0.459,3.972,-0.768,7.954,-0.768,11.917c0.0,2.913,0.309,5.826,0.556,8.739c1.748,-0.115,3.487,-0.662,4.952,-1.845l44.138,-35.31c3.814,-3.046,4.423,-8.598,1.377,-12.412C52.693,180.979,47.123,180.361,43.327,183.406"" style=""fill:#E6E6E6;"">
   </path>
   <path d=""M48.84,216.785H5.267C5.02,219.725,4.702,222.673,4.702,225.613c0.0,2.94,0.318,5.888,0.565,8.828h43.573c4.873,0.0,8.828,-3.946,8.828,-8.828C57.668,220.731,53.713,216.785,48.84,216.785"" style=""fill:#E6E6E6;"">
   </path>
   <path d=""M131.998,419.819h167.53l2.145,-17.655H129.818L131.998,419.819z"" style=""fill:#E6E6E6;"">
   </path>
  </g>
 </g>
</svg>


Question: How many horizontal lines are present on the main body of the object?",One,Two,Three,Four,C,aerial_crafts
226,"Examine the following SVG code carefully and answer the question based on your interpretation of the rendered image.

<svg id=""Layer_1"" style=""enable-background:new 0 0 503.832 503.832;"" version=""1.1"" viewbox=""0 0 503.832 503.832"" x=""0px"" xml:space=""preserve"" y=""0px"">
 <g>
  <path d=""M181.254,375.682c-19.518,0.0,-38.232,-3.196,-55.782,-8.713l10.884,88.161h158.897l12.164,-100.405C233.884,378.136,181.254,375.682,181.254,375.682"" style=""fill:#999999;"">
  </path>
  <path d=""M4.702,225.613c0.0,73.128,79.042,150.069,176.552,150.069c0.0,0.0,166.788,7.795,321.368,-136.457c7.883,-7.371,7.883,-19.853,0.0,-27.224C347.804,67.493,181.254,75.544,181.254,75.544C83.744,75.544,4.702,152.485,4.702,225.613"" style=""fill:#E6E6E6;"">
  </path>
  <g>
   <path d=""M446.081,165.903V84.371l-52.966,-26.483l-52.966,50.308C373.351,121.412,409.42,139.923,446.081,165.903"" style=""fill:#999999;"">
   </path>
   <path d=""M446.081,285.322v81.532l-52.966,26.483l-52.966,-50.308C373.351,329.813,409.42,311.302,446.081,285.322"" style=""fill:#999999;"">
   </path>
   <path d=""M4.702,225.613c0.0,35.275,18.511,71.353,48.49,99.337c23.755,-19.844,39.786,-56.85,39.786,-99.337s-16.031,-79.501,-39.786,-99.337C23.213,154.259,4.702,190.338,4.702,225.613"" style=""fill:#999999;"">
   </path>
   <path d=""M428.426,234.44H163.599c-4.873,0.0,-8.828,-3.946,-8.828,-8.828c0.0,-4.882,3.955,-8.828,8.828,-8.828h264.828c4.873,0.0,8.828,3.946,8.828,8.828C437.254,230.494,433.299,234.44,428.426,234.44"" style=""fill:#999999;"">
   </path>
   <path d=""M375.461,278.578H216.564c-4.873,0.0,-8.828,-3.946,-8.828,-8.828c0.0,-4.882,3.955,-8.828,8.828,-8.828h158.897c4.873,0.0,8.828,3.946,8.828,8.828C384.288,274.632,380.333,278.578,375.461,278.578"" style=""fill:#999999;"">
   </path>
   <path d=""M375.461,190.302H216.564c-4.873,0.0,-8.828,-3.946,-8.828,-8.828c0.0,-4.882,3.955,-8.828,8.828,-8.828h158.897c4.873,0.0,8.828,3.946,8.828,8.828C384.288,186.356,380.333,190.302,375.461,190.302"" style=""fill:#999999;"">
   </path>
  </g>
  <g>
   <path d=""M51.288,254.25l-40.81,-35.31c-1.518,-1.315,-3.363,-1.871,-5.217,-1.986c-0.247,2.887,-0.556,5.773,-0.556,8.66c0.0,4.114,0.3,8.236,0.794,12.359l34.233,29.625c1.668,1.448,3.725,2.154,5.773,2.154c2.472,0.0,4.935,-1.033,6.682,-3.054C55.375,263.007,54.969,257.437,51.288,254.25"" style=""fill:#E6E6E6;"">
   </path>
   <path d=""M43.327,183.406L5.474,213.694c-0.459,3.972,-0.768,7.954,-0.768,11.917c0.0,2.913,0.309,5.826,0.556,8.739c1.748,-0.115,3.487,-0.662,4.952,-1.845l44.138,-35.31c3.814,-3.046,4.423,-8.598,1.377,-12.412C52.693,180.979,47.123,180.361,43.327,183.406"" style=""fill:#E6E6E6;"">
   </path>
   <path d=""M48.84,216.785H5.267C5.02,219.725,4.702,222.673,4.702,225.613c0.0,2.94,0.318,5.888,0.565,8.828h43.573c4.873,0.0,8.828,-3.946,8.828,-8.828C57.668,220.731,53.713,216.785,48.84,216.785"" style=""fill:#E6E6E6;"">
   </path>
   <path d=""M131.998,419.819h167.53l2.145,-17.655H129.818L131.998,419.819z"" style=""fill:#E6E6E6;"">
   </path>
  </g>
 </g>
</svg>


Question: What is the color of the tail fin of the object?",Red,Blue,Gray,Green,C,aerial_crafts
227,"Examine the following SVG code carefully and answer the question based on your interpretation of the rendered image.

<svg id=""Layer_1"" style=""enable-background:new 0 0 503.832 503.832;"" version=""1.1"" viewbox=""0 0 503.832 503.832"" x=""0px"" xml:space=""preserve"" y=""0px"">
 <g>
  <path d=""M181.254,375.682c-19.518,0.0,-38.232,-3.196,-55.782,-8.713l10.884,88.161h158.897l12.164,-100.405C233.884,378.136,181.254,375.682,181.254,375.682"" style=""fill:#999999;"">
  </path>
  <path d=""M4.702,225.613c0.0,73.128,79.042,150.069,176.552,150.069c0.0,0.0,166.788,7.795,321.368,-136.457c7.883,-7.371,7.883,-19.853,0.0,-27.224C347.804,67.493,181.254,75.544,181.254,75.544C83.744,75.544,4.702,152.485,4.702,225.613"" style=""fill:#E6E6E6;"">
  </path>
  <g>
   <path d=""M446.081,165.903V84.371l-52.966,-26.483l-52.966,50.308C373.351,121.412,409.42,139.923,446.081,165.903"" style=""fill:#999999;"">
   </path>
   <path d=""M446.081,285.322v81.532l-52.966,26.483l-52.966,-50.308C373.351,329.813,409.42,311.302,446.081,285.322"" style=""fill:#999999;"">
   </path>
   <path d=""M4.702,225.613c0.0,35.275,18.511,71.353,48.49,99.337c23.755,-19.844,39.786,-56.85,39.786,-99.337s-16.031,-79.501,-39.786,-99.337C23.213,154.259,4.702,190.338,4.702,225.613"" style=""fill:#999999;"">
   </path>
   <path d=""M428.426,234.44H163.599c-4.873,0.0,-8.828,-3.946,-8.828,-8.828c0.0,-4.882,3.955,-8.828,8.828,-8.828h264.828c4.873,0.0,8.828,3.946,8.828,8.828C437.254,230.494,433.299,234.44,428.426,234.44"" style=""fill:#999999;"">
   </path>
   <path d=""M375.461,278.578H216.564c-4.873,0.0,-8.828,-3.946,-8.828,-8.828c0.0,-4.882,3.955,-8.828,8.828,-8.828h158.897c4.873,0.0,8.828,3.946,8.828,8.828C384.288,274.632,380.333,278.578,375.461,278.578"" style=""fill:#999999;"">
   </path>
   <path d=""M375.461,190.302H216.564c-4.873,0.0,-8.828,-3.946,-8.828,-8.828c0.0,-4.882,3.955,-8.828,8.828,-8.828h158.897c4.873,0.0,8.828,3.946,8.828,8.828C384.288,186.356,380.333,190.302,375.461,190.302"" style=""fill:#999999;"">
   </path>
  </g>
  <g>
   <path d=""M51.288,254.25l-40.81,-35.31c-1.518,-1.315,-3.363,-1.871,-5.217,-1.986c-0.247,2.887,-0.556,5.773,-0.556,8.66c0.0,4.114,0.3,8.236,0.794,12.359l34.233,29.625c1.668,1.448,3.725,2.154,5.773,2.154c2.472,0.0,4.935,-1.033,6.682,-3.054C55.375,263.007,54.969,257.437,51.288,254.25"" style=""fill:#E6E6E6;"">
   </path>
   <path d=""M43.327,183.406L5.474,213.694c-0.459,3.972,-0.768,7.954,-0.768,11.917c0.0,2.913,0.309,5.826,0.556,8.739c1.748,-0.115,3.487,-0.662,4.952,-1.845l44.138,-35.31c3.814,-3.046,4.423,-8.598,1.377,-12.412C52.693,180.979,47.123,180.361,43.327,183.406"" style=""fill:#E6E6E6;"">
   </path>
   <path d=""M48.84,216.785H5.267C5.02,219.725,4.702,222.673,4.702,225.613c0.0,2.94,0.318,5.888,0.565,8.828h43.573c4.873,0.0,8.828,-3.946,8.828,-8.828C57.668,220.731,53.713,216.785,48.84,216.785"" style=""fill:#E6E6E6;"">
   </path>
   <path d=""M131.998,419.819h167.53l2.145,-17.655H129.818L131.998,419.819z"" style=""fill:#E6E6E6;"">
   </path>
  </g>
 </g>
</svg>


Question: What type of object is depicted in the image?",Airplane,Helicopter,Submarine,Blimp,D,aerial_crafts
0,"Examine the following SVG code carefully and answer the question based on your interpretation of the rendered image.

<svg id=""Capa_1"" style=""enable-background:new 0 0 54 54;"" version=""1.1"" viewbox=""0 0 54 54"" x=""0px"" xml:space=""preserve"" y=""0px"">
 <g>
  <circle cx=""19.993"" cy=""27.986"" r=""1.5"">
  </circle>
  <circle cx=""22.493"" cy=""39.576"" r=""1"">
  </circle>
  <circle cx=""28.493"" cy=""32.486"" r=""1"">
  </circle>
  <circle cx=""31.493"" cy=""46.576"" r=""1"">
  </circle>
  <circle cx=""23.993"" cy=""48.076"" r=""1.5"">
  </circle>
  <circle cx=""35.993"" cy=""39.076"" r=""1.5"">
  </circle>
  <path d=""M36.325,12.023l-0.331,-0.288c-0.647,-0.775,-0.213,-5.272,0.529,-6.925c0.393,-0.304,0.632,-0.67,0.702,-1.094c0.013,-0.052,0.023,-0.102,0.027,-0.156C37.254,3.535,37.265,3.512,37.265,3.486c0.0,-0.047,-0.019,-0.088,-0.023,-0.133c-0.007,-0.052,-0.012,-0.102,-0.027,-0.153C36.696,0.694,29.526,0.486,27.265,0.486c-2.267,0.0,-9.469,0.21,-9.953,2.735c-0.006,0.021,-0.007,0.042,-0.011,0.064c-0.01,0.068,-0.035,0.13,-0.035,0.201c0.0,0.036,0.015,0.067,0.018,0.102c0.003,0.028,0.009,0.053,0.014,0.081c0.06,0.463,0.329,0.853,0.765,1.177c0.852,1.677,1.591,6.119,1.026,6.883l-0.327,0.28C16.663,13.8,13.493,16.509,13.493,21.486v23.791C13.493,50.355,17.624,54.486,22.702,54.486h9.582C37.362,54.486,41.493,50.355,41.493,45.277V21.486C41.493,16.518,38.383,13.813,36.325,12.023zM27.265,2.486c3.949,0.0,6.572,0.56,7.616,1.0c-1.044,0.44,-3.667,1.0,-7.616,1.0S20.693,3.926,19.649,3.486C20.693,3.046,23.316,2.486,27.265,2.486zM20.06,13.529l0.332,-0.285c0.631,-0.543,0.912,-1.573,0.861,-3.149c-0.039,-1.207,-0.298,-2.813,-0.719,-4.243C22.913,6.416,25.938,6.486,27.265,6.486c1.356,0.0,4.482,-0.076,6.882,-0.675c-0.282,1.219,-0.415,2.499,-0.448,3.353c-0.079,2.065,0.244,3.432,0.962,4.062l0.352,0.307c1.823,1.586,4.048,3.531,4.42,6.947c-2.327,5.359,-5.847,6.332,-7.273,6.495c-2.3,0.247,-4.446,-2.161,-5.844,-4.239c-3.087,-4.59,-7.484,-4.706,-10.434,-3.826C16.667,16.434,18.507,14.856,20.06,13.529zM32.284,52.486h-9.582C18.727,52.486,15.493,49.252,15.493,45.277V21.486c0.0,-0.104,0.009,-0.201,0.012,-0.302c1.513,-0.649,5.995,-2.028,9.151,2.667c2.297,3.417,4.695,5.145,7.137,5.145c0.197,0.0,0.396,-0.011,0.594,-0.034c1.425,-0.163,4.522,-0.953,7.106,-4.525v20.841C39.493,49.252,36.259,52.486,32.284,52.486z"">
  </path>
 </g>
</svg>


Question: What shape is the object in the image?",Square,Circle,Triangle,Bottle,D,beverage
1,"Examine the following SVG code carefully and answer the question based on your interpretation of the rendered image.

<svg id=""Capa_1"" style=""enable-background:new 0 0 54 54;"" version=""1.1"" viewbox=""0 0 54 54"" x=""0px"" xml:space=""preserve"" y=""0px"">
 <g>
  <circle cx=""19.993"" cy=""27.986"" r=""1.5"">
  </circle>
  <circle cx=""22.493"" cy=""39.576"" r=""1"">
  </circle>
  <circle cx=""28.493"" cy=""32.486"" r=""1"">
  </circle>
  <circle cx=""31.493"" cy=""46.576"" r=""1"">
  </circle>
  <circle cx=""23.993"" cy=""48.076"" r=""1.5"">
  </circle>
  <circle cx=""35.993"" cy=""39.076"" r=""1.5"">
  </circle>
  <path d=""M36.325,12.023l-0.331,-0.288c-0.647,-0.775,-0.213,-5.272,0.529,-6.925c0.393,-0.304,0.632,-0.67,0.702,-1.094c0.013,-0.052,0.023,-0.102,0.027,-0.156C37.254,3.535,37.265,3.512,37.265,3.486c0.0,-0.047,-0.019,-0.088,-0.023,-0.133c-0.007,-0.052,-0.012,-0.102,-0.027,-0.153C36.696,0.694,29.526,0.486,27.265,0.486c-2.267,0.0,-9.469,0.21,-9.953,2.735c-0.006,0.021,-0.007,0.042,-0.011,0.064c-0.01,0.068,-0.035,0.13,-0.035,0.201c0.0,0.036,0.015,0.067,0.018,0.102c0.003,0.028,0.009,0.053,0.014,0.081c0.06,0.463,0.329,0.853,0.765,1.177c0.852,1.677,1.591,6.119,1.026,6.883l-0.327,0.28C16.663,13.8,13.493,16.509,13.493,21.486v23.791C13.493,50.355,17.624,54.486,22.702,54.486h9.582C37.362,54.486,41.493,50.355,41.493,45.277V21.486C41.493,16.518,38.383,13.813,36.325,12.023zM27.265,2.486c3.949,0.0,6.572,0.56,7.616,1.0c-1.044,0.44,-3.667,1.0,-7.616,1.0S20.693,3.926,19.649,3.486C20.693,3.046,23.316,2.486,27.265,2.486zM20.06,13.529l0.332,-0.285c0.631,-0.543,0.912,-1.573,0.861,-3.149c-0.039,-1.207,-0.298,-2.813,-0.719,-4.243C22.913,6.416,25.938,6.486,27.265,6.486c1.356,0.0,4.482,-0.076,6.882,-0.675c-0.282,1.219,-0.415,2.499,-0.448,3.353c-0.079,2.065,0.244,3.432,0.962,4.062l0.352,0.307c1.823,1.586,4.048,3.531,4.42,6.947c-2.327,5.359,-5.847,6.332,-7.273,6.495c-2.3,0.247,-4.446,-2.161,-5.844,-4.239c-3.087,-4.59,-7.484,-4.706,-10.434,-3.826C16.667,16.434,18.507,14.856,20.06,13.529zM32.284,52.486h-9.582C18.727,52.486,15.493,49.252,15.493,45.277V21.486c0.0,-0.104,0.009,-0.201,0.012,-0.302c1.513,-0.649,5.995,-2.028,9.151,2.667c2.297,3.417,4.695,5.145,7.137,5.145c0.197,0.0,0.396,-0.011,0.594,-0.034c1.425,-0.163,4.522,-0.953,7.106,-4.525v20.841C39.493,49.252,36.259,52.486,32.284,52.486z"">
  </path>
 </g>
</svg>


Question: How many dots are inside the object in the image?",3,4,5,6,D,beverage
2,"Examine the following SVG code carefully and answer the question based on your interpretation of the rendered image.

<svg id=""Capa_1"" style=""enable-background:new 0 0 54 54;"" version=""1.1"" viewbox=""0 0 54 54"" x=""0px"" xml:space=""preserve"" y=""0px"">
 <g>
  <circle cx=""19.993"" cy=""27.986"" r=""1.5"">
  </circle>
  <circle cx=""22.493"" cy=""39.576"" r=""1"">
  </circle>
  <circle cx=""28.493"" cy=""32.486"" r=""1"">
  </circle>
  <circle cx=""31.493"" cy=""46.576"" r=""1"">
  </circle>
  <circle cx=""23.993"" cy=""48.076"" r=""1.5"">
  </circle>
  <circle cx=""35.993"" cy=""39.076"" r=""1.5"">
  </circle>
  <path d=""M36.325,12.023l-0.331,-0.288c-0.647,-0.775,-0.213,-5.272,0.529,-6.925c0.393,-0.304,0.632,-0.67,0.702,-1.094c0.013,-0.052,0.023,-0.102,0.027,-0.156C37.254,3.535,37.265,3.512,37.265,3.486c0.0,-0.047,-0.019,-0.088,-0.023,-0.133c-0.007,-0.052,-0.012,-0.102,-0.027,-0.153C36.696,0.694,29.526,0.486,27.265,0.486c-2.267,0.0,-9.469,0.21,-9.953,2.735c-0.006,0.021,-0.007,0.042,-0.011,0.064c-0.01,0.068,-0.035,0.13,-0.035,0.201c0.0,0.036,0.015,0.067,0.018,0.102c0.003,0.028,0.009,0.053,0.014,0.081c0.06,0.463,0.329,0.853,0.765,1.177c0.852,1.677,1.591,6.119,1.026,6.883l-0.327,0.28C16.663,13.8,13.493,16.509,13.493,21.486v23.791C13.493,50.355,17.624,54.486,22.702,54.486h9.582C37.362,54.486,41.493,50.355,41.493,45.277V21.486C41.493,16.518,38.383,13.813,36.325,12.023zM27.265,2.486c3.949,0.0,6.572,0.56,7.616,1.0c-1.044,0.44,-3.667,1.0,-7.616,1.0S20.693,3.926,19.649,3.486C20.693,3.046,23.316,2.486,27.265,2.486zM20.06,13.529l0.332,-0.285c0.631,-0.543,0.912,-1.573,0.861,-3.149c-0.039,-1.207,-0.298,-2.813,-0.719,-4.243C22.913,6.416,25.938,6.486,27.265,6.486c1.356,0.0,4.482,-0.076,6.882,-0.675c-0.282,1.219,-0.415,2.499,-0.448,3.353c-0.079,2.065,0.244,3.432,0.962,4.062l0.352,0.307c1.823,1.586,4.048,3.531,4.42,6.947c-2.327,5.359,-5.847,6.332,-7.273,6.495c-2.3,0.247,-4.446,-2.161,-5.844,-4.239c-3.087,-4.59,-7.484,-4.706,-10.434,-3.826C16.667,16.434,18.507,14.856,20.06,13.529zM32.284,52.486h-9.582C18.727,52.486,15.493,49.252,15.493,45.277V21.486c0.0,-0.104,0.009,-0.201,0.012,-0.302c1.513,-0.649,5.995,-2.028,9.151,2.667c2.297,3.417,4.695,5.145,7.137,5.145c0.197,0.0,0.396,-0.011,0.594,-0.034c1.425,-0.163,4.522,-0.953,7.106,-4.525v20.841C39.493,49.252,36.259,52.486,32.284,52.486z"">
  </path>
 </g>
</svg>


Question: What is the color of the object in the image?",Red,Blue,Green,White,D,beverage
3,"Examine the following SVG code carefully and answer the question based on your interpretation of the rendered image.

<svg id=""Capa_1"" style=""enable-background:new 0 0 54 54;"" version=""1.1"" viewbox=""0 0 54 54"" x=""0px"" xml:space=""preserve"" y=""0px"">
 <g>
  <circle cx=""19.993"" cy=""27.986"" r=""1.5"">
  </circle>
  <circle cx=""22.493"" cy=""39.576"" r=""1"">
  </circle>
  <circle cx=""28.493"" cy=""32.486"" r=""1"">
  </circle>
  <circle cx=""31.493"" cy=""46.576"" r=""1"">
  </circle>
  <circle cx=""23.993"" cy=""48.076"" r=""1.5"">
  </circle>
  <circle cx=""35.993"" cy=""39.076"" r=""1.5"">
  </circle>
  <path d=""M36.325,12.023l-0.331,-0.288c-0.647,-0.775,-0.213,-5.272,0.529,-6.925c0.393,-0.304,0.632,-0.67,0.702,-1.094c0.013,-0.052,0.023,-0.102,0.027,-0.156C37.254,3.535,37.265,3.512,37.265,3.486c0.0,-0.047,-0.019,-0.088,-0.023,-0.133c-0.007,-0.052,-0.012,-0.102,-0.027,-0.153C36.696,0.694,29.526,0.486,27.265,0.486c-2.267,0.0,-9.469,0.21,-9.953,2.735c-0.006,0.021,-0.007,0.042,-0.011,0.064c-0.01,0.068,-0.035,0.13,-0.035,0.201c0.0,0.036,0.015,0.067,0.018,0.102c0.003,0.028,0.009,0.053,0.014,0.081c0.06,0.463,0.329,0.853,0.765,1.177c0.852,1.677,1.591,6.119,1.026,6.883l-0.327,0.28C16.663,13.8,13.493,16.509,13.493,21.486v23.791C13.493,50.355,17.624,54.486,22.702,54.486h9.582C37.362,54.486,41.493,50.355,41.493,45.277V21.486C41.493,16.518,38.383,13.813,36.325,12.023zM27.265,2.486c3.949,0.0,6.572,0.56,7.616,1.0c-1.044,0.44,-3.667,1.0,-7.616,1.0S20.693,3.926,19.649,3.486C20.693,3.046,23.316,2.486,27.265,2.486zM20.06,13.529l0.332,-0.285c0.631,-0.543,0.912,-1.573,0.861,-3.149c-0.039,-1.207,-0.298,-2.813,-0.719,-4.243C22.913,6.416,25.938,6.486,27.265,6.486c1.356,0.0,4.482,-0.076,6.882,-0.675c-0.282,1.219,-0.415,2.499,-0.448,3.353c-0.079,2.065,0.244,3.432,0.962,4.062l0.352,0.307c1.823,1.586,4.048,3.531,4.42,6.947c-2.327,5.359,-5.847,6.332,-7.273,6.495c-2.3,0.247,-4.446,-2.161,-5.844,-4.239c-3.087,-4.59,-7.484,-4.706,-10.434,-3.826C16.667,16.434,18.507,14.856,20.06,13.529zM32.284,52.486h-9.582C18.727,52.486,15.493,49.252,15.493,45.277V21.486c0.0,-0.104,0.009,-0.201,0.012,-0.302c1.513,-0.649,5.995,-2.028,9.151,2.667c2.297,3.417,4.695,5.145,7.137,5.145c0.197,0.0,0.396,-0.011,0.594,-0.034c1.425,-0.163,4.522,-0.953,7.106,-4.525v20.841C39.493,49.252,36.259,52.486,32.284,52.486z"">
  </path>
 </g>
</svg>


Question: What is the object in the image commonly used for?",flowers,milk,books,notes,B,beverage
4,"Examine the following SVG code carefully and answer the question based on your interpretation of the rendered image.

<svg height=""400.354px"" id=""Capa_1"" style=""enable-background:new 0 0 400.354 400.354;"" version=""1.1"" viewbox=""0 0 400.354 400.354"" width=""400.354px"" x=""0px"" xml:space=""preserve"" y=""0px"">
 <g>
  <g>
   <path d=""M318.521,26.676l-9.26,-20.149c-1.278,-2.783,-4.568,-4.0,-7.353,-2.723l-55.668,25.58c-0.916,0.42,-1.697,1.082,-2.265,1.913l-29.18,42.757c-4.76,-1.243,-9.748,-1.916,-14.896,-1.916c-25.453,0.0,-47.123,16.176,-55.306,38.806h-38.938c-9.185,0.0,-16.631,7.446,-16.631,16.631v58.109c0.0,9.185,7.446,16.631,16.631,16.631h7.703l13.407,185.901c0.626,8.699,7.866,15.435,16.588,15.435h113.092c8.72,0.0,15.961,-6.734,16.588,-15.435l13.406,-185.901h7.703c9.185,0.0,16.631,-7.446,16.631,-16.631v-58.109c0.0,-9.185,-7.446,-16.631,-16.631,-16.631h-38.939c-2.654,-7.343,-6.736,-14.001,-11.9,-19.652L267.117,56.397l48.68,-22.369c1.338,-0.614,2.374,-1.733,2.887,-3.112C319.193,29.537,319.135,28.012,318.521,26.676zM167.016,372.605c-6.581,0.482,-12.189,-4.506,-12.653,-10.948l-7.099,-98.438c-0.228,-3.151,0.786,-6.205,2.854,-8.594c2.068,-2.391,4.943,-3.831,8.096,-4.059c0.288,-0.021,0.574,-0.032,0.857,-0.032c6.169,0.0,11.351,4.823,11.793,10.98l7.098,98.438C178.434,366.463,173.522,372.136,167.016,372.605z"">
   </path>
  </g>
 </g>
</svg>


Question: What shape is the main body of the object?",Square,Cylinder,Triangle,Hexagon,B,beverage
5,"Examine the following SVG code carefully and answer the question based on your interpretation of the rendered image.

<svg height=""400.354px"" id=""Capa_1"" style=""enable-background:new 0 0 400.354 400.354;"" version=""1.1"" viewbox=""0 0 400.354 400.354"" width=""400.354px"" x=""0px"" xml:space=""preserve"" y=""0px"">
 <g>
  <g>
   <path d=""M318.521,26.676l-9.26,-20.149c-1.278,-2.783,-4.568,-4.0,-7.353,-2.723l-55.668,25.58c-0.916,0.42,-1.697,1.082,-2.265,1.913l-29.18,42.757c-4.76,-1.243,-9.748,-1.916,-14.896,-1.916c-25.453,0.0,-47.123,16.176,-55.306,38.806h-38.938c-9.185,0.0,-16.631,7.446,-16.631,16.631v58.109c0.0,9.185,7.446,16.631,16.631,16.631h7.703l13.407,185.901c0.626,8.699,7.866,15.435,16.588,15.435h113.092c8.72,0.0,15.961,-6.734,16.588,-15.435l13.406,-185.901h7.703c9.185,0.0,16.631,-7.446,16.631,-16.631v-58.109c0.0,-9.185,-7.446,-16.631,-16.631,-16.631h-38.939c-2.654,-7.343,-6.736,-14.001,-11.9,-19.652L267.117,56.397l48.68,-22.369c1.338,-0.614,2.374,-1.733,2.887,-3.112C319.193,29.537,319.135,28.012,318.521,26.676zM167.016,372.605c-6.581,0.482,-12.189,-4.506,-12.653,-10.948l-7.099,-98.438c-0.228,-3.151,0.786,-6.205,2.854,-8.594c2.068,-2.391,4.943,-3.831,8.096,-4.059c0.288,-0.021,0.574,-0.032,0.857,-0.032c6.169,0.0,11.351,4.823,11.793,10.98l7.098,98.438C178.434,366.463,173.522,372.136,167.016,372.605z"">
   </path>
  </g>
 </g>
</svg>


Question: What is the object on top of the main body?",lid,handle,spout,straw,D,beverage
6,"Examine the following SVG code carefully and answer the question based on your interpretation of the rendered image.

<svg height=""400.354px"" id=""Capa_1"" style=""enable-background:new 0 0 400.354 400.354;"" version=""1.1"" viewbox=""0 0 400.354 400.354"" width=""400.354px"" x=""0px"" xml:space=""preserve"" y=""0px"">
 <g>
  <g>
   <path d=""M318.521,26.676l-9.26,-20.149c-1.278,-2.783,-4.568,-4.0,-7.353,-2.723l-55.668,25.58c-0.916,0.42,-1.697,1.082,-2.265,1.913l-29.18,42.757c-4.76,-1.243,-9.748,-1.916,-14.896,-1.916c-25.453,0.0,-47.123,16.176,-55.306,38.806h-38.938c-9.185,0.0,-16.631,7.446,-16.631,16.631v58.109c0.0,9.185,7.446,16.631,16.631,16.631h7.703l13.407,185.901c0.626,8.699,7.866,15.435,16.588,15.435h113.092c8.72,0.0,15.961,-6.734,16.588,-15.435l13.406,-185.901h7.703c9.185,0.0,16.631,-7.446,16.631,-16.631v-58.109c0.0,-9.185,-7.446,-16.631,-16.631,-16.631h-38.939c-2.654,-7.343,-6.736,-14.001,-11.9,-19.652L267.117,56.397l48.68,-22.369c1.338,-0.614,2.374,-1.733,2.887,-3.112C319.193,29.537,319.135,28.012,318.521,26.676zM167.016,372.605c-6.581,0.482,-12.189,-4.506,-12.653,-10.948l-7.099,-98.438c-0.228,-3.151,0.786,-6.205,2.854,-8.594c2.068,-2.391,4.943,-3.831,8.096,-4.059c0.288,-0.021,0.574,-0.032,0.857,-0.032c6.169,0.0,11.351,4.823,11.793,10.98l7.098,98.438C178.434,366.463,173.522,372.136,167.016,372.605z"">
   </path>
  </g>
 </g>
</svg>


Question: How many handles does the object have?",0,1,2,3,A,beverage
7,"Examine the following SVG code carefully and answer the question based on your interpretation of the rendered image.

<svg height=""400.354px"" id=""Capa_1"" style=""enable-background:new 0 0 400.354 400.354;"" version=""1.1"" viewbox=""0 0 400.354 400.354"" width=""400.354px"" x=""0px"" xml:space=""preserve"" y=""0px"">
 <g>
  <g>
   <path d=""M318.521,26.676l-9.26,-20.149c-1.278,-2.783,-4.568,-4.0,-7.353,-2.723l-55.668,25.58c-0.916,0.42,-1.697,1.082,-2.265,1.913l-29.18,42.757c-4.76,-1.243,-9.748,-1.916,-14.896,-1.916c-25.453,0.0,-47.123,16.176,-55.306,38.806h-38.938c-9.185,0.0,-16.631,7.446,-16.631,16.631v58.109c0.0,9.185,7.446,16.631,16.631,16.631h7.703l13.407,185.901c0.626,8.699,7.866,15.435,16.588,15.435h113.092c8.72,0.0,15.961,-6.734,16.588,-15.435l13.406,-185.901h7.703c9.185,0.0,16.631,-7.446,16.631,-16.631v-58.109c0.0,-9.185,-7.446,-16.631,-16.631,-16.631h-38.939c-2.654,-7.343,-6.736,-14.001,-11.9,-19.652L267.117,56.397l48.68,-22.369c1.338,-0.614,2.374,-1.733,2.887,-3.112C319.193,29.537,319.135,28.012,318.521,26.676zM167.016,372.605c-6.581,0.482,-12.189,-4.506,-12.653,-10.948l-7.099,-98.438c-0.228,-3.151,0.786,-6.205,2.854,-8.594c2.068,-2.391,4.943,-3.831,8.096,-4.059c0.288,-0.021,0.574,-0.032,0.857,-0.032c6.169,0.0,11.351,4.823,11.793,10.98l7.098,98.438C178.434,366.463,173.522,372.136,167.016,372.605z"">
   </path>
  </g>
 </g>
</svg>


Question: What is the object in the image?",mug,bottle,bin,cup,D,beverage
40,"Examine the following SVG code carefully and answer the question based on your interpretation of the rendered image.

<svg id=""Layer_1"" style=""enable-background:new 0 0 512 512;"" version=""1.1"" viewbox=""0 0 512 512"" x=""0px"" xml:space=""preserve"" y=""0px"">
 <g>
  <g>
   <rect height=""15.862"" width=""21.112"" x=""317.290"" y=""198.653"">
   </rect>
  </g>
 </g>
 <g>
  <g>
   <rect height=""15.862"" width=""21.112"" x=""433.410"" y=""283.102"">
   </rect>
  </g>
 </g>
 <g>
  <g>
   <rect height=""15.862"" width=""21.112"" x=""53.390"" y=""198.653"">
   </rect>
  </g>
 </g>
 <g>
  <g>
   <rect height=""15.862"" width=""21.112"" x=""169.510"" y=""283.102"">
   </rect>
  </g>
 </g>
 <g>
  <g>
   <path d=""M484.045,61.419l-9.816,-42.224H303.923l-9.816,42.224h-26.967v58.087h15.892l11.253,226.929H219.965l0.79,-15.806l10.461,-211.122h20.115V61.419h-31.19l-9.816,-42.224H40.02l-9.818,42.224H3.235v58.087h15.893l11.253,226.929H8.513v89.755h32.881l10.557,63.338h414.569l10.557,-63.338h32.881v-89.755h-26.09l0.791,-15.806l10.461,-211.122H515.235v-0.001V61.419H484.045zM316.519,35.057h145.113l6.129,26.362H310.39L316.519,35.057zM52.616,35.057h145.112l6.129,26.362H46.487L52.616,35.057zM19.097,103.644V77.281h216.372v26.364H19.097zM44.72,314.767l-6.611,-131.924h174.159v0.0l-6.539,131.924H44.72zM204.873,330.628l-0.79,15.806H46.262l-0.791,-15.806H204.873zM37.301,166.981l-2.294,-47.475h180.33l-2.301,47.475H37.301zM453.082,483.665H65.387l-7.913,-47.476h403.521L453.082,483.665zM203.829,420.328v-26.362h110.811v26.362H203.829zM494.094,362.297v21.085H375.353v15.862H494.095v21.084H330.502v-42.224H187.967v42.224H24.375v-21.084h118.742v-15.862H24.375v-21.085H494.094zM308.623,314.767l-5.363,-107.498l-1.247,-24.426h174.158v0.0l-6.538,131.924H308.623zM468.776,330.629l-0.791,15.806H310.164l-0.79,-15.806H468.776zM301.205,166.981l-2.296,-47.475h180.331l-2.301,47.475H301.205zM499.372,103.644H283.0V77.281h216.372V103.644z"">
   </path>
  </g>
 </g>
 <g>
  <g>
   <path d=""M389.075,211.001c-11.921,0.0,-23.121,5.685,-29.998,15.215c-4.83,6.238,-7.489,14.14,-7.489,22.273c0.0,9.246,3.422,18.141,9.621,25.029c7.086,7.917,17.242,12.458,27.866,12.458c20.671,0.0,37.488,-16.817,37.488,-37.487C426.563,227.817,409.746,211.001,389.075,211.001zM389.075,270.113c-6.207,0.0,-11.907,-2.547,-16.062,-7.192c-3.639,-4.044,-5.563,-9.035,-5.563,-14.433c0.0,-4.733,1.461,-9.103,4.226,-12.636l0.208,-0.278c3.897,-5.455,10.323,-8.712,17.191,-8.712c11.924,0.0,21.626,9.702,21.626,21.626C410.701,260.412,400.999,270.113,389.075,270.113z"">
   </path>
  </g>
 </g>
 <g>
  <g>
   <path d=""M125.173,211.001c-11.922,0.0,-23.122,5.685,-29.999,15.215c-4.831,6.238,-7.489,14.14,-7.489,22.273c0.0,9.246,3.422,18.141,9.622,25.028c7.083,7.918,17.241,12.459,27.866,12.459c20.671,0.0,37.488,-16.817,37.488,-37.487C162.661,227.817,145.844,211.001,125.173,211.001zM125.172,270.113c-6.208,0.0,-11.907,-2.547,-16.062,-7.192c-3.64,-4.044,-5.564,-9.036,-5.564,-14.433c0.0,-4.733,1.461,-9.103,4.226,-12.636l0.208,-0.278c3.897,-5.455,10.323,-8.712,17.192,-8.712c11.924,0.0,21.626,9.702,21.626,21.626C146.798,260.412,137.096,270.113,125.172,270.113z"">
   </path>
  </g>
 </g>
 <g>
  <g>
   <rect height=""15.862"" width=""253.346"" x=""132.562"" y=""451.999"">
   </rect>
  </g>
 </g>
</svg>


Question: How many circles are present in the image?",2,4,6,8,A,beverage
41,"Examine the following SVG code carefully and answer the question based on your interpretation of the rendered image.

<svg id=""Layer_1"" style=""enable-background:new 0 0 512 512;"" version=""1.1"" viewbox=""0 0 512 512"" x=""0px"" xml:space=""preserve"" y=""0px"">
 <g>
  <g>
   <rect height=""15.862"" width=""21.112"" x=""317.290"" y=""198.653"">
   </rect>
  </g>
 </g>
 <g>
  <g>
   <rect height=""15.862"" width=""21.112"" x=""433.410"" y=""283.102"">
   </rect>
  </g>
 </g>
 <g>
  <g>
   <rect height=""15.862"" width=""21.112"" x=""53.390"" y=""198.653"">
   </rect>
  </g>
 </g>
 <g>
  <g>
   <rect height=""15.862"" width=""21.112"" x=""169.510"" y=""283.102"">
   </rect>
  </g>
 </g>
 <g>
  <g>
   <path d=""M484.045,61.419l-9.816,-42.224H303.923l-9.816,42.224h-26.967v58.087h15.892l11.253,226.929H219.965l0.79,-15.806l10.461,-211.122h20.115V61.419h-31.19l-9.816,-42.224H40.02l-9.818,42.224H3.235v58.087h15.893l11.253,226.929H8.513v89.755h32.881l10.557,63.338h414.569l10.557,-63.338h32.881v-89.755h-26.09l0.791,-15.806l10.461,-211.122H515.235v-0.001V61.419H484.045zM316.519,35.057h145.113l6.129,26.362H310.39L316.519,35.057zM52.616,35.057h145.112l6.129,26.362H46.487L52.616,35.057zM19.097,103.644V77.281h216.372v26.364H19.097zM44.72,314.767l-6.611,-131.924h174.159v0.0l-6.539,131.924H44.72zM204.873,330.628l-0.79,15.806H46.262l-0.791,-15.806H204.873zM37.301,166.981l-2.294,-47.475h180.33l-2.301,47.475H37.301zM453.082,483.665H65.387l-7.913,-47.476h403.521L453.082,483.665zM203.829,420.328v-26.362h110.811v26.362H203.829zM494.094,362.297v21.085H375.353v15.862H494.095v21.084H330.502v-42.224H187.967v42.224H24.375v-21.084h118.742v-15.862H24.375v-21.085H494.094zM308.623,314.767l-5.363,-107.498l-1.247,-24.426h174.158v0.0l-6.538,131.924H308.623zM468.776,330.629l-0.791,15.806H310.164l-0.79,-15.806H468.776zM301.205,166.981l-2.296,-47.475h180.331l-2.301,47.475H301.205zM499.372,103.644H283.0V77.281h216.372V103.644z"">
   </path>
  </g>
 </g>
 <g>
  <g>
   <path d=""M389.075,211.001c-11.921,0.0,-23.121,5.685,-29.998,15.215c-4.83,6.238,-7.489,14.14,-7.489,22.273c0.0,9.246,3.422,18.141,9.621,25.029c7.086,7.917,17.242,12.458,27.866,12.458c20.671,0.0,37.488,-16.817,37.488,-37.487C426.563,227.817,409.746,211.001,389.075,211.001zM389.075,270.113c-6.207,0.0,-11.907,-2.547,-16.062,-7.192c-3.639,-4.044,-5.563,-9.035,-5.563,-14.433c0.0,-4.733,1.461,-9.103,4.226,-12.636l0.208,-0.278c3.897,-5.455,10.323,-8.712,17.191,-8.712c11.924,0.0,21.626,9.702,21.626,21.626C410.701,260.412,400.999,270.113,389.075,270.113z"">
   </path>
  </g>
 </g>
 <g>
  <g>
   <path d=""M125.173,211.001c-11.922,0.0,-23.122,5.685,-29.999,15.215c-4.831,6.238,-7.489,14.14,-7.489,22.273c0.0,9.246,3.422,18.141,9.622,25.028c7.083,7.918,17.241,12.459,27.866,12.459c20.671,0.0,37.488,-16.817,37.488,-37.487C162.661,227.817,145.844,211.001,125.173,211.001zM125.172,270.113c-6.208,0.0,-11.907,-2.547,-16.062,-7.192c-3.64,-4.044,-5.564,-9.036,-5.564,-14.433c0.0,-4.733,1.461,-9.103,4.226,-12.636l0.208,-0.278c3.897,-5.455,10.323,-8.712,17.192,-8.712c11.924,0.0,21.626,9.702,21.626,21.626C146.798,260.412,137.096,270.113,125.172,270.113z"">
   </path>
  </g>
 </g>
 <g>
  <g>
   <rect height=""15.862"" width=""253.346"" x=""132.562"" y=""451.999"">
   </rect>
  </g>
 </g>
</svg>


Question: What shape is located at the bottom of the image?",Circle,Triangle,Trapezoid,Hexagon,C,beverage
42,"Examine the following SVG code carefully and answer the question based on your interpretation of the rendered image.

<svg id=""Layer_1"" style=""enable-background:new 0 0 512 512;"" version=""1.1"" viewbox=""0 0 512 512"" x=""0px"" xml:space=""preserve"" y=""0px"">
 <g>
  <g>
   <rect height=""15.862"" width=""21.112"" x=""317.290"" y=""198.653"">
   </rect>
  </g>
 </g>
 <g>
  <g>
   <rect height=""15.862"" width=""21.112"" x=""433.410"" y=""283.102"">
   </rect>
  </g>
 </g>
 <g>
  <g>
   <rect height=""15.862"" width=""21.112"" x=""53.390"" y=""198.653"">
   </rect>
  </g>
 </g>
 <g>
  <g>
   <rect height=""15.862"" width=""21.112"" x=""169.510"" y=""283.102"">
   </rect>
  </g>
 </g>
 <g>
  <g>
   <path d=""M484.045,61.419l-9.816,-42.224H303.923l-9.816,42.224h-26.967v58.087h15.892l11.253,226.929H219.965l0.79,-15.806l10.461,-211.122h20.115V61.419h-31.19l-9.816,-42.224H40.02l-9.818,42.224H3.235v58.087h15.893l11.253,226.929H8.513v89.755h32.881l10.557,63.338h414.569l10.557,-63.338h32.881v-89.755h-26.09l0.791,-15.806l10.461,-211.122H515.235v-0.001V61.419H484.045zM316.519,35.057h145.113l6.129,26.362H310.39L316.519,35.057zM52.616,35.057h145.112l6.129,26.362H46.487L52.616,35.057zM19.097,103.644V77.281h216.372v26.364H19.097zM44.72,314.767l-6.611,-131.924h174.159v0.0l-6.539,131.924H44.72zM204.873,330.628l-0.79,15.806H46.262l-0.791,-15.806H204.873zM37.301,166.981l-2.294,-47.475h180.33l-2.301,47.475H37.301zM453.082,483.665H65.387l-7.913,-47.476h403.521L453.082,483.665zM203.829,420.328v-26.362h110.811v26.362H203.829zM494.094,362.297v21.085H375.353v15.862H494.095v21.084H330.502v-42.224H187.967v42.224H24.375v-21.084h118.742v-15.862H24.375v-21.085H494.094zM308.623,314.767l-5.363,-107.498l-1.247,-24.426h174.158v0.0l-6.538,131.924H308.623zM468.776,330.629l-0.791,15.806H310.164l-0.79,-15.806H468.776zM301.205,166.981l-2.296,-47.475h180.331l-2.301,47.475H301.205zM499.372,103.644H283.0V77.281h216.372V103.644z"">
   </path>
  </g>
 </g>
 <g>
  <g>
   <path d=""M389.075,211.001c-11.921,0.0,-23.121,5.685,-29.998,15.215c-4.83,6.238,-7.489,14.14,-7.489,22.273c0.0,9.246,3.422,18.141,9.621,25.029c7.086,7.917,17.242,12.458,27.866,12.458c20.671,0.0,37.488,-16.817,37.488,-37.487C426.563,227.817,409.746,211.001,389.075,211.001zM389.075,270.113c-6.207,0.0,-11.907,-2.547,-16.062,-7.192c-3.639,-4.044,-5.563,-9.035,-5.563,-14.433c0.0,-4.733,1.461,-9.103,4.226,-12.636l0.208,-0.278c3.897,-5.455,10.323,-8.712,17.191,-8.712c11.924,0.0,21.626,9.702,21.626,21.626C410.701,260.412,400.999,270.113,389.075,270.113z"">
   </path>
  </g>
 </g>
 <g>
  <g>
   <path d=""M125.173,211.001c-11.922,0.0,-23.122,5.685,-29.999,15.215c-4.831,6.238,-7.489,14.14,-7.489,22.273c0.0,9.246,3.422,18.141,9.622,25.028c7.083,7.918,17.241,12.459,27.866,12.459c20.671,0.0,37.488,-16.817,37.488,-37.487C162.661,227.817,145.844,211.001,125.173,211.001zM125.172,270.113c-6.208,0.0,-11.907,-2.547,-16.062,-7.192c-3.64,-4.044,-5.564,-9.036,-5.564,-14.433c0.0,-4.733,1.461,-9.103,4.226,-12.636l0.208,-0.278c3.897,-5.455,10.323,-8.712,17.192,-8.712c11.924,0.0,21.626,9.702,21.626,21.626C146.798,260.412,137.096,270.113,125.172,270.113z"">
   </path>
  </g>
 </g>
 <g>
  <g>
   <rect height=""15.862"" width=""253.346"" x=""132.562"" y=""451.999"">
   </rect>
  </g>
 </g>
</svg>


Question: How many dots are there in the image?",2,4,6,8,B,beverage
43,"Examine the following SVG code carefully and answer the question based on your interpretation of the rendered image.

<svg id=""Layer_1"" style=""enable-background:new 0 0 512 512;"" version=""1.1"" viewbox=""0 0 512 512"" x=""0px"" xml:space=""preserve"" y=""0px"">
 <g>
  <g>
   <rect height=""15.862"" width=""21.112"" x=""317.290"" y=""198.653"">
   </rect>
  </g>
 </g>
 <g>
  <g>
   <rect height=""15.862"" width=""21.112"" x=""433.410"" y=""283.102"">
   </rect>
  </g>
 </g>
 <g>
  <g>
   <rect height=""15.862"" width=""21.112"" x=""53.390"" y=""198.653"">
   </rect>
  </g>
 </g>
 <g>
  <g>
   <rect height=""15.862"" width=""21.112"" x=""169.510"" y=""283.102"">
   </rect>
  </g>
 </g>
 <g>
  <g>
   <path d=""M484.045,61.419l-9.816,-42.224H303.923l-9.816,42.224h-26.967v58.087h15.892l11.253,226.929H219.965l0.79,-15.806l10.461,-211.122h20.115V61.419h-31.19l-9.816,-42.224H40.02l-9.818,42.224H3.235v58.087h15.893l11.253,226.929H8.513v89.755h32.881l10.557,63.338h414.569l10.557,-63.338h32.881v-89.755h-26.09l0.791,-15.806l10.461,-211.122H515.235v-0.001V61.419H484.045zM316.519,35.057h145.113l6.129,26.362H310.39L316.519,35.057zM52.616,35.057h145.112l6.129,26.362H46.487L52.616,35.057zM19.097,103.644V77.281h216.372v26.364H19.097zM44.72,314.767l-6.611,-131.924h174.159v0.0l-6.539,131.924H44.72zM204.873,330.628l-0.79,15.806H46.262l-0.791,-15.806H204.873zM37.301,166.981l-2.294,-47.475h180.33l-2.301,47.475H37.301zM453.082,483.665H65.387l-7.913,-47.476h403.521L453.082,483.665zM203.829,420.328v-26.362h110.811v26.362H203.829zM494.094,362.297v21.085H375.353v15.862H494.095v21.084H330.502v-42.224H187.967v42.224H24.375v-21.084h118.742v-15.862H24.375v-21.085H494.094zM308.623,314.767l-5.363,-107.498l-1.247,-24.426h174.158v0.0l-6.538,131.924H308.623zM468.776,330.629l-0.791,15.806H310.164l-0.79,-15.806H468.776zM301.205,166.981l-2.296,-47.475h180.331l-2.301,47.475H301.205zM499.372,103.644H283.0V77.281h216.372V103.644z"">
   </path>
  </g>
 </g>
 <g>
  <g>
   <path d=""M389.075,211.001c-11.921,0.0,-23.121,5.685,-29.998,15.215c-4.83,6.238,-7.489,14.14,-7.489,22.273c0.0,9.246,3.422,18.141,9.621,25.029c7.086,7.917,17.242,12.458,27.866,12.458c20.671,0.0,37.488,-16.817,37.488,-37.487C426.563,227.817,409.746,211.001,389.075,211.001zM389.075,270.113c-6.207,0.0,-11.907,-2.547,-16.062,-7.192c-3.639,-4.044,-5.563,-9.035,-5.563,-14.433c0.0,-4.733,1.461,-9.103,4.226,-12.636l0.208,-0.278c3.897,-5.455,10.323,-8.712,17.191,-8.712c11.924,0.0,21.626,9.702,21.626,21.626C410.701,260.412,400.999,270.113,389.075,270.113z"">
   </path>
  </g>
 </g>
 <g>
  <g>
   <path d=""M125.173,211.001c-11.922,0.0,-23.122,5.685,-29.999,15.215c-4.831,6.238,-7.489,14.14,-7.489,22.273c0.0,9.246,3.422,18.141,9.622,25.028c7.083,7.918,17.241,12.459,27.866,12.459c20.671,0.0,37.488,-16.817,37.488,-37.487C162.661,227.817,145.844,211.001,125.173,211.001zM125.172,270.113c-6.208,0.0,-11.907,-2.547,-16.062,-7.192c-3.64,-4.044,-5.564,-9.036,-5.564,-14.433c0.0,-4.733,1.461,-9.103,4.226,-12.636l0.208,-0.278c3.897,-5.455,10.323,-8.712,17.192,-8.712c11.924,0.0,21.626,9.702,21.626,21.626C146.798,260.412,137.096,270.113,125.172,270.113z"">
   </path>
  </g>
 </g>
 <g>
  <g>
   <rect height=""15.862"" width=""253.346"" x=""132.562"" y=""451.999"">
   </rect>
  </g>
 </g>
</svg>


Question: What does the image represent?",binoculars,cups,cameras,robots,B,beverage
64,"Examine the following SVG code carefully and answer the question based on your interpretation of the rendered image.

<svg id=""Layer_1"" style=""enable-background:new 0 0 512 512;"" version=""1.1"" viewbox=""0 0 512 512"" x=""0px"" xml:space=""preserve"" y=""0px"">
 <path d=""M432.896,106.269H365.38V72.51h-33.758L309.116,516.994h33.758c18.567,0.0,32.08,-15.098,30.03,-33.551l-7.525,-67.724v-33.758h67.517c37.229,0.0,67.516,-30.288,67.516,-67.516V173.785C500.413,136.557,470.125,106.269,432.896,106.269zM466.655,314.445c0.0,18.567,-15.191,33.758,-33.758,33.758H365.38V140.027h67.517c18.567,0.0,33.758,15.191,33.758,33.758V314.445z"" style=""fill:#FFB88B;"">
 </path>
 <path d=""M339.146,483.443l-7.525,-67.724V72.51H27.798v343.209l-7.525,67.724C18.223,501.896,31.736,516.994,50.303,516.994h258.813C327.683,516.994,341.197,501.896,339.146,483.443z"" style=""fill:#FFCFB2;"">
 </path>
 <polygon points=""275.358,117.521 297.863,415.719 331.622,415.719 331.622,140.027"" style=""fill:#FF6638;"">
 </polygon>
 <polygon points=""61.556,140.027 61.556,415.719 297.863,415.719 297.863,117.521"" style=""fill:#FF883E;"">
 </polygon>
 <polygon points=""275.358,50.005 297.863,140.027 331.622,140.027 331.622,72.510"" style=""fill:#FFAB58;"">
 </polygon>
 <g>
  <polygon points=""61.556,72.510 61.556,140.027 297.863,140.027 297.863,50.005"" style=""fill:#FFCD71;"">
  </polygon>
  <path d=""M297.863,4.994l-22.505,67.516h56.264V38.752C331.622,20.108,316.507,4.994,297.863,4.994z"" style=""fill:#FFCD71;"">
  </path>
 </g>
 <g>
  <path d=""M272.545,16.435C266.359,9.423,257.312,4.994,247.226,4.994s-19.133,4.429,-25.319,11.441C215.722,9.423,206.675,4.994,196.589,4.994c-10.086,0.0,-19.133,4.429,-25.319,11.441C165.084,9.423,156.037,4.994,145.951,4.994s-19.133,4.429,-25.319,11.441C114.447,9.423,105.4,4.994,95.314,4.994C76.669,4.994,61.556,20.108,61.556,38.752v33.758h135.033c0.0,0.0,0.0,142.59,0.0,151.912c0.0,9.322,7.557,16.879,16.879,16.879c9.322,0.0,16.879,-7.557,16.879,-16.879c0.0,-9.322,0.0,-151.912,0.0,-151.912h33.758c0.0,0.0,0.0,75.074,0.0,84.396s7.557,16.879,16.879,16.879s16.879,-7.557,16.879,-16.879s0.0,-84.396,0.0,-84.396V4.994C287.778,4.994,278.73,9.423,272.545,16.435z"" style=""fill:#FFE1AA;"">
  </path>
  <circle cx=""137.517"" cy=""306.005"" r=""8.44"" style=""fill:#FFE1AA;"">
  </circle>
  <circle cx=""103.759"" cy=""182.225"" r=""8.44"" style=""fill:#FFE1AA;"">
  </circle>
  <circle cx=""255.671"" cy=""339.763"" r=""8.44"" style=""fill:#FFE1AA;"">
  </circle>
  <circle cx=""289.430"" cy=""373.521"" r=""8.44"" style=""fill:#FFE1AA;"">
  </circle>
 </g>
</svg>


Question: What is the primary color of the liquid in the object?",Blue,Green,Purple,Orange,D,beverage
65,"Examine the following SVG code carefully and answer the question based on your interpretation of the rendered image.

<svg id=""Layer_1"" style=""enable-background:new 0 0 512 512;"" version=""1.1"" viewbox=""0 0 512 512"" x=""0px"" xml:space=""preserve"" y=""0px"">
 <path d=""M432.896,106.269H365.38V72.51h-33.758L309.116,516.994h33.758c18.567,0.0,32.08,-15.098,30.03,-33.551l-7.525,-67.724v-33.758h67.517c37.229,0.0,67.516,-30.288,67.516,-67.516V173.785C500.413,136.557,470.125,106.269,432.896,106.269zM466.655,314.445c0.0,18.567,-15.191,33.758,-33.758,33.758H365.38V140.027h67.517c18.567,0.0,33.758,15.191,33.758,33.758V314.445z"" style=""fill:#FFB88B;"">
 </path>
 <path d=""M339.146,483.443l-7.525,-67.724V72.51H27.798v343.209l-7.525,67.724C18.223,501.896,31.736,516.994,50.303,516.994h258.813C327.683,516.994,341.197,501.896,339.146,483.443z"" style=""fill:#FFCFB2;"">
 </path>
 <polygon points=""275.358,117.521 297.863,415.719 331.622,415.719 331.622,140.027"" style=""fill:#FF6638;"">
 </polygon>
 <polygon points=""61.556,140.027 61.556,415.719 297.863,415.719 297.863,117.521"" style=""fill:#FF883E;"">
 </polygon>
 <polygon points=""275.358,50.005 297.863,140.027 331.622,140.027 331.622,72.510"" style=""fill:#FFAB58;"">
 </polygon>
 <g>
  <polygon points=""61.556,72.510 61.556,140.027 297.863,140.027 297.863,50.005"" style=""fill:#FFCD71;"">
  </polygon>
  <path d=""M297.863,4.994l-22.505,67.516h56.264V38.752C331.622,20.108,316.507,4.994,297.863,4.994z"" style=""fill:#FFCD71;"">
  </path>
 </g>
 <g>
  <path d=""M272.545,16.435C266.359,9.423,257.312,4.994,247.226,4.994s-19.133,4.429,-25.319,11.441C215.722,9.423,206.675,4.994,196.589,4.994c-10.086,0.0,-19.133,4.429,-25.319,11.441C165.084,9.423,156.037,4.994,145.951,4.994s-19.133,4.429,-25.319,11.441C114.447,9.423,105.4,4.994,95.314,4.994C76.669,4.994,61.556,20.108,61.556,38.752v33.758h135.033c0.0,0.0,0.0,142.59,0.0,151.912c0.0,9.322,7.557,16.879,16.879,16.879c9.322,0.0,16.879,-7.557,16.879,-16.879c0.0,-9.322,0.0,-151.912,0.0,-151.912h33.758c0.0,0.0,0.0,75.074,0.0,84.396s7.557,16.879,16.879,16.879s16.879,-7.557,16.879,-16.879s0.0,-84.396,0.0,-84.396V4.994C287.778,4.994,278.73,9.423,272.545,16.435z"" style=""fill:#FFE1AA;"">
  </path>
  <circle cx=""137.517"" cy=""306.005"" r=""8.44"" style=""fill:#FFE1AA;"">
  </circle>
  <circle cx=""103.759"" cy=""182.225"" r=""8.44"" style=""fill:#FFE1AA;"">
  </circle>
  <circle cx=""255.671"" cy=""339.763"" r=""8.44"" style=""fill:#FFE1AA;"">
  </circle>
  <circle cx=""289.430"" cy=""373.521"" r=""8.44"" style=""fill:#FFE1AA;"">
  </circle>
 </g>
</svg>


Question: How many bubbles are visible in the liquid?",One,Two,Three,Four,D,beverage
66,"Examine the following SVG code carefully and answer the question based on your interpretation of the rendered image.

<svg id=""Layer_1"" style=""enable-background:new 0 0 512 512;"" version=""1.1"" viewbox=""0 0 512 512"" x=""0px"" xml:space=""preserve"" y=""0px"">
 <path d=""M432.896,106.269H365.38V72.51h-33.758L309.116,516.994h33.758c18.567,0.0,32.08,-15.098,30.03,-33.551l-7.525,-67.724v-33.758h67.517c37.229,0.0,67.516,-30.288,67.516,-67.516V173.785C500.413,136.557,470.125,106.269,432.896,106.269zM466.655,314.445c0.0,18.567,-15.191,33.758,-33.758,33.758H365.38V140.027h67.517c18.567,0.0,33.758,15.191,33.758,33.758V314.445z"" style=""fill:#FFB88B;"">
 </path>
 <path d=""M339.146,483.443l-7.525,-67.724V72.51H27.798v343.209l-7.525,67.724C18.223,501.896,31.736,516.994,50.303,516.994h258.813C327.683,516.994,341.197,501.896,339.146,483.443z"" style=""fill:#FFCFB2;"">
 </path>
 <polygon points=""275.358,117.521 297.863,415.719 331.622,415.719 331.622,140.027"" style=""fill:#FF6638;"">
 </polygon>
 <polygon points=""61.556,140.027 61.556,415.719 297.863,415.719 297.863,117.521"" style=""fill:#FF883E;"">
 </polygon>
 <polygon points=""275.358,50.005 297.863,140.027 331.622,140.027 331.622,72.510"" style=""fill:#FFAB58;"">
 </polygon>
 <g>
  <polygon points=""61.556,72.510 61.556,140.027 297.863,140.027 297.863,50.005"" style=""fill:#FFCD71;"">
  </polygon>
  <path d=""M297.863,4.994l-22.505,67.516h56.264V38.752C331.622,20.108,316.507,4.994,297.863,4.994z"" style=""fill:#FFCD71;"">
  </path>
 </g>
 <g>
  <path d=""M272.545,16.435C266.359,9.423,257.312,4.994,247.226,4.994s-19.133,4.429,-25.319,11.441C215.722,9.423,206.675,4.994,196.589,4.994c-10.086,0.0,-19.133,4.429,-25.319,11.441C165.084,9.423,156.037,4.994,145.951,4.994s-19.133,4.429,-25.319,11.441C114.447,9.423,105.4,4.994,95.314,4.994C76.669,4.994,61.556,20.108,61.556,38.752v33.758h135.033c0.0,0.0,0.0,142.59,0.0,151.912c0.0,9.322,7.557,16.879,16.879,16.879c9.322,0.0,16.879,-7.557,16.879,-16.879c0.0,-9.322,0.0,-151.912,0.0,-151.912h33.758c0.0,0.0,0.0,75.074,0.0,84.396s7.557,16.879,16.879,16.879s16.879,-7.557,16.879,-16.879s0.0,-84.396,0.0,-84.396V4.994C287.778,4.994,278.73,9.423,272.545,16.435z"" style=""fill:#FFE1AA;"">
  </path>
  <circle cx=""137.517"" cy=""306.005"" r=""8.44"" style=""fill:#FFE1AA;"">
  </circle>
  <circle cx=""103.759"" cy=""182.225"" r=""8.44"" style=""fill:#FFE1AA;"">
  </circle>
  <circle cx=""255.671"" cy=""339.763"" r=""8.44"" style=""fill:#FFE1AA;"">
  </circle>
  <circle cx=""289.430"" cy=""373.521"" r=""8.44"" style=""fill:#FFE1AA;"">
  </circle>
 </g>
</svg>


Question: What shape is the handle of the object?",Rectangle,Trapezoid,Triangular,Hexagonal,A,beverage
67,"Examine the following SVG code carefully and answer the question based on your interpretation of the rendered image.

<svg id=""Layer_1"" style=""enable-background:new 0 0 512 512;"" version=""1.1"" viewbox=""0 0 512 512"" x=""0px"" xml:space=""preserve"" y=""0px"">
 <path d=""M432.896,106.269H365.38V72.51h-33.758L309.116,516.994h33.758c18.567,0.0,32.08,-15.098,30.03,-33.551l-7.525,-67.724v-33.758h67.517c37.229,0.0,67.516,-30.288,67.516,-67.516V173.785C500.413,136.557,470.125,106.269,432.896,106.269zM466.655,314.445c0.0,18.567,-15.191,33.758,-33.758,33.758H365.38V140.027h67.517c18.567,0.0,33.758,15.191,33.758,33.758V314.445z"" style=""fill:#FFB88B;"">
 </path>
 <path d=""M339.146,483.443l-7.525,-67.724V72.51H27.798v343.209l-7.525,67.724C18.223,501.896,31.736,516.994,50.303,516.994h258.813C327.683,516.994,341.197,501.896,339.146,483.443z"" style=""fill:#FFCFB2;"">
 </path>
 <polygon points=""275.358,117.521 297.863,415.719 331.622,415.719 331.622,140.027"" style=""fill:#FF6638;"">
 </polygon>
 <polygon points=""61.556,140.027 61.556,415.719 297.863,415.719 297.863,117.521"" style=""fill:#FF883E;"">
 </polygon>
 <polygon points=""275.358,50.005 297.863,140.027 331.622,140.027 331.622,72.510"" style=""fill:#FFAB58;"">
 </polygon>
 <g>
  <polygon points=""61.556,72.510 61.556,140.027 297.863,140.027 297.863,50.005"" style=""fill:#FFCD71;"">
  </polygon>
  <path d=""M297.863,4.994l-22.505,67.516h56.264V38.752C331.622,20.108,316.507,4.994,297.863,4.994z"" style=""fill:#FFCD71;"">
  </path>
 </g>
 <g>
  <path d=""M272.545,16.435C266.359,9.423,257.312,4.994,247.226,4.994s-19.133,4.429,-25.319,11.441C215.722,9.423,206.675,4.994,196.589,4.994c-10.086,0.0,-19.133,4.429,-25.319,11.441C165.084,9.423,156.037,4.994,145.951,4.994s-19.133,4.429,-25.319,11.441C114.447,9.423,105.4,4.994,95.314,4.994C76.669,4.994,61.556,20.108,61.556,38.752v33.758h135.033c0.0,0.0,0.0,142.59,0.0,151.912c0.0,9.322,7.557,16.879,16.879,16.879c9.322,0.0,16.879,-7.557,16.879,-16.879c0.0,-9.322,0.0,-151.912,0.0,-151.912h33.758c0.0,0.0,0.0,75.074,0.0,84.396s7.557,16.879,16.879,16.879s16.879,-7.557,16.879,-16.879s0.0,-84.396,0.0,-84.396V4.994C287.778,4.994,278.73,9.423,272.545,16.435z"" style=""fill:#FFE1AA;"">
  </path>
  <circle cx=""137.517"" cy=""306.005"" r=""8.44"" style=""fill:#FFE1AA;"">
  </circle>
  <circle cx=""103.759"" cy=""182.225"" r=""8.44"" style=""fill:#FFE1AA;"">
  </circle>
  <circle cx=""255.671"" cy=""339.763"" r=""8.44"" style=""fill:#FFE1AA;"">
  </circle>
  <circle cx=""289.430"" cy=""373.521"" r=""8.44"" style=""fill:#FFE1AA;"">
  </circle>
 </g>
</svg>


Question: What is the object in the image?",cup,mug,glass,bottle,B,beverage
68,"Examine the following SVG code carefully and answer the question based on your interpretation of the rendered image.

<svg id=""Layer_1"" style=""enable-background:new 0 0 460 460;"" version=""1.1"" viewbox=""0 0 460 460"" x=""0px"" xml:space=""preserve"" y=""0px"">
 <g id=""XMLID_1606_"">
  <path d=""M278.043,62.428L278.043,62.428v120.0H48.043v-60.0c0.0,-33.137,26.863,-60.0,60.0,-60.0h50.0c33.137,0.0,60.0,-26.863,60.0,-60.0l0.0,0.0l0.0,0.0C251.18,2.428,278.043,29.291,278.043,62.428z"" id=""XMLID_1292_"" style=""fill:#E5D1B7;"">
  </path>
  <path d=""M328.043,102.428L328.043,102.428v120.0H98.043v-60.0c0.0,-33.137,26.863,-60.0,60.0,-60.0h50.0c33.137,0.0,60.0,-26.863,60.0,-60.0l0.0,0.0l0.0,0.0C301.18,42.428,328.043,69.291,328.043,102.428z"" id=""XMLID_1291_"" style=""fill:#D8C4AB;"">
  </path>
  <path d=""M436.076,214.395L436.076,214.395c-23.832,-23.832,-59.711,-28.269,-88.033,-13.318V162.428c0.0,-11.046,-8.954,-20.0,-20.0,-20.0H38.043c-11.046,0.0,-20.0,8.954,-20.0,20.0v240.0c0.0,33.137,26.863,60.0,60.0,60.0h210.0c33.137,0.0,60.0,-26.863,60.0,-60.0v-2.033c8.871,-3.66,17.185,-9.085,24.393,-16.294l63.64,-63.64C465.365,291.172,465.365,243.684,436.076,214.395zM407.792,292.177L348.043,351.926v-98.995l10.251,-10.251c13.668,-13.668,35.829,-13.668,49.498,0.0l0.0,0.0C421.46,256.348,421.46,278.508,407.792,292.177z"" id=""XMLID_1231_"" style=""fill:#5C676B;"">
  </path>
  <path d=""M358.043,162.428L358.043,162.428c0.0,11.046,-8.954,20.0,-20.0,20.0H178.043c-16.569,0.0,-30.0,13.431,-30.0,30.0v155.0c0.0,24.853,-20.147,45.0,-45.0,45.0l0.0,0.0c-24.853,0.0,-45.0,-20.147,-45.0,-45.0V212.428c0.0,-16.569,-13.431,-30.0,-30.0,-30.0l0.0,0.0c-11.046,0.0,-20.0,-8.954,-20.0,-20.0l0.0,0.0c0.0,-11.046,8.954,-20.0,20.0,-20.0h310.0C349.089,142.428,358.043,151.382,358.043,162.428z"" id=""XMLID_515_"" style=""fill:#768184;"">
  </path>
 </g>
</svg>


Question: What is the primary color of the cup in the image?",Red,Blue,Gray,Green,C,beverage
69,"Examine the following SVG code carefully and answer the question based on your interpretation of the rendered image.

<svg id=""Layer_1"" style=""enable-background:new 0 0 460 460;"" version=""1.1"" viewbox=""0 0 460 460"" x=""0px"" xml:space=""preserve"" y=""0px"">
 <g id=""XMLID_1606_"">
  <path d=""M278.043,62.428L278.043,62.428v120.0H48.043v-60.0c0.0,-33.137,26.863,-60.0,60.0,-60.0h50.0c33.137,0.0,60.0,-26.863,60.0,-60.0l0.0,0.0l0.0,0.0C251.18,2.428,278.043,29.291,278.043,62.428z"" id=""XMLID_1292_"" style=""fill:#E5D1B7;"">
  </path>
  <path d=""M328.043,102.428L328.043,102.428v120.0H98.043v-60.0c0.0,-33.137,26.863,-60.0,60.0,-60.0h50.0c33.137,0.0,60.0,-26.863,60.0,-60.0l0.0,0.0l0.0,0.0C301.18,42.428,328.043,69.291,328.043,102.428z"" id=""XMLID_1291_"" style=""fill:#D8C4AB;"">
  </path>
  <path d=""M436.076,214.395L436.076,214.395c-23.832,-23.832,-59.711,-28.269,-88.033,-13.318V162.428c0.0,-11.046,-8.954,-20.0,-20.0,-20.0H38.043c-11.046,0.0,-20.0,8.954,-20.0,20.0v240.0c0.0,33.137,26.863,60.0,60.0,60.0h210.0c33.137,0.0,60.0,-26.863,60.0,-60.0v-2.033c8.871,-3.66,17.185,-9.085,24.393,-16.294l63.64,-63.64C465.365,291.172,465.365,243.684,436.076,214.395zM407.792,292.177L348.043,351.926v-98.995l10.251,-10.251c13.668,-13.668,35.829,-13.668,49.498,0.0l0.0,0.0C421.46,256.348,421.46,278.508,407.792,292.177z"" id=""XMLID_1231_"" style=""fill:#5C676B;"">
  </path>
  <path d=""M358.043,162.428L358.043,162.428c0.0,11.046,-8.954,20.0,-20.0,20.0H178.043c-16.569,0.0,-30.0,13.431,-30.0,30.0v155.0c0.0,24.853,-20.147,45.0,-45.0,45.0l0.0,0.0c-24.853,0.0,-45.0,-20.147,-45.0,-45.0V212.428c0.0,-16.569,-13.431,-30.0,-30.0,-30.0l0.0,0.0c-11.046,0.0,-20.0,-8.954,-20.0,-20.0l0.0,0.0c0.0,-11.046,8.954,-20.0,20.0,-20.0h310.0C349.089,142.428,358.043,151.382,358.043,162.428z"" id=""XMLID_515_"" style=""fill:#768184;"">
  </path>
 </g>
</svg>


Question: What is the color of the foam or cream on top of the cup?",White,Brown,Beige,Black,C,beverage
70,"Examine the following SVG code carefully and answer the question based on your interpretation of the rendered image.

<svg id=""Layer_1"" style=""enable-background:new 0 0 460 460;"" version=""1.1"" viewbox=""0 0 460 460"" x=""0px"" xml:space=""preserve"" y=""0px"">
 <g id=""XMLID_1606_"">
  <path d=""M278.043,62.428L278.043,62.428v120.0H48.043v-60.0c0.0,-33.137,26.863,-60.0,60.0,-60.0h50.0c33.137,0.0,60.0,-26.863,60.0,-60.0l0.0,0.0l0.0,0.0C251.18,2.428,278.043,29.291,278.043,62.428z"" id=""XMLID_1292_"" style=""fill:#E5D1B7;"">
  </path>
  <path d=""M328.043,102.428L328.043,102.428v120.0H98.043v-60.0c0.0,-33.137,26.863,-60.0,60.0,-60.0h50.0c33.137,0.0,60.0,-26.863,60.0,-60.0l0.0,0.0l0.0,0.0C301.18,42.428,328.043,69.291,328.043,102.428z"" id=""XMLID_1291_"" style=""fill:#D8C4AB;"">
  </path>
  <path d=""M436.076,214.395L436.076,214.395c-23.832,-23.832,-59.711,-28.269,-88.033,-13.318V162.428c0.0,-11.046,-8.954,-20.0,-20.0,-20.0H38.043c-11.046,0.0,-20.0,8.954,-20.0,20.0v240.0c0.0,33.137,26.863,60.0,60.0,60.0h210.0c33.137,0.0,60.0,-26.863,60.0,-60.0v-2.033c8.871,-3.66,17.185,-9.085,24.393,-16.294l63.64,-63.64C465.365,291.172,465.365,243.684,436.076,214.395zM407.792,292.177L348.043,351.926v-98.995l10.251,-10.251c13.668,-13.668,35.829,-13.668,49.498,0.0l0.0,0.0C421.46,256.348,421.46,278.508,407.792,292.177z"" id=""XMLID_1231_"" style=""fill:#5C676B;"">
  </path>
  <path d=""M358.043,162.428L358.043,162.428c0.0,11.046,-8.954,20.0,-20.0,20.0H178.043c-16.569,0.0,-30.0,13.431,-30.0,30.0v155.0c0.0,24.853,-20.147,45.0,-45.0,45.0l0.0,0.0c-24.853,0.0,-45.0,-20.147,-45.0,-45.0V212.428c0.0,-16.569,-13.431,-30.0,-30.0,-30.0l0.0,0.0c-11.046,0.0,-20.0,-8.954,-20.0,-20.0l0.0,0.0c0.0,-11.046,8.954,-20.0,20.0,-20.0h310.0C349.089,142.428,358.043,151.382,358.043,162.428z"" id=""XMLID_515_"" style=""fill:#768184;"">
  </path>
 </g>
</svg>


Question: What shape is the handle of the cup?",Square,Circular,Triangular,Half Heart-shaped,D,beverage
71,"Examine the following SVG code carefully and answer the question based on your interpretation of the rendered image.

<svg id=""Layer_1"" style=""enable-background:new 0 0 460 460;"" version=""1.1"" viewbox=""0 0 460 460"" x=""0px"" xml:space=""preserve"" y=""0px"">
 <g id=""XMLID_1606_"">
  <path d=""M278.043,62.428L278.043,62.428v120.0H48.043v-60.0c0.0,-33.137,26.863,-60.0,60.0,-60.0h50.0c33.137,0.0,60.0,-26.863,60.0,-60.0l0.0,0.0l0.0,0.0C251.18,2.428,278.043,29.291,278.043,62.428z"" id=""XMLID_1292_"" style=""fill:#E5D1B7;"">
  </path>
  <path d=""M328.043,102.428L328.043,102.428v120.0H98.043v-60.0c0.0,-33.137,26.863,-60.0,60.0,-60.0h50.0c33.137,0.0,60.0,-26.863,60.0,-60.0l0.0,0.0l0.0,0.0C301.18,42.428,328.043,69.291,328.043,102.428z"" id=""XMLID_1291_"" style=""fill:#D8C4AB;"">
  </path>
  <path d=""M436.076,214.395L436.076,214.395c-23.832,-23.832,-59.711,-28.269,-88.033,-13.318V162.428c0.0,-11.046,-8.954,-20.0,-20.0,-20.0H38.043c-11.046,0.0,-20.0,8.954,-20.0,20.0v240.0c0.0,33.137,26.863,60.0,60.0,60.0h210.0c33.137,0.0,60.0,-26.863,60.0,-60.0v-2.033c8.871,-3.66,17.185,-9.085,24.393,-16.294l63.64,-63.64C465.365,291.172,465.365,243.684,436.076,214.395zM407.792,292.177L348.043,351.926v-98.995l10.251,-10.251c13.668,-13.668,35.829,-13.668,49.498,0.0l0.0,0.0C421.46,256.348,421.46,278.508,407.792,292.177z"" id=""XMLID_1231_"" style=""fill:#5C676B;"">
  </path>
  <path d=""M358.043,162.428L358.043,162.428c0.0,11.046,-8.954,20.0,-20.0,20.0H178.043c-16.569,0.0,-30.0,13.431,-30.0,30.0v155.0c0.0,24.853,-20.147,45.0,-45.0,45.0l0.0,0.0c-24.853,0.0,-45.0,-20.147,-45.0,-45.0V212.428c0.0,-16.569,-13.431,-30.0,-30.0,-30.0l0.0,0.0c-11.046,0.0,-20.0,-8.954,-20.0,-20.0l0.0,0.0c0.0,-11.046,8.954,-20.0,20.0,-20.0h310.0C349.089,142.428,358.043,151.382,358.043,162.428z"" id=""XMLID_515_"" style=""fill:#768184;"">
  </path>
 </g>
</svg>


Question: What is the object in the image?",teapot,cup,vase,bowl,B,beverage
76,"Examine the following SVG code carefully and answer the question based on your interpretation of the rendered image.

<svg id=""Capa_1"" style=""enable-background:new 0 0 489.9 489.9;"" version=""1.1"" viewbox=""0 0 489.9 489.9"" x=""0px"" xml:space=""preserve"" y=""0px"">
 <g>
  <g>
   <path d=""M435.359,345.227c32.3,0.0,57.2,-26.0,57.2,-59.3v-30.2c0.0,-31.2,-26.0,-57.2,-57.2,-57.2h-18.5c-22.6,-39.5,-106.2,-57.6,-184.4,-57.6c-91.6,0.0,-190.4,25.8,-190.4,80.7c0.0,0.1,0.0,0.3,0.0,0.4c0.0,0.1,0.0,0.2,0.0,0.4c0.0,53.8,16.7,103.1,44.4,141.5c-56.0,12.7,-82.9,32.1,-82.9,57.3c0.0,70.8,219.6,72.8,244.6,72.8s244.6,-2.1,244.6,-70.8c0.0,-38.9,-69.3,-58.8,-108.5,-66.8c2.5,-3.7,4.9,-7.5,7.2,-11.4C392.059,345.227,435.359,345.227,435.359,345.227zM424.059,240.127h11.3c8.3,0.0,15.6,7.3,15.6,16.7v30.1c0.0,9.4,-7.3,16.7,-15.6,16.7h-24.9C417.559,283.727,422.159,262.427,424.059,240.127zM82.559,220.627c2.1,-10.8,56.2,-37.7,149.9,-37.7s146.7,26.9,149.9,37.7c-2.1,10.8,-56.2,37.7,-149.9,37.7S84.659,231.327,82.559,220.627zM376.659,275.427c-19.0,73.3,-76.3,127.0,-143.2,127.0c-66.5,0.0,-123.4,-52.4,-142.8,-125.3c37.2,16.4,90.6,24.1,141.7,24.1C284.759,301.327,339.359,292.927,376.659,275.427zM448.859,422.227c-16.7,12.5,-85.3,32.3,-200.8,32.3s-184.2,-19.8,-200.8,-32.3c6.9,-4.9,34.3,-15.5,71.7,-22.7c31.7,27.4,71.0,43.6,113.6,43.6c46.6,0.0,89.2,-19.4,122.5,-51.6C402.859,399.027,437.759,414.127,448.859,422.227z"">
   </path>
   <path d=""M146.059,112.227c11.3,0.0,20.5,-9.2,20.5,-20.5V24.627c0.0,-11.3,-9.2,-20.5,-20.5,-20.5s-20.5,9.2,-20.5,20.5v67.2C125.559,103.027,134.659,112.227,146.059,112.227z"">
   </path>
   <path d=""M227.459,112.227c11.3,0.0,20.5,-9.2,20.5,-20.5V24.627c0.0,-11.3,-9.2,-20.5,-20.5,-20.5s-20.5,9.2,-20.5,20.5v67.2C206.959,103.027,216.159,112.227,227.459,112.227z"">
   </path>
   <path d=""M308.959,112.227c11.3,0.0,20.5,-9.2,20.5,-20.5V24.627c0.0,-11.3,-9.2,-20.5,-20.5,-20.5s-20.5,9.2,-20.5,20.5v67.2C288.459,103.027,297.659,112.227,308.959,112.227z"">
   </path>
  </g>
 </g>
</svg>


Question: What shape is the base of the object in the image?",Square,Triangle,Rectangle,Oval,D,beverage
77,"Examine the following SVG code carefully and answer the question based on your interpretation of the rendered image.

<svg id=""Capa_1"" style=""enable-background:new 0 0 489.9 489.9;"" version=""1.1"" viewbox=""0 0 489.9 489.9"" x=""0px"" xml:space=""preserve"" y=""0px"">
 <g>
  <g>
   <path d=""M435.359,345.227c32.3,0.0,57.2,-26.0,57.2,-59.3v-30.2c0.0,-31.2,-26.0,-57.2,-57.2,-57.2h-18.5c-22.6,-39.5,-106.2,-57.6,-184.4,-57.6c-91.6,0.0,-190.4,25.8,-190.4,80.7c0.0,0.1,0.0,0.3,0.0,0.4c0.0,0.1,0.0,0.2,0.0,0.4c0.0,53.8,16.7,103.1,44.4,141.5c-56.0,12.7,-82.9,32.1,-82.9,57.3c0.0,70.8,219.6,72.8,244.6,72.8s244.6,-2.1,244.6,-70.8c0.0,-38.9,-69.3,-58.8,-108.5,-66.8c2.5,-3.7,4.9,-7.5,7.2,-11.4C392.059,345.227,435.359,345.227,435.359,345.227zM424.059,240.127h11.3c8.3,0.0,15.6,7.3,15.6,16.7v30.1c0.0,9.4,-7.3,16.7,-15.6,16.7h-24.9C417.559,283.727,422.159,262.427,424.059,240.127zM82.559,220.627c2.1,-10.8,56.2,-37.7,149.9,-37.7s146.7,26.9,149.9,37.7c-2.1,10.8,-56.2,37.7,-149.9,37.7S84.659,231.327,82.559,220.627zM376.659,275.427c-19.0,73.3,-76.3,127.0,-143.2,127.0c-66.5,0.0,-123.4,-52.4,-142.8,-125.3c37.2,16.4,90.6,24.1,141.7,24.1C284.759,301.327,339.359,292.927,376.659,275.427zM448.859,422.227c-16.7,12.5,-85.3,32.3,-200.8,32.3s-184.2,-19.8,-200.8,-32.3c6.9,-4.9,34.3,-15.5,71.7,-22.7c31.7,27.4,71.0,43.6,113.6,43.6c46.6,0.0,89.2,-19.4,122.5,-51.6C402.859,399.027,437.759,414.127,448.859,422.227z"">
   </path>
   <path d=""M146.059,112.227c11.3,0.0,20.5,-9.2,20.5,-20.5V24.627c0.0,-11.3,-9.2,-20.5,-20.5,-20.5s-20.5,9.2,-20.5,20.5v67.2C125.559,103.027,134.659,112.227,146.059,112.227z"">
   </path>
   <path d=""M227.459,112.227c11.3,0.0,20.5,-9.2,20.5,-20.5V24.627c0.0,-11.3,-9.2,-20.5,-20.5,-20.5s-20.5,9.2,-20.5,20.5v67.2C206.959,103.027,216.159,112.227,227.459,112.227z"">
   </path>
   <path d=""M308.959,112.227c11.3,0.0,20.5,-9.2,20.5,-20.5V24.627c0.0,-11.3,-9.2,-20.5,-20.5,-20.5s-20.5,9.2,-20.5,20.5v67.2C288.459,103.027,297.659,112.227,308.959,112.227z"">
   </path>
  </g>
 </g>
</svg>


Question: How many handles does the object in the image have?",One,Two,Three,None,A,beverage
78,"Examine the following SVG code carefully and answer the question based on your interpretation of the rendered image.

<svg id=""Capa_1"" style=""enable-background:new 0 0 489.9 489.9;"" version=""1.1"" viewbox=""0 0 489.9 489.9"" x=""0px"" xml:space=""preserve"" y=""0px"">
 <g>
  <g>
   <path d=""M435.359,345.227c32.3,0.0,57.2,-26.0,57.2,-59.3v-30.2c0.0,-31.2,-26.0,-57.2,-57.2,-57.2h-18.5c-22.6,-39.5,-106.2,-57.6,-184.4,-57.6c-91.6,0.0,-190.4,25.8,-190.4,80.7c0.0,0.1,0.0,0.3,0.0,0.4c0.0,0.1,0.0,0.2,0.0,0.4c0.0,53.8,16.7,103.1,44.4,141.5c-56.0,12.7,-82.9,32.1,-82.9,57.3c0.0,70.8,219.6,72.8,244.6,72.8s244.6,-2.1,244.6,-70.8c0.0,-38.9,-69.3,-58.8,-108.5,-66.8c2.5,-3.7,4.9,-7.5,7.2,-11.4C392.059,345.227,435.359,345.227,435.359,345.227zM424.059,240.127h11.3c8.3,0.0,15.6,7.3,15.6,16.7v30.1c0.0,9.4,-7.3,16.7,-15.6,16.7h-24.9C417.559,283.727,422.159,262.427,424.059,240.127zM82.559,220.627c2.1,-10.8,56.2,-37.7,149.9,-37.7s146.7,26.9,149.9,37.7c-2.1,10.8,-56.2,37.7,-149.9,37.7S84.659,231.327,82.559,220.627zM376.659,275.427c-19.0,73.3,-76.3,127.0,-143.2,127.0c-66.5,0.0,-123.4,-52.4,-142.8,-125.3c37.2,16.4,90.6,24.1,141.7,24.1C284.759,301.327,339.359,292.927,376.659,275.427zM448.859,422.227c-16.7,12.5,-85.3,32.3,-200.8,32.3s-184.2,-19.8,-200.8,-32.3c6.9,-4.9,34.3,-15.5,71.7,-22.7c31.7,27.4,71.0,43.6,113.6,43.6c46.6,0.0,89.2,-19.4,122.5,-51.6C402.859,399.027,437.759,414.127,448.859,422.227z"">
   </path>
   <path d=""M146.059,112.227c11.3,0.0,20.5,-9.2,20.5,-20.5V24.627c0.0,-11.3,-9.2,-20.5,-20.5,-20.5s-20.5,9.2,-20.5,20.5v67.2C125.559,103.027,134.659,112.227,146.059,112.227z"">
   </path>
   <path d=""M227.459,112.227c11.3,0.0,20.5,-9.2,20.5,-20.5V24.627c0.0,-11.3,-9.2,-20.5,-20.5,-20.5s-20.5,9.2,-20.5,20.5v67.2C206.959,103.027,216.159,112.227,227.459,112.227z"">
   </path>
   <path d=""M308.959,112.227c11.3,0.0,20.5,-9.2,20.5,-20.5V24.627c0.0,-11.3,-9.2,-20.5,-20.5,-20.5s-20.5,9.2,-20.5,20.5v67.2C288.459,103.027,297.659,112.227,308.959,112.227z"">
   </path>
  </g>
 </g>
</svg>


Question: What is depicted above the object in the image?",Stars,Dots,Lines,Arrows,C,beverage
79,"Examine the following SVG code carefully and answer the question based on your interpretation of the rendered image.

<svg id=""Capa_1"" style=""enable-background:new 0 0 489.9 489.9;"" version=""1.1"" viewbox=""0 0 489.9 489.9"" x=""0px"" xml:space=""preserve"" y=""0px"">
 <g>
  <g>
   <path d=""M435.359,345.227c32.3,0.0,57.2,-26.0,57.2,-59.3v-30.2c0.0,-31.2,-26.0,-57.2,-57.2,-57.2h-18.5c-22.6,-39.5,-106.2,-57.6,-184.4,-57.6c-91.6,0.0,-190.4,25.8,-190.4,80.7c0.0,0.1,0.0,0.3,0.0,0.4c0.0,0.1,0.0,0.2,0.0,0.4c0.0,53.8,16.7,103.1,44.4,141.5c-56.0,12.7,-82.9,32.1,-82.9,57.3c0.0,70.8,219.6,72.8,244.6,72.8s244.6,-2.1,244.6,-70.8c0.0,-38.9,-69.3,-58.8,-108.5,-66.8c2.5,-3.7,4.9,-7.5,7.2,-11.4C392.059,345.227,435.359,345.227,435.359,345.227zM424.059,240.127h11.3c8.3,0.0,15.6,7.3,15.6,16.7v30.1c0.0,9.4,-7.3,16.7,-15.6,16.7h-24.9C417.559,283.727,422.159,262.427,424.059,240.127zM82.559,220.627c2.1,-10.8,56.2,-37.7,149.9,-37.7s146.7,26.9,149.9,37.7c-2.1,10.8,-56.2,37.7,-149.9,37.7S84.659,231.327,82.559,220.627zM376.659,275.427c-19.0,73.3,-76.3,127.0,-143.2,127.0c-66.5,0.0,-123.4,-52.4,-142.8,-125.3c37.2,16.4,90.6,24.1,141.7,24.1C284.759,301.327,339.359,292.927,376.659,275.427zM448.859,422.227c-16.7,12.5,-85.3,32.3,-200.8,32.3s-184.2,-19.8,-200.8,-32.3c6.9,-4.9,34.3,-15.5,71.7,-22.7c31.7,27.4,71.0,43.6,113.6,43.6c46.6,0.0,89.2,-19.4,122.5,-51.6C402.859,399.027,437.759,414.127,448.859,422.227z"">
   </path>
   <path d=""M146.059,112.227c11.3,0.0,20.5,-9.2,20.5,-20.5V24.627c0.0,-11.3,-9.2,-20.5,-20.5,-20.5s-20.5,9.2,-20.5,20.5v67.2C125.559,103.027,134.659,112.227,146.059,112.227z"">
   </path>
   <path d=""M227.459,112.227c11.3,0.0,20.5,-9.2,20.5,-20.5V24.627c0.0,-11.3,-9.2,-20.5,-20.5,-20.5s-20.5,9.2,-20.5,20.5v67.2C206.959,103.027,216.159,112.227,227.459,112.227z"">
   </path>
   <path d=""M308.959,112.227c11.3,0.0,20.5,-9.2,20.5,-20.5V24.627c0.0,-11.3,-9.2,-20.5,-20.5,-20.5s-20.5,9.2,-20.5,20.5v67.2C288.459,103.027,297.659,112.227,308.959,112.227z"">
   </path>
  </g>
 </g>
</svg>


Question: What is the object in the image?",teapot,cup,vase,bowl,B,beverage
104,"Examine the following SVG code carefully and answer the question based on your interpretation of the rendered image.

<svg height=""363.116px"" id=""Capa_1"" style=""enable-background:new 0 0 363.116 363.116;"" version=""1.1"" viewbox=""0 0 363.116 363.116"" width=""363.116px"" x=""0px"" xml:space=""preserve"" y=""0px"">
 <g>
  <g>
   <path d=""M312.253,77.001c0.0,-25.094,-5.603,-49.885,-16.207,-71.727L294.508,2.127H72.661l-1.537,3.146C60.529,27.128,54.917,51.919,54.917,77.001c0.0,78.098,55.13,144.007,123.062,147.412v129.632H128.587v11.199h114.977v-11.199h-54.386V224.412C257.134,221.02,312.253,155.099,312.253,77.001zM287.459,13.335c6.113,13.36,10.196,27.805,12.19,42.931c-11.752,4.435,-48.64,17.478,-74.893,17.489c-8.412,0.0,-14.976,-1.336,-19.503,-3.972c-4.168,-2.429,-6.426,-5.903,-7.068,-10.941c-1.009,-7.809,-4.966,-13.907,-11.812,-18.119c-6.998,-4.293,-17.242,-6.477,-30.444,-6.477c-30.604,0.0,-70.484,11.623,-87.652,17.126c2.207,-13.441,6.056,-26.226,11.436,-38.043h207.745V13.335z"">
   </path>
  </g>
 </g>
</svg>


Question: What is the shape of the base of the object?",Circular,Line,Triangular,Hexagonal,B,beverage
105,"Examine the following SVG code carefully and answer the question based on your interpretation of the rendered image.

<svg height=""363.116px"" id=""Capa_1"" style=""enable-background:new 0 0 363.116 363.116;"" version=""1.1"" viewbox=""0 0 363.116 363.116"" width=""363.116px"" x=""0px"" xml:space=""preserve"" y=""0px"">
 <g>
  <g>
   <path d=""M312.253,77.001c0.0,-25.094,-5.603,-49.885,-16.207,-71.727L294.508,2.127H72.661l-1.537,3.146C60.529,27.128,54.917,51.919,54.917,77.001c0.0,78.098,55.13,144.007,123.062,147.412v129.632H128.587v11.199h114.977v-11.199h-54.386V224.412C257.134,221.02,312.253,155.099,312.253,77.001zM287.459,13.335c6.113,13.36,10.196,27.805,12.19,42.931c-11.752,4.435,-48.64,17.478,-74.893,17.489c-8.412,0.0,-14.976,-1.336,-19.503,-3.972c-4.168,-2.429,-6.426,-5.903,-7.068,-10.941c-1.009,-7.809,-4.966,-13.907,-11.812,-18.119c-6.998,-4.293,-17.242,-6.477,-30.444,-6.477c-30.604,0.0,-70.484,11.623,-87.652,17.126c2.207,-13.441,6.056,-26.226,11.436,-38.043h207.745V13.335z"">
   </path>
  </g>
 </g>
</svg>


Question: What is the shape of the top part of the object?",Square,Circular,Triangular,Rectangular,B,beverage
106,"Examine the following SVG code carefully and answer the question based on your interpretation of the rendered image.

<svg height=""363.116px"" id=""Capa_1"" style=""enable-background:new 0 0 363.116 363.116;"" version=""1.1"" viewbox=""0 0 363.116 363.116"" width=""363.116px"" x=""0px"" xml:space=""preserve"" y=""0px"">
 <g>
  <g>
   <path d=""M312.253,77.001c0.0,-25.094,-5.603,-49.885,-16.207,-71.727L294.508,2.127H72.661l-1.537,3.146C60.529,27.128,54.917,51.919,54.917,77.001c0.0,78.098,55.13,144.007,123.062,147.412v129.632H128.587v11.199h114.977v-11.199h-54.386V224.412C257.134,221.02,312.253,155.099,312.253,77.001zM287.459,13.335c6.113,13.36,10.196,27.805,12.19,42.931c-11.752,4.435,-48.64,17.478,-74.893,17.489c-8.412,0.0,-14.976,-1.336,-19.503,-3.972c-4.168,-2.429,-6.426,-5.903,-7.068,-10.941c-1.009,-7.809,-4.966,-13.907,-11.812,-18.119c-6.998,-4.293,-17.242,-6.477,-30.444,-6.477c-30.604,0.0,-70.484,11.623,-87.652,17.126c2.207,-13.441,6.056,-26.226,11.436,-38.043h207.745V13.335z"">
   </path>
  </g>
 </g>
</svg>


Question: What is the shape of the stem of the object?",Circular,Square,Triangular,Line,D,beverage
107,"Examine the following SVG code carefully and answer the question based on your interpretation of the rendered image.

<svg height=""363.116px"" id=""Capa_1"" style=""enable-background:new 0 0 363.116 363.116;"" version=""1.1"" viewbox=""0 0 363.116 363.116"" width=""363.116px"" x=""0px"" xml:space=""preserve"" y=""0px"">
 <g>
  <g>
   <path d=""M312.253,77.001c0.0,-25.094,-5.603,-49.885,-16.207,-71.727L294.508,2.127H72.661l-1.537,3.146C60.529,27.128,54.917,51.919,54.917,77.001c0.0,78.098,55.13,144.007,123.062,147.412v129.632H128.587v11.199h114.977v-11.199h-54.386V224.412C257.134,221.02,312.253,155.099,312.253,77.001zM287.459,13.335c6.113,13.36,10.196,27.805,12.19,42.931c-11.752,4.435,-48.64,17.478,-74.893,17.489c-8.412,0.0,-14.976,-1.336,-19.503,-3.972c-4.168,-2.429,-6.426,-5.903,-7.068,-10.941c-1.009,-7.809,-4.966,-13.907,-11.812,-18.119c-6.998,-4.293,-17.242,-6.477,-30.444,-6.477c-30.604,0.0,-70.484,11.623,-87.652,17.126c2.207,-13.441,6.056,-26.226,11.436,-38.043h207.745V13.335z"">
   </path>
  </g>
 </g>
</svg>


Question: What is the object in the image?",glass,vase,lamp,trophy,A,beverage
112,"Examine the following SVG code carefully and answer the question based on your interpretation of the rendered image.

<svg id=""Capa_1"" style=""enable-background:new 0 0 512 512;"" version=""1.1"" viewbox=""0 0 512 512"" x=""0px"" xml:space=""preserve"" y=""0px"">
 <g>
  <path d=""M164.759,307.096l-7.238,16.0h203.821L348.759,307.096c50.977,-35.195,86.672,-94.129,86.672,-160.016c0.0,-8.835,-7.164,-15.984,-16.0,-15.984h-320.0c-8.836,0.0,-16.0,7.165,-16.0,16.0C83.431,212.971,113.782,271.901,164.759,307.096z"" style=""fill:#B1C3D0;"">
  </path>
  <g>
   <rect height=""40"" style=""fill:#576D7E;"" width=""32"" x=""244.759"" y=""91.096"">
   </rect>
  </g>
  <g>
   <rect height=""8"" style=""fill:#576D7E;"" width=""32"" x=""388.759"" y=""43.096"">
   </rect>
  </g>
  <g>
   <path d=""M420.759,83.096H244.759c-8.836,0.0,-16.0,-7.164,-16.0,-16.0s7.164,-16.0,16.0,-16.0h176.0c8.836,0.0,16.0,7.164,16.0,16.0S429.595,83.096,420.759,83.096z"" style=""fill:#B1C3D0;"">
   </path>
  </g>
  <path d=""M428.759,483.23V354.962c8.204,-0.686,16.0,-7.486,16.0,-15.866c0.0,-8.836,-7.164,-16.0,-16.0,-16.0H92.759c-8.836,0.0,-16.0,7.164,-16.0,16.0s7.164,16.0,16.0,16.0v128.0c-8.836,0.0,-16.0,7.164,-16.0,16.0s7.164,16.0,16.0,16.0h336.0c8.836,0.0,16.0,-7.164,16.0,-16.0C444.759,490.715,436.963,483.915,428.759,483.23z"" style=""fill:#A25425;"">
  </path>
  <path d=""M284.759,427.096c0.0,13.258,-10.734,24.0,-23.984,24.0C247.517,451.096,236.759,440.354,236.759,427.096c0.0,-13.25,10.758,-24.0,24.016,-24.0C274.025,403.096,284.759,413.846,284.759,427.096z"" style=""fill:#7F4122;"">
  </path>
  <path d=""M277.729,436.066c-9.374,9.374,-24.561,9.38,-33.93,0.011c-9.374,-9.374,-9.386,-24.578,-0.011,-33.952c9.37,-9.37,24.578,-9.363,33.952,0.011C287.109,411.506,287.099,426.697,277.729,436.066z"" style=""fill:#FCCF63;"">
  </path>
  <path d=""M420.759,35.096h-32.0c-8.837,0.0,-16.0,-7.163,-16.0,-16.0l0.0,0.0c0.0,-8.837,7.163,-16.0,16.0,-16.0h32.0c8.837,0.0,16.0,7.163,16.0,16.0l0.0,0.0C436.759,27.933,429.596,35.096,420.759,35.096z"" style=""fill:#8A5428;"">
  </path>
  <rect height=""8"" style=""fill:#35495C;"" width=""32"" x=""244.759"" y=""83.096"">
  </rect>
  <rect height=""8"" style=""fill:#35495C;"" width=""32"" x=""388.759"" y=""35.096"">
  </rect>
  <path d=""M92.759,355.096L92.759,355.096c0.0,8.837,7.163,16.0,16.0,16.0h288.0c8.837,0.0,16.0,7.163,16.0,16.0v64.0c0.0,8.837,-7.163,16.0,-16.0,16.0H108.759c-8.837,0.0,-16.0,7.163,-16.0,16.0v0.0h336.0v-16.0v-96.0v-16.0H92.759z"" style=""fill:#7F4122;"">
  </path>
  <path d=""M435.431,146.822c-0.012,-8.728,-7.272,-15.728,-16.0,-15.726c-33.069,0.01,-62.851,19.994,-75.373,50.602l-39.183,95.781c-7.328,17.915,-24.761,29.619,-44.116,29.621V307.096h-96.0l-7.238,16.0H260.759h100.583L348.759,307.096C399.802,271.854,435.524,212.813,435.431,146.822z"" style=""fill:#8EADBE;"">
  </path>
 </g>
</svg>


Question: What is the primary color of the bowl-shaped part of the object?",Red,Blue,Green,Yellow,B,beverage
113,"Examine the following SVG code carefully and answer the question based on your interpretation of the rendered image.

<svg id=""Capa_1"" style=""enable-background:new 0 0 512 512;"" version=""1.1"" viewbox=""0 0 512 512"" x=""0px"" xml:space=""preserve"" y=""0px"">
 <g>
  <path d=""M164.759,307.096l-7.238,16.0h203.821L348.759,307.096c50.977,-35.195,86.672,-94.129,86.672,-160.016c0.0,-8.835,-7.164,-15.984,-16.0,-15.984h-320.0c-8.836,0.0,-16.0,7.165,-16.0,16.0C83.431,212.971,113.782,271.901,164.759,307.096z"" style=""fill:#B1C3D0;"">
  </path>
  <g>
   <rect height=""40"" style=""fill:#576D7E;"" width=""32"" x=""244.759"" y=""91.096"">
   </rect>
  </g>
  <g>
   <rect height=""8"" style=""fill:#576D7E;"" width=""32"" x=""388.759"" y=""43.096"">
   </rect>
  </g>
  <g>
   <path d=""M420.759,83.096H244.759c-8.836,0.0,-16.0,-7.164,-16.0,-16.0s7.164,-16.0,16.0,-16.0h176.0c8.836,0.0,16.0,7.164,16.0,16.0S429.595,83.096,420.759,83.096z"" style=""fill:#B1C3D0;"">
   </path>
  </g>
  <path d=""M428.759,483.23V354.962c8.204,-0.686,16.0,-7.486,16.0,-15.866c0.0,-8.836,-7.164,-16.0,-16.0,-16.0H92.759c-8.836,0.0,-16.0,7.164,-16.0,16.0s7.164,16.0,16.0,16.0v128.0c-8.836,0.0,-16.0,7.164,-16.0,16.0s7.164,16.0,16.0,16.0h336.0c8.836,0.0,16.0,-7.164,16.0,-16.0C444.759,490.715,436.963,483.915,428.759,483.23z"" style=""fill:#A25425;"">
  </path>
  <path d=""M284.759,427.096c0.0,13.258,-10.734,24.0,-23.984,24.0C247.517,451.096,236.759,440.354,236.759,427.096c0.0,-13.25,10.758,-24.0,24.016,-24.0C274.025,403.096,284.759,413.846,284.759,427.096z"" style=""fill:#7F4122;"">
  </path>
  <path d=""M277.729,436.066c-9.374,9.374,-24.561,9.38,-33.93,0.011c-9.374,-9.374,-9.386,-24.578,-0.011,-33.952c9.37,-9.37,24.578,-9.363,33.952,0.011C287.109,411.506,287.099,426.697,277.729,436.066z"" style=""fill:#FCCF63;"">
  </path>
  <path d=""M420.759,35.096h-32.0c-8.837,0.0,-16.0,-7.163,-16.0,-16.0l0.0,0.0c0.0,-8.837,7.163,-16.0,16.0,-16.0h32.0c8.837,0.0,16.0,7.163,16.0,16.0l0.0,0.0C436.759,27.933,429.596,35.096,420.759,35.096z"" style=""fill:#8A5428;"">
  </path>
  <rect height=""8"" style=""fill:#35495C;"" width=""32"" x=""244.759"" y=""83.096"">
  </rect>
  <rect height=""8"" style=""fill:#35495C;"" width=""32"" x=""388.759"" y=""35.096"">
  </rect>
  <path d=""M92.759,355.096L92.759,355.096c0.0,8.837,7.163,16.0,16.0,16.0h288.0c8.837,0.0,16.0,7.163,16.0,16.0v64.0c0.0,8.837,-7.163,16.0,-16.0,16.0H108.759c-8.837,0.0,-16.0,7.163,-16.0,16.0v0.0h336.0v-16.0v-96.0v-16.0H92.759z"" style=""fill:#7F4122;"">
  </path>
  <path d=""M435.431,146.822c-0.012,-8.728,-7.272,-15.728,-16.0,-15.726c-33.069,0.01,-62.851,19.994,-75.373,50.602l-39.183,95.781c-7.328,17.915,-24.761,29.619,-44.116,29.621V307.096h-96.0l-7.238,16.0H260.759h100.583L348.759,307.096C399.802,271.854,435.524,212.813,435.431,146.822z"" style=""fill:#8EADBE;"">
  </path>
 </g>
</svg>


Question: What shape is the knob on the top of the object?",Square,Circular,Triangular,Hexagonal,B,beverage
114,"Examine the following SVG code carefully and answer the question based on your interpretation of the rendered image.

<svg id=""Capa_1"" style=""enable-background:new 0 0 512 512;"" version=""1.1"" viewbox=""0 0 512 512"" x=""0px"" xml:space=""preserve"" y=""0px"">
 <g>
  <path d=""M164.759,307.096l-7.238,16.0h203.821L348.759,307.096c50.977,-35.195,86.672,-94.129,86.672,-160.016c0.0,-8.835,-7.164,-15.984,-16.0,-15.984h-320.0c-8.836,0.0,-16.0,7.165,-16.0,16.0C83.431,212.971,113.782,271.901,164.759,307.096z"" style=""fill:#B1C3D0;"">
  </path>
  <g>
   <rect height=""40"" style=""fill:#576D7E;"" width=""32"" x=""244.759"" y=""91.096"">
   </rect>
  </g>
  <g>
   <rect height=""8"" style=""fill:#576D7E;"" width=""32"" x=""388.759"" y=""43.096"">
   </rect>
  </g>
  <g>
   <path d=""M420.759,83.096H244.759c-8.836,0.0,-16.0,-7.164,-16.0,-16.0s7.164,-16.0,16.0,-16.0h176.0c8.836,0.0,16.0,7.164,16.0,16.0S429.595,83.096,420.759,83.096z"" style=""fill:#B1C3D0;"">
   </path>
  </g>
  <path d=""M428.759,483.23V354.962c8.204,-0.686,16.0,-7.486,16.0,-15.866c0.0,-8.836,-7.164,-16.0,-16.0,-16.0H92.759c-8.836,0.0,-16.0,7.164,-16.0,16.0s7.164,16.0,16.0,16.0v128.0c-8.836,0.0,-16.0,7.164,-16.0,16.0s7.164,16.0,16.0,16.0h336.0c8.836,0.0,16.0,-7.164,16.0,-16.0C444.759,490.715,436.963,483.915,428.759,483.23z"" style=""fill:#A25425;"">
  </path>
  <path d=""M284.759,427.096c0.0,13.258,-10.734,24.0,-23.984,24.0C247.517,451.096,236.759,440.354,236.759,427.096c0.0,-13.25,10.758,-24.0,24.016,-24.0C274.025,403.096,284.759,413.846,284.759,427.096z"" style=""fill:#7F4122;"">
  </path>
  <path d=""M277.729,436.066c-9.374,9.374,-24.561,9.38,-33.93,0.011c-9.374,-9.374,-9.386,-24.578,-0.011,-33.952c9.37,-9.37,24.578,-9.363,33.952,0.011C287.109,411.506,287.099,426.697,277.729,436.066z"" style=""fill:#FCCF63;"">
  </path>
  <path d=""M420.759,35.096h-32.0c-8.837,0.0,-16.0,-7.163,-16.0,-16.0l0.0,0.0c0.0,-8.837,7.163,-16.0,16.0,-16.0h32.0c8.837,0.0,16.0,7.163,16.0,16.0l0.0,0.0C436.759,27.933,429.596,35.096,420.759,35.096z"" style=""fill:#8A5428;"">
  </path>
  <rect height=""8"" style=""fill:#35495C;"" width=""32"" x=""244.759"" y=""83.096"">
  </rect>
  <rect height=""8"" style=""fill:#35495C;"" width=""32"" x=""388.759"" y=""35.096"">
  </rect>
  <path d=""M92.759,355.096L92.759,355.096c0.0,8.837,7.163,16.0,16.0,16.0h288.0c8.837,0.0,16.0,7.163,16.0,16.0v64.0c0.0,8.837,-7.163,16.0,-16.0,16.0H108.759c-8.837,0.0,-16.0,7.163,-16.0,16.0v0.0h336.0v-16.0v-96.0v-16.0H92.759z"" style=""fill:#7F4122;"">
  </path>
  <path d=""M435.431,146.822c-0.012,-8.728,-7.272,-15.728,-16.0,-15.726c-33.069,0.01,-62.851,19.994,-75.373,50.602l-39.183,95.781c-7.328,17.915,-24.761,29.619,-44.116,29.621V307.096h-96.0l-7.238,16.0H260.759h100.583L348.759,307.096C399.802,271.854,435.524,212.813,435.431,146.822z"" style=""fill:#8EADBE;"">
  </path>
 </g>
</svg>


Question: What is the color of the base of the object?",Brown,Black,White,Gray,A,beverage
115,"Examine the following SVG code carefully and answer the question based on your interpretation of the rendered image.

<svg id=""Capa_1"" style=""enable-background:new 0 0 512 512;"" version=""1.1"" viewbox=""0 0 512 512"" x=""0px"" xml:space=""preserve"" y=""0px"">
 <g>
  <path d=""M164.759,307.096l-7.238,16.0h203.821L348.759,307.096c50.977,-35.195,86.672,-94.129,86.672,-160.016c0.0,-8.835,-7.164,-15.984,-16.0,-15.984h-320.0c-8.836,0.0,-16.0,7.165,-16.0,16.0C83.431,212.971,113.782,271.901,164.759,307.096z"" style=""fill:#B1C3D0;"">
  </path>
  <g>
   <rect height=""40"" style=""fill:#576D7E;"" width=""32"" x=""244.759"" y=""91.096"">
   </rect>
  </g>
  <g>
   <rect height=""8"" style=""fill:#576D7E;"" width=""32"" x=""388.759"" y=""43.096"">
   </rect>
  </g>
  <g>
   <path d=""M420.759,83.096H244.759c-8.836,0.0,-16.0,-7.164,-16.0,-16.0s7.164,-16.0,16.0,-16.0h176.0c8.836,0.0,16.0,7.164,16.0,16.0S429.595,83.096,420.759,83.096z"" style=""fill:#B1C3D0;"">
   </path>
  </g>
  <path d=""M428.759,483.23V354.962c8.204,-0.686,16.0,-7.486,16.0,-15.866c0.0,-8.836,-7.164,-16.0,-16.0,-16.0H92.759c-8.836,0.0,-16.0,7.164,-16.0,16.0s7.164,16.0,16.0,16.0v128.0c-8.836,0.0,-16.0,7.164,-16.0,16.0s7.164,16.0,16.0,16.0h336.0c8.836,0.0,16.0,-7.164,16.0,-16.0C444.759,490.715,436.963,483.915,428.759,483.23z"" style=""fill:#A25425;"">
  </path>
  <path d=""M284.759,427.096c0.0,13.258,-10.734,24.0,-23.984,24.0C247.517,451.096,236.759,440.354,236.759,427.096c0.0,-13.25,10.758,-24.0,24.016,-24.0C274.025,403.096,284.759,413.846,284.759,427.096z"" style=""fill:#7F4122;"">
  </path>
  <path d=""M277.729,436.066c-9.374,9.374,-24.561,9.38,-33.93,0.011c-9.374,-9.374,-9.386,-24.578,-0.011,-33.952c9.37,-9.37,24.578,-9.363,33.952,0.011C287.109,411.506,287.099,426.697,277.729,436.066z"" style=""fill:#FCCF63;"">
  </path>
  <path d=""M420.759,35.096h-32.0c-8.837,0.0,-16.0,-7.163,-16.0,-16.0l0.0,0.0c0.0,-8.837,7.163,-16.0,16.0,-16.0h32.0c8.837,0.0,16.0,7.163,16.0,16.0l0.0,0.0C436.759,27.933,429.596,35.096,420.759,35.096z"" style=""fill:#8A5428;"">
  </path>
  <rect height=""8"" style=""fill:#35495C;"" width=""32"" x=""244.759"" y=""83.096"">
  </rect>
  <rect height=""8"" style=""fill:#35495C;"" width=""32"" x=""388.759"" y=""35.096"">
  </rect>
  <path d=""M92.759,355.096L92.759,355.096c0.0,8.837,7.163,16.0,16.0,16.0h288.0c8.837,0.0,16.0,7.163,16.0,16.0v64.0c0.0,8.837,-7.163,16.0,-16.0,16.0H108.759c-8.837,0.0,-16.0,7.163,-16.0,16.0v0.0h336.0v-16.0v-96.0v-16.0H92.759z"" style=""fill:#7F4122;"">
  </path>
  <path d=""M435.431,146.822c-0.012,-8.728,-7.272,-15.728,-16.0,-15.726c-33.069,0.01,-62.851,19.994,-75.373,50.602l-39.183,95.781c-7.328,17.915,-24.761,29.619,-44.116,29.621V307.096h-96.0l-7.238,16.0H260.759h100.583L348.759,307.096C399.802,271.854,435.524,212.813,435.431,146.822z"" style=""fill:#8EADBE;"">
  </path>
 </g>
</svg>


Question: What is the object in the image?",Grinder,Blender,Toaster,Juicer,A,beverage
116,"Examine the following SVG code carefully and answer the question based on your interpretation of the rendered image.

<svg id=""Layer_1"" style=""enable-background:new 0 0 512 512;"" version=""1.1"" viewbox=""0 0 512 512"" x=""0px"" xml:space=""preserve"" y=""0px"">
 <polygon points=""310.299,157.568 276.616,494.406 114.933,494.406 81.249,157.568"" style=""fill:#D6E5F6;"">
 </polygon>
 <polygon points=""310.299,157.568 195.774,157.568 195.774,494.406 276.616,494.406"" style=""fill:#BCD6F2;"">
 </polygon>
 <path d=""M195.774,514.616c-11.161,0.0,-20.21,-9.049,-20.21,-20.21V76.185L99.727,41.182c-10.133,-4.678,-14.558,-16.686,-9.88,-26.819c4.678,-10.135,16.684,-14.56,26.819,-9.881l87.578,40.421c7.158,3.304,11.741,10.469,11.741,18.351V494.406C215.985,505.568,206.937,514.616,195.774,514.616z"" style=""fill:#E07188;"">
 </path>
 <polygon points=""195.774,251.882 90.681,251.882 114.933,494.406 195.774,494.406 276.616,494.406 300.868,251.882"" style=""fill:#E17858;"">
 </polygon>
 <polygon points=""195.774,251.882 195.774,494.406 276.616,494.406 300.868,251.882"" style=""fill:#DD512A;"">
 </polygon>
 <path d=""M307.052,207.301c13.821,11.036,31.342,17.634,50.405,17.634c44.647,0.0,80.841,-36.194,80.841,-80.841s-36.194,-80.841,-80.841,-80.841s-80.841,36.194,-80.841,80.841c0.0,4.592,0.381,9.093,1.118,13.476"" style=""fill:#F4D853;"">
 </path>
 <path d=""M357.457,245.146c-22.83,0.0,-45.209,-7.832,-63.017,-22.051c-8.723,-6.966,-10.146,-19.682,-3.181,-28.405c6.967,-8.723,19.681,-10.146,28.405,-3.181c10.826,8.646,23.895,13.218,37.793,13.218c33.432,0.0,60.631,-27.2,60.631,-60.631c0.0,-33.432,-27.199,-60.631,-60.631,-60.631c-33.433,0.0,-60.631,27.198,-60.631,60.631c0.0,3.407,0.282,6.815,0.838,10.125c1.851,11.007,-5.571,21.43,-16.579,23.281c-11.021,1.851,-21.432,-5.574,-23.281,-16.581c-0.928,-5.517,-1.399,-11.179,-1.399,-16.826c0.0,-55.72,45.33,-101.052,101.052,-101.052c55.72,0.0,101.052,45.332,101.052,101.052C458.508,199.814,413.178,245.146,357.457,245.146z"" style=""fill:#DD512A;"">
 </path>
 <path d=""M276.616,514.616H114.933c-10.383,0.0,-19.077,-7.869,-20.111,-18.2L61.139,159.578c-0.569,-5.682,1.293,-11.339,5.125,-15.573c3.832,-4.235,9.275,-6.649,14.985,-6.649h229.05c5.71,0.0,11.153,2.414,14.985,6.649c3.832,4.233,5.694,9.891,5.125,15.573L296.726,496.416C295.694,506.748,286.998,514.616,276.616,514.616zM133.225,474.196h125.102l29.642,-296.418H103.583L133.225,474.196z"" style=""fill:#8CB7E8;"">
 </path>
 <path d=""M325.285,144.006c-3.832,-4.235,-9.275,-6.649,-14.985,-6.649H195.774v40.421h92.193L258.325,474.196h-62.551V514.616h80.841c10.383,0.0,19.077,-7.869,20.111,-18.2l33.684,-336.839C330.979,153.897,329.117,148.239,325.285,144.006z"" style=""fill:#6398DE;"">
 </path>
</svg>


Question: What is the primary color of the liquid in the glass?",Blue,Green,Red,Purple,C,beverage
117,"Examine the following SVG code carefully and answer the question based on your interpretation of the rendered image.

<svg id=""Layer_1"" style=""enable-background:new 0 0 512 512;"" version=""1.1"" viewbox=""0 0 512 512"" x=""0px"" xml:space=""preserve"" y=""0px"">
 <polygon points=""310.299,157.568 276.616,494.406 114.933,494.406 81.249,157.568"" style=""fill:#D6E5F6;"">
 </polygon>
 <polygon points=""310.299,157.568 195.774,157.568 195.774,494.406 276.616,494.406"" style=""fill:#BCD6F2;"">
 </polygon>
 <path d=""M195.774,514.616c-11.161,0.0,-20.21,-9.049,-20.21,-20.21V76.185L99.727,41.182c-10.133,-4.678,-14.558,-16.686,-9.88,-26.819c4.678,-10.135,16.684,-14.56,26.819,-9.881l87.578,40.421c7.158,3.304,11.741,10.469,11.741,18.351V494.406C215.985,505.568,206.937,514.616,195.774,514.616z"" style=""fill:#E07188;"">
 </path>
 <polygon points=""195.774,251.882 90.681,251.882 114.933,494.406 195.774,494.406 276.616,494.406 300.868,251.882"" style=""fill:#E17858;"">
 </polygon>
 <polygon points=""195.774,251.882 195.774,494.406 276.616,494.406 300.868,251.882"" style=""fill:#DD512A;"">
 </polygon>
 <path d=""M307.052,207.301c13.821,11.036,31.342,17.634,50.405,17.634c44.647,0.0,80.841,-36.194,80.841,-80.841s-36.194,-80.841,-80.841,-80.841s-80.841,36.194,-80.841,80.841c0.0,4.592,0.381,9.093,1.118,13.476"" style=""fill:#F4D853;"">
 </path>
 <path d=""M357.457,245.146c-22.83,0.0,-45.209,-7.832,-63.017,-22.051c-8.723,-6.966,-10.146,-19.682,-3.181,-28.405c6.967,-8.723,19.681,-10.146,28.405,-3.181c10.826,8.646,23.895,13.218,37.793,13.218c33.432,0.0,60.631,-27.2,60.631,-60.631c0.0,-33.432,-27.199,-60.631,-60.631,-60.631c-33.433,0.0,-60.631,27.198,-60.631,60.631c0.0,3.407,0.282,6.815,0.838,10.125c1.851,11.007,-5.571,21.43,-16.579,23.281c-11.021,1.851,-21.432,-5.574,-23.281,-16.581c-0.928,-5.517,-1.399,-11.179,-1.399,-16.826c0.0,-55.72,45.33,-101.052,101.052,-101.052c55.72,0.0,101.052,45.332,101.052,101.052C458.508,199.814,413.178,245.146,357.457,245.146z"" style=""fill:#DD512A;"">
 </path>
 <path d=""M276.616,514.616H114.933c-10.383,0.0,-19.077,-7.869,-20.111,-18.2L61.139,159.578c-0.569,-5.682,1.293,-11.339,5.125,-15.573c3.832,-4.235,9.275,-6.649,14.985,-6.649h229.05c5.71,0.0,11.153,2.414,14.985,6.649c3.832,4.233,5.694,9.891,5.125,15.573L296.726,496.416C295.694,506.748,286.998,514.616,276.616,514.616zM133.225,474.196h125.102l29.642,-296.418H103.583L133.225,474.196z"" style=""fill:#8CB7E8;"">
 </path>
 <path d=""M325.285,144.006c-3.832,-4.235,-9.275,-6.649,-14.985,-6.649H195.774v40.421h92.193L258.325,474.196h-62.551V514.616h80.841c10.383,0.0,19.077,-7.869,20.111,-18.2l33.684,-336.839C330.979,153.897,329.117,148.239,325.285,144.006z"" style=""fill:#6398DE;"">
 </path>
</svg>


Question: What shape is the object behind the glass?",Square,Circle,Triangle,Hexagon,B,beverage
118,"Examine the following SVG code carefully and answer the question based on your interpretation of the rendered image.

<svg id=""Layer_1"" style=""enable-background:new 0 0 512 512;"" version=""1.1"" viewbox=""0 0 512 512"" x=""0px"" xml:space=""preserve"" y=""0px"">
 <polygon points=""310.299,157.568 276.616,494.406 114.933,494.406 81.249,157.568"" style=""fill:#D6E5F6;"">
 </polygon>
 <polygon points=""310.299,157.568 195.774,157.568 195.774,494.406 276.616,494.406"" style=""fill:#BCD6F2;"">
 </polygon>
 <path d=""M195.774,514.616c-11.161,0.0,-20.21,-9.049,-20.21,-20.21V76.185L99.727,41.182c-10.133,-4.678,-14.558,-16.686,-9.88,-26.819c4.678,-10.135,16.684,-14.56,26.819,-9.881l87.578,40.421c7.158,3.304,11.741,10.469,11.741,18.351V494.406C215.985,505.568,206.937,514.616,195.774,514.616z"" style=""fill:#E07188;"">
 </path>
 <polygon points=""195.774,251.882 90.681,251.882 114.933,494.406 195.774,494.406 276.616,494.406 300.868,251.882"" style=""fill:#E17858;"">
 </polygon>
 <polygon points=""195.774,251.882 195.774,494.406 276.616,494.406 300.868,251.882"" style=""fill:#DD512A;"">
 </polygon>
 <path d=""M307.052,207.301c13.821,11.036,31.342,17.634,50.405,17.634c44.647,0.0,80.841,-36.194,80.841,-80.841s-36.194,-80.841,-80.841,-80.841s-80.841,36.194,-80.841,80.841c0.0,4.592,0.381,9.093,1.118,13.476"" style=""fill:#F4D853;"">
 </path>
 <path d=""M357.457,245.146c-22.83,0.0,-45.209,-7.832,-63.017,-22.051c-8.723,-6.966,-10.146,-19.682,-3.181,-28.405c6.967,-8.723,19.681,-10.146,28.405,-3.181c10.826,8.646,23.895,13.218,37.793,13.218c33.432,0.0,60.631,-27.2,60.631,-60.631c0.0,-33.432,-27.199,-60.631,-60.631,-60.631c-33.433,0.0,-60.631,27.198,-60.631,60.631c0.0,3.407,0.282,6.815,0.838,10.125c1.851,11.007,-5.571,21.43,-16.579,23.281c-11.021,1.851,-21.432,-5.574,-23.281,-16.581c-0.928,-5.517,-1.399,-11.179,-1.399,-16.826c0.0,-55.72,45.33,-101.052,101.052,-101.052c55.72,0.0,101.052,45.332,101.052,101.052C458.508,199.814,413.178,245.146,357.457,245.146z"" style=""fill:#DD512A;"">
 </path>
 <path d=""M276.616,514.616H114.933c-10.383,0.0,-19.077,-7.869,-20.111,-18.2L61.139,159.578c-0.569,-5.682,1.293,-11.339,5.125,-15.573c3.832,-4.235,9.275,-6.649,14.985,-6.649h229.05c5.71,0.0,11.153,2.414,14.985,6.649c3.832,4.233,5.694,9.891,5.125,15.573L296.726,496.416C295.694,506.748,286.998,514.616,276.616,514.616zM133.225,474.196h125.102l29.642,-296.418H103.583L133.225,474.196z"" style=""fill:#8CB7E8;"">
 </path>
 <path d=""M325.285,144.006c-3.832,-4.235,-9.275,-6.649,-14.985,-6.649H195.774v40.421h92.193L258.325,474.196h-62.551V514.616h80.841c10.383,0.0,19.077,-7.869,20.111,-18.2l33.684,-336.839C330.979,153.897,329.117,148.239,325.285,144.006z"" style=""fill:#6398DE;"">
 </path>
</svg>


Question: What color is the straw in the glass?",Blue,Yellow,Red,Pink,D,beverage
119,"Examine the following SVG code carefully and answer the question based on your interpretation of the rendered image.

<svg id=""Layer_1"" style=""enable-background:new 0 0 512 512;"" version=""1.1"" viewbox=""0 0 512 512"" x=""0px"" xml:space=""preserve"" y=""0px"">
 <polygon points=""310.299,157.568 276.616,494.406 114.933,494.406 81.249,157.568"" style=""fill:#D6E5F6;"">
 </polygon>
 <polygon points=""310.299,157.568 195.774,157.568 195.774,494.406 276.616,494.406"" style=""fill:#BCD6F2;"">
 </polygon>
 <path d=""M195.774,514.616c-11.161,0.0,-20.21,-9.049,-20.21,-20.21V76.185L99.727,41.182c-10.133,-4.678,-14.558,-16.686,-9.88,-26.819c4.678,-10.135,16.684,-14.56,26.819,-9.881l87.578,40.421c7.158,3.304,11.741,10.469,11.741,18.351V494.406C215.985,505.568,206.937,514.616,195.774,514.616z"" style=""fill:#E07188;"">
 </path>
 <polygon points=""195.774,251.882 90.681,251.882 114.933,494.406 195.774,494.406 276.616,494.406 300.868,251.882"" style=""fill:#E17858;"">
 </polygon>
 <polygon points=""195.774,251.882 195.774,494.406 276.616,494.406 300.868,251.882"" style=""fill:#DD512A;"">
 </polygon>
 <path d=""M307.052,207.301c13.821,11.036,31.342,17.634,50.405,17.634c44.647,0.0,80.841,-36.194,80.841,-80.841s-36.194,-80.841,-80.841,-80.841s-80.841,36.194,-80.841,80.841c0.0,4.592,0.381,9.093,1.118,13.476"" style=""fill:#F4D853;"">
 </path>
 <path d=""M357.457,245.146c-22.83,0.0,-45.209,-7.832,-63.017,-22.051c-8.723,-6.966,-10.146,-19.682,-3.181,-28.405c6.967,-8.723,19.681,-10.146,28.405,-3.181c10.826,8.646,23.895,13.218,37.793,13.218c33.432,0.0,60.631,-27.2,60.631,-60.631c0.0,-33.432,-27.199,-60.631,-60.631,-60.631c-33.433,0.0,-60.631,27.198,-60.631,60.631c0.0,3.407,0.282,6.815,0.838,10.125c1.851,11.007,-5.571,21.43,-16.579,23.281c-11.021,1.851,-21.432,-5.574,-23.281,-16.581c-0.928,-5.517,-1.399,-11.179,-1.399,-16.826c0.0,-55.72,45.33,-101.052,101.052,-101.052c55.72,0.0,101.052,45.332,101.052,101.052C458.508,199.814,413.178,245.146,357.457,245.146z"" style=""fill:#DD512A;"">
 </path>
 <path d=""M276.616,514.616H114.933c-10.383,0.0,-19.077,-7.869,-20.111,-18.2L61.139,159.578c-0.569,-5.682,1.293,-11.339,5.125,-15.573c3.832,-4.235,9.275,-6.649,14.985,-6.649h229.05c5.71,0.0,11.153,2.414,14.985,6.649c3.832,4.233,5.694,9.891,5.125,15.573L296.726,496.416C295.694,506.748,286.998,514.616,276.616,514.616zM133.225,474.196h125.102l29.642,-296.418H103.583L133.225,474.196z"" style=""fill:#8CB7E8;"">
 </path>
 <path d=""M325.285,144.006c-3.832,-4.235,-9.275,-6.649,-14.985,-6.649H195.774v40.421h92.193L258.325,474.196h-62.551V514.616h80.841c10.383,0.0,19.077,-7.869,20.111,-18.2l33.684,-336.839C330.979,153.897,329.117,148.239,325.285,144.006z"" style=""fill:#6398DE;"">
 </path>
</svg>


Question: What is the object in the image?",juice,flowers,water,coffee,A,beverage
132,"Examine the following SVG code carefully and answer the question based on your interpretation of the rendered image.

<svg height=""389.447px"" id=""Capa_1"" style=""enable-background:new 0 0 389.446 389.447;"" version=""1.1"" viewbox=""0 0 389.446 389.447"" width=""389.446px"" x=""0px"" xml:space=""preserve"" y=""0px"">
 <g>
  <path d=""M385.021,51.908c-0.612,-1.224,-1.836,-2.448,-3.061,-3.06c-2.447,-2.448,-6.119,-3.672,-9.791,-1.836c-82.62,37.944,-184.212,23.256,-269.892,4.284c-3.06,-1.836,-7.956,-1.224,-9.792,3.06c-3.06,9.18,-5.508,19.584,-7.956,29.988C45.361,69.044,10.477,97.808,4.357,138.2c-7.344,46.512,24.48,94.859,72.828,98.532c4.284,21.42,11.628,41.615,23.256,58.752c34.272,50.796,112.608,58.14,167.688,47.735c57.527,-11.016,91.188,-60.588,107.1,-113.22c8.568,-28.765,11.628,-58.752,14.076,-88.128C390.529,115.556,398.485,75.164,385.021,51.908zM75.961,132.08c-4.284,15.912,-5.508,33.66,-3.672,51.408c0.0,2.448,0.0,4.284,0.0,6.732c-10.404,-10.404,-17.136,-22.644,-18.36,-37.944c-1.224,-16.524,9.18,-22.032,22.032,-22.644C75.961,130.856,75.961,131.468,75.961,132.08zM350.748,191.444c-4.896,39.78,-20.808,85.068,-55.079,107.1c33.659,-58.14,40.392,-132.804,31.212,-198.288c11.628,-1.836,23.256,-4.284,32.436,-9.18C362.376,124.124,354.421,159.62,350.748,191.444zM368.496,179.816c1.225,-11.628,2.448,-23.868,3.673,-35.496c0.0,-0.612,0.0,-1.224,0.0,-1.224C371.557,155.336,370.332,167.576,368.496,179.816z"">
  </path>
 </g>
</svg>


Question: What is the primary shape of the object in the image?",Square,Circle,Triangle,Oval,D,beverage
133,"Examine the following SVG code carefully and answer the question based on your interpretation of the rendered image.

<svg height=""389.447px"" id=""Capa_1"" style=""enable-background:new 0 0 389.446 389.447;"" version=""1.1"" viewbox=""0 0 389.446 389.447"" width=""389.446px"" x=""0px"" xml:space=""preserve"" y=""0px"">
 <g>
  <path d=""M385.021,51.908c-0.612,-1.224,-1.836,-2.448,-3.061,-3.06c-2.447,-2.448,-6.119,-3.672,-9.791,-1.836c-82.62,37.944,-184.212,23.256,-269.892,4.284c-3.06,-1.836,-7.956,-1.224,-9.792,3.06c-3.06,9.18,-5.508,19.584,-7.956,29.988C45.361,69.044,10.477,97.808,4.357,138.2c-7.344,46.512,24.48,94.859,72.828,98.532c4.284,21.42,11.628,41.615,23.256,58.752c34.272,50.796,112.608,58.14,167.688,47.735c57.527,-11.016,91.188,-60.588,107.1,-113.22c8.568,-28.765,11.628,-58.752,14.076,-88.128C390.529,115.556,398.485,75.164,385.021,51.908zM75.961,132.08c-4.284,15.912,-5.508,33.66,-3.672,51.408c0.0,2.448,0.0,4.284,0.0,6.732c-10.404,-10.404,-17.136,-22.644,-18.36,-37.944c-1.224,-16.524,9.18,-22.032,22.032,-22.644C75.961,130.856,75.961,131.468,75.961,132.08zM350.748,191.444c-4.896,39.78,-20.808,85.068,-55.079,107.1c33.659,-58.14,40.392,-132.804,31.212,-198.288c11.628,-1.836,23.256,-4.284,32.436,-9.18C362.376,124.124,354.421,159.62,350.748,191.444zM368.496,179.816c1.225,-11.628,2.448,-23.868,3.673,-35.496c0.0,-0.612,0.0,-1.224,0.0,-1.224C371.557,155.336,370.332,167.576,368.496,179.816z"">
  </path>
 </g>
</svg>


Question: What feature is present on the left side of the object?",Handle,Spout,Lid,Base,A,beverage
134,"Examine the following SVG code carefully and answer the question based on your interpretation of the rendered image.

<svg height=""389.447px"" id=""Capa_1"" style=""enable-background:new 0 0 389.446 389.447;"" version=""1.1"" viewbox=""0 0 389.446 389.447"" width=""389.446px"" x=""0px"" xml:space=""preserve"" y=""0px"">
 <g>
  <path d=""M385.021,51.908c-0.612,-1.224,-1.836,-2.448,-3.061,-3.06c-2.447,-2.448,-6.119,-3.672,-9.791,-1.836c-82.62,37.944,-184.212,23.256,-269.892,4.284c-3.06,-1.836,-7.956,-1.224,-9.792,3.06c-3.06,9.18,-5.508,19.584,-7.956,29.988C45.361,69.044,10.477,97.808,4.357,138.2c-7.344,46.512,24.48,94.859,72.828,98.532c4.284,21.42,11.628,41.615,23.256,58.752c34.272,50.796,112.608,58.14,167.688,47.735c57.527,-11.016,91.188,-60.588,107.1,-113.22c8.568,-28.765,11.628,-58.752,14.076,-88.128C390.529,115.556,398.485,75.164,385.021,51.908zM75.961,132.08c-4.284,15.912,-5.508,33.66,-3.672,51.408c0.0,2.448,0.0,4.284,0.0,6.732c-10.404,-10.404,-17.136,-22.644,-18.36,-37.944c-1.224,-16.524,9.18,-22.032,22.032,-22.644C75.961,130.856,75.961,131.468,75.961,132.08zM350.748,191.444c-4.896,39.78,-20.808,85.068,-55.079,107.1c33.659,-58.14,40.392,-132.804,31.212,-198.288c11.628,-1.836,23.256,-4.284,32.436,-9.18C362.376,124.124,354.421,159.62,350.748,191.444zM368.496,179.816c1.225,-11.628,2.448,-23.868,3.673,-35.496c0.0,-0.612,0.0,-1.224,0.0,-1.224C371.557,155.336,370.332,167.576,368.496,179.816z"">
  </path>
 </g>
</svg>


Question: What is the color of the object in the image?",Red,Blue,Black,White,C,beverage
135,"Examine the following SVG code carefully and answer the question based on your interpretation of the rendered image.

<svg height=""389.447px"" id=""Capa_1"" style=""enable-background:new 0 0 389.446 389.447;"" version=""1.1"" viewbox=""0 0 389.446 389.447"" width=""389.446px"" x=""0px"" xml:space=""preserve"" y=""0px"">
 <g>
  <path d=""M385.021,51.908c-0.612,-1.224,-1.836,-2.448,-3.061,-3.06c-2.447,-2.448,-6.119,-3.672,-9.791,-1.836c-82.62,37.944,-184.212,23.256,-269.892,4.284c-3.06,-1.836,-7.956,-1.224,-9.792,3.06c-3.06,9.18,-5.508,19.584,-7.956,29.988C45.361,69.044,10.477,97.808,4.357,138.2c-7.344,46.512,24.48,94.859,72.828,98.532c4.284,21.42,11.628,41.615,23.256,58.752c34.272,50.796,112.608,58.14,167.688,47.735c57.527,-11.016,91.188,-60.588,107.1,-113.22c8.568,-28.765,11.628,-58.752,14.076,-88.128C390.529,115.556,398.485,75.164,385.021,51.908zM75.961,132.08c-4.284,15.912,-5.508,33.66,-3.672,51.408c0.0,2.448,0.0,4.284,0.0,6.732c-10.404,-10.404,-17.136,-22.644,-18.36,-37.944c-1.224,-16.524,9.18,-22.032,22.032,-22.644C75.961,130.856,75.961,131.468,75.961,132.08zM350.748,191.444c-4.896,39.78,-20.808,85.068,-55.079,107.1c33.659,-58.14,40.392,-132.804,31.212,-198.288c11.628,-1.836,23.256,-4.284,32.436,-9.18C362.376,124.124,354.421,159.62,350.748,191.444zM368.496,179.816c1.225,-11.628,2.448,-23.868,3.673,-35.496c0.0,-0.612,0.0,-1.224,0.0,-1.224C371.557,155.336,370.332,167.576,368.496,179.816z"">
  </path>
 </g>
</svg>


Question: What is the object in the image commonly used for?",Drinking,Writing,Cooking,Cleaning,A,beverage
136,"Examine the following SVG code carefully and answer the question based on your interpretation of the rendered image.

<svg id=""Layer_1"" style=""enable-background:new 0 0 512 512;"" version=""1.1"" viewbox=""0 0 512 512"" x=""0px"" xml:space=""preserve"" y=""0px"">
 <path d=""M352.504,402.06v-40.554h41.905c9.504,0.0,17.236,-7.732,17.236,-17.236V233.874c0.0,-9.504,-7.732,-17.236,-17.236,-17.236h-41.905v-40.554h41.905c31.916,0.0,57.79,25.874,57.79,57.79v110.397c0.0,31.915,-25.874,57.79,-57.79,57.79L352.504,402.06L352.504,402.06z"" style=""fill:#FFE285;"">
 </path>
 <path d=""M207.66,110.064h-40.207v81.137c0.0,13.365,-10.835,24.2,-24.199,24.2c-13.365,0.0,-24.199,-10.836,-24.199,-24.2v-81.137H69.234v398.574h283.27V110.064H227.939"" style=""fill:#F6A230;"">
 </path>
 <g>
  <path d=""M352.504,508.638v-72.427c0.0,-19.556,-15.854,-35.409,-35.409,-35.409c-19.555,0.0,-35.409,15.853,-35.409,35.409v72.427H352.504z"" style=""fill:#FFE285;"">
  </path>
  <path d=""M210.869,508.638v-72.427c0.0,-19.556,-15.854,-35.409,-35.409,-35.409s-35.409,15.853,-35.409,35.409v72.427H210.869z"" style=""fill:#FFE285;"">
  </path>
  <path d=""M281.687,508.638v-72.427c0.0,-19.556,-15.854,-35.409,-35.409,-35.409c-19.554,0.0,-35.409,15.853,-35.409,35.409v72.427H281.687z"" style=""fill:#FFE285;"">
  </path>
  <path d=""M140.051,508.638v-72.427c0.0,-19.556,-15.853,-35.409,-35.409,-35.409c-19.555,0.0,-35.409,15.853,-35.409,35.409v72.427H140.051z"" style=""fill:#FFE285;"">
  </path>
 </g>
 <path d=""M394.408,168.48H360.107v-50.811v-11.873v-3.335h-0.138c-1.712,-23.047,-20.999,-41.279,-44.476,-41.279h-12.771C298.95,29.162,271.643,4.242,238.626,4.242c-25.786,0.0,-48.09,15.203,-58.42,37.113c-8.398,-11.284,-21.835,-18.607,-36.951,-18.607c-23.08,0.0,-42.248,17.07,-45.539,39.249C78.077,65.757,63.242,82.214,61.762,102.46h-0.132v3.335v11.873v318.543V516.242h70.818h15.208h55.61h15.208h55.61h15.208h70.818v-80.031v-26.547h34.301c36.058,0.0,65.394,-29.336,65.394,-65.394V233.874C459.802,197.816,430.467,168.48,394.408,168.48zM143.255,223.005c17.537,0.0,31.803,-14.267,31.803,-31.804v-73.533h32.603h0.001V102.46h-0.001h-47.81v88.741c0.0,9.151,-7.445,16.596,-16.595,16.596c-9.15,0.0,-16.595,-7.445,-16.595,-16.596V102.46H77.022c1.597,-14.309,13.36,-25.483,28.086,-26.041l7.317,-0.277l-0.001,-7.616c0.14,-16.881,13.915,-30.571,30.829,-30.571c16.999,0.0,30.828,13.83,30.828,30.829h15.208c0.0,-27.204,22.131,-49.335,49.335,-49.335s49.335,22.131,49.335,49.335v7.604h27.532c15.087,0.0,27.558,11.421,29.217,26.071h-116.77h-0.001v15.208h0.001h116.96v50.811V224.242v129.66v49.53c-7.504,-6.375,-17.21,-10.233,-27.805,-10.233c-14.671,0.0,-27.643,7.387,-35.409,18.632c-7.766,-11.245,-20.738,-18.632,-35.409,-18.632s-27.643,7.387,-35.409,18.632c-7.766,-11.245,-20.738,-18.632,-35.409,-18.632s-27.643,7.387,-35.409,18.632c-7.766,-11.245,-20.738,-18.632,-35.409,-18.632c-10.595,0.0,-20.3,3.858,-27.805,10.233V117.668h34.614v73.533C111.451,208.738,125.718,223.005,143.255,223.005zM360.107,224.242h34.301c5.311,0.0,9.632,4.321,9.632,9.632v110.397c0.0,5.311,-4.321,9.632,-9.632,9.632H360.107V224.242zM76.838,501.034v-64.823c0.0,-15.332,12.473,-27.805,27.805,-27.805s27.805,12.473,27.805,27.805v64.823H76.838zM147.655,501.034v-64.823c0.0,-15.332,12.473,-27.805,27.805,-27.805s27.805,12.473,27.805,27.805v64.823H147.655zM218.473,501.034v-64.823c0.0,-15.332,12.473,-27.805,27.805,-27.805s27.805,12.473,27.805,27.805v64.823H218.473zM344.9,501.034h-55.61v-64.823c0.0,-15.332,12.474,-27.805,27.805,-27.805c15.332,0.0,27.805,12.473,27.805,27.805L344.9,501.034L344.9,501.034zM444.594,344.271c0.0,27.672,-22.514,50.186,-50.186,50.186H360.107v-25.346h34.301c13.697,0.0,24.84,-11.143,24.84,-24.84V233.874c0.0,-13.696,-11.142,-24.84,-24.84,-24.84H360.107v-25.346h34.301c27.672,0.0,50.186,22.514,50.186,50.186V344.271z"" style=""fill:#53180F;"">
 </path>
</svg>


Question: What is the primary color of the liquid in the object?",Blue,Green,Orange,Red,C,beverage
137,"Examine the following SVG code carefully and answer the question based on your interpretation of the rendered image.

<svg id=""Layer_1"" style=""enable-background:new 0 0 512 512;"" version=""1.1"" viewbox=""0 0 512 512"" x=""0px"" xml:space=""preserve"" y=""0px"">
 <path d=""M352.504,402.06v-40.554h41.905c9.504,0.0,17.236,-7.732,17.236,-17.236V233.874c0.0,-9.504,-7.732,-17.236,-17.236,-17.236h-41.905v-40.554h41.905c31.916,0.0,57.79,25.874,57.79,57.79v110.397c0.0,31.915,-25.874,57.79,-57.79,57.79L352.504,402.06L352.504,402.06z"" style=""fill:#FFE285;"">
 </path>
 <path d=""M207.66,110.064h-40.207v81.137c0.0,13.365,-10.835,24.2,-24.199,24.2c-13.365,0.0,-24.199,-10.836,-24.199,-24.2v-81.137H69.234v398.574h283.27V110.064H227.939"" style=""fill:#F6A230;"">
 </path>
 <g>
  <path d=""M352.504,508.638v-72.427c0.0,-19.556,-15.854,-35.409,-35.409,-35.409c-19.555,0.0,-35.409,15.853,-35.409,35.409v72.427H352.504z"" style=""fill:#FFE285;"">
  </path>
  <path d=""M210.869,508.638v-72.427c0.0,-19.556,-15.854,-35.409,-35.409,-35.409s-35.409,15.853,-35.409,35.409v72.427H210.869z"" style=""fill:#FFE285;"">
  </path>
  <path d=""M281.687,508.638v-72.427c0.0,-19.556,-15.854,-35.409,-35.409,-35.409c-19.554,0.0,-35.409,15.853,-35.409,35.409v72.427H281.687z"" style=""fill:#FFE285;"">
  </path>
  <path d=""M140.051,508.638v-72.427c0.0,-19.556,-15.853,-35.409,-35.409,-35.409c-19.555,0.0,-35.409,15.853,-35.409,35.409v72.427H140.051z"" style=""fill:#FFE285;"">
  </path>
 </g>
 <path d=""M394.408,168.48H360.107v-50.811v-11.873v-3.335h-0.138c-1.712,-23.047,-20.999,-41.279,-44.476,-41.279h-12.771C298.95,29.162,271.643,4.242,238.626,4.242c-25.786,0.0,-48.09,15.203,-58.42,37.113c-8.398,-11.284,-21.835,-18.607,-36.951,-18.607c-23.08,0.0,-42.248,17.07,-45.539,39.249C78.077,65.757,63.242,82.214,61.762,102.46h-0.132v3.335v11.873v318.543V516.242h70.818h15.208h55.61h15.208h55.61h15.208h70.818v-80.031v-26.547h34.301c36.058,0.0,65.394,-29.336,65.394,-65.394V233.874C459.802,197.816,430.467,168.48,394.408,168.48zM143.255,223.005c17.537,0.0,31.803,-14.267,31.803,-31.804v-73.533h32.603h0.001V102.46h-0.001h-47.81v88.741c0.0,9.151,-7.445,16.596,-16.595,16.596c-9.15,0.0,-16.595,-7.445,-16.595,-16.596V102.46H77.022c1.597,-14.309,13.36,-25.483,28.086,-26.041l7.317,-0.277l-0.001,-7.616c0.14,-16.881,13.915,-30.571,30.829,-30.571c16.999,0.0,30.828,13.83,30.828,30.829h15.208c0.0,-27.204,22.131,-49.335,49.335,-49.335s49.335,22.131,49.335,49.335v7.604h27.532c15.087,0.0,27.558,11.421,29.217,26.071h-116.77h-0.001v15.208h0.001h116.96v50.811V224.242v129.66v49.53c-7.504,-6.375,-17.21,-10.233,-27.805,-10.233c-14.671,0.0,-27.643,7.387,-35.409,18.632c-7.766,-11.245,-20.738,-18.632,-35.409,-18.632s-27.643,7.387,-35.409,18.632c-7.766,-11.245,-20.738,-18.632,-35.409,-18.632s-27.643,7.387,-35.409,18.632c-7.766,-11.245,-20.738,-18.632,-35.409,-18.632c-10.595,0.0,-20.3,3.858,-27.805,10.233V117.668h34.614v73.533C111.451,208.738,125.718,223.005,143.255,223.005zM360.107,224.242h34.301c5.311,0.0,9.632,4.321,9.632,9.632v110.397c0.0,5.311,-4.321,9.632,-9.632,9.632H360.107V224.242zM76.838,501.034v-64.823c0.0,-15.332,12.473,-27.805,27.805,-27.805s27.805,12.473,27.805,27.805v64.823H76.838zM147.655,501.034v-64.823c0.0,-15.332,12.473,-27.805,27.805,-27.805s27.805,12.473,27.805,27.805v64.823H147.655zM218.473,501.034v-64.823c0.0,-15.332,12.473,-27.805,27.805,-27.805s27.805,12.473,27.805,27.805v64.823H218.473zM344.9,501.034h-55.61v-64.823c0.0,-15.332,12.474,-27.805,27.805,-27.805c15.332,0.0,27.805,12.473,27.805,27.805L344.9,501.034L344.9,501.034zM444.594,344.271c0.0,27.672,-22.514,50.186,-50.186,50.186H360.107v-25.346h34.301c13.697,0.0,24.84,-11.143,24.84,-24.84V233.874c0.0,-13.696,-11.142,-24.84,-24.84,-24.84H360.107v-25.346h34.301c27.672,0.0,50.186,22.514,50.186,50.186V344.271z"" style=""fill:#53180F;"">
 </path>
</svg>


Question: How many handles does the object have?",One,Two,Three,Four,A,beverage
138,"Examine the following SVG code carefully and answer the question based on your interpretation of the rendered image.

<svg id=""Layer_1"" style=""enable-background:new 0 0 512 512;"" version=""1.1"" viewbox=""0 0 512 512"" x=""0px"" xml:space=""preserve"" y=""0px"">
 <path d=""M352.504,402.06v-40.554h41.905c9.504,0.0,17.236,-7.732,17.236,-17.236V233.874c0.0,-9.504,-7.732,-17.236,-17.236,-17.236h-41.905v-40.554h41.905c31.916,0.0,57.79,25.874,57.79,57.79v110.397c0.0,31.915,-25.874,57.79,-57.79,57.79L352.504,402.06L352.504,402.06z"" style=""fill:#FFE285;"">
 </path>
 <path d=""M207.66,110.064h-40.207v81.137c0.0,13.365,-10.835,24.2,-24.199,24.2c-13.365,0.0,-24.199,-10.836,-24.199,-24.2v-81.137H69.234v398.574h283.27V110.064H227.939"" style=""fill:#F6A230;"">
 </path>
 <g>
  <path d=""M352.504,508.638v-72.427c0.0,-19.556,-15.854,-35.409,-35.409,-35.409c-19.555,0.0,-35.409,15.853,-35.409,35.409v72.427H352.504z"" style=""fill:#FFE285;"">
  </path>
  <path d=""M210.869,508.638v-72.427c0.0,-19.556,-15.854,-35.409,-35.409,-35.409s-35.409,15.853,-35.409,35.409v72.427H210.869z"" style=""fill:#FFE285;"">
  </path>
  <path d=""M281.687,508.638v-72.427c0.0,-19.556,-15.854,-35.409,-35.409,-35.409c-19.554,0.0,-35.409,15.853,-35.409,35.409v72.427H281.687z"" style=""fill:#FFE285;"">
  </path>
  <path d=""M140.051,508.638v-72.427c0.0,-19.556,-15.853,-35.409,-35.409,-35.409c-19.555,0.0,-35.409,15.853,-35.409,35.409v72.427H140.051z"" style=""fill:#FFE285;"">
  </path>
 </g>
 <path d=""M394.408,168.48H360.107v-50.811v-11.873v-3.335h-0.138c-1.712,-23.047,-20.999,-41.279,-44.476,-41.279h-12.771C298.95,29.162,271.643,4.242,238.626,4.242c-25.786,0.0,-48.09,15.203,-58.42,37.113c-8.398,-11.284,-21.835,-18.607,-36.951,-18.607c-23.08,0.0,-42.248,17.07,-45.539,39.249C78.077,65.757,63.242,82.214,61.762,102.46h-0.132v3.335v11.873v318.543V516.242h70.818h15.208h55.61h15.208h55.61h15.208h70.818v-80.031v-26.547h34.301c36.058,0.0,65.394,-29.336,65.394,-65.394V233.874C459.802,197.816,430.467,168.48,394.408,168.48zM143.255,223.005c17.537,0.0,31.803,-14.267,31.803,-31.804v-73.533h32.603h0.001V102.46h-0.001h-47.81v88.741c0.0,9.151,-7.445,16.596,-16.595,16.596c-9.15,0.0,-16.595,-7.445,-16.595,-16.596V102.46H77.022c1.597,-14.309,13.36,-25.483,28.086,-26.041l7.317,-0.277l-0.001,-7.616c0.14,-16.881,13.915,-30.571,30.829,-30.571c16.999,0.0,30.828,13.83,30.828,30.829h15.208c0.0,-27.204,22.131,-49.335,49.335,-49.335s49.335,22.131,49.335,49.335v7.604h27.532c15.087,0.0,27.558,11.421,29.217,26.071h-116.77h-0.001v15.208h0.001h116.96v50.811V224.242v129.66v49.53c-7.504,-6.375,-17.21,-10.233,-27.805,-10.233c-14.671,0.0,-27.643,7.387,-35.409,18.632c-7.766,-11.245,-20.738,-18.632,-35.409,-18.632s-27.643,7.387,-35.409,18.632c-7.766,-11.245,-20.738,-18.632,-35.409,-18.632s-27.643,7.387,-35.409,18.632c-7.766,-11.245,-20.738,-18.632,-35.409,-18.632c-10.595,0.0,-20.3,3.858,-27.805,10.233V117.668h34.614v73.533C111.451,208.738,125.718,223.005,143.255,223.005zM360.107,224.242h34.301c5.311,0.0,9.632,4.321,9.632,9.632v110.397c0.0,5.311,-4.321,9.632,-9.632,9.632H360.107V224.242zM76.838,501.034v-64.823c0.0,-15.332,12.473,-27.805,27.805,-27.805s27.805,12.473,27.805,27.805v64.823H76.838zM147.655,501.034v-64.823c0.0,-15.332,12.473,-27.805,27.805,-27.805s27.805,12.473,27.805,27.805v64.823H147.655zM218.473,501.034v-64.823c0.0,-15.332,12.473,-27.805,27.805,-27.805s27.805,12.473,27.805,27.805v64.823H218.473zM344.9,501.034h-55.61v-64.823c0.0,-15.332,12.474,-27.805,27.805,-27.805c15.332,0.0,27.805,12.473,27.805,27.805L344.9,501.034L344.9,501.034zM444.594,344.271c0.0,27.672,-22.514,50.186,-50.186,50.186H360.107v-25.346h34.301c13.697,0.0,24.84,-11.143,24.84,-24.84V233.874c0.0,-13.696,-11.142,-24.84,-24.84,-24.84H360.107v-25.346h34.301c27.672,0.0,50.186,22.514,50.186,50.186V344.271z"" style=""fill:#53180F;"">
 </path>
</svg>


Question: What shape is the top of the object?",Square,Circular,Triangular,Rectangular,B,beverage
139,"Examine the following SVG code carefully and answer the question based on your interpretation of the rendered image.

<svg id=""Layer_1"" style=""enable-background:new 0 0 512 512;"" version=""1.1"" viewbox=""0 0 512 512"" x=""0px"" xml:space=""preserve"" y=""0px"">
 <path d=""M352.504,402.06v-40.554h41.905c9.504,0.0,17.236,-7.732,17.236,-17.236V233.874c0.0,-9.504,-7.732,-17.236,-17.236,-17.236h-41.905v-40.554h41.905c31.916,0.0,57.79,25.874,57.79,57.79v110.397c0.0,31.915,-25.874,57.79,-57.79,57.79L352.504,402.06L352.504,402.06z"" style=""fill:#FFE285;"">
 </path>
 <path d=""M207.66,110.064h-40.207v81.137c0.0,13.365,-10.835,24.2,-24.199,24.2c-13.365,0.0,-24.199,-10.836,-24.199,-24.2v-81.137H69.234v398.574h283.27V110.064H227.939"" style=""fill:#F6A230;"">
 </path>
 <g>
  <path d=""M352.504,508.638v-72.427c0.0,-19.556,-15.854,-35.409,-35.409,-35.409c-19.555,0.0,-35.409,15.853,-35.409,35.409v72.427H352.504z"" style=""fill:#FFE285;"">
  </path>
  <path d=""M210.869,508.638v-72.427c0.0,-19.556,-15.854,-35.409,-35.409,-35.409s-35.409,15.853,-35.409,35.409v72.427H210.869z"" style=""fill:#FFE285;"">
  </path>
  <path d=""M281.687,508.638v-72.427c0.0,-19.556,-15.854,-35.409,-35.409,-35.409c-19.554,0.0,-35.409,15.853,-35.409,35.409v72.427H281.687z"" style=""fill:#FFE285;"">
  </path>
  <path d=""M140.051,508.638v-72.427c0.0,-19.556,-15.853,-35.409,-35.409,-35.409c-19.555,0.0,-35.409,15.853,-35.409,35.409v72.427H140.051z"" style=""fill:#FFE285;"">
  </path>
 </g>
 <path d=""M394.408,168.48H360.107v-50.811v-11.873v-3.335h-0.138c-1.712,-23.047,-20.999,-41.279,-44.476,-41.279h-12.771C298.95,29.162,271.643,4.242,238.626,4.242c-25.786,0.0,-48.09,15.203,-58.42,37.113c-8.398,-11.284,-21.835,-18.607,-36.951,-18.607c-23.08,0.0,-42.248,17.07,-45.539,39.249C78.077,65.757,63.242,82.214,61.762,102.46h-0.132v3.335v11.873v318.543V516.242h70.818h15.208h55.61h15.208h55.61h15.208h70.818v-80.031v-26.547h34.301c36.058,0.0,65.394,-29.336,65.394,-65.394V233.874C459.802,197.816,430.467,168.48,394.408,168.48zM143.255,223.005c17.537,0.0,31.803,-14.267,31.803,-31.804v-73.533h32.603h0.001V102.46h-0.001h-47.81v88.741c0.0,9.151,-7.445,16.596,-16.595,16.596c-9.15,0.0,-16.595,-7.445,-16.595,-16.596V102.46H77.022c1.597,-14.309,13.36,-25.483,28.086,-26.041l7.317,-0.277l-0.001,-7.616c0.14,-16.881,13.915,-30.571,30.829,-30.571c16.999,0.0,30.828,13.83,30.828,30.829h15.208c0.0,-27.204,22.131,-49.335,49.335,-49.335s49.335,22.131,49.335,49.335v7.604h27.532c15.087,0.0,27.558,11.421,29.217,26.071h-116.77h-0.001v15.208h0.001h116.96v50.811V224.242v129.66v49.53c-7.504,-6.375,-17.21,-10.233,-27.805,-10.233c-14.671,0.0,-27.643,7.387,-35.409,18.632c-7.766,-11.245,-20.738,-18.632,-35.409,-18.632s-27.643,7.387,-35.409,18.632c-7.766,-11.245,-20.738,-18.632,-35.409,-18.632s-27.643,7.387,-35.409,18.632c-7.766,-11.245,-20.738,-18.632,-35.409,-18.632c-10.595,0.0,-20.3,3.858,-27.805,10.233V117.668h34.614v73.533C111.451,208.738,125.718,223.005,143.255,223.005zM360.107,224.242h34.301c5.311,0.0,9.632,4.321,9.632,9.632v110.397c0.0,5.311,-4.321,9.632,-9.632,9.632H360.107V224.242zM76.838,501.034v-64.823c0.0,-15.332,12.473,-27.805,27.805,-27.805s27.805,12.473,27.805,27.805v64.823H76.838zM147.655,501.034v-64.823c0.0,-15.332,12.473,-27.805,27.805,-27.805s27.805,12.473,27.805,27.805v64.823H147.655zM218.473,501.034v-64.823c0.0,-15.332,12.473,-27.805,27.805,-27.805s27.805,12.473,27.805,27.805v64.823H218.473zM344.9,501.034h-55.61v-64.823c0.0,-15.332,12.474,-27.805,27.805,-27.805c15.332,0.0,27.805,12.473,27.805,27.805L344.9,501.034L344.9,501.034zM444.594,344.271c0.0,27.672,-22.514,50.186,-50.186,50.186H360.107v-25.346h34.301c13.697,0.0,24.84,-11.143,24.84,-24.84V233.874c0.0,-13.696,-11.142,-24.84,-24.84,-24.84H360.107v-25.346h34.301c27.672,0.0,50.186,22.514,50.186,50.186V344.271z"" style=""fill:#53180F;"">
 </path>
</svg>


Question: What is the object in the image?",cup,mug,glass,bottle,B,beverage
144,"Examine the following SVG code carefully and answer the question based on your interpretation of the rendered image.

<svg id=""Layer_1"" style=""enable-background:new 0 0 510.455 510.455;"" version=""1.1"" viewbox=""0 0 510.455 510.455"" x=""0px"" xml:space=""preserve"" y=""0px"">
 <g transform=""translate(1 1)"">
  <g>
   <path d=""M475.442,182.597c0.0,-2.56,-0.853,-5.12,-2.56,-6.827c-1.707,-1.707,-3.413,-2.56,-5.973,-2.56h-9.024c0.321,-2.777,0.491,-5.574,0.491,-8.533c0.0,-34.133,-26.453,-63.147,-60.587,-67.413c-4.267,-34.133,-32.427,-60.587,-67.413,-60.587c1.707,-3.413,4.267,-5.973,5.973,-9.387c3.413,-4.267,3.413,-11.093,0.0,-16.213c-3.413,-5.12,-9.387,-7.68,-15.36,-6.827c-21.333,4.267,-40.96,15.36,-54.613,32.427c-1.707,0.0,-2.56,0.0,-4.267,0.0c-34.987,0.0,-64.0,26.453,-67.413,60.587c-34.133,3.413,-60.587,32.427,-60.587,67.413c0.0,2.959,0.17,5.756,0.491,8.533h-9.024c-2.56,0.0,-4.267,0.853,-5.973,3.413c-1.707,1.707,-2.56,3.413,-2.56,5.973l2.56,51.2c0.0,0.601,0.093,1.182,0.25,1.741l0.442,8.323c-46.35,10.778,-80.051,52.323,-80.051,100.016c0.0,52.947,39.656,95.783,90.762,101.792l2.251,42.421c0.853,14.507,12.8,26.453,28.16,26.453h261.973c14.507,0.0,27.307,-11.093,28.16,-25.6l2.56,-32.427c0.0,-0.086,-0.009,-0.172,-0.011,-0.258L475.442,182.597zM145.202,190.277h302.08h10.24l-2.648,34.133H136.727l-1.766,-34.133H145.202zM146.922,421.517l-0.867,-25.586l-0.459,-0.051l-7.986,-154.402h315.939l-15.956,205.653H148.247L146.922,421.517zM151.175,164.677c0.0,-28.16,23.04,-51.2,51.2,-51.2c5.12,0.0,8.533,-3.413,8.533,-8.533c0.0,-28.16,23.04,-51.2,51.2,-51.2c2.56,0.0,5.12,0.0,8.533,0.853c2.56,0.0,5.973,-0.853,7.68,-3.413c10.24,-14.507,24.747,-24.747,41.813,-29.013c-4.267,6.827,-7.68,14.507,-10.24,22.187c-0.853,3.413,0.0,5.973,1.707,8.533s5.12,3.413,7.68,2.56c4.267,-0.853,7.68,-1.707,11.093,-1.707c28.16,0.0,51.2,23.04,51.2,51.2c0.0,5.12,3.413,8.533,8.533,8.533c28.16,0.0,51.2,23.04,51.2,51.2c0.0,2.56,0.0,5.973,-0.853,8.533H152.028C151.175,170.651,151.175,167.237,151.175,164.677zM57.308,343.877c0.0,-39.218,27.258,-72.471,63.901,-82.744l0.95,17.891c-28.159,8.534,-47.784,34.987,-47.784,64.853c0.0,32.427,23.893,60.587,54.613,67.413l0.853,17.067C88.882,422.384,57.308,386.544,57.308,343.877zM91.442,343.877c0.0,-21.19,12.52,-39.242,31.654,-47.211l5.115,96.385C106.857,386.553,91.442,366.825,91.442,343.877zM161.415,497.477c-5.973,0.0,-11.093,-4.267,-11.093,-10.24l-1.236,-23.893h286.249l-1.707,23.893c-0.853,5.973,-5.12,10.24,-11.093,10.24H161.415z"">
   </path>
  </g>
 </g>
</svg>


Question: What shape is the base of the object?",Trapezoid,Circle,Triangle,Hexagon,A,beverage
145,"Examine the following SVG code carefully and answer the question based on your interpretation of the rendered image.

<svg id=""Layer_1"" style=""enable-background:new 0 0 510.455 510.455;"" version=""1.1"" viewbox=""0 0 510.455 510.455"" x=""0px"" xml:space=""preserve"" y=""0px"">
 <g transform=""translate(1 1)"">
  <g>
   <path d=""M475.442,182.597c0.0,-2.56,-0.853,-5.12,-2.56,-6.827c-1.707,-1.707,-3.413,-2.56,-5.973,-2.56h-9.024c0.321,-2.777,0.491,-5.574,0.491,-8.533c0.0,-34.133,-26.453,-63.147,-60.587,-67.413c-4.267,-34.133,-32.427,-60.587,-67.413,-60.587c1.707,-3.413,4.267,-5.973,5.973,-9.387c3.413,-4.267,3.413,-11.093,0.0,-16.213c-3.413,-5.12,-9.387,-7.68,-15.36,-6.827c-21.333,4.267,-40.96,15.36,-54.613,32.427c-1.707,0.0,-2.56,0.0,-4.267,0.0c-34.987,0.0,-64.0,26.453,-67.413,60.587c-34.133,3.413,-60.587,32.427,-60.587,67.413c0.0,2.959,0.17,5.756,0.491,8.533h-9.024c-2.56,0.0,-4.267,0.853,-5.973,3.413c-1.707,1.707,-2.56,3.413,-2.56,5.973l2.56,51.2c0.0,0.601,0.093,1.182,0.25,1.741l0.442,8.323c-46.35,10.778,-80.051,52.323,-80.051,100.016c0.0,52.947,39.656,95.783,90.762,101.792l2.251,42.421c0.853,14.507,12.8,26.453,28.16,26.453h261.973c14.507,0.0,27.307,-11.093,28.16,-25.6l2.56,-32.427c0.0,-0.086,-0.009,-0.172,-0.011,-0.258L475.442,182.597zM145.202,190.277h302.08h10.24l-2.648,34.133H136.727l-1.766,-34.133H145.202zM146.922,421.517l-0.867,-25.586l-0.459,-0.051l-7.986,-154.402h315.939l-15.956,205.653H148.247L146.922,421.517zM151.175,164.677c0.0,-28.16,23.04,-51.2,51.2,-51.2c5.12,0.0,8.533,-3.413,8.533,-8.533c0.0,-28.16,23.04,-51.2,51.2,-51.2c2.56,0.0,5.12,0.0,8.533,0.853c2.56,0.0,5.973,-0.853,7.68,-3.413c10.24,-14.507,24.747,-24.747,41.813,-29.013c-4.267,6.827,-7.68,14.507,-10.24,22.187c-0.853,3.413,0.0,5.973,1.707,8.533s5.12,3.413,7.68,2.56c4.267,-0.853,7.68,-1.707,11.093,-1.707c28.16,0.0,51.2,23.04,51.2,51.2c0.0,5.12,3.413,8.533,8.533,8.533c28.16,0.0,51.2,23.04,51.2,51.2c0.0,2.56,0.0,5.973,-0.853,8.533H152.028C151.175,170.651,151.175,167.237,151.175,164.677zM57.308,343.877c0.0,-39.218,27.258,-72.471,63.901,-82.744l0.95,17.891c-28.159,8.534,-47.784,34.987,-47.784,64.853c0.0,32.427,23.893,60.587,54.613,67.413l0.853,17.067C88.882,422.384,57.308,386.544,57.308,343.877zM91.442,343.877c0.0,-21.19,12.52,-39.242,31.654,-47.211l5.115,96.385C106.857,386.553,91.442,366.825,91.442,343.877zM161.415,497.477c-5.973,0.0,-11.093,-4.267,-11.093,-10.24l-1.236,-23.893h286.249l-1.707,23.893c-0.853,5.973,-5.12,10.24,-11.093,10.24H161.415z"">
   </path>
  </g>
 </g>
</svg>


Question: What is the object primarily used for?",Drinking,Writing,Sleeping,Cooking,A,beverage
146,"Examine the following SVG code carefully and answer the question based on your interpretation of the rendered image.

<svg id=""Layer_1"" style=""enable-background:new 0 0 510.455 510.455;"" version=""1.1"" viewbox=""0 0 510.455 510.455"" x=""0px"" xml:space=""preserve"" y=""0px"">
 <g transform=""translate(1 1)"">
  <g>
   <path d=""M475.442,182.597c0.0,-2.56,-0.853,-5.12,-2.56,-6.827c-1.707,-1.707,-3.413,-2.56,-5.973,-2.56h-9.024c0.321,-2.777,0.491,-5.574,0.491,-8.533c0.0,-34.133,-26.453,-63.147,-60.587,-67.413c-4.267,-34.133,-32.427,-60.587,-67.413,-60.587c1.707,-3.413,4.267,-5.973,5.973,-9.387c3.413,-4.267,3.413,-11.093,0.0,-16.213c-3.413,-5.12,-9.387,-7.68,-15.36,-6.827c-21.333,4.267,-40.96,15.36,-54.613,32.427c-1.707,0.0,-2.56,0.0,-4.267,0.0c-34.987,0.0,-64.0,26.453,-67.413,60.587c-34.133,3.413,-60.587,32.427,-60.587,67.413c0.0,2.959,0.17,5.756,0.491,8.533h-9.024c-2.56,0.0,-4.267,0.853,-5.973,3.413c-1.707,1.707,-2.56,3.413,-2.56,5.973l2.56,51.2c0.0,0.601,0.093,1.182,0.25,1.741l0.442,8.323c-46.35,10.778,-80.051,52.323,-80.051,100.016c0.0,52.947,39.656,95.783,90.762,101.792l2.251,42.421c0.853,14.507,12.8,26.453,28.16,26.453h261.973c14.507,0.0,27.307,-11.093,28.16,-25.6l2.56,-32.427c0.0,-0.086,-0.009,-0.172,-0.011,-0.258L475.442,182.597zM145.202,190.277h302.08h10.24l-2.648,34.133H136.727l-1.766,-34.133H145.202zM146.922,421.517l-0.867,-25.586l-0.459,-0.051l-7.986,-154.402h315.939l-15.956,205.653H148.247L146.922,421.517zM151.175,164.677c0.0,-28.16,23.04,-51.2,51.2,-51.2c5.12,0.0,8.533,-3.413,8.533,-8.533c0.0,-28.16,23.04,-51.2,51.2,-51.2c2.56,0.0,5.12,0.0,8.533,0.853c2.56,0.0,5.973,-0.853,7.68,-3.413c10.24,-14.507,24.747,-24.747,41.813,-29.013c-4.267,6.827,-7.68,14.507,-10.24,22.187c-0.853,3.413,0.0,5.973,1.707,8.533s5.12,3.413,7.68,2.56c4.267,-0.853,7.68,-1.707,11.093,-1.707c28.16,0.0,51.2,23.04,51.2,51.2c0.0,5.12,3.413,8.533,8.533,8.533c28.16,0.0,51.2,23.04,51.2,51.2c0.0,2.56,0.0,5.973,-0.853,8.533H152.028C151.175,170.651,151.175,167.237,151.175,164.677zM57.308,343.877c0.0,-39.218,27.258,-72.471,63.901,-82.744l0.95,17.891c-28.159,8.534,-47.784,34.987,-47.784,64.853c0.0,32.427,23.893,60.587,54.613,67.413l0.853,17.067C88.882,422.384,57.308,386.544,57.308,343.877zM91.442,343.877c0.0,-21.19,12.52,-39.242,31.654,-47.211l5.115,96.385C106.857,386.553,91.442,366.825,91.442,343.877zM161.415,497.477c-5.973,0.0,-11.093,-4.267,-11.093,-10.24l-1.236,-23.893h286.249l-1.707,23.893c-0.853,5.973,-5.12,10.24,-11.093,10.24H161.415z"">
   </path>
  </g>
 </g>
</svg>


Question: What is the object topped with?",lid,handle,cream,straw,C,beverage
147,"Examine the following SVG code carefully and answer the question based on your interpretation of the rendered image.

<svg id=""Layer_1"" style=""enable-background:new 0 0 510.455 510.455;"" version=""1.1"" viewbox=""0 0 510.455 510.455"" x=""0px"" xml:space=""preserve"" y=""0px"">
 <g transform=""translate(1 1)"">
  <g>
   <path d=""M475.442,182.597c0.0,-2.56,-0.853,-5.12,-2.56,-6.827c-1.707,-1.707,-3.413,-2.56,-5.973,-2.56h-9.024c0.321,-2.777,0.491,-5.574,0.491,-8.533c0.0,-34.133,-26.453,-63.147,-60.587,-67.413c-4.267,-34.133,-32.427,-60.587,-67.413,-60.587c1.707,-3.413,4.267,-5.973,5.973,-9.387c3.413,-4.267,3.413,-11.093,0.0,-16.213c-3.413,-5.12,-9.387,-7.68,-15.36,-6.827c-21.333,4.267,-40.96,15.36,-54.613,32.427c-1.707,0.0,-2.56,0.0,-4.267,0.0c-34.987,0.0,-64.0,26.453,-67.413,60.587c-34.133,3.413,-60.587,32.427,-60.587,67.413c0.0,2.959,0.17,5.756,0.491,8.533h-9.024c-2.56,0.0,-4.267,0.853,-5.973,3.413c-1.707,1.707,-2.56,3.413,-2.56,5.973l2.56,51.2c0.0,0.601,0.093,1.182,0.25,1.741l0.442,8.323c-46.35,10.778,-80.051,52.323,-80.051,100.016c0.0,52.947,39.656,95.783,90.762,101.792l2.251,42.421c0.853,14.507,12.8,26.453,28.16,26.453h261.973c14.507,0.0,27.307,-11.093,28.16,-25.6l2.56,-32.427c0.0,-0.086,-0.009,-0.172,-0.011,-0.258L475.442,182.597zM145.202,190.277h302.08h10.24l-2.648,34.133H136.727l-1.766,-34.133H145.202zM146.922,421.517l-0.867,-25.586l-0.459,-0.051l-7.986,-154.402h315.939l-15.956,205.653H148.247L146.922,421.517zM151.175,164.677c0.0,-28.16,23.04,-51.2,51.2,-51.2c5.12,0.0,8.533,-3.413,8.533,-8.533c0.0,-28.16,23.04,-51.2,51.2,-51.2c2.56,0.0,5.12,0.0,8.533,0.853c2.56,0.0,5.973,-0.853,7.68,-3.413c10.24,-14.507,24.747,-24.747,41.813,-29.013c-4.267,6.827,-7.68,14.507,-10.24,22.187c-0.853,3.413,0.0,5.973,1.707,8.533s5.12,3.413,7.68,2.56c4.267,-0.853,7.68,-1.707,11.093,-1.707c28.16,0.0,51.2,23.04,51.2,51.2c0.0,5.12,3.413,8.533,8.533,8.533c28.16,0.0,51.2,23.04,51.2,51.2c0.0,2.56,0.0,5.973,-0.853,8.533H152.028C151.175,170.651,151.175,167.237,151.175,164.677zM57.308,343.877c0.0,-39.218,27.258,-72.471,63.901,-82.744l0.95,17.891c-28.159,8.534,-47.784,34.987,-47.784,64.853c0.0,32.427,23.893,60.587,54.613,67.413l0.853,17.067C88.882,422.384,57.308,386.544,57.308,343.877zM91.442,343.877c0.0,-21.19,12.52,-39.242,31.654,-47.211l5.115,96.385C106.857,386.553,91.442,366.825,91.442,343.877zM161.415,497.477c-5.973,0.0,-11.093,-4.267,-11.093,-10.24l-1.236,-23.893h286.249l-1.707,23.893c-0.853,5.973,-5.12,10.24,-11.093,10.24H161.415z"">
   </path>
  </g>
 </g>
</svg>


Question: What is the object in the image?",teapot,cup,bottle,vase,B,beverage
148,"Examine the following SVG code carefully and answer the question based on your interpretation of the rendered image.

<svg id=""Layer_1"" style=""enable-background:new 0 0 512 512;"" version=""1.1"" viewbox=""0 0 512 512"" x=""0px"" xml:space=""preserve"" y=""0px"">
 <g>
  <rect height=""47.912"" style=""fill:#666666;"" width=""395.36"" x=""4.866"" y=""61.130"">
  </rect>
  <rect height=""58.488"" style=""fill:#666666;"" width=""265.92"" x=""69.578"" y=""2.6418432198870763"">
  </rect>
 </g>
 <polygon points=""365.698,108.778 37.562,108.778 80.546,514.642 324.530,514.642"" style=""fill:#E2E2E2;"">
 </polygon>
 <polygon points=""45.938,187.594 357.322,187.594 331.098,434.322 72.170,434.322"" style=""fill:#E21B1B;"">
 </polygon>
 <g>
  <rect height=""8"" style=""fill:#FFFFFF;"" width=""109.328"" x=""147.874"" y=""283.682"">
  </rect>
  <rect height=""8"" style=""fill:#FFFFFF;"" width=""173.328"" x=""115.874"" y=""324.242"">
  </rect>
 </g>
 <circle cx=""381.506"" cy=""379.282"" r=""135.328"">
 </circle>
 <path d=""M375.026,453.562v-18.184c-10.672,-0.12,-21.136,-2.96,-30.4,-8.248l5.064,-17.6c8.864,5.248,18.944,8.096,29.248,8.248c11.816,0.0,19.872,-5.816,19.872,-14.816c0.0,-8.44,-6.56,-13.872,-20.44,-18.936c-19.688,-7.128,-32.44,-16.128,-32.44,-33.6c0.0,-16.128,11.248,-28.496,30.184,-31.872v-18.4h15.376v17.44c8.976,0.096,17.816,2.216,25.872,6.184l-5.016,17.264c-7.864,-4.136,-16.608,-6.328,-25.496,-6.4c-13.128,0.0,-17.816,6.752,-17.816,13.128c0.0,7.688,6.752,12.0,22.688,18.4c21.0,7.872,30.4,18.0,30.4,34.688c0.0,15.936,-11.064,30.0,-31.688,33.376v19.312L375.026,453.562z"" style=""fill:#FFFFFF;"">
 </path>
</svg>


Question: What is the primary color of the cup's sleeve in the image?",Blue,Red,Green,Yellow,B,beverage
149,"Examine the following SVG code carefully and answer the question based on your interpretation of the rendered image.

<svg id=""Layer_1"" style=""enable-background:new 0 0 512 512;"" version=""1.1"" viewbox=""0 0 512 512"" x=""0px"" xml:space=""preserve"" y=""0px"">
 <g>
  <rect height=""47.912"" style=""fill:#666666;"" width=""395.36"" x=""4.866"" y=""61.130"">
  </rect>
  <rect height=""58.488"" style=""fill:#666666;"" width=""265.92"" x=""69.578"" y=""2.6418432198870763"">
  </rect>
 </g>
 <polygon points=""365.698,108.778 37.562,108.778 80.546,514.642 324.530,514.642"" style=""fill:#E2E2E2;"">
 </polygon>
 <polygon points=""45.938,187.594 357.322,187.594 331.098,434.322 72.170,434.322"" style=""fill:#E21B1B;"">
 </polygon>
 <g>
  <rect height=""8"" style=""fill:#FFFFFF;"" width=""109.328"" x=""147.874"" y=""283.682"">
  </rect>
  <rect height=""8"" style=""fill:#FFFFFF;"" width=""173.328"" x=""115.874"" y=""324.242"">
  </rect>
 </g>
 <circle cx=""381.506"" cy=""379.282"" r=""135.328"">
 </circle>
 <path d=""M375.026,453.562v-18.184c-10.672,-0.12,-21.136,-2.96,-30.4,-8.248l5.064,-17.6c8.864,5.248,18.944,8.096,29.248,8.248c11.816,0.0,19.872,-5.816,19.872,-14.816c0.0,-8.44,-6.56,-13.872,-20.44,-18.936c-19.688,-7.128,-32.44,-16.128,-32.44,-33.6c0.0,-16.128,11.248,-28.496,30.184,-31.872v-18.4h15.376v17.44c8.976,0.096,17.816,2.216,25.872,6.184l-5.016,17.264c-7.864,-4.136,-16.608,-6.328,-25.496,-6.4c-13.128,0.0,-17.816,6.752,-17.816,13.128c0.0,7.688,6.752,12.0,22.688,18.4c21.0,7.872,30.4,18.0,30.4,34.688c0.0,15.936,-11.064,30.0,-31.688,33.376v19.312L375.026,453.562z"" style=""fill:#FFFFFF;"">
 </path>
</svg>


Question: What symbol is present on the black circle in the image?",Heart,Star,Sign,Diamond,C,beverage
150,"Examine the following SVG code carefully and answer the question based on your interpretation of the rendered image.

<svg id=""Layer_1"" style=""enable-background:new 0 0 512 512;"" version=""1.1"" viewbox=""0 0 512 512"" x=""0px"" xml:space=""preserve"" y=""0px"">
 <g>
  <rect height=""47.912"" style=""fill:#666666;"" width=""395.36"" x=""4.866"" y=""61.130"">
  </rect>
  <rect height=""58.488"" style=""fill:#666666;"" width=""265.92"" x=""69.578"" y=""2.6418432198870763"">
  </rect>
 </g>
 <polygon points=""365.698,108.778 37.562,108.778 80.546,514.642 324.530,514.642"" style=""fill:#E2E2E2;"">
 </polygon>
 <polygon points=""45.938,187.594 357.322,187.594 331.098,434.322 72.170,434.322"" style=""fill:#E21B1B;"">
 </polygon>
 <g>
  <rect height=""8"" style=""fill:#FFFFFF;"" width=""109.328"" x=""147.874"" y=""283.682"">
  </rect>
  <rect height=""8"" style=""fill:#FFFFFF;"" width=""173.328"" x=""115.874"" y=""324.242"">
  </rect>
 </g>
 <circle cx=""381.506"" cy=""379.282"" r=""135.328"">
 </circle>
 <path d=""M375.026,453.562v-18.184c-10.672,-0.12,-21.136,-2.96,-30.4,-8.248l5.064,-17.6c8.864,5.248,18.944,8.096,29.248,8.248c11.816,0.0,19.872,-5.816,19.872,-14.816c0.0,-8.44,-6.56,-13.872,-20.44,-18.936c-19.688,-7.128,-32.44,-16.128,-32.44,-33.6c0.0,-16.128,11.248,-28.496,30.184,-31.872v-18.4h15.376v17.44c8.976,0.096,17.816,2.216,25.872,6.184l-5.016,17.264c-7.864,-4.136,-16.608,-6.328,-25.496,-6.4c-13.128,0.0,-17.816,6.752,-17.816,13.128c0.0,7.688,6.752,12.0,22.688,18.4c21.0,7.872,30.4,18.0,30.4,34.688c0.0,15.936,-11.064,30.0,-31.688,33.376v19.312L375.026,453.562z"" style=""fill:#FFFFFF;"">
 </path>
</svg>


Question: What is the shape of the object in the image?",Square,Circle,Triangle,Trapezoid,D,beverage
151,"Examine the following SVG code carefully and answer the question based on your interpretation of the rendered image.

<svg id=""Layer_1"" style=""enable-background:new 0 0 512 512;"" version=""1.1"" viewbox=""0 0 512 512"" x=""0px"" xml:space=""preserve"" y=""0px"">
 <g>
  <rect height=""47.912"" style=""fill:#666666;"" width=""395.36"" x=""4.866"" y=""61.130"">
  </rect>
  <rect height=""58.488"" style=""fill:#666666;"" width=""265.92"" x=""69.578"" y=""2.6418432198870763"">
  </rect>
 </g>
 <polygon points=""365.698,108.778 37.562,108.778 80.546,514.642 324.530,514.642"" style=""fill:#E2E2E2;"">
 </polygon>
 <polygon points=""45.938,187.594 357.322,187.594 331.098,434.322 72.170,434.322"" style=""fill:#E21B1B;"">
 </polygon>
 <g>
  <rect height=""8"" style=""fill:#FFFFFF;"" width=""109.328"" x=""147.874"" y=""283.682"">
  </rect>
  <rect height=""8"" style=""fill:#FFFFFF;"" width=""173.328"" x=""115.874"" y=""324.242"">
  </rect>
 </g>
 <circle cx=""381.506"" cy=""379.282"" r=""135.328"">
 </circle>
 <path d=""M375.026,453.562v-18.184c-10.672,-0.12,-21.136,-2.96,-30.4,-8.248l5.064,-17.6c8.864,5.248,18.944,8.096,29.248,8.248c11.816,0.0,19.872,-5.816,19.872,-14.816c0.0,-8.44,-6.56,-13.872,-20.44,-18.936c-19.688,-7.128,-32.44,-16.128,-32.44,-33.6c0.0,-16.128,11.248,-28.496,30.184,-31.872v-18.4h15.376v17.44c8.976,0.096,17.816,2.216,25.872,6.184l-5.016,17.264c-7.864,-4.136,-16.608,-6.328,-25.496,-6.4c-13.128,0.0,-17.816,6.752,-17.816,13.128c0.0,7.688,6.752,12.0,22.688,18.4c21.0,7.872,30.4,18.0,30.4,34.688c0.0,15.936,-11.064,30.0,-31.688,33.376v19.312L375.026,453.562z"" style=""fill:#FFFFFF;"">
 </path>
</svg>


Question: What type of object is depicted in the image?",Cup,Book,Hat,Bag,A,beverage
172,"Examine the following SVG code carefully and answer the question based on your interpretation of the rendered image.

<svg id=""Layer_1_1_"" style=""enable-background:new 0 0 64 64;"" version=""1.1"" viewbox=""0 0 64 64"" x=""0px"" xml:space=""preserve"" y=""0px"">
 <g>
  <path d=""M47.452,32.502V30.451h2.0v-2.0h-6.0v2.0h2.0v2.051C38.199,33.018,32.452,39.069,32.452,46.451c0.0,2.551,0.697,4.938,1.894,7.0H16.452V16.451h31.0v10.0h2.0V15.451c0.0,-0.552,-0.447,-1.0,-1.0,-1.0H15.452c-0.553,0.0,-1.0,0.448,-1.0,1.0v1.0h-3.0c-3.859,0.0,-7.0,3.14,-7.0,7.0v23.0c0.0,3.86,3.141,7.0,7.0,7.0h3.0v1.0c0.0,0.552,0.447,1.0,1.0,1.0h20.292c2.57,3.053,6.414,5.0,10.708,5.0c7.72,0.0,14.0,-6.28,14.0,-14.0C60.452,39.069,54.705,33.018,47.452,32.502zM11.452,51.451c-2.757,0.0,-5.0,-2.243,-5.0,-5.0V23.451c0.0,-2.757,2.243,-5.0,5.0,-5.0h3.0v3.0h-2.0c-1.654,0.0,-3.0,1.346,-3.0,3.0v21.0c0.0,1.654,1.346,3.0,3.0,3.0h2.0v3.0H11.452zM14.452,23.451v23.0h-2.0c-0.552,0.0,-1.0,-0.449,-1.0,-1.0V24.451c0.0,-0.551,0.448,-1.0,1.0,-1.0H14.452zM46.452,58.451c-6.617,0.0,-12.0,-5.383,-12.0,-12.0s5.383,-12.0,12.0,-12.0s12.0,5.383,12.0,12.0S53.069,58.451,46.452,58.451z"">
  </path>
  <path d=""M24.796,8.451c0.0,0.645,0.251,1.251,0.707,1.707c0.161,0.162,0.161,0.424,0.0,0.586l1.414,1.414c0.94,-0.941,0.94,-2.473,0.0,-3.415C26.811,8.638,26.796,8.515,26.796,8.451s0.016,-0.187,0.121,-0.293c0.94,-0.941,0.94,-2.473,0.0,-3.415C26.811,4.638,26.796,4.515,26.796,4.451s0.016,-0.187,0.121,-0.292l-1.414,-1.415C25.047,3.2,24.796,3.806,24.796,4.451s0.251,1.251,0.707,1.707c0.161,0.162,0.161,0.424,0.0,0.585C25.047,7.2,24.796,7.806,24.796,8.451z"">
  </path>
  <path d=""M30.21,8.451c0.0,0.645,0.251,1.251,0.707,1.707c0.161,0.162,0.161,0.424,0.0,0.586l1.414,1.414c0.94,-0.941,0.94,-2.473,0.0,-3.415C32.225,8.638,32.21,8.515,32.21,8.451s0.016,-0.187,0.121,-0.293c0.94,-0.941,0.94,-2.473,0.0,-3.415C32.225,4.638,32.21,4.515,32.21,4.451s0.016,-0.187,0.121,-0.292l-1.414,-1.415C30.461,3.2,30.21,3.806,30.21,4.451s0.251,1.251,0.707,1.707c0.161,0.162,0.161,0.424,0.0,0.585C30.461,7.2,30.21,7.806,30.21,8.451z"">
  </path>
  <path d=""M35.624,8.451c0.0,0.645,0.251,1.251,0.707,1.707c0.161,0.162,0.161,0.424,0.0,0.586l1.414,1.414c0.94,-0.941,0.94,-2.473,0.0,-3.415C37.64,8.638,37.624,8.515,37.624,8.451s0.016,-0.187,0.121,-0.293c0.94,-0.941,0.94,-2.473,0.0,-3.415C37.64,4.638,37.624,4.515,37.624,4.451s0.016,-0.187,0.121,-0.292l-1.414,-1.415C35.875,3.2,35.624,3.806,35.624,4.451s0.251,1.251,0.707,1.707c0.161,0.162,0.161,0.424,0.0,0.585C35.875,7.2,35.624,7.806,35.624,8.451z"">
  </path>
  <path d=""M46.255,45.234l-3.355,-1.678l-0.895,1.789l4.0,2.0C46.147,47.416,46.3,47.451,46.452,47.451c0.259,0.0,0.515,-0.101,0.707,-0.293l4.0,-4.0l-1.414,-1.414L46.255,45.234z"">
  </path>
  <path d=""M46.452,36.451c-5.514,0.0,-10.0,4.486,-10.0,10.0s4.486,10.0,10.0,10.0s10.0,-4.486,10.0,-10.0S51.966,36.451,46.452,36.451zM46.452,54.451c-4.411,0.0,-8.0,-3.589,-8.0,-8.0s3.589,-8.0,8.0,-8.0s8.0,3.589,8.0,8.0S50.863,54.451,46.452,54.451z"">
  </path>
  <rect height=""4.243"" transform=""matrix(0.7071 -0.7071 0.7071 0.7071 -6.8467 50.4706)"" width=""2"" x=""56.952"" y=""31.830"">
  </rect>
  <rect height=""2"" width=""2"" x=""33.452"" y=""32.451"">
  </rect>
  <rect height=""2"" width=""2"" x=""29.452"" y=""32.451"">
  </rect>
  <rect height=""2"" width=""2"" x=""25.452"" y=""32.451"">
  </rect>
 </g>
</svg>


Question: What is the shape of the object in the image?",Circular,Rectangular,Triangular,Hexagonal,B,beverage
173,"Examine the following SVG code carefully and answer the question based on your interpretation of the rendered image.

<svg id=""Layer_1_1_"" style=""enable-background:new 0 0 64 64;"" version=""1.1"" viewbox=""0 0 64 64"" x=""0px"" xml:space=""preserve"" y=""0px"">
 <g>
  <path d=""M47.452,32.502V30.451h2.0v-2.0h-6.0v2.0h2.0v2.051C38.199,33.018,32.452,39.069,32.452,46.451c0.0,2.551,0.697,4.938,1.894,7.0H16.452V16.451h31.0v10.0h2.0V15.451c0.0,-0.552,-0.447,-1.0,-1.0,-1.0H15.452c-0.553,0.0,-1.0,0.448,-1.0,1.0v1.0h-3.0c-3.859,0.0,-7.0,3.14,-7.0,7.0v23.0c0.0,3.86,3.141,7.0,7.0,7.0h3.0v1.0c0.0,0.552,0.447,1.0,1.0,1.0h20.292c2.57,3.053,6.414,5.0,10.708,5.0c7.72,0.0,14.0,-6.28,14.0,-14.0C60.452,39.069,54.705,33.018,47.452,32.502zM11.452,51.451c-2.757,0.0,-5.0,-2.243,-5.0,-5.0V23.451c0.0,-2.757,2.243,-5.0,5.0,-5.0h3.0v3.0h-2.0c-1.654,0.0,-3.0,1.346,-3.0,3.0v21.0c0.0,1.654,1.346,3.0,3.0,3.0h2.0v3.0H11.452zM14.452,23.451v23.0h-2.0c-0.552,0.0,-1.0,-0.449,-1.0,-1.0V24.451c0.0,-0.551,0.448,-1.0,1.0,-1.0H14.452zM46.452,58.451c-6.617,0.0,-12.0,-5.383,-12.0,-12.0s5.383,-12.0,12.0,-12.0s12.0,5.383,12.0,12.0S53.069,58.451,46.452,58.451z"">
  </path>
  <path d=""M24.796,8.451c0.0,0.645,0.251,1.251,0.707,1.707c0.161,0.162,0.161,0.424,0.0,0.586l1.414,1.414c0.94,-0.941,0.94,-2.473,0.0,-3.415C26.811,8.638,26.796,8.515,26.796,8.451s0.016,-0.187,0.121,-0.293c0.94,-0.941,0.94,-2.473,0.0,-3.415C26.811,4.638,26.796,4.515,26.796,4.451s0.016,-0.187,0.121,-0.292l-1.414,-1.415C25.047,3.2,24.796,3.806,24.796,4.451s0.251,1.251,0.707,1.707c0.161,0.162,0.161,0.424,0.0,0.585C25.047,7.2,24.796,7.806,24.796,8.451z"">
  </path>
  <path d=""M30.21,8.451c0.0,0.645,0.251,1.251,0.707,1.707c0.161,0.162,0.161,0.424,0.0,0.586l1.414,1.414c0.94,-0.941,0.94,-2.473,0.0,-3.415C32.225,8.638,32.21,8.515,32.21,8.451s0.016,-0.187,0.121,-0.293c0.94,-0.941,0.94,-2.473,0.0,-3.415C32.225,4.638,32.21,4.515,32.21,4.451s0.016,-0.187,0.121,-0.292l-1.414,-1.415C30.461,3.2,30.21,3.806,30.21,4.451s0.251,1.251,0.707,1.707c0.161,0.162,0.161,0.424,0.0,0.585C30.461,7.2,30.21,7.806,30.21,8.451z"">
  </path>
  <path d=""M35.624,8.451c0.0,0.645,0.251,1.251,0.707,1.707c0.161,0.162,0.161,0.424,0.0,0.586l1.414,1.414c0.94,-0.941,0.94,-2.473,0.0,-3.415C37.64,8.638,37.624,8.515,37.624,8.451s0.016,-0.187,0.121,-0.293c0.94,-0.941,0.94,-2.473,0.0,-3.415C37.64,4.638,37.624,4.515,37.624,4.451s0.016,-0.187,0.121,-0.292l-1.414,-1.415C35.875,3.2,35.624,3.806,35.624,4.451s0.251,1.251,0.707,1.707c0.161,0.162,0.161,0.424,0.0,0.585C35.875,7.2,35.624,7.806,35.624,8.451z"">
  </path>
  <path d=""M46.255,45.234l-3.355,-1.678l-0.895,1.789l4.0,2.0C46.147,47.416,46.3,47.451,46.452,47.451c0.259,0.0,0.515,-0.101,0.707,-0.293l4.0,-4.0l-1.414,-1.414L46.255,45.234z"">
  </path>
  <path d=""M46.452,36.451c-5.514,0.0,-10.0,4.486,-10.0,10.0s4.486,10.0,10.0,10.0s10.0,-4.486,10.0,-10.0S51.966,36.451,46.452,36.451zM46.452,54.451c-4.411,0.0,-8.0,-3.589,-8.0,-8.0s3.589,-8.0,8.0,-8.0s8.0,3.589,8.0,8.0S50.863,54.451,46.452,54.451z"">
  </path>
  <rect height=""4.243"" transform=""matrix(0.7071 -0.7071 0.7071 0.7071 -6.8467 50.4706)"" width=""2"" x=""56.952"" y=""31.830"">
  </rect>
  <rect height=""2"" width=""2"" x=""33.452"" y=""32.451"">
  </rect>
  <rect height=""2"" width=""2"" x=""29.452"" y=""32.451"">
  </rect>
  <rect height=""2"" width=""2"" x=""25.452"" y=""32.451"">
  </rect>
 </g>
</svg>


Question: What object is present on the bottom right of image?",Star,Chess,Arrow,Clock,D,beverage
174,"Examine the following SVG code carefully and answer the question based on your interpretation of the rendered image.

<svg id=""Layer_1_1_"" style=""enable-background:new 0 0 64 64;"" version=""1.1"" viewbox=""0 0 64 64"" x=""0px"" xml:space=""preserve"" y=""0px"">
 <g>
  <path d=""M47.452,32.502V30.451h2.0v-2.0h-6.0v2.0h2.0v2.051C38.199,33.018,32.452,39.069,32.452,46.451c0.0,2.551,0.697,4.938,1.894,7.0H16.452V16.451h31.0v10.0h2.0V15.451c0.0,-0.552,-0.447,-1.0,-1.0,-1.0H15.452c-0.553,0.0,-1.0,0.448,-1.0,1.0v1.0h-3.0c-3.859,0.0,-7.0,3.14,-7.0,7.0v23.0c0.0,3.86,3.141,7.0,7.0,7.0h3.0v1.0c0.0,0.552,0.447,1.0,1.0,1.0h20.292c2.57,3.053,6.414,5.0,10.708,5.0c7.72,0.0,14.0,-6.28,14.0,-14.0C60.452,39.069,54.705,33.018,47.452,32.502zM11.452,51.451c-2.757,0.0,-5.0,-2.243,-5.0,-5.0V23.451c0.0,-2.757,2.243,-5.0,5.0,-5.0h3.0v3.0h-2.0c-1.654,0.0,-3.0,1.346,-3.0,3.0v21.0c0.0,1.654,1.346,3.0,3.0,3.0h2.0v3.0H11.452zM14.452,23.451v23.0h-2.0c-0.552,0.0,-1.0,-0.449,-1.0,-1.0V24.451c0.0,-0.551,0.448,-1.0,1.0,-1.0H14.452zM46.452,58.451c-6.617,0.0,-12.0,-5.383,-12.0,-12.0s5.383,-12.0,12.0,-12.0s12.0,5.383,12.0,12.0S53.069,58.451,46.452,58.451z"">
  </path>
  <path d=""M24.796,8.451c0.0,0.645,0.251,1.251,0.707,1.707c0.161,0.162,0.161,0.424,0.0,0.586l1.414,1.414c0.94,-0.941,0.94,-2.473,0.0,-3.415C26.811,8.638,26.796,8.515,26.796,8.451s0.016,-0.187,0.121,-0.293c0.94,-0.941,0.94,-2.473,0.0,-3.415C26.811,4.638,26.796,4.515,26.796,4.451s0.016,-0.187,0.121,-0.292l-1.414,-1.415C25.047,3.2,24.796,3.806,24.796,4.451s0.251,1.251,0.707,1.707c0.161,0.162,0.161,0.424,0.0,0.585C25.047,7.2,24.796,7.806,24.796,8.451z"">
  </path>
  <path d=""M30.21,8.451c0.0,0.645,0.251,1.251,0.707,1.707c0.161,0.162,0.161,0.424,0.0,0.586l1.414,1.414c0.94,-0.941,0.94,-2.473,0.0,-3.415C32.225,8.638,32.21,8.515,32.21,8.451s0.016,-0.187,0.121,-0.293c0.94,-0.941,0.94,-2.473,0.0,-3.415C32.225,4.638,32.21,4.515,32.21,4.451s0.016,-0.187,0.121,-0.292l-1.414,-1.415C30.461,3.2,30.21,3.806,30.21,4.451s0.251,1.251,0.707,1.707c0.161,0.162,0.161,0.424,0.0,0.585C30.461,7.2,30.21,7.806,30.21,8.451z"">
  </path>
  <path d=""M35.624,8.451c0.0,0.645,0.251,1.251,0.707,1.707c0.161,0.162,0.161,0.424,0.0,0.586l1.414,1.414c0.94,-0.941,0.94,-2.473,0.0,-3.415C37.64,8.638,37.624,8.515,37.624,8.451s0.016,-0.187,0.121,-0.293c0.94,-0.941,0.94,-2.473,0.0,-3.415C37.64,4.638,37.624,4.515,37.624,4.451s0.016,-0.187,0.121,-0.292l-1.414,-1.415C35.875,3.2,35.624,3.806,35.624,4.451s0.251,1.251,0.707,1.707c0.161,0.162,0.161,0.424,0.0,0.585C35.875,7.2,35.624,7.806,35.624,8.451z"">
  </path>
  <path d=""M46.255,45.234l-3.355,-1.678l-0.895,1.789l4.0,2.0C46.147,47.416,46.3,47.451,46.452,47.451c0.259,0.0,0.515,-0.101,0.707,-0.293l4.0,-4.0l-1.414,-1.414L46.255,45.234z"">
  </path>
  <path d=""M46.452,36.451c-5.514,0.0,-10.0,4.486,-10.0,10.0s4.486,10.0,10.0,10.0s10.0,-4.486,10.0,-10.0S51.966,36.451,46.452,36.451zM46.452,54.451c-4.411,0.0,-8.0,-3.589,-8.0,-8.0s3.589,-8.0,8.0,-8.0s8.0,3.589,8.0,8.0S50.863,54.451,46.452,54.451z"">
  </path>
  <rect height=""4.243"" transform=""matrix(0.7071 -0.7071 0.7071 0.7071 -6.8467 50.4706)"" width=""2"" x=""56.952"" y=""31.830"">
  </rect>
  <rect height=""2"" width=""2"" x=""33.452"" y=""32.451"">
  </rect>
  <rect height=""2"" width=""2"" x=""29.452"" y=""32.451"">
  </rect>
  <rect height=""2"" width=""2"" x=""25.452"" y=""32.451"">
  </rect>
 </g>
</svg>


Question: What is depicted above the rectangular part of the object?",Waves,Dots,Lines,Arrows,A,beverage
175,"Examine the following SVG code carefully and answer the question based on your interpretation of the rendered image.

<svg id=""Layer_1_1_"" style=""enable-background:new 0 0 64 64;"" version=""1.1"" viewbox=""0 0 64 64"" x=""0px"" xml:space=""preserve"" y=""0px"">
 <g>
  <path d=""M47.452,32.502V30.451h2.0v-2.0h-6.0v2.0h2.0v2.051C38.199,33.018,32.452,39.069,32.452,46.451c0.0,2.551,0.697,4.938,1.894,7.0H16.452V16.451h31.0v10.0h2.0V15.451c0.0,-0.552,-0.447,-1.0,-1.0,-1.0H15.452c-0.553,0.0,-1.0,0.448,-1.0,1.0v1.0h-3.0c-3.859,0.0,-7.0,3.14,-7.0,7.0v23.0c0.0,3.86,3.141,7.0,7.0,7.0h3.0v1.0c0.0,0.552,0.447,1.0,1.0,1.0h20.292c2.57,3.053,6.414,5.0,10.708,5.0c7.72,0.0,14.0,-6.28,14.0,-14.0C60.452,39.069,54.705,33.018,47.452,32.502zM11.452,51.451c-2.757,0.0,-5.0,-2.243,-5.0,-5.0V23.451c0.0,-2.757,2.243,-5.0,5.0,-5.0h3.0v3.0h-2.0c-1.654,0.0,-3.0,1.346,-3.0,3.0v21.0c0.0,1.654,1.346,3.0,3.0,3.0h2.0v3.0H11.452zM14.452,23.451v23.0h-2.0c-0.552,0.0,-1.0,-0.449,-1.0,-1.0V24.451c0.0,-0.551,0.448,-1.0,1.0,-1.0H14.452zM46.452,58.451c-6.617,0.0,-12.0,-5.383,-12.0,-12.0s5.383,-12.0,12.0,-12.0s12.0,5.383,12.0,12.0S53.069,58.451,46.452,58.451z"">
  </path>
  <path d=""M24.796,8.451c0.0,0.645,0.251,1.251,0.707,1.707c0.161,0.162,0.161,0.424,0.0,0.586l1.414,1.414c0.94,-0.941,0.94,-2.473,0.0,-3.415C26.811,8.638,26.796,8.515,26.796,8.451s0.016,-0.187,0.121,-0.293c0.94,-0.941,0.94,-2.473,0.0,-3.415C26.811,4.638,26.796,4.515,26.796,4.451s0.016,-0.187,0.121,-0.292l-1.414,-1.415C25.047,3.2,24.796,3.806,24.796,4.451s0.251,1.251,0.707,1.707c0.161,0.162,0.161,0.424,0.0,0.585C25.047,7.2,24.796,7.806,24.796,8.451z"">
  </path>
  <path d=""M30.21,8.451c0.0,0.645,0.251,1.251,0.707,1.707c0.161,0.162,0.161,0.424,0.0,0.586l1.414,1.414c0.94,-0.941,0.94,-2.473,0.0,-3.415C32.225,8.638,32.21,8.515,32.21,8.451s0.016,-0.187,0.121,-0.293c0.94,-0.941,0.94,-2.473,0.0,-3.415C32.225,4.638,32.21,4.515,32.21,4.451s0.016,-0.187,0.121,-0.292l-1.414,-1.415C30.461,3.2,30.21,3.806,30.21,4.451s0.251,1.251,0.707,1.707c0.161,0.162,0.161,0.424,0.0,0.585C30.461,7.2,30.21,7.806,30.21,8.451z"">
  </path>
  <path d=""M35.624,8.451c0.0,0.645,0.251,1.251,0.707,1.707c0.161,0.162,0.161,0.424,0.0,0.586l1.414,1.414c0.94,-0.941,0.94,-2.473,0.0,-3.415C37.64,8.638,37.624,8.515,37.624,8.451s0.016,-0.187,0.121,-0.293c0.94,-0.941,0.94,-2.473,0.0,-3.415C37.64,4.638,37.624,4.515,37.624,4.451s0.016,-0.187,0.121,-0.292l-1.414,-1.415C35.875,3.2,35.624,3.806,35.624,4.451s0.251,1.251,0.707,1.707c0.161,0.162,0.161,0.424,0.0,0.585C35.875,7.2,35.624,7.806,35.624,8.451z"">
  </path>
  <path d=""M46.255,45.234l-3.355,-1.678l-0.895,1.789l4.0,2.0C46.147,47.416,46.3,47.451,46.452,47.451c0.259,0.0,0.515,-0.101,0.707,-0.293l4.0,-4.0l-1.414,-1.414L46.255,45.234z"">
  </path>
  <path d=""M46.452,36.451c-5.514,0.0,-10.0,4.486,-10.0,10.0s4.486,10.0,10.0,10.0s10.0,-4.486,10.0,-10.0S51.966,36.451,46.452,36.451zM46.452,54.451c-4.411,0.0,-8.0,-3.589,-8.0,-8.0s3.589,-8.0,8.0,-8.0s8.0,3.589,8.0,8.0S50.863,54.451,46.452,54.451z"">
  </path>
  <rect height=""4.243"" transform=""matrix(0.7071 -0.7071 0.7071 0.7071 -6.8467 50.4706)"" width=""2"" x=""56.952"" y=""31.830"">
  </rect>
  <rect height=""2"" width=""2"" x=""33.452"" y=""32.451"">
  </rect>
  <rect height=""2"" width=""2"" x=""29.452"" y=""32.451"">
  </rect>
  <rect height=""2"" width=""2"" x=""25.452"" y=""32.451"">
  </rect>
 </g>
</svg>


Question: What does the object in the image represent?",book,tree,cup,person,C,beverage
184,"Examine the following SVG code carefully and answer the question based on your interpretation of the rendered image.

<svg id=""Capa_1"" style=""enable-background:new 0 0 490 490;"" version=""1.1"" viewbox=""0 0 490 490"" x=""0px"" xml:space=""preserve"" y=""0px"">
 <path d=""M259.27,359.678c0.0,8.284,-6.716,15.0,-15.0,15.0h-20.0c-8.284,0.0,-15.0,-6.716,-15.0,-15.0s6.716,-15.0,15.0,-15.0h20.0C252.554,344.678,259.27,351.394,259.27,359.678zM204.27,194.678h60.0c8.284,0.0,15.0,-6.716,15.0,-15.0s-6.716,-15.0,-15.0,-15.0h-60.0c-8.284,0.0,-15.0,6.716,-15.0,15.0S195.986,194.678,204.27,194.678zM479.27,144.678v150.0c0.0,22.056,-17.944,40.0,-40.0,40.0h-44.3l-4.832,72.478c11.152,4.121,20.139,13.109,24.061,24.873v0.001l3.333,10.0c4.055,12.162,2.0,25.635,-5.497,36.036C404.538,488.468,392.407,494.678,379.585,494.678H88.956c-12.822,0.0,-24.953,-6.21,-32.45,-16.612c-7.497,-10.401,-9.552,-23.873,-5.497,-36.037l3.333,-9.999c3.835,-11.506,12.517,-20.356,23.33,-24.596L59.53,258.212L19.884,123.925c-1.339,-4.536,-0.46,-9.438,2.372,-13.228C25.087,106.909,29.54,104.678,34.27,104.678H144.46l9.944,-44.75c3.47,-15.613,12.251,-29.723,24.727,-39.73S207.286,4.678,223.28,4.678h21.98c15.994,0.0,31.673,5.512,44.148,15.52s21.258,24.117,24.727,39.73L324.08,104.678H439.27C461.326,104.678,479.27,122.622,479.27,144.678zM175.192,104.678H219.27V79.678c0.0,-8.284,6.716,-15.0,15.0,-15.0s15.0,6.716,15.0,15.0v25.0h44.078l-8.498,-38.242C280.695,47.738,264.415,34.678,245.26,34.678h-21.98c-19.155,0.0,-35.435,13.06,-39.59,31.758L175.192,104.678zM88.656,250.915c0.235,0.797,0.404,1.612,0.504,2.437L107.557,404.678h252.68l5.729,-85.933c0.004,-0.054,0.007,-0.106,0.011,-0.16L378.237,134.678H54.339L88.656,250.915zM389.071,451.517l-3.333,-10.0c-1.363,-4.091,-5.176,-6.839,-9.486,-6.839H92.289c-4.311,0.0,-8.124,2.748,-9.487,6.838l-3.333,10.0c-1.029,3.087,-0.528,6.37,1.374,9.009c1.902,2.64,4.859,4.153,8.112,4.153h290.629c3.253,0.0,6.21,-1.514,8.112,-4.153C389.599,457.886,390.1,454.603,389.071,451.517zM449.27,144.678c0.0,-5.514,-4.486,-10.0,-10.0,-10.0h-30.967L396.97,304.678H439.27c5.514,0.0,10.0,-4.486,10.0,-10.0V144.678zM204.27,314.678h60.0c8.284,0.0,15.0,-6.716,15.0,-15.0s-6.716,-15.0,-15.0,-15.0h-60.0c-8.284,0.0,-15.0,6.716,-15.0,15.0S195.986,314.678,204.27,314.678zM224.27,224.678c-8.284,0.0,-15.0,6.716,-15.0,15.0s6.716,15.0,15.0,15.0h20.0c8.284,0.0,15.0,-6.716,15.0,-15.0s-6.716,-15.0,-15.0,-15.0H224.27z"" id=""XMLID_1516_"">
 </path>
</svg>


Question: How many buttons are visible on the object?",2,3,4,5,C,beverage
185,"Examine the following SVG code carefully and answer the question based on your interpretation of the rendered image.

<svg id=""Capa_1"" style=""enable-background:new 0 0 490 490;"" version=""1.1"" viewbox=""0 0 490 490"" x=""0px"" xml:space=""preserve"" y=""0px"">
 <path d=""M259.27,359.678c0.0,8.284,-6.716,15.0,-15.0,15.0h-20.0c-8.284,0.0,-15.0,-6.716,-15.0,-15.0s6.716,-15.0,15.0,-15.0h20.0C252.554,344.678,259.27,351.394,259.27,359.678zM204.27,194.678h60.0c8.284,0.0,15.0,-6.716,15.0,-15.0s-6.716,-15.0,-15.0,-15.0h-60.0c-8.284,0.0,-15.0,6.716,-15.0,15.0S195.986,194.678,204.27,194.678zM479.27,144.678v150.0c0.0,22.056,-17.944,40.0,-40.0,40.0h-44.3l-4.832,72.478c11.152,4.121,20.139,13.109,24.061,24.873v0.001l3.333,10.0c4.055,12.162,2.0,25.635,-5.497,36.036C404.538,488.468,392.407,494.678,379.585,494.678H88.956c-12.822,0.0,-24.953,-6.21,-32.45,-16.612c-7.497,-10.401,-9.552,-23.873,-5.497,-36.037l3.333,-9.999c3.835,-11.506,12.517,-20.356,23.33,-24.596L59.53,258.212L19.884,123.925c-1.339,-4.536,-0.46,-9.438,2.372,-13.228C25.087,106.909,29.54,104.678,34.27,104.678H144.46l9.944,-44.75c3.47,-15.613,12.251,-29.723,24.727,-39.73S207.286,4.678,223.28,4.678h21.98c15.994,0.0,31.673,5.512,44.148,15.52s21.258,24.117,24.727,39.73L324.08,104.678H439.27C461.326,104.678,479.27,122.622,479.27,144.678zM175.192,104.678H219.27V79.678c0.0,-8.284,6.716,-15.0,15.0,-15.0s15.0,6.716,15.0,15.0v25.0h44.078l-8.498,-38.242C280.695,47.738,264.415,34.678,245.26,34.678h-21.98c-19.155,0.0,-35.435,13.06,-39.59,31.758L175.192,104.678zM88.656,250.915c0.235,0.797,0.404,1.612,0.504,2.437L107.557,404.678h252.68l5.729,-85.933c0.004,-0.054,0.007,-0.106,0.011,-0.16L378.237,134.678H54.339L88.656,250.915zM389.071,451.517l-3.333,-10.0c-1.363,-4.091,-5.176,-6.839,-9.486,-6.839H92.289c-4.311,0.0,-8.124,2.748,-9.487,6.838l-3.333,10.0c-1.029,3.087,-0.528,6.37,1.374,9.009c1.902,2.64,4.859,4.153,8.112,4.153h290.629c3.253,0.0,6.21,-1.514,8.112,-4.153C389.599,457.886,390.1,454.603,389.071,451.517zM449.27,144.678c0.0,-5.514,-4.486,-10.0,-10.0,-10.0h-30.967L396.97,304.678H439.27c5.514,0.0,10.0,-4.486,10.0,-10.0V144.678zM204.27,314.678h60.0c8.284,0.0,15.0,-6.716,15.0,-15.0s-6.716,-15.0,-15.0,-15.0h-60.0c-8.284,0.0,-15.0,6.716,-15.0,15.0S195.986,314.678,204.27,314.678zM224.27,224.678c-8.284,0.0,-15.0,6.716,-15.0,15.0s6.716,15.0,15.0,15.0h20.0c8.284,0.0,15.0,-6.716,15.0,-15.0s-6.716,-15.0,-15.0,-15.0H224.27z"" id=""XMLID_1516_"">
 </path>
</svg>


Question: What shape is the handle of the object?",Rectangular,Circular,U-shaped,Triangular,A,beverage
186,"Examine the following SVG code carefully and answer the question based on your interpretation of the rendered image.

<svg id=""Capa_1"" style=""enable-background:new 0 0 490 490;"" version=""1.1"" viewbox=""0 0 490 490"" x=""0px"" xml:space=""preserve"" y=""0px"">
 <path d=""M259.27,359.678c0.0,8.284,-6.716,15.0,-15.0,15.0h-20.0c-8.284,0.0,-15.0,-6.716,-15.0,-15.0s6.716,-15.0,15.0,-15.0h20.0C252.554,344.678,259.27,351.394,259.27,359.678zM204.27,194.678h60.0c8.284,0.0,15.0,-6.716,15.0,-15.0s-6.716,-15.0,-15.0,-15.0h-60.0c-8.284,0.0,-15.0,6.716,-15.0,15.0S195.986,194.678,204.27,194.678zM479.27,144.678v150.0c0.0,22.056,-17.944,40.0,-40.0,40.0h-44.3l-4.832,72.478c11.152,4.121,20.139,13.109,24.061,24.873v0.001l3.333,10.0c4.055,12.162,2.0,25.635,-5.497,36.036C404.538,488.468,392.407,494.678,379.585,494.678H88.956c-12.822,0.0,-24.953,-6.21,-32.45,-16.612c-7.497,-10.401,-9.552,-23.873,-5.497,-36.037l3.333,-9.999c3.835,-11.506,12.517,-20.356,23.33,-24.596L59.53,258.212L19.884,123.925c-1.339,-4.536,-0.46,-9.438,2.372,-13.228C25.087,106.909,29.54,104.678,34.27,104.678H144.46l9.944,-44.75c3.47,-15.613,12.251,-29.723,24.727,-39.73S207.286,4.678,223.28,4.678h21.98c15.994,0.0,31.673,5.512,44.148,15.52s21.258,24.117,24.727,39.73L324.08,104.678H439.27C461.326,104.678,479.27,122.622,479.27,144.678zM175.192,104.678H219.27V79.678c0.0,-8.284,6.716,-15.0,15.0,-15.0s15.0,6.716,15.0,15.0v25.0h44.078l-8.498,-38.242C280.695,47.738,264.415,34.678,245.26,34.678h-21.98c-19.155,0.0,-35.435,13.06,-39.59,31.758L175.192,104.678zM88.656,250.915c0.235,0.797,0.404,1.612,0.504,2.437L107.557,404.678h252.68l5.729,-85.933c0.004,-0.054,0.007,-0.106,0.011,-0.16L378.237,134.678H54.339L88.656,250.915zM389.071,451.517l-3.333,-10.0c-1.363,-4.091,-5.176,-6.839,-9.486,-6.839H92.289c-4.311,0.0,-8.124,2.748,-9.487,6.838l-3.333,10.0c-1.029,3.087,-0.528,6.37,1.374,9.009c1.902,2.64,4.859,4.153,8.112,4.153h290.629c3.253,0.0,6.21,-1.514,8.112,-4.153C389.599,457.886,390.1,454.603,389.071,451.517zM449.27,144.678c0.0,-5.514,-4.486,-10.0,-10.0,-10.0h-30.967L396.97,304.678H439.27c5.514,0.0,10.0,-4.486,10.0,-10.0V144.678zM204.27,314.678h60.0c8.284,0.0,15.0,-6.716,15.0,-15.0s-6.716,-15.0,-15.0,-15.0h-60.0c-8.284,0.0,-15.0,6.716,-15.0,15.0S195.986,314.678,204.27,314.678zM224.27,224.678c-8.284,0.0,-15.0,6.716,-15.0,15.0s6.716,15.0,15.0,15.0h20.0c8.284,0.0,15.0,-6.716,15.0,-15.0s-6.716,-15.0,-15.0,-15.0H224.27z"" id=""XMLID_1516_"">
 </path>
</svg>


Question: What is the shape of the base of the object?",Circular,Square,Rectangular,Triangular,C,beverage
187,"Examine the following SVG code carefully and answer the question based on your interpretation of the rendered image.

<svg id=""Capa_1"" style=""enable-background:new 0 0 490 490;"" version=""1.1"" viewbox=""0 0 490 490"" x=""0px"" xml:space=""preserve"" y=""0px"">
 <path d=""M259.27,359.678c0.0,8.284,-6.716,15.0,-15.0,15.0h-20.0c-8.284,0.0,-15.0,-6.716,-15.0,-15.0s6.716,-15.0,15.0,-15.0h20.0C252.554,344.678,259.27,351.394,259.27,359.678zM204.27,194.678h60.0c8.284,0.0,15.0,-6.716,15.0,-15.0s-6.716,-15.0,-15.0,-15.0h-60.0c-8.284,0.0,-15.0,6.716,-15.0,15.0S195.986,194.678,204.27,194.678zM479.27,144.678v150.0c0.0,22.056,-17.944,40.0,-40.0,40.0h-44.3l-4.832,72.478c11.152,4.121,20.139,13.109,24.061,24.873v0.001l3.333,10.0c4.055,12.162,2.0,25.635,-5.497,36.036C404.538,488.468,392.407,494.678,379.585,494.678H88.956c-12.822,0.0,-24.953,-6.21,-32.45,-16.612c-7.497,-10.401,-9.552,-23.873,-5.497,-36.037l3.333,-9.999c3.835,-11.506,12.517,-20.356,23.33,-24.596L59.53,258.212L19.884,123.925c-1.339,-4.536,-0.46,-9.438,2.372,-13.228C25.087,106.909,29.54,104.678,34.27,104.678H144.46l9.944,-44.75c3.47,-15.613,12.251,-29.723,24.727,-39.73S207.286,4.678,223.28,4.678h21.98c15.994,0.0,31.673,5.512,44.148,15.52s21.258,24.117,24.727,39.73L324.08,104.678H439.27C461.326,104.678,479.27,122.622,479.27,144.678zM175.192,104.678H219.27V79.678c0.0,-8.284,6.716,-15.0,15.0,-15.0s15.0,6.716,15.0,15.0v25.0h44.078l-8.498,-38.242C280.695,47.738,264.415,34.678,245.26,34.678h-21.98c-19.155,0.0,-35.435,13.06,-39.59,31.758L175.192,104.678zM88.656,250.915c0.235,0.797,0.404,1.612,0.504,2.437L107.557,404.678h252.68l5.729,-85.933c0.004,-0.054,0.007,-0.106,0.011,-0.16L378.237,134.678H54.339L88.656,250.915zM389.071,451.517l-3.333,-10.0c-1.363,-4.091,-5.176,-6.839,-9.486,-6.839H92.289c-4.311,0.0,-8.124,2.748,-9.487,6.838l-3.333,10.0c-1.029,3.087,-0.528,6.37,1.374,9.009c1.902,2.64,4.859,4.153,8.112,4.153h290.629c3.253,0.0,6.21,-1.514,8.112,-4.153C389.599,457.886,390.1,454.603,389.071,451.517zM449.27,144.678c0.0,-5.514,-4.486,-10.0,-10.0,-10.0h-30.967L396.97,304.678H439.27c5.514,0.0,10.0,-4.486,10.0,-10.0V144.678zM204.27,314.678h60.0c8.284,0.0,15.0,-6.716,15.0,-15.0s-6.716,-15.0,-15.0,-15.0h-60.0c-8.284,0.0,-15.0,6.716,-15.0,15.0S195.986,314.678,204.27,314.678zM224.27,224.678c-8.284,0.0,-15.0,6.716,-15.0,15.0s6.716,15.0,15.0,15.0h20.0c8.284,0.0,15.0,-6.716,15.0,-15.0s-6.716,-15.0,-15.0,-15.0H224.27z"" id=""XMLID_1516_"">
 </path>
</svg>


Question: What is the object in the image?",blender,camera,toaster,iron,A,beverage
0,"Examine the following SVG code carefully and answer the question based on your interpretation of the rendered image.

<svg id=""Layer_1"" style=""enable-background:new 0 0 512 512;"" version=""1.1"" viewbox=""0 0 512 512"" x=""0px"" xml:space=""preserve"" y=""0px"">
 <path d=""M152.892,516.599H19.327C10.11,516.599,2.631,509.126,2.631,499.904V221.643c0.0,-9.223,7.479,-16.696,16.696,-16.696h133.565c9.217,0.0,16.696,7.473,16.696,16.696v278.261C169.588,509.126,162.109,516.599,152.892,516.599z"" style=""fill:#C5DCFD;"">
 </path>
 <path d=""M497.935,516.599H364.37c-9.217,0.0,-16.696,-7.473,-16.696,-16.696V221.643c0.0,-9.223,7.479,-16.696,16.696,-16.696h133.565c9.217,0.0,16.696,7.473,16.696,16.696v278.261C514.631,509.126,507.153,516.599,497.935,516.599z"" style=""fill:#B1C6E4;"">
 </path>
 <path d=""M136.196,516.599V149.298L258.631,31.034l122.435,118.264V516.599H136.196z"" style=""fill:#DBE9FD;"">
 </path>
 <polygon points=""381.066,516.599 381.066,149.298 258.631,31.034 258.631,516.599"" style=""fill:#C5DCFD;"">
 </polygon>
 <path d=""M417.24,196.599c-4.272,0.0,-8.544,-1.631,-11.804,-4.892L258.631,44.904L117.391,186.142c-6.521,6.521,-17.087,6.521,-23.609,0.0c-6.521,-6.516,-6.521,-17.092,0.0,-23.609L246.826,9.49c6.521,-6.521,17.087,-6.521,23.609,0.0L429.044,168.099c6.521,6.516,6.521,17.092,0.0,23.609C425.784,194.969,421.512,196.599,417.24,196.599z"" style=""fill:#FF6243;"">
 </path>
 <path d=""M314.283,516.599H202.979V355.208c0.0,-9.22,7.475,-16.696,16.696,-16.696h77.913c9.22,0.0,16.696,7.475,16.696,16.696V516.599z"" style=""fill:#95673F;"">
 </path>
 <g>
  <path d=""M86.109,338.512c-9.217,0.0,-16.696,-7.473,-16.696,-16.696v-33.391c0.0,-9.223,7.479,-16.696,16.696,-16.696s16.696,7.473,16.696,16.696v33.391C102.805,331.039,95.327,338.512,86.109,338.512z"" style=""fill:#80D7D7;"">
  </path>
  <path d=""M86.109,438.686c-9.217,0.0,-16.696,-7.473,-16.696,-16.696V388.599c0.0,-9.223,7.479,-16.696,16.696,-16.696s16.696,7.473,16.696,16.696v33.391C102.805,431.213,95.327,438.686,86.109,438.686z"" style=""fill:#80D7D7;"">
  </path>
 </g>
 <g>
  <path d=""M431.153,338.512c-9.217,0.0,-16.696,-7.473,-16.696,-16.696v-33.391c0.0,-9.223,7.479,-16.696,16.696,-16.696c9.217,0.0,16.696,7.473,16.696,16.696v33.391C447.848,331.039,440.37,338.512,431.153,338.512z"" style=""fill:#77BDBD;"">
  </path>
  <path d=""M431.153,438.686c-9.217,0.0,-16.696,-7.473,-16.696,-16.696V388.599c0.0,-9.223,7.479,-16.696,16.696,-16.696c9.217,0.0,16.696,7.473,16.696,16.696v33.391C447.848,431.213,440.37,438.686,431.153,438.686z"" style=""fill:#77BDBD;"">
  </path>
 </g>
 <path d=""M225.24,305.121c-9.217,0.0,-16.696,-7.473,-16.696,-16.696v-33.391c0.0,-9.223,7.479,-16.696,16.696,-16.696s16.696,7.473,16.696,16.696v33.391C241.935,297.648,234.457,305.121,225.24,305.121z"" style=""fill:#8FF0F0;"">
 </path>
 <path d=""M292.022,305.121c-9.217,0.0,-16.696,-7.473,-16.696,-16.696v-33.391c0.0,-9.223,7.479,-16.696,16.696,-16.696c9.217,0.0,16.696,7.473,16.696,16.696v33.391C308.718,297.648,301.24,305.121,292.022,305.121z"" style=""fill:#87D7D7;"">
 </path>
 <path d=""M297.588,338.512H258.631V516.599h55.652V355.208C314.283,345.988,306.808,338.512,297.588,338.512z"" style=""fill:#875334;"">
 </path>
 <path d=""M405.436,191.707c3.261,3.261,7.533,4.892,11.804,4.892s8.544,-1.631,11.804,-4.892c6.521,-6.516,6.521,-17.092,0.0,-23.609L270.435,9.49C267.175,6.23,262.903,4.599,258.631,4.599v40.304L405.436,191.707z"" style=""fill:#FF3501;"">
 </path>
 <path d=""M258.631,204.947c-27.619,0.0,-50.087,-22.468,-50.087,-50.087s22.468,-50.087,50.087,-50.087s50.087,22.468,50.087,50.087S286.25,204.947,258.631,204.947z"" style=""fill:#B1C6E4;"">
 </path>
 <path d=""M308.718,154.86c0.0,-27.619,-22.468,-50.087,-50.087,-50.087v100.174C286.25,204.947,308.718,182.479,308.718,154.86z"" style=""fill:#9DB0CA;"">
 </path>
 <path d=""M258.631,171.556c-9.206,0.0,-16.696,-7.49,-16.696,-16.696s7.49,-16.696,16.696,-16.696c9.206,0.0,16.696,7.49,16.696,16.696S267.837,171.556,258.631,171.556z"" style=""fill:#DBE9FD;"">
 </path>
 <path d=""M275.327,154.86c0.0,-9.206,-7.49,-16.696,-16.696,-16.696v33.391C267.837,171.556,275.327,164.066,275.327,154.86z"" style=""fill:#C5DCFD;"">
 </path>
</svg>


Question: What shape is the roof of the building?",Square,Circle,Triangle,Rectangle,C,building
1,"Examine the following SVG code carefully and answer the question based on your interpretation of the rendered image.

<svg id=""Layer_1"" style=""enable-background:new 0 0 512 512;"" version=""1.1"" viewbox=""0 0 512 512"" x=""0px"" xml:space=""preserve"" y=""0px"">
 <path d=""M152.892,516.599H19.327C10.11,516.599,2.631,509.126,2.631,499.904V221.643c0.0,-9.223,7.479,-16.696,16.696,-16.696h133.565c9.217,0.0,16.696,7.473,16.696,16.696v278.261C169.588,509.126,162.109,516.599,152.892,516.599z"" style=""fill:#C5DCFD;"">
 </path>
 <path d=""M497.935,516.599H364.37c-9.217,0.0,-16.696,-7.473,-16.696,-16.696V221.643c0.0,-9.223,7.479,-16.696,16.696,-16.696h133.565c9.217,0.0,16.696,7.473,16.696,16.696v278.261C514.631,509.126,507.153,516.599,497.935,516.599z"" style=""fill:#B1C6E4;"">
 </path>
 <path d=""M136.196,516.599V149.298L258.631,31.034l122.435,118.264V516.599H136.196z"" style=""fill:#DBE9FD;"">
 </path>
 <polygon points=""381.066,516.599 381.066,149.298 258.631,31.034 258.631,516.599"" style=""fill:#C5DCFD;"">
 </polygon>
 <path d=""M417.24,196.599c-4.272,0.0,-8.544,-1.631,-11.804,-4.892L258.631,44.904L117.391,186.142c-6.521,6.521,-17.087,6.521,-23.609,0.0c-6.521,-6.516,-6.521,-17.092,0.0,-23.609L246.826,9.49c6.521,-6.521,17.087,-6.521,23.609,0.0L429.044,168.099c6.521,6.516,6.521,17.092,0.0,23.609C425.784,194.969,421.512,196.599,417.24,196.599z"" style=""fill:#FF6243;"">
 </path>
 <path d=""M314.283,516.599H202.979V355.208c0.0,-9.22,7.475,-16.696,16.696,-16.696h77.913c9.22,0.0,16.696,7.475,16.696,16.696V516.599z"" style=""fill:#95673F;"">
 </path>
 <g>
  <path d=""M86.109,338.512c-9.217,0.0,-16.696,-7.473,-16.696,-16.696v-33.391c0.0,-9.223,7.479,-16.696,16.696,-16.696s16.696,7.473,16.696,16.696v33.391C102.805,331.039,95.327,338.512,86.109,338.512z"" style=""fill:#80D7D7;"">
  </path>
  <path d=""M86.109,438.686c-9.217,0.0,-16.696,-7.473,-16.696,-16.696V388.599c0.0,-9.223,7.479,-16.696,16.696,-16.696s16.696,7.473,16.696,16.696v33.391C102.805,431.213,95.327,438.686,86.109,438.686z"" style=""fill:#80D7D7;"">
  </path>
 </g>
 <g>
  <path d=""M431.153,338.512c-9.217,0.0,-16.696,-7.473,-16.696,-16.696v-33.391c0.0,-9.223,7.479,-16.696,16.696,-16.696c9.217,0.0,16.696,7.473,16.696,16.696v33.391C447.848,331.039,440.37,338.512,431.153,338.512z"" style=""fill:#77BDBD;"">
  </path>
  <path d=""M431.153,438.686c-9.217,0.0,-16.696,-7.473,-16.696,-16.696V388.599c0.0,-9.223,7.479,-16.696,16.696,-16.696c9.217,0.0,16.696,7.473,16.696,16.696v33.391C447.848,431.213,440.37,438.686,431.153,438.686z"" style=""fill:#77BDBD;"">
  </path>
 </g>
 <path d=""M225.24,305.121c-9.217,0.0,-16.696,-7.473,-16.696,-16.696v-33.391c0.0,-9.223,7.479,-16.696,16.696,-16.696s16.696,7.473,16.696,16.696v33.391C241.935,297.648,234.457,305.121,225.24,305.121z"" style=""fill:#8FF0F0;"">
 </path>
 <path d=""M292.022,305.121c-9.217,0.0,-16.696,-7.473,-16.696,-16.696v-33.391c0.0,-9.223,7.479,-16.696,16.696,-16.696c9.217,0.0,16.696,7.473,16.696,16.696v33.391C308.718,297.648,301.24,305.121,292.022,305.121z"" style=""fill:#87D7D7;"">
 </path>
 <path d=""M297.588,338.512H258.631V516.599h55.652V355.208C314.283,345.988,306.808,338.512,297.588,338.512z"" style=""fill:#875334;"">
 </path>
 <path d=""M405.436,191.707c3.261,3.261,7.533,4.892,11.804,4.892s8.544,-1.631,11.804,-4.892c6.521,-6.516,6.521,-17.092,0.0,-23.609L270.435,9.49C267.175,6.23,262.903,4.599,258.631,4.599v40.304L405.436,191.707z"" style=""fill:#FF3501;"">
 </path>
 <path d=""M258.631,204.947c-27.619,0.0,-50.087,-22.468,-50.087,-50.087s22.468,-50.087,50.087,-50.087s50.087,22.468,50.087,50.087S286.25,204.947,258.631,204.947z"" style=""fill:#B1C6E4;"">
 </path>
 <path d=""M308.718,154.86c0.0,-27.619,-22.468,-50.087,-50.087,-50.087v100.174C286.25,204.947,308.718,182.479,308.718,154.86z"" style=""fill:#9DB0CA;"">
 </path>
 <path d=""M258.631,171.556c-9.206,0.0,-16.696,-7.49,-16.696,-16.696s7.49,-16.696,16.696,-16.696c9.206,0.0,16.696,7.49,16.696,16.696S267.837,171.556,258.631,171.556z"" style=""fill:#DBE9FD;"">
 </path>
 <path d=""M275.327,154.86c0.0,-9.206,-7.49,-16.696,-16.696,-16.696v33.391C267.837,171.556,275.327,164.066,275.327,154.86z"" style=""fill:#C5DCFD;"">
 </path>
</svg>


Question: How many windows are visible on the building?",2,4,6,8,C,building
2,"Examine the following SVG code carefully and answer the question based on your interpretation of the rendered image.

<svg id=""Layer_1"" style=""enable-background:new 0 0 512 512;"" version=""1.1"" viewbox=""0 0 512 512"" x=""0px"" xml:space=""preserve"" y=""0px"">
 <path d=""M152.892,516.599H19.327C10.11,516.599,2.631,509.126,2.631,499.904V221.643c0.0,-9.223,7.479,-16.696,16.696,-16.696h133.565c9.217,0.0,16.696,7.473,16.696,16.696v278.261C169.588,509.126,162.109,516.599,152.892,516.599z"" style=""fill:#C5DCFD;"">
 </path>
 <path d=""M497.935,516.599H364.37c-9.217,0.0,-16.696,-7.473,-16.696,-16.696V221.643c0.0,-9.223,7.479,-16.696,16.696,-16.696h133.565c9.217,0.0,16.696,7.473,16.696,16.696v278.261C514.631,509.126,507.153,516.599,497.935,516.599z"" style=""fill:#B1C6E4;"">
 </path>
 <path d=""M136.196,516.599V149.298L258.631,31.034l122.435,118.264V516.599H136.196z"" style=""fill:#DBE9FD;"">
 </path>
 <polygon points=""381.066,516.599 381.066,149.298 258.631,31.034 258.631,516.599"" style=""fill:#C5DCFD;"">
 </polygon>
 <path d=""M417.24,196.599c-4.272,0.0,-8.544,-1.631,-11.804,-4.892L258.631,44.904L117.391,186.142c-6.521,6.521,-17.087,6.521,-23.609,0.0c-6.521,-6.516,-6.521,-17.092,0.0,-23.609L246.826,9.49c6.521,-6.521,17.087,-6.521,23.609,0.0L429.044,168.099c6.521,6.516,6.521,17.092,0.0,23.609C425.784,194.969,421.512,196.599,417.24,196.599z"" style=""fill:#FF6243;"">
 </path>
 <path d=""M314.283,516.599H202.979V355.208c0.0,-9.22,7.475,-16.696,16.696,-16.696h77.913c9.22,0.0,16.696,7.475,16.696,16.696V516.599z"" style=""fill:#95673F;"">
 </path>
 <g>
  <path d=""M86.109,338.512c-9.217,0.0,-16.696,-7.473,-16.696,-16.696v-33.391c0.0,-9.223,7.479,-16.696,16.696,-16.696s16.696,7.473,16.696,16.696v33.391C102.805,331.039,95.327,338.512,86.109,338.512z"" style=""fill:#80D7D7;"">
  </path>
  <path d=""M86.109,438.686c-9.217,0.0,-16.696,-7.473,-16.696,-16.696V388.599c0.0,-9.223,7.479,-16.696,16.696,-16.696s16.696,7.473,16.696,16.696v33.391C102.805,431.213,95.327,438.686,86.109,438.686z"" style=""fill:#80D7D7;"">
  </path>
 </g>
 <g>
  <path d=""M431.153,338.512c-9.217,0.0,-16.696,-7.473,-16.696,-16.696v-33.391c0.0,-9.223,7.479,-16.696,16.696,-16.696c9.217,0.0,16.696,7.473,16.696,16.696v33.391C447.848,331.039,440.37,338.512,431.153,338.512z"" style=""fill:#77BDBD;"">
  </path>
  <path d=""M431.153,438.686c-9.217,0.0,-16.696,-7.473,-16.696,-16.696V388.599c0.0,-9.223,7.479,-16.696,16.696,-16.696c9.217,0.0,16.696,7.473,16.696,16.696v33.391C447.848,431.213,440.37,438.686,431.153,438.686z"" style=""fill:#77BDBD;"">
  </path>
 </g>
 <path d=""M225.24,305.121c-9.217,0.0,-16.696,-7.473,-16.696,-16.696v-33.391c0.0,-9.223,7.479,-16.696,16.696,-16.696s16.696,7.473,16.696,16.696v33.391C241.935,297.648,234.457,305.121,225.24,305.121z"" style=""fill:#8FF0F0;"">
 </path>
 <path d=""M292.022,305.121c-9.217,0.0,-16.696,-7.473,-16.696,-16.696v-33.391c0.0,-9.223,7.479,-16.696,16.696,-16.696c9.217,0.0,16.696,7.473,16.696,16.696v33.391C308.718,297.648,301.24,305.121,292.022,305.121z"" style=""fill:#87D7D7;"">
 </path>
 <path d=""M297.588,338.512H258.631V516.599h55.652V355.208C314.283,345.988,306.808,338.512,297.588,338.512z"" style=""fill:#875334;"">
 </path>
 <path d=""M405.436,191.707c3.261,3.261,7.533,4.892,11.804,4.892s8.544,-1.631,11.804,-4.892c6.521,-6.516,6.521,-17.092,0.0,-23.609L270.435,9.49C267.175,6.23,262.903,4.599,258.631,4.599v40.304L405.436,191.707z"" style=""fill:#FF3501;"">
 </path>
 <path d=""M258.631,204.947c-27.619,0.0,-50.087,-22.468,-50.087,-50.087s22.468,-50.087,50.087,-50.087s50.087,22.468,50.087,50.087S286.25,204.947,258.631,204.947z"" style=""fill:#B1C6E4;"">
 </path>
 <path d=""M308.718,154.86c0.0,-27.619,-22.468,-50.087,-50.087,-50.087v100.174C286.25,204.947,308.718,182.479,308.718,154.86z"" style=""fill:#9DB0CA;"">
 </path>
 <path d=""M258.631,171.556c-9.206,0.0,-16.696,-7.49,-16.696,-16.696s7.49,-16.696,16.696,-16.696c9.206,0.0,16.696,7.49,16.696,16.696S267.837,171.556,258.631,171.556z"" style=""fill:#DBE9FD;"">
 </path>
 <path d=""M275.327,154.86c0.0,-9.206,-7.49,-16.696,-16.696,-16.696v33.391C267.837,171.556,275.327,164.066,275.327,154.86z"" style=""fill:#C5DCFD;"">
 </path>
</svg>


Question: What color is the door of the building?",Red,Blue,Green,Brown,D,building
3,"Examine the following SVG code carefully and answer the question based on your interpretation of the rendered image.

<svg id=""Layer_1"" style=""enable-background:new 0 0 512 512;"" version=""1.1"" viewbox=""0 0 512 512"" x=""0px"" xml:space=""preserve"" y=""0px"">
 <path d=""M152.892,516.599H19.327C10.11,516.599,2.631,509.126,2.631,499.904V221.643c0.0,-9.223,7.479,-16.696,16.696,-16.696h133.565c9.217,0.0,16.696,7.473,16.696,16.696v278.261C169.588,509.126,162.109,516.599,152.892,516.599z"" style=""fill:#C5DCFD;"">
 </path>
 <path d=""M497.935,516.599H364.37c-9.217,0.0,-16.696,-7.473,-16.696,-16.696V221.643c0.0,-9.223,7.479,-16.696,16.696,-16.696h133.565c9.217,0.0,16.696,7.473,16.696,16.696v278.261C514.631,509.126,507.153,516.599,497.935,516.599z"" style=""fill:#B1C6E4;"">
 </path>
 <path d=""M136.196,516.599V149.298L258.631,31.034l122.435,118.264V516.599H136.196z"" style=""fill:#DBE9FD;"">
 </path>
 <polygon points=""381.066,516.599 381.066,149.298 258.631,31.034 258.631,516.599"" style=""fill:#C5DCFD;"">
 </polygon>
 <path d=""M417.24,196.599c-4.272,0.0,-8.544,-1.631,-11.804,-4.892L258.631,44.904L117.391,186.142c-6.521,6.521,-17.087,6.521,-23.609,0.0c-6.521,-6.516,-6.521,-17.092,0.0,-23.609L246.826,9.49c6.521,-6.521,17.087,-6.521,23.609,0.0L429.044,168.099c6.521,6.516,6.521,17.092,0.0,23.609C425.784,194.969,421.512,196.599,417.24,196.599z"" style=""fill:#FF6243;"">
 </path>
 <path d=""M314.283,516.599H202.979V355.208c0.0,-9.22,7.475,-16.696,16.696,-16.696h77.913c9.22,0.0,16.696,7.475,16.696,16.696V516.599z"" style=""fill:#95673F;"">
 </path>
 <g>
  <path d=""M86.109,338.512c-9.217,0.0,-16.696,-7.473,-16.696,-16.696v-33.391c0.0,-9.223,7.479,-16.696,16.696,-16.696s16.696,7.473,16.696,16.696v33.391C102.805,331.039,95.327,338.512,86.109,338.512z"" style=""fill:#80D7D7;"">
  </path>
  <path d=""M86.109,438.686c-9.217,0.0,-16.696,-7.473,-16.696,-16.696V388.599c0.0,-9.223,7.479,-16.696,16.696,-16.696s16.696,7.473,16.696,16.696v33.391C102.805,431.213,95.327,438.686,86.109,438.686z"" style=""fill:#80D7D7;"">
  </path>
 </g>
 <g>
  <path d=""M431.153,338.512c-9.217,0.0,-16.696,-7.473,-16.696,-16.696v-33.391c0.0,-9.223,7.479,-16.696,16.696,-16.696c9.217,0.0,16.696,7.473,16.696,16.696v33.391C447.848,331.039,440.37,338.512,431.153,338.512z"" style=""fill:#77BDBD;"">
  </path>
  <path d=""M431.153,438.686c-9.217,0.0,-16.696,-7.473,-16.696,-16.696V388.599c0.0,-9.223,7.479,-16.696,16.696,-16.696c9.217,0.0,16.696,7.473,16.696,16.696v33.391C447.848,431.213,440.37,438.686,431.153,438.686z"" style=""fill:#77BDBD;"">
  </path>
 </g>
 <path d=""M225.24,305.121c-9.217,0.0,-16.696,-7.473,-16.696,-16.696v-33.391c0.0,-9.223,7.479,-16.696,16.696,-16.696s16.696,7.473,16.696,16.696v33.391C241.935,297.648,234.457,305.121,225.24,305.121z"" style=""fill:#8FF0F0;"">
 </path>
 <path d=""M292.022,305.121c-9.217,0.0,-16.696,-7.473,-16.696,-16.696v-33.391c0.0,-9.223,7.479,-16.696,16.696,-16.696c9.217,0.0,16.696,7.473,16.696,16.696v33.391C308.718,297.648,301.24,305.121,292.022,305.121z"" style=""fill:#87D7D7;"">
 </path>
 <path d=""M297.588,338.512H258.631V516.599h55.652V355.208C314.283,345.988,306.808,338.512,297.588,338.512z"" style=""fill:#875334;"">
 </path>
 <path d=""M405.436,191.707c3.261,3.261,7.533,4.892,11.804,4.892s8.544,-1.631,11.804,-4.892c6.521,-6.516,6.521,-17.092,0.0,-23.609L270.435,9.49C267.175,6.23,262.903,4.599,258.631,4.599v40.304L405.436,191.707z"" style=""fill:#FF3501;"">
 </path>
 <path d=""M258.631,204.947c-27.619,0.0,-50.087,-22.468,-50.087,-50.087s22.468,-50.087,50.087,-50.087s50.087,22.468,50.087,50.087S286.25,204.947,258.631,204.947z"" style=""fill:#B1C6E4;"">
 </path>
 <path d=""M308.718,154.86c0.0,-27.619,-22.468,-50.087,-50.087,-50.087v100.174C286.25,204.947,308.718,182.479,308.718,154.86z"" style=""fill:#9DB0CA;"">
 </path>
 <path d=""M258.631,171.556c-9.206,0.0,-16.696,-7.49,-16.696,-16.696s7.49,-16.696,16.696,-16.696c9.206,0.0,16.696,7.49,16.696,16.696S267.837,171.556,258.631,171.556z"" style=""fill:#DBE9FD;"">
 </path>
 <path d=""M275.327,154.86c0.0,-9.206,-7.49,-16.696,-16.696,-16.696v33.391C267.837,171.556,275.327,164.066,275.327,154.86z"" style=""fill:#C5DCFD;"">
 </path>
</svg>


Question: What type of structure is depicted in the image?",School,Train,Rocket,Swimming Pool,A,building
4,"Examine the following SVG code carefully and answer the question based on your interpretation of the rendered image.

<svg height=""91.828px"" id=""Capa_1"" style=""enable-background:new 0 0 91.828 91.828;"" version=""1.1"" viewbox=""0 0 91.828 91.828"" width=""91.828px"" x=""0px"" xml:space=""preserve"" y=""0px"">
 <g>
  <g>
   <path d=""M61.079,61.119h8.917c0.829,0.0,1.5,-0.671,1.5,-1.5V50.702c0.0,-0.829,-0.671,-1.5,-1.5,-1.5h-8.917c-0.829,0.0,-1.5,0.671,-1.5,1.5v8.917C59.579,60.447,60.249,61.119,61.079,61.119z"">
   </path>
   <path d=""M61.079,42.244h8.917c0.829,0.0,1.5,-0.671,1.5,-1.5v-8.917c0.0,-0.829,-0.671,-1.5,-1.5,-1.5h-8.917c-0.829,0.0,-1.5,0.671,-1.5,1.5v8.917C59.579,41.572,60.249,42.244,61.079,42.244z"">
   </path>
   <path d=""M61.079,23.369h8.917c0.829,0.0,1.5,-0.671,1.5,-1.5V12.952c0.0,-0.829,-0.671,-1.5,-1.5,-1.5h-8.917c-0.829,0.0,-1.5,0.671,-1.5,1.5v8.917C59.579,22.698,60.249,23.369,61.079,23.369z"">
   </path>
   <path d=""M42.204,42.244h8.917c0.829,0.0,1.5,-0.671,1.5,-1.5v-8.917c0.0,-0.829,-0.671,-1.5,-1.5,-1.5h-8.917c-0.829,0.0,-1.5,0.671,-1.5,1.5v8.917C40.704,41.572,41.374,42.244,42.204,42.244z"">
   </path>
   <path d=""M42.204,23.369h8.917c0.829,0.0,1.5,-0.671,1.5,-1.5V12.952c0.0,-0.829,-0.671,-1.5,-1.5,-1.5h-8.917c-0.829,0.0,-1.5,0.671,-1.5,1.5v8.917C40.704,22.698,41.374,23.369,42.204,23.369z"">
   </path>
   <path d=""M23.329,61.119h8.917c0.829,0.0,1.5,-0.671,1.5,-1.5V50.702c0.0,-0.829,-0.671,-1.5,-1.5,-1.5h-8.917c-0.829,0.0,-1.5,0.671,-1.5,1.5v8.917C21.829,60.447,22.499,61.119,23.329,61.119z"">
   </path>
   <path d=""M42.204,61.119h8.917c0.829,0.0,1.5,-0.671,1.5,-1.5V50.702c0.0,-0.829,-0.671,-1.5,-1.5,-1.5h-8.917c-0.829,0.0,-1.5,0.671,-1.5,1.5v8.917C40.704,60.447,41.374,61.119,42.204,61.119z"">
   </path>
   <path d=""M23.329,42.244h8.917c0.829,0.0,1.5,-0.671,1.5,-1.5v-8.917c0.0,-0.829,-0.671,-1.5,-1.5,-1.5h-8.917c-0.829,0.0,-1.5,0.671,-1.5,1.5v8.917C21.829,41.572,22.499,42.244,23.329,42.244z"">
   </path>
   <path d=""M23.329,23.369h8.917c0.829,0.0,1.5,-0.671,1.5,-1.5V12.952c0.0,-0.829,-0.671,-1.5,-1.5,-1.5h-8.917c-0.829,0.0,-1.5,0.671,-1.5,1.5v8.917C21.829,22.698,22.499,23.369,23.329,23.369z"">
   </path>
   <path d=""M79.704,0.622H13.62c-1.104,0.0,-2.0,0.896,-2.0,2.0v87.828c0.0,1.104,0.896,2.0,2.0,2.0h19.375c1.104,0.0,2.0,-0.896,2.0,-2.0V74.536h23.333v15.914c0.0,1.104,0.896,2.0,2.0,2.0h19.375c1.104,0.0,2.0,-0.896,2.0,-2.0V2.622C81.704,1.517,80.807,0.622,79.704,0.622zM75.704,86.45H64.329V74.536v-6.0h-6.0H34.995h-6.0v6.0v11.914H17.62V6.622h58.084V86.45z"">
   </path>
  </g>
 </g>
</svg>


Question: How many windows are visible on the object?",5,7,11,9,D,building
5,"Examine the following SVG code carefully and answer the question based on your interpretation of the rendered image.

<svg height=""91.828px"" id=""Capa_1"" style=""enable-background:new 0 0 91.828 91.828;"" version=""1.1"" viewbox=""0 0 91.828 91.828"" width=""91.828px"" x=""0px"" xml:space=""preserve"" y=""0px"">
 <g>
  <g>
   <path d=""M61.079,61.119h8.917c0.829,0.0,1.5,-0.671,1.5,-1.5V50.702c0.0,-0.829,-0.671,-1.5,-1.5,-1.5h-8.917c-0.829,0.0,-1.5,0.671,-1.5,1.5v8.917C59.579,60.447,60.249,61.119,61.079,61.119z"">
   </path>
   <path d=""M61.079,42.244h8.917c0.829,0.0,1.5,-0.671,1.5,-1.5v-8.917c0.0,-0.829,-0.671,-1.5,-1.5,-1.5h-8.917c-0.829,0.0,-1.5,0.671,-1.5,1.5v8.917C59.579,41.572,60.249,42.244,61.079,42.244z"">
   </path>
   <path d=""M61.079,23.369h8.917c0.829,0.0,1.5,-0.671,1.5,-1.5V12.952c0.0,-0.829,-0.671,-1.5,-1.5,-1.5h-8.917c-0.829,0.0,-1.5,0.671,-1.5,1.5v8.917C59.579,22.698,60.249,23.369,61.079,23.369z"">
   </path>
   <path d=""M42.204,42.244h8.917c0.829,0.0,1.5,-0.671,1.5,-1.5v-8.917c0.0,-0.829,-0.671,-1.5,-1.5,-1.5h-8.917c-0.829,0.0,-1.5,0.671,-1.5,1.5v8.917C40.704,41.572,41.374,42.244,42.204,42.244z"">
   </path>
   <path d=""M42.204,23.369h8.917c0.829,0.0,1.5,-0.671,1.5,-1.5V12.952c0.0,-0.829,-0.671,-1.5,-1.5,-1.5h-8.917c-0.829,0.0,-1.5,0.671,-1.5,1.5v8.917C40.704,22.698,41.374,23.369,42.204,23.369z"">
   </path>
   <path d=""M23.329,61.119h8.917c0.829,0.0,1.5,-0.671,1.5,-1.5V50.702c0.0,-0.829,-0.671,-1.5,-1.5,-1.5h-8.917c-0.829,0.0,-1.5,0.671,-1.5,1.5v8.917C21.829,60.447,22.499,61.119,23.329,61.119z"">
   </path>
   <path d=""M42.204,61.119h8.917c0.829,0.0,1.5,-0.671,1.5,-1.5V50.702c0.0,-0.829,-0.671,-1.5,-1.5,-1.5h-8.917c-0.829,0.0,-1.5,0.671,-1.5,1.5v8.917C40.704,60.447,41.374,61.119,42.204,61.119z"">
   </path>
   <path d=""M23.329,42.244h8.917c0.829,0.0,1.5,-0.671,1.5,-1.5v-8.917c0.0,-0.829,-0.671,-1.5,-1.5,-1.5h-8.917c-0.829,0.0,-1.5,0.671,-1.5,1.5v8.917C21.829,41.572,22.499,42.244,23.329,42.244z"">
   </path>
   <path d=""M23.329,23.369h8.917c0.829,0.0,1.5,-0.671,1.5,-1.5V12.952c0.0,-0.829,-0.671,-1.5,-1.5,-1.5h-8.917c-0.829,0.0,-1.5,0.671,-1.5,1.5v8.917C21.829,22.698,22.499,23.369,23.329,23.369z"">
   </path>
   <path d=""M79.704,0.622H13.62c-1.104,0.0,-2.0,0.896,-2.0,2.0v87.828c0.0,1.104,0.896,2.0,2.0,2.0h19.375c1.104,0.0,2.0,-0.896,2.0,-2.0V74.536h23.333v15.914c0.0,1.104,0.896,2.0,2.0,2.0h19.375c1.104,0.0,2.0,-0.896,2.0,-2.0V2.622C81.704,1.517,80.807,0.622,79.704,0.622zM75.704,86.45H64.329V74.536v-6.0h-6.0H34.995h-6.0v6.0v11.914H17.62V6.622h58.084V86.45z"">
   </path>
  </g>
 </g>
</svg>


Question: What shape are the windows on the object?",Circular,Triangular,Rectangular,Hexagonal,C,building
6,"Examine the following SVG code carefully and answer the question based on your interpretation of the rendered image.

<svg height=""91.828px"" id=""Capa_1"" style=""enable-background:new 0 0 91.828 91.828;"" version=""1.1"" viewbox=""0 0 91.828 91.828"" width=""91.828px"" x=""0px"" xml:space=""preserve"" y=""0px"">
 <g>
  <g>
   <path d=""M61.079,61.119h8.917c0.829,0.0,1.5,-0.671,1.5,-1.5V50.702c0.0,-0.829,-0.671,-1.5,-1.5,-1.5h-8.917c-0.829,0.0,-1.5,0.671,-1.5,1.5v8.917C59.579,60.447,60.249,61.119,61.079,61.119z"">
   </path>
   <path d=""M61.079,42.244h8.917c0.829,0.0,1.5,-0.671,1.5,-1.5v-8.917c0.0,-0.829,-0.671,-1.5,-1.5,-1.5h-8.917c-0.829,0.0,-1.5,0.671,-1.5,1.5v8.917C59.579,41.572,60.249,42.244,61.079,42.244z"">
   </path>
   <path d=""M61.079,23.369h8.917c0.829,0.0,1.5,-0.671,1.5,-1.5V12.952c0.0,-0.829,-0.671,-1.5,-1.5,-1.5h-8.917c-0.829,0.0,-1.5,0.671,-1.5,1.5v8.917C59.579,22.698,60.249,23.369,61.079,23.369z"">
   </path>
   <path d=""M42.204,42.244h8.917c0.829,0.0,1.5,-0.671,1.5,-1.5v-8.917c0.0,-0.829,-0.671,-1.5,-1.5,-1.5h-8.917c-0.829,0.0,-1.5,0.671,-1.5,1.5v8.917C40.704,41.572,41.374,42.244,42.204,42.244z"">
   </path>
   <path d=""M42.204,23.369h8.917c0.829,0.0,1.5,-0.671,1.5,-1.5V12.952c0.0,-0.829,-0.671,-1.5,-1.5,-1.5h-8.917c-0.829,0.0,-1.5,0.671,-1.5,1.5v8.917C40.704,22.698,41.374,23.369,42.204,23.369z"">
   </path>
   <path d=""M23.329,61.119h8.917c0.829,0.0,1.5,-0.671,1.5,-1.5V50.702c0.0,-0.829,-0.671,-1.5,-1.5,-1.5h-8.917c-0.829,0.0,-1.5,0.671,-1.5,1.5v8.917C21.829,60.447,22.499,61.119,23.329,61.119z"">
   </path>
   <path d=""M42.204,61.119h8.917c0.829,0.0,1.5,-0.671,1.5,-1.5V50.702c0.0,-0.829,-0.671,-1.5,-1.5,-1.5h-8.917c-0.829,0.0,-1.5,0.671,-1.5,1.5v8.917C40.704,60.447,41.374,61.119,42.204,61.119z"">
   </path>
   <path d=""M23.329,42.244h8.917c0.829,0.0,1.5,-0.671,1.5,-1.5v-8.917c0.0,-0.829,-0.671,-1.5,-1.5,-1.5h-8.917c-0.829,0.0,-1.5,0.671,-1.5,1.5v8.917C21.829,41.572,22.499,42.244,23.329,42.244z"">
   </path>
   <path d=""M23.329,23.369h8.917c0.829,0.0,1.5,-0.671,1.5,-1.5V12.952c0.0,-0.829,-0.671,-1.5,-1.5,-1.5h-8.917c-0.829,0.0,-1.5,0.671,-1.5,1.5v8.917C21.829,22.698,22.499,23.369,23.329,23.369z"">
   </path>
   <path d=""M79.704,0.622H13.62c-1.104,0.0,-2.0,0.896,-2.0,2.0v87.828c0.0,1.104,0.896,2.0,2.0,2.0h19.375c1.104,0.0,2.0,-0.896,2.0,-2.0V74.536h23.333v15.914c0.0,1.104,0.896,2.0,2.0,2.0h19.375c1.104,0.0,2.0,-0.896,2.0,-2.0V2.622C81.704,1.517,80.807,0.622,79.704,0.622zM75.704,86.45H64.329V74.536v-6.0h-6.0H34.995h-6.0v6.0v11.914H17.62V6.622h58.084V86.45z"">
   </path>
  </g>
 </g>
</svg>


Question: What is the color of the windows?",Red,Blue,Green,Black,D,building
7,"Examine the following SVG code carefully and answer the question based on your interpretation of the rendered image.

<svg height=""91.828px"" id=""Capa_1"" style=""enable-background:new 0 0 91.828 91.828;"" version=""1.1"" viewbox=""0 0 91.828 91.828"" width=""91.828px"" x=""0px"" xml:space=""preserve"" y=""0px"">
 <g>
  <g>
   <path d=""M61.079,61.119h8.917c0.829,0.0,1.5,-0.671,1.5,-1.5V50.702c0.0,-0.829,-0.671,-1.5,-1.5,-1.5h-8.917c-0.829,0.0,-1.5,0.671,-1.5,1.5v8.917C59.579,60.447,60.249,61.119,61.079,61.119z"">
   </path>
   <path d=""M61.079,42.244h8.917c0.829,0.0,1.5,-0.671,1.5,-1.5v-8.917c0.0,-0.829,-0.671,-1.5,-1.5,-1.5h-8.917c-0.829,0.0,-1.5,0.671,-1.5,1.5v8.917C59.579,41.572,60.249,42.244,61.079,42.244z"">
   </path>
   <path d=""M61.079,23.369h8.917c0.829,0.0,1.5,-0.671,1.5,-1.5V12.952c0.0,-0.829,-0.671,-1.5,-1.5,-1.5h-8.917c-0.829,0.0,-1.5,0.671,-1.5,1.5v8.917C59.579,22.698,60.249,23.369,61.079,23.369z"">
   </path>
   <path d=""M42.204,42.244h8.917c0.829,0.0,1.5,-0.671,1.5,-1.5v-8.917c0.0,-0.829,-0.671,-1.5,-1.5,-1.5h-8.917c-0.829,0.0,-1.5,0.671,-1.5,1.5v8.917C40.704,41.572,41.374,42.244,42.204,42.244z"">
   </path>
   <path d=""M42.204,23.369h8.917c0.829,0.0,1.5,-0.671,1.5,-1.5V12.952c0.0,-0.829,-0.671,-1.5,-1.5,-1.5h-8.917c-0.829,0.0,-1.5,0.671,-1.5,1.5v8.917C40.704,22.698,41.374,23.369,42.204,23.369z"">
   </path>
   <path d=""M23.329,61.119h8.917c0.829,0.0,1.5,-0.671,1.5,-1.5V50.702c0.0,-0.829,-0.671,-1.5,-1.5,-1.5h-8.917c-0.829,0.0,-1.5,0.671,-1.5,1.5v8.917C21.829,60.447,22.499,61.119,23.329,61.119z"">
   </path>
   <path d=""M42.204,61.119h8.917c0.829,0.0,1.5,-0.671,1.5,-1.5V50.702c0.0,-0.829,-0.671,-1.5,-1.5,-1.5h-8.917c-0.829,0.0,-1.5,0.671,-1.5,1.5v8.917C40.704,60.447,41.374,61.119,42.204,61.119z"">
   </path>
   <path d=""M23.329,42.244h8.917c0.829,0.0,1.5,-0.671,1.5,-1.5v-8.917c0.0,-0.829,-0.671,-1.5,-1.5,-1.5h-8.917c-0.829,0.0,-1.5,0.671,-1.5,1.5v8.917C21.829,41.572,22.499,42.244,23.329,42.244z"">
   </path>
   <path d=""M23.329,23.369h8.917c0.829,0.0,1.5,-0.671,1.5,-1.5V12.952c0.0,-0.829,-0.671,-1.5,-1.5,-1.5h-8.917c-0.829,0.0,-1.5,0.671,-1.5,1.5v8.917C21.829,22.698,22.499,23.369,23.329,23.369z"">
   </path>
   <path d=""M79.704,0.622H13.62c-1.104,0.0,-2.0,0.896,-2.0,2.0v87.828c0.0,1.104,0.896,2.0,2.0,2.0h19.375c1.104,0.0,2.0,-0.896,2.0,-2.0V74.536h23.333v15.914c0.0,1.104,0.896,2.0,2.0,2.0h19.375c1.104,0.0,2.0,-0.896,2.0,-2.0V2.622C81.704,1.517,80.807,0.622,79.704,0.622zM75.704,86.45H64.329V74.536v-6.0h-6.0H34.995h-6.0v6.0v11.914H17.62V6.622h58.084V86.45z"">
   </path>
  </g>
 </g>
</svg>


Question: What type of object is shown in the image?",Tree,Car,Animal,Building,D,building
44,"Examine the following SVG code carefully and answer the question based on your interpretation of the rendered image.

<svg id=""Layer_1"" style=""enable-background:new 0 0 507.733 507.733;"" version=""1.1"" viewbox=""0 0 507.733 507.733"" x=""0px"" xml:space=""preserve"" y=""0px"">
 <g transform=""translate(1 1)"">
  <path d=""M43.759,314.046c25.6,0.0,34.133,68.267,34.133,102.4c0.0,18.773,-15.36,34.133,-34.133,34.133S9.626,435.219,9.626,416.446C9.626,382.312,18.159,314.046,43.759,314.046zM487.493,467.646c9.387,0.0,17.067,7.68,17.067,17.067s-7.68,17.067,-17.067,17.067H419.226c-9.387,0.0,-17.067,-7.68,-17.067,-17.067s7.68,-17.067,17.067,-17.067c3.413,0.0,6.827,0.853,9.387,2.56c0.853,-5.12,4.267,-10.24,7.68,-13.653c4.267,-4.267,10.24,-5.973,17.067,-5.973c11.947,0.0,22.187,8.533,24.747,19.627C480.666,468.499,484.079,467.646,487.493,467.646z"" style=""fill:#7EE1E6;"">
  </path>
  <path d=""M436.293,456.552L436.293,456.552c-3.413,3.413,-6.827,8.533,-7.68,13.653c-2.56,-1.707,-5.973,-2.56,-9.387,-2.56c-9.387,0.0,-17.067,7.68,-17.067,17.067v-51.2v-68.267V296.979v-68.267v-68.267V92.179h-51.2h-51.2h-51.2h-51.2h-51.2v68.267v68.267V296.979v68.267v68.267V501.779H112.026V58.046h68.267H368.026h68.267V456.552L436.293,456.552zM368.026,23.912v34.133H180.293V23.912h68.267V6.846h51.2v17.067H368.026L368.026,23.912z"" style=""fill:#C49AE9;"">
  </path>
  <rect height=""418.133"" style=""fill:#E4F2DE;"" width=""256"" x=""146.159"" y=""92.179"">
  </rect>
 </g>
 <path d=""M488.493,507.046c-2.56,0.0,-4.267,-1.707,-4.267,-4.267c0.0,-2.56,1.707,-4.267,4.267,-4.267c6.827,0.0,12.8,-5.973,12.8,-12.8s-5.973,-12.8,-12.8,-12.8c-2.56,0.0,-5.12,0.853,-6.827,1.707c-0.853,0.853,-2.56,0.853,-4.267,0.0s-2.56,-1.707,-2.56,-3.413c-2.56,-9.387,-11.093,-16.213,-20.48,-16.213s-18.773,6.827,-20.48,16.213c0.0,1.707,-0.853,2.56,-2.56,3.413s-2.56,0.0,-4.267,0.0c-1.707,-1.707,-4.267,-1.707,-6.827,-1.707c-6.827,0.0,-12.8,5.973,-12.8,12.8s5.973,12.8,12.8,12.8c2.56,0.0,4.267,1.707,4.267,4.267c0.0,2.56,-1.707,4.267,-4.267,4.267H147.159c-2.56,0.0,-4.267,-1.707,-4.267,-4.267V93.179c0.0,-2.56,1.707,-4.267,4.267,-4.267h256.0c2.56,0.0,4.267,1.707,4.267,4.267v349.867c0.0,2.56,-1.707,4.267,-4.267,4.267s-4.267,-1.707,-4.267,-4.267V438.779H356.226v59.733h46.933c-2.56,-3.413,-4.267,-7.68,-4.267,-12.8c0.0,-11.947,9.387,-21.333,21.333,-21.333c2.56,0.0,4.267,0.0,6.827,0.853c4.267,-11.093,15.36,-17.92,27.307,-17.92s23.04,6.827,27.307,17.92c2.56,-0.853,4.267,-0.853,6.827,-0.853c11.947,0.0,21.333,9.387,21.333,21.333S500.439,507.046,488.493,507.046zM305.026,498.512h42.667V438.779H305.026V498.512zM253.826,498.512h42.667V438.779H253.826V498.512zM202.626,498.512h42.667V438.779H202.626V498.512zM151.426,498.512h42.667V438.779H151.426V498.512zM356.226,430.246h42.667v-59.733H356.226V430.246zM305.026,430.246h42.667v-59.733H305.026V430.246zM253.826,430.246h42.667v-59.733H253.826V430.246zM202.626,430.246h42.667v-59.733H202.626V430.246zM151.426,430.246h42.667v-59.733H151.426V430.246zM356.226,361.979h42.667v-59.733H356.226V361.979zM305.026,361.979h42.667v-59.733H305.026V361.979zM253.826,361.979h42.667v-59.733H253.826V361.979zM202.626,361.979h42.667v-59.733H202.626V361.979zM151.426,361.979h42.667v-59.733H151.426V361.979zM356.226,293.712h42.667V233.979H356.226V293.712zM305.026,293.712h42.667V233.979H305.026V293.712zM253.826,293.712h42.667V233.979H253.826V293.712zM202.626,293.712h42.667V233.979H202.626V293.712zM151.426,293.712h42.667V233.979H151.426V293.712zM356.226,225.446h42.667v-59.733H356.226V225.446zM305.026,225.446h42.667v-59.733H305.026V225.446zM253.826,225.446h42.667v-59.733H253.826V225.446zM202.626,225.446h42.667v-59.733H202.626V225.446zM151.426,225.446h42.667v-59.733H151.426V225.446zM356.226,157.179h42.667V97.446H356.226V157.179zM305.026,157.179h42.667V97.446H305.026V157.179zM253.826,157.179h42.667V97.446H253.826V157.179zM202.626,157.179h42.667V97.446H202.626V157.179zM151.426,157.179h42.667V97.446H151.426V157.179zM113.026,507.046H10.626c-2.56,0.0,-4.267,-1.707,-4.267,-4.267c0.0,-2.56,1.707,-4.267,4.267,-4.267h29.867v-42.667c-18.773,-2.56,-34.133,-18.773,-34.133,-38.4C6.359,387.579,13.186,310.779,44.759,310.779s38.4,76.8,38.4,106.667c0.0,19.627,-15.36,35.84,-34.133,38.4v42.667h59.733V59.046c0.0,-2.56,1.707,-4.267,4.267,-4.267h64.0V24.912c0.0,-2.56,1.707,-4.267,4.267,-4.267h64.0v-12.8c0.0,-2.56,1.707,-4.267,4.267,-4.267h51.2c2.56,0.0,4.267,1.707,4.267,4.267v12.8h64.0c2.56,0.0,4.267,1.707,4.267,4.267V54.779h64.0c2.56,0.0,4.267,1.707,4.267,4.267v362.667c0.0,2.56,-1.707,4.267,-4.267,4.267s-4.267,-1.707,-4.267,-4.267v-358.4H215.426c-2.56,0.0,-4.267,-1.707,-4.267,-4.267c0.0,-2.56,1.707,-4.267,4.267,-4.267h149.333V29.179h-64.0c-2.56,0.0,-4.267,-1.707,-4.267,-4.267v-12.8H253.826v12.8c0.0,2.56,-1.707,4.267,-4.267,4.267h-64.0v29.867c0.0,2.56,-1.707,4.267,-4.267,4.267h-64.0V502.779C117.293,505.339,115.586,507.046,113.026,507.046zM44.759,319.312c-19.627,0.0,-29.867,58.027,-29.867,98.133c0.0,16.213,13.653,29.867,29.867,29.867S74.626,433.659,74.626,417.446C74.626,377.339,64.386,319.312,44.759,319.312z"" style=""fill:#51565F;"">
 </path>
</svg>


Question: What is the color of the building in the image?",Red,Blue,Yellow,Purple,D,building
45,"Examine the following SVG code carefully and answer the question based on your interpretation of the rendered image.

<svg id=""Layer_1"" style=""enable-background:new 0 0 507.733 507.733;"" version=""1.1"" viewbox=""0 0 507.733 507.733"" x=""0px"" xml:space=""preserve"" y=""0px"">
 <g transform=""translate(1 1)"">
  <path d=""M43.759,314.046c25.6,0.0,34.133,68.267,34.133,102.4c0.0,18.773,-15.36,34.133,-34.133,34.133S9.626,435.219,9.626,416.446C9.626,382.312,18.159,314.046,43.759,314.046zM487.493,467.646c9.387,0.0,17.067,7.68,17.067,17.067s-7.68,17.067,-17.067,17.067H419.226c-9.387,0.0,-17.067,-7.68,-17.067,-17.067s7.68,-17.067,17.067,-17.067c3.413,0.0,6.827,0.853,9.387,2.56c0.853,-5.12,4.267,-10.24,7.68,-13.653c4.267,-4.267,10.24,-5.973,17.067,-5.973c11.947,0.0,22.187,8.533,24.747,19.627C480.666,468.499,484.079,467.646,487.493,467.646z"" style=""fill:#7EE1E6;"">
  </path>
  <path d=""M436.293,456.552L436.293,456.552c-3.413,3.413,-6.827,8.533,-7.68,13.653c-2.56,-1.707,-5.973,-2.56,-9.387,-2.56c-9.387,0.0,-17.067,7.68,-17.067,17.067v-51.2v-68.267V296.979v-68.267v-68.267V92.179h-51.2h-51.2h-51.2h-51.2h-51.2v68.267v68.267V296.979v68.267v68.267V501.779H112.026V58.046h68.267H368.026h68.267V456.552L436.293,456.552zM368.026,23.912v34.133H180.293V23.912h68.267V6.846h51.2v17.067H368.026L368.026,23.912z"" style=""fill:#C49AE9;"">
  </path>
  <rect height=""418.133"" style=""fill:#E4F2DE;"" width=""256"" x=""146.159"" y=""92.179"">
  </rect>
 </g>
 <path d=""M488.493,507.046c-2.56,0.0,-4.267,-1.707,-4.267,-4.267c0.0,-2.56,1.707,-4.267,4.267,-4.267c6.827,0.0,12.8,-5.973,12.8,-12.8s-5.973,-12.8,-12.8,-12.8c-2.56,0.0,-5.12,0.853,-6.827,1.707c-0.853,0.853,-2.56,0.853,-4.267,0.0s-2.56,-1.707,-2.56,-3.413c-2.56,-9.387,-11.093,-16.213,-20.48,-16.213s-18.773,6.827,-20.48,16.213c0.0,1.707,-0.853,2.56,-2.56,3.413s-2.56,0.0,-4.267,0.0c-1.707,-1.707,-4.267,-1.707,-6.827,-1.707c-6.827,0.0,-12.8,5.973,-12.8,12.8s5.973,12.8,12.8,12.8c2.56,0.0,4.267,1.707,4.267,4.267c0.0,2.56,-1.707,4.267,-4.267,4.267H147.159c-2.56,0.0,-4.267,-1.707,-4.267,-4.267V93.179c0.0,-2.56,1.707,-4.267,4.267,-4.267h256.0c2.56,0.0,4.267,1.707,4.267,4.267v349.867c0.0,2.56,-1.707,4.267,-4.267,4.267s-4.267,-1.707,-4.267,-4.267V438.779H356.226v59.733h46.933c-2.56,-3.413,-4.267,-7.68,-4.267,-12.8c0.0,-11.947,9.387,-21.333,21.333,-21.333c2.56,0.0,4.267,0.0,6.827,0.853c4.267,-11.093,15.36,-17.92,27.307,-17.92s23.04,6.827,27.307,17.92c2.56,-0.853,4.267,-0.853,6.827,-0.853c11.947,0.0,21.333,9.387,21.333,21.333S500.439,507.046,488.493,507.046zM305.026,498.512h42.667V438.779H305.026V498.512zM253.826,498.512h42.667V438.779H253.826V498.512zM202.626,498.512h42.667V438.779H202.626V498.512zM151.426,498.512h42.667V438.779H151.426V498.512zM356.226,430.246h42.667v-59.733H356.226V430.246zM305.026,430.246h42.667v-59.733H305.026V430.246zM253.826,430.246h42.667v-59.733H253.826V430.246zM202.626,430.246h42.667v-59.733H202.626V430.246zM151.426,430.246h42.667v-59.733H151.426V430.246zM356.226,361.979h42.667v-59.733H356.226V361.979zM305.026,361.979h42.667v-59.733H305.026V361.979zM253.826,361.979h42.667v-59.733H253.826V361.979zM202.626,361.979h42.667v-59.733H202.626V361.979zM151.426,361.979h42.667v-59.733H151.426V361.979zM356.226,293.712h42.667V233.979H356.226V293.712zM305.026,293.712h42.667V233.979H305.026V293.712zM253.826,293.712h42.667V233.979H253.826V293.712zM202.626,293.712h42.667V233.979H202.626V293.712zM151.426,293.712h42.667V233.979H151.426V293.712zM356.226,225.446h42.667v-59.733H356.226V225.446zM305.026,225.446h42.667v-59.733H305.026V225.446zM253.826,225.446h42.667v-59.733H253.826V225.446zM202.626,225.446h42.667v-59.733H202.626V225.446zM151.426,225.446h42.667v-59.733H151.426V225.446zM356.226,157.179h42.667V97.446H356.226V157.179zM305.026,157.179h42.667V97.446H305.026V157.179zM253.826,157.179h42.667V97.446H253.826V157.179zM202.626,157.179h42.667V97.446H202.626V157.179zM151.426,157.179h42.667V97.446H151.426V157.179zM113.026,507.046H10.626c-2.56,0.0,-4.267,-1.707,-4.267,-4.267c0.0,-2.56,1.707,-4.267,4.267,-4.267h29.867v-42.667c-18.773,-2.56,-34.133,-18.773,-34.133,-38.4C6.359,387.579,13.186,310.779,44.759,310.779s38.4,76.8,38.4,106.667c0.0,19.627,-15.36,35.84,-34.133,38.4v42.667h59.733V59.046c0.0,-2.56,1.707,-4.267,4.267,-4.267h64.0V24.912c0.0,-2.56,1.707,-4.267,4.267,-4.267h64.0v-12.8c0.0,-2.56,1.707,-4.267,4.267,-4.267h51.2c2.56,0.0,4.267,1.707,4.267,4.267v12.8h64.0c2.56,0.0,4.267,1.707,4.267,4.267V54.779h64.0c2.56,0.0,4.267,1.707,4.267,4.267v362.667c0.0,2.56,-1.707,4.267,-4.267,4.267s-4.267,-1.707,-4.267,-4.267v-358.4H215.426c-2.56,0.0,-4.267,-1.707,-4.267,-4.267c0.0,-2.56,1.707,-4.267,4.267,-4.267h149.333V29.179h-64.0c-2.56,0.0,-4.267,-1.707,-4.267,-4.267v-12.8H253.826v12.8c0.0,2.56,-1.707,4.267,-4.267,4.267h-64.0v29.867c0.0,2.56,-1.707,4.267,-4.267,4.267h-64.0V502.779C117.293,505.339,115.586,507.046,113.026,507.046zM44.759,319.312c-19.627,0.0,-29.867,58.027,-29.867,98.133c0.0,16.213,13.653,29.867,29.867,29.867S74.626,433.659,74.626,417.446C74.626,377.339,64.386,319.312,44.759,319.312z"" style=""fill:#51565F;"">
 </path>
</svg>


Question: How many windows are visible on the building?",12,18,24,30,D,building
46,"Examine the following SVG code carefully and answer the question based on your interpretation of the rendered image.

<svg id=""Layer_1"" style=""enable-background:new 0 0 507.733 507.733;"" version=""1.1"" viewbox=""0 0 507.733 507.733"" x=""0px"" xml:space=""preserve"" y=""0px"">
 <g transform=""translate(1 1)"">
  <path d=""M43.759,314.046c25.6,0.0,34.133,68.267,34.133,102.4c0.0,18.773,-15.36,34.133,-34.133,34.133S9.626,435.219,9.626,416.446C9.626,382.312,18.159,314.046,43.759,314.046zM487.493,467.646c9.387,0.0,17.067,7.68,17.067,17.067s-7.68,17.067,-17.067,17.067H419.226c-9.387,0.0,-17.067,-7.68,-17.067,-17.067s7.68,-17.067,17.067,-17.067c3.413,0.0,6.827,0.853,9.387,2.56c0.853,-5.12,4.267,-10.24,7.68,-13.653c4.267,-4.267,10.24,-5.973,17.067,-5.973c11.947,0.0,22.187,8.533,24.747,19.627C480.666,468.499,484.079,467.646,487.493,467.646z"" style=""fill:#7EE1E6;"">
  </path>
  <path d=""M436.293,456.552L436.293,456.552c-3.413,3.413,-6.827,8.533,-7.68,13.653c-2.56,-1.707,-5.973,-2.56,-9.387,-2.56c-9.387,0.0,-17.067,7.68,-17.067,17.067v-51.2v-68.267V296.979v-68.267v-68.267V92.179h-51.2h-51.2h-51.2h-51.2h-51.2v68.267v68.267V296.979v68.267v68.267V501.779H112.026V58.046h68.267H368.026h68.267V456.552L436.293,456.552zM368.026,23.912v34.133H180.293V23.912h68.267V6.846h51.2v17.067H368.026L368.026,23.912z"" style=""fill:#C49AE9;"">
  </path>
  <rect height=""418.133"" style=""fill:#E4F2DE;"" width=""256"" x=""146.159"" y=""92.179"">
  </rect>
 </g>
 <path d=""M488.493,507.046c-2.56,0.0,-4.267,-1.707,-4.267,-4.267c0.0,-2.56,1.707,-4.267,4.267,-4.267c6.827,0.0,12.8,-5.973,12.8,-12.8s-5.973,-12.8,-12.8,-12.8c-2.56,0.0,-5.12,0.853,-6.827,1.707c-0.853,0.853,-2.56,0.853,-4.267,0.0s-2.56,-1.707,-2.56,-3.413c-2.56,-9.387,-11.093,-16.213,-20.48,-16.213s-18.773,6.827,-20.48,16.213c0.0,1.707,-0.853,2.56,-2.56,3.413s-2.56,0.0,-4.267,0.0c-1.707,-1.707,-4.267,-1.707,-6.827,-1.707c-6.827,0.0,-12.8,5.973,-12.8,12.8s5.973,12.8,12.8,12.8c2.56,0.0,4.267,1.707,4.267,4.267c0.0,2.56,-1.707,4.267,-4.267,4.267H147.159c-2.56,0.0,-4.267,-1.707,-4.267,-4.267V93.179c0.0,-2.56,1.707,-4.267,4.267,-4.267h256.0c2.56,0.0,4.267,1.707,4.267,4.267v349.867c0.0,2.56,-1.707,4.267,-4.267,4.267s-4.267,-1.707,-4.267,-4.267V438.779H356.226v59.733h46.933c-2.56,-3.413,-4.267,-7.68,-4.267,-12.8c0.0,-11.947,9.387,-21.333,21.333,-21.333c2.56,0.0,4.267,0.0,6.827,0.853c4.267,-11.093,15.36,-17.92,27.307,-17.92s23.04,6.827,27.307,17.92c2.56,-0.853,4.267,-0.853,6.827,-0.853c11.947,0.0,21.333,9.387,21.333,21.333S500.439,507.046,488.493,507.046zM305.026,498.512h42.667V438.779H305.026V498.512zM253.826,498.512h42.667V438.779H253.826V498.512zM202.626,498.512h42.667V438.779H202.626V498.512zM151.426,498.512h42.667V438.779H151.426V498.512zM356.226,430.246h42.667v-59.733H356.226V430.246zM305.026,430.246h42.667v-59.733H305.026V430.246zM253.826,430.246h42.667v-59.733H253.826V430.246zM202.626,430.246h42.667v-59.733H202.626V430.246zM151.426,430.246h42.667v-59.733H151.426V430.246zM356.226,361.979h42.667v-59.733H356.226V361.979zM305.026,361.979h42.667v-59.733H305.026V361.979zM253.826,361.979h42.667v-59.733H253.826V361.979zM202.626,361.979h42.667v-59.733H202.626V361.979zM151.426,361.979h42.667v-59.733H151.426V361.979zM356.226,293.712h42.667V233.979H356.226V293.712zM305.026,293.712h42.667V233.979H305.026V293.712zM253.826,293.712h42.667V233.979H253.826V293.712zM202.626,293.712h42.667V233.979H202.626V293.712zM151.426,293.712h42.667V233.979H151.426V293.712zM356.226,225.446h42.667v-59.733H356.226V225.446zM305.026,225.446h42.667v-59.733H305.026V225.446zM253.826,225.446h42.667v-59.733H253.826V225.446zM202.626,225.446h42.667v-59.733H202.626V225.446zM151.426,225.446h42.667v-59.733H151.426V225.446zM356.226,157.179h42.667V97.446H356.226V157.179zM305.026,157.179h42.667V97.446H305.026V157.179zM253.826,157.179h42.667V97.446H253.826V157.179zM202.626,157.179h42.667V97.446H202.626V157.179zM151.426,157.179h42.667V97.446H151.426V157.179zM113.026,507.046H10.626c-2.56,0.0,-4.267,-1.707,-4.267,-4.267c0.0,-2.56,1.707,-4.267,4.267,-4.267h29.867v-42.667c-18.773,-2.56,-34.133,-18.773,-34.133,-38.4C6.359,387.579,13.186,310.779,44.759,310.779s38.4,76.8,38.4,106.667c0.0,19.627,-15.36,35.84,-34.133,38.4v42.667h59.733V59.046c0.0,-2.56,1.707,-4.267,4.267,-4.267h64.0V24.912c0.0,-2.56,1.707,-4.267,4.267,-4.267h64.0v-12.8c0.0,-2.56,1.707,-4.267,4.267,-4.267h51.2c2.56,0.0,4.267,1.707,4.267,4.267v12.8h64.0c2.56,0.0,4.267,1.707,4.267,4.267V54.779h64.0c2.56,0.0,4.267,1.707,4.267,4.267v362.667c0.0,2.56,-1.707,4.267,-4.267,4.267s-4.267,-1.707,-4.267,-4.267v-358.4H215.426c-2.56,0.0,-4.267,-1.707,-4.267,-4.267c0.0,-2.56,1.707,-4.267,4.267,-4.267h149.333V29.179h-64.0c-2.56,0.0,-4.267,-1.707,-4.267,-4.267v-12.8H253.826v12.8c0.0,2.56,-1.707,4.267,-4.267,4.267h-64.0v29.867c0.0,2.56,-1.707,4.267,-4.267,4.267h-64.0V502.779C117.293,505.339,115.586,507.046,113.026,507.046zM44.759,319.312c-19.627,0.0,-29.867,58.027,-29.867,98.133c0.0,16.213,13.653,29.867,29.867,29.867S74.626,433.659,74.626,417.446C74.626,377.339,64.386,319.312,44.759,319.312z"" style=""fill:#51565F;"">
 </path>
</svg>


Question: What is located to the left of the building?",car,tree,bench,person,B,building
47,"Examine the following SVG code carefully and answer the question based on your interpretation of the rendered image.

<svg id=""Layer_1"" style=""enable-background:new 0 0 507.733 507.733;"" version=""1.1"" viewbox=""0 0 507.733 507.733"" x=""0px"" xml:space=""preserve"" y=""0px"">
 <g transform=""translate(1 1)"">
  <path d=""M43.759,314.046c25.6,0.0,34.133,68.267,34.133,102.4c0.0,18.773,-15.36,34.133,-34.133,34.133S9.626,435.219,9.626,416.446C9.626,382.312,18.159,314.046,43.759,314.046zM487.493,467.646c9.387,0.0,17.067,7.68,17.067,17.067s-7.68,17.067,-17.067,17.067H419.226c-9.387,0.0,-17.067,-7.68,-17.067,-17.067s7.68,-17.067,17.067,-17.067c3.413,0.0,6.827,0.853,9.387,2.56c0.853,-5.12,4.267,-10.24,7.68,-13.653c4.267,-4.267,10.24,-5.973,17.067,-5.973c11.947,0.0,22.187,8.533,24.747,19.627C480.666,468.499,484.079,467.646,487.493,467.646z"" style=""fill:#7EE1E6;"">
  </path>
  <path d=""M436.293,456.552L436.293,456.552c-3.413,3.413,-6.827,8.533,-7.68,13.653c-2.56,-1.707,-5.973,-2.56,-9.387,-2.56c-9.387,0.0,-17.067,7.68,-17.067,17.067v-51.2v-68.267V296.979v-68.267v-68.267V92.179h-51.2h-51.2h-51.2h-51.2h-51.2v68.267v68.267V296.979v68.267v68.267V501.779H112.026V58.046h68.267H368.026h68.267V456.552L436.293,456.552zM368.026,23.912v34.133H180.293V23.912h68.267V6.846h51.2v17.067H368.026L368.026,23.912z"" style=""fill:#C49AE9;"">
  </path>
  <rect height=""418.133"" style=""fill:#E4F2DE;"" width=""256"" x=""146.159"" y=""92.179"">
  </rect>
 </g>
 <path d=""M488.493,507.046c-2.56,0.0,-4.267,-1.707,-4.267,-4.267c0.0,-2.56,1.707,-4.267,4.267,-4.267c6.827,0.0,12.8,-5.973,12.8,-12.8s-5.973,-12.8,-12.8,-12.8c-2.56,0.0,-5.12,0.853,-6.827,1.707c-0.853,0.853,-2.56,0.853,-4.267,0.0s-2.56,-1.707,-2.56,-3.413c-2.56,-9.387,-11.093,-16.213,-20.48,-16.213s-18.773,6.827,-20.48,16.213c0.0,1.707,-0.853,2.56,-2.56,3.413s-2.56,0.0,-4.267,0.0c-1.707,-1.707,-4.267,-1.707,-6.827,-1.707c-6.827,0.0,-12.8,5.973,-12.8,12.8s5.973,12.8,12.8,12.8c2.56,0.0,4.267,1.707,4.267,4.267c0.0,2.56,-1.707,4.267,-4.267,4.267H147.159c-2.56,0.0,-4.267,-1.707,-4.267,-4.267V93.179c0.0,-2.56,1.707,-4.267,4.267,-4.267h256.0c2.56,0.0,4.267,1.707,4.267,4.267v349.867c0.0,2.56,-1.707,4.267,-4.267,4.267s-4.267,-1.707,-4.267,-4.267V438.779H356.226v59.733h46.933c-2.56,-3.413,-4.267,-7.68,-4.267,-12.8c0.0,-11.947,9.387,-21.333,21.333,-21.333c2.56,0.0,4.267,0.0,6.827,0.853c4.267,-11.093,15.36,-17.92,27.307,-17.92s23.04,6.827,27.307,17.92c2.56,-0.853,4.267,-0.853,6.827,-0.853c11.947,0.0,21.333,9.387,21.333,21.333S500.439,507.046,488.493,507.046zM305.026,498.512h42.667V438.779H305.026V498.512zM253.826,498.512h42.667V438.779H253.826V498.512zM202.626,498.512h42.667V438.779H202.626V498.512zM151.426,498.512h42.667V438.779H151.426V498.512zM356.226,430.246h42.667v-59.733H356.226V430.246zM305.026,430.246h42.667v-59.733H305.026V430.246zM253.826,430.246h42.667v-59.733H253.826V430.246zM202.626,430.246h42.667v-59.733H202.626V430.246zM151.426,430.246h42.667v-59.733H151.426V430.246zM356.226,361.979h42.667v-59.733H356.226V361.979zM305.026,361.979h42.667v-59.733H305.026V361.979zM253.826,361.979h42.667v-59.733H253.826V361.979zM202.626,361.979h42.667v-59.733H202.626V361.979zM151.426,361.979h42.667v-59.733H151.426V361.979zM356.226,293.712h42.667V233.979H356.226V293.712zM305.026,293.712h42.667V233.979H305.026V293.712zM253.826,293.712h42.667V233.979H253.826V293.712zM202.626,293.712h42.667V233.979H202.626V293.712zM151.426,293.712h42.667V233.979H151.426V293.712zM356.226,225.446h42.667v-59.733H356.226V225.446zM305.026,225.446h42.667v-59.733H305.026V225.446zM253.826,225.446h42.667v-59.733H253.826V225.446zM202.626,225.446h42.667v-59.733H202.626V225.446zM151.426,225.446h42.667v-59.733H151.426V225.446zM356.226,157.179h42.667V97.446H356.226V157.179zM305.026,157.179h42.667V97.446H305.026V157.179zM253.826,157.179h42.667V97.446H253.826V157.179zM202.626,157.179h42.667V97.446H202.626V157.179zM151.426,157.179h42.667V97.446H151.426V157.179zM113.026,507.046H10.626c-2.56,0.0,-4.267,-1.707,-4.267,-4.267c0.0,-2.56,1.707,-4.267,4.267,-4.267h29.867v-42.667c-18.773,-2.56,-34.133,-18.773,-34.133,-38.4C6.359,387.579,13.186,310.779,44.759,310.779s38.4,76.8,38.4,106.667c0.0,19.627,-15.36,35.84,-34.133,38.4v42.667h59.733V59.046c0.0,-2.56,1.707,-4.267,4.267,-4.267h64.0V24.912c0.0,-2.56,1.707,-4.267,4.267,-4.267h64.0v-12.8c0.0,-2.56,1.707,-4.267,4.267,-4.267h51.2c2.56,0.0,4.267,1.707,4.267,4.267v12.8h64.0c2.56,0.0,4.267,1.707,4.267,4.267V54.779h64.0c2.56,0.0,4.267,1.707,4.267,4.267v362.667c0.0,2.56,-1.707,4.267,-4.267,4.267s-4.267,-1.707,-4.267,-4.267v-358.4H215.426c-2.56,0.0,-4.267,-1.707,-4.267,-4.267c0.0,-2.56,1.707,-4.267,4.267,-4.267h149.333V29.179h-64.0c-2.56,0.0,-4.267,-1.707,-4.267,-4.267v-12.8H253.826v12.8c0.0,2.56,-1.707,4.267,-4.267,4.267h-64.0v29.867c0.0,2.56,-1.707,4.267,-4.267,4.267h-64.0V502.779C117.293,505.339,115.586,507.046,113.026,507.046zM44.759,319.312c-19.627,0.0,-29.867,58.027,-29.867,98.133c0.0,16.213,13.653,29.867,29.867,29.867S74.626,433.659,74.626,417.446C74.626,377.339,64.386,319.312,44.759,319.312z"" style=""fill:#51565F;"">
 </path>
</svg>


Question: What type of structure is depicted in the image?",house,skyscraper,hospital,building,D,building
52,"Examine the following SVG code carefully and answer the question based on your interpretation of the rendered image.

<svg id=""Layer_1"" style=""enable-background:new 0 0 512 512;"" version=""1.1"" viewbox=""0 0 512 512"" x=""0px"" xml:space=""preserve"" y=""0px"">
 <g>
  <g>
   <path d=""M398.331,278.121V185.03h-36.202v-31.03h-25.859V102.283h-31.03v-31.03h-31.03V4.02h-31.03v67.232h-31.03v31.03h-31.03v51.717h-25.859v31.03h-36.202v93.091h-31.03V516.02h341.333V278.121H398.331zM212.149,133.313h31.03v-31.03h31.03v31.03h31.03v20.687h-93.091V133.313zM191.463,484.99h-72.404V309.151h72.404V484.99zM294.897,484.99h-20.687V283.293h-31.03V484.99h-20.687V278.121h-72.404V216.06h217.212v62.061h-72.404V484.99zM398.331,484.99h-72.404V309.151h72.404V484.99z"">
   </path>
  </g>
 </g>
 <g>
  <g>
   <rect height=""31.03"" width=""31.03"" x=""243.180"" y=""231.576"">
   </rect>
  </g>
 </g>
 <g>
  <g>
   <rect height=""31.03"" width=""31.03"" x=""181.119"" y=""231.576"">
   </rect>
  </g>
 </g>
 <g>
  <g>
   <rect height=""31.03"" width=""31.03"" x=""305.240"" y=""231.576"">
   </rect>
  </g>
 </g>
 <g>
  <g>
   <rect height=""144.808"" width=""31.03"" x=""346.614"" y=""324.666"">
   </rect>
  </g>
 </g>
 <g>
  <g>
   <rect height=""144.808"" width=""31.03"" x=""139.746"" y=""324.666"">
   </rect>
  </g>
 </g>
</svg>


Question: How many small squares are there in the middle row of the object?",1,2,3,4,C,building
53,"Examine the following SVG code carefully and answer the question based on your interpretation of the rendered image.

<svg id=""Layer_1"" style=""enable-background:new 0 0 512 512;"" version=""1.1"" viewbox=""0 0 512 512"" x=""0px"" xml:space=""preserve"" y=""0px"">
 <g>
  <g>
   <path d=""M398.331,278.121V185.03h-36.202v-31.03h-25.859V102.283h-31.03v-31.03h-31.03V4.02h-31.03v67.232h-31.03v31.03h-31.03v51.717h-25.859v31.03h-36.202v93.091h-31.03V516.02h341.333V278.121H398.331zM212.149,133.313h31.03v-31.03h31.03v31.03h31.03v20.687h-93.091V133.313zM191.463,484.99h-72.404V309.151h72.404V484.99zM294.897,484.99h-20.687V283.293h-31.03V484.99h-20.687V278.121h-72.404V216.06h217.212v62.061h-72.404V484.99zM398.331,484.99h-72.404V309.151h72.404V484.99z"">
   </path>
  </g>
 </g>
 <g>
  <g>
   <rect height=""31.03"" width=""31.03"" x=""243.180"" y=""231.576"">
   </rect>
  </g>
 </g>
 <g>
  <g>
   <rect height=""31.03"" width=""31.03"" x=""181.119"" y=""231.576"">
   </rect>
  </g>
 </g>
 <g>
  <g>
   <rect height=""31.03"" width=""31.03"" x=""305.240"" y=""231.576"">
   </rect>
  </g>
 </g>
 <g>
  <g>
   <rect height=""144.808"" width=""31.03"" x=""346.614"" y=""324.666"">
   </rect>
  </g>
 </g>
 <g>
  <g>
   <rect height=""144.808"" width=""31.03"" x=""139.746"" y=""324.666"">
   </rect>
  </g>
 </g>
</svg>


Question: What is the shape of the two objects at the bottom left and right of the image?",Circle,Triangle,Hexagon,Rectangle,D,building
54,"Examine the following SVG code carefully and answer the question based on your interpretation of the rendered image.

<svg id=""Layer_1"" style=""enable-background:new 0 0 512 512;"" version=""1.1"" viewbox=""0 0 512 512"" x=""0px"" xml:space=""preserve"" y=""0px"">
 <g>
  <g>
   <path d=""M398.331,278.121V185.03h-36.202v-31.03h-25.859V102.283h-31.03v-31.03h-31.03V4.02h-31.03v67.232h-31.03v31.03h-31.03v51.717h-25.859v31.03h-36.202v93.091h-31.03V516.02h341.333V278.121H398.331zM212.149,133.313h31.03v-31.03h31.03v31.03h31.03v20.687h-93.091V133.313zM191.463,484.99h-72.404V309.151h72.404V484.99zM294.897,484.99h-20.687V283.293h-31.03V484.99h-20.687V278.121h-72.404V216.06h217.212v62.061h-72.404V484.99zM398.331,484.99h-72.404V309.151h72.404V484.99z"">
   </path>
  </g>
 </g>
 <g>
  <g>
   <rect height=""31.03"" width=""31.03"" x=""243.180"" y=""231.576"">
   </rect>
  </g>
 </g>
 <g>
  <g>
   <rect height=""31.03"" width=""31.03"" x=""181.119"" y=""231.576"">
   </rect>
  </g>
 </g>
 <g>
  <g>
   <rect height=""31.03"" width=""31.03"" x=""305.240"" y=""231.576"">
   </rect>
  </g>
 </g>
 <g>
  <g>
   <rect height=""144.808"" width=""31.03"" x=""346.614"" y=""324.666"">
   </rect>
  </g>
 </g>
 <g>
  <g>
   <rect height=""144.808"" width=""31.03"" x=""139.746"" y=""324.666"">
   </rect>
  </g>
 </g>
</svg>


Question: How many vertical lines are there in the bottom half of the object?",3,2,4,5,A,building
55,"Examine the following SVG code carefully and answer the question based on your interpretation of the rendered image.

<svg id=""Layer_1"" style=""enable-background:new 0 0 512 512;"" version=""1.1"" viewbox=""0 0 512 512"" x=""0px"" xml:space=""preserve"" y=""0px"">
 <g>
  <g>
   <path d=""M398.331,278.121V185.03h-36.202v-31.03h-25.859V102.283h-31.03v-31.03h-31.03V4.02h-31.03v67.232h-31.03v31.03h-31.03v51.717h-25.859v31.03h-36.202v93.091h-31.03V516.02h341.333V278.121H398.331zM212.149,133.313h31.03v-31.03h31.03v31.03h31.03v20.687h-93.091V133.313zM191.463,484.99h-72.404V309.151h72.404V484.99zM294.897,484.99h-20.687V283.293h-31.03V484.99h-20.687V278.121h-72.404V216.06h217.212v62.061h-72.404V484.99zM398.331,484.99h-72.404V309.151h72.404V484.99z"">
   </path>
  </g>
 </g>
 <g>
  <g>
   <rect height=""31.03"" width=""31.03"" x=""243.180"" y=""231.576"">
   </rect>
  </g>
 </g>
 <g>
  <g>
   <rect height=""31.03"" width=""31.03"" x=""181.119"" y=""231.576"">
   </rect>
  </g>
 </g>
 <g>
  <g>
   <rect height=""31.03"" width=""31.03"" x=""305.240"" y=""231.576"">
   </rect>
  </g>
 </g>
 <g>
  <g>
   <rect height=""144.808"" width=""31.03"" x=""346.614"" y=""324.666"">
   </rect>
  </g>
 </g>
 <g>
  <g>
   <rect height=""144.808"" width=""31.03"" x=""139.746"" y=""324.666"">
   </rect>
  </g>
 </g>
</svg>


Question: What does the object in the image resemble?",tree,house,car,building,D,building
56,"Examine the following SVG code carefully and answer the question based on your interpretation of the rendered image.

<svg id=""Layer_1"" style=""enable-background:new 0 0 512.001 512.001;"" version=""1.1"" viewbox=""0 0 512.001 512.001"" x=""0px"" xml:space=""preserve"" y=""0px"">
 <g>
  <rect height=""121.925"" style=""fill:#CFF09E;"" width=""87.59"" x=""284.432"" y=""299.854"">
  </rect>
  <path d=""M201.697,189.578c3.33,-7.984,5.175,-16.743,5.175,-25.933c0.0,-37.249,-30.196,-67.445,-67.445,-67.445s-67.445,30.196,-67.445,67.445c0.0,9.192,1.845,17.949,5.175,25.933c-33.982,3.479,-60.492,32.187,-60.492,67.088c0.0,37.249,30.196,67.445,67.445,67.445c22.904,0.0,43.128,-11.427,55.318,-28.879c12.19,17.453,32.414,28.879,55.318,28.879c37.249,0.0,67.445,-30.196,67.445,-67.445C262.19,221.766,235.678,193.058,201.697,189.578z"" style=""fill:#CFF09E;"">
  </path>
 </g>
 <path d=""M201.697,189.577c4.468,0.458,8.802,1.362,12.969,2.649c-0.04,-6.08,-4.106,-11.195,-9.665,-12.831C204.159,182.901,203.06,186.308,201.697,189.577z"" style=""fill:#507C5C;"">
 </path>
 <path d=""M206.871,163.644c0.0,6.713,-0.994,13.191,-2.822,19.309l43.323,-31.922V102.856h-46.177v33.702C204.836,144.851,206.871,154.007,206.871,163.644z"" style=""fill:#CFF09E;"">
 </path>
 <path d=""M509.651,215.013L331.778,85.31c-4.73,-3.45,-11.148,-3.45,-15.878,0.0l-55.052,40.143V102.856c0.0,-7.442,-6.033,-13.475,-13.475,-13.475h-46.177c-6.16,0.0,-11.342,4.137,-12.95,9.78c-13.58,-10.307,-30.495,-16.437,-48.818,-16.437c-44.62,0.0,-80.921,36.3,-80.921,80.921c0.0,5.324,0.512,10.577,1.527,15.722C26.728,189.632,3.188,220.492,3.188,256.668c0.0,44.62,36.3,80.921,80.921,80.921c14.951,0.0,29.379,-4.169,41.842,-11.709v98.654c0.0,7.442,6.033,13.475,13.475,13.475s13.475,-6.033,13.475,-13.475v-98.654c10.499,6.35,22.391,10.302,34.818,11.388v87.266c0.0,7.442,6.033,13.475,13.475,13.475h245.288c7.441,0.0,13.475,-6.033,13.475,-13.475v-166.24c0.0,-7.442,-6.034,-13.475,-13.475,-13.475c-7.441,0.0,-13.475,6.033,-13.475,13.475v152.765h-47.513V299.861c0.0,-7.442,-6.034,-13.475,-13.475,-13.475h-87.59c-7.441,0.0,-13.475,6.033,-13.475,13.475v111.199h-56.284v-75.959c35.016,-8.9,60.995,-40.686,60.995,-78.432c0.0,-32.772,-19.32,-61.181,-47.716,-73.869l95.891,-69.922l169.934,123.914c2.395,1.746,5.175,2.587,7.929,2.587c4.159,0.0,8.26,-1.919,10.899,-5.536C516.986,227.828,515.665,219.398,509.651,215.013zM297.905,313.336h60.639v94.981h-60.639L297.905,313.336L297.905,313.336zM233.897,116.332v27.89l-14.071,10.368c-0.807,-7.215,-2.574,-14.141,-5.157,-20.659v-17.599H233.897zM248.714,256.668c0.0,29.759,-24.211,53.97,-53.97,53.97c-17.608,0.0,-34.159,-8.643,-44.271,-23.121c-2.521,-3.609,-6.646,-5.759,-11.047,-5.759c-4.401,0.0,-8.527,2.151,-11.047,5.759c-10.112,14.478,-26.662,23.121,-44.271,23.121c-29.759,-0.001,-53.97,-24.211,-53.97,-53.97c0.0,-27.779,20.803,-50.859,48.39,-53.684c4.241,-0.434,8.026,-2.85,10.206,-6.513c2.18,-3.663,2.498,-8.142,0.858,-12.077c-2.745,-6.584,-4.137,-13.564,-4.137,-20.748c0.0,-29.759,24.211,-53.97,53.97,-53.97s53.97,24.211,53.97,53.97c0.0,7.185,-1.392,14.165,-4.137,20.747c-1.64,3.935,-1.322,8.414,0.858,12.078s5.966,6.079,10.206,6.513C227.911,205.808,248.714,228.887,248.714,256.668z"" style=""fill:#507C5C;"">
 </path>
</svg>


Question: What shape is the roof of the house in the image?",Gable,Dome,Flat,Curved,A,building
57,"Examine the following SVG code carefully and answer the question based on your interpretation of the rendered image.

<svg id=""Layer_1"" style=""enable-background:new 0 0 512.001 512.001;"" version=""1.1"" viewbox=""0 0 512.001 512.001"" x=""0px"" xml:space=""preserve"" y=""0px"">
 <g>
  <rect height=""121.925"" style=""fill:#CFF09E;"" width=""87.59"" x=""284.432"" y=""299.854"">
  </rect>
  <path d=""M201.697,189.578c3.33,-7.984,5.175,-16.743,5.175,-25.933c0.0,-37.249,-30.196,-67.445,-67.445,-67.445s-67.445,30.196,-67.445,67.445c0.0,9.192,1.845,17.949,5.175,25.933c-33.982,3.479,-60.492,32.187,-60.492,67.088c0.0,37.249,30.196,67.445,67.445,67.445c22.904,0.0,43.128,-11.427,55.318,-28.879c12.19,17.453,32.414,28.879,55.318,28.879c37.249,0.0,67.445,-30.196,67.445,-67.445C262.19,221.766,235.678,193.058,201.697,189.578z"" style=""fill:#CFF09E;"">
  </path>
 </g>
 <path d=""M201.697,189.577c4.468,0.458,8.802,1.362,12.969,2.649c-0.04,-6.08,-4.106,-11.195,-9.665,-12.831C204.159,182.901,203.06,186.308,201.697,189.577z"" style=""fill:#507C5C;"">
 </path>
 <path d=""M206.871,163.644c0.0,6.713,-0.994,13.191,-2.822,19.309l43.323,-31.922V102.856h-46.177v33.702C204.836,144.851,206.871,154.007,206.871,163.644z"" style=""fill:#CFF09E;"">
 </path>
 <path d=""M509.651,215.013L331.778,85.31c-4.73,-3.45,-11.148,-3.45,-15.878,0.0l-55.052,40.143V102.856c0.0,-7.442,-6.033,-13.475,-13.475,-13.475h-46.177c-6.16,0.0,-11.342,4.137,-12.95,9.78c-13.58,-10.307,-30.495,-16.437,-48.818,-16.437c-44.62,0.0,-80.921,36.3,-80.921,80.921c0.0,5.324,0.512,10.577,1.527,15.722C26.728,189.632,3.188,220.492,3.188,256.668c0.0,44.62,36.3,80.921,80.921,80.921c14.951,0.0,29.379,-4.169,41.842,-11.709v98.654c0.0,7.442,6.033,13.475,13.475,13.475s13.475,-6.033,13.475,-13.475v-98.654c10.499,6.35,22.391,10.302,34.818,11.388v87.266c0.0,7.442,6.033,13.475,13.475,13.475h245.288c7.441,0.0,13.475,-6.033,13.475,-13.475v-166.24c0.0,-7.442,-6.034,-13.475,-13.475,-13.475c-7.441,0.0,-13.475,6.033,-13.475,13.475v152.765h-47.513V299.861c0.0,-7.442,-6.034,-13.475,-13.475,-13.475h-87.59c-7.441,0.0,-13.475,6.033,-13.475,13.475v111.199h-56.284v-75.959c35.016,-8.9,60.995,-40.686,60.995,-78.432c0.0,-32.772,-19.32,-61.181,-47.716,-73.869l95.891,-69.922l169.934,123.914c2.395,1.746,5.175,2.587,7.929,2.587c4.159,0.0,8.26,-1.919,10.899,-5.536C516.986,227.828,515.665,219.398,509.651,215.013zM297.905,313.336h60.639v94.981h-60.639L297.905,313.336L297.905,313.336zM233.897,116.332v27.89l-14.071,10.368c-0.807,-7.215,-2.574,-14.141,-5.157,-20.659v-17.599H233.897zM248.714,256.668c0.0,29.759,-24.211,53.97,-53.97,53.97c-17.608,0.0,-34.159,-8.643,-44.271,-23.121c-2.521,-3.609,-6.646,-5.759,-11.047,-5.759c-4.401,0.0,-8.527,2.151,-11.047,5.759c-10.112,14.478,-26.662,23.121,-44.271,23.121c-29.759,-0.001,-53.97,-24.211,-53.97,-53.97c0.0,-27.779,20.803,-50.859,48.39,-53.684c4.241,-0.434,8.026,-2.85,10.206,-6.513c2.18,-3.663,2.498,-8.142,0.858,-12.077c-2.745,-6.584,-4.137,-13.564,-4.137,-20.748c0.0,-29.759,24.211,-53.97,53.97,-53.97s53.97,24.211,53.97,53.97c0.0,7.185,-1.392,14.165,-4.137,20.747c-1.64,3.935,-1.322,8.414,0.858,12.078s5.966,6.079,10.206,6.513C227.911,205.808,248.714,228.887,248.714,256.668z"" style=""fill:#507C5C;"">
 </path>
</svg>


Question: What is located to the left of the house in the image?",car,tree,fence,person,B,building
58,"Examine the following SVG code carefully and answer the question based on your interpretation of the rendered image.

<svg id=""Layer_1"" style=""enable-background:new 0 0 512.001 512.001;"" version=""1.1"" viewbox=""0 0 512.001 512.001"" x=""0px"" xml:space=""preserve"" y=""0px"">
 <g>
  <rect height=""121.925"" style=""fill:#CFF09E;"" width=""87.59"" x=""284.432"" y=""299.854"">
  </rect>
  <path d=""M201.697,189.578c3.33,-7.984,5.175,-16.743,5.175,-25.933c0.0,-37.249,-30.196,-67.445,-67.445,-67.445s-67.445,30.196,-67.445,67.445c0.0,9.192,1.845,17.949,5.175,25.933c-33.982,3.479,-60.492,32.187,-60.492,67.088c0.0,37.249,30.196,67.445,67.445,67.445c22.904,0.0,43.128,-11.427,55.318,-28.879c12.19,17.453,32.414,28.879,55.318,28.879c37.249,0.0,67.445,-30.196,67.445,-67.445C262.19,221.766,235.678,193.058,201.697,189.578z"" style=""fill:#CFF09E;"">
  </path>
 </g>
 <path d=""M201.697,189.577c4.468,0.458,8.802,1.362,12.969,2.649c-0.04,-6.08,-4.106,-11.195,-9.665,-12.831C204.159,182.901,203.06,186.308,201.697,189.577z"" style=""fill:#507C5C;"">
 </path>
 <path d=""M206.871,163.644c0.0,6.713,-0.994,13.191,-2.822,19.309l43.323,-31.922V102.856h-46.177v33.702C204.836,144.851,206.871,154.007,206.871,163.644z"" style=""fill:#CFF09E;"">
 </path>
 <path d=""M509.651,215.013L331.778,85.31c-4.73,-3.45,-11.148,-3.45,-15.878,0.0l-55.052,40.143V102.856c0.0,-7.442,-6.033,-13.475,-13.475,-13.475h-46.177c-6.16,0.0,-11.342,4.137,-12.95,9.78c-13.58,-10.307,-30.495,-16.437,-48.818,-16.437c-44.62,0.0,-80.921,36.3,-80.921,80.921c0.0,5.324,0.512,10.577,1.527,15.722C26.728,189.632,3.188,220.492,3.188,256.668c0.0,44.62,36.3,80.921,80.921,80.921c14.951,0.0,29.379,-4.169,41.842,-11.709v98.654c0.0,7.442,6.033,13.475,13.475,13.475s13.475,-6.033,13.475,-13.475v-98.654c10.499,6.35,22.391,10.302,34.818,11.388v87.266c0.0,7.442,6.033,13.475,13.475,13.475h245.288c7.441,0.0,13.475,-6.033,13.475,-13.475v-166.24c0.0,-7.442,-6.034,-13.475,-13.475,-13.475c-7.441,0.0,-13.475,6.033,-13.475,13.475v152.765h-47.513V299.861c0.0,-7.442,-6.034,-13.475,-13.475,-13.475h-87.59c-7.441,0.0,-13.475,6.033,-13.475,13.475v111.199h-56.284v-75.959c35.016,-8.9,60.995,-40.686,60.995,-78.432c0.0,-32.772,-19.32,-61.181,-47.716,-73.869l95.891,-69.922l169.934,123.914c2.395,1.746,5.175,2.587,7.929,2.587c4.159,0.0,8.26,-1.919,10.899,-5.536C516.986,227.828,515.665,219.398,509.651,215.013zM297.905,313.336h60.639v94.981h-60.639L297.905,313.336L297.905,313.336zM233.897,116.332v27.89l-14.071,10.368c-0.807,-7.215,-2.574,-14.141,-5.157,-20.659v-17.599H233.897zM248.714,256.668c0.0,29.759,-24.211,53.97,-53.97,53.97c-17.608,0.0,-34.159,-8.643,-44.271,-23.121c-2.521,-3.609,-6.646,-5.759,-11.047,-5.759c-4.401,0.0,-8.527,2.151,-11.047,5.759c-10.112,14.478,-26.662,23.121,-44.271,23.121c-29.759,-0.001,-53.97,-24.211,-53.97,-53.97c0.0,-27.779,20.803,-50.859,48.39,-53.684c4.241,-0.434,8.026,-2.85,10.206,-6.513c2.18,-3.663,2.498,-8.142,0.858,-12.077c-2.745,-6.584,-4.137,-13.564,-4.137,-20.748c0.0,-29.759,24.211,-53.97,53.97,-53.97s53.97,24.211,53.97,53.97c0.0,7.185,-1.392,14.165,-4.137,20.747c-1.64,3.935,-1.322,8.414,0.858,12.078s5.966,6.079,10.206,6.513C227.911,205.808,248.714,228.887,248.714,256.668z"" style=""fill:#507C5C;"">
 </path>
</svg>


Question: What color is the tree in the image?",Red,Blue,Green,Yellow,C,building
59,"Examine the following SVG code carefully and answer the question based on your interpretation of the rendered image.

<svg id=""Layer_1"" style=""enable-background:new 0 0 512.001 512.001;"" version=""1.1"" viewbox=""0 0 512.001 512.001"" x=""0px"" xml:space=""preserve"" y=""0px"">
 <g>
  <rect height=""121.925"" style=""fill:#CFF09E;"" width=""87.59"" x=""284.432"" y=""299.854"">
  </rect>
  <path d=""M201.697,189.578c3.33,-7.984,5.175,-16.743,5.175,-25.933c0.0,-37.249,-30.196,-67.445,-67.445,-67.445s-67.445,30.196,-67.445,67.445c0.0,9.192,1.845,17.949,5.175,25.933c-33.982,3.479,-60.492,32.187,-60.492,67.088c0.0,37.249,30.196,67.445,67.445,67.445c22.904,0.0,43.128,-11.427,55.318,-28.879c12.19,17.453,32.414,28.879,55.318,28.879c37.249,0.0,67.445,-30.196,67.445,-67.445C262.19,221.766,235.678,193.058,201.697,189.578z"" style=""fill:#CFF09E;"">
  </path>
 </g>
 <path d=""M201.697,189.577c4.468,0.458,8.802,1.362,12.969,2.649c-0.04,-6.08,-4.106,-11.195,-9.665,-12.831C204.159,182.901,203.06,186.308,201.697,189.577z"" style=""fill:#507C5C;"">
 </path>
 <path d=""M206.871,163.644c0.0,6.713,-0.994,13.191,-2.822,19.309l43.323,-31.922V102.856h-46.177v33.702C204.836,144.851,206.871,154.007,206.871,163.644z"" style=""fill:#CFF09E;"">
 </path>
 <path d=""M509.651,215.013L331.778,85.31c-4.73,-3.45,-11.148,-3.45,-15.878,0.0l-55.052,40.143V102.856c0.0,-7.442,-6.033,-13.475,-13.475,-13.475h-46.177c-6.16,0.0,-11.342,4.137,-12.95,9.78c-13.58,-10.307,-30.495,-16.437,-48.818,-16.437c-44.62,0.0,-80.921,36.3,-80.921,80.921c0.0,5.324,0.512,10.577,1.527,15.722C26.728,189.632,3.188,220.492,3.188,256.668c0.0,44.62,36.3,80.921,80.921,80.921c14.951,0.0,29.379,-4.169,41.842,-11.709v98.654c0.0,7.442,6.033,13.475,13.475,13.475s13.475,-6.033,13.475,-13.475v-98.654c10.499,6.35,22.391,10.302,34.818,11.388v87.266c0.0,7.442,6.033,13.475,13.475,13.475h245.288c7.441,0.0,13.475,-6.033,13.475,-13.475v-166.24c0.0,-7.442,-6.034,-13.475,-13.475,-13.475c-7.441,0.0,-13.475,6.033,-13.475,13.475v152.765h-47.513V299.861c0.0,-7.442,-6.034,-13.475,-13.475,-13.475h-87.59c-7.441,0.0,-13.475,6.033,-13.475,13.475v111.199h-56.284v-75.959c35.016,-8.9,60.995,-40.686,60.995,-78.432c0.0,-32.772,-19.32,-61.181,-47.716,-73.869l95.891,-69.922l169.934,123.914c2.395,1.746,5.175,2.587,7.929,2.587c4.159,0.0,8.26,-1.919,10.899,-5.536C516.986,227.828,515.665,219.398,509.651,215.013zM297.905,313.336h60.639v94.981h-60.639L297.905,313.336L297.905,313.336zM233.897,116.332v27.89l-14.071,10.368c-0.807,-7.215,-2.574,-14.141,-5.157,-20.659v-17.599H233.897zM248.714,256.668c0.0,29.759,-24.211,53.97,-53.97,53.97c-17.608,0.0,-34.159,-8.643,-44.271,-23.121c-2.521,-3.609,-6.646,-5.759,-11.047,-5.759c-4.401,0.0,-8.527,2.151,-11.047,5.759c-10.112,14.478,-26.662,23.121,-44.271,23.121c-29.759,-0.001,-53.97,-24.211,-53.97,-53.97c0.0,-27.779,20.803,-50.859,48.39,-53.684c4.241,-0.434,8.026,-2.85,10.206,-6.513c2.18,-3.663,2.498,-8.142,0.858,-12.077c-2.745,-6.584,-4.137,-13.564,-4.137,-20.748c0.0,-29.759,24.211,-53.97,53.97,-53.97s53.97,24.211,53.97,53.97c0.0,7.185,-1.392,14.165,-4.137,20.747c-1.64,3.935,-1.322,8.414,0.858,12.078s5.966,6.079,10.206,6.513C227.911,205.808,248.714,228.887,248.714,256.668z"" style=""fill:#507C5C;"">
 </path>
</svg>


Question: What is the main object depicted in the image?",car,house,boat,mountain,B,building
80,"Examine the following SVG code carefully and answer the question based on your interpretation of the rendered image.

<svg height=""557.661px"" id=""Capa_1"" style=""enable-background:new 0 0 557.661 557.661;"" version=""1.1"" viewbox=""0 0 557.661 557.661"" width=""557.661px"" x=""0px"" xml:space=""preserve"" y=""0px"">
 <g>
  <g>
   <path d=""M423.157,204.348c4.933,0.0,9.618,-2.047,12.857,-5.61c3.229,-3.568,4.826,-8.429,4.345,-13.332L429.013,65.56c-0.924,-9.651,-9.227,-17.217,-18.925,-17.217h-44.515V21.952C365.574,11.957,357.435,3.829,347.452,3.829h-9.937c-9.992,0.0,-18.127,8.128,-18.127,18.123v26.392H149.584c-9.743,0.0,-18.027,7.61,-18.851,17.336l-10.088,119.802c-0.413,4.903,1.209,9.743,4.459,13.285c3.253,3.545,7.948,5.582,12.87,5.582h9.061v138.372c0.0,5.008,-1.981,12.596,-4.44,16.955l-11.752,20.797c-2.455,4.358,-4.462,11.947,-4.462,16.955v154.998c0.0,5.018,4.056,9.064,9.066,9.064h292.255c5.012,0.0,9.059,-4.047,9.059,-9.064V397.427c0.0,-5.008,-2.133,-12.517,-4.77,-16.764l-13.12,-21.188c-2.632,-4.252,-4.774,-11.752,-4.774,-16.765V204.348H423.157zM423.157,186.223h0.004l-0.004,9.063V186.223zM205.976,455.57c0.0,5.008,-4.051,9.063,-9.061,9.063H167.627c-5.015,0.0,-9.061,-4.056,-9.061,-9.063V386.619c0.0,-5.013,4.046,-9.068,9.061,-9.068h29.288c5.01,0.0,9.061,4.056,9.061,9.068V455.57zM199.335,316.234v-68.96c0.0,-5.0,4.051,-9.061,9.061,-9.061h29.288c5.015,0.0,9.066,4.061,9.066,9.061v68.96c0.0,5.008,-4.051,9.06,-9.066,9.06h-29.288C203.395,325.293,199.335,321.242,199.335,316.234zM314.81,486.582c0.0,5.013,-4.056,9.059,-9.068,9.059h-50.974c-5.01,0.0,-9.061,-4.046,-9.061,-9.059V386.619c0.0,-5.013,4.051,-9.068,9.061,-9.068h50.974c5.013,0.0,9.068,4.056,9.068,9.068V486.582zM322.735,515.467c0.0,4.69,-4.051,8.503,-9.059,8.503h-66.837c-5.012,0.0,-9.063,-3.804,-9.063,-8.503c0.0,-4.695,4.051,-8.494,9.063,-8.494h66.837C318.684,506.973,322.735,510.772,322.735,515.467zM324.999,550.017h-89.487c-5.01,0.0,-9.061,-3.556,-9.061,-7.929c0.0,-4.378,4.051,-7.935,9.061,-7.935h89.487c5.013,0.0,9.068,3.557,9.068,7.935C334.067,546.461,330.011,550.017,324.999,550.017zM323.062,325.293c-5.013,0.0,-9.064,-4.052,-9.064,-9.06v-68.96c0.0,-5.0,4.052,-9.061,9.064,-9.061h29.29c5.013,0.0,9.059,4.061,9.059,9.061v68.96c0.0,5.008,-4.046,9.06,-9.059,9.06H323.062zM400.815,455.57c0.0,5.008,-4.051,9.063,-9.059,9.063h-29.295c-5.008,0.0,-9.055,-4.056,-9.055,-9.063V386.619c0.0,-5.013,4.047,-9.068,9.055,-9.068h29.295c5.008,0.0,9.059,4.056,9.059,9.068V455.57zM342.355,186.223c-0.62,-1.211,-1.063,-2.536,-1.082,-3.985c-0.146,-8.438,-0.346,-21.984,-0.574,-37.255c-0.411,-25.576,-22.565,-46.309,-49.509,-46.309h-15.679c-26.941,0.0,-48.783,20.733,-48.783,46.309v37.246c0.0,1.458,-0.416,2.784,-1.022,3.995h-86.925l10.004,-119.013c0.028,-0.308,0.5,-0.744,0.798,-0.744h169.804c9.988,0.0,18.127,-8.128,18.127,-18.123V21.952h9.937v26.392c0.0,9.995,8.125,18.123,18.122,18.123h44.515c0.336,0.0,0.858,0.49,0.892,0.816l11.257,118.94H342.355z"">
   </path>
   <path d=""M62.485,398.038c-16.047,25.053,-23.307,49.695,-25.646,71.967c-3.134,-4.019,-8.506,-3.809,-11.369,0.653c-29.881,46.634,-5.157,90.826,-5.157,90.826h11.497c0.156,-11.094,0.21,-22.08,0.072,-33.1c-0.098,-13.898,-0.487,-27.778,-0.161,-41.892c3.615,13.685,4.947,27.765,5.192,41.836c0.047,11.075,-0.616,22.276,-2.957,33.155h12.373c1.022,-3.085,1.883,-6.081,2.634,-9.04c2.439,5.787,4.235,9.04,4.235,9.04h20.715c0.252,-19.962,0.383,-39.731,0.119,-59.571c-0.166,-25.016,-0.88,-50.008,-0.301,-75.396c6.516,24.624,8.91,49.98,9.353,75.309c0.084,19.919,-1.125,40.085,-5.32,59.659h22.257c26.934,-80.811,0.327,-138.402,-16.139,-163.769C78.418,389.334,67.889,389.605,62.485,398.038z"">
   </path>
   <path d=""M542.568,470.499c-3.038,-4.672,-8.881,-4.518,-11.892,0.168c-1.021,1.592,-1.829,3.184,-2.729,4.766c-1.686,-23.652,-8.761,-50.297,-26.136,-77.395c-5.409,-8.438,-15.929,-8.713,-21.385,-0.312c-16.466,25.365,-43.068,82.957,-16.139,163.764h22.257c-4.2,-19.574,-5.404,-39.736,-5.32,-59.655c0.448,-25.337,2.838,-50.693,9.349,-75.312c0.583,25.403,-0.131,50.386,-0.294,75.401c-0.262,19.835,-0.15,39.614,0.116,59.566h20.717c0.0,0.0,3.729,-6.707,7.729,-18.244c2.828,11.248,6.669,18.244,6.669,18.244h11.504c0.149,-11.094,0.206,-22.076,0.07,-33.095c-0.103,-13.903,-0.49,-27.773,-0.168,-41.896c3.617,13.684,4.947,27.765,5.194,41.841c0.047,11.074,-0.611,22.271,-2.949,33.15h12.363C566.502,516.587,551.72,484.585,542.568,470.499z"">
   </path>
  </g>
 </g>
</svg>


Question: What shape is at the top of the object?",Circle,Square,Trapezoid,Triangle,C,building
81,"Examine the following SVG code carefully and answer the question based on your interpretation of the rendered image.

<svg height=""557.661px"" id=""Capa_1"" style=""enable-background:new 0 0 557.661 557.661;"" version=""1.1"" viewbox=""0 0 557.661 557.661"" width=""557.661px"" x=""0px"" xml:space=""preserve"" y=""0px"">
 <g>
  <g>
   <path d=""M423.157,204.348c4.933,0.0,9.618,-2.047,12.857,-5.61c3.229,-3.568,4.826,-8.429,4.345,-13.332L429.013,65.56c-0.924,-9.651,-9.227,-17.217,-18.925,-17.217h-44.515V21.952C365.574,11.957,357.435,3.829,347.452,3.829h-9.937c-9.992,0.0,-18.127,8.128,-18.127,18.123v26.392H149.584c-9.743,0.0,-18.027,7.61,-18.851,17.336l-10.088,119.802c-0.413,4.903,1.209,9.743,4.459,13.285c3.253,3.545,7.948,5.582,12.87,5.582h9.061v138.372c0.0,5.008,-1.981,12.596,-4.44,16.955l-11.752,20.797c-2.455,4.358,-4.462,11.947,-4.462,16.955v154.998c0.0,5.018,4.056,9.064,9.066,9.064h292.255c5.012,0.0,9.059,-4.047,9.059,-9.064V397.427c0.0,-5.008,-2.133,-12.517,-4.77,-16.764l-13.12,-21.188c-2.632,-4.252,-4.774,-11.752,-4.774,-16.765V204.348H423.157zM423.157,186.223h0.004l-0.004,9.063V186.223zM205.976,455.57c0.0,5.008,-4.051,9.063,-9.061,9.063H167.627c-5.015,0.0,-9.061,-4.056,-9.061,-9.063V386.619c0.0,-5.013,4.046,-9.068,9.061,-9.068h29.288c5.01,0.0,9.061,4.056,9.061,9.068V455.57zM199.335,316.234v-68.96c0.0,-5.0,4.051,-9.061,9.061,-9.061h29.288c5.015,0.0,9.066,4.061,9.066,9.061v68.96c0.0,5.008,-4.051,9.06,-9.066,9.06h-29.288C203.395,325.293,199.335,321.242,199.335,316.234zM314.81,486.582c0.0,5.013,-4.056,9.059,-9.068,9.059h-50.974c-5.01,0.0,-9.061,-4.046,-9.061,-9.059V386.619c0.0,-5.013,4.051,-9.068,9.061,-9.068h50.974c5.013,0.0,9.068,4.056,9.068,9.068V486.582zM322.735,515.467c0.0,4.69,-4.051,8.503,-9.059,8.503h-66.837c-5.012,0.0,-9.063,-3.804,-9.063,-8.503c0.0,-4.695,4.051,-8.494,9.063,-8.494h66.837C318.684,506.973,322.735,510.772,322.735,515.467zM324.999,550.017h-89.487c-5.01,0.0,-9.061,-3.556,-9.061,-7.929c0.0,-4.378,4.051,-7.935,9.061,-7.935h89.487c5.013,0.0,9.068,3.557,9.068,7.935C334.067,546.461,330.011,550.017,324.999,550.017zM323.062,325.293c-5.013,0.0,-9.064,-4.052,-9.064,-9.06v-68.96c0.0,-5.0,4.052,-9.061,9.064,-9.061h29.29c5.013,0.0,9.059,4.061,9.059,9.061v68.96c0.0,5.008,-4.046,9.06,-9.059,9.06H323.062zM400.815,455.57c0.0,5.008,-4.051,9.063,-9.059,9.063h-29.295c-5.008,0.0,-9.055,-4.056,-9.055,-9.063V386.619c0.0,-5.013,4.047,-9.068,9.055,-9.068h29.295c5.008,0.0,9.059,4.056,9.059,9.068V455.57zM342.355,186.223c-0.62,-1.211,-1.063,-2.536,-1.082,-3.985c-0.146,-8.438,-0.346,-21.984,-0.574,-37.255c-0.411,-25.576,-22.565,-46.309,-49.509,-46.309h-15.679c-26.941,0.0,-48.783,20.733,-48.783,46.309v37.246c0.0,1.458,-0.416,2.784,-1.022,3.995h-86.925l10.004,-119.013c0.028,-0.308,0.5,-0.744,0.798,-0.744h169.804c9.988,0.0,18.127,-8.128,18.127,-18.123V21.952h9.937v26.392c0.0,9.995,8.125,18.123,18.122,18.123h44.515c0.336,0.0,0.858,0.49,0.892,0.816l11.257,118.94H342.355z"">
   </path>
   <path d=""M62.485,398.038c-16.047,25.053,-23.307,49.695,-25.646,71.967c-3.134,-4.019,-8.506,-3.809,-11.369,0.653c-29.881,46.634,-5.157,90.826,-5.157,90.826h11.497c0.156,-11.094,0.21,-22.08,0.072,-33.1c-0.098,-13.898,-0.487,-27.778,-0.161,-41.892c3.615,13.685,4.947,27.765,5.192,41.836c0.047,11.075,-0.616,22.276,-2.957,33.155h12.373c1.022,-3.085,1.883,-6.081,2.634,-9.04c2.439,5.787,4.235,9.04,4.235,9.04h20.715c0.252,-19.962,0.383,-39.731,0.119,-59.571c-0.166,-25.016,-0.88,-50.008,-0.301,-75.396c6.516,24.624,8.91,49.98,9.353,75.309c0.084,19.919,-1.125,40.085,-5.32,59.659h22.257c26.934,-80.811,0.327,-138.402,-16.139,-163.769C78.418,389.334,67.889,389.605,62.485,398.038z"">
   </path>
   <path d=""M542.568,470.499c-3.038,-4.672,-8.881,-4.518,-11.892,0.168c-1.021,1.592,-1.829,3.184,-2.729,4.766c-1.686,-23.652,-8.761,-50.297,-26.136,-77.395c-5.409,-8.438,-15.929,-8.713,-21.385,-0.312c-16.466,25.365,-43.068,82.957,-16.139,163.764h22.257c-4.2,-19.574,-5.404,-39.736,-5.32,-59.655c0.448,-25.337,2.838,-50.693,9.349,-75.312c0.583,25.403,-0.131,50.386,-0.294,75.401c-0.262,19.835,-0.15,39.614,0.116,59.566h20.717c0.0,0.0,3.729,-6.707,7.729,-18.244c2.828,11.248,6.669,18.244,6.669,18.244h11.504c0.149,-11.094,0.206,-22.076,0.07,-33.095c-0.103,-13.903,-0.49,-27.773,-0.168,-41.896c3.617,13.684,4.947,27.765,5.194,41.841c0.047,11.074,-0.611,22.271,-2.949,33.15h12.363C566.502,516.587,551.72,484.585,542.568,470.499z"">
   </path>
  </g>
 </g>
</svg>


Question: How many windows are visible on the object?",2,3,4,5,D,building
82,"Examine the following SVG code carefully and answer the question based on your interpretation of the rendered image.

<svg height=""557.661px"" id=""Capa_1"" style=""enable-background:new 0 0 557.661 557.661;"" version=""1.1"" viewbox=""0 0 557.661 557.661"" width=""557.661px"" x=""0px"" xml:space=""preserve"" y=""0px"">
 <g>
  <g>
   <path d=""M423.157,204.348c4.933,0.0,9.618,-2.047,12.857,-5.61c3.229,-3.568,4.826,-8.429,4.345,-13.332L429.013,65.56c-0.924,-9.651,-9.227,-17.217,-18.925,-17.217h-44.515V21.952C365.574,11.957,357.435,3.829,347.452,3.829h-9.937c-9.992,0.0,-18.127,8.128,-18.127,18.123v26.392H149.584c-9.743,0.0,-18.027,7.61,-18.851,17.336l-10.088,119.802c-0.413,4.903,1.209,9.743,4.459,13.285c3.253,3.545,7.948,5.582,12.87,5.582h9.061v138.372c0.0,5.008,-1.981,12.596,-4.44,16.955l-11.752,20.797c-2.455,4.358,-4.462,11.947,-4.462,16.955v154.998c0.0,5.018,4.056,9.064,9.066,9.064h292.255c5.012,0.0,9.059,-4.047,9.059,-9.064V397.427c0.0,-5.008,-2.133,-12.517,-4.77,-16.764l-13.12,-21.188c-2.632,-4.252,-4.774,-11.752,-4.774,-16.765V204.348H423.157zM423.157,186.223h0.004l-0.004,9.063V186.223zM205.976,455.57c0.0,5.008,-4.051,9.063,-9.061,9.063H167.627c-5.015,0.0,-9.061,-4.056,-9.061,-9.063V386.619c0.0,-5.013,4.046,-9.068,9.061,-9.068h29.288c5.01,0.0,9.061,4.056,9.061,9.068V455.57zM199.335,316.234v-68.96c0.0,-5.0,4.051,-9.061,9.061,-9.061h29.288c5.015,0.0,9.066,4.061,9.066,9.061v68.96c0.0,5.008,-4.051,9.06,-9.066,9.06h-29.288C203.395,325.293,199.335,321.242,199.335,316.234zM314.81,486.582c0.0,5.013,-4.056,9.059,-9.068,9.059h-50.974c-5.01,0.0,-9.061,-4.046,-9.061,-9.059V386.619c0.0,-5.013,4.051,-9.068,9.061,-9.068h50.974c5.013,0.0,9.068,4.056,9.068,9.068V486.582zM322.735,515.467c0.0,4.69,-4.051,8.503,-9.059,8.503h-66.837c-5.012,0.0,-9.063,-3.804,-9.063,-8.503c0.0,-4.695,4.051,-8.494,9.063,-8.494h66.837C318.684,506.973,322.735,510.772,322.735,515.467zM324.999,550.017h-89.487c-5.01,0.0,-9.061,-3.556,-9.061,-7.929c0.0,-4.378,4.051,-7.935,9.061,-7.935h89.487c5.013,0.0,9.068,3.557,9.068,7.935C334.067,546.461,330.011,550.017,324.999,550.017zM323.062,325.293c-5.013,0.0,-9.064,-4.052,-9.064,-9.06v-68.96c0.0,-5.0,4.052,-9.061,9.064,-9.061h29.29c5.013,0.0,9.059,4.061,9.059,9.061v68.96c0.0,5.008,-4.046,9.06,-9.059,9.06H323.062zM400.815,455.57c0.0,5.008,-4.051,9.063,-9.059,9.063h-29.295c-5.008,0.0,-9.055,-4.056,-9.055,-9.063V386.619c0.0,-5.013,4.047,-9.068,9.055,-9.068h29.295c5.008,0.0,9.059,4.056,9.059,9.068V455.57zM342.355,186.223c-0.62,-1.211,-1.063,-2.536,-1.082,-3.985c-0.146,-8.438,-0.346,-21.984,-0.574,-37.255c-0.411,-25.576,-22.565,-46.309,-49.509,-46.309h-15.679c-26.941,0.0,-48.783,20.733,-48.783,46.309v37.246c0.0,1.458,-0.416,2.784,-1.022,3.995h-86.925l10.004,-119.013c0.028,-0.308,0.5,-0.744,0.798,-0.744h169.804c9.988,0.0,18.127,-8.128,18.127,-18.123V21.952h9.937v26.392c0.0,9.995,8.125,18.123,18.122,18.123h44.515c0.336,0.0,0.858,0.49,0.892,0.816l11.257,118.94H342.355z"">
   </path>
   <path d=""M62.485,398.038c-16.047,25.053,-23.307,49.695,-25.646,71.967c-3.134,-4.019,-8.506,-3.809,-11.369,0.653c-29.881,46.634,-5.157,90.826,-5.157,90.826h11.497c0.156,-11.094,0.21,-22.08,0.072,-33.1c-0.098,-13.898,-0.487,-27.778,-0.161,-41.892c3.615,13.685,4.947,27.765,5.192,41.836c0.047,11.075,-0.616,22.276,-2.957,33.155h12.373c1.022,-3.085,1.883,-6.081,2.634,-9.04c2.439,5.787,4.235,9.04,4.235,9.04h20.715c0.252,-19.962,0.383,-39.731,0.119,-59.571c-0.166,-25.016,-0.88,-50.008,-0.301,-75.396c6.516,24.624,8.91,49.98,9.353,75.309c0.084,19.919,-1.125,40.085,-5.32,59.659h22.257c26.934,-80.811,0.327,-138.402,-16.139,-163.769C78.418,389.334,67.889,389.605,62.485,398.038z"">
   </path>
   <path d=""M542.568,470.499c-3.038,-4.672,-8.881,-4.518,-11.892,0.168c-1.021,1.592,-1.829,3.184,-2.729,4.766c-1.686,-23.652,-8.761,-50.297,-26.136,-77.395c-5.409,-8.438,-15.929,-8.713,-21.385,-0.312c-16.466,25.365,-43.068,82.957,-16.139,163.764h22.257c-4.2,-19.574,-5.404,-39.736,-5.32,-59.655c0.448,-25.337,2.838,-50.693,9.349,-75.312c0.583,25.403,-0.131,50.386,-0.294,75.401c-0.262,19.835,-0.15,39.614,0.116,59.566h20.717c0.0,0.0,3.729,-6.707,7.729,-18.244c2.828,11.248,6.669,18.244,6.669,18.244h11.504c0.149,-11.094,0.206,-22.076,0.07,-33.095c-0.103,-13.903,-0.49,-27.773,-0.168,-41.896c3.617,13.684,4.947,27.765,5.194,41.841c0.047,11.074,-0.611,22.271,-2.949,33.15h12.363C566.502,516.587,551.72,484.585,542.568,470.499z"">
   </path>
  </g>
 </g>
</svg>


Question: What is the shape of the windows on the object?",Circular,Triangular,Rectangular,Hexagonal,C,building
83,"Examine the following SVG code carefully and answer the question based on your interpretation of the rendered image.

<svg height=""557.661px"" id=""Capa_1"" style=""enable-background:new 0 0 557.661 557.661;"" version=""1.1"" viewbox=""0 0 557.661 557.661"" width=""557.661px"" x=""0px"" xml:space=""preserve"" y=""0px"">
 <g>
  <g>
   <path d=""M423.157,204.348c4.933,0.0,9.618,-2.047,12.857,-5.61c3.229,-3.568,4.826,-8.429,4.345,-13.332L429.013,65.56c-0.924,-9.651,-9.227,-17.217,-18.925,-17.217h-44.515V21.952C365.574,11.957,357.435,3.829,347.452,3.829h-9.937c-9.992,0.0,-18.127,8.128,-18.127,18.123v26.392H149.584c-9.743,0.0,-18.027,7.61,-18.851,17.336l-10.088,119.802c-0.413,4.903,1.209,9.743,4.459,13.285c3.253,3.545,7.948,5.582,12.87,5.582h9.061v138.372c0.0,5.008,-1.981,12.596,-4.44,16.955l-11.752,20.797c-2.455,4.358,-4.462,11.947,-4.462,16.955v154.998c0.0,5.018,4.056,9.064,9.066,9.064h292.255c5.012,0.0,9.059,-4.047,9.059,-9.064V397.427c0.0,-5.008,-2.133,-12.517,-4.77,-16.764l-13.12,-21.188c-2.632,-4.252,-4.774,-11.752,-4.774,-16.765V204.348H423.157zM423.157,186.223h0.004l-0.004,9.063V186.223zM205.976,455.57c0.0,5.008,-4.051,9.063,-9.061,9.063H167.627c-5.015,0.0,-9.061,-4.056,-9.061,-9.063V386.619c0.0,-5.013,4.046,-9.068,9.061,-9.068h29.288c5.01,0.0,9.061,4.056,9.061,9.068V455.57zM199.335,316.234v-68.96c0.0,-5.0,4.051,-9.061,9.061,-9.061h29.288c5.015,0.0,9.066,4.061,9.066,9.061v68.96c0.0,5.008,-4.051,9.06,-9.066,9.06h-29.288C203.395,325.293,199.335,321.242,199.335,316.234zM314.81,486.582c0.0,5.013,-4.056,9.059,-9.068,9.059h-50.974c-5.01,0.0,-9.061,-4.046,-9.061,-9.059V386.619c0.0,-5.013,4.051,-9.068,9.061,-9.068h50.974c5.013,0.0,9.068,4.056,9.068,9.068V486.582zM322.735,515.467c0.0,4.69,-4.051,8.503,-9.059,8.503h-66.837c-5.012,0.0,-9.063,-3.804,-9.063,-8.503c0.0,-4.695,4.051,-8.494,9.063,-8.494h66.837C318.684,506.973,322.735,510.772,322.735,515.467zM324.999,550.017h-89.487c-5.01,0.0,-9.061,-3.556,-9.061,-7.929c0.0,-4.378,4.051,-7.935,9.061,-7.935h89.487c5.013,0.0,9.068,3.557,9.068,7.935C334.067,546.461,330.011,550.017,324.999,550.017zM323.062,325.293c-5.013,0.0,-9.064,-4.052,-9.064,-9.06v-68.96c0.0,-5.0,4.052,-9.061,9.064,-9.061h29.29c5.013,0.0,9.059,4.061,9.059,9.061v68.96c0.0,5.008,-4.046,9.06,-9.059,9.06H323.062zM400.815,455.57c0.0,5.008,-4.051,9.063,-9.059,9.063h-29.295c-5.008,0.0,-9.055,-4.056,-9.055,-9.063V386.619c0.0,-5.013,4.047,-9.068,9.055,-9.068h29.295c5.008,0.0,9.059,4.056,9.059,9.068V455.57zM342.355,186.223c-0.62,-1.211,-1.063,-2.536,-1.082,-3.985c-0.146,-8.438,-0.346,-21.984,-0.574,-37.255c-0.411,-25.576,-22.565,-46.309,-49.509,-46.309h-15.679c-26.941,0.0,-48.783,20.733,-48.783,46.309v37.246c0.0,1.458,-0.416,2.784,-1.022,3.995h-86.925l10.004,-119.013c0.028,-0.308,0.5,-0.744,0.798,-0.744h169.804c9.988,0.0,18.127,-8.128,18.127,-18.123V21.952h9.937v26.392c0.0,9.995,8.125,18.123,18.122,18.123h44.515c0.336,0.0,0.858,0.49,0.892,0.816l11.257,118.94H342.355z"">
   </path>
   <path d=""M62.485,398.038c-16.047,25.053,-23.307,49.695,-25.646,71.967c-3.134,-4.019,-8.506,-3.809,-11.369,0.653c-29.881,46.634,-5.157,90.826,-5.157,90.826h11.497c0.156,-11.094,0.21,-22.08,0.072,-33.1c-0.098,-13.898,-0.487,-27.778,-0.161,-41.892c3.615,13.685,4.947,27.765,5.192,41.836c0.047,11.075,-0.616,22.276,-2.957,33.155h12.373c1.022,-3.085,1.883,-6.081,2.634,-9.04c2.439,5.787,4.235,9.04,4.235,9.04h20.715c0.252,-19.962,0.383,-39.731,0.119,-59.571c-0.166,-25.016,-0.88,-50.008,-0.301,-75.396c6.516,24.624,8.91,49.98,9.353,75.309c0.084,19.919,-1.125,40.085,-5.32,59.659h22.257c26.934,-80.811,0.327,-138.402,-16.139,-163.769C78.418,389.334,67.889,389.605,62.485,398.038z"">
   </path>
   <path d=""M542.568,470.499c-3.038,-4.672,-8.881,-4.518,-11.892,0.168c-1.021,1.592,-1.829,3.184,-2.729,4.766c-1.686,-23.652,-8.761,-50.297,-26.136,-77.395c-5.409,-8.438,-15.929,-8.713,-21.385,-0.312c-16.466,25.365,-43.068,82.957,-16.139,163.764h22.257c-4.2,-19.574,-5.404,-39.736,-5.32,-59.655c0.448,-25.337,2.838,-50.693,9.349,-75.312c0.583,25.403,-0.131,50.386,-0.294,75.401c-0.262,19.835,-0.15,39.614,0.116,59.566h20.717c0.0,0.0,3.729,-6.707,7.729,-18.244c2.828,11.248,6.669,18.244,6.669,18.244h11.504c0.149,-11.094,0.206,-22.076,0.07,-33.095c-0.103,-13.903,-0.49,-27.773,-0.168,-41.896c3.617,13.684,4.947,27.765,5.194,41.841c0.047,11.074,-0.611,22.271,-2.949,33.15h12.363C566.502,516.587,551.72,484.585,542.568,470.499z"">
   </path>
  </g>
 </g>
</svg>


Question: What is the object in the image?",house,car,rocket,tree,A,building
96,"Examine the following SVG code carefully and answer the question based on your interpretation of the rendered image.

<svg id=""Layer_1"" style=""enable-background:new 0 0 485 485;"" version=""1.1"" viewbox=""0 0 485 485"" x=""0px"" xml:space=""preserve"" y=""0px"">
 <g>
  <rect height=""64.737"" width=""30"" x=""382.981"" y=""338.284"">
  </rect>
  <rect height=""64.737"" width=""30"" x=""382.981"" y=""233.047"">
  </rect>
  <rect height=""64.737"" width=""30"" x=""79.065"" y=""338.284"">
  </rect>
  <rect height=""64.737"" width=""30"" x=""79.065"" y=""233.047"">
  </rect>
  <path d=""M397.981,96.95l-60.542,59.728V42.81h-36.125C294.774,19.869,273.623,3.021,248.611,3.021c-25.011,0.0,-46.162,16.848,-52.702,39.789h-41.302v113.868L94.065,96.95L3.523,186.274V488.021h485.0V186.274L397.981,96.95zM223.822,72.81v-15.0c0.0,-13.669,11.12,-24.789,24.789,-24.789s24.79,11.12,24.79,24.789v15.0h34.038V458.021H184.607V72.81H223.822zM33.523,198.82l60.542,-59.728l60.542,59.728V458.021H33.523V198.82zM458.523,458.021H337.439V198.82l60.542,-59.728L458.523,198.82V458.021z"">
  </path>
  <rect height=""64.737"" width=""30"" x=""233.611"" y=""338.284"">
  </rect>
  <rect height=""64.737"" width=""30"" x=""233.611"" y=""233.047"">
  </rect>
  <rect height=""64.737"" width=""30"" x=""233.611"" y=""127.810"">
  </rect>
 </g>
</svg>


Question: How many windows are there on the central building?",2,3,4,5,B,building
97,"Examine the following SVG code carefully and answer the question based on your interpretation of the rendered image.

<svg id=""Layer_1"" style=""enable-background:new 0 0 485 485;"" version=""1.1"" viewbox=""0 0 485 485"" x=""0px"" xml:space=""preserve"" y=""0px"">
 <g>
  <rect height=""64.737"" width=""30"" x=""382.981"" y=""338.284"">
  </rect>
  <rect height=""64.737"" width=""30"" x=""382.981"" y=""233.047"">
  </rect>
  <rect height=""64.737"" width=""30"" x=""79.065"" y=""338.284"">
  </rect>
  <rect height=""64.737"" width=""30"" x=""79.065"" y=""233.047"">
  </rect>
  <path d=""M397.981,96.95l-60.542,59.728V42.81h-36.125C294.774,19.869,273.623,3.021,248.611,3.021c-25.011,0.0,-46.162,16.848,-52.702,39.789h-41.302v113.868L94.065,96.95L3.523,186.274V488.021h485.0V186.274L397.981,96.95zM223.822,72.81v-15.0c0.0,-13.669,11.12,-24.789,24.789,-24.789s24.79,11.12,24.79,24.789v15.0h34.038V458.021H184.607V72.81H223.822zM33.523,198.82l60.542,-59.728l60.542,59.728V458.021H33.523V198.82zM458.523,458.021H337.439V198.82l60.542,-59.728L458.523,198.82V458.021z"">
  </path>
  <rect height=""64.737"" width=""30"" x=""233.611"" y=""338.284"">
  </rect>
  <rect height=""64.737"" width=""30"" x=""233.611"" y=""233.047"">
  </rect>
  <rect height=""64.737"" width=""30"" x=""233.611"" y=""127.810"">
  </rect>
 </g>
</svg>


Question: What shape is the top of the central building?",Triangle,Circle,Square,Arch,D,building
98,"Examine the following SVG code carefully and answer the question based on your interpretation of the rendered image.

<svg id=""Layer_1"" style=""enable-background:new 0 0 485 485;"" version=""1.1"" viewbox=""0 0 485 485"" x=""0px"" xml:space=""preserve"" y=""0px"">
 <g>
  <rect height=""64.737"" width=""30"" x=""382.981"" y=""338.284"">
  </rect>
  <rect height=""64.737"" width=""30"" x=""382.981"" y=""233.047"">
  </rect>
  <rect height=""64.737"" width=""30"" x=""79.065"" y=""338.284"">
  </rect>
  <rect height=""64.737"" width=""30"" x=""79.065"" y=""233.047"">
  </rect>
  <path d=""M397.981,96.95l-60.542,59.728V42.81h-36.125C294.774,19.869,273.623,3.021,248.611,3.021c-25.011,0.0,-46.162,16.848,-52.702,39.789h-41.302v113.868L94.065,96.95L3.523,186.274V488.021h485.0V186.274L397.981,96.95zM223.822,72.81v-15.0c0.0,-13.669,11.12,-24.789,24.789,-24.789s24.79,11.12,24.79,24.789v15.0h34.038V458.021H184.607V72.81H223.822zM33.523,198.82l60.542,-59.728l60.542,59.728V458.021H33.523V198.82zM458.523,458.021H337.439V198.82l60.542,-59.728L458.523,198.82V458.021z"">
  </path>
  <rect height=""64.737"" width=""30"" x=""233.611"" y=""338.284"">
  </rect>
  <rect height=""64.737"" width=""30"" x=""233.611"" y=""233.047"">
  </rect>
  <rect height=""64.737"" width=""30"" x=""233.611"" y=""127.810"">
  </rect>
 </g>
</svg>


Question: How many buildings are there in the image?",1,2,3,4,C,building
99,"Examine the following SVG code carefully and answer the question based on your interpretation of the rendered image.

<svg id=""Layer_1"" style=""enable-background:new 0 0 485 485;"" version=""1.1"" viewbox=""0 0 485 485"" x=""0px"" xml:space=""preserve"" y=""0px"">
 <g>
  <rect height=""64.737"" width=""30"" x=""382.981"" y=""338.284"">
  </rect>
  <rect height=""64.737"" width=""30"" x=""382.981"" y=""233.047"">
  </rect>
  <rect height=""64.737"" width=""30"" x=""79.065"" y=""338.284"">
  </rect>
  <rect height=""64.737"" width=""30"" x=""79.065"" y=""233.047"">
  </rect>
  <path d=""M397.981,96.95l-60.542,59.728V42.81h-36.125C294.774,19.869,273.623,3.021,248.611,3.021c-25.011,0.0,-46.162,16.848,-52.702,39.789h-41.302v113.868L94.065,96.95L3.523,186.274V488.021h485.0V186.274L397.981,96.95zM223.822,72.81v-15.0c0.0,-13.669,11.12,-24.789,24.789,-24.789s24.79,11.12,24.79,24.789v15.0h34.038V458.021H184.607V72.81H223.822zM33.523,198.82l60.542,-59.728l60.542,59.728V458.021H33.523V198.82zM458.523,458.021H337.439V198.82l60.542,-59.728L458.523,198.82V458.021z"">
  </path>
  <rect height=""64.737"" width=""30"" x=""233.611"" y=""338.284"">
  </rect>
  <rect height=""64.737"" width=""30"" x=""233.611"" y=""233.047"">
  </rect>
  <rect height=""64.737"" width=""30"" x=""233.611"" y=""127.810"">
  </rect>
 </g>
</svg>


Question: What does the image represent?",cityscape,trees,house,range,A,building
100,"Examine the following SVG code carefully and answer the question based on your interpretation of the rendered image.

<svg height=""269.913px"" id=""Capa_1"" style=""enable-background:new 0 0 269.913 269.913;"" version=""1.1"" viewbox=""0 0 269.913 269.913"" width=""269.913px"" x=""0px"" xml:space=""preserve"" y=""0px"">
 <g>
  <g>
   <path d=""M259.649,81.055c-41.8,-34.7,-88.9,-61.2,-140.4,-78.3c-1.9,-0.6,-3.4,0.3,-4.3,1.7c-0.7,-0.4,-1.5,-0.7,-2.4,-0.8c-18.1,-1.7,-36.3,26.2,-45.7,38.2c-18.8,24.1,-34.0,50.7,-52.7,74.8c-2.1,2.7,-2.7,6.4,0.0,9.1c5.9,5.8,11.9,10.3,19.2,14.201c2.0,1.1,4.1,0.399,5.3,-0.9c1.8,0.2,3.7,-0.3,5.0,-2.2c3.2,-4.5,6.4,-9.0,9.7,-13.4c-3.3,43.6,1.9,87.8,-6.6,131.3c-0.9,4.5,2.9,7.399,6.4,7.3c14.8,17.1,71.2,8.2,88.7,7.4c16.2,-0.7,69.2,3.5,79.899,-13.4c1.7,-2.7,1.101,-5.5,-0.5,-7.5c13.5,-47.5,-7.699,-105.8,2.2,-152.1c1.7,1.1,3.5,2.2,5.3,3.0c2.7,2.2,5.4,4.4,8.2,6.5c1.7,1.2,4.8,1.2,6.5,0.0c7.2,-5.2,12.601,-9.8,17.3,-17.3C262.049,86.555,261.849,82.855,259.649,81.055zM112.649,254.456c1.9,-17.801,-2.9,-40.4,13.8,-49.4c-1.8,10.1,-1.5,21.0,-1.3,30.9c0.1,4.899,-0.3,12.899,1.6,19.1C122.049,254.956,117.349,254.755,112.649,254.456zM153.248,242.055c0.0,2.2,-0.199,4.4,-0.399,6.6c-0.101,0.601,-0.101,0.9,-0.101,1.301c-0.699,0.699,-1.199,1.6,-1.199,2.699c0.0,0.7,0.199,1.4,0.5,2.0c-6.0,0.101,-11.301,0.101,-15.1,0.2c-1.4,-17.3,-4.0,-35.1,-2.8,-52.6c12.7,-1.4,18.2,17.8,18.9,27.5C153.349,233.855,153.349,237.956,153.248,242.055zM209.248,141.855c-0.3,35.101,-1.1,70.8,1.601,105.9c-5.101,5.2,-28.0,6.399,-48.101,6.8c1.301,-3.1,1.301,-7.3,1.4,-10.1c0.8,-16.601,-1.5,-34.7,-14.2,-46.601c-13.299,-12.5,-34.1,-3.3,-41.899,10.601c-6.8,12.199,-7.0,30.6,-3.9,45.399c-15.3,-1.2,-30.8,-2.7,-45.2,-1.5c8.1,-46.8,5.2,-95.8,4.7,-143.4c18.5,-25.7,37.0,-51.2,57.1,-75.8c13.9,8.8,29.6,16.1,44.6,23.4c16.899,8.2,31.5,20.9,46.7,31.8l0.1,0.1C205.849,102.755,209.349,133.155,209.248,141.855z"">
   </path>
   <path d=""M102.549,136.955c-1.8,-0.6,-3.2,-0.2,-4.2,0.7c-12.7,-2.0,-24.3,6.4,-27.8,20.101c-3.9,15.2,8.0,30.8,23.3,31.8c12.6,0.9,23.1,-10.4,26.9,-21.4C125.849,153.555,116.049,141.456,102.549,136.955zM100.249,146.956c6.2,2.3,10.6,6.5,11.1,12.5c-0.2,0.0,-0.4,-0.101,-0.7,-0.101c-3.7,0.5,-7.5,0.8,-11.2,1.0C99.849,155.855,100.249,151.355,100.249,146.956zM90.749,147.055c-0.4,4.4,-0.6,8.9,-0.7,13.4c-3.0,0.0,-6.1,-0.2,-9.1,-0.4C81.949,154.655,85.749,149.956,90.749,147.055zM80.849,165.655c3.0,0.601,6.0,1.0,9.1,1.4c0.0,3.7,0.0,7.5,0.1,11.2C85.249,176.255,81.849,170.855,80.849,165.655zM97.449,178.555c0.3,-3.5,0.7,-6.9,1.1,-10.4c3.5,0.4,6.9,0.801,10.4,1.2C106.449,173.655,102.249,177.155,97.449,178.555z"">
   </path>
   <path d=""M175.949,130.955c-2.899,-1.0,-5.0,0.4,-6.0,2.4c-10.7,0.0,-21.2,10.8,-25.1,21.101c-5.8,15.1,1.1,33.899,18.899,35.6c14.5,1.4,26.101,-10.5,31.101,-23.0C201.349,150.956,191.349,135.955,175.949,130.955zM173.149,142.255c0.3,0.0,0.6,-0.2,0.9,-0.2c7.199,3.2,11.8,8.3,11.399,15.8c-4.2,-1.1,-10.2,0.0,-14.0,0.2c0.2,-2.5,0.4,-5.0,0.7,-7.5C172.349,148.855,173.049,145.456,173.149,142.255zM162.849,158.055c-2.7,0.0,-5.4,0.3,-7.8,0.9c1.5,-4.301,4.199,-8.4,7.699,-11.5c0.0,1.199,0.0,2.3,0.0,3.1C162.748,152.956,162.849,155.555,162.849,158.055zM154.049,165.855c2.8,0.9,6.0,1.101,9.1,1.101c0.2,4.1,0.6,8.1,1.0,12.1C157.949,178.355,154.449,172.055,154.049,165.855zM169.849,178.355c0.399,-3.7,0.6,-7.5,0.899,-11.3c3.2,0.2,7.601,0.9,11.601,0.7C179.449,172.555,175.049,176.555,169.849,178.355z"">
   </path>
   <path d=""M136.549,67.955c-2.4,0.6,-4.8,2.8,-5.2,5.2c-1.2,6.2,-1.6,12.6,-1.8,18.9c-2.2,-0.5,-4.4,-0.9,-6.6,-1.2c-3.5,-0.5,-7.0,-0.1,-9.9,1.4c0.9,-5.5,3.1,-10.7,3.4,-16.2c0.2,-4.0,-3.9,-6.5,-7.5,-5.7c-8.6,2.0,-10.0,12.6,-10.8,20.0c-1.2,10.2,-1.1,20.8,2.1,30.7c2.7,8.4,14.8,5.0,13.1,-3.6c-0.8,-4.3,-1.1,-8.8,-1.1,-13.3c0.2,0.1,0.4,0.3,0.6,0.3c0.5,0.1,1.0,0.2,1.5,0.2c1.2,-0.1,2.2,-0.2,3.3,-0.8c-1.6,1.0,1.2,-0.2,-0.1,-0.1c1.7,-0.2,3.0,0.1,4.6,0.4c2.5,0.5,4.9,1.3,7.2,2.4c0.1,5.9,0.9,12.4,4.6,15.7c2.4,2.1,6.9,2.2,8.5,-1.1c1.8,-3.9,1.3,-8.2,1.3,-12.4c0.101,-6.3,0.301,-12.6,0.7,-19.0C144.849,83.455,149.649,64.455,136.549,67.955z"">
   </path>
  </g>
 </g>
</svg>


Question: How many windows are there in the object?",1,2,3,4,B,building
101,"Examine the following SVG code carefully and answer the question based on your interpretation of the rendered image.

<svg height=""269.913px"" id=""Capa_1"" style=""enable-background:new 0 0 269.913 269.913;"" version=""1.1"" viewbox=""0 0 269.913 269.913"" width=""269.913px"" x=""0px"" xml:space=""preserve"" y=""0px"">
 <g>
  <g>
   <path d=""M259.649,81.055c-41.8,-34.7,-88.9,-61.2,-140.4,-78.3c-1.9,-0.6,-3.4,0.3,-4.3,1.7c-0.7,-0.4,-1.5,-0.7,-2.4,-0.8c-18.1,-1.7,-36.3,26.2,-45.7,38.2c-18.8,24.1,-34.0,50.7,-52.7,74.8c-2.1,2.7,-2.7,6.4,0.0,9.1c5.9,5.8,11.9,10.3,19.2,14.201c2.0,1.1,4.1,0.399,5.3,-0.9c1.8,0.2,3.7,-0.3,5.0,-2.2c3.2,-4.5,6.4,-9.0,9.7,-13.4c-3.3,43.6,1.9,87.8,-6.6,131.3c-0.9,4.5,2.9,7.399,6.4,7.3c14.8,17.1,71.2,8.2,88.7,7.4c16.2,-0.7,69.2,3.5,79.899,-13.4c1.7,-2.7,1.101,-5.5,-0.5,-7.5c13.5,-47.5,-7.699,-105.8,2.2,-152.1c1.7,1.1,3.5,2.2,5.3,3.0c2.7,2.2,5.4,4.4,8.2,6.5c1.7,1.2,4.8,1.2,6.5,0.0c7.2,-5.2,12.601,-9.8,17.3,-17.3C262.049,86.555,261.849,82.855,259.649,81.055zM112.649,254.456c1.9,-17.801,-2.9,-40.4,13.8,-49.4c-1.8,10.1,-1.5,21.0,-1.3,30.9c0.1,4.899,-0.3,12.899,1.6,19.1C122.049,254.956,117.349,254.755,112.649,254.456zM153.248,242.055c0.0,2.2,-0.199,4.4,-0.399,6.6c-0.101,0.601,-0.101,0.9,-0.101,1.301c-0.699,0.699,-1.199,1.6,-1.199,2.699c0.0,0.7,0.199,1.4,0.5,2.0c-6.0,0.101,-11.301,0.101,-15.1,0.2c-1.4,-17.3,-4.0,-35.1,-2.8,-52.6c12.7,-1.4,18.2,17.8,18.9,27.5C153.349,233.855,153.349,237.956,153.248,242.055zM209.248,141.855c-0.3,35.101,-1.1,70.8,1.601,105.9c-5.101,5.2,-28.0,6.399,-48.101,6.8c1.301,-3.1,1.301,-7.3,1.4,-10.1c0.8,-16.601,-1.5,-34.7,-14.2,-46.601c-13.299,-12.5,-34.1,-3.3,-41.899,10.601c-6.8,12.199,-7.0,30.6,-3.9,45.399c-15.3,-1.2,-30.8,-2.7,-45.2,-1.5c8.1,-46.8,5.2,-95.8,4.7,-143.4c18.5,-25.7,37.0,-51.2,57.1,-75.8c13.9,8.8,29.6,16.1,44.6,23.4c16.899,8.2,31.5,20.9,46.7,31.8l0.1,0.1C205.849,102.755,209.349,133.155,209.248,141.855z"">
   </path>
   <path d=""M102.549,136.955c-1.8,-0.6,-3.2,-0.2,-4.2,0.7c-12.7,-2.0,-24.3,6.4,-27.8,20.101c-3.9,15.2,8.0,30.8,23.3,31.8c12.6,0.9,23.1,-10.4,26.9,-21.4C125.849,153.555,116.049,141.456,102.549,136.955zM100.249,146.956c6.2,2.3,10.6,6.5,11.1,12.5c-0.2,0.0,-0.4,-0.101,-0.7,-0.101c-3.7,0.5,-7.5,0.8,-11.2,1.0C99.849,155.855,100.249,151.355,100.249,146.956zM90.749,147.055c-0.4,4.4,-0.6,8.9,-0.7,13.4c-3.0,0.0,-6.1,-0.2,-9.1,-0.4C81.949,154.655,85.749,149.956,90.749,147.055zM80.849,165.655c3.0,0.601,6.0,1.0,9.1,1.4c0.0,3.7,0.0,7.5,0.1,11.2C85.249,176.255,81.849,170.855,80.849,165.655zM97.449,178.555c0.3,-3.5,0.7,-6.9,1.1,-10.4c3.5,0.4,6.9,0.801,10.4,1.2C106.449,173.655,102.249,177.155,97.449,178.555z"">
   </path>
   <path d=""M175.949,130.955c-2.899,-1.0,-5.0,0.4,-6.0,2.4c-10.7,0.0,-21.2,10.8,-25.1,21.101c-5.8,15.1,1.1,33.899,18.899,35.6c14.5,1.4,26.101,-10.5,31.101,-23.0C201.349,150.956,191.349,135.955,175.949,130.955zM173.149,142.255c0.3,0.0,0.6,-0.2,0.9,-0.2c7.199,3.2,11.8,8.3,11.399,15.8c-4.2,-1.1,-10.2,0.0,-14.0,0.2c0.2,-2.5,0.4,-5.0,0.7,-7.5C172.349,148.855,173.049,145.456,173.149,142.255zM162.849,158.055c-2.7,0.0,-5.4,0.3,-7.8,0.9c1.5,-4.301,4.199,-8.4,7.699,-11.5c0.0,1.199,0.0,2.3,0.0,3.1C162.748,152.956,162.849,155.555,162.849,158.055zM154.049,165.855c2.8,0.9,6.0,1.101,9.1,1.101c0.2,4.1,0.6,8.1,1.0,12.1C157.949,178.355,154.449,172.055,154.049,165.855zM169.849,178.355c0.399,-3.7,0.6,-7.5,0.899,-11.3c3.2,0.2,7.601,0.9,11.601,0.7C179.449,172.555,175.049,176.555,169.849,178.355z"">
   </path>
   <path d=""M136.549,67.955c-2.4,0.6,-4.8,2.8,-5.2,5.2c-1.2,6.2,-1.6,12.6,-1.8,18.9c-2.2,-0.5,-4.4,-0.9,-6.6,-1.2c-3.5,-0.5,-7.0,-0.1,-9.9,1.4c0.9,-5.5,3.1,-10.7,3.4,-16.2c0.2,-4.0,-3.9,-6.5,-7.5,-5.7c-8.6,2.0,-10.0,12.6,-10.8,20.0c-1.2,10.2,-1.1,20.8,2.1,30.7c2.7,8.4,14.8,5.0,13.1,-3.6c-0.8,-4.3,-1.1,-8.8,-1.1,-13.3c0.2,0.1,0.4,0.3,0.6,0.3c0.5,0.1,1.0,0.2,1.5,0.2c1.2,-0.1,2.2,-0.2,3.3,-0.8c-1.6,1.0,1.2,-0.2,-0.1,-0.1c1.7,-0.2,3.0,0.1,4.6,0.4c2.5,0.5,4.9,1.3,7.2,2.4c0.1,5.9,0.9,12.4,4.6,15.7c2.4,2.1,6.9,2.2,8.5,-1.1c1.8,-3.9,1.3,-8.2,1.3,-12.4c0.101,-6.3,0.301,-12.6,0.7,-19.0C144.849,83.455,149.649,64.455,136.549,67.955z"">
   </path>
  </g>
 </g>
</svg>


Question: What shape are the windows in the object?",Square,Triangle,Circle,Rectangle,C,building
102,"Examine the following SVG code carefully and answer the question based on your interpretation of the rendered image.

<svg height=""269.913px"" id=""Capa_1"" style=""enable-background:new 0 0 269.913 269.913;"" version=""1.1"" viewbox=""0 0 269.913 269.913"" width=""269.913px"" x=""0px"" xml:space=""preserve"" y=""0px"">
 <g>
  <g>
   <path d=""M259.649,81.055c-41.8,-34.7,-88.9,-61.2,-140.4,-78.3c-1.9,-0.6,-3.4,0.3,-4.3,1.7c-0.7,-0.4,-1.5,-0.7,-2.4,-0.8c-18.1,-1.7,-36.3,26.2,-45.7,38.2c-18.8,24.1,-34.0,50.7,-52.7,74.8c-2.1,2.7,-2.7,6.4,0.0,9.1c5.9,5.8,11.9,10.3,19.2,14.201c2.0,1.1,4.1,0.399,5.3,-0.9c1.8,0.2,3.7,-0.3,5.0,-2.2c3.2,-4.5,6.4,-9.0,9.7,-13.4c-3.3,43.6,1.9,87.8,-6.6,131.3c-0.9,4.5,2.9,7.399,6.4,7.3c14.8,17.1,71.2,8.2,88.7,7.4c16.2,-0.7,69.2,3.5,79.899,-13.4c1.7,-2.7,1.101,-5.5,-0.5,-7.5c13.5,-47.5,-7.699,-105.8,2.2,-152.1c1.7,1.1,3.5,2.2,5.3,3.0c2.7,2.2,5.4,4.4,8.2,6.5c1.7,1.2,4.8,1.2,6.5,0.0c7.2,-5.2,12.601,-9.8,17.3,-17.3C262.049,86.555,261.849,82.855,259.649,81.055zM112.649,254.456c1.9,-17.801,-2.9,-40.4,13.8,-49.4c-1.8,10.1,-1.5,21.0,-1.3,30.9c0.1,4.899,-0.3,12.899,1.6,19.1C122.049,254.956,117.349,254.755,112.649,254.456zM153.248,242.055c0.0,2.2,-0.199,4.4,-0.399,6.6c-0.101,0.601,-0.101,0.9,-0.101,1.301c-0.699,0.699,-1.199,1.6,-1.199,2.699c0.0,0.7,0.199,1.4,0.5,2.0c-6.0,0.101,-11.301,0.101,-15.1,0.2c-1.4,-17.3,-4.0,-35.1,-2.8,-52.6c12.7,-1.4,18.2,17.8,18.9,27.5C153.349,233.855,153.349,237.956,153.248,242.055zM209.248,141.855c-0.3,35.101,-1.1,70.8,1.601,105.9c-5.101,5.2,-28.0,6.399,-48.101,6.8c1.301,-3.1,1.301,-7.3,1.4,-10.1c0.8,-16.601,-1.5,-34.7,-14.2,-46.601c-13.299,-12.5,-34.1,-3.3,-41.899,10.601c-6.8,12.199,-7.0,30.6,-3.9,45.399c-15.3,-1.2,-30.8,-2.7,-45.2,-1.5c8.1,-46.8,5.2,-95.8,4.7,-143.4c18.5,-25.7,37.0,-51.2,57.1,-75.8c13.9,8.8,29.6,16.1,44.6,23.4c16.899,8.2,31.5,20.9,46.7,31.8l0.1,0.1C205.849,102.755,209.349,133.155,209.248,141.855z"">
   </path>
   <path d=""M102.549,136.955c-1.8,-0.6,-3.2,-0.2,-4.2,0.7c-12.7,-2.0,-24.3,6.4,-27.8,20.101c-3.9,15.2,8.0,30.8,23.3,31.8c12.6,0.9,23.1,-10.4,26.9,-21.4C125.849,153.555,116.049,141.456,102.549,136.955zM100.249,146.956c6.2,2.3,10.6,6.5,11.1,12.5c-0.2,0.0,-0.4,-0.101,-0.7,-0.101c-3.7,0.5,-7.5,0.8,-11.2,1.0C99.849,155.855,100.249,151.355,100.249,146.956zM90.749,147.055c-0.4,4.4,-0.6,8.9,-0.7,13.4c-3.0,0.0,-6.1,-0.2,-9.1,-0.4C81.949,154.655,85.749,149.956,90.749,147.055zM80.849,165.655c3.0,0.601,6.0,1.0,9.1,1.4c0.0,3.7,0.0,7.5,0.1,11.2C85.249,176.255,81.849,170.855,80.849,165.655zM97.449,178.555c0.3,-3.5,0.7,-6.9,1.1,-10.4c3.5,0.4,6.9,0.801,10.4,1.2C106.449,173.655,102.249,177.155,97.449,178.555z"">
   </path>
   <path d=""M175.949,130.955c-2.899,-1.0,-5.0,0.4,-6.0,2.4c-10.7,0.0,-21.2,10.8,-25.1,21.101c-5.8,15.1,1.1,33.899,18.899,35.6c14.5,1.4,26.101,-10.5,31.101,-23.0C201.349,150.956,191.349,135.955,175.949,130.955zM173.149,142.255c0.3,0.0,0.6,-0.2,0.9,-0.2c7.199,3.2,11.8,8.3,11.399,15.8c-4.2,-1.1,-10.2,0.0,-14.0,0.2c0.2,-2.5,0.4,-5.0,0.7,-7.5C172.349,148.855,173.049,145.456,173.149,142.255zM162.849,158.055c-2.7,0.0,-5.4,0.3,-7.8,0.9c1.5,-4.301,4.199,-8.4,7.699,-11.5c0.0,1.199,0.0,2.3,0.0,3.1C162.748,152.956,162.849,155.555,162.849,158.055zM154.049,165.855c2.8,0.9,6.0,1.101,9.1,1.101c0.2,4.1,0.6,8.1,1.0,12.1C157.949,178.355,154.449,172.055,154.049,165.855zM169.849,178.355c0.399,-3.7,0.6,-7.5,0.899,-11.3c3.2,0.2,7.601,0.9,11.601,0.7C179.449,172.555,175.049,176.555,169.849,178.355z"">
   </path>
   <path d=""M136.549,67.955c-2.4,0.6,-4.8,2.8,-5.2,5.2c-1.2,6.2,-1.6,12.6,-1.8,18.9c-2.2,-0.5,-4.4,-0.9,-6.6,-1.2c-3.5,-0.5,-7.0,-0.1,-9.9,1.4c0.9,-5.5,3.1,-10.7,3.4,-16.2c0.2,-4.0,-3.9,-6.5,-7.5,-5.7c-8.6,2.0,-10.0,12.6,-10.8,20.0c-1.2,10.2,-1.1,20.8,2.1,30.7c2.7,8.4,14.8,5.0,13.1,-3.6c-0.8,-4.3,-1.1,-8.8,-1.1,-13.3c0.2,0.1,0.4,0.3,0.6,0.3c0.5,0.1,1.0,0.2,1.5,0.2c1.2,-0.1,2.2,-0.2,3.3,-0.8c-1.6,1.0,1.2,-0.2,-0.1,-0.1c1.7,-0.2,3.0,0.1,4.6,0.4c2.5,0.5,4.9,1.3,7.2,2.4c0.1,5.9,0.9,12.4,4.6,15.7c2.4,2.1,6.9,2.2,8.5,-1.1c1.8,-3.9,1.3,-8.2,1.3,-12.4c0.101,-6.3,0.301,-12.6,0.7,-19.0C144.849,83.455,149.649,64.455,136.549,67.955z"">
   </path>
  </g>
 </g>
</svg>


Question: What is the shape of the roof of the object?",Flat,Dome,Gable,Curved,C,building
103,"Examine the following SVG code carefully and answer the question based on your interpretation of the rendered image.

<svg height=""269.913px"" id=""Capa_1"" style=""enable-background:new 0 0 269.913 269.913;"" version=""1.1"" viewbox=""0 0 269.913 269.913"" width=""269.913px"" x=""0px"" xml:space=""preserve"" y=""0px"">
 <g>
  <g>
   <path d=""M259.649,81.055c-41.8,-34.7,-88.9,-61.2,-140.4,-78.3c-1.9,-0.6,-3.4,0.3,-4.3,1.7c-0.7,-0.4,-1.5,-0.7,-2.4,-0.8c-18.1,-1.7,-36.3,26.2,-45.7,38.2c-18.8,24.1,-34.0,50.7,-52.7,74.8c-2.1,2.7,-2.7,6.4,0.0,9.1c5.9,5.8,11.9,10.3,19.2,14.201c2.0,1.1,4.1,0.399,5.3,-0.9c1.8,0.2,3.7,-0.3,5.0,-2.2c3.2,-4.5,6.4,-9.0,9.7,-13.4c-3.3,43.6,1.9,87.8,-6.6,131.3c-0.9,4.5,2.9,7.399,6.4,7.3c14.8,17.1,71.2,8.2,88.7,7.4c16.2,-0.7,69.2,3.5,79.899,-13.4c1.7,-2.7,1.101,-5.5,-0.5,-7.5c13.5,-47.5,-7.699,-105.8,2.2,-152.1c1.7,1.1,3.5,2.2,5.3,3.0c2.7,2.2,5.4,4.4,8.2,6.5c1.7,1.2,4.8,1.2,6.5,0.0c7.2,-5.2,12.601,-9.8,17.3,-17.3C262.049,86.555,261.849,82.855,259.649,81.055zM112.649,254.456c1.9,-17.801,-2.9,-40.4,13.8,-49.4c-1.8,10.1,-1.5,21.0,-1.3,30.9c0.1,4.899,-0.3,12.899,1.6,19.1C122.049,254.956,117.349,254.755,112.649,254.456zM153.248,242.055c0.0,2.2,-0.199,4.4,-0.399,6.6c-0.101,0.601,-0.101,0.9,-0.101,1.301c-0.699,0.699,-1.199,1.6,-1.199,2.699c0.0,0.7,0.199,1.4,0.5,2.0c-6.0,0.101,-11.301,0.101,-15.1,0.2c-1.4,-17.3,-4.0,-35.1,-2.8,-52.6c12.7,-1.4,18.2,17.8,18.9,27.5C153.349,233.855,153.349,237.956,153.248,242.055zM209.248,141.855c-0.3,35.101,-1.1,70.8,1.601,105.9c-5.101,5.2,-28.0,6.399,-48.101,6.8c1.301,-3.1,1.301,-7.3,1.4,-10.1c0.8,-16.601,-1.5,-34.7,-14.2,-46.601c-13.299,-12.5,-34.1,-3.3,-41.899,10.601c-6.8,12.199,-7.0,30.6,-3.9,45.399c-15.3,-1.2,-30.8,-2.7,-45.2,-1.5c8.1,-46.8,5.2,-95.8,4.7,-143.4c18.5,-25.7,37.0,-51.2,57.1,-75.8c13.9,8.8,29.6,16.1,44.6,23.4c16.899,8.2,31.5,20.9,46.7,31.8l0.1,0.1C205.849,102.755,209.349,133.155,209.248,141.855z"">
   </path>
   <path d=""M102.549,136.955c-1.8,-0.6,-3.2,-0.2,-4.2,0.7c-12.7,-2.0,-24.3,6.4,-27.8,20.101c-3.9,15.2,8.0,30.8,23.3,31.8c12.6,0.9,23.1,-10.4,26.9,-21.4C125.849,153.555,116.049,141.456,102.549,136.955zM100.249,146.956c6.2,2.3,10.6,6.5,11.1,12.5c-0.2,0.0,-0.4,-0.101,-0.7,-0.101c-3.7,0.5,-7.5,0.8,-11.2,1.0C99.849,155.855,100.249,151.355,100.249,146.956zM90.749,147.055c-0.4,4.4,-0.6,8.9,-0.7,13.4c-3.0,0.0,-6.1,-0.2,-9.1,-0.4C81.949,154.655,85.749,149.956,90.749,147.055zM80.849,165.655c3.0,0.601,6.0,1.0,9.1,1.4c0.0,3.7,0.0,7.5,0.1,11.2C85.249,176.255,81.849,170.855,80.849,165.655zM97.449,178.555c0.3,-3.5,0.7,-6.9,1.1,-10.4c3.5,0.4,6.9,0.801,10.4,1.2C106.449,173.655,102.249,177.155,97.449,178.555z"">
   </path>
   <path d=""M175.949,130.955c-2.899,-1.0,-5.0,0.4,-6.0,2.4c-10.7,0.0,-21.2,10.8,-25.1,21.101c-5.8,15.1,1.1,33.899,18.899,35.6c14.5,1.4,26.101,-10.5,31.101,-23.0C201.349,150.956,191.349,135.955,175.949,130.955zM173.149,142.255c0.3,0.0,0.6,-0.2,0.9,-0.2c7.199,3.2,11.8,8.3,11.399,15.8c-4.2,-1.1,-10.2,0.0,-14.0,0.2c0.2,-2.5,0.4,-5.0,0.7,-7.5C172.349,148.855,173.049,145.456,173.149,142.255zM162.849,158.055c-2.7,0.0,-5.4,0.3,-7.8,0.9c1.5,-4.301,4.199,-8.4,7.699,-11.5c0.0,1.199,0.0,2.3,0.0,3.1C162.748,152.956,162.849,155.555,162.849,158.055zM154.049,165.855c2.8,0.9,6.0,1.101,9.1,1.101c0.2,4.1,0.6,8.1,1.0,12.1C157.949,178.355,154.449,172.055,154.049,165.855zM169.849,178.355c0.399,-3.7,0.6,-7.5,0.899,-11.3c3.2,0.2,7.601,0.9,11.601,0.7C179.449,172.555,175.049,176.555,169.849,178.355z"">
   </path>
   <path d=""M136.549,67.955c-2.4,0.6,-4.8,2.8,-5.2,5.2c-1.2,6.2,-1.6,12.6,-1.8,18.9c-2.2,-0.5,-4.4,-0.9,-6.6,-1.2c-3.5,-0.5,-7.0,-0.1,-9.9,1.4c0.9,-5.5,3.1,-10.7,3.4,-16.2c0.2,-4.0,-3.9,-6.5,-7.5,-5.7c-8.6,2.0,-10.0,12.6,-10.8,20.0c-1.2,10.2,-1.1,20.8,2.1,30.7c2.7,8.4,14.8,5.0,13.1,-3.6c-0.8,-4.3,-1.1,-8.8,-1.1,-13.3c0.2,0.1,0.4,0.3,0.6,0.3c0.5,0.1,1.0,0.2,1.5,0.2c1.2,-0.1,2.2,-0.2,3.3,-0.8c-1.6,1.0,1.2,-0.2,-0.1,-0.1c1.7,-0.2,3.0,0.1,4.6,0.4c2.5,0.5,4.9,1.3,7.2,2.4c0.1,5.9,0.9,12.4,4.6,15.7c2.4,2.1,6.9,2.2,8.5,-1.1c1.8,-3.9,1.3,-8.2,1.3,-12.4c0.101,-6.3,0.301,-12.6,0.7,-19.0C144.849,83.455,149.649,64.455,136.549,67.955z"">
   </path>
  </g>
 </g>
</svg>


Question: What is the object in the image?",Car,Tree,House,Boat,C,building
112,"Examine the following SVG code carefully and answer the question based on your interpretation of the rendered image.

<svg id=""Layer_1"" style=""enable-background:new 0 0 512 512;"" version=""1.1"" viewbox=""0 0 512 512"" x=""0px"" xml:space=""preserve"" y=""0px"">
 <polygon points=""63.209,501.990 455.743,501.990 455.743,41.190 63.209,41.190"" style=""fill:#BCAE91;"">
 </polygon>
 <g>
  <polygon points=""37.609,41.190 481.343,41.190 481.343,7.057 37.609,7.057"" style=""fill:#877E6C;"">
  </polygon>
  <polygon points=""302.143,501.990 404.543,501.990 404.543,348.390 302.143,348.390"" style=""fill:#877E6C;"">
  </polygon>
 </g>
 <polygon points=""165.609,160.657 233.876,160.657 233.876,92.390 165.609,92.390"" style=""fill:#51493B;"">
 </polygon>
 <g>
  <polygon points=""97.343,416.657 165.609,416.657 165.609,348.390 97.343,348.390"" style=""fill:#877E6C;"">
  </polygon>
  <polygon points=""97.343,160.657 165.609,160.657 165.609,92.390 97.343,92.390"" style=""fill:#877E6C;"">
  </polygon>
 </g>
 <polygon points=""353.343,160.657 421.609,160.657 421.609,92.390 353.343,92.390"" style=""fill:#51493B;"">
 </polygon>
 <polygon points=""285.076,160.657 353.343,160.657 353.343,92.390 285.076,92.390"" style=""fill:#877E6C;"">
 </polygon>
 <polygon points=""165.609,280.123 233.876,280.123 233.876,211.857 165.609,211.857"" style=""fill:#51493B;"">
 </polygon>
 <polygon points=""97.343,280.123 165.609,280.123 165.609,211.857 97.343,211.857"" style=""fill:#877E6C;"">
 </polygon>
 <g>
  <polygon points=""165.609,416.657 233.876,416.657 233.876,348.390 165.609,348.390"" style=""fill:#51493B;"">
  </polygon>
  <polygon points=""353.343,280.123 421.609,280.123 421.609,211.857 353.343,211.857"" style=""fill:#51493B;"">
  </polygon>
 </g>
 <polygon points=""285.076,280.123 353.343,280.123 353.343,211.857 285.076,211.857"" style=""fill:#877E6C;"">
 </polygon>
 <polygon points=""344.809,501.990 361.876,501.990 361.876,348.390 344.809,348.390"" style=""fill:#51493B;"">
 </polygon>
 <path d=""M506.943,510.523H12.009C6.889,510.523,3.476,507.11,3.476,501.99c0.0,-5.12,3.413,-8.533,8.533,-8.533h494.933c5.12,0.0,8.533,3.413,8.533,8.533C515.476,507.11,512.063,510.523,506.943,510.523"" style=""fill:#877E6C;"">
 </path>
</svg>


Question: How many windows are visible on the object?",2,4,8,6,D,building
113,"Examine the following SVG code carefully and answer the question based on your interpretation of the rendered image.

<svg id=""Layer_1"" style=""enable-background:new 0 0 512 512;"" version=""1.1"" viewbox=""0 0 512 512"" x=""0px"" xml:space=""preserve"" y=""0px"">
 <polygon points=""63.209,501.990 455.743,501.990 455.743,41.190 63.209,41.190"" style=""fill:#BCAE91;"">
 </polygon>
 <g>
  <polygon points=""37.609,41.190 481.343,41.190 481.343,7.057 37.609,7.057"" style=""fill:#877E6C;"">
  </polygon>
  <polygon points=""302.143,501.990 404.543,501.990 404.543,348.390 302.143,348.390"" style=""fill:#877E6C;"">
  </polygon>
 </g>
 <polygon points=""165.609,160.657 233.876,160.657 233.876,92.390 165.609,92.390"" style=""fill:#51493B;"">
 </polygon>
 <g>
  <polygon points=""97.343,416.657 165.609,416.657 165.609,348.390 97.343,348.390"" style=""fill:#877E6C;"">
  </polygon>
  <polygon points=""97.343,160.657 165.609,160.657 165.609,92.390 97.343,92.390"" style=""fill:#877E6C;"">
  </polygon>
 </g>
 <polygon points=""353.343,160.657 421.609,160.657 421.609,92.390 353.343,92.390"" style=""fill:#51493B;"">
 </polygon>
 <polygon points=""285.076,160.657 353.343,160.657 353.343,92.390 285.076,92.390"" style=""fill:#877E6C;"">
 </polygon>
 <polygon points=""165.609,280.123 233.876,280.123 233.876,211.857 165.609,211.857"" style=""fill:#51493B;"">
 </polygon>
 <polygon points=""97.343,280.123 165.609,280.123 165.609,211.857 97.343,211.857"" style=""fill:#877E6C;"">
 </polygon>
 <g>
  <polygon points=""165.609,416.657 233.876,416.657 233.876,348.390 165.609,348.390"" style=""fill:#51493B;"">
  </polygon>
  <polygon points=""353.343,280.123 421.609,280.123 421.609,211.857 353.343,211.857"" style=""fill:#51493B;"">
  </polygon>
 </g>
 <polygon points=""285.076,280.123 353.343,280.123 353.343,211.857 285.076,211.857"" style=""fill:#877E6C;"">
 </polygon>
 <polygon points=""344.809,501.990 361.876,501.990 361.876,348.390 344.809,348.390"" style=""fill:#51493B;"">
 </polygon>
 <path d=""M506.943,510.523H12.009C6.889,510.523,3.476,507.11,3.476,501.99c0.0,-5.12,3.413,-8.533,8.533,-8.533h494.933c5.12,0.0,8.533,3.413,8.533,8.533C515.476,507.11,512.063,510.523,506.943,510.523"" style=""fill:#877E6C;"">
 </path>
</svg>


Question: What shape are the windows on the object?",Circular,Triangular,Rectangular,Hexagonal,C,building
114,"Examine the following SVG code carefully and answer the question based on your interpretation of the rendered image.

<svg id=""Layer_1"" style=""enable-background:new 0 0 512 512;"" version=""1.1"" viewbox=""0 0 512 512"" x=""0px"" xml:space=""preserve"" y=""0px"">
 <polygon points=""63.209,501.990 455.743,501.990 455.743,41.190 63.209,41.190"" style=""fill:#BCAE91;"">
 </polygon>
 <g>
  <polygon points=""37.609,41.190 481.343,41.190 481.343,7.057 37.609,7.057"" style=""fill:#877E6C;"">
  </polygon>
  <polygon points=""302.143,501.990 404.543,501.990 404.543,348.390 302.143,348.390"" style=""fill:#877E6C;"">
  </polygon>
 </g>
 <polygon points=""165.609,160.657 233.876,160.657 233.876,92.390 165.609,92.390"" style=""fill:#51493B;"">
 </polygon>
 <g>
  <polygon points=""97.343,416.657 165.609,416.657 165.609,348.390 97.343,348.390"" style=""fill:#877E6C;"">
  </polygon>
  <polygon points=""97.343,160.657 165.609,160.657 165.609,92.390 97.343,92.390"" style=""fill:#877E6C;"">
  </polygon>
 </g>
 <polygon points=""353.343,160.657 421.609,160.657 421.609,92.390 353.343,92.390"" style=""fill:#51493B;"">
 </polygon>
 <polygon points=""285.076,160.657 353.343,160.657 353.343,92.390 285.076,92.390"" style=""fill:#877E6C;"">
 </polygon>
 <polygon points=""165.609,280.123 233.876,280.123 233.876,211.857 165.609,211.857"" style=""fill:#51493B;"">
 </polygon>
 <polygon points=""97.343,280.123 165.609,280.123 165.609,211.857 97.343,211.857"" style=""fill:#877E6C;"">
 </polygon>
 <g>
  <polygon points=""165.609,416.657 233.876,416.657 233.876,348.390 165.609,348.390"" style=""fill:#51493B;"">
  </polygon>
  <polygon points=""353.343,280.123 421.609,280.123 421.609,211.857 353.343,211.857"" style=""fill:#51493B;"">
  </polygon>
 </g>
 <polygon points=""285.076,280.123 353.343,280.123 353.343,211.857 285.076,211.857"" style=""fill:#877E6C;"">
 </polygon>
 <polygon points=""344.809,501.990 361.876,501.990 361.876,348.390 344.809,348.390"" style=""fill:#51493B;"">
 </polygon>
 <path d=""M506.943,510.523H12.009C6.889,510.523,3.476,507.11,3.476,501.99c0.0,-5.12,3.413,-8.533,8.533,-8.533h494.933c5.12,0.0,8.533,3.413,8.533,8.533C515.476,507.11,512.063,510.523,506.943,510.523"" style=""fill:#877E6C;"">
 </path>
</svg>


Question: What is the color of the door on the object?",Red,Blue,Green,Brown,D,building
115,"Examine the following SVG code carefully and answer the question based on your interpretation of the rendered image.

<svg id=""Layer_1"" style=""enable-background:new 0 0 512 512;"" version=""1.1"" viewbox=""0 0 512 512"" x=""0px"" xml:space=""preserve"" y=""0px"">
 <polygon points=""63.209,501.990 455.743,501.990 455.743,41.190 63.209,41.190"" style=""fill:#BCAE91;"">
 </polygon>
 <g>
  <polygon points=""37.609,41.190 481.343,41.190 481.343,7.057 37.609,7.057"" style=""fill:#877E6C;"">
  </polygon>
  <polygon points=""302.143,501.990 404.543,501.990 404.543,348.390 302.143,348.390"" style=""fill:#877E6C;"">
  </polygon>
 </g>
 <polygon points=""165.609,160.657 233.876,160.657 233.876,92.390 165.609,92.390"" style=""fill:#51493B;"">
 </polygon>
 <g>
  <polygon points=""97.343,416.657 165.609,416.657 165.609,348.390 97.343,348.390"" style=""fill:#877E6C;"">
  </polygon>
  <polygon points=""97.343,160.657 165.609,160.657 165.609,92.390 97.343,92.390"" style=""fill:#877E6C;"">
  </polygon>
 </g>
 <polygon points=""353.343,160.657 421.609,160.657 421.609,92.390 353.343,92.390"" style=""fill:#51493B;"">
 </polygon>
 <polygon points=""285.076,160.657 353.343,160.657 353.343,92.390 285.076,92.390"" style=""fill:#877E6C;"">
 </polygon>
 <polygon points=""165.609,280.123 233.876,280.123 233.876,211.857 165.609,211.857"" style=""fill:#51493B;"">
 </polygon>
 <polygon points=""97.343,280.123 165.609,280.123 165.609,211.857 97.343,211.857"" style=""fill:#877E6C;"">
 </polygon>
 <g>
  <polygon points=""165.609,416.657 233.876,416.657 233.876,348.390 165.609,348.390"" style=""fill:#51493B;"">
  </polygon>
  <polygon points=""353.343,280.123 421.609,280.123 421.609,211.857 353.343,211.857"" style=""fill:#51493B;"">
  </polygon>
 </g>
 <polygon points=""285.076,280.123 353.343,280.123 353.343,211.857 285.076,211.857"" style=""fill:#877E6C;"">
 </polygon>
 <polygon points=""344.809,501.990 361.876,501.990 361.876,348.390 344.809,348.390"" style=""fill:#51493B;"">
 </polygon>
 <path d=""M506.943,510.523H12.009C6.889,510.523,3.476,507.11,3.476,501.99c0.0,-5.12,3.413,-8.533,8.533,-8.533h494.933c5.12,0.0,8.533,3.413,8.533,8.533C515.476,507.11,512.063,510.523,506.943,510.523"" style=""fill:#877E6C;"">
 </path>
</svg>


Question: What type of building does the object represent?",House,Skyscraper,Hospital,building,D,building
116,"Examine the following SVG code carefully and answer the question based on your interpretation of the rendered image.

<svg id=""Layer_1"" style=""enable-background:new 0 0 512 512;"" version=""1.1"" viewbox=""0 0 512 512"" x=""0px"" xml:space=""preserve"" y=""0px"">
 <g>
  <g>
   <path d=""M176.899,290.403c-40.546,0.0,-73.533,32.986,-73.533,73.532v100.852h147.066V363.935C250.431,323.389,217.445,290.403,176.899,290.403zM161.993,434.976h-28.817v-39.495h28.817V434.976zM161.993,365.67h-28.817v-1.735c0.0,-18.875,12.026,-34.993,28.817,-41.102V365.67zM220.62,434.976h-28.816v-39.495h28.816V434.976zM220.62,365.67h-28.816v-42.837c16.791,6.108,28.816,22.226,28.816,41.102V365.67z"">
   </path>
  </g>
 </g>
 <g>
  <g>
   <path d=""M343.841,290.403c-40.546,0.0,-73.532,32.986,-73.532,73.532v100.852h147.066V363.935C417.375,323.389,384.388,290.403,343.841,290.403zM328.936,434.976H300.12v-39.495h28.815V434.976zM328.936,365.67H300.12v-1.735c0.0,-18.875,12.025,-34.993,28.816,-41.102V365.67zM387.564,434.976h-28.817v-39.495h28.817V434.976zM387.564,365.67h-28.817v-42.837c16.792,6.108,28.817,22.226,28.817,41.102V365.67z"">
   </path>
  </g>
 </g>
 <g>
  <g>
   <path d=""M458.837,81.797L260.37,7.693L61.903,81.797L4.37,274.503h43.348v235.994h425.305V274.503H516.37L458.837,81.797zM443.211,480.686H77.529V274.503h365.682V480.686zM47.718,244.692h-3.335v0.0l41.843,-140.155L260.37,39.514l174.144,65.023l41.843,140.155h-3.335H47.718z"">
   </path>
  </g>
 </g>
 <g>
  <g>
   <path d=""M260.37,70.131c-36.141,0.0,-65.544,29.403,-65.544,65.544v89.141h131.088V135.675C325.914,99.533,296.511,70.131,260.37,70.131zM245.464,195.004h-20.827v-30.05h20.827V195.004zM245.464,135.142h-20.813c0.208,-14.156,8.686,-26.34,20.813,-31.931V135.142zM275.276,103.211c12.127,5.591,20.605,17.774,20.813,31.932h-20.813V103.211zM296.103,195.004h-20.827v-30.05h20.827V195.004z"">
   </path>
  </g>
 </g>
 <g>
  <g>
   <path d=""M102.038,126.695v98.12h72.911V126.695H102.038zM145.138,195.004h-13.289v-38.497h13.289V195.004z"">
   </path>
  </g>
 </g>
 <g>
  <g>
   <path d=""M345.791,126.695v98.12h72.911V126.695H345.791zM388.891,195.004h-13.289v-38.497h13.289V195.004z"">
   </path>
  </g>
 </g>
</svg>


Question: How many windows are on the top floor of the object?",1,2,3,4,C,building
117,"Examine the following SVG code carefully and answer the question based on your interpretation of the rendered image.

<svg id=""Layer_1"" style=""enable-background:new 0 0 512 512;"" version=""1.1"" viewbox=""0 0 512 512"" x=""0px"" xml:space=""preserve"" y=""0px"">
 <g>
  <g>
   <path d=""M176.899,290.403c-40.546,0.0,-73.533,32.986,-73.533,73.532v100.852h147.066V363.935C250.431,323.389,217.445,290.403,176.899,290.403zM161.993,434.976h-28.817v-39.495h28.817V434.976zM161.993,365.67h-28.817v-1.735c0.0,-18.875,12.026,-34.993,28.817,-41.102V365.67zM220.62,434.976h-28.816v-39.495h28.816V434.976zM220.62,365.67h-28.816v-42.837c16.791,6.108,28.816,22.226,28.816,41.102V365.67z"">
   </path>
  </g>
 </g>
 <g>
  <g>
   <path d=""M343.841,290.403c-40.546,0.0,-73.532,32.986,-73.532,73.532v100.852h147.066V363.935C417.375,323.389,384.388,290.403,343.841,290.403zM328.936,434.976H300.12v-39.495h28.815V434.976zM328.936,365.67H300.12v-1.735c0.0,-18.875,12.025,-34.993,28.816,-41.102V365.67zM387.564,434.976h-28.817v-39.495h28.817V434.976zM387.564,365.67h-28.817v-42.837c16.792,6.108,28.817,22.226,28.817,41.102V365.67z"">
   </path>
  </g>
 </g>
 <g>
  <g>
   <path d=""M458.837,81.797L260.37,7.693L61.903,81.797L4.37,274.503h43.348v235.994h425.305V274.503H516.37L458.837,81.797zM443.211,480.686H77.529V274.503h365.682V480.686zM47.718,244.692h-3.335v0.0l41.843,-140.155L260.37,39.514l174.144,65.023l41.843,140.155h-3.335H47.718z"">
   </path>
  </g>
 </g>
 <g>
  <g>
   <path d=""M260.37,70.131c-36.141,0.0,-65.544,29.403,-65.544,65.544v89.141h131.088V135.675C325.914,99.533,296.511,70.131,260.37,70.131zM245.464,195.004h-20.827v-30.05h20.827V195.004zM245.464,135.142h-20.813c0.208,-14.156,8.686,-26.34,20.813,-31.931V135.142zM275.276,103.211c12.127,5.591,20.605,17.774,20.813,31.932h-20.813V103.211zM296.103,195.004h-20.827v-30.05h20.827V195.004z"">
   </path>
  </g>
 </g>
 <g>
  <g>
   <path d=""M102.038,126.695v98.12h72.911V126.695H102.038zM145.138,195.004h-13.289v-38.497h13.289V195.004z"">
   </path>
  </g>
 </g>
 <g>
  <g>
   <path d=""M345.791,126.695v98.12h72.911V126.695H345.791zM388.891,195.004h-13.289v-38.497h13.289V195.004z"">
   </path>
  </g>
 </g>
</svg>


Question: What shape are the windows on the bottom floor of the object?",Circular,Triangular,Rectangular,Arch,D,building
118,"Examine the following SVG code carefully and answer the question based on your interpretation of the rendered image.

<svg id=""Layer_1"" style=""enable-background:new 0 0 512 512;"" version=""1.1"" viewbox=""0 0 512 512"" x=""0px"" xml:space=""preserve"" y=""0px"">
 <g>
  <g>
   <path d=""M176.899,290.403c-40.546,0.0,-73.533,32.986,-73.533,73.532v100.852h147.066V363.935C250.431,323.389,217.445,290.403,176.899,290.403zM161.993,434.976h-28.817v-39.495h28.817V434.976zM161.993,365.67h-28.817v-1.735c0.0,-18.875,12.026,-34.993,28.817,-41.102V365.67zM220.62,434.976h-28.816v-39.495h28.816V434.976zM220.62,365.67h-28.816v-42.837c16.791,6.108,28.816,22.226,28.816,41.102V365.67z"">
   </path>
  </g>
 </g>
 <g>
  <g>
   <path d=""M343.841,290.403c-40.546,0.0,-73.532,32.986,-73.532,73.532v100.852h147.066V363.935C417.375,323.389,384.388,290.403,343.841,290.403zM328.936,434.976H300.12v-39.495h28.815V434.976zM328.936,365.67H300.12v-1.735c0.0,-18.875,12.025,-34.993,28.816,-41.102V365.67zM387.564,434.976h-28.817v-39.495h28.817V434.976zM387.564,365.67h-28.817v-42.837c16.792,6.108,28.817,22.226,28.817,41.102V365.67z"">
   </path>
  </g>
 </g>
 <g>
  <g>
   <path d=""M458.837,81.797L260.37,7.693L61.903,81.797L4.37,274.503h43.348v235.994h425.305V274.503H516.37L458.837,81.797zM443.211,480.686H77.529V274.503h365.682V480.686zM47.718,244.692h-3.335v0.0l41.843,-140.155L260.37,39.514l174.144,65.023l41.843,140.155h-3.335H47.718z"">
   </path>
  </g>
 </g>
 <g>
  <g>
   <path d=""M260.37,70.131c-36.141,0.0,-65.544,29.403,-65.544,65.544v89.141h131.088V135.675C325.914,99.533,296.511,70.131,260.37,70.131zM245.464,195.004h-20.827v-30.05h20.827V195.004zM245.464,135.142h-20.813c0.208,-14.156,8.686,-26.34,20.813,-31.931V135.142zM275.276,103.211c12.127,5.591,20.605,17.774,20.813,31.932h-20.813V103.211zM296.103,195.004h-20.827v-30.05h20.827V195.004z"">
   </path>
  </g>
 </g>
 <g>
  <g>
   <path d=""M102.038,126.695v98.12h72.911V126.695H102.038zM145.138,195.004h-13.289v-38.497h13.289V195.004z"">
   </path>
  </g>
 </g>
 <g>
  <g>
   <path d=""M345.791,126.695v98.12h72.911V126.695H345.791zM388.891,195.004h-13.289v-38.497h13.289V195.004z"">
   </path>
  </g>
 </g>
</svg>


Question: What is the shape of the roof of the object?",Flat,Gabled,Curved,Dome,B,building
119,"Examine the following SVG code carefully and answer the question based on your interpretation of the rendered image.

<svg id=""Layer_1"" style=""enable-background:new 0 0 512 512;"" version=""1.1"" viewbox=""0 0 512 512"" x=""0px"" xml:space=""preserve"" y=""0px"">
 <g>
  <g>
   <path d=""M176.899,290.403c-40.546,0.0,-73.533,32.986,-73.533,73.532v100.852h147.066V363.935C250.431,323.389,217.445,290.403,176.899,290.403zM161.993,434.976h-28.817v-39.495h28.817V434.976zM161.993,365.67h-28.817v-1.735c0.0,-18.875,12.026,-34.993,28.817,-41.102V365.67zM220.62,434.976h-28.816v-39.495h28.816V434.976zM220.62,365.67h-28.816v-42.837c16.791,6.108,28.816,22.226,28.816,41.102V365.67z"">
   </path>
  </g>
 </g>
 <g>
  <g>
   <path d=""M343.841,290.403c-40.546,0.0,-73.532,32.986,-73.532,73.532v100.852h147.066V363.935C417.375,323.389,384.388,290.403,343.841,290.403zM328.936,434.976H300.12v-39.495h28.815V434.976zM328.936,365.67H300.12v-1.735c0.0,-18.875,12.025,-34.993,28.816,-41.102V365.67zM387.564,434.976h-28.817v-39.495h28.817V434.976zM387.564,365.67h-28.817v-42.837c16.792,6.108,28.817,22.226,28.817,41.102V365.67z"">
   </path>
  </g>
 </g>
 <g>
  <g>
   <path d=""M458.837,81.797L260.37,7.693L61.903,81.797L4.37,274.503h43.348v235.994h425.305V274.503H516.37L458.837,81.797zM443.211,480.686H77.529V274.503h365.682V480.686zM47.718,244.692h-3.335v0.0l41.843,-140.155L260.37,39.514l174.144,65.023l41.843,140.155h-3.335H47.718z"">
   </path>
  </g>
 </g>
 <g>
  <g>
   <path d=""M260.37,70.131c-36.141,0.0,-65.544,29.403,-65.544,65.544v89.141h131.088V135.675C325.914,99.533,296.511,70.131,260.37,70.131zM245.464,195.004h-20.827v-30.05h20.827V195.004zM245.464,135.142h-20.813c0.208,-14.156,8.686,-26.34,20.813,-31.931V135.142zM275.276,103.211c12.127,5.591,20.605,17.774,20.813,31.932h-20.813V103.211zM296.103,195.004h-20.827v-30.05h20.827V195.004z"">
   </path>
  </g>
 </g>
 <g>
  <g>
   <path d=""M102.038,126.695v98.12h72.911V126.695H102.038zM145.138,195.004h-13.289v-38.497h13.289V195.004z"">
   </path>
  </g>
 </g>
 <g>
  <g>
   <path d=""M345.791,126.695v98.12h72.911V126.695H345.791zM388.891,195.004h-13.289v-38.497h13.289V195.004z"">
   </path>
  </g>
 </g>
</svg>


Question: What type of building does the object resemble?",Skyscraper,House,Factory,Stadium,B,building
140,"Examine the following SVG code carefully and answer the question based on your interpretation of the rendered image.

<svg height=""472.949px"" id=""Capa_1"" style=""enable-background:new 0 0 472.949 472.949;"" version=""1.1"" viewbox=""0 0 472.949 472.949"" width=""472.949px"" x=""0px"" xml:space=""preserve"" y=""0px"">
 <g>
  <g>
   <path d=""M3.5,132.282v13.295h11.458v137.982h-8.71v38.625h224.256v-38.625h-8.71V145.577h11.458v-13.295L118.376,60.985L3.5,132.282zM91.295,277.161H45.507v-45.789h45.789L91.295,277.161L91.295,277.161zM91.295,191.585H45.507V145.796h45.789L91.295,191.585L91.295,191.585zM145.457,145.796h45.789v45.789h-45.789V145.796zM145.457,231.372h45.789v45.789h-45.789V231.372z"">
   </path>
   <path d=""M476.449,243.907v-13.295l-114.875,-71.297l-114.876,71.297v13.295h11.458v137.984h-8.71v38.625h224.257v-38.625h-8.711V243.907H476.449zM334.492,375.493h-45.788v-45.789h45.788V375.493zM334.492,289.915h-45.788V244.126h45.788V289.915zM434.443,375.493h-45.789v-45.789h45.789V375.493zM434.443,289.915h-45.789V244.126h45.789V289.915z"">
   </path>
  </g>
 </g>
</svg>


Question: How many windows are there in each house?",2,3,4,5,C,building
141,"Examine the following SVG code carefully and answer the question based on your interpretation of the rendered image.

<svg height=""472.949px"" id=""Capa_1"" style=""enable-background:new 0 0 472.949 472.949;"" version=""1.1"" viewbox=""0 0 472.949 472.949"" width=""472.949px"" x=""0px"" xml:space=""preserve"" y=""0px"">
 <g>
  <g>
   <path d=""M3.5,132.282v13.295h11.458v137.982h-8.71v38.625h224.256v-38.625h-8.71V145.577h11.458v-13.295L118.376,60.985L3.5,132.282zM91.295,277.161H45.507v-45.789h45.789L91.295,277.161L91.295,277.161zM91.295,191.585H45.507V145.796h45.789L91.295,191.585L91.295,191.585zM145.457,145.796h45.789v45.789h-45.789V145.796zM145.457,231.372h45.789v45.789h-45.789V231.372z"">
   </path>
   <path d=""M476.449,243.907v-13.295l-114.875,-71.297l-114.876,71.297v13.295h11.458v137.984h-8.71v38.625h224.257v-38.625h-8.711V243.907H476.449zM334.492,375.493h-45.788v-45.789h45.788V375.493zM334.492,289.915h-45.788V244.126h45.788V289.915zM434.443,375.493h-45.789v-45.789h45.789V375.493zM434.443,289.915h-45.789V244.126h45.789V289.915z"">
   </path>
  </g>
 </g>
</svg>


Question: What shape is the roof of each house?",Flat,Dome,Gable,Curved,C,building
142,"Examine the following SVG code carefully and answer the question based on your interpretation of the rendered image.

<svg height=""472.949px"" id=""Capa_1"" style=""enable-background:new 0 0 472.949 472.949;"" version=""1.1"" viewbox=""0 0 472.949 472.949"" width=""472.949px"" x=""0px"" xml:space=""preserve"" y=""0px"">
 <g>
  <g>
   <path d=""M3.5,132.282v13.295h11.458v137.982h-8.71v38.625h224.256v-38.625h-8.71V145.577h11.458v-13.295L118.376,60.985L3.5,132.282zM91.295,277.161H45.507v-45.789h45.789L91.295,277.161L91.295,277.161zM91.295,191.585H45.507V145.796h45.789L91.295,191.585L91.295,191.585zM145.457,145.796h45.789v45.789h-45.789V145.796zM145.457,231.372h45.789v45.789h-45.789V231.372z"">
   </path>
   <path d=""M476.449,243.907v-13.295l-114.875,-71.297l-114.876,71.297v13.295h11.458v137.984h-8.71v38.625h224.257v-38.625h-8.711V243.907H476.449zM334.492,375.493h-45.788v-45.789h45.788V375.493zM334.492,289.915h-45.788V244.126h45.788V289.915zM434.443,375.493h-45.789v-45.789h45.789V375.493zM434.443,289.915h-45.789V244.126h45.789V289.915z"">
   </path>
  </g>
 </g>
</svg>


Question: How many houses are there in the image?",1,2,3,4,B,building
143,"Examine the following SVG code carefully and answer the question based on your interpretation of the rendered image.

<svg height=""472.949px"" id=""Capa_1"" style=""enable-background:new 0 0 472.949 472.949;"" version=""1.1"" viewbox=""0 0 472.949 472.949"" width=""472.949px"" x=""0px"" xml:space=""preserve"" y=""0px"">
 <g>
  <g>
   <path d=""M3.5,132.282v13.295h11.458v137.982h-8.71v38.625h224.256v-38.625h-8.71V145.577h11.458v-13.295L118.376,60.985L3.5,132.282zM91.295,277.161H45.507v-45.789h45.789L91.295,277.161L91.295,277.161zM91.295,191.585H45.507V145.796h45.789L91.295,191.585L91.295,191.585zM145.457,145.796h45.789v45.789h-45.789V145.796zM145.457,231.372h45.789v45.789h-45.789V231.372z"">
   </path>
   <path d=""M476.449,243.907v-13.295l-114.875,-71.297l-114.876,71.297v13.295h11.458v137.984h-8.71v38.625h224.257v-38.625h-8.711V243.907H476.449zM334.492,375.493h-45.788v-45.789h45.788V375.493zM334.492,289.915h-45.788V244.126h45.788V289.915zM434.443,375.493h-45.789v-45.789h45.789V375.493zM434.443,289.915h-45.789V244.126h45.789V289.915z"">
   </path>
  </g>
 </g>
</svg>


Question: What is the object in the image?",Trees,Cars,Houses,Boats,C,building
144,"Examine the following SVG code carefully and answer the question based on your interpretation of the rendered image.

<svg id=""Layer_1"" style=""enable-background:new 0 0 510.67 510.67;"" version=""1.1"" viewbox=""0 0 510.67 510.67"" x=""0px"" xml:space=""preserve"" y=""0px"">
 <g>
  <g>
   <path d=""M501.925,440.49h-24.783V67.192c0.0,-6.71,-5.44,-12.15,-12.15,-12.15H276.928c-6.71,0.0,-12.15,5.439,-12.15,12.15v373.298h-12.532V198.511c0.0,-6.71,-5.439,-12.15,-12.15,-12.15H52.033c-6.71,0.0,-12.15,5.439,-12.15,12.15v148.859l41.696,-41.696c4.745,-4.745,12.438,-4.745,17.183,0.0s4.745,12.438,0.0,17.183l-58.879,58.879v58.754H15.555c-6.71,0.0,-12.15,5.439,-12.15,12.15s5.439,12.15,12.15,12.15c162.123,0.0,324.246,0.0,486.37,0.0c6.71,0.0,12.15,-5.439,12.15,-12.15S508.634,440.49,501.925,440.49zM114.34,406.081l-34.408,34.408H45.566l51.591,-51.591c4.745,-4.745,12.438,-4.745,17.183,0.0S119.085,401.336,114.34,406.081zM124.178,256.461H95.806c-6.71,0.0,-12.15,-5.439,-12.15,-12.15s5.439,-12.15,12.15,-12.15h28.372c6.71,0.0,12.15,5.439,12.15,12.15S130.889,256.461,124.178,256.461zM196.064,421.469l-19.021,19.021h-34.366l36.204,-36.204c4.745,-4.745,12.438,-4.745,17.183,0.0S200.809,416.723,196.064,421.469zM197.944,376.433h-28.372c-6.71,0.0,-12.15,-5.439,-12.15,-12.15s5.44,-12.15,12.15,-12.15h28.372c6.71,0.0,12.15,5.439,12.15,12.15S204.655,376.433,197.944,376.433zM197.944,316.446h-28.372c-6.71,0.0,-12.15,-5.439,-12.15,-12.15s5.44,-12.15,12.15,-12.15h28.372c6.71,0.0,12.15,5.439,12.15,12.15S204.655,316.446,197.944,316.446zM197.944,256.461h-28.372c-6.71,0.0,-12.15,-5.439,-12.15,-12.15s5.44,-12.15,12.15,-12.15h28.372c6.71,0.0,12.15,5.439,12.15,12.15S204.655,256.461,197.944,256.461zM348.262,376.433h-28.371c-6.71,0.0,-12.15,-5.439,-12.15,-12.15s5.44,-12.15,12.15,-12.15h28.371c6.71,0.0,12.15,5.439,12.15,12.15S354.972,376.433,348.262,376.433zM348.262,316.446h-28.371c-6.71,0.0,-12.15,-5.439,-12.15,-12.15s5.44,-12.15,12.15,-12.15h28.371c6.71,0.0,12.15,5.439,12.15,12.15S354.972,316.446,348.262,316.446zM348.262,256.461h-28.371c-6.71,0.0,-12.15,-5.439,-12.15,-12.15s5.44,-12.15,12.15,-12.15h28.371c6.71,0.0,12.15,5.439,12.15,12.15S354.972,256.461,348.262,256.461zM348.262,196.475h-28.371c-6.71,0.0,-12.15,-5.439,-12.15,-12.15s5.44,-12.15,12.15,-12.15h28.371c6.71,0.0,12.15,5.439,12.15,12.15S354.972,196.475,348.262,196.475zM348.262,136.49h-28.371c-6.71,0.0,-12.15,-5.439,-12.15,-12.15s5.44,-12.15,12.15,-12.15h28.371c6.71,0.0,12.15,5.439,12.15,12.15S354.972,136.49,348.262,136.49zM422.029,376.433h-28.372c-6.71,0.0,-12.15,-5.439,-12.15,-12.15s5.44,-12.15,12.15,-12.15h28.372c6.71,0.0,12.15,5.439,12.15,12.15S428.739,376.433,422.029,376.433zM422.029,316.446h-28.372c-6.71,0.0,-12.15,-5.439,-12.15,-12.15s5.44,-12.15,12.15,-12.15h28.372c6.71,0.0,12.15,5.439,12.15,12.15S428.739,316.446,422.029,316.446zM422.029,256.461h-28.372c-6.71,0.0,-12.15,-5.439,-12.15,-12.15s5.44,-12.15,12.15,-12.15h28.372c6.71,0.0,12.15,5.439,12.15,12.15S428.739,256.461,422.029,256.461zM422.029,196.475h-28.372c-6.71,0.0,-12.15,-5.439,-12.15,-12.15s5.44,-12.15,12.15,-12.15h28.372c6.71,0.0,12.15,5.439,12.15,12.15S428.739,196.475,422.029,196.475zM422.029,136.49h-28.372c-6.71,0.0,-12.15,-5.439,-12.15,-12.15s5.44,-12.15,12.15,-12.15h28.372c6.71,0.0,12.15,5.439,12.15,12.15S428.739,136.49,422.029,136.49z"">
   </path>
  </g>
 </g>
</svg>


Question: How many buildings are depicted in the image?",One,Two,Three,Four,B,building
145,"Examine the following SVG code carefully and answer the question based on your interpretation of the rendered image.

<svg id=""Layer_1"" style=""enable-background:new 0 0 510.67 510.67;"" version=""1.1"" viewbox=""0 0 510.67 510.67"" x=""0px"" xml:space=""preserve"" y=""0px"">
 <g>
  <g>
   <path d=""M501.925,440.49h-24.783V67.192c0.0,-6.71,-5.44,-12.15,-12.15,-12.15H276.928c-6.71,0.0,-12.15,5.439,-12.15,12.15v373.298h-12.532V198.511c0.0,-6.71,-5.439,-12.15,-12.15,-12.15H52.033c-6.71,0.0,-12.15,5.439,-12.15,12.15v148.859l41.696,-41.696c4.745,-4.745,12.438,-4.745,17.183,0.0s4.745,12.438,0.0,17.183l-58.879,58.879v58.754H15.555c-6.71,0.0,-12.15,5.439,-12.15,12.15s5.439,12.15,12.15,12.15c162.123,0.0,324.246,0.0,486.37,0.0c6.71,0.0,12.15,-5.439,12.15,-12.15S508.634,440.49,501.925,440.49zM114.34,406.081l-34.408,34.408H45.566l51.591,-51.591c4.745,-4.745,12.438,-4.745,17.183,0.0S119.085,401.336,114.34,406.081zM124.178,256.461H95.806c-6.71,0.0,-12.15,-5.439,-12.15,-12.15s5.439,-12.15,12.15,-12.15h28.372c6.71,0.0,12.15,5.439,12.15,12.15S130.889,256.461,124.178,256.461zM196.064,421.469l-19.021,19.021h-34.366l36.204,-36.204c4.745,-4.745,12.438,-4.745,17.183,0.0S200.809,416.723,196.064,421.469zM197.944,376.433h-28.372c-6.71,0.0,-12.15,-5.439,-12.15,-12.15s5.44,-12.15,12.15,-12.15h28.372c6.71,0.0,12.15,5.439,12.15,12.15S204.655,376.433,197.944,376.433zM197.944,316.446h-28.372c-6.71,0.0,-12.15,-5.439,-12.15,-12.15s5.44,-12.15,12.15,-12.15h28.372c6.71,0.0,12.15,5.439,12.15,12.15S204.655,316.446,197.944,316.446zM197.944,256.461h-28.372c-6.71,0.0,-12.15,-5.439,-12.15,-12.15s5.44,-12.15,12.15,-12.15h28.372c6.71,0.0,12.15,5.439,12.15,12.15S204.655,256.461,197.944,256.461zM348.262,376.433h-28.371c-6.71,0.0,-12.15,-5.439,-12.15,-12.15s5.44,-12.15,12.15,-12.15h28.371c6.71,0.0,12.15,5.439,12.15,12.15S354.972,376.433,348.262,376.433zM348.262,316.446h-28.371c-6.71,0.0,-12.15,-5.439,-12.15,-12.15s5.44,-12.15,12.15,-12.15h28.371c6.71,0.0,12.15,5.439,12.15,12.15S354.972,316.446,348.262,316.446zM348.262,256.461h-28.371c-6.71,0.0,-12.15,-5.439,-12.15,-12.15s5.44,-12.15,12.15,-12.15h28.371c6.71,0.0,12.15,5.439,12.15,12.15S354.972,256.461,348.262,256.461zM348.262,196.475h-28.371c-6.71,0.0,-12.15,-5.439,-12.15,-12.15s5.44,-12.15,12.15,-12.15h28.371c6.71,0.0,12.15,5.439,12.15,12.15S354.972,196.475,348.262,196.475zM348.262,136.49h-28.371c-6.71,0.0,-12.15,-5.439,-12.15,-12.15s5.44,-12.15,12.15,-12.15h28.371c6.71,0.0,12.15,5.439,12.15,12.15S354.972,136.49,348.262,136.49zM422.029,376.433h-28.372c-6.71,0.0,-12.15,-5.439,-12.15,-12.15s5.44,-12.15,12.15,-12.15h28.372c6.71,0.0,12.15,5.439,12.15,12.15S428.739,376.433,422.029,376.433zM422.029,316.446h-28.372c-6.71,0.0,-12.15,-5.439,-12.15,-12.15s5.44,-12.15,12.15,-12.15h28.372c6.71,0.0,12.15,5.439,12.15,12.15S428.739,316.446,422.029,316.446zM422.029,256.461h-28.372c-6.71,0.0,-12.15,-5.439,-12.15,-12.15s5.44,-12.15,12.15,-12.15h28.372c6.71,0.0,12.15,5.439,12.15,12.15S428.739,256.461,422.029,256.461zM422.029,196.475h-28.372c-6.71,0.0,-12.15,-5.439,-12.15,-12.15s5.44,-12.15,12.15,-12.15h28.372c6.71,0.0,12.15,5.439,12.15,12.15S428.739,196.475,422.029,196.475zM422.029,136.49h-28.372c-6.71,0.0,-12.15,-5.439,-12.15,-12.15s5.44,-12.15,12.15,-12.15h28.372c6.71,0.0,12.15,5.439,12.15,12.15S428.739,136.49,422.029,136.49z"">
   </path>
  </g>
 </g>
</svg>


Question: What shape are the windows in the buildings?",Circular,Triangular,Hexagonal,Rectangular,D,building
146,"Examine the following SVG code carefully and answer the question based on your interpretation of the rendered image.

<svg id=""Layer_1"" style=""enable-background:new 0 0 510.67 510.67;"" version=""1.1"" viewbox=""0 0 510.67 510.67"" x=""0px"" xml:space=""preserve"" y=""0px"">
 <g>
  <g>
   <path d=""M501.925,440.49h-24.783V67.192c0.0,-6.71,-5.44,-12.15,-12.15,-12.15H276.928c-6.71,0.0,-12.15,5.439,-12.15,12.15v373.298h-12.532V198.511c0.0,-6.71,-5.439,-12.15,-12.15,-12.15H52.033c-6.71,0.0,-12.15,5.439,-12.15,12.15v148.859l41.696,-41.696c4.745,-4.745,12.438,-4.745,17.183,0.0s4.745,12.438,0.0,17.183l-58.879,58.879v58.754H15.555c-6.71,0.0,-12.15,5.439,-12.15,12.15s5.439,12.15,12.15,12.15c162.123,0.0,324.246,0.0,486.37,0.0c6.71,0.0,12.15,-5.439,12.15,-12.15S508.634,440.49,501.925,440.49zM114.34,406.081l-34.408,34.408H45.566l51.591,-51.591c4.745,-4.745,12.438,-4.745,17.183,0.0S119.085,401.336,114.34,406.081zM124.178,256.461H95.806c-6.71,0.0,-12.15,-5.439,-12.15,-12.15s5.439,-12.15,12.15,-12.15h28.372c6.71,0.0,12.15,5.439,12.15,12.15S130.889,256.461,124.178,256.461zM196.064,421.469l-19.021,19.021h-34.366l36.204,-36.204c4.745,-4.745,12.438,-4.745,17.183,0.0S200.809,416.723,196.064,421.469zM197.944,376.433h-28.372c-6.71,0.0,-12.15,-5.439,-12.15,-12.15s5.44,-12.15,12.15,-12.15h28.372c6.71,0.0,12.15,5.439,12.15,12.15S204.655,376.433,197.944,376.433zM197.944,316.446h-28.372c-6.71,0.0,-12.15,-5.439,-12.15,-12.15s5.44,-12.15,12.15,-12.15h28.372c6.71,0.0,12.15,5.439,12.15,12.15S204.655,316.446,197.944,316.446zM197.944,256.461h-28.372c-6.71,0.0,-12.15,-5.439,-12.15,-12.15s5.44,-12.15,12.15,-12.15h28.372c6.71,0.0,12.15,5.439,12.15,12.15S204.655,256.461,197.944,256.461zM348.262,376.433h-28.371c-6.71,0.0,-12.15,-5.439,-12.15,-12.15s5.44,-12.15,12.15,-12.15h28.371c6.71,0.0,12.15,5.439,12.15,12.15S354.972,376.433,348.262,376.433zM348.262,316.446h-28.371c-6.71,0.0,-12.15,-5.439,-12.15,-12.15s5.44,-12.15,12.15,-12.15h28.371c6.71,0.0,12.15,5.439,12.15,12.15S354.972,316.446,348.262,316.446zM348.262,256.461h-28.371c-6.71,0.0,-12.15,-5.439,-12.15,-12.15s5.44,-12.15,12.15,-12.15h28.371c6.71,0.0,12.15,5.439,12.15,12.15S354.972,256.461,348.262,256.461zM348.262,196.475h-28.371c-6.71,0.0,-12.15,-5.439,-12.15,-12.15s5.44,-12.15,12.15,-12.15h28.371c6.71,0.0,12.15,5.439,12.15,12.15S354.972,196.475,348.262,196.475zM348.262,136.49h-28.371c-6.71,0.0,-12.15,-5.439,-12.15,-12.15s5.44,-12.15,12.15,-12.15h28.371c6.71,0.0,12.15,5.439,12.15,12.15S354.972,136.49,348.262,136.49zM422.029,376.433h-28.372c-6.71,0.0,-12.15,-5.439,-12.15,-12.15s5.44,-12.15,12.15,-12.15h28.372c6.71,0.0,12.15,5.439,12.15,12.15S428.739,376.433,422.029,376.433zM422.029,316.446h-28.372c-6.71,0.0,-12.15,-5.439,-12.15,-12.15s5.44,-12.15,12.15,-12.15h28.372c6.71,0.0,12.15,5.439,12.15,12.15S428.739,316.446,422.029,316.446zM422.029,256.461h-28.372c-6.71,0.0,-12.15,-5.439,-12.15,-12.15s5.44,-12.15,12.15,-12.15h28.372c6.71,0.0,12.15,5.439,12.15,12.15S428.739,256.461,422.029,256.461zM422.029,196.475h-28.372c-6.71,0.0,-12.15,-5.439,-12.15,-12.15s5.44,-12.15,12.15,-12.15h28.372c6.71,0.0,12.15,5.439,12.15,12.15S428.739,196.475,422.029,196.475zM422.029,136.49h-28.372c-6.71,0.0,-12.15,-5.439,-12.15,-12.15s5.44,-12.15,12.15,-12.15h28.372c6.71,0.0,12.15,5.439,12.15,12.15S428.739,136.49,422.029,136.49z"">
   </path>
  </g>
 </g>
</svg>


Question: Which building is taller in the image?",left,middle,right,same height,C,building
147,"Examine the following SVG code carefully and answer the question based on your interpretation of the rendered image.

<svg id=""Layer_1"" style=""enable-background:new 0 0 510.67 510.67;"" version=""1.1"" viewbox=""0 0 510.67 510.67"" x=""0px"" xml:space=""preserve"" y=""0px"">
 <g>
  <g>
   <path d=""M501.925,440.49h-24.783V67.192c0.0,-6.71,-5.44,-12.15,-12.15,-12.15H276.928c-6.71,0.0,-12.15,5.439,-12.15,12.15v373.298h-12.532V198.511c0.0,-6.71,-5.439,-12.15,-12.15,-12.15H52.033c-6.71,0.0,-12.15,5.439,-12.15,12.15v148.859l41.696,-41.696c4.745,-4.745,12.438,-4.745,17.183,0.0s4.745,12.438,0.0,17.183l-58.879,58.879v58.754H15.555c-6.71,0.0,-12.15,5.439,-12.15,12.15s5.439,12.15,12.15,12.15c162.123,0.0,324.246,0.0,486.37,0.0c6.71,0.0,12.15,-5.439,12.15,-12.15S508.634,440.49,501.925,440.49zM114.34,406.081l-34.408,34.408H45.566l51.591,-51.591c4.745,-4.745,12.438,-4.745,17.183,0.0S119.085,401.336,114.34,406.081zM124.178,256.461H95.806c-6.71,0.0,-12.15,-5.439,-12.15,-12.15s5.439,-12.15,12.15,-12.15h28.372c6.71,0.0,12.15,5.439,12.15,12.15S130.889,256.461,124.178,256.461zM196.064,421.469l-19.021,19.021h-34.366l36.204,-36.204c4.745,-4.745,12.438,-4.745,17.183,0.0S200.809,416.723,196.064,421.469zM197.944,376.433h-28.372c-6.71,0.0,-12.15,-5.439,-12.15,-12.15s5.44,-12.15,12.15,-12.15h28.372c6.71,0.0,12.15,5.439,12.15,12.15S204.655,376.433,197.944,376.433zM197.944,316.446h-28.372c-6.71,0.0,-12.15,-5.439,-12.15,-12.15s5.44,-12.15,12.15,-12.15h28.372c6.71,0.0,12.15,5.439,12.15,12.15S204.655,316.446,197.944,316.446zM197.944,256.461h-28.372c-6.71,0.0,-12.15,-5.439,-12.15,-12.15s5.44,-12.15,12.15,-12.15h28.372c6.71,0.0,12.15,5.439,12.15,12.15S204.655,256.461,197.944,256.461zM348.262,376.433h-28.371c-6.71,0.0,-12.15,-5.439,-12.15,-12.15s5.44,-12.15,12.15,-12.15h28.371c6.71,0.0,12.15,5.439,12.15,12.15S354.972,376.433,348.262,376.433zM348.262,316.446h-28.371c-6.71,0.0,-12.15,-5.439,-12.15,-12.15s5.44,-12.15,12.15,-12.15h28.371c6.71,0.0,12.15,5.439,12.15,12.15S354.972,316.446,348.262,316.446zM348.262,256.461h-28.371c-6.71,0.0,-12.15,-5.439,-12.15,-12.15s5.44,-12.15,12.15,-12.15h28.371c6.71,0.0,12.15,5.439,12.15,12.15S354.972,256.461,348.262,256.461zM348.262,196.475h-28.371c-6.71,0.0,-12.15,-5.439,-12.15,-12.15s5.44,-12.15,12.15,-12.15h28.371c6.71,0.0,12.15,5.439,12.15,12.15S354.972,196.475,348.262,196.475zM348.262,136.49h-28.371c-6.71,0.0,-12.15,-5.439,-12.15,-12.15s5.44,-12.15,12.15,-12.15h28.371c6.71,0.0,12.15,5.439,12.15,12.15S354.972,136.49,348.262,136.49zM422.029,376.433h-28.372c-6.71,0.0,-12.15,-5.439,-12.15,-12.15s5.44,-12.15,12.15,-12.15h28.372c6.71,0.0,12.15,5.439,12.15,12.15S428.739,376.433,422.029,376.433zM422.029,316.446h-28.372c-6.71,0.0,-12.15,-5.439,-12.15,-12.15s5.44,-12.15,12.15,-12.15h28.372c6.71,0.0,12.15,5.439,12.15,12.15S428.739,316.446,422.029,316.446zM422.029,256.461h-28.372c-6.71,0.0,-12.15,-5.439,-12.15,-12.15s5.44,-12.15,12.15,-12.15h28.372c6.71,0.0,12.15,5.439,12.15,12.15S428.739,256.461,422.029,256.461zM422.029,196.475h-28.372c-6.71,0.0,-12.15,-5.439,-12.15,-12.15s5.44,-12.15,12.15,-12.15h28.372c6.71,0.0,12.15,5.439,12.15,12.15S428.739,196.475,422.029,196.475zM422.029,136.49h-28.372c-6.71,0.0,-12.15,-5.439,-12.15,-12.15s5.44,-12.15,12.15,-12.15h28.372c6.71,0.0,12.15,5.439,12.15,12.15S428.739,136.49,422.029,136.49z"">
   </path>
  </g>
 </g>
</svg>


Question: What does the image represent?",park,cityscape,forest,range,B,building
32,"Examine the following SVG code carefully and answer the question based on your interpretation of the rendered image.

<svg id=""Layer_1"" style=""enable-background:new 0 0 489.4 489.4;"" version=""1.1"" viewbox=""0 0 489.4 489.4"" x=""0px"" xml:space=""preserve"" y=""0px"">
 <g>
  <g>
   <path d=""M434.426,88.037h-95.6c-5.5,0.0,-9.9,4.4,-9.9,9.9s4.4,9.9,9.9,9.9h95.6c10.8,0.0,19.6,8.8,19.6,19.6v245.8c0.0,10.8,-8.8,19.6,-19.6,19.6H62.826c-10.8,0.0,-19.6,-8.8,-19.6,-19.6V127.437c0.0,-10.8,8.8,-19.6,19.6,-19.6h97.1c5.5,0.0,9.9,-4.4,9.9,-9.9s-4.4,-9.9,-9.9,-9.9h-97.1c-21.7,0.0,-39.4,17.7,-39.4,39.4v245.8c0.0,21.7,17.7,39.4,39.4,39.4h175.9v59.5h-82.2c-5.5,0.0,-9.9,4.4,-9.9,9.9s4.4,9.9,9.9,9.9h184.1c5.5,0.0,9.9,-4.4,9.9,-9.9s-4.4,-9.9,-9.9,-9.9h-82.2v-59.5h175.9c21.7,0.0,39.4,-17.7,39.4,-39.4V127.437C473.826,105.737,456.126,88.037,434.426,88.037z"" style=""fill:#2C2F33;"">
   </path>
   <path d=""M304.426,41.437c0.0,-21.4,-17.4,-38.9,-38.9,-38.9h-33.9c-21.4,0.0,-38.9,17.4,-38.9,38.9v23.3c0.0,0.6,0.1,1.2,0.2,1.7c-0.1,0.6,-0.2,1.1,-0.2,1.7v193.2c0.0,2.2,0.7,4.3,2.0,6.0l45.9,60.3c1.9,2.5,4.8,3.9,7.9,3.9c3.1,0.0,6.0,-1.4,7.9,-3.9l45.9,-60.3c1.3,-1.7,2.0,-3.8,2.0,-6.0V67.837c0.0,-0.5,-0.1,-1.1,-0.2,-1.6c0.1,-0.5,0.2,-1.0,0.2,-1.6V41.437H304.426zM212.626,74.637h26.1v175.4h-26.1V74.637zM248.626,305.337l-27.1,-35.6h54.2L248.626,305.337zM284.626,250.037h-26.1V74.637h26.1V250.037zM284.626,54.837h-72.0V41.437c0.0,-10.5,8.6,-19.1,19.1,-19.1h33.9c10.5,0.0,19.1,8.6,19.1,19.1v13.4C284.726,54.837,284.626,54.837,284.626,54.837z"" style=""fill:#3C92CA;"">
   </path>
  </g>
 </g>
</svg>


Question: What color is the pencil in the image?",Blue,Red,Green,Yellow,A,computer
33,"Examine the following SVG code carefully and answer the question based on your interpretation of the rendered image.

<svg id=""Layer_1"" style=""enable-background:new 0 0 489.4 489.4;"" version=""1.1"" viewbox=""0 0 489.4 489.4"" x=""0px"" xml:space=""preserve"" y=""0px"">
 <g>
  <g>
   <path d=""M434.426,88.037h-95.6c-5.5,0.0,-9.9,4.4,-9.9,9.9s4.4,9.9,9.9,9.9h95.6c10.8,0.0,19.6,8.8,19.6,19.6v245.8c0.0,10.8,-8.8,19.6,-19.6,19.6H62.826c-10.8,0.0,-19.6,-8.8,-19.6,-19.6V127.437c0.0,-10.8,8.8,-19.6,19.6,-19.6h97.1c5.5,0.0,9.9,-4.4,9.9,-9.9s-4.4,-9.9,-9.9,-9.9h-97.1c-21.7,0.0,-39.4,17.7,-39.4,39.4v245.8c0.0,21.7,17.7,39.4,39.4,39.4h175.9v59.5h-82.2c-5.5,0.0,-9.9,4.4,-9.9,9.9s4.4,9.9,9.9,9.9h184.1c5.5,0.0,9.9,-4.4,9.9,-9.9s-4.4,-9.9,-9.9,-9.9h-82.2v-59.5h175.9c21.7,0.0,39.4,-17.7,39.4,-39.4V127.437C473.826,105.737,456.126,88.037,434.426,88.037z"" style=""fill:#2C2F33;"">
   </path>
   <path d=""M304.426,41.437c0.0,-21.4,-17.4,-38.9,-38.9,-38.9h-33.9c-21.4,0.0,-38.9,17.4,-38.9,38.9v23.3c0.0,0.6,0.1,1.2,0.2,1.7c-0.1,0.6,-0.2,1.1,-0.2,1.7v193.2c0.0,2.2,0.7,4.3,2.0,6.0l45.9,60.3c1.9,2.5,4.8,3.9,7.9,3.9c3.1,0.0,6.0,-1.4,7.9,-3.9l45.9,-60.3c1.3,-1.7,2.0,-3.8,2.0,-6.0V67.837c0.0,-0.5,-0.1,-1.1,-0.2,-1.6c0.1,-0.5,0.2,-1.0,0.2,-1.6V41.437H304.426zM212.626,74.637h26.1v175.4h-26.1V74.637zM248.626,305.337l-27.1,-35.6h54.2L248.626,305.337zM284.626,250.037h-26.1V74.637h26.1V250.037zM284.626,54.837h-72.0V41.437c0.0,-10.5,8.6,-19.1,19.1,-19.1h33.9c10.5,0.0,19.1,8.6,19.1,19.1v13.4C284.726,54.837,284.626,54.837,284.626,54.837z"" style=""fill:#3C92CA;"">
   </path>
  </g>
 </g>
</svg>


Question: What shape is at the bottom of the pencil in the image?",Circle,Square,Triangle,Hexagon,C,computer
34,"Examine the following SVG code carefully and answer the question based on your interpretation of the rendered image.

<svg id=""Layer_1"" style=""enable-background:new 0 0 489.4 489.4;"" version=""1.1"" viewbox=""0 0 489.4 489.4"" x=""0px"" xml:space=""preserve"" y=""0px"">
 <g>
  <g>
   <path d=""M434.426,88.037h-95.6c-5.5,0.0,-9.9,4.4,-9.9,9.9s4.4,9.9,9.9,9.9h95.6c10.8,0.0,19.6,8.8,19.6,19.6v245.8c0.0,10.8,-8.8,19.6,-19.6,19.6H62.826c-10.8,0.0,-19.6,-8.8,-19.6,-19.6V127.437c0.0,-10.8,8.8,-19.6,19.6,-19.6h97.1c5.5,0.0,9.9,-4.4,9.9,-9.9s-4.4,-9.9,-9.9,-9.9h-97.1c-21.7,0.0,-39.4,17.7,-39.4,39.4v245.8c0.0,21.7,17.7,39.4,39.4,39.4h175.9v59.5h-82.2c-5.5,0.0,-9.9,4.4,-9.9,9.9s4.4,9.9,9.9,9.9h184.1c5.5,0.0,9.9,-4.4,9.9,-9.9s-4.4,-9.9,-9.9,-9.9h-82.2v-59.5h175.9c21.7,0.0,39.4,-17.7,39.4,-39.4V127.437C473.826,105.737,456.126,88.037,434.426,88.037z"" style=""fill:#2C2F33;"">
   </path>
   <path d=""M304.426,41.437c0.0,-21.4,-17.4,-38.9,-38.9,-38.9h-33.9c-21.4,0.0,-38.9,17.4,-38.9,38.9v23.3c0.0,0.6,0.1,1.2,0.2,1.7c-0.1,0.6,-0.2,1.1,-0.2,1.7v193.2c0.0,2.2,0.7,4.3,2.0,6.0l45.9,60.3c1.9,2.5,4.8,3.9,7.9,3.9c3.1,0.0,6.0,-1.4,7.9,-3.9l45.9,-60.3c1.3,-1.7,2.0,-3.8,2.0,-6.0V67.837c0.0,-0.5,-0.1,-1.1,-0.2,-1.6c0.1,-0.5,0.2,-1.0,0.2,-1.6V41.437H304.426zM212.626,74.637h26.1v175.4h-26.1V74.637zM248.626,305.337l-27.1,-35.6h54.2L248.626,305.337zM284.626,250.037h-26.1V74.637h26.1V250.037zM284.626,54.837h-72.0V41.437c0.0,-10.5,8.6,-19.1,19.1,-19.1h33.9c10.5,0.0,19.1,8.6,19.1,19.1v13.4C284.726,54.837,284.626,54.837,284.626,54.837z"" style=""fill:#3C92CA;"">
   </path>
  </g>
 </g>
</svg>


Question: What is the object behind the pencil in the image?",Book,Monitor,Phone,Tablet,B,computer
35,"Examine the following SVG code carefully and answer the question based on your interpretation of the rendered image.

<svg id=""Layer_1"" style=""enable-background:new 0 0 489.4 489.4;"" version=""1.1"" viewbox=""0 0 489.4 489.4"" x=""0px"" xml:space=""preserve"" y=""0px"">
 <g>
  <g>
   <path d=""M434.426,88.037h-95.6c-5.5,0.0,-9.9,4.4,-9.9,9.9s4.4,9.9,9.9,9.9h95.6c10.8,0.0,19.6,8.8,19.6,19.6v245.8c0.0,10.8,-8.8,19.6,-19.6,19.6H62.826c-10.8,0.0,-19.6,-8.8,-19.6,-19.6V127.437c0.0,-10.8,8.8,-19.6,19.6,-19.6h97.1c5.5,0.0,9.9,-4.4,9.9,-9.9s-4.4,-9.9,-9.9,-9.9h-97.1c-21.7,0.0,-39.4,17.7,-39.4,39.4v245.8c0.0,21.7,17.7,39.4,39.4,39.4h175.9v59.5h-82.2c-5.5,0.0,-9.9,4.4,-9.9,9.9s4.4,9.9,9.9,9.9h184.1c5.5,0.0,9.9,-4.4,9.9,-9.9s-4.4,-9.9,-9.9,-9.9h-82.2v-59.5h175.9c21.7,0.0,39.4,-17.7,39.4,-39.4V127.437C473.826,105.737,456.126,88.037,434.426,88.037z"" style=""fill:#2C2F33;"">
   </path>
   <path d=""M304.426,41.437c0.0,-21.4,-17.4,-38.9,-38.9,-38.9h-33.9c-21.4,0.0,-38.9,17.4,-38.9,38.9v23.3c0.0,0.6,0.1,1.2,0.2,1.7c-0.1,0.6,-0.2,1.1,-0.2,1.7v193.2c0.0,2.2,0.7,4.3,2.0,6.0l45.9,60.3c1.9,2.5,4.8,3.9,7.9,3.9c3.1,0.0,6.0,-1.4,7.9,-3.9l45.9,-60.3c1.3,-1.7,2.0,-3.8,2.0,-6.0V67.837c0.0,-0.5,-0.1,-1.1,-0.2,-1.6c0.1,-0.5,0.2,-1.0,0.2,-1.6V41.437H304.426zM212.626,74.637h26.1v175.4h-26.1V74.637zM248.626,305.337l-27.1,-35.6h54.2L248.626,305.337zM284.626,250.037h-26.1V74.637h26.1V250.037zM284.626,54.837h-72.0V41.437c0.0,-10.5,8.6,-19.1,19.1,-19.1h33.9c10.5,0.0,19.1,8.6,19.1,19.1v13.4C284.726,54.837,284.626,54.837,284.626,54.837z"" style=""fill:#3C92CA;"">
   </path>
  </g>
 </g>
</svg>


Question: What does the image likely represent?",drawing,paper,keyboard,book,A,computer
48,"Examine the following SVG code carefully and answer the question based on your interpretation of the rendered image.

<svg id=""Layer_1"" style=""enable-background:new 0 0 297 297;"" version=""1.1"" viewbox=""0 0 297 297"" x=""0px"" xml:space=""preserve"" y=""0px"">
 <g>
  <g>
   <g>
    <g>
     <circle cx=""150.474"" cy=""150.435"" r=""148.5"" style=""fill:#AE9676;"">
     </circle>
    </g>
   </g>
  </g>
  <path d=""M296.536,123.527l-49.451,-49.451L31.887,210.994l83.873,83.851c11.137,2.668,22.759,4.09,34.714,4.09c82.014,0.0,148.5,-66.486,148.5,-148.5C298.974,141.246,298.133,132.254,296.536,123.527z"" style=""fill:#8E7559;"">
  </path>
  <g>
   <path d=""M60.057,203.435h180.833c4.741,0.0,8.583,-3.843,8.583,-8.583V80.019c0.0,-4.741,-3.843,-8.584,-8.583,-8.584H60.057c-4.741,0.0,-8.583,3.843,-8.583,8.584v114.833C51.474,199.592,55.317,203.435,60.057,203.435z"" style=""fill:#32373B;"">
   </path>
  </g>
  <g>
   <rect height=""102.3"" style=""fill:#D0D5D9;"" width=""176"" x=""62.474"" y=""84.635"">
   </rect>
  </g>
  <g>
   <path d=""M44.639,216.435h211.67c9.756,0.0,17.665,-7.909,17.665,-17.665V195.435H26.974v3.335C26.974,208.526,34.883,216.435,44.639,216.435z"" style=""fill:#262626;"">
   </path>
  </g>
 </g>
</svg>


Question: What shape is the background of the image?",Square,Circle,Triangle,Rectangle,B,computer
49,"Examine the following SVG code carefully and answer the question based on your interpretation of the rendered image.

<svg id=""Layer_1"" style=""enable-background:new 0 0 297 297;"" version=""1.1"" viewbox=""0 0 297 297"" x=""0px"" xml:space=""preserve"" y=""0px"">
 <g>
  <g>
   <g>
    <g>
     <circle cx=""150.474"" cy=""150.435"" r=""148.5"" style=""fill:#AE9676;"">
     </circle>
    </g>
   </g>
  </g>
  <path d=""M296.536,123.527l-49.451,-49.451L31.887,210.994l83.873,83.851c11.137,2.668,22.759,4.09,34.714,4.09c82.014,0.0,148.5,-66.486,148.5,-148.5C298.974,141.246,298.133,132.254,296.536,123.527z"" style=""fill:#8E7559;"">
  </path>
  <g>
   <path d=""M60.057,203.435h180.833c4.741,0.0,8.583,-3.843,8.583,-8.583V80.019c0.0,-4.741,-3.843,-8.584,-8.583,-8.584H60.057c-4.741,0.0,-8.583,3.843,-8.583,8.584v114.833C51.474,199.592,55.317,203.435,60.057,203.435z"" style=""fill:#32373B;"">
   </path>
  </g>
  <g>
   <rect height=""102.3"" style=""fill:#D0D5D9;"" width=""176"" x=""62.474"" y=""84.635"">
   </rect>
  </g>
  <g>
   <path d=""M44.639,216.435h211.67c9.756,0.0,17.665,-7.909,17.665,-17.665V195.435H26.974v3.335C26.974,208.526,34.883,216.435,44.639,216.435z"" style=""fill:#262626;"">
   </path>
  </g>
 </g>
</svg>


Question: What is the primary color of the screen in the image?",Red,Blue,Gray,Green,C,computer
50,"Examine the following SVG code carefully and answer the question based on your interpretation of the rendered image.

<svg id=""Layer_1"" style=""enable-background:new 0 0 297 297;"" version=""1.1"" viewbox=""0 0 297 297"" x=""0px"" xml:space=""preserve"" y=""0px"">
 <g>
  <g>
   <g>
    <g>
     <circle cx=""150.474"" cy=""150.435"" r=""148.5"" style=""fill:#AE9676;"">
     </circle>
    </g>
   </g>
  </g>
  <path d=""M296.536,123.527l-49.451,-49.451L31.887,210.994l83.873,83.851c11.137,2.668,22.759,4.09,34.714,4.09c82.014,0.0,148.5,-66.486,148.5,-148.5C298.974,141.246,298.133,132.254,296.536,123.527z"" style=""fill:#8E7559;"">
  </path>
  <g>
   <path d=""M60.057,203.435h180.833c4.741,0.0,8.583,-3.843,8.583,-8.583V80.019c0.0,-4.741,-3.843,-8.584,-8.583,-8.584H60.057c-4.741,0.0,-8.583,3.843,-8.583,8.584v114.833C51.474,199.592,55.317,203.435,60.057,203.435z"" style=""fill:#32373B;"">
   </path>
  </g>
  <g>
   <rect height=""102.3"" style=""fill:#D0D5D9;"" width=""176"" x=""62.474"" y=""84.635"">
   </rect>
  </g>
  <g>
   <path d=""M44.639,216.435h211.67c9.756,0.0,17.665,-7.909,17.665,-17.665V195.435H26.974v3.335C26.974,208.526,34.883,216.435,44.639,216.435z"" style=""fill:#262626;"">
   </path>
  </g>
 </g>
</svg>


Question: What is the color of the object’s base in the image?",Black,White,Yellow,Brown,A,computer
51,"Examine the following SVG code carefully and answer the question based on your interpretation of the rendered image.

<svg id=""Layer_1"" style=""enable-background:new 0 0 297 297;"" version=""1.1"" viewbox=""0 0 297 297"" x=""0px"" xml:space=""preserve"" y=""0px"">
 <g>
  <g>
   <g>
    <g>
     <circle cx=""150.474"" cy=""150.435"" r=""148.5"" style=""fill:#AE9676;"">
     </circle>
    </g>
   </g>
  </g>
  <path d=""M296.536,123.527l-49.451,-49.451L31.887,210.994l83.873,83.851c11.137,2.668,22.759,4.09,34.714,4.09c82.014,0.0,148.5,-66.486,148.5,-148.5C298.974,141.246,298.133,132.254,296.536,123.527z"" style=""fill:#8E7559;"">
  </path>
  <g>
   <path d=""M60.057,203.435h180.833c4.741,0.0,8.583,-3.843,8.583,-8.583V80.019c0.0,-4.741,-3.843,-8.584,-8.583,-8.584H60.057c-4.741,0.0,-8.583,3.843,-8.583,8.584v114.833C51.474,199.592,55.317,203.435,60.057,203.435z"" style=""fill:#32373B;"">
   </path>
  </g>
  <g>
   <rect height=""102.3"" style=""fill:#D0D5D9;"" width=""176"" x=""62.474"" y=""84.635"">
   </rect>
  </g>
  <g>
   <path d=""M44.639,216.435h211.67c9.756,0.0,17.665,-7.909,17.665,-17.665V195.435H26.974v3.335C26.974,208.526,34.883,216.435,44.639,216.435z"" style=""fill:#262626;"">
   </path>
  </g>
 </g>
</svg>


Question: What is the object in the image?",Television,Tablet,Laptop,Smartphone,C,computer
80,"Examine the following SVG code carefully and answer the question based on your interpretation of the rendered image.

<svg id=""Capa_1"" style=""enable-background:new 0 0 490 490;"" version=""1.1"" viewbox=""0 0 490 490"" x=""0px"" xml:space=""preserve"" y=""0px"">
 <g>
  <circle cx=""247.618"" cy=""151.501"" r=""35.672"">
  </circle>
  <path d=""M175.309,229.112c0.0,33.261,0.0,40.974,0.0,40.974s70.379,0.0,70.621,0.0l-34.467,-74.718C211.463,195.367,175.309,195.849,175.309,229.112z"">
  </path>
  <path d=""M283.772,195.367l-34.467,74.718h70.621c0.0,0.0,0.0,-7.713,0.0,-40.974C319.926,195.849,283.772,195.367,283.772,195.367z"">
  </path>
  <polygon points=""247.618,195.367 222.792,195.367 247.618,250.322 272.443,195.367"">
  </polygon>
  <path d=""M431.886,62.349H63.34v259.633L2.62,437.269h490.0l-60.734,-115.314V62.349zM94.052,93.062h307.122v199.794H94.052V93.062zM53.517,406.556l43.699,-82.989h300.808l43.699,82.989H53.517z"">
  </path>
  <rect height=""30.712"" width=""285.347"" x=""106.708"" y=""349.706"">
  </rect>
 </g>
</svg>


Question: What shape is the screen of the object in the image?",Circle,Triangle,Rectangle,Hexagon,C,computer
81,"Examine the following SVG code carefully and answer the question based on your interpretation of the rendered image.

<svg id=""Capa_1"" style=""enable-background:new 0 0 490 490;"" version=""1.1"" viewbox=""0 0 490 490"" x=""0px"" xml:space=""preserve"" y=""0px"">
 <g>
  <circle cx=""247.618"" cy=""151.501"" r=""35.672"">
  </circle>
  <path d=""M175.309,229.112c0.0,33.261,0.0,40.974,0.0,40.974s70.379,0.0,70.621,0.0l-34.467,-74.718C211.463,195.367,175.309,195.849,175.309,229.112z"">
  </path>
  <path d=""M283.772,195.367l-34.467,74.718h70.621c0.0,0.0,0.0,-7.713,0.0,-40.974C319.926,195.849,283.772,195.367,283.772,195.367z"">
  </path>
  <polygon points=""247.618,195.367 222.792,195.367 247.618,250.322 272.443,195.367"">
  </polygon>
  <path d=""M431.886,62.349H63.34v259.633L2.62,437.269h490.0l-60.734,-115.314V62.349zM94.052,93.062h307.122v199.794H94.052V93.062zM53.517,406.556l43.699,-82.989h300.808l43.699,82.989H53.517z"">
  </path>
  <rect height=""30.712"" width=""285.347"" x=""106.708"" y=""349.706"">
  </rect>
 </g>
</svg>


Question: What is the shape of the icon inside the screen?",Star,Person,Animal,Tree,B,computer
82,"Examine the following SVG code carefully and answer the question based on your interpretation of the rendered image.

<svg id=""Capa_1"" style=""enable-background:new 0 0 490 490;"" version=""1.1"" viewbox=""0 0 490 490"" x=""0px"" xml:space=""preserve"" y=""0px"">
 <g>
  <circle cx=""247.618"" cy=""151.501"" r=""35.672"">
  </circle>
  <path d=""M175.309,229.112c0.0,33.261,0.0,40.974,0.0,40.974s70.379,0.0,70.621,0.0l-34.467,-74.718C211.463,195.367,175.309,195.849,175.309,229.112z"">
  </path>
  <path d=""M283.772,195.367l-34.467,74.718h70.621c0.0,0.0,0.0,-7.713,0.0,-40.974C319.926,195.849,283.772,195.367,283.772,195.367z"">
  </path>
  <polygon points=""247.618,195.367 222.792,195.367 247.618,250.322 272.443,195.367"">
  </polygon>
  <path d=""M431.886,62.349H63.34v259.633L2.62,437.269h490.0l-60.734,-115.314V62.349zM94.052,93.062h307.122v199.794H94.052V93.062zM53.517,406.556l43.699,-82.989h300.808l43.699,82.989H53.517z"">
  </path>
  <rect height=""30.712"" width=""285.347"" x=""106.708"" y=""349.706"">
  </rect>
 </g>
</svg>


Question: What is the shape of the base of the object in the image?",Circle,Square,Rectangle,Triangle,C,computer
83,"Examine the following SVG code carefully and answer the question based on your interpretation of the rendered image.

<svg id=""Capa_1"" style=""enable-background:new 0 0 490 490;"" version=""1.1"" viewbox=""0 0 490 490"" x=""0px"" xml:space=""preserve"" y=""0px"">
 <g>
  <circle cx=""247.618"" cy=""151.501"" r=""35.672"">
  </circle>
  <path d=""M175.309,229.112c0.0,33.261,0.0,40.974,0.0,40.974s70.379,0.0,70.621,0.0l-34.467,-74.718C211.463,195.367,175.309,195.849,175.309,229.112z"">
  </path>
  <path d=""M283.772,195.367l-34.467,74.718h70.621c0.0,0.0,0.0,-7.713,0.0,-40.974C319.926,195.849,283.772,195.367,283.772,195.367z"">
  </path>
  <polygon points=""247.618,195.367 222.792,195.367 247.618,250.322 272.443,195.367"">
  </polygon>
  <path d=""M431.886,62.349H63.34v259.633L2.62,437.269h490.0l-60.734,-115.314V62.349zM94.052,93.062h307.122v199.794H94.052V93.062zM53.517,406.556l43.699,-82.989h300.808l43.699,82.989H53.517z"">
  </path>
  <rect height=""30.712"" width=""285.347"" x=""106.708"" y=""349.706"">
  </rect>
 </g>
</svg>


Question: What is the object in the image?",Laptop,Tablet,Television,Smartphone,A,computer
84,"Examine the following SVG code carefully and answer the question based on your interpretation of the rendered image.

<svg id=""Layer_1"" style=""enable-background:new 0 0 512.004 512.004;"" version=""1.1"" viewbox=""0 0 512.004 512.004"" x=""0px"" xml:space=""preserve"" y=""0px"">
 <g>
  <g>
   <g>
    <path d=""M515.612,62.505c0.0,-32.832,-26.709,-59.541,-59.541,-59.541H63.153C30.321,2.964,3.612,29.673,3.612,62.505v239.125h512.0V62.505zM88.945,66.964H131.612c11.776,0.0,21.333,9.557,21.333,21.333s-9.557,21.333,-21.333,21.333H88.945C77.169,109.631,67.612,100.073,67.612,88.297S77.169,66.964,88.945,66.964zM88.945,152.297h21.333c11.776,0.0,21.333,9.557,21.333,21.333s-9.557,21.333,-21.333,21.333H88.945c-11.776,0.0,-21.333,-9.557,-21.333,-21.333S77.169,152.297,88.945,152.297zM131.612,280.297H88.945c-11.776,0.0,-21.333,-9.557,-21.333,-21.333s9.557,-21.333,21.333,-21.333H131.612c11.776,0.0,21.333,9.557,21.333,21.333S143.388,280.297,131.612,280.297zM451.612,173.631c0.0,11.776,-9.557,21.333,-21.333,21.333s-21.333,-9.557,-21.333,-21.333v-33.835l-91.584,91.584c-4.16,4.16,-9.621,6.251,-15.083,6.251c-5.461,0.0,-10.923,-2.091,-15.083,-6.251l-48.917,-48.917l-48.917,48.917c-8.341,8.341,-21.824,8.341,-30.165,0.0c-8.341,-8.341,-8.341,-21.824,0.0,-30.165l64.0,-64.0c8.341,-8.341,21.824,-8.341,30.165,0.0l48.917,48.917l76.501,-76.501h-33.835c-11.776,0.0,-21.333,-9.557,-21.333,-21.333s9.557,-21.333,21.333,-21.333h85.333c0.256,0.0,0.491,0.149,0.747,0.149c2.496,0.085,5.013,0.469,7.424,1.472c0.021,0.021,0.043,0.021,0.064,0.043c0.171,0.064,0.299,0.213,0.491,0.299c2.133,0.96,4.011,2.283,5.675,3.819c0.555,0.512,0.981,1.067,1.472,1.643c1.195,1.344,2.176,2.816,2.987,4.437c0.341,0.683,0.704,1.301,0.96,2.027c0.896,2.347,1.515,4.821,1.515,7.445V173.631z"">
    </path>
    <path d=""M3.616,344.297v25.792c0.0,32.832,26.709,59.541,59.52,59.541h105.152l-10.667,42.667h-4.672c-11.776,0.0,-21.333,9.557,-21.333,21.333s9.557,21.333,21.333,21.333h21.333h170.667h21.333c11.776,0.0,21.333,-9.557,21.333,-21.333s-9.557,-21.333,-21.333,-21.333h-4.672l-10.667,-42.667h105.131c32.832,0.0,59.541,-26.709,59.541,-59.541v-25.792H3.616zM201.611,472.298l10.667,-42.667h94.677l10.667,42.667H201.611z"">
    </path>
   </g>
  </g>
 </g>
</svg>


Question: What shape is prominently featured in the center of the image?",Circle,Triangle,graph,Square,C,computer
85,"Examine the following SVG code carefully and answer the question based on your interpretation of the rendered image.

<svg id=""Layer_1"" style=""enable-background:new 0 0 512.004 512.004;"" version=""1.1"" viewbox=""0 0 512.004 512.004"" x=""0px"" xml:space=""preserve"" y=""0px"">
 <g>
  <g>
   <g>
    <path d=""M515.612,62.505c0.0,-32.832,-26.709,-59.541,-59.541,-59.541H63.153C30.321,2.964,3.612,29.673,3.612,62.505v239.125h512.0V62.505zM88.945,66.964H131.612c11.776,0.0,21.333,9.557,21.333,21.333s-9.557,21.333,-21.333,21.333H88.945C77.169,109.631,67.612,100.073,67.612,88.297S77.169,66.964,88.945,66.964zM88.945,152.297h21.333c11.776,0.0,21.333,9.557,21.333,21.333s-9.557,21.333,-21.333,21.333H88.945c-11.776,0.0,-21.333,-9.557,-21.333,-21.333S77.169,152.297,88.945,152.297zM131.612,280.297H88.945c-11.776,0.0,-21.333,-9.557,-21.333,-21.333s9.557,-21.333,21.333,-21.333H131.612c11.776,0.0,21.333,9.557,21.333,21.333S143.388,280.297,131.612,280.297zM451.612,173.631c0.0,11.776,-9.557,21.333,-21.333,21.333s-21.333,-9.557,-21.333,-21.333v-33.835l-91.584,91.584c-4.16,4.16,-9.621,6.251,-15.083,6.251c-5.461,0.0,-10.923,-2.091,-15.083,-6.251l-48.917,-48.917l-48.917,48.917c-8.341,8.341,-21.824,8.341,-30.165,0.0c-8.341,-8.341,-8.341,-21.824,0.0,-30.165l64.0,-64.0c8.341,-8.341,21.824,-8.341,30.165,0.0l48.917,48.917l76.501,-76.501h-33.835c-11.776,0.0,-21.333,-9.557,-21.333,-21.333s9.557,-21.333,21.333,-21.333h85.333c0.256,0.0,0.491,0.149,0.747,0.149c2.496,0.085,5.013,0.469,7.424,1.472c0.021,0.021,0.043,0.021,0.064,0.043c0.171,0.064,0.299,0.213,0.491,0.299c2.133,0.96,4.011,2.283,5.675,3.819c0.555,0.512,0.981,1.067,1.472,1.643c1.195,1.344,2.176,2.816,2.987,4.437c0.341,0.683,0.704,1.301,0.96,2.027c0.896,2.347,1.515,4.821,1.515,7.445V173.631z"">
    </path>
    <path d=""M3.616,344.297v25.792c0.0,32.832,26.709,59.541,59.52,59.541h105.152l-10.667,42.667h-4.672c-11.776,0.0,-21.333,9.557,-21.333,21.333s9.557,21.333,21.333,21.333h21.333h170.667h21.333c11.776,0.0,21.333,-9.557,21.333,-21.333s-9.557,-21.333,-21.333,-21.333h-4.672l-10.667,-42.667h105.131c32.832,0.0,59.541,-26.709,59.541,-59.541v-25.792H3.616zM201.611,472.298l10.667,-42.667h94.677l10.667,42.667H201.611z"">
    </path>
   </g>
  </g>
 </g>
</svg>


Question: How many circles are there in the top left corner of the image?",1,2,3,4,C,computer
86,"Examine the following SVG code carefully and answer the question based on your interpretation of the rendered image.

<svg id=""Layer_1"" style=""enable-background:new 0 0 512.004 512.004;"" version=""1.1"" viewbox=""0 0 512.004 512.004"" x=""0px"" xml:space=""preserve"" y=""0px"">
 <g>
  <g>
   <g>
    <path d=""M515.612,62.505c0.0,-32.832,-26.709,-59.541,-59.541,-59.541H63.153C30.321,2.964,3.612,29.673,3.612,62.505v239.125h512.0V62.505zM88.945,66.964H131.612c11.776,0.0,21.333,9.557,21.333,21.333s-9.557,21.333,-21.333,21.333H88.945C77.169,109.631,67.612,100.073,67.612,88.297S77.169,66.964,88.945,66.964zM88.945,152.297h21.333c11.776,0.0,21.333,9.557,21.333,21.333s-9.557,21.333,-21.333,21.333H88.945c-11.776,0.0,-21.333,-9.557,-21.333,-21.333S77.169,152.297,88.945,152.297zM131.612,280.297H88.945c-11.776,0.0,-21.333,-9.557,-21.333,-21.333s9.557,-21.333,21.333,-21.333H131.612c11.776,0.0,21.333,9.557,21.333,21.333S143.388,280.297,131.612,280.297zM451.612,173.631c0.0,11.776,-9.557,21.333,-21.333,21.333s-21.333,-9.557,-21.333,-21.333v-33.835l-91.584,91.584c-4.16,4.16,-9.621,6.251,-15.083,6.251c-5.461,0.0,-10.923,-2.091,-15.083,-6.251l-48.917,-48.917l-48.917,48.917c-8.341,8.341,-21.824,8.341,-30.165,0.0c-8.341,-8.341,-8.341,-21.824,0.0,-30.165l64.0,-64.0c8.341,-8.341,21.824,-8.341,30.165,0.0l48.917,48.917l76.501,-76.501h-33.835c-11.776,0.0,-21.333,-9.557,-21.333,-21.333s9.557,-21.333,21.333,-21.333h85.333c0.256,0.0,0.491,0.149,0.747,0.149c2.496,0.085,5.013,0.469,7.424,1.472c0.021,0.021,0.043,0.021,0.064,0.043c0.171,0.064,0.299,0.213,0.491,0.299c2.133,0.96,4.011,2.283,5.675,3.819c0.555,0.512,0.981,1.067,1.472,1.643c1.195,1.344,2.176,2.816,2.987,4.437c0.341,0.683,0.704,1.301,0.96,2.027c0.896,2.347,1.515,4.821,1.515,7.445V173.631z"">
    </path>
    <path d=""M3.616,344.297v25.792c0.0,32.832,26.709,59.541,59.52,59.541h105.152l-10.667,42.667h-4.672c-11.776,0.0,-21.333,9.557,-21.333,21.333s9.557,21.333,21.333,21.333h21.333h170.667h21.333c11.776,0.0,21.333,-9.557,21.333,-21.333s-9.557,-21.333,-21.333,-21.333h-4.672l-10.667,-42.667h105.131c32.832,0.0,59.541,-26.709,59.541,-59.541v-25.792H3.616zM201.611,472.298l10.667,-42.667h94.677l10.667,42.667H201.611z"">
    </path>
   </g>
  </g>
 </g>
</svg>


Question: What is the object at the bottom of the image?",chair,table,monitor,book,C,computer
87,"Examine the following SVG code carefully and answer the question based on your interpretation of the rendered image.

<svg id=""Layer_1"" style=""enable-background:new 0 0 512.004 512.004;"" version=""1.1"" viewbox=""0 0 512.004 512.004"" x=""0px"" xml:space=""preserve"" y=""0px"">
 <g>
  <g>
   <g>
    <path d=""M515.612,62.505c0.0,-32.832,-26.709,-59.541,-59.541,-59.541H63.153C30.321,2.964,3.612,29.673,3.612,62.505v239.125h512.0V62.505zM88.945,66.964H131.612c11.776,0.0,21.333,9.557,21.333,21.333s-9.557,21.333,-21.333,21.333H88.945C77.169,109.631,67.612,100.073,67.612,88.297S77.169,66.964,88.945,66.964zM88.945,152.297h21.333c11.776,0.0,21.333,9.557,21.333,21.333s-9.557,21.333,-21.333,21.333H88.945c-11.776,0.0,-21.333,-9.557,-21.333,-21.333S77.169,152.297,88.945,152.297zM131.612,280.297H88.945c-11.776,0.0,-21.333,-9.557,-21.333,-21.333s9.557,-21.333,21.333,-21.333H131.612c11.776,0.0,21.333,9.557,21.333,21.333S143.388,280.297,131.612,280.297zM451.612,173.631c0.0,11.776,-9.557,21.333,-21.333,21.333s-21.333,-9.557,-21.333,-21.333v-33.835l-91.584,91.584c-4.16,4.16,-9.621,6.251,-15.083,6.251c-5.461,0.0,-10.923,-2.091,-15.083,-6.251l-48.917,-48.917l-48.917,48.917c-8.341,8.341,-21.824,8.341,-30.165,0.0c-8.341,-8.341,-8.341,-21.824,0.0,-30.165l64.0,-64.0c8.341,-8.341,21.824,-8.341,30.165,0.0l48.917,48.917l76.501,-76.501h-33.835c-11.776,0.0,-21.333,-9.557,-21.333,-21.333s9.557,-21.333,21.333,-21.333h85.333c0.256,0.0,0.491,0.149,0.747,0.149c2.496,0.085,5.013,0.469,7.424,1.472c0.021,0.021,0.043,0.021,0.064,0.043c0.171,0.064,0.299,0.213,0.491,0.299c2.133,0.96,4.011,2.283,5.675,3.819c0.555,0.512,0.981,1.067,1.472,1.643c1.195,1.344,2.176,2.816,2.987,4.437c0.341,0.683,0.704,1.301,0.96,2.027c0.896,2.347,1.515,4.821,1.515,7.445V173.631z"">
    </path>
    <path d=""M3.616,344.297v25.792c0.0,32.832,26.709,59.541,59.52,59.541h105.152l-10.667,42.667h-4.672c-11.776,0.0,-21.333,9.557,-21.333,21.333s9.557,21.333,21.333,21.333h21.333h170.667h21.333c11.776,0.0,21.333,-9.557,21.333,-21.333s-9.557,-21.333,-21.333,-21.333h-4.672l-10.667,-42.667h105.131c32.832,0.0,59.541,-26.709,59.541,-59.541v-25.792H3.616zM201.611,472.298l10.667,-42.667h94.677l10.667,42.667H201.611z"">
    </path>
   </g>
  </g>
 </g>
</svg>


Question: What does the whole object in the image represent?",computer,painting,cover,window,A,computer
104,"Examine the following SVG code carefully and answer the question based on your interpretation of the rendered image.

<svg id=""Layer_1"" style=""enable-background:new 0 0 505 505;"" version=""1.1"" viewbox=""0 0 505 505"" x=""0px"" xml:space=""preserve"" y=""0px"">
 <circle cx=""255.716"" cy=""256.611"" r=""252.5"" style=""fill:#FD8469;"">
 </circle>
 <polygon points=""311.316,356.911 200.116,356.911 184.416,402.711 327.016,402.711"" style=""fill:#E6E9EE;"">
 </polygon>
 <path d=""M413.216,125.811H98.216c-8.4,0.0,-15.2,6.8,-15.2,15.2v180.9H428.216V141.011C428.316,132.611,421.516,125.811,413.216,125.811z"" style=""fill:#324A5E;"">
 </path>
 <g>
  <path d=""M83.116,321.911v30.6c0.0,8.4,6.8,15.2,15.2,15.2H413.216c8.4,0.0,15.2,-6.8,15.2,-15.2v-30.6H83.116z"" style=""fill:#FFFFFF;"">
  </path>
  <path d=""M341.116,399.211H170.316c-4.5,0.0,-8.1,3.6,-8.1,8.1v14.7c0.0,4.5,3.6,8.1,8.1,8.1H341.216c4.5,0.0,8.1,-3.6,8.1,-8.1v-14.7C349.316,402.811,345.616,399.211,341.116,399.211z"" style=""fill:#FFFFFF;"">
  </path>
 </g>
 <circle cx=""255.716"" cy=""342.911"" r=""13.9"" style=""fill:#E6E9EE;"">
 </circle>
 <rect height=""143.9"" style=""fill:#84DBFF;"" width=""290.6"" x=""110.416"" y=""153.211"">
 </rect>
 <g>
  <rect height=""95.4"" style=""fill:#FFFFFF;"" width=""25.1"" x=""308.016"" y=""201.711"">
  </rect>
  <rect height=""79.3"" style=""fill:#FFFFFF;"" width=""25.1"" x=""264.816"" y=""217.811"">
  </rect>
  <rect height=""58.9"" style=""fill:#FFFFFF;"" width=""25.1"" x=""221.516"" y=""238.211"">
  </rect>
  <rect height=""39.8"" style=""fill:#FFFFFF;"" width=""25.1"" x=""178.316"" y=""257.311"">
  </rect>
 </g>
</svg>


Question: What shape is the screen of the object?",Circle,Triangle,Hexagon,Rectangle,D,computer
105,"Examine the following SVG code carefully and answer the question based on your interpretation of the rendered image.

<svg id=""Layer_1"" style=""enable-background:new 0 0 505 505;"" version=""1.1"" viewbox=""0 0 505 505"" x=""0px"" xml:space=""preserve"" y=""0px"">
 <circle cx=""255.716"" cy=""256.611"" r=""252.5"" style=""fill:#FD8469;"">
 </circle>
 <polygon points=""311.316,356.911 200.116,356.911 184.416,402.711 327.016,402.711"" style=""fill:#E6E9EE;"">
 </polygon>
 <path d=""M413.216,125.811H98.216c-8.4,0.0,-15.2,6.8,-15.2,15.2v180.9H428.216V141.011C428.316,132.611,421.516,125.811,413.216,125.811z"" style=""fill:#324A5E;"">
 </path>
 <g>
  <path d=""M83.116,321.911v30.6c0.0,8.4,6.8,15.2,15.2,15.2H413.216c8.4,0.0,15.2,-6.8,15.2,-15.2v-30.6H83.116z"" style=""fill:#FFFFFF;"">
  </path>
  <path d=""M341.116,399.211H170.316c-4.5,0.0,-8.1,3.6,-8.1,8.1v14.7c0.0,4.5,3.6,8.1,8.1,8.1H341.216c4.5,0.0,8.1,-3.6,8.1,-8.1v-14.7C349.316,402.811,345.616,399.211,341.116,399.211z"" style=""fill:#FFFFFF;"">
  </path>
 </g>
 <circle cx=""255.716"" cy=""342.911"" r=""13.9"" style=""fill:#E6E9EE;"">
 </circle>
 <rect height=""143.9"" style=""fill:#84DBFF;"" width=""290.6"" x=""110.416"" y=""153.211"">
 </rect>
 <g>
  <rect height=""95.4"" style=""fill:#FFFFFF;"" width=""25.1"" x=""308.016"" y=""201.711"">
  </rect>
  <rect height=""79.3"" style=""fill:#FFFFFF;"" width=""25.1"" x=""264.816"" y=""217.811"">
  </rect>
  <rect height=""58.9"" style=""fill:#FFFFFF;"" width=""25.1"" x=""221.516"" y=""238.211"">
  </rect>
  <rect height=""39.8"" style=""fill:#FFFFFF;"" width=""25.1"" x=""178.316"" y=""257.311"">
  </rect>
 </g>
</svg>


Question: What color is the background of the image?",Blue,Green,Red,Orange,D,computer
106,"Examine the following SVG code carefully and answer the question based on your interpretation of the rendered image.

<svg id=""Layer_1"" style=""enable-background:new 0 0 505 505;"" version=""1.1"" viewbox=""0 0 505 505"" x=""0px"" xml:space=""preserve"" y=""0px"">
 <circle cx=""255.716"" cy=""256.611"" r=""252.5"" style=""fill:#FD8469;"">
 </circle>
 <polygon points=""311.316,356.911 200.116,356.911 184.416,402.711 327.016,402.711"" style=""fill:#E6E9EE;"">
 </polygon>
 <path d=""M413.216,125.811H98.216c-8.4,0.0,-15.2,6.8,-15.2,15.2v180.9H428.216V141.011C428.316,132.611,421.516,125.811,413.216,125.811z"" style=""fill:#324A5E;"">
 </path>
 <g>
  <path d=""M83.116,321.911v30.6c0.0,8.4,6.8,15.2,15.2,15.2H413.216c8.4,0.0,15.2,-6.8,15.2,-15.2v-30.6H83.116z"" style=""fill:#FFFFFF;"">
  </path>
  <path d=""M341.116,399.211H170.316c-4.5,0.0,-8.1,3.6,-8.1,8.1v14.7c0.0,4.5,3.6,8.1,8.1,8.1H341.216c4.5,0.0,8.1,-3.6,8.1,-8.1v-14.7C349.316,402.811,345.616,399.211,341.116,399.211z"" style=""fill:#FFFFFF;"">
  </path>
 </g>
 <circle cx=""255.716"" cy=""342.911"" r=""13.9"" style=""fill:#E6E9EE;"">
 </circle>
 <rect height=""143.9"" style=""fill:#84DBFF;"" width=""290.6"" x=""110.416"" y=""153.211"">
 </rect>
 <g>
  <rect height=""95.4"" style=""fill:#FFFFFF;"" width=""25.1"" x=""308.016"" y=""201.711"">
  </rect>
  <rect height=""79.3"" style=""fill:#FFFFFF;"" width=""25.1"" x=""264.816"" y=""217.811"">
  </rect>
  <rect height=""58.9"" style=""fill:#FFFFFF;"" width=""25.1"" x=""221.516"" y=""238.211"">
  </rect>
  <rect height=""39.8"" style=""fill:#FFFFFF;"" width=""25.1"" x=""178.316"" y=""257.311"">
  </rect>
 </g>
</svg>


Question: How many bars are displayed on the screen?",Two,Three,Four,Five,C,computer
107,"Examine the following SVG code carefully and answer the question based on your interpretation of the rendered image.

<svg id=""Layer_1"" style=""enable-background:new 0 0 505 505;"" version=""1.1"" viewbox=""0 0 505 505"" x=""0px"" xml:space=""preserve"" y=""0px"">
 <circle cx=""255.716"" cy=""256.611"" r=""252.5"" style=""fill:#FD8469;"">
 </circle>
 <polygon points=""311.316,356.911 200.116,356.911 184.416,402.711 327.016,402.711"" style=""fill:#E6E9EE;"">
 </polygon>
 <path d=""M413.216,125.811H98.216c-8.4,0.0,-15.2,6.8,-15.2,15.2v180.9H428.216V141.011C428.316,132.611,421.516,125.811,413.216,125.811z"" style=""fill:#324A5E;"">
 </path>
 <g>
  <path d=""M83.116,321.911v30.6c0.0,8.4,6.8,15.2,15.2,15.2H413.216c8.4,0.0,15.2,-6.8,15.2,-15.2v-30.6H83.116z"" style=""fill:#FFFFFF;"">
  </path>
  <path d=""M341.116,399.211H170.316c-4.5,0.0,-8.1,3.6,-8.1,8.1v14.7c0.0,4.5,3.6,8.1,8.1,8.1H341.216c4.5,0.0,8.1,-3.6,8.1,-8.1v-14.7C349.316,402.811,345.616,399.211,341.116,399.211z"" style=""fill:#FFFFFF;"">
  </path>
 </g>
 <circle cx=""255.716"" cy=""342.911"" r=""13.9"" style=""fill:#E6E9EE;"">
 </circle>
 <rect height=""143.9"" style=""fill:#84DBFF;"" width=""290.6"" x=""110.416"" y=""153.211"">
 </rect>
 <g>
  <rect height=""95.4"" style=""fill:#FFFFFF;"" width=""25.1"" x=""308.016"" y=""201.711"">
  </rect>
  <rect height=""79.3"" style=""fill:#FFFFFF;"" width=""25.1"" x=""264.816"" y=""217.811"">
  </rect>
  <rect height=""58.9"" style=""fill:#FFFFFF;"" width=""25.1"" x=""221.516"" y=""238.211"">
  </rect>
  <rect height=""39.8"" style=""fill:#FFFFFF;"" width=""25.1"" x=""178.316"" y=""257.311"">
  </rect>
 </g>
</svg>


Question: What is the object in the image?",Television,monitor,Tablet,Smartphone,B,computer
108,"Examine the following SVG code carefully and answer the question based on your interpretation of the rendered image.

<svg id=""Layer_1"" style=""enable-background:new 0 0 512 512;"" version=""1.1"" viewbox=""0 0 512 512"" x=""0px"" xml:space=""preserve"" y=""0px"">
 <circle cx=""261.108"" cy=""258.756"" r=""256"" style=""fill:#E2E2E2;"">
 </circle>
 <polygon points=""517.108,402.964 5.108,402.964 5.108,412.644 30.508,426.156 491.708,426.156 517.108,412.644"" style=""fill:#E21B1B;"">
 </polygon>
 <path d=""M52.732,386.356V110.916c0.0,-6.584,5.36,-11.976,11.912,-11.976h388.96c6.552,0.0,11.912,5.392,11.912,11.976V386.356"" style=""fill:#FFFFFF;"">
 </path>
 <polygon points=""473.452,386.356 457.572,386.356 457.572,106.868 60.676,106.868 60.676,386.356 44.796,386.356 44.796,90.996 473.452,90.996"">
 </polygon>
 <rect height=""16.696"" width=""512"" x=""5.108009936689989"" y=""386.356"">
 </rect>
 <g>
  <polygon points=""305.780,403.060 212.468,403.060 196.588,386.356 321.652,386.356"" style=""fill:#939393;"">
  </polygon>
  <path d=""M379.748,243.396l-31.144,-25.136l20.024,-34.744l-42.264,-3.696l-3.704,-40.656l-35.592,17.0l-24.472,-31.784l-22.984,32.528l-37.072,-19.216l-2.232,42.128l-41.52,2.216l15.568,39.92l-31.888,19.216l32.624,24.392l-16.312,34.744l40.784,4.432l2.224,41.392l37.816,-17.744l25.208,33.264l22.248,-33.264l34.848,17.0l2.968,-41.392l40.784,-0.736l-14.832,-34.0L379.748,243.396z"" style=""fill:#939393;"">
  </path>
 </g>
 <g>
  <path d=""M191.196,263.54V256.756l6.192,-5.608c10.48,-9.368,15.568,-14.752,15.72,-20.36c0.0,-3.912,-2.36,-7.008,-7.896,-7.008c-4.136,0.0,-7.744,2.064,-10.256,3.984l-3.168,-8.04c3.608,-2.728,9.216,-4.936,15.712,-4.936c10.84,0.0,16.816,6.344,16.816,15.048c0.0,8.04,-5.824,14.456,-12.76,20.648l-4.424,3.688v0.144h18.072v9.224H191.196z"" style=""fill:#FFFFFF;"">
  </path>
  <path d=""M251.996,263.54v-11.432H230.748v-7.304l18.144,-29.216h13.72v28.112h5.76v8.408h-5.76v11.432H251.996zM251.996,243.7V233.076c0.0,-2.88,0.144,-5.824,0.368,-8.92h-0.296c-1.544,3.096,-2.8,5.896,-4.424,8.92l-6.424,10.48v0.144H251.996z"" style=""fill:#FFFFFF;"">
  </path>
  <path d=""M271.18,266.492l15.792,-53.48h7.448l-15.784,53.48H271.18z"" style=""fill:#FFFFFF;"">
  </path>
  <path d=""M331.892,215.588v7.08l-19.768,40.872h-11.872l19.768,-38.584v-0.144h-21.976v-9.224H331.892z"" style=""fill:#FFFFFF;"">
  </path>
 </g>
</svg>


Question: What shape is prominently displayed in the center of the image?",Circle,Starburst,Triangle,Square,B,computer
109,"Examine the following SVG code carefully and answer the question based on your interpretation of the rendered image.

<svg id=""Layer_1"" style=""enable-background:new 0 0 512 512;"" version=""1.1"" viewbox=""0 0 512 512"" x=""0px"" xml:space=""preserve"" y=""0px"">
 <circle cx=""261.108"" cy=""258.756"" r=""256"" style=""fill:#E2E2E2;"">
 </circle>
 <polygon points=""517.108,402.964 5.108,402.964 5.108,412.644 30.508,426.156 491.708,426.156 517.108,412.644"" style=""fill:#E21B1B;"">
 </polygon>
 <path d=""M52.732,386.356V110.916c0.0,-6.584,5.36,-11.976,11.912,-11.976h388.96c6.552,0.0,11.912,5.392,11.912,11.976V386.356"" style=""fill:#FFFFFF;"">
 </path>
 <polygon points=""473.452,386.356 457.572,386.356 457.572,106.868 60.676,106.868 60.676,386.356 44.796,386.356 44.796,90.996 473.452,90.996"">
 </polygon>
 <rect height=""16.696"" width=""512"" x=""5.108009936689989"" y=""386.356"">
 </rect>
 <g>
  <polygon points=""305.780,403.060 212.468,403.060 196.588,386.356 321.652,386.356"" style=""fill:#939393;"">
  </polygon>
  <path d=""M379.748,243.396l-31.144,-25.136l20.024,-34.744l-42.264,-3.696l-3.704,-40.656l-35.592,17.0l-24.472,-31.784l-22.984,32.528l-37.072,-19.216l-2.232,42.128l-41.52,2.216l15.568,39.92l-31.888,19.216l32.624,24.392l-16.312,34.744l40.784,4.432l2.224,41.392l37.816,-17.744l25.208,33.264l22.248,-33.264l34.848,17.0l2.968,-41.392l40.784,-0.736l-14.832,-34.0L379.748,243.396z"" style=""fill:#939393;"">
  </path>
 </g>
 <g>
  <path d=""M191.196,263.54V256.756l6.192,-5.608c10.48,-9.368,15.568,-14.752,15.72,-20.36c0.0,-3.912,-2.36,-7.008,-7.896,-7.008c-4.136,0.0,-7.744,2.064,-10.256,3.984l-3.168,-8.04c3.608,-2.728,9.216,-4.936,15.712,-4.936c10.84,0.0,16.816,6.344,16.816,15.048c0.0,8.04,-5.824,14.456,-12.76,20.648l-4.424,3.688v0.144h18.072v9.224H191.196z"" style=""fill:#FFFFFF;"">
  </path>
  <path d=""M251.996,263.54v-11.432H230.748v-7.304l18.144,-29.216h13.72v28.112h5.76v8.408h-5.76v11.432H251.996zM251.996,243.7V233.076c0.0,-2.88,0.144,-5.824,0.368,-8.92h-0.296c-1.544,3.096,-2.8,5.896,-4.424,8.92l-6.424,10.48v0.144H251.996z"" style=""fill:#FFFFFF;"">
  </path>
  <path d=""M271.18,266.492l15.792,-53.48h7.448l-15.784,53.48H271.18z"" style=""fill:#FFFFFF;"">
  </path>
  <path d=""M331.892,215.588v7.08l-19.768,40.872h-11.872l19.768,-38.584v-0.144h-21.976v-9.224H331.892z"" style=""fill:#FFFFFF;"">
  </path>
 </g>
</svg>


Question: What color is the base of the object in the image?",Blue,Green,Yellow,Red,D,computer
110,"Examine the following SVG code carefully and answer the question based on your interpretation of the rendered image.

<svg id=""Layer_1"" style=""enable-background:new 0 0 512 512;"" version=""1.1"" viewbox=""0 0 512 512"" x=""0px"" xml:space=""preserve"" y=""0px"">
 <circle cx=""261.108"" cy=""258.756"" r=""256"" style=""fill:#E2E2E2;"">
 </circle>
 <polygon points=""517.108,402.964 5.108,402.964 5.108,412.644 30.508,426.156 491.708,426.156 517.108,412.644"" style=""fill:#E21B1B;"">
 </polygon>
 <path d=""M52.732,386.356V110.916c0.0,-6.584,5.36,-11.976,11.912,-11.976h388.96c6.552,0.0,11.912,5.392,11.912,11.976V386.356"" style=""fill:#FFFFFF;"">
 </path>
 <polygon points=""473.452,386.356 457.572,386.356 457.572,106.868 60.676,106.868 60.676,386.356 44.796,386.356 44.796,90.996 473.452,90.996"">
 </polygon>
 <rect height=""16.696"" width=""512"" x=""5.108009936689989"" y=""386.356"">
 </rect>
 <g>
  <polygon points=""305.780,403.060 212.468,403.060 196.588,386.356 321.652,386.356"" style=""fill:#939393;"">
  </polygon>
  <path d=""M379.748,243.396l-31.144,-25.136l20.024,-34.744l-42.264,-3.696l-3.704,-40.656l-35.592,17.0l-24.472,-31.784l-22.984,32.528l-37.072,-19.216l-2.232,42.128l-41.52,2.216l15.568,39.92l-31.888,19.216l32.624,24.392l-16.312,34.744l40.784,4.432l2.224,41.392l37.816,-17.744l25.208,33.264l22.248,-33.264l34.848,17.0l2.968,-41.392l40.784,-0.736l-14.832,-34.0L379.748,243.396z"" style=""fill:#939393;"">
  </path>
 </g>
 <g>
  <path d=""M191.196,263.54V256.756l6.192,-5.608c10.48,-9.368,15.568,-14.752,15.72,-20.36c0.0,-3.912,-2.36,-7.008,-7.896,-7.008c-4.136,0.0,-7.744,2.064,-10.256,3.984l-3.168,-8.04c3.608,-2.728,9.216,-4.936,15.712,-4.936c10.84,0.0,16.816,6.344,16.816,15.048c0.0,8.04,-5.824,14.456,-12.76,20.648l-4.424,3.688v0.144h18.072v9.224H191.196z"" style=""fill:#FFFFFF;"">
  </path>
  <path d=""M251.996,263.54v-11.432H230.748v-7.304l18.144,-29.216h13.72v28.112h5.76v8.408h-5.76v11.432H251.996zM251.996,243.7V233.076c0.0,-2.88,0.144,-5.824,0.368,-8.92h-0.296c-1.544,3.096,-2.8,5.896,-4.424,8.92l-6.424,10.48v0.144H251.996z"" style=""fill:#FFFFFF;"">
  </path>
  <path d=""M271.18,266.492l15.792,-53.48h7.448l-15.784,53.48H271.18z"" style=""fill:#FFFFFF;"">
  </path>
  <path d=""M331.892,215.588v7.08l-19.768,40.872h-11.872l19.768,-38.584v-0.144h-21.976v-9.224H331.892z"" style=""fill:#FFFFFF;"">
  </path>
 </g>
</svg>


Question: What is written in the center of the starburst shape?",24/7,12/7,7/24,7/12,A,computer
111,"Examine the following SVG code carefully and answer the question based on your interpretation of the rendered image.

<svg id=""Layer_1"" style=""enable-background:new 0 0 512 512;"" version=""1.1"" viewbox=""0 0 512 512"" x=""0px"" xml:space=""preserve"" y=""0px"">
 <circle cx=""261.108"" cy=""258.756"" r=""256"" style=""fill:#E2E2E2;"">
 </circle>
 <polygon points=""517.108,402.964 5.108,402.964 5.108,412.644 30.508,426.156 491.708,426.156 517.108,412.644"" style=""fill:#E21B1B;"">
 </polygon>
 <path d=""M52.732,386.356V110.916c0.0,-6.584,5.36,-11.976,11.912,-11.976h388.96c6.552,0.0,11.912,5.392,11.912,11.976V386.356"" style=""fill:#FFFFFF;"">
 </path>
 <polygon points=""473.452,386.356 457.572,386.356 457.572,106.868 60.676,106.868 60.676,386.356 44.796,386.356 44.796,90.996 473.452,90.996"">
 </polygon>
 <rect height=""16.696"" width=""512"" x=""5.108009936689989"" y=""386.356"">
 </rect>
 <g>
  <polygon points=""305.780,403.060 212.468,403.060 196.588,386.356 321.652,386.356"" style=""fill:#939393;"">
  </polygon>
  <path d=""M379.748,243.396l-31.144,-25.136l20.024,-34.744l-42.264,-3.696l-3.704,-40.656l-35.592,17.0l-24.472,-31.784l-22.984,32.528l-37.072,-19.216l-2.232,42.128l-41.52,2.216l15.568,39.92l-31.888,19.216l32.624,24.392l-16.312,34.744l40.784,4.432l2.224,41.392l37.816,-17.744l25.208,33.264l22.248,-33.264l34.848,17.0l2.968,-41.392l40.784,-0.736l-14.832,-34.0L379.748,243.396z"" style=""fill:#939393;"">
  </path>
 </g>
 <g>
  <path d=""M191.196,263.54V256.756l6.192,-5.608c10.48,-9.368,15.568,-14.752,15.72,-20.36c0.0,-3.912,-2.36,-7.008,-7.896,-7.008c-4.136,0.0,-7.744,2.064,-10.256,3.984l-3.168,-8.04c3.608,-2.728,9.216,-4.936,15.712,-4.936c10.84,0.0,16.816,6.344,16.816,15.048c0.0,8.04,-5.824,14.456,-12.76,20.648l-4.424,3.688v0.144h18.072v9.224H191.196z"" style=""fill:#FFFFFF;"">
  </path>
  <path d=""M251.996,263.54v-11.432H230.748v-7.304l18.144,-29.216h13.72v28.112h5.76v8.408h-5.76v11.432H251.996zM251.996,243.7V233.076c0.0,-2.88,0.144,-5.824,0.368,-8.92h-0.296c-1.544,3.096,-2.8,5.896,-4.424,8.92l-6.424,10.48v0.144H251.996z"" style=""fill:#FFFFFF;"">
  </path>
  <path d=""M271.18,266.492l15.792,-53.48h7.448l-15.784,53.48H271.18z"" style=""fill:#FFFFFF;"">
  </path>
  <path d=""M331.892,215.588v7.08l-19.768,40.872h-11.872l19.768,-38.584v-0.144h-21.976v-9.224H331.892z"" style=""fill:#FFFFFF;"">
  </path>
 </g>
</svg>


Question: What is the object in the image?",television,tablet,smartphone,laptop,D,computer
116,"Examine the following SVG code carefully and answer the question based on your interpretation of the rendered image.

<svg id=""Layer_1"" style=""enable-background:new 0 0 489.8 489.8;"" version=""1.1"" viewbox=""0 0 489.8 489.8"" x=""0px"" xml:space=""preserve"" y=""0px"">
 <g>
  <g>
   <g>
    <path d=""M259.583,133.836H25.083C13.583,133.836,4.283,143.236,4.283,154.636v229.3c0.0,11.5,9.4,20.8,20.8,20.8h95.9v38.6H77.183c-11.5,0.0,-20.8,9.4,-20.8,20.8c0.0,11.5,9.4,20.8,20.8,20.8h129.3c11.5,0.0,20.8,-9.4,20.8,-20.8c0.0,-11.5,-9.4,-20.8,-20.8,-20.8h-43.8v-38.6h96.9c11.5,0.0,20.8,-8.3,20.8,-20.8V154.736C280.483,143.236,271.083,133.836,259.583,133.836zM238.783,364.236H44.883V175.536h193.9V364.236z"">
    </path>
    <path d=""M473.283,3.636H334.683c-11.5,0.0,-20.8,9.4,-20.8,20.8V472.636c0.0,11.5,9.4,20.8,20.8,20.8H473.283c11.5,0.0,20.8,-9.4,20.8,-19.8V24.436C494.083,12.936,484.783,3.636,473.283,3.636zM453.483,452.836h-98.0V175.536h98.0V452.836zM453.483,133.836h-98.0V44.236h98.0V133.836z"">
    </path>
   </g>
  </g>
 </g>
</svg>


Question: What shape is the object on the left?",Circle,Triangle,Square,Hexagon,C,computer
117,"Examine the following SVG code carefully and answer the question based on your interpretation of the rendered image.

<svg id=""Layer_1"" style=""enable-background:new 0 0 489.8 489.8;"" version=""1.1"" viewbox=""0 0 489.8 489.8"" x=""0px"" xml:space=""preserve"" y=""0px"">
 <g>
  <g>
   <g>
    <path d=""M259.583,133.836H25.083C13.583,133.836,4.283,143.236,4.283,154.636v229.3c0.0,11.5,9.4,20.8,20.8,20.8h95.9v38.6H77.183c-11.5,0.0,-20.8,9.4,-20.8,20.8c0.0,11.5,9.4,20.8,20.8,20.8h129.3c11.5,0.0,20.8,-9.4,20.8,-20.8c0.0,-11.5,-9.4,-20.8,-20.8,-20.8h-43.8v-38.6h96.9c11.5,0.0,20.8,-8.3,20.8,-20.8V154.736C280.483,143.236,271.083,133.836,259.583,133.836zM238.783,364.236H44.883V175.536h193.9V364.236z"">
    </path>
    <path d=""M473.283,3.636H334.683c-11.5,0.0,-20.8,9.4,-20.8,20.8V472.636c0.0,11.5,9.4,20.8,20.8,20.8H473.283c11.5,0.0,20.8,-9.4,20.8,-19.8V24.436C494.083,12.936,484.783,3.636,473.283,3.636zM453.483,452.836h-98.0V175.536h98.0V452.836zM453.483,133.836h-98.0V44.236h98.0V133.836z"">
    </path>
   </g>
  </g>
 </g>
</svg>


Question: What is the relative position of the two objects?",object,object,object,object,D,computer
118,"Examine the following SVG code carefully and answer the question based on your interpretation of the rendered image.

<svg id=""Layer_1"" style=""enable-background:new 0 0 489.8 489.8;"" version=""1.1"" viewbox=""0 0 489.8 489.8"" x=""0px"" xml:space=""preserve"" y=""0px"">
 <g>
  <g>
   <g>
    <path d=""M259.583,133.836H25.083C13.583,133.836,4.283,143.236,4.283,154.636v229.3c0.0,11.5,9.4,20.8,20.8,20.8h95.9v38.6H77.183c-11.5,0.0,-20.8,9.4,-20.8,20.8c0.0,11.5,9.4,20.8,20.8,20.8h129.3c11.5,0.0,20.8,-9.4,20.8,-20.8c0.0,-11.5,-9.4,-20.8,-20.8,-20.8h-43.8v-38.6h96.9c11.5,0.0,20.8,-8.3,20.8,-20.8V154.736C280.483,143.236,271.083,133.836,259.583,133.836zM238.783,364.236H44.883V175.536h193.9V364.236z"">
    </path>
    <path d=""M473.283,3.636H334.683c-11.5,0.0,-20.8,9.4,-20.8,20.8V472.636c0.0,11.5,9.4,20.8,20.8,20.8H473.283c11.5,0.0,20.8,-9.4,20.8,-19.8V24.436C494.083,12.936,484.783,3.636,473.283,3.636zM453.483,452.836h-98.0V175.536h98.0V452.836zM453.483,133.836h-98.0V44.236h98.0V133.836z"">
    </path>
   </g>
  </g>
 </g>
</svg>


Question: What is the shape of the object on the right?",Rectangle,Circle,Triangle,Pentagon,A,computer
119,"Examine the following SVG code carefully and answer the question based on your interpretation of the rendered image.

<svg id=""Layer_1"" style=""enable-background:new 0 0 489.8 489.8;"" version=""1.1"" viewbox=""0 0 489.8 489.8"" x=""0px"" xml:space=""preserve"" y=""0px"">
 <g>
  <g>
   <g>
    <path d=""M259.583,133.836H25.083C13.583,133.836,4.283,143.236,4.283,154.636v229.3c0.0,11.5,9.4,20.8,20.8,20.8h95.9v38.6H77.183c-11.5,0.0,-20.8,9.4,-20.8,20.8c0.0,11.5,9.4,20.8,20.8,20.8h129.3c11.5,0.0,20.8,-9.4,20.8,-20.8c0.0,-11.5,-9.4,-20.8,-20.8,-20.8h-43.8v-38.6h96.9c11.5,0.0,20.8,-8.3,20.8,-20.8V154.736C280.483,143.236,271.083,133.836,259.583,133.836zM238.783,364.236H44.883V175.536h193.9V364.236z"">
    </path>
    <path d=""M473.283,3.636H334.683c-11.5,0.0,-20.8,9.4,-20.8,20.8V472.636c0.0,11.5,9.4,20.8,20.8,20.8H473.283c11.5,0.0,20.8,-9.4,20.8,-19.8V24.436C494.083,12.936,484.783,3.636,473.283,3.636zM453.483,452.836h-98.0V175.536h98.0V452.836zM453.483,133.836h-98.0V44.236h98.0V133.836z"">
    </path>
   </g>
  </g>
 </g>
</svg>


Question: What do the two objects together represent?",book,monitor,tower,keyboard,B,computer
172,"Examine the following SVG code carefully and answer the question based on your interpretation of the rendered image.

<svg id=""Capa_1"" style=""enable-background:new 0 0 434 434;"" version=""1.1"" viewbox=""0 0 434 434"" x=""0px"" xml:space=""preserve"" y=""0px"">
 <g>
  <g id=""XMLID_17_"">
   <g>
    <path d=""M437.13,40.583v246.85H269.74v7.4h34.27v9.0H136.25v-9.0h34.27v-7.4H3.13V40.583H437.13zM428.13,278.433v-10.39h-8.9v6.68h-9.0v-6.68H12.13v10.39H428.13zM428.13,259.043V65.983H12.13v193.06H428.13zM428.13,56.983v-7.4H12.13v7.4H428.13zM260.74,294.833v-7.4h-81.22v7.4H260.74z"">
    </path>
    <polygon points=""428.130,268.043 428.130,278.433 12.130,278.433 12.130,268.043 410.230,268.043 410.230,274.723 419.230,274.723 419.230,268.043"" style=""fill:#4489D3;"">
    </polygon>
    <path d=""M428.13,65.983v193.06H12.13V65.983H428.13zM45.65,88.353v-9.0H22.54v9.0H45.65z"" style=""fill:#6A7075;"">
    </path>
    <rect height=""7.4"" style=""fill:#4489D3;"" width=""416"" x=""12.130"" y=""49.583"">
    </rect>
    <path d=""M384.56,325.403v72.38H55.69v-72.38H384.56zM375.56,388.783v-6.66H64.69v6.66H375.56zM375.56,373.123v-38.72H64.69v38.72H375.56z"">
    </path>
    <rect height=""6.66"" style=""fill:#4489D3;"" width=""310.87"" x=""64.690"" y=""382.123"">
    </rect>
    <path d=""M375.56,334.403v38.72H64.69v-38.72H375.56zM363.28,366.463v-9.0h-11.0v9.0H363.28zM363.28,350.063v-9.0h-10.5v9.0H363.28zM342.5,350.063v-9.0h-21.59v9.0H342.5zM342.35,366.463v-9.0h-21.86v9.0H342.35zM310.62,350.063v-9.0H289.03v9.0H310.62zM310.55,366.463v-9.0h-21.86v9.0H310.55zM278.75,366.463v-9.0h-21.86v9.0H278.75zM278.74,350.063v-9.0h-21.59v9.0H278.74zM246.96,366.463v-9.0h-21.87v9.0H246.96zM246.86,350.063v-9.0h-21.59v9.0H246.86zM215.16,366.463v-9.0h-21.86v9.0H215.16zM214.98,350.063v-9.0h-21.59v9.0H214.98zM183.36,366.463v-9.0h-21.86v9.0H183.36zM183.11,350.063v-9.0h-21.6v9.0H183.11zM151.56,366.463v-9.0h-21.86v9.0H151.56zM151.23,350.063v-9.0h-21.6v9.0H151.23zM119.77,366.463v-9.0H97.91v9.0H119.77zM119.35,350.063v-9.0h-21.6v9.0H119.35zM87.97,366.463v-9.0h-11.0v9.0H87.97zM87.47,350.063v-9.0h-10.5v9.0H87.47z"" style=""fill:#4489D3;"">
    </path>
    <rect height=""9"" width=""11"" x=""352.280"" y=""357.463"">
    </rect>
    <rect height=""9"" width=""10.5"" x=""352.780"" y=""341.063"">
    </rect>
    <rect height=""9"" width=""21.59"" x=""320.910"" y=""341.063"">
    </rect>
    <rect height=""9"" width=""21.86"" x=""320.490"" y=""357.463"">
    </rect>
    <rect height=""9"" width=""21.59"" x=""289.030"" y=""341.063"">
    </rect>
    <rect height=""9"" width=""21.86"" x=""288.690"" y=""357.463"">
    </rect>
    <rect height=""9"" width=""21.86"" x=""256.890"" y=""357.463"">
    </rect>
    <rect height=""9"" width=""21.59"" x=""257.150"" y=""341.063"">
    </rect>
    <rect height=""7.4"" style=""fill:#4489D3;"" width=""81.22"" x=""179.520"" y=""287.433"">
    </rect>
    <rect height=""9"" width=""21.87"" x=""225.090"" y=""357.463"">
    </rect>
    <rect height=""9"" width=""21.59"" x=""225.270"" y=""341.063"">
    </rect>
    <rect height=""9"" width=""21.86"" x=""193.300"" y=""357.463"">
    </rect>
    <rect height=""9"" width=""21.59"" x=""193.390"" y=""341.063"">
    </rect>
    <rect height=""9"" width=""21.86"" x=""161.500"" y=""357.463"">
    </rect>
    <rect height=""9"" width=""21.6"" x=""161.510"" y=""341.063"">
    </rect>
    <rect height=""9"" width=""21.86"" x=""129.700"" y=""357.463"">
    </rect>
    <rect height=""9"" width=""21.6"" x=""129.630"" y=""341.063"">
    </rect>
    <rect height=""9"" width=""21.86"" x=""97.910"" y=""357.463"">
    </rect>
    <rect height=""9"" width=""21.6"" x=""97.750"" y=""341.063"">
    </rect>
    <rect height=""9"" width=""11"" x=""76.970"" y=""357.463"">
    </rect>
    <rect height=""9"" width=""10.5"" x=""76.970"" y=""341.063"">
    </rect>
    <rect height=""9"" width=""23.11"" x=""22.540"" y=""79.353"">
    </rect>
   </g>
  </g>
 </g>
</svg>


Question: What is the primary color of the screen in the image?",Gray,Green,Red,Yellow,A,computer
173,"Examine the following SVG code carefully and answer the question based on your interpretation of the rendered image.

<svg id=""Capa_1"" style=""enable-background:new 0 0 434 434;"" version=""1.1"" viewbox=""0 0 434 434"" x=""0px"" xml:space=""preserve"" y=""0px"">
 <g>
  <g id=""XMLID_17_"">
   <g>
    <path d=""M437.13,40.583v246.85H269.74v7.4h34.27v9.0H136.25v-9.0h34.27v-7.4H3.13V40.583H437.13zM428.13,278.433v-10.39h-8.9v6.68h-9.0v-6.68H12.13v10.39H428.13zM428.13,259.043V65.983H12.13v193.06H428.13zM428.13,56.983v-7.4H12.13v7.4H428.13zM260.74,294.833v-7.4h-81.22v7.4H260.74z"">
    </path>
    <polygon points=""428.130,268.043 428.130,278.433 12.130,278.433 12.130,268.043 410.230,268.043 410.230,274.723 419.230,274.723 419.230,268.043"" style=""fill:#4489D3;"">
    </polygon>
    <path d=""M428.13,65.983v193.06H12.13V65.983H428.13zM45.65,88.353v-9.0H22.54v9.0H45.65z"" style=""fill:#6A7075;"">
    </path>
    <rect height=""7.4"" style=""fill:#4489D3;"" width=""416"" x=""12.130"" y=""49.583"">
    </rect>
    <path d=""M384.56,325.403v72.38H55.69v-72.38H384.56zM375.56,388.783v-6.66H64.69v6.66H375.56zM375.56,373.123v-38.72H64.69v38.72H375.56z"">
    </path>
    <rect height=""6.66"" style=""fill:#4489D3;"" width=""310.87"" x=""64.690"" y=""382.123"">
    </rect>
    <path d=""M375.56,334.403v38.72H64.69v-38.72H375.56zM363.28,366.463v-9.0h-11.0v9.0H363.28zM363.28,350.063v-9.0h-10.5v9.0H363.28zM342.5,350.063v-9.0h-21.59v9.0H342.5zM342.35,366.463v-9.0h-21.86v9.0H342.35zM310.62,350.063v-9.0H289.03v9.0H310.62zM310.55,366.463v-9.0h-21.86v9.0H310.55zM278.75,366.463v-9.0h-21.86v9.0H278.75zM278.74,350.063v-9.0h-21.59v9.0H278.74zM246.96,366.463v-9.0h-21.87v9.0H246.96zM246.86,350.063v-9.0h-21.59v9.0H246.86zM215.16,366.463v-9.0h-21.86v9.0H215.16zM214.98,350.063v-9.0h-21.59v9.0H214.98zM183.36,366.463v-9.0h-21.86v9.0H183.36zM183.11,350.063v-9.0h-21.6v9.0H183.11zM151.56,366.463v-9.0h-21.86v9.0H151.56zM151.23,350.063v-9.0h-21.6v9.0H151.23zM119.77,366.463v-9.0H97.91v9.0H119.77zM119.35,350.063v-9.0h-21.6v9.0H119.35zM87.97,366.463v-9.0h-11.0v9.0H87.97zM87.47,350.063v-9.0h-10.5v9.0H87.47z"" style=""fill:#4489D3;"">
    </path>
    <rect height=""9"" width=""11"" x=""352.280"" y=""357.463"">
    </rect>
    <rect height=""9"" width=""10.5"" x=""352.780"" y=""341.063"">
    </rect>
    <rect height=""9"" width=""21.59"" x=""320.910"" y=""341.063"">
    </rect>
    <rect height=""9"" width=""21.86"" x=""320.490"" y=""357.463"">
    </rect>
    <rect height=""9"" width=""21.59"" x=""289.030"" y=""341.063"">
    </rect>
    <rect height=""9"" width=""21.86"" x=""288.690"" y=""357.463"">
    </rect>
    <rect height=""9"" width=""21.86"" x=""256.890"" y=""357.463"">
    </rect>
    <rect height=""9"" width=""21.59"" x=""257.150"" y=""341.063"">
    </rect>
    <rect height=""7.4"" style=""fill:#4489D3;"" width=""81.22"" x=""179.520"" y=""287.433"">
    </rect>
    <rect height=""9"" width=""21.87"" x=""225.090"" y=""357.463"">
    </rect>
    <rect height=""9"" width=""21.59"" x=""225.270"" y=""341.063"">
    </rect>
    <rect height=""9"" width=""21.86"" x=""193.300"" y=""357.463"">
    </rect>
    <rect height=""9"" width=""21.59"" x=""193.390"" y=""341.063"">
    </rect>
    <rect height=""9"" width=""21.86"" x=""161.500"" y=""357.463"">
    </rect>
    <rect height=""9"" width=""21.6"" x=""161.510"" y=""341.063"">
    </rect>
    <rect height=""9"" width=""21.86"" x=""129.700"" y=""357.463"">
    </rect>
    <rect height=""9"" width=""21.6"" x=""129.630"" y=""341.063"">
    </rect>
    <rect height=""9"" width=""21.86"" x=""97.910"" y=""357.463"">
    </rect>
    <rect height=""9"" width=""21.6"" x=""97.750"" y=""341.063"">
    </rect>
    <rect height=""9"" width=""11"" x=""76.970"" y=""357.463"">
    </rect>
    <rect height=""9"" width=""10.5"" x=""76.970"" y=""341.063"">
    </rect>
    <rect height=""9"" width=""23.11"" x=""22.540"" y=""79.353"">
    </rect>
   </g>
  </g>
 </g>
</svg>


Question: What shape is the object below the screen?",Circle,Triangle,Rectangle,Hexagon,C,computer
174,"Examine the following SVG code carefully and answer the question based on your interpretation of the rendered image.

<svg id=""Capa_1"" style=""enable-background:new 0 0 434 434;"" version=""1.1"" viewbox=""0 0 434 434"" x=""0px"" xml:space=""preserve"" y=""0px"">
 <g>
  <g id=""XMLID_17_"">
   <g>
    <path d=""M437.13,40.583v246.85H269.74v7.4h34.27v9.0H136.25v-9.0h34.27v-7.4H3.13V40.583H437.13zM428.13,278.433v-10.39h-8.9v6.68h-9.0v-6.68H12.13v10.39H428.13zM428.13,259.043V65.983H12.13v193.06H428.13zM428.13,56.983v-7.4H12.13v7.4H428.13zM260.74,294.833v-7.4h-81.22v7.4H260.74z"">
    </path>
    <polygon points=""428.130,268.043 428.130,278.433 12.130,278.433 12.130,268.043 410.230,268.043 410.230,274.723 419.230,274.723 419.230,268.043"" style=""fill:#4489D3;"">
    </polygon>
    <path d=""M428.13,65.983v193.06H12.13V65.983H428.13zM45.65,88.353v-9.0H22.54v9.0H45.65z"" style=""fill:#6A7075;"">
    </path>
    <rect height=""7.4"" style=""fill:#4489D3;"" width=""416"" x=""12.130"" y=""49.583"">
    </rect>
    <path d=""M384.56,325.403v72.38H55.69v-72.38H384.56zM375.56,388.783v-6.66H64.69v6.66H375.56zM375.56,373.123v-38.72H64.69v38.72H375.56z"">
    </path>
    <rect height=""6.66"" style=""fill:#4489D3;"" width=""310.87"" x=""64.690"" y=""382.123"">
    </rect>
    <path d=""M375.56,334.403v38.72H64.69v-38.72H375.56zM363.28,366.463v-9.0h-11.0v9.0H363.28zM363.28,350.063v-9.0h-10.5v9.0H363.28zM342.5,350.063v-9.0h-21.59v9.0H342.5zM342.35,366.463v-9.0h-21.86v9.0H342.35zM310.62,350.063v-9.0H289.03v9.0H310.62zM310.55,366.463v-9.0h-21.86v9.0H310.55zM278.75,366.463v-9.0h-21.86v9.0H278.75zM278.74,350.063v-9.0h-21.59v9.0H278.74zM246.96,366.463v-9.0h-21.87v9.0H246.96zM246.86,350.063v-9.0h-21.59v9.0H246.86zM215.16,366.463v-9.0h-21.86v9.0H215.16zM214.98,350.063v-9.0h-21.59v9.0H214.98zM183.36,366.463v-9.0h-21.86v9.0H183.36zM183.11,350.063v-9.0h-21.6v9.0H183.11zM151.56,366.463v-9.0h-21.86v9.0H151.56zM151.23,350.063v-9.0h-21.6v9.0H151.23zM119.77,366.463v-9.0H97.91v9.0H119.77zM119.35,350.063v-9.0h-21.6v9.0H119.35zM87.97,366.463v-9.0h-11.0v9.0H87.97zM87.47,350.063v-9.0h-10.5v9.0H87.47z"" style=""fill:#4489D3;"">
    </path>
    <rect height=""9"" width=""11"" x=""352.280"" y=""357.463"">
    </rect>
    <rect height=""9"" width=""10.5"" x=""352.780"" y=""341.063"">
    </rect>
    <rect height=""9"" width=""21.59"" x=""320.910"" y=""341.063"">
    </rect>
    <rect height=""9"" width=""21.86"" x=""320.490"" y=""357.463"">
    </rect>
    <rect height=""9"" width=""21.59"" x=""289.030"" y=""341.063"">
    </rect>
    <rect height=""9"" width=""21.86"" x=""288.690"" y=""357.463"">
    </rect>
    <rect height=""9"" width=""21.86"" x=""256.890"" y=""357.463"">
    </rect>
    <rect height=""9"" width=""21.59"" x=""257.150"" y=""341.063"">
    </rect>
    <rect height=""7.4"" style=""fill:#4489D3;"" width=""81.22"" x=""179.520"" y=""287.433"">
    </rect>
    <rect height=""9"" width=""21.87"" x=""225.090"" y=""357.463"">
    </rect>
    <rect height=""9"" width=""21.59"" x=""225.270"" y=""341.063"">
    </rect>
    <rect height=""9"" width=""21.86"" x=""193.300"" y=""357.463"">
    </rect>
    <rect height=""9"" width=""21.59"" x=""193.390"" y=""341.063"">
    </rect>
    <rect height=""9"" width=""21.86"" x=""161.500"" y=""357.463"">
    </rect>
    <rect height=""9"" width=""21.6"" x=""161.510"" y=""341.063"">
    </rect>
    <rect height=""9"" width=""21.86"" x=""129.700"" y=""357.463"">
    </rect>
    <rect height=""9"" width=""21.6"" x=""129.630"" y=""341.063"">
    </rect>
    <rect height=""9"" width=""21.86"" x=""97.910"" y=""357.463"">
    </rect>
    <rect height=""9"" width=""21.6"" x=""97.750"" y=""341.063"">
    </rect>
    <rect height=""9"" width=""11"" x=""76.970"" y=""357.463"">
    </rect>
    <rect height=""9"" width=""10.5"" x=""76.970"" y=""341.063"">
    </rect>
    <rect height=""9"" width=""23.11"" x=""22.540"" y=""79.353"">
    </rect>
   </g>
  </g>
 </g>
</svg>


Question: What is the color of the border around the screen?",Black,Blue,White,Red,A,computer
175,"Examine the following SVG code carefully and answer the question based on your interpretation of the rendered image.

<svg id=""Capa_1"" style=""enable-background:new 0 0 434 434;"" version=""1.1"" viewbox=""0 0 434 434"" x=""0px"" xml:space=""preserve"" y=""0px"">
 <g>
  <g id=""XMLID_17_"">
   <g>
    <path d=""M437.13,40.583v246.85H269.74v7.4h34.27v9.0H136.25v-9.0h34.27v-7.4H3.13V40.583H437.13zM428.13,278.433v-10.39h-8.9v6.68h-9.0v-6.68H12.13v10.39H428.13zM428.13,259.043V65.983H12.13v193.06H428.13zM428.13,56.983v-7.4H12.13v7.4H428.13zM260.74,294.833v-7.4h-81.22v7.4H260.74z"">
    </path>
    <polygon points=""428.130,268.043 428.130,278.433 12.130,278.433 12.130,268.043 410.230,268.043 410.230,274.723 419.230,274.723 419.230,268.043"" style=""fill:#4489D3;"">
    </polygon>
    <path d=""M428.13,65.983v193.06H12.13V65.983H428.13zM45.65,88.353v-9.0H22.54v9.0H45.65z"" style=""fill:#6A7075;"">
    </path>
    <rect height=""7.4"" style=""fill:#4489D3;"" width=""416"" x=""12.130"" y=""49.583"">
    </rect>
    <path d=""M384.56,325.403v72.38H55.69v-72.38H384.56zM375.56,388.783v-6.66H64.69v6.66H375.56zM375.56,373.123v-38.72H64.69v38.72H375.56z"">
    </path>
    <rect height=""6.66"" style=""fill:#4489D3;"" width=""310.87"" x=""64.690"" y=""382.123"">
    </rect>
    <path d=""M375.56,334.403v38.72H64.69v-38.72H375.56zM363.28,366.463v-9.0h-11.0v9.0H363.28zM363.28,350.063v-9.0h-10.5v9.0H363.28zM342.5,350.063v-9.0h-21.59v9.0H342.5zM342.35,366.463v-9.0h-21.86v9.0H342.35zM310.62,350.063v-9.0H289.03v9.0H310.62zM310.55,366.463v-9.0h-21.86v9.0H310.55zM278.75,366.463v-9.0h-21.86v9.0H278.75zM278.74,350.063v-9.0h-21.59v9.0H278.74zM246.96,366.463v-9.0h-21.87v9.0H246.96zM246.86,350.063v-9.0h-21.59v9.0H246.86zM215.16,366.463v-9.0h-21.86v9.0H215.16zM214.98,350.063v-9.0h-21.59v9.0H214.98zM183.36,366.463v-9.0h-21.86v9.0H183.36zM183.11,350.063v-9.0h-21.6v9.0H183.11zM151.56,366.463v-9.0h-21.86v9.0H151.56zM151.23,350.063v-9.0h-21.6v9.0H151.23zM119.77,366.463v-9.0H97.91v9.0H119.77zM119.35,350.063v-9.0h-21.6v9.0H119.35zM87.97,366.463v-9.0h-11.0v9.0H87.97zM87.47,350.063v-9.0h-10.5v9.0H87.47z"" style=""fill:#4489D3;"">
    </path>
    <rect height=""9"" width=""11"" x=""352.280"" y=""357.463"">
    </rect>
    <rect height=""9"" width=""10.5"" x=""352.780"" y=""341.063"">
    </rect>
    <rect height=""9"" width=""21.59"" x=""320.910"" y=""341.063"">
    </rect>
    <rect height=""9"" width=""21.86"" x=""320.490"" y=""357.463"">
    </rect>
    <rect height=""9"" width=""21.59"" x=""289.030"" y=""341.063"">
    </rect>
    <rect height=""9"" width=""21.86"" x=""288.690"" y=""357.463"">
    </rect>
    <rect height=""9"" width=""21.86"" x=""256.890"" y=""357.463"">
    </rect>
    <rect height=""9"" width=""21.59"" x=""257.150"" y=""341.063"">
    </rect>
    <rect height=""7.4"" style=""fill:#4489D3;"" width=""81.22"" x=""179.520"" y=""287.433"">
    </rect>
    <rect height=""9"" width=""21.87"" x=""225.090"" y=""357.463"">
    </rect>
    <rect height=""9"" width=""21.59"" x=""225.270"" y=""341.063"">
    </rect>
    <rect height=""9"" width=""21.86"" x=""193.300"" y=""357.463"">
    </rect>
    <rect height=""9"" width=""21.59"" x=""193.390"" y=""341.063"">
    </rect>
    <rect height=""9"" width=""21.86"" x=""161.500"" y=""357.463"">
    </rect>
    <rect height=""9"" width=""21.6"" x=""161.510"" y=""341.063"">
    </rect>
    <rect height=""9"" width=""21.86"" x=""129.700"" y=""357.463"">
    </rect>
    <rect height=""9"" width=""21.6"" x=""129.630"" y=""341.063"">
    </rect>
    <rect height=""9"" width=""21.86"" x=""97.910"" y=""357.463"">
    </rect>
    <rect height=""9"" width=""21.6"" x=""97.750"" y=""341.063"">
    </rect>
    <rect height=""9"" width=""11"" x=""76.970"" y=""357.463"">
    </rect>
    <rect height=""9"" width=""10.5"" x=""76.970"" y=""341.063"">
    </rect>
    <rect height=""9"" width=""23.11"" x=""22.540"" y=""79.353"">
    </rect>
   </g>
  </g>
 </g>
</svg>


Question: What is the object in the image?",Television,keyboard,Microwave,Printer,B,computer
176,"Examine the following SVG code carefully and answer the question based on your interpretation of the rendered image.

<svg id=""Capa_1"" style=""enable-background:new 0 0 493.413 493.413;"" version=""1.1"" viewbox=""0 0 493.413 493.413"" x=""0px"" xml:space=""preserve"" y=""0px"">
 <g id=""XMLID_207_"">
  <path d=""M242.207,413.857H57.848c-3.553,0.0,-6.442,-2.888,-6.442,-6.449v-350.2c0.0,-3.562,2.889,-6.45,6.442,-6.45h262.985c3.563,0.0,6.449,2.889,6.449,6.45v46.399h46.898V35.915c0.0,-17.055,-13.829,-30.885,-30.886,-30.885H35.404C18.347,5.031,4.518,18.861,4.518,35.915v431.113c0.0,17.056,13.829,30.886,30.886,30.886h214.016c-4.454,-8.464,-7.213,-17.953,-7.213,-28.166V413.857zM189.348,475.324c-10.771,0.0,-19.509,-8.736,-19.509,-19.51c0.0,-10.774,8.737,-19.51,19.509,-19.51c10.774,0.0,19.511,8.735,19.511,19.51C208.859,466.587,200.122,475.324,189.348,475.324z"" id=""XMLID_212_"">
  </path>
  <path d=""M469.765,136.466H303.231c-15.555,0.0,-28.166,12.611,-28.166,28.167v305.115c0.0,15.555,12.61,28.166,28.166,28.166h40.063h126.472c15.553,0.0,28.166,-12.611,28.166,-28.166V164.633C497.931,149.078,485.318,136.466,469.765,136.466zM386.495,481.991c-9.829,0.0,-17.785,-7.966,-17.785,-17.794c0.0,-9.827,7.956,-17.793,17.785,-17.793c9.819,0.0,17.793,7.966,17.793,17.793C404.287,474.025,396.314,481.991,386.495,481.991zM466.428,428.354c0.0,3.249,-2.633,5.88,-5.88,5.88H312.45c-3.251,0.0,-5.88,-2.631,-5.88,-5.88V172.309c0.0,-3.249,2.63,-5.88,5.88,-5.88h148.098c3.247,0.0,5.88,2.631,5.88,5.88V428.354z"" id=""XMLID_208_"">
  </path>
 </g>
</svg>


Question: What shape is the larger object in the image?",Circle,Square,Rectangle,Triangle,C,computer
177,"Examine the following SVG code carefully and answer the question based on your interpretation of the rendered image.

<svg id=""Capa_1"" style=""enable-background:new 0 0 493.413 493.413;"" version=""1.1"" viewbox=""0 0 493.413 493.413"" x=""0px"" xml:space=""preserve"" y=""0px"">
 <g id=""XMLID_207_"">
  <path d=""M242.207,413.857H57.848c-3.553,0.0,-6.442,-2.888,-6.442,-6.449v-350.2c0.0,-3.562,2.889,-6.45,6.442,-6.45h262.985c3.563,0.0,6.449,2.889,6.449,6.45v46.399h46.898V35.915c0.0,-17.055,-13.829,-30.885,-30.886,-30.885H35.404C18.347,5.031,4.518,18.861,4.518,35.915v431.113c0.0,17.056,13.829,30.886,30.886,30.886h214.016c-4.454,-8.464,-7.213,-17.953,-7.213,-28.166V413.857zM189.348,475.324c-10.771,0.0,-19.509,-8.736,-19.509,-19.51c0.0,-10.774,8.737,-19.51,19.509,-19.51c10.774,0.0,19.511,8.735,19.511,19.51C208.859,466.587,200.122,475.324,189.348,475.324z"" id=""XMLID_212_"">
  </path>
  <path d=""M469.765,136.466H303.231c-15.555,0.0,-28.166,12.611,-28.166,28.167v305.115c0.0,15.555,12.61,28.166,28.166,28.166h40.063h126.472c15.553,0.0,28.166,-12.611,28.166,-28.166V164.633C497.931,149.078,485.318,136.466,469.765,136.466zM386.495,481.991c-9.829,0.0,-17.785,-7.966,-17.785,-17.794c0.0,-9.827,7.956,-17.793,17.785,-17.793c9.819,0.0,17.793,7.966,17.793,17.793C404.287,474.025,396.314,481.991,386.495,481.991zM466.428,428.354c0.0,3.249,-2.633,5.88,-5.88,5.88H312.45c-3.251,0.0,-5.88,-2.631,-5.88,-5.88V172.309c0.0,-3.249,2.63,-5.88,5.88,-5.88h148.098c3.247,0.0,5.88,2.631,5.88,5.88V428.354z"" id=""XMLID_208_"">
  </path>
 </g>
</svg>


Question: How many circular buttons are visible on the smaller object?",1,2,3,4,A,computer
178,"Examine the following SVG code carefully and answer the question based on your interpretation of the rendered image.

<svg id=""Capa_1"" style=""enable-background:new 0 0 493.413 493.413;"" version=""1.1"" viewbox=""0 0 493.413 493.413"" x=""0px"" xml:space=""preserve"" y=""0px"">
 <g id=""XMLID_207_"">
  <path d=""M242.207,413.857H57.848c-3.553,0.0,-6.442,-2.888,-6.442,-6.449v-350.2c0.0,-3.562,2.889,-6.45,6.442,-6.45h262.985c3.563,0.0,6.449,2.889,6.449,6.45v46.399h46.898V35.915c0.0,-17.055,-13.829,-30.885,-30.886,-30.885H35.404C18.347,5.031,4.518,18.861,4.518,35.915v431.113c0.0,17.056,13.829,30.886,30.886,30.886h214.016c-4.454,-8.464,-7.213,-17.953,-7.213,-28.166V413.857zM189.348,475.324c-10.771,0.0,-19.509,-8.736,-19.509,-19.51c0.0,-10.774,8.737,-19.51,19.509,-19.51c10.774,0.0,19.511,8.735,19.511,19.51C208.859,466.587,200.122,475.324,189.348,475.324z"" id=""XMLID_212_"">
  </path>
  <path d=""M469.765,136.466H303.231c-15.555,0.0,-28.166,12.611,-28.166,28.167v305.115c0.0,15.555,12.61,28.166,28.166,28.166h40.063h126.472c15.553,0.0,28.166,-12.611,28.166,-28.166V164.633C497.931,149.078,485.318,136.466,469.765,136.466zM386.495,481.991c-9.829,0.0,-17.785,-7.966,-17.785,-17.794c0.0,-9.827,7.956,-17.793,17.785,-17.793c9.819,0.0,17.793,7.966,17.793,17.793C404.287,474.025,396.314,481.991,386.495,481.991zM466.428,428.354c0.0,3.249,-2.633,5.88,-5.88,5.88H312.45c-3.251,0.0,-5.88,-2.631,-5.88,-5.88V172.309c0.0,-3.249,2.63,-5.88,5.88,-5.88h148.098c3.247,0.0,5.88,2.631,5.88,5.88V428.354z"" id=""XMLID_208_"">
  </path>
 </g>
</svg>


Question: What is the relative position of the smaller object to the larger object?",Above,Below,left,right,D,computer
179,"Examine the following SVG code carefully and answer the question based on your interpretation of the rendered image.

<svg id=""Capa_1"" style=""enable-background:new 0 0 493.413 493.413;"" version=""1.1"" viewbox=""0 0 493.413 493.413"" x=""0px"" xml:space=""preserve"" y=""0px"">
 <g id=""XMLID_207_"">
  <path d=""M242.207,413.857H57.848c-3.553,0.0,-6.442,-2.888,-6.442,-6.449v-350.2c0.0,-3.562,2.889,-6.45,6.442,-6.45h262.985c3.563,0.0,6.449,2.889,6.449,6.45v46.399h46.898V35.915c0.0,-17.055,-13.829,-30.885,-30.886,-30.885H35.404C18.347,5.031,4.518,18.861,4.518,35.915v431.113c0.0,17.056,13.829,30.886,30.886,30.886h214.016c-4.454,-8.464,-7.213,-17.953,-7.213,-28.166V413.857zM189.348,475.324c-10.771,0.0,-19.509,-8.736,-19.509,-19.51c0.0,-10.774,8.737,-19.51,19.509,-19.51c10.774,0.0,19.511,8.735,19.511,19.51C208.859,466.587,200.122,475.324,189.348,475.324z"" id=""XMLID_212_"">
  </path>
  <path d=""M469.765,136.466H303.231c-15.555,0.0,-28.166,12.611,-28.166,28.167v305.115c0.0,15.555,12.61,28.166,28.166,28.166h40.063h126.472c15.553,0.0,28.166,-12.611,28.166,-28.166V164.633C497.931,149.078,485.318,136.466,469.765,136.466zM386.495,481.991c-9.829,0.0,-17.785,-7.966,-17.785,-17.794c0.0,-9.827,7.956,-17.793,17.785,-17.793c9.819,0.0,17.793,7.966,17.793,17.793C404.287,474.025,396.314,481.991,386.495,481.991zM466.428,428.354c0.0,3.249,-2.633,5.88,-5.88,5.88H312.45c-3.251,0.0,-5.88,-2.631,-5.88,-5.88V172.309c0.0,-3.249,2.63,-5.88,5.88,-5.88h148.098c3.247,0.0,5.88,2.631,5.88,5.88V428.354z"" id=""XMLID_208_"">
  </path>
 </g>
</svg>


Question: What type of devices are depicted in the image?",Laptops,smartphones,Desktops,Televisions,B,computer
192,"Examine the following SVG code carefully and answer the question based on your interpretation of the rendered image.

<svg enable-background=""new 0 0 256 241"" height=""241px"" id=""Layer_1"" version=""1.1"" viewbox=""0 0 256 241"" width=""256px"" x=""0px"" xml:space=""preserve"" y=""0px"">
 <path d=""M255.881,189.391V3.391H3.881v186.0h111.0v29.0H76.881v22.0h106.0v-22.0h-38.0v-29.0H255.881zM20.881,20.391h217.0v151.0H20.881L20.881,20.391zM160.699,103.014v46.183h-43.476l-14.18,-23.745c-1.295,-2.168,-1.979,-4.646,-1.979,-7.172V92.961c0.0,-2.613,1.549,-5.032,3.988,-5.97c4.153,-1.597,8.276,1.776,8.276,5.727v13.277c0.0,0.962,1.007,1.756,1.996,1.357c0.578,-0.233,0.929,-0.828,0.929,-1.451l0.0,-48.852c0.225,-2.982,2.813,-5.457,5.964,-5.457h0.169c3.488,0.0,6.132,2.869,6.132,6.132v24.754l25.936,10.914C158.223,95.081,160.699,98.85,160.699,103.014zM131.444,68.639c0.338,0.338,0.788,0.506,1.294,0.506c0.506,0.0,1.181,-0.169,1.463,-0.675c2.475,-2.813,3.769,-6.639,3.769,-10.408c0.0,-8.777,-7.145,-15.865,-15.865,-15.865c-8.777,0.0,-15.865,7.145,-15.865,15.865c0.0,3.657,1.294,7.257,3.657,10.07c0.675,0.788,1.969,1.013,2.982,0.338c0.788,-0.675,1.013,-1.969,0.338,-2.982c-1.688,-2.194,-2.644,-4.782,-2.644,-7.426c0.0,-6.414,5.288,-11.758,11.758,-11.758s11.758,5.288,11.758,11.758c0.0,2.813,-1.013,5.626,-2.813,7.595C130.431,66.614,130.656,67.964,131.444,68.639z"">
 </path>
</svg>


Question: What shape is the screen in the image?",Circle,Triangle,Rectangle,Hexagon,C,computer
193,"Examine the following SVG code carefully and answer the question based on your interpretation of the rendered image.

<svg enable-background=""new 0 0 256 241"" height=""241px"" id=""Layer_1"" version=""1.1"" viewbox=""0 0 256 241"" width=""256px"" x=""0px"" xml:space=""preserve"" y=""0px"">
 <path d=""M255.881,189.391V3.391H3.881v186.0h111.0v29.0H76.881v22.0h106.0v-22.0h-38.0v-29.0H255.881zM20.881,20.391h217.0v151.0H20.881L20.881,20.391zM160.699,103.014v46.183h-43.476l-14.18,-23.745c-1.295,-2.168,-1.979,-4.646,-1.979,-7.172V92.961c0.0,-2.613,1.549,-5.032,3.988,-5.97c4.153,-1.597,8.276,1.776,8.276,5.727v13.277c0.0,0.962,1.007,1.756,1.996,1.357c0.578,-0.233,0.929,-0.828,0.929,-1.451l0.0,-48.852c0.225,-2.982,2.813,-5.457,5.964,-5.457h0.169c3.488,0.0,6.132,2.869,6.132,6.132v24.754l25.936,10.914C158.223,95.081,160.699,98.85,160.699,103.014zM131.444,68.639c0.338,0.338,0.788,0.506,1.294,0.506c0.506,0.0,1.181,-0.169,1.463,-0.675c2.475,-2.813,3.769,-6.639,3.769,-10.408c0.0,-8.777,-7.145,-15.865,-15.865,-15.865c-8.777,0.0,-15.865,7.145,-15.865,15.865c0.0,3.657,1.294,7.257,3.657,10.07c0.675,0.788,1.969,1.013,2.982,0.338c0.788,-0.675,1.013,-1.969,0.338,-2.982c-1.688,-2.194,-2.644,-4.782,-2.644,-7.426c0.0,-6.414,5.288,-11.758,11.758,-11.758s11.758,5.288,11.758,11.758c0.0,2.813,-1.013,5.626,-2.813,7.595C130.431,66.614,130.656,67.964,131.444,68.639z"">
 </path>
</svg>


Question: What is the object inside the screen?",hand,star,tree,car,A,computer
194,"Examine the following SVG code carefully and answer the question based on your interpretation of the rendered image.

<svg enable-background=""new 0 0 256 241"" height=""241px"" id=""Layer_1"" version=""1.1"" viewbox=""0 0 256 241"" width=""256px"" x=""0px"" xml:space=""preserve"" y=""0px"">
 <path d=""M255.881,189.391V3.391H3.881v186.0h111.0v29.0H76.881v22.0h106.0v-22.0h-38.0v-29.0H255.881zM20.881,20.391h217.0v151.0H20.881L20.881,20.391zM160.699,103.014v46.183h-43.476l-14.18,-23.745c-1.295,-2.168,-1.979,-4.646,-1.979,-7.172V92.961c0.0,-2.613,1.549,-5.032,3.988,-5.97c4.153,-1.597,8.276,1.776,8.276,5.727v13.277c0.0,0.962,1.007,1.756,1.996,1.357c0.578,-0.233,0.929,-0.828,0.929,-1.451l0.0,-48.852c0.225,-2.982,2.813,-5.457,5.964,-5.457h0.169c3.488,0.0,6.132,2.869,6.132,6.132v24.754l25.936,10.914C158.223,95.081,160.699,98.85,160.699,103.014zM131.444,68.639c0.338,0.338,0.788,0.506,1.294,0.506c0.506,0.0,1.181,-0.169,1.463,-0.675c2.475,-2.813,3.769,-6.639,3.769,-10.408c0.0,-8.777,-7.145,-15.865,-15.865,-15.865c-8.777,0.0,-15.865,7.145,-15.865,15.865c0.0,3.657,1.294,7.257,3.657,10.07c0.675,0.788,1.969,1.013,2.982,0.338c0.788,-0.675,1.013,-1.969,0.338,-2.982c-1.688,-2.194,-2.644,-4.782,-2.644,-7.426c0.0,-6.414,5.288,-11.758,11.758,-11.758s11.758,5.288,11.758,11.758c0.0,2.813,-1.013,5.626,-2.813,7.595C130.431,66.614,130.656,67.964,131.444,68.639z"">
 </path>
</svg>


Question: What is the hand doing in the image?",Clicking,Pointing,Waving,Writing,A,computer
195,"Examine the following SVG code carefully and answer the question based on your interpretation of the rendered image.

<svg enable-background=""new 0 0 256 241"" height=""241px"" id=""Layer_1"" version=""1.1"" viewbox=""0 0 256 241"" width=""256px"" x=""0px"" xml:space=""preserve"" y=""0px"">
 <path d=""M255.881,189.391V3.391H3.881v186.0h111.0v29.0H76.881v22.0h106.0v-22.0h-38.0v-29.0H255.881zM20.881,20.391h217.0v151.0H20.881L20.881,20.391zM160.699,103.014v46.183h-43.476l-14.18,-23.745c-1.295,-2.168,-1.979,-4.646,-1.979,-7.172V92.961c0.0,-2.613,1.549,-5.032,3.988,-5.97c4.153,-1.597,8.276,1.776,8.276,5.727v13.277c0.0,0.962,1.007,1.756,1.996,1.357c0.578,-0.233,0.929,-0.828,0.929,-1.451l0.0,-48.852c0.225,-2.982,2.813,-5.457,5.964,-5.457h0.169c3.488,0.0,6.132,2.869,6.132,6.132v24.754l25.936,10.914C158.223,95.081,160.699,98.85,160.699,103.014zM131.444,68.639c0.338,0.338,0.788,0.506,1.294,0.506c0.506,0.0,1.181,-0.169,1.463,-0.675c2.475,-2.813,3.769,-6.639,3.769,-10.408c0.0,-8.777,-7.145,-15.865,-15.865,-15.865c-8.777,0.0,-15.865,7.145,-15.865,15.865c0.0,3.657,1.294,7.257,3.657,10.07c0.675,0.788,1.969,1.013,2.982,0.338c0.788,-0.675,1.013,-1.969,0.338,-2.982c-1.688,-2.194,-2.644,-4.782,-2.644,-7.426c0.0,-6.414,5.288,-11.758,11.758,-11.758s11.758,5.288,11.758,11.758c0.0,2.813,-1.013,5.626,-2.813,7.595C130.431,66.614,130.656,67.964,131.444,68.639z"">
 </path>
</svg>


Question: What is the whole object in the image?",television,monitor,tablet,smartphone,B,computer
4,"Examine the following SVG code carefully and answer the question based on your interpretation of the rendered image.

<svg id=""Capa_1"" style=""enable-background:new 0 0 430.556 430.556;"" version=""1.1"" viewbox=""0 0 430.556 430.556"" x=""0px"" xml:space=""preserve"" y=""0px"">
 <path d=""M142.666,96.441c0.552,-4.94,5.006,-8.496,9.944,-7.945c4.94,0.552,8.497,5.004,7.945,9.943c-0.398,3.566,3.715,14.81,21.66,34.326c16.172,17.59,39.202,37.165,64.845,55.121c17.287,12.104,35.165,23.035,51.702,31.609c4.413,2.288,6.135,7.721,3.847,12.133c-1.602,3.089,-4.743,4.859,-7.997,4.859c-1.396,0.0,-2.811,-0.325,-4.135,-1.012c-17.231,-8.935,-35.814,-20.293,-53.741,-32.846C187.832,168.388,139.78,122.274,142.666,96.441zM55.807,94.567c-4.802,-1.301,-9.739,1.543,-11.036,6.341c-5.789,21.428,-4.187,44.349,4.51,64.541c2.622,6.087,5.887,11.938,9.705,17.391l25.55,36.492c11.818,16.878,28.379,29.397,47.893,36.205c0.981,0.342,1.981,0.505,2.964,0.505c3.721,0.0,7.203,-2.326,8.498,-6.038c1.637,-4.693,-0.84,-9.825,-5.533,-11.463c-15.926,-5.556,-29.438,-15.768,-39.076,-29.533l-25.551,-36.493c-3.116,-4.45,-5.78,-9.223,-7.917,-14.186c-7.098,-16.478,-8.399,-35.203,-3.666,-52.727C63.445,100.804,60.606,95.863,55.807,94.567zM309.68,201.249c3.112,0.0,6.139,-1.616,7.805,-4.507c2.483,-4.306,1.005,-9.81,-3.301,-12.292c-11.505,-6.634,-23.224,-14.118,-34.83,-22.244c-21.658,-15.165,-41.119,-31.282,-56.278,-46.611c-3.495,-3.532,-9.192,-3.565,-12.728,-0.07c-3.534,3.495,-3.566,9.193,-0.07,12.728c15.907,16.085,36.223,32.925,58.752,48.698c12.036,8.428,24.203,16.197,36.163,23.094C306.609,200.86,308.154,201.249,309.68,201.249zM182.445,108.046c4.071,2.851,9.683,1.86,12.535,-2.21l27.736,-39.611c16.175,-23.102,40.497,-38.542,68.484,-43.477c27.986,-4.938,56.124,1.255,79.227,17.431c42.257,29.588,57.098,86.902,34.521,133.317c-2.174,4.47,-0.313,9.855,4.157,12.03c1.268,0.616,2.609,0.908,3.93,0.908c3.336,0.0,6.542,-1.863,8.1,-5.065c12.747,-26.206,15.785,-56.35,8.555,-84.876c-7.311,-28.845,-24.69,-54.08,-48.939,-71.059C353.71,6.501,320.798,-0.752,288.074,5.021c-32.722,5.77,-61.17,23.839,-80.103,50.879l-27.736,39.611C177.383,99.583,178.373,105.195,182.445,108.046zM352.645,383.551c2.235,3.19,3.094,7.069,2.416,10.92c-0.679,3.851,-2.812,7.203,-6.006,9.439l-37.92,26.552c-2.546,1.781,-5.469,2.636,-8.363,2.637c-4.613,0.0,-9.154,-2.171,-11.994,-6.224l-23.765,-33.94c-0.015,-0.021,-0.03,-0.042,-0.045,-0.063c-0.015,-0.021,-0.029,-0.042,-0.044,-0.063l-26.687,-38.114c-0.039,-0.053,-0.077,-0.105,-0.114,-0.159c-0.037,-0.054,-0.074,-0.107,-0.11,-0.161l-10.572,-15.099c-2.851,-4.071,-1.861,-9.684,2.21,-12.534c4.072,-2.853,9.684,-1.862,12.535,2.21l5.521,7.886l39.754,-27.834c4.072,-2.852,9.684,-1.862,12.535,2.21l26.714,38.153c0.044,0.061,0.088,0.121,0.131,0.183s0.085,0.123,0.126,0.186L352.645,383.551zM276.551,375.174l32.381,-22.673l-16.519,-23.593l-32.381,22.673L276.551,375.174zM335.961,391.104l-16.705,-23.858l-32.381,22.673l16.706,23.859L335.961,391.104zM427.685,242.929c0.0,29.289,-23.828,53.117,-53.117,53.117c-15.028,0.0,-29.419,-6.41,-39.483,-17.587c-8.792,-9.765,-13.634,-22.383,-13.634,-35.53c0.0,-29.289,23.828,-53.117,53.117,-53.117S427.685,213.639,427.685,242.929zM409.685,242.929c0.0,-19.363,-15.753,-35.117,-35.117,-35.117s-35.117,15.754,-35.117,35.117c0.0,8.691,3.2,17.032,9.011,23.485c6.655,7.393,16.171,11.632,26.106,11.632C393.932,278.046,409.685,262.292,409.685,242.929zM121.849,291.631c3.721,0.0,7.203,-2.326,8.498,-6.038c1.637,-4.693,-0.841,-9.825,-5.534,-11.462c-21.089,-7.355,-38.982,-20.88,-51.746,-39.112L40.067,187.891c-16.176,-23.103,-22.366,-51.238,-17.431,-79.226c4.935,-27.988,20.377,-52.31,43.48,-68.486c36.03,-25.229,84.706,-25.36,121.124,-0.324c4.097,2.815,9.7,1.778,12.515,-2.318c2.816,-4.097,1.778,-9.699,-2.318,-12.516C154.864,-4.245,97.94,-4.079,55.792,25.435C28.751,44.368,10.68,72.817,4.91,105.54s1.479,65.635,20.413,92.676l32.998,47.126c14.943,21.346,35.886,37.178,60.564,45.785C119.866,291.469,120.865,291.631,121.849,291.631zM239.768,292.623l-16.505,23.571c-0.001,0.001,-0.001,0.002,-0.002,0.003c-0.001,0.002,-0.002,0.004,-0.003,0.005l-77.493,110.67c-2.839,4.056,-7.382,6.229,-11.995,6.229c-2.894,0.0,-5.815,-0.855,-8.361,-2.636l-37.924,-26.557c-3.194,-2.235,-5.327,-5.587,-6.006,-9.437c-0.679,-3.85,0.18,-7.729,2.417,-10.923l23.721,-33.877c0.028,-0.041,0.057,-0.083,0.085,-0.124c0.029,-0.042,0.059,-0.083,0.088,-0.123l26.655,-38.067c0.033,-0.049,0.066,-0.097,0.1,-0.146c0.034,-0.049,0.068,-0.097,0.103,-0.145l26.631,-38.032c0.036,-0.054,0.073,-0.107,0.111,-0.161c0.037,-0.054,0.076,-0.107,0.114,-0.16l16.389,-23.406c-17.779,-23.404,-26.645,-52.261,-25.064,-82.017c0.263,-4.964,4.5,-8.781,9.465,-8.51c4.963,0.264,8.773,4.501,8.51,9.465c-1.461,27.494,7.484,54.077,25.188,74.851c2.659,3.12,2.874,7.643,0.522,11.0l-15.216,21.73l32.381,22.674l15.216,-21.73c2.351,-3.357,6.672,-4.702,10.515,-3.271c20.884,7.781,44.326,8.711,66.005,2.615c4.785,-1.345,9.755,1.443,11.1,6.229s-1.443,9.754,-6.228,11.1C287.232,299.922,262.457,299.598,239.768,292.623zM149.666,389.918l-32.38,-22.673l-16.707,23.859l32.38,22.673L149.666,389.918zM176.51,351.583l-32.381,-22.674l-16.519,23.591l32.381,22.674L176.51,351.583zM203.354,313.245l-32.38,-22.673l-16.52,23.593l32.38,22.673L203.354,313.245z"" id=""XMLID_167_"">
 </path>
</svg>


Question: What shape is prominently featured in the image?",Circle,Triangle,Square,Hexagon,A,entertainment
5,"Examine the following SVG code carefully and answer the question based on your interpretation of the rendered image.

<svg id=""Capa_1"" style=""enable-background:new 0 0 430.556 430.556;"" version=""1.1"" viewbox=""0 0 430.556 430.556"" x=""0px"" xml:space=""preserve"" y=""0px"">
 <path d=""M142.666,96.441c0.552,-4.94,5.006,-8.496,9.944,-7.945c4.94,0.552,8.497,5.004,7.945,9.943c-0.398,3.566,3.715,14.81,21.66,34.326c16.172,17.59,39.202,37.165,64.845,55.121c17.287,12.104,35.165,23.035,51.702,31.609c4.413,2.288,6.135,7.721,3.847,12.133c-1.602,3.089,-4.743,4.859,-7.997,4.859c-1.396,0.0,-2.811,-0.325,-4.135,-1.012c-17.231,-8.935,-35.814,-20.293,-53.741,-32.846C187.832,168.388,139.78,122.274,142.666,96.441zM55.807,94.567c-4.802,-1.301,-9.739,1.543,-11.036,6.341c-5.789,21.428,-4.187,44.349,4.51,64.541c2.622,6.087,5.887,11.938,9.705,17.391l25.55,36.492c11.818,16.878,28.379,29.397,47.893,36.205c0.981,0.342,1.981,0.505,2.964,0.505c3.721,0.0,7.203,-2.326,8.498,-6.038c1.637,-4.693,-0.84,-9.825,-5.533,-11.463c-15.926,-5.556,-29.438,-15.768,-39.076,-29.533l-25.551,-36.493c-3.116,-4.45,-5.78,-9.223,-7.917,-14.186c-7.098,-16.478,-8.399,-35.203,-3.666,-52.727C63.445,100.804,60.606,95.863,55.807,94.567zM309.68,201.249c3.112,0.0,6.139,-1.616,7.805,-4.507c2.483,-4.306,1.005,-9.81,-3.301,-12.292c-11.505,-6.634,-23.224,-14.118,-34.83,-22.244c-21.658,-15.165,-41.119,-31.282,-56.278,-46.611c-3.495,-3.532,-9.192,-3.565,-12.728,-0.07c-3.534,3.495,-3.566,9.193,-0.07,12.728c15.907,16.085,36.223,32.925,58.752,48.698c12.036,8.428,24.203,16.197,36.163,23.094C306.609,200.86,308.154,201.249,309.68,201.249zM182.445,108.046c4.071,2.851,9.683,1.86,12.535,-2.21l27.736,-39.611c16.175,-23.102,40.497,-38.542,68.484,-43.477c27.986,-4.938,56.124,1.255,79.227,17.431c42.257,29.588,57.098,86.902,34.521,133.317c-2.174,4.47,-0.313,9.855,4.157,12.03c1.268,0.616,2.609,0.908,3.93,0.908c3.336,0.0,6.542,-1.863,8.1,-5.065c12.747,-26.206,15.785,-56.35,8.555,-84.876c-7.311,-28.845,-24.69,-54.08,-48.939,-71.059C353.71,6.501,320.798,-0.752,288.074,5.021c-32.722,5.77,-61.17,23.839,-80.103,50.879l-27.736,39.611C177.383,99.583,178.373,105.195,182.445,108.046zM352.645,383.551c2.235,3.19,3.094,7.069,2.416,10.92c-0.679,3.851,-2.812,7.203,-6.006,9.439l-37.92,26.552c-2.546,1.781,-5.469,2.636,-8.363,2.637c-4.613,0.0,-9.154,-2.171,-11.994,-6.224l-23.765,-33.94c-0.015,-0.021,-0.03,-0.042,-0.045,-0.063c-0.015,-0.021,-0.029,-0.042,-0.044,-0.063l-26.687,-38.114c-0.039,-0.053,-0.077,-0.105,-0.114,-0.159c-0.037,-0.054,-0.074,-0.107,-0.11,-0.161l-10.572,-15.099c-2.851,-4.071,-1.861,-9.684,2.21,-12.534c4.072,-2.853,9.684,-1.862,12.535,2.21l5.521,7.886l39.754,-27.834c4.072,-2.852,9.684,-1.862,12.535,2.21l26.714,38.153c0.044,0.061,0.088,0.121,0.131,0.183s0.085,0.123,0.126,0.186L352.645,383.551zM276.551,375.174l32.381,-22.673l-16.519,-23.593l-32.381,22.673L276.551,375.174zM335.961,391.104l-16.705,-23.858l-32.381,22.673l16.706,23.859L335.961,391.104zM427.685,242.929c0.0,29.289,-23.828,53.117,-53.117,53.117c-15.028,0.0,-29.419,-6.41,-39.483,-17.587c-8.792,-9.765,-13.634,-22.383,-13.634,-35.53c0.0,-29.289,23.828,-53.117,53.117,-53.117S427.685,213.639,427.685,242.929zM409.685,242.929c0.0,-19.363,-15.753,-35.117,-35.117,-35.117s-35.117,15.754,-35.117,35.117c0.0,8.691,3.2,17.032,9.011,23.485c6.655,7.393,16.171,11.632,26.106,11.632C393.932,278.046,409.685,262.292,409.685,242.929zM121.849,291.631c3.721,0.0,7.203,-2.326,8.498,-6.038c1.637,-4.693,-0.841,-9.825,-5.534,-11.462c-21.089,-7.355,-38.982,-20.88,-51.746,-39.112L40.067,187.891c-16.176,-23.103,-22.366,-51.238,-17.431,-79.226c4.935,-27.988,20.377,-52.31,43.48,-68.486c36.03,-25.229,84.706,-25.36,121.124,-0.324c4.097,2.815,9.7,1.778,12.515,-2.318c2.816,-4.097,1.778,-9.699,-2.318,-12.516C154.864,-4.245,97.94,-4.079,55.792,25.435C28.751,44.368,10.68,72.817,4.91,105.54s1.479,65.635,20.413,92.676l32.998,47.126c14.943,21.346,35.886,37.178,60.564,45.785C119.866,291.469,120.865,291.631,121.849,291.631zM239.768,292.623l-16.505,23.571c-0.001,0.001,-0.001,0.002,-0.002,0.003c-0.001,0.002,-0.002,0.004,-0.003,0.005l-77.493,110.67c-2.839,4.056,-7.382,6.229,-11.995,6.229c-2.894,0.0,-5.815,-0.855,-8.361,-2.636l-37.924,-26.557c-3.194,-2.235,-5.327,-5.587,-6.006,-9.437c-0.679,-3.85,0.18,-7.729,2.417,-10.923l23.721,-33.877c0.028,-0.041,0.057,-0.083,0.085,-0.124c0.029,-0.042,0.059,-0.083,0.088,-0.123l26.655,-38.067c0.033,-0.049,0.066,-0.097,0.1,-0.146c0.034,-0.049,0.068,-0.097,0.103,-0.145l26.631,-38.032c0.036,-0.054,0.073,-0.107,0.111,-0.161c0.037,-0.054,0.076,-0.107,0.114,-0.16l16.389,-23.406c-17.779,-23.404,-26.645,-52.261,-25.064,-82.017c0.263,-4.964,4.5,-8.781,9.465,-8.51c4.963,0.264,8.773,4.501,8.51,9.465c-1.461,27.494,7.484,54.077,25.188,74.851c2.659,3.12,2.874,7.643,0.522,11.0l-15.216,21.73l32.381,22.674l15.216,-21.73c2.351,-3.357,6.672,-4.702,10.515,-3.271c20.884,7.781,44.326,8.711,66.005,2.615c4.785,-1.345,9.755,1.443,11.1,6.229s-1.443,9.754,-6.228,11.1C287.232,299.922,262.457,299.598,239.768,292.623zM149.666,389.918l-32.38,-22.673l-16.707,23.859l32.38,22.673L149.666,389.918zM176.51,351.583l-32.381,-22.674l-16.519,23.591l32.381,22.674L176.51,351.583zM203.354,313.245l-32.38,-22.673l-16.52,23.593l32.38,22.673L203.354,313.245z"" id=""XMLID_167_"">
 </path>
</svg>


Question: How many paddles are shown in the image?",Two,One,Three,Four,A,entertainment
6,"Examine the following SVG code carefully and answer the question based on your interpretation of the rendered image.

<svg id=""Capa_1"" style=""enable-background:new 0 0 430.556 430.556;"" version=""1.1"" viewbox=""0 0 430.556 430.556"" x=""0px"" xml:space=""preserve"" y=""0px"">
 <path d=""M142.666,96.441c0.552,-4.94,5.006,-8.496,9.944,-7.945c4.94,0.552,8.497,5.004,7.945,9.943c-0.398,3.566,3.715,14.81,21.66,34.326c16.172,17.59,39.202,37.165,64.845,55.121c17.287,12.104,35.165,23.035,51.702,31.609c4.413,2.288,6.135,7.721,3.847,12.133c-1.602,3.089,-4.743,4.859,-7.997,4.859c-1.396,0.0,-2.811,-0.325,-4.135,-1.012c-17.231,-8.935,-35.814,-20.293,-53.741,-32.846C187.832,168.388,139.78,122.274,142.666,96.441zM55.807,94.567c-4.802,-1.301,-9.739,1.543,-11.036,6.341c-5.789,21.428,-4.187,44.349,4.51,64.541c2.622,6.087,5.887,11.938,9.705,17.391l25.55,36.492c11.818,16.878,28.379,29.397,47.893,36.205c0.981,0.342,1.981,0.505,2.964,0.505c3.721,0.0,7.203,-2.326,8.498,-6.038c1.637,-4.693,-0.84,-9.825,-5.533,-11.463c-15.926,-5.556,-29.438,-15.768,-39.076,-29.533l-25.551,-36.493c-3.116,-4.45,-5.78,-9.223,-7.917,-14.186c-7.098,-16.478,-8.399,-35.203,-3.666,-52.727C63.445,100.804,60.606,95.863,55.807,94.567zM309.68,201.249c3.112,0.0,6.139,-1.616,7.805,-4.507c2.483,-4.306,1.005,-9.81,-3.301,-12.292c-11.505,-6.634,-23.224,-14.118,-34.83,-22.244c-21.658,-15.165,-41.119,-31.282,-56.278,-46.611c-3.495,-3.532,-9.192,-3.565,-12.728,-0.07c-3.534,3.495,-3.566,9.193,-0.07,12.728c15.907,16.085,36.223,32.925,58.752,48.698c12.036,8.428,24.203,16.197,36.163,23.094C306.609,200.86,308.154,201.249,309.68,201.249zM182.445,108.046c4.071,2.851,9.683,1.86,12.535,-2.21l27.736,-39.611c16.175,-23.102,40.497,-38.542,68.484,-43.477c27.986,-4.938,56.124,1.255,79.227,17.431c42.257,29.588,57.098,86.902,34.521,133.317c-2.174,4.47,-0.313,9.855,4.157,12.03c1.268,0.616,2.609,0.908,3.93,0.908c3.336,0.0,6.542,-1.863,8.1,-5.065c12.747,-26.206,15.785,-56.35,8.555,-84.876c-7.311,-28.845,-24.69,-54.08,-48.939,-71.059C353.71,6.501,320.798,-0.752,288.074,5.021c-32.722,5.77,-61.17,23.839,-80.103,50.879l-27.736,39.611C177.383,99.583,178.373,105.195,182.445,108.046zM352.645,383.551c2.235,3.19,3.094,7.069,2.416,10.92c-0.679,3.851,-2.812,7.203,-6.006,9.439l-37.92,26.552c-2.546,1.781,-5.469,2.636,-8.363,2.637c-4.613,0.0,-9.154,-2.171,-11.994,-6.224l-23.765,-33.94c-0.015,-0.021,-0.03,-0.042,-0.045,-0.063c-0.015,-0.021,-0.029,-0.042,-0.044,-0.063l-26.687,-38.114c-0.039,-0.053,-0.077,-0.105,-0.114,-0.159c-0.037,-0.054,-0.074,-0.107,-0.11,-0.161l-10.572,-15.099c-2.851,-4.071,-1.861,-9.684,2.21,-12.534c4.072,-2.853,9.684,-1.862,12.535,2.21l5.521,7.886l39.754,-27.834c4.072,-2.852,9.684,-1.862,12.535,2.21l26.714,38.153c0.044,0.061,0.088,0.121,0.131,0.183s0.085,0.123,0.126,0.186L352.645,383.551zM276.551,375.174l32.381,-22.673l-16.519,-23.593l-32.381,22.673L276.551,375.174zM335.961,391.104l-16.705,-23.858l-32.381,22.673l16.706,23.859L335.961,391.104zM427.685,242.929c0.0,29.289,-23.828,53.117,-53.117,53.117c-15.028,0.0,-29.419,-6.41,-39.483,-17.587c-8.792,-9.765,-13.634,-22.383,-13.634,-35.53c0.0,-29.289,23.828,-53.117,53.117,-53.117S427.685,213.639,427.685,242.929zM409.685,242.929c0.0,-19.363,-15.753,-35.117,-35.117,-35.117s-35.117,15.754,-35.117,35.117c0.0,8.691,3.2,17.032,9.011,23.485c6.655,7.393,16.171,11.632,26.106,11.632C393.932,278.046,409.685,262.292,409.685,242.929zM121.849,291.631c3.721,0.0,7.203,-2.326,8.498,-6.038c1.637,-4.693,-0.841,-9.825,-5.534,-11.462c-21.089,-7.355,-38.982,-20.88,-51.746,-39.112L40.067,187.891c-16.176,-23.103,-22.366,-51.238,-17.431,-79.226c4.935,-27.988,20.377,-52.31,43.48,-68.486c36.03,-25.229,84.706,-25.36,121.124,-0.324c4.097,2.815,9.7,1.778,12.515,-2.318c2.816,-4.097,1.778,-9.699,-2.318,-12.516C154.864,-4.245,97.94,-4.079,55.792,25.435C28.751,44.368,10.68,72.817,4.91,105.54s1.479,65.635,20.413,92.676l32.998,47.126c14.943,21.346,35.886,37.178,60.564,45.785C119.866,291.469,120.865,291.631,121.849,291.631zM239.768,292.623l-16.505,23.571c-0.001,0.001,-0.001,0.002,-0.002,0.003c-0.001,0.002,-0.002,0.004,-0.003,0.005l-77.493,110.67c-2.839,4.056,-7.382,6.229,-11.995,6.229c-2.894,0.0,-5.815,-0.855,-8.361,-2.636l-37.924,-26.557c-3.194,-2.235,-5.327,-5.587,-6.006,-9.437c-0.679,-3.85,0.18,-7.729,2.417,-10.923l23.721,-33.877c0.028,-0.041,0.057,-0.083,0.085,-0.124c0.029,-0.042,0.059,-0.083,0.088,-0.123l26.655,-38.067c0.033,-0.049,0.066,-0.097,0.1,-0.146c0.034,-0.049,0.068,-0.097,0.103,-0.145l26.631,-38.032c0.036,-0.054,0.073,-0.107,0.111,-0.161c0.037,-0.054,0.076,-0.107,0.114,-0.16l16.389,-23.406c-17.779,-23.404,-26.645,-52.261,-25.064,-82.017c0.263,-4.964,4.5,-8.781,9.465,-8.51c4.963,0.264,8.773,4.501,8.51,9.465c-1.461,27.494,7.484,54.077,25.188,74.851c2.659,3.12,2.874,7.643,0.522,11.0l-15.216,21.73l32.381,22.674l15.216,-21.73c2.351,-3.357,6.672,-4.702,10.515,-3.271c20.884,7.781,44.326,8.711,66.005,2.615c4.785,-1.345,9.755,1.443,11.1,6.229s-1.443,9.754,-6.228,11.1C287.232,299.922,262.457,299.598,239.768,292.623zM149.666,389.918l-32.38,-22.673l-16.707,23.859l32.38,22.673L149.666,389.918zM176.51,351.583l-32.381,-22.674l-16.519,23.591l32.381,22.674L176.51,351.583zM203.354,313.245l-32.38,-22.673l-16.52,23.593l32.38,22.673L203.354,313.245z"" id=""XMLID_167_"">
 </path>
</svg>


Question: What is the pattern on the handles of the paddles?",Stripes,Dots,Plain,Checkered,D,entertainment
7,"Examine the following SVG code carefully and answer the question based on your interpretation of the rendered image.

<svg id=""Capa_1"" style=""enable-background:new 0 0 430.556 430.556;"" version=""1.1"" viewbox=""0 0 430.556 430.556"" x=""0px"" xml:space=""preserve"" y=""0px"">
 <path d=""M142.666,96.441c0.552,-4.94,5.006,-8.496,9.944,-7.945c4.94,0.552,8.497,5.004,7.945,9.943c-0.398,3.566,3.715,14.81,21.66,34.326c16.172,17.59,39.202,37.165,64.845,55.121c17.287,12.104,35.165,23.035,51.702,31.609c4.413,2.288,6.135,7.721,3.847,12.133c-1.602,3.089,-4.743,4.859,-7.997,4.859c-1.396,0.0,-2.811,-0.325,-4.135,-1.012c-17.231,-8.935,-35.814,-20.293,-53.741,-32.846C187.832,168.388,139.78,122.274,142.666,96.441zM55.807,94.567c-4.802,-1.301,-9.739,1.543,-11.036,6.341c-5.789,21.428,-4.187,44.349,4.51,64.541c2.622,6.087,5.887,11.938,9.705,17.391l25.55,36.492c11.818,16.878,28.379,29.397,47.893,36.205c0.981,0.342,1.981,0.505,2.964,0.505c3.721,0.0,7.203,-2.326,8.498,-6.038c1.637,-4.693,-0.84,-9.825,-5.533,-11.463c-15.926,-5.556,-29.438,-15.768,-39.076,-29.533l-25.551,-36.493c-3.116,-4.45,-5.78,-9.223,-7.917,-14.186c-7.098,-16.478,-8.399,-35.203,-3.666,-52.727C63.445,100.804,60.606,95.863,55.807,94.567zM309.68,201.249c3.112,0.0,6.139,-1.616,7.805,-4.507c2.483,-4.306,1.005,-9.81,-3.301,-12.292c-11.505,-6.634,-23.224,-14.118,-34.83,-22.244c-21.658,-15.165,-41.119,-31.282,-56.278,-46.611c-3.495,-3.532,-9.192,-3.565,-12.728,-0.07c-3.534,3.495,-3.566,9.193,-0.07,12.728c15.907,16.085,36.223,32.925,58.752,48.698c12.036,8.428,24.203,16.197,36.163,23.094C306.609,200.86,308.154,201.249,309.68,201.249zM182.445,108.046c4.071,2.851,9.683,1.86,12.535,-2.21l27.736,-39.611c16.175,-23.102,40.497,-38.542,68.484,-43.477c27.986,-4.938,56.124,1.255,79.227,17.431c42.257,29.588,57.098,86.902,34.521,133.317c-2.174,4.47,-0.313,9.855,4.157,12.03c1.268,0.616,2.609,0.908,3.93,0.908c3.336,0.0,6.542,-1.863,8.1,-5.065c12.747,-26.206,15.785,-56.35,8.555,-84.876c-7.311,-28.845,-24.69,-54.08,-48.939,-71.059C353.71,6.501,320.798,-0.752,288.074,5.021c-32.722,5.77,-61.17,23.839,-80.103,50.879l-27.736,39.611C177.383,99.583,178.373,105.195,182.445,108.046zM352.645,383.551c2.235,3.19,3.094,7.069,2.416,10.92c-0.679,3.851,-2.812,7.203,-6.006,9.439l-37.92,26.552c-2.546,1.781,-5.469,2.636,-8.363,2.637c-4.613,0.0,-9.154,-2.171,-11.994,-6.224l-23.765,-33.94c-0.015,-0.021,-0.03,-0.042,-0.045,-0.063c-0.015,-0.021,-0.029,-0.042,-0.044,-0.063l-26.687,-38.114c-0.039,-0.053,-0.077,-0.105,-0.114,-0.159c-0.037,-0.054,-0.074,-0.107,-0.11,-0.161l-10.572,-15.099c-2.851,-4.071,-1.861,-9.684,2.21,-12.534c4.072,-2.853,9.684,-1.862,12.535,2.21l5.521,7.886l39.754,-27.834c4.072,-2.852,9.684,-1.862,12.535,2.21l26.714,38.153c0.044,0.061,0.088,0.121,0.131,0.183s0.085,0.123,0.126,0.186L352.645,383.551zM276.551,375.174l32.381,-22.673l-16.519,-23.593l-32.381,22.673L276.551,375.174zM335.961,391.104l-16.705,-23.858l-32.381,22.673l16.706,23.859L335.961,391.104zM427.685,242.929c0.0,29.289,-23.828,53.117,-53.117,53.117c-15.028,0.0,-29.419,-6.41,-39.483,-17.587c-8.792,-9.765,-13.634,-22.383,-13.634,-35.53c0.0,-29.289,23.828,-53.117,53.117,-53.117S427.685,213.639,427.685,242.929zM409.685,242.929c0.0,-19.363,-15.753,-35.117,-35.117,-35.117s-35.117,15.754,-35.117,35.117c0.0,8.691,3.2,17.032,9.011,23.485c6.655,7.393,16.171,11.632,26.106,11.632C393.932,278.046,409.685,262.292,409.685,242.929zM121.849,291.631c3.721,0.0,7.203,-2.326,8.498,-6.038c1.637,-4.693,-0.841,-9.825,-5.534,-11.462c-21.089,-7.355,-38.982,-20.88,-51.746,-39.112L40.067,187.891c-16.176,-23.103,-22.366,-51.238,-17.431,-79.226c4.935,-27.988,20.377,-52.31,43.48,-68.486c36.03,-25.229,84.706,-25.36,121.124,-0.324c4.097,2.815,9.7,1.778,12.515,-2.318c2.816,-4.097,1.778,-9.699,-2.318,-12.516C154.864,-4.245,97.94,-4.079,55.792,25.435C28.751,44.368,10.68,72.817,4.91,105.54s1.479,65.635,20.413,92.676l32.998,47.126c14.943,21.346,35.886,37.178,60.564,45.785C119.866,291.469,120.865,291.631,121.849,291.631zM239.768,292.623l-16.505,23.571c-0.001,0.001,-0.001,0.002,-0.002,0.003c-0.001,0.002,-0.002,0.004,-0.003,0.005l-77.493,110.67c-2.839,4.056,-7.382,6.229,-11.995,6.229c-2.894,0.0,-5.815,-0.855,-8.361,-2.636l-37.924,-26.557c-3.194,-2.235,-5.327,-5.587,-6.006,-9.437c-0.679,-3.85,0.18,-7.729,2.417,-10.923l23.721,-33.877c0.028,-0.041,0.057,-0.083,0.085,-0.124c0.029,-0.042,0.059,-0.083,0.088,-0.123l26.655,-38.067c0.033,-0.049,0.066,-0.097,0.1,-0.146c0.034,-0.049,0.068,-0.097,0.103,-0.145l26.631,-38.032c0.036,-0.054,0.073,-0.107,0.111,-0.161c0.037,-0.054,0.076,-0.107,0.114,-0.16l16.389,-23.406c-17.779,-23.404,-26.645,-52.261,-25.064,-82.017c0.263,-4.964,4.5,-8.781,9.465,-8.51c4.963,0.264,8.773,4.501,8.51,9.465c-1.461,27.494,7.484,54.077,25.188,74.851c2.659,3.12,2.874,7.643,0.522,11.0l-15.216,21.73l32.381,22.674l15.216,-21.73c2.351,-3.357,6.672,-4.702,10.515,-3.271c20.884,7.781,44.326,8.711,66.005,2.615c4.785,-1.345,9.755,1.443,11.1,6.229s-1.443,9.754,-6.228,11.1C287.232,299.922,262.457,299.598,239.768,292.623zM149.666,389.918l-32.38,-22.673l-16.707,23.859l32.38,22.673L149.666,389.918zM176.51,351.583l-32.381,-22.674l-16.519,23.591l32.381,22.674L176.51,351.583zM203.354,313.245l-32.38,-22.673l-16.52,23.593l32.38,22.673L203.354,313.245z"" id=""XMLID_167_"">
 </path>
</svg>


Question: What sport is represented by the objects in the image?",Tennis,Badminton,Table Tennis,Squash,C,entertainment
16,"Examine the following SVG code carefully and answer the question based on your interpretation of the rendered image.

<svg id=""Capa_1"" style=""enable-background:new 0 0 58 58;"" version=""1.1"" viewbox=""0 0 58 58"" x=""0px"" xml:space=""preserve"" y=""0px"">
 <path d=""M46.844,4.038C46.844,1.978,45.174,0.307,43.113,0.307H15.575C13.514,0.307,11.844,1.978,11.844,4.038V27.307l1.311,1.311c0.933,0.933,0.933,2.446,0.0,3.379L11.844,33.307v20.635c0.0,2.411,1.954,4.365,4.365,4.365H39.844h2.635c2.411,0.0,4.365,-1.954,4.365,-4.365V51.307V33.307l-1.253,-1.253c-0.965,-0.965,-0.965,-2.529,0.0,-3.493L46.844,27.307V4.038z"" style=""fill:#CBD4D8;"">
 </path>
 <path d=""M13.831,30.307c0.07,0.447,-0.148,1.161,-0.677,1.689L11.844,33.307v20.635c0.0,2.411,1.954,4.365,4.365,4.365H39.844h2.635c2.411,0.0,4.365,-1.954,4.365,-4.365V51.307V33.307l-1.253,-1.253c-0.544,-0.544,-0.77,-1.279,-0.7,-1.747H13.831z"" style=""fill:#E7ECED;"">
 </path>
 <rect height=""20"" style=""fill:#FFFFFF;"" width=""25"" x=""16.844"" y=""5.307"">
 </rect>
 <g>
  <path d=""M27.554,52.017c0.18,-0.19,0.29,-0.44,0.29,-0.71c0.0,-0.26,-0.11,-0.521,-0.29,-0.71c-0.37,-0.37,-1.04,-0.37,-1.42,0.0c-0.18,0.189,-0.29,0.45,-0.29,0.71s0.11,0.52,0.29,0.71C26.324,52.197,26.584,52.307,26.844,52.307C27.114,52.307,27.364,52.197,27.554,52.017z"" style=""fill:#CBD4D8;"">
  </path>
  <path d=""M30.554,50.597c-0.38,-0.37,-1.05,-0.37,-1.42,0.0c-0.18,0.189,-0.29,0.45,-0.29,0.71c0.0,0.27,0.11,0.52,0.29,0.71C29.324,52.197,29.574,52.307,29.844,52.307c0.26,0.0,0.52,-0.11,0.71,-0.29c0.18,-0.19,0.29,-0.45,0.29,-0.71S30.733,50.786,30.554,50.597z"" style=""fill:#CBD4D8;"">
  </path>
  <path d=""M33.554,50.597c-0.38,-0.37,-1.04,-0.37,-1.42,0.0c-0.18,0.189,-0.29,0.45,-0.29,0.71s0.11,0.52,0.29,0.71C32.324,52.197,32.584,52.307,32.844,52.307c0.26,0.0,0.52,-0.11,0.71,-0.29c0.18,-0.19,0.29,-0.45,0.29,-0.71S33.733,50.786,33.554,50.597z"" style=""fill:#CBD4D8;"">
  </path>
  <path d=""M31.134,53.597c-0.19,0.189,-0.29,0.439,-0.29,0.71c0.0,0.27,0.11,0.52,0.29,0.71C31.324,55.197,31.584,55.307,31.844,55.307c0.27,0.0,0.52,-0.11,0.71,-0.29c0.18,-0.19,0.29,-0.44,0.29,-0.71c0.0,-0.271,-0.1,-0.521,-0.29,-0.71C32.184,53.227,31.504,53.227,31.134,53.597z"" style=""fill:#CBD4D8;"">
  </path>
  <path d=""M27.134,53.597c-0.18,0.189,-0.29,0.45,-0.29,0.71s0.11,0.52,0.29,0.71C27.324,55.197,27.584,55.307,27.844,55.307c0.26,0.0,0.52,-0.11,0.71,-0.29c0.18,-0.19,0.29,-0.45,0.29,-0.71s-0.11,-0.521,-0.29,-0.71C28.173,53.227,27.514,53.227,27.134,53.597z"" style=""fill:#CBD4D8;"">
  </path>
  <path d=""M31.844,49.307c0.26,0.0,0.52,-0.11,0.71,-0.29c0.18,-0.19,0.29,-0.45,0.29,-0.71s-0.11,-0.521,-0.29,-0.71c-0.38,-0.37,-1.05,-0.37,-1.42,0.0c-0.18,0.189,-0.29,0.45,-0.29,0.71c0.0,0.27,0.11,0.52,0.29,0.71C31.324,49.197,31.574,49.307,31.844,49.307z"" style=""fill:#CBD4D8;"">
  </path>
  <path d=""M27.844,49.307c0.27,0.0,0.52,-0.11,0.71,-0.29c0.18,-0.19,0.29,-0.44,0.29,-0.71c0.0,-0.26,-0.11,-0.521,-0.29,-0.71c-0.37,-0.37,-1.04,-0.37,-1.42,0.0c-0.18,0.189,-0.29,0.45,-0.29,0.71s0.11,0.52,0.29,0.71C27.324,49.197,27.584,49.307,27.844,49.307z"" style=""fill:#CBD4D8;"">
  </path>
 </g>
 <path d=""M30.844,35.307h-3.0c-0.552,0.0,-1.0,-0.447,-1.0,-1.0s0.448,-1.0,1.0,-1.0h3.0c0.552,0.0,1.0,0.447,1.0,1.0S31.396,35.307,30.844,35.307z"" style=""fill:#CBD4D8;"">
 </path>
 <g>
  <path d=""M20.844,14.307c0.256,0.0,0.512,-0.098,0.707,-0.293l4.0,-4.0c0.391,-0.391,0.391,-1.023,0.0,-1.414s-1.023,-0.391,-1.414,0.0l-4.0,4.0c-0.391,0.391,-0.391,1.023,0.0,1.414C20.332,14.209,20.588,14.307,20.844,14.307z"" style=""fill:#CBD4D8;"">
  </path>
  <path d=""M22.137,15.6l-2.0,2.0c-0.391,0.391,-0.391,1.023,0.0,1.414C20.332,19.209,20.588,19.307,20.844,19.307s0.512,-0.098,0.707,-0.293l2.0,-2.0c0.391,-0.391,0.391,-1.023,0.0,-1.414S22.527,15.209,22.137,15.6z"" style=""fill:#CBD4D8;"">
  </path>
  <path d=""M24.134,13.597c-0.18,0.189,-0.29,0.439,-0.29,0.71c0.0,0.26,0.11,0.52,0.29,0.71C24.324,15.197,24.584,15.307,24.844,15.307c0.26,0.0,0.52,-0.11,0.71,-0.29c0.18,-0.19,0.29,-0.45,0.29,-0.71s-0.11,-0.521,-0.29,-0.71C25.184,13.227,24.504,13.227,24.134,13.597z"" style=""fill:#CBD4D8;"">
  </path>
  <path d=""M30.551,8.6c-0.391,-0.391,-1.023,-0.391,-1.414,0.0l-3.0,3.0c-0.391,0.391,-0.391,1.023,0.0,1.414C26.332,13.209,26.588,13.307,26.844,13.307s0.512,-0.098,0.707,-0.293l3.0,-3.0C30.942,9.623,30.942,8.991,30.551,8.6z"" style=""fill:#CBD4D8;"">
  </path>
 </g>
 <path d=""M26.129,39.307H22.844v-3.286C22.844,35.627,22.524,35.307,22.129,35.307h-2.571c-0.395,0.0,-0.714,0.32,-0.714,0.714V39.307h-3.286c-0.395,0.0,-0.714,0.32,-0.714,0.714v2.571C14.844,42.987,15.164,43.307,15.558,43.307H18.844v3.286C18.844,46.987,19.164,47.307,19.558,47.307h2.571c0.395,0.0,0.714,-0.32,0.714,-0.714V43.307h3.286c0.395,0.0,0.714,-0.32,0.714,-0.714v-2.571C26.844,39.627,26.524,39.307,26.129,39.307z"" style=""fill:#AFB6BB;"">
 </path>
 <circle cx=""41.344"" cy=""36.807"" r=""2.5"" style=""fill:#AFB6BB;"">
 </circle>
 <circle cx=""35.344"" cy=""42.807"" r=""2.5"" style=""fill:#AFB6BB;"">
 </circle>
</svg>


Question: What shape is the screen of the object?",Circle,Triangle,Rectangle,Hexagon,C,entertainment
17,"Examine the following SVG code carefully and answer the question based on your interpretation of the rendered image.

<svg id=""Capa_1"" style=""enable-background:new 0 0 58 58;"" version=""1.1"" viewbox=""0 0 58 58"" x=""0px"" xml:space=""preserve"" y=""0px"">
 <path d=""M46.844,4.038C46.844,1.978,45.174,0.307,43.113,0.307H15.575C13.514,0.307,11.844,1.978,11.844,4.038V27.307l1.311,1.311c0.933,0.933,0.933,2.446,0.0,3.379L11.844,33.307v20.635c0.0,2.411,1.954,4.365,4.365,4.365H39.844h2.635c2.411,0.0,4.365,-1.954,4.365,-4.365V51.307V33.307l-1.253,-1.253c-0.965,-0.965,-0.965,-2.529,0.0,-3.493L46.844,27.307V4.038z"" style=""fill:#CBD4D8;"">
 </path>
 <path d=""M13.831,30.307c0.07,0.447,-0.148,1.161,-0.677,1.689L11.844,33.307v20.635c0.0,2.411,1.954,4.365,4.365,4.365H39.844h2.635c2.411,0.0,4.365,-1.954,4.365,-4.365V51.307V33.307l-1.253,-1.253c-0.544,-0.544,-0.77,-1.279,-0.7,-1.747H13.831z"" style=""fill:#E7ECED;"">
 </path>
 <rect height=""20"" style=""fill:#FFFFFF;"" width=""25"" x=""16.844"" y=""5.307"">
 </rect>
 <g>
  <path d=""M27.554,52.017c0.18,-0.19,0.29,-0.44,0.29,-0.71c0.0,-0.26,-0.11,-0.521,-0.29,-0.71c-0.37,-0.37,-1.04,-0.37,-1.42,0.0c-0.18,0.189,-0.29,0.45,-0.29,0.71s0.11,0.52,0.29,0.71C26.324,52.197,26.584,52.307,26.844,52.307C27.114,52.307,27.364,52.197,27.554,52.017z"" style=""fill:#CBD4D8;"">
  </path>
  <path d=""M30.554,50.597c-0.38,-0.37,-1.05,-0.37,-1.42,0.0c-0.18,0.189,-0.29,0.45,-0.29,0.71c0.0,0.27,0.11,0.52,0.29,0.71C29.324,52.197,29.574,52.307,29.844,52.307c0.26,0.0,0.52,-0.11,0.71,-0.29c0.18,-0.19,0.29,-0.45,0.29,-0.71S30.733,50.786,30.554,50.597z"" style=""fill:#CBD4D8;"">
  </path>
  <path d=""M33.554,50.597c-0.38,-0.37,-1.04,-0.37,-1.42,0.0c-0.18,0.189,-0.29,0.45,-0.29,0.71s0.11,0.52,0.29,0.71C32.324,52.197,32.584,52.307,32.844,52.307c0.26,0.0,0.52,-0.11,0.71,-0.29c0.18,-0.19,0.29,-0.45,0.29,-0.71S33.733,50.786,33.554,50.597z"" style=""fill:#CBD4D8;"">
  </path>
  <path d=""M31.134,53.597c-0.19,0.189,-0.29,0.439,-0.29,0.71c0.0,0.27,0.11,0.52,0.29,0.71C31.324,55.197,31.584,55.307,31.844,55.307c0.27,0.0,0.52,-0.11,0.71,-0.29c0.18,-0.19,0.29,-0.44,0.29,-0.71c0.0,-0.271,-0.1,-0.521,-0.29,-0.71C32.184,53.227,31.504,53.227,31.134,53.597z"" style=""fill:#CBD4D8;"">
  </path>
  <path d=""M27.134,53.597c-0.18,0.189,-0.29,0.45,-0.29,0.71s0.11,0.52,0.29,0.71C27.324,55.197,27.584,55.307,27.844,55.307c0.26,0.0,0.52,-0.11,0.71,-0.29c0.18,-0.19,0.29,-0.45,0.29,-0.71s-0.11,-0.521,-0.29,-0.71C28.173,53.227,27.514,53.227,27.134,53.597z"" style=""fill:#CBD4D8;"">
  </path>
  <path d=""M31.844,49.307c0.26,0.0,0.52,-0.11,0.71,-0.29c0.18,-0.19,0.29,-0.45,0.29,-0.71s-0.11,-0.521,-0.29,-0.71c-0.38,-0.37,-1.05,-0.37,-1.42,0.0c-0.18,0.189,-0.29,0.45,-0.29,0.71c0.0,0.27,0.11,0.52,0.29,0.71C31.324,49.197,31.574,49.307,31.844,49.307z"" style=""fill:#CBD4D8;"">
  </path>
  <path d=""M27.844,49.307c0.27,0.0,0.52,-0.11,0.71,-0.29c0.18,-0.19,0.29,-0.44,0.29,-0.71c0.0,-0.26,-0.11,-0.521,-0.29,-0.71c-0.37,-0.37,-1.04,-0.37,-1.42,0.0c-0.18,0.189,-0.29,0.45,-0.29,0.71s0.11,0.52,0.29,0.71C27.324,49.197,27.584,49.307,27.844,49.307z"" style=""fill:#CBD4D8;"">
  </path>
 </g>
 <path d=""M30.844,35.307h-3.0c-0.552,0.0,-1.0,-0.447,-1.0,-1.0s0.448,-1.0,1.0,-1.0h3.0c0.552,0.0,1.0,0.447,1.0,1.0S31.396,35.307,30.844,35.307z"" style=""fill:#CBD4D8;"">
 </path>
 <g>
  <path d=""M20.844,14.307c0.256,0.0,0.512,-0.098,0.707,-0.293l4.0,-4.0c0.391,-0.391,0.391,-1.023,0.0,-1.414s-1.023,-0.391,-1.414,0.0l-4.0,4.0c-0.391,0.391,-0.391,1.023,0.0,1.414C20.332,14.209,20.588,14.307,20.844,14.307z"" style=""fill:#CBD4D8;"">
  </path>
  <path d=""M22.137,15.6l-2.0,2.0c-0.391,0.391,-0.391,1.023,0.0,1.414C20.332,19.209,20.588,19.307,20.844,19.307s0.512,-0.098,0.707,-0.293l2.0,-2.0c0.391,-0.391,0.391,-1.023,0.0,-1.414S22.527,15.209,22.137,15.6z"" style=""fill:#CBD4D8;"">
  </path>
  <path d=""M24.134,13.597c-0.18,0.189,-0.29,0.439,-0.29,0.71c0.0,0.26,0.11,0.52,0.29,0.71C24.324,15.197,24.584,15.307,24.844,15.307c0.26,0.0,0.52,-0.11,0.71,-0.29c0.18,-0.19,0.29,-0.45,0.29,-0.71s-0.11,-0.521,-0.29,-0.71C25.184,13.227,24.504,13.227,24.134,13.597z"" style=""fill:#CBD4D8;"">
  </path>
  <path d=""M30.551,8.6c-0.391,-0.391,-1.023,-0.391,-1.414,0.0l-3.0,3.0c-0.391,0.391,-0.391,1.023,0.0,1.414C26.332,13.209,26.588,13.307,26.844,13.307s0.512,-0.098,0.707,-0.293l3.0,-3.0C30.942,9.623,30.942,8.991,30.551,8.6z"" style=""fill:#CBD4D8;"">
  </path>
 </g>
 <path d=""M26.129,39.307H22.844v-3.286C22.844,35.627,22.524,35.307,22.129,35.307h-2.571c-0.395,0.0,-0.714,0.32,-0.714,0.714V39.307h-3.286c-0.395,0.0,-0.714,0.32,-0.714,0.714v2.571C14.844,42.987,15.164,43.307,15.558,43.307H18.844v3.286C18.844,46.987,19.164,47.307,19.558,47.307h2.571c0.395,0.0,0.714,-0.32,0.714,-0.714V43.307h3.286c0.395,0.0,0.714,-0.32,0.714,-0.714v-2.571C26.844,39.627,26.524,39.307,26.129,39.307z"" style=""fill:#AFB6BB;"">
 </path>
 <circle cx=""41.344"" cy=""36.807"" r=""2.5"" style=""fill:#AFB6BB;"">
 </circle>
 <circle cx=""35.344"" cy=""42.807"" r=""2.5"" style=""fill:#AFB6BB;"">
 </circle>
</svg>


Question: How many buttons are there on the right side of the object?",One,Two,Three,Four,B,entertainment
18,"Examine the following SVG code carefully and answer the question based on your interpretation of the rendered image.

<svg id=""Capa_1"" style=""enable-background:new 0 0 58 58;"" version=""1.1"" viewbox=""0 0 58 58"" x=""0px"" xml:space=""preserve"" y=""0px"">
 <path d=""M46.844,4.038C46.844,1.978,45.174,0.307,43.113,0.307H15.575C13.514,0.307,11.844,1.978,11.844,4.038V27.307l1.311,1.311c0.933,0.933,0.933,2.446,0.0,3.379L11.844,33.307v20.635c0.0,2.411,1.954,4.365,4.365,4.365H39.844h2.635c2.411,0.0,4.365,-1.954,4.365,-4.365V51.307V33.307l-1.253,-1.253c-0.965,-0.965,-0.965,-2.529,0.0,-3.493L46.844,27.307V4.038z"" style=""fill:#CBD4D8;"">
 </path>
 <path d=""M13.831,30.307c0.07,0.447,-0.148,1.161,-0.677,1.689L11.844,33.307v20.635c0.0,2.411,1.954,4.365,4.365,4.365H39.844h2.635c2.411,0.0,4.365,-1.954,4.365,-4.365V51.307V33.307l-1.253,-1.253c-0.544,-0.544,-0.77,-1.279,-0.7,-1.747H13.831z"" style=""fill:#E7ECED;"">
 </path>
 <rect height=""20"" style=""fill:#FFFFFF;"" width=""25"" x=""16.844"" y=""5.307"">
 </rect>
 <g>
  <path d=""M27.554,52.017c0.18,-0.19,0.29,-0.44,0.29,-0.71c0.0,-0.26,-0.11,-0.521,-0.29,-0.71c-0.37,-0.37,-1.04,-0.37,-1.42,0.0c-0.18,0.189,-0.29,0.45,-0.29,0.71s0.11,0.52,0.29,0.71C26.324,52.197,26.584,52.307,26.844,52.307C27.114,52.307,27.364,52.197,27.554,52.017z"" style=""fill:#CBD4D8;"">
  </path>
  <path d=""M30.554,50.597c-0.38,-0.37,-1.05,-0.37,-1.42,0.0c-0.18,0.189,-0.29,0.45,-0.29,0.71c0.0,0.27,0.11,0.52,0.29,0.71C29.324,52.197,29.574,52.307,29.844,52.307c0.26,0.0,0.52,-0.11,0.71,-0.29c0.18,-0.19,0.29,-0.45,0.29,-0.71S30.733,50.786,30.554,50.597z"" style=""fill:#CBD4D8;"">
  </path>
  <path d=""M33.554,50.597c-0.38,-0.37,-1.04,-0.37,-1.42,0.0c-0.18,0.189,-0.29,0.45,-0.29,0.71s0.11,0.52,0.29,0.71C32.324,52.197,32.584,52.307,32.844,52.307c0.26,0.0,0.52,-0.11,0.71,-0.29c0.18,-0.19,0.29,-0.45,0.29,-0.71S33.733,50.786,33.554,50.597z"" style=""fill:#CBD4D8;"">
  </path>
  <path d=""M31.134,53.597c-0.19,0.189,-0.29,0.439,-0.29,0.71c0.0,0.27,0.11,0.52,0.29,0.71C31.324,55.197,31.584,55.307,31.844,55.307c0.27,0.0,0.52,-0.11,0.71,-0.29c0.18,-0.19,0.29,-0.44,0.29,-0.71c0.0,-0.271,-0.1,-0.521,-0.29,-0.71C32.184,53.227,31.504,53.227,31.134,53.597z"" style=""fill:#CBD4D8;"">
  </path>
  <path d=""M27.134,53.597c-0.18,0.189,-0.29,0.45,-0.29,0.71s0.11,0.52,0.29,0.71C27.324,55.197,27.584,55.307,27.844,55.307c0.26,0.0,0.52,-0.11,0.71,-0.29c0.18,-0.19,0.29,-0.45,0.29,-0.71s-0.11,-0.521,-0.29,-0.71C28.173,53.227,27.514,53.227,27.134,53.597z"" style=""fill:#CBD4D8;"">
  </path>
  <path d=""M31.844,49.307c0.26,0.0,0.52,-0.11,0.71,-0.29c0.18,-0.19,0.29,-0.45,0.29,-0.71s-0.11,-0.521,-0.29,-0.71c-0.38,-0.37,-1.05,-0.37,-1.42,0.0c-0.18,0.189,-0.29,0.45,-0.29,0.71c0.0,0.27,0.11,0.52,0.29,0.71C31.324,49.197,31.574,49.307,31.844,49.307z"" style=""fill:#CBD4D8;"">
  </path>
  <path d=""M27.844,49.307c0.27,0.0,0.52,-0.11,0.71,-0.29c0.18,-0.19,0.29,-0.44,0.29,-0.71c0.0,-0.26,-0.11,-0.521,-0.29,-0.71c-0.37,-0.37,-1.04,-0.37,-1.42,0.0c-0.18,0.189,-0.29,0.45,-0.29,0.71s0.11,0.52,0.29,0.71C27.324,49.197,27.584,49.307,27.844,49.307z"" style=""fill:#CBD4D8;"">
  </path>
 </g>
 <path d=""M30.844,35.307h-3.0c-0.552,0.0,-1.0,-0.447,-1.0,-1.0s0.448,-1.0,1.0,-1.0h3.0c0.552,0.0,1.0,0.447,1.0,1.0S31.396,35.307,30.844,35.307z"" style=""fill:#CBD4D8;"">
 </path>
 <g>
  <path d=""M20.844,14.307c0.256,0.0,0.512,-0.098,0.707,-0.293l4.0,-4.0c0.391,-0.391,0.391,-1.023,0.0,-1.414s-1.023,-0.391,-1.414,0.0l-4.0,4.0c-0.391,0.391,-0.391,1.023,0.0,1.414C20.332,14.209,20.588,14.307,20.844,14.307z"" style=""fill:#CBD4D8;"">
  </path>
  <path d=""M22.137,15.6l-2.0,2.0c-0.391,0.391,-0.391,1.023,0.0,1.414C20.332,19.209,20.588,19.307,20.844,19.307s0.512,-0.098,0.707,-0.293l2.0,-2.0c0.391,-0.391,0.391,-1.023,0.0,-1.414S22.527,15.209,22.137,15.6z"" style=""fill:#CBD4D8;"">
  </path>
  <path d=""M24.134,13.597c-0.18,0.189,-0.29,0.439,-0.29,0.71c0.0,0.26,0.11,0.52,0.29,0.71C24.324,15.197,24.584,15.307,24.844,15.307c0.26,0.0,0.52,-0.11,0.71,-0.29c0.18,-0.19,0.29,-0.45,0.29,-0.71s-0.11,-0.521,-0.29,-0.71C25.184,13.227,24.504,13.227,24.134,13.597z"" style=""fill:#CBD4D8;"">
  </path>
  <path d=""M30.551,8.6c-0.391,-0.391,-1.023,-0.391,-1.414,0.0l-3.0,3.0c-0.391,0.391,-0.391,1.023,0.0,1.414C26.332,13.209,26.588,13.307,26.844,13.307s0.512,-0.098,0.707,-0.293l3.0,-3.0C30.942,9.623,30.942,8.991,30.551,8.6z"" style=""fill:#CBD4D8;"">
  </path>
 </g>
 <path d=""M26.129,39.307H22.844v-3.286C22.844,35.627,22.524,35.307,22.129,35.307h-2.571c-0.395,0.0,-0.714,0.32,-0.714,0.714V39.307h-3.286c-0.395,0.0,-0.714,0.32,-0.714,0.714v2.571C14.844,42.987,15.164,43.307,15.558,43.307H18.844v3.286C18.844,46.987,19.164,47.307,19.558,47.307h2.571c0.395,0.0,0.714,-0.32,0.714,-0.714V43.307h3.286c0.395,0.0,0.714,-0.32,0.714,-0.714v-2.571C26.844,39.627,26.524,39.307,26.129,39.307z"" style=""fill:#AFB6BB;"">
 </path>
 <circle cx=""41.344"" cy=""36.807"" r=""2.5"" style=""fill:#AFB6BB;"">
 </circle>
 <circle cx=""35.344"" cy=""42.807"" r=""2.5"" style=""fill:#AFB6BB;"">
 </circle>
</svg>


Question: What is the shape of the directional pad on the left side of the object?",Circle,Square,Cross,Triangle,C,entertainment
19,"Examine the following SVG code carefully and answer the question based on your interpretation of the rendered image.

<svg id=""Capa_1"" style=""enable-background:new 0 0 58 58;"" version=""1.1"" viewbox=""0 0 58 58"" x=""0px"" xml:space=""preserve"" y=""0px"">
 <path d=""M46.844,4.038C46.844,1.978,45.174,0.307,43.113,0.307H15.575C13.514,0.307,11.844,1.978,11.844,4.038V27.307l1.311,1.311c0.933,0.933,0.933,2.446,0.0,3.379L11.844,33.307v20.635c0.0,2.411,1.954,4.365,4.365,4.365H39.844h2.635c2.411,0.0,4.365,-1.954,4.365,-4.365V51.307V33.307l-1.253,-1.253c-0.965,-0.965,-0.965,-2.529,0.0,-3.493L46.844,27.307V4.038z"" style=""fill:#CBD4D8;"">
 </path>
 <path d=""M13.831,30.307c0.07,0.447,-0.148,1.161,-0.677,1.689L11.844,33.307v20.635c0.0,2.411,1.954,4.365,4.365,4.365H39.844h2.635c2.411,0.0,4.365,-1.954,4.365,-4.365V51.307V33.307l-1.253,-1.253c-0.544,-0.544,-0.77,-1.279,-0.7,-1.747H13.831z"" style=""fill:#E7ECED;"">
 </path>
 <rect height=""20"" style=""fill:#FFFFFF;"" width=""25"" x=""16.844"" y=""5.307"">
 </rect>
 <g>
  <path d=""M27.554,52.017c0.18,-0.19,0.29,-0.44,0.29,-0.71c0.0,-0.26,-0.11,-0.521,-0.29,-0.71c-0.37,-0.37,-1.04,-0.37,-1.42,0.0c-0.18,0.189,-0.29,0.45,-0.29,0.71s0.11,0.52,0.29,0.71C26.324,52.197,26.584,52.307,26.844,52.307C27.114,52.307,27.364,52.197,27.554,52.017z"" style=""fill:#CBD4D8;"">
  </path>
  <path d=""M30.554,50.597c-0.38,-0.37,-1.05,-0.37,-1.42,0.0c-0.18,0.189,-0.29,0.45,-0.29,0.71c0.0,0.27,0.11,0.52,0.29,0.71C29.324,52.197,29.574,52.307,29.844,52.307c0.26,0.0,0.52,-0.11,0.71,-0.29c0.18,-0.19,0.29,-0.45,0.29,-0.71S30.733,50.786,30.554,50.597z"" style=""fill:#CBD4D8;"">
  </path>
  <path d=""M33.554,50.597c-0.38,-0.37,-1.04,-0.37,-1.42,0.0c-0.18,0.189,-0.29,0.45,-0.29,0.71s0.11,0.52,0.29,0.71C32.324,52.197,32.584,52.307,32.844,52.307c0.26,0.0,0.52,-0.11,0.71,-0.29c0.18,-0.19,0.29,-0.45,0.29,-0.71S33.733,50.786,33.554,50.597z"" style=""fill:#CBD4D8;"">
  </path>
  <path d=""M31.134,53.597c-0.19,0.189,-0.29,0.439,-0.29,0.71c0.0,0.27,0.11,0.52,0.29,0.71C31.324,55.197,31.584,55.307,31.844,55.307c0.27,0.0,0.52,-0.11,0.71,-0.29c0.18,-0.19,0.29,-0.44,0.29,-0.71c0.0,-0.271,-0.1,-0.521,-0.29,-0.71C32.184,53.227,31.504,53.227,31.134,53.597z"" style=""fill:#CBD4D8;"">
  </path>
  <path d=""M27.134,53.597c-0.18,0.189,-0.29,0.45,-0.29,0.71s0.11,0.52,0.29,0.71C27.324,55.197,27.584,55.307,27.844,55.307c0.26,0.0,0.52,-0.11,0.71,-0.29c0.18,-0.19,0.29,-0.45,0.29,-0.71s-0.11,-0.521,-0.29,-0.71C28.173,53.227,27.514,53.227,27.134,53.597z"" style=""fill:#CBD4D8;"">
  </path>
  <path d=""M31.844,49.307c0.26,0.0,0.52,-0.11,0.71,-0.29c0.18,-0.19,0.29,-0.45,0.29,-0.71s-0.11,-0.521,-0.29,-0.71c-0.38,-0.37,-1.05,-0.37,-1.42,0.0c-0.18,0.189,-0.29,0.45,-0.29,0.71c0.0,0.27,0.11,0.52,0.29,0.71C31.324,49.197,31.574,49.307,31.844,49.307z"" style=""fill:#CBD4D8;"">
  </path>
  <path d=""M27.844,49.307c0.27,0.0,0.52,-0.11,0.71,-0.29c0.18,-0.19,0.29,-0.44,0.29,-0.71c0.0,-0.26,-0.11,-0.521,-0.29,-0.71c-0.37,-0.37,-1.04,-0.37,-1.42,0.0c-0.18,0.189,-0.29,0.45,-0.29,0.71s0.11,0.52,0.29,0.71C27.324,49.197,27.584,49.307,27.844,49.307z"" style=""fill:#CBD4D8;"">
  </path>
 </g>
 <path d=""M30.844,35.307h-3.0c-0.552,0.0,-1.0,-0.447,-1.0,-1.0s0.448,-1.0,1.0,-1.0h3.0c0.552,0.0,1.0,0.447,1.0,1.0S31.396,35.307,30.844,35.307z"" style=""fill:#CBD4D8;"">
 </path>
 <g>
  <path d=""M20.844,14.307c0.256,0.0,0.512,-0.098,0.707,-0.293l4.0,-4.0c0.391,-0.391,0.391,-1.023,0.0,-1.414s-1.023,-0.391,-1.414,0.0l-4.0,4.0c-0.391,0.391,-0.391,1.023,0.0,1.414C20.332,14.209,20.588,14.307,20.844,14.307z"" style=""fill:#CBD4D8;"">
  </path>
  <path d=""M22.137,15.6l-2.0,2.0c-0.391,0.391,-0.391,1.023,0.0,1.414C20.332,19.209,20.588,19.307,20.844,19.307s0.512,-0.098,0.707,-0.293l2.0,-2.0c0.391,-0.391,0.391,-1.023,0.0,-1.414S22.527,15.209,22.137,15.6z"" style=""fill:#CBD4D8;"">
  </path>
  <path d=""M24.134,13.597c-0.18,0.189,-0.29,0.439,-0.29,0.71c0.0,0.26,0.11,0.52,0.29,0.71C24.324,15.197,24.584,15.307,24.844,15.307c0.26,0.0,0.52,-0.11,0.71,-0.29c0.18,-0.19,0.29,-0.45,0.29,-0.71s-0.11,-0.521,-0.29,-0.71C25.184,13.227,24.504,13.227,24.134,13.597z"" style=""fill:#CBD4D8;"">
  </path>
  <path d=""M30.551,8.6c-0.391,-0.391,-1.023,-0.391,-1.414,0.0l-3.0,3.0c-0.391,0.391,-0.391,1.023,0.0,1.414C26.332,13.209,26.588,13.307,26.844,13.307s0.512,-0.098,0.707,-0.293l3.0,-3.0C30.942,9.623,30.942,8.991,30.551,8.6z"" style=""fill:#CBD4D8;"">
  </path>
 </g>
 <path d=""M26.129,39.307H22.844v-3.286C22.844,35.627,22.524,35.307,22.129,35.307h-2.571c-0.395,0.0,-0.714,0.32,-0.714,0.714V39.307h-3.286c-0.395,0.0,-0.714,0.32,-0.714,0.714v2.571C14.844,42.987,15.164,43.307,15.558,43.307H18.844v3.286C18.844,46.987,19.164,47.307,19.558,47.307h2.571c0.395,0.0,0.714,-0.32,0.714,-0.714V43.307h3.286c0.395,0.0,0.714,-0.32,0.714,-0.714v-2.571C26.844,39.627,26.524,39.307,26.129,39.307z"" style=""fill:#AFB6BB;"">
 </path>
 <circle cx=""41.344"" cy=""36.807"" r=""2.5"" style=""fill:#AFB6BB;"">
 </circle>
 <circle cx=""35.344"" cy=""42.807"" r=""2.5"" style=""fill:#AFB6BB;"">
 </circle>
</svg>


Question: What is the object in the image?",Calculator,Phone,Control,Console,D,entertainment
20,"Examine the following SVG code carefully and answer the question based on your interpretation of the rendered image.

<svg id=""Layer_1"" style=""enable-background:new 0 0 512 512;"" version=""1.1"" viewbox=""0 0 512 512"" x=""0px"" xml:space=""preserve"" y=""0px"">
 <path d=""M414.811,70.093v55.652h-89.043V70.093c0.0,-12.295,9.966,-22.261,22.261,-22.261h44.522C404.845,47.832,414.811,57.798,414.811,70.093zM169.941,47.832h-44.522c-12.295,0.0,-22.261,9.966,-22.261,22.261v55.652h89.043V70.093C192.202,57.798,182.236,47.832,169.941,47.832z"" style=""fill:#9B9B9B;"">
 </path>
 <path d=""M103.159,70.093h89.043v33.391h-89.043V70.093zM325.768,70.093v33.391h89.043V70.093H325.768z"" style=""fill:#666666;"">
 </path>
 <path d=""M164.431,415.989l-22.59,26.817c-14.946,17.742,-36.966,27.983,-60.17,27.983l0.0,0.0c-49.253,0.0,-86.391,-44.733,-77.314,-93.125l41.483,-221.166c6.977,-37.192,39.462,-64.144,77.314,-64.144H394.815c37.853,0.0,70.339,26.951,77.314,64.142l41.483,221.166c9.078,48.393,-28.06,93.126,-77.313,93.126l0.0,0.0c-23.204,0.0,-45.223,-10.241,-60.169,-27.983l-22.59,-26.817c-14.946,-17.742,-36.966,-27.983,-60.169,-27.983h-68.771C201.396,388.006,179.377,398.247,164.431,415.989z"" style=""fill:#C1C1C1;"">
 </path>
 <g>
  <path d=""M513.614,377.663c9.077,48.392,-28.061,93.125,-77.314,93.125l0.0,0.0c-23.204,0.0,-45.223,-10.241,-60.169,-27.983l-22.59,-26.817c-14.946,-17.742,-36.966,-27.983,-60.169,-27.983h-68.771c-23.204,0.0,-45.223,10.241,-60.169,27.983l-22.59,26.817c-14.948,17.742,-36.968,27.983,-60.171,27.983l0.0,0.0c-49.253,0.0,-86.391,-44.733,-77.314,-93.125l13.668,-72.873c14.176,19.489,37.157,32.433,63.646,32.433l0.0,0.0c23.204,0.0,45.223,-10.241,60.169,-27.983l22.59,-26.817c14.946,-17.742,36.966,-27.983,60.169,-27.983h68.77c23.204,0.0,45.223,10.241,60.169,27.983l22.59,26.817c14.948,17.742,36.968,27.983,60.171,27.983l0.0,0.0c26.49,0.0,49.47,-12.944,63.646,-32.433L513.614,377.663z"" style=""fill:#9B9B9B;"">
  </path>
  <path d=""M275.681,170.266h-33.391c-9.22,0.0,-16.696,-7.475,-16.696,-16.696l0.0,0.0c0.0,-9.22,7.475,-16.696,16.696,-16.696h33.391c9.22,0.0,16.696,7.475,16.696,16.696l0.0,0.0C292.376,162.791,284.901,170.266,275.681,170.266z"" style=""fill:#9B9B9B;"">
  </path>
 </g>
 <path d=""M169.941,203.658v111.304c0.0,12.295,-9.966,22.261,-22.261,22.261c-12.295,0.0,-22.261,-9.966,-22.261,-22.261V203.658c0.0,-12.295,9.966,-22.261,22.261,-22.261C159.975,181.397,169.941,191.363,169.941,203.658zM292.376,281.571c0.0,12.295,9.966,22.261,22.261,22.261c12.295,0.0,22.261,-9.966,22.261,-22.261V259.31h-44.522V281.571zM403.681,259.31v22.261c0.0,12.295,9.966,22.261,22.261,22.261c12.295,0.0,22.261,-9.966,22.261,-22.261V259.31H403.681zM348.028,337.223c0.0,12.295,9.966,22.261,22.261,22.261c12.295,0.0,22.261,-9.966,22.261,-22.261v-22.261h-44.522V337.223zM348.028,225.919c0.0,12.295,9.966,22.261,22.261,22.261c12.295,0.0,22.261,-9.966,22.261,-22.261v-22.261h-44.522V225.919z"" style=""fill:#666666;"">
 </path>
 <path d=""M225.594,259.31L225.594,259.31c0.0,12.295,-9.966,22.261,-22.261,22.261H92.028c-12.295,0.0,-22.261,-9.966,-22.261,-22.261l0.0,0.0c0.0,-12.295,9.966,-22.261,22.261,-22.261h111.304C215.627,237.049,225.594,247.015,225.594,259.31z"" style=""fill:#828282;"">
 </path>
 <path d=""M370.289,181.397c12.295,0.0,22.261,9.966,22.261,22.261c0.0,12.295,-9.966,22.261,-22.261,22.261c-12.295,0.0,-22.261,-9.966,-22.261,-22.261C348.028,191.363,357.995,181.397,370.289,181.397z"" style=""fill:#FFE954;"">
 </path>
 <path d=""M370.289,292.701c12.295,0.0,22.261,9.966,22.261,22.261c0.0,12.295,-9.966,22.261,-22.261,22.261c-12.295,0.0,-22.261,-9.966,-22.261,-22.261C348.028,302.667,357.995,292.701,370.289,292.701z"" style=""fill:#91F18B;"">
 </path>
 <path d=""M292.376,259.31c0.0,-12.295,9.966,-22.261,22.261,-22.261c12.295,0.0,22.261,9.966,22.261,22.261s-9.966,22.261,-22.261,22.261C302.342,281.571,292.376,271.605,292.376,259.31z"" style=""fill:#82CEAD;"">
 </path>
 <path d=""M403.681,259.31c0.0,-12.295,9.966,-22.261,22.261,-22.261c12.295,0.0,22.261,9.966,22.261,22.261s-9.966,22.261,-22.261,22.261C413.647,281.571,403.681,271.605,403.681,259.31z"" style=""fill:#FF8355;"">
 </path>
</svg>


Question: How many buttons are on the right side of the object?",2,3,5,4,D,entertainment
21,"Examine the following SVG code carefully and answer the question based on your interpretation of the rendered image.

<svg id=""Layer_1"" style=""enable-background:new 0 0 512 512;"" version=""1.1"" viewbox=""0 0 512 512"" x=""0px"" xml:space=""preserve"" y=""0px"">
 <path d=""M414.811,70.093v55.652h-89.043V70.093c0.0,-12.295,9.966,-22.261,22.261,-22.261h44.522C404.845,47.832,414.811,57.798,414.811,70.093zM169.941,47.832h-44.522c-12.295,0.0,-22.261,9.966,-22.261,22.261v55.652h89.043V70.093C192.202,57.798,182.236,47.832,169.941,47.832z"" style=""fill:#9B9B9B;"">
 </path>
 <path d=""M103.159,70.093h89.043v33.391h-89.043V70.093zM325.768,70.093v33.391h89.043V70.093H325.768z"" style=""fill:#666666;"">
 </path>
 <path d=""M164.431,415.989l-22.59,26.817c-14.946,17.742,-36.966,27.983,-60.17,27.983l0.0,0.0c-49.253,0.0,-86.391,-44.733,-77.314,-93.125l41.483,-221.166c6.977,-37.192,39.462,-64.144,77.314,-64.144H394.815c37.853,0.0,70.339,26.951,77.314,64.142l41.483,221.166c9.078,48.393,-28.06,93.126,-77.313,93.126l0.0,0.0c-23.204,0.0,-45.223,-10.241,-60.169,-27.983l-22.59,-26.817c-14.946,-17.742,-36.966,-27.983,-60.169,-27.983h-68.771C201.396,388.006,179.377,398.247,164.431,415.989z"" style=""fill:#C1C1C1;"">
 </path>
 <g>
  <path d=""M513.614,377.663c9.077,48.392,-28.061,93.125,-77.314,93.125l0.0,0.0c-23.204,0.0,-45.223,-10.241,-60.169,-27.983l-22.59,-26.817c-14.946,-17.742,-36.966,-27.983,-60.169,-27.983h-68.771c-23.204,0.0,-45.223,10.241,-60.169,27.983l-22.59,26.817c-14.948,17.742,-36.968,27.983,-60.171,27.983l0.0,0.0c-49.253,0.0,-86.391,-44.733,-77.314,-93.125l13.668,-72.873c14.176,19.489,37.157,32.433,63.646,32.433l0.0,0.0c23.204,0.0,45.223,-10.241,60.169,-27.983l22.59,-26.817c14.946,-17.742,36.966,-27.983,60.169,-27.983h68.77c23.204,0.0,45.223,10.241,60.169,27.983l22.59,26.817c14.948,17.742,36.968,27.983,60.171,27.983l0.0,0.0c26.49,0.0,49.47,-12.944,63.646,-32.433L513.614,377.663z"" style=""fill:#9B9B9B;"">
  </path>
  <path d=""M275.681,170.266h-33.391c-9.22,0.0,-16.696,-7.475,-16.696,-16.696l0.0,0.0c0.0,-9.22,7.475,-16.696,16.696,-16.696h33.391c9.22,0.0,16.696,7.475,16.696,16.696l0.0,0.0C292.376,162.791,284.901,170.266,275.681,170.266z"" style=""fill:#9B9B9B;"">
  </path>
 </g>
 <path d=""M169.941,203.658v111.304c0.0,12.295,-9.966,22.261,-22.261,22.261c-12.295,0.0,-22.261,-9.966,-22.261,-22.261V203.658c0.0,-12.295,9.966,-22.261,22.261,-22.261C159.975,181.397,169.941,191.363,169.941,203.658zM292.376,281.571c0.0,12.295,9.966,22.261,22.261,22.261c12.295,0.0,22.261,-9.966,22.261,-22.261V259.31h-44.522V281.571zM403.681,259.31v22.261c0.0,12.295,9.966,22.261,22.261,22.261c12.295,0.0,22.261,-9.966,22.261,-22.261V259.31H403.681zM348.028,337.223c0.0,12.295,9.966,22.261,22.261,22.261c12.295,0.0,22.261,-9.966,22.261,-22.261v-22.261h-44.522V337.223zM348.028,225.919c0.0,12.295,9.966,22.261,22.261,22.261c12.295,0.0,22.261,-9.966,22.261,-22.261v-22.261h-44.522V225.919z"" style=""fill:#666666;"">
 </path>
 <path d=""M225.594,259.31L225.594,259.31c0.0,12.295,-9.966,22.261,-22.261,22.261H92.028c-12.295,0.0,-22.261,-9.966,-22.261,-22.261l0.0,0.0c0.0,-12.295,9.966,-22.261,22.261,-22.261h111.304C215.627,237.049,225.594,247.015,225.594,259.31z"" style=""fill:#828282;"">
 </path>
 <path d=""M370.289,181.397c12.295,0.0,22.261,9.966,22.261,22.261c0.0,12.295,-9.966,22.261,-22.261,22.261c-12.295,0.0,-22.261,-9.966,-22.261,-22.261C348.028,191.363,357.995,181.397,370.289,181.397z"" style=""fill:#FFE954;"">
 </path>
 <path d=""M370.289,292.701c12.295,0.0,22.261,9.966,22.261,22.261c0.0,12.295,-9.966,22.261,-22.261,22.261c-12.295,0.0,-22.261,-9.966,-22.261,-22.261C348.028,302.667,357.995,292.701,370.289,292.701z"" style=""fill:#91F18B;"">
 </path>
 <path d=""M292.376,259.31c0.0,-12.295,9.966,-22.261,22.261,-22.261c12.295,0.0,22.261,9.966,22.261,22.261s-9.966,22.261,-22.261,22.261C302.342,281.571,292.376,271.605,292.376,259.31z"" style=""fill:#82CEAD;"">
 </path>
 <path d=""M403.681,259.31c0.0,-12.295,9.966,-22.261,22.261,-22.261c12.295,0.0,22.261,9.966,22.261,22.261s-9.966,22.261,-22.261,22.261C413.647,281.571,403.681,271.605,403.681,259.31z"" style=""fill:#FF8355;"">
 </path>
</svg>


Question: What shape is the directional pad on the left side of the object?",Circle,Square,Triangle,Cross,D,entertainment
22,"Examine the following SVG code carefully and answer the question based on your interpretation of the rendered image.

<svg id=""Layer_1"" style=""enable-background:new 0 0 512 512;"" version=""1.1"" viewbox=""0 0 512 512"" x=""0px"" xml:space=""preserve"" y=""0px"">
 <path d=""M414.811,70.093v55.652h-89.043V70.093c0.0,-12.295,9.966,-22.261,22.261,-22.261h44.522C404.845,47.832,414.811,57.798,414.811,70.093zM169.941,47.832h-44.522c-12.295,0.0,-22.261,9.966,-22.261,22.261v55.652h89.043V70.093C192.202,57.798,182.236,47.832,169.941,47.832z"" style=""fill:#9B9B9B;"">
 </path>
 <path d=""M103.159,70.093h89.043v33.391h-89.043V70.093zM325.768,70.093v33.391h89.043V70.093H325.768z"" style=""fill:#666666;"">
 </path>
 <path d=""M164.431,415.989l-22.59,26.817c-14.946,17.742,-36.966,27.983,-60.17,27.983l0.0,0.0c-49.253,0.0,-86.391,-44.733,-77.314,-93.125l41.483,-221.166c6.977,-37.192,39.462,-64.144,77.314,-64.144H394.815c37.853,0.0,70.339,26.951,77.314,64.142l41.483,221.166c9.078,48.393,-28.06,93.126,-77.313,93.126l0.0,0.0c-23.204,0.0,-45.223,-10.241,-60.169,-27.983l-22.59,-26.817c-14.946,-17.742,-36.966,-27.983,-60.169,-27.983h-68.771C201.396,388.006,179.377,398.247,164.431,415.989z"" style=""fill:#C1C1C1;"">
 </path>
 <g>
  <path d=""M513.614,377.663c9.077,48.392,-28.061,93.125,-77.314,93.125l0.0,0.0c-23.204,0.0,-45.223,-10.241,-60.169,-27.983l-22.59,-26.817c-14.946,-17.742,-36.966,-27.983,-60.169,-27.983h-68.771c-23.204,0.0,-45.223,10.241,-60.169,27.983l-22.59,26.817c-14.948,17.742,-36.968,27.983,-60.171,27.983l0.0,0.0c-49.253,0.0,-86.391,-44.733,-77.314,-93.125l13.668,-72.873c14.176,19.489,37.157,32.433,63.646,32.433l0.0,0.0c23.204,0.0,45.223,-10.241,60.169,-27.983l22.59,-26.817c14.946,-17.742,36.966,-27.983,60.169,-27.983h68.77c23.204,0.0,45.223,10.241,60.169,27.983l22.59,26.817c14.948,17.742,36.968,27.983,60.171,27.983l0.0,0.0c26.49,0.0,49.47,-12.944,63.646,-32.433L513.614,377.663z"" style=""fill:#9B9B9B;"">
  </path>
  <path d=""M275.681,170.266h-33.391c-9.22,0.0,-16.696,-7.475,-16.696,-16.696l0.0,0.0c0.0,-9.22,7.475,-16.696,16.696,-16.696h33.391c9.22,0.0,16.696,7.475,16.696,16.696l0.0,0.0C292.376,162.791,284.901,170.266,275.681,170.266z"" style=""fill:#9B9B9B;"">
  </path>
 </g>
 <path d=""M169.941,203.658v111.304c0.0,12.295,-9.966,22.261,-22.261,22.261c-12.295,0.0,-22.261,-9.966,-22.261,-22.261V203.658c0.0,-12.295,9.966,-22.261,22.261,-22.261C159.975,181.397,169.941,191.363,169.941,203.658zM292.376,281.571c0.0,12.295,9.966,22.261,22.261,22.261c12.295,0.0,22.261,-9.966,22.261,-22.261V259.31h-44.522V281.571zM403.681,259.31v22.261c0.0,12.295,9.966,22.261,22.261,22.261c12.295,0.0,22.261,-9.966,22.261,-22.261V259.31H403.681zM348.028,337.223c0.0,12.295,9.966,22.261,22.261,22.261c12.295,0.0,22.261,-9.966,22.261,-22.261v-22.261h-44.522V337.223zM348.028,225.919c0.0,12.295,9.966,22.261,22.261,22.261c12.295,0.0,22.261,-9.966,22.261,-22.261v-22.261h-44.522V225.919z"" style=""fill:#666666;"">
 </path>
 <path d=""M225.594,259.31L225.594,259.31c0.0,12.295,-9.966,22.261,-22.261,22.261H92.028c-12.295,0.0,-22.261,-9.966,-22.261,-22.261l0.0,0.0c0.0,-12.295,9.966,-22.261,22.261,-22.261h111.304C215.627,237.049,225.594,247.015,225.594,259.31z"" style=""fill:#828282;"">
 </path>
 <path d=""M370.289,181.397c12.295,0.0,22.261,9.966,22.261,22.261c0.0,12.295,-9.966,22.261,-22.261,22.261c-12.295,0.0,-22.261,-9.966,-22.261,-22.261C348.028,191.363,357.995,181.397,370.289,181.397z"" style=""fill:#FFE954;"">
 </path>
 <path d=""M370.289,292.701c12.295,0.0,22.261,9.966,22.261,22.261c0.0,12.295,-9.966,22.261,-22.261,22.261c-12.295,0.0,-22.261,-9.966,-22.261,-22.261C348.028,302.667,357.995,292.701,370.289,292.701z"" style=""fill:#91F18B;"">
 </path>
 <path d=""M292.376,259.31c0.0,-12.295,9.966,-22.261,22.261,-22.261c12.295,0.0,22.261,9.966,22.261,22.261s-9.966,22.261,-22.261,22.261C302.342,281.571,292.376,271.605,292.376,259.31z"" style=""fill:#82CEAD;"">
 </path>
 <path d=""M403.681,259.31c0.0,-12.295,9.966,-22.261,22.261,-22.261c12.295,0.0,22.261,9.966,22.261,22.261s-9.966,22.261,-22.261,22.261C413.647,281.571,403.681,271.605,403.681,259.31z"" style=""fill:#FF8355;"">
 </path>
</svg>


Question: What color is the topmost button on the right side of the object?",Red,Yellow,Blue,Green,B,entertainment
23,"Examine the following SVG code carefully and answer the question based on your interpretation of the rendered image.

<svg id=""Layer_1"" style=""enable-background:new 0 0 512 512;"" version=""1.1"" viewbox=""0 0 512 512"" x=""0px"" xml:space=""preserve"" y=""0px"">
 <path d=""M414.811,70.093v55.652h-89.043V70.093c0.0,-12.295,9.966,-22.261,22.261,-22.261h44.522C404.845,47.832,414.811,57.798,414.811,70.093zM169.941,47.832h-44.522c-12.295,0.0,-22.261,9.966,-22.261,22.261v55.652h89.043V70.093C192.202,57.798,182.236,47.832,169.941,47.832z"" style=""fill:#9B9B9B;"">
 </path>
 <path d=""M103.159,70.093h89.043v33.391h-89.043V70.093zM325.768,70.093v33.391h89.043V70.093H325.768z"" style=""fill:#666666;"">
 </path>
 <path d=""M164.431,415.989l-22.59,26.817c-14.946,17.742,-36.966,27.983,-60.17,27.983l0.0,0.0c-49.253,0.0,-86.391,-44.733,-77.314,-93.125l41.483,-221.166c6.977,-37.192,39.462,-64.144,77.314,-64.144H394.815c37.853,0.0,70.339,26.951,77.314,64.142l41.483,221.166c9.078,48.393,-28.06,93.126,-77.313,93.126l0.0,0.0c-23.204,0.0,-45.223,-10.241,-60.169,-27.983l-22.59,-26.817c-14.946,-17.742,-36.966,-27.983,-60.169,-27.983h-68.771C201.396,388.006,179.377,398.247,164.431,415.989z"" style=""fill:#C1C1C1;"">
 </path>
 <g>
  <path d=""M513.614,377.663c9.077,48.392,-28.061,93.125,-77.314,93.125l0.0,0.0c-23.204,0.0,-45.223,-10.241,-60.169,-27.983l-22.59,-26.817c-14.946,-17.742,-36.966,-27.983,-60.169,-27.983h-68.771c-23.204,0.0,-45.223,10.241,-60.169,27.983l-22.59,26.817c-14.948,17.742,-36.968,27.983,-60.171,27.983l0.0,0.0c-49.253,0.0,-86.391,-44.733,-77.314,-93.125l13.668,-72.873c14.176,19.489,37.157,32.433,63.646,32.433l0.0,0.0c23.204,0.0,45.223,-10.241,60.169,-27.983l22.59,-26.817c14.946,-17.742,36.966,-27.983,60.169,-27.983h68.77c23.204,0.0,45.223,10.241,60.169,27.983l22.59,26.817c14.948,17.742,36.968,27.983,60.171,27.983l0.0,0.0c26.49,0.0,49.47,-12.944,63.646,-32.433L513.614,377.663z"" style=""fill:#9B9B9B;"">
  </path>
  <path d=""M275.681,170.266h-33.391c-9.22,0.0,-16.696,-7.475,-16.696,-16.696l0.0,0.0c0.0,-9.22,7.475,-16.696,16.696,-16.696h33.391c9.22,0.0,16.696,7.475,16.696,16.696l0.0,0.0C292.376,162.791,284.901,170.266,275.681,170.266z"" style=""fill:#9B9B9B;"">
  </path>
 </g>
 <path d=""M169.941,203.658v111.304c0.0,12.295,-9.966,22.261,-22.261,22.261c-12.295,0.0,-22.261,-9.966,-22.261,-22.261V203.658c0.0,-12.295,9.966,-22.261,22.261,-22.261C159.975,181.397,169.941,191.363,169.941,203.658zM292.376,281.571c0.0,12.295,9.966,22.261,22.261,22.261c12.295,0.0,22.261,-9.966,22.261,-22.261V259.31h-44.522V281.571zM403.681,259.31v22.261c0.0,12.295,9.966,22.261,22.261,22.261c12.295,0.0,22.261,-9.966,22.261,-22.261V259.31H403.681zM348.028,337.223c0.0,12.295,9.966,22.261,22.261,22.261c12.295,0.0,22.261,-9.966,22.261,-22.261v-22.261h-44.522V337.223zM348.028,225.919c0.0,12.295,9.966,22.261,22.261,22.261c12.295,0.0,22.261,-9.966,22.261,-22.261v-22.261h-44.522V225.919z"" style=""fill:#666666;"">
 </path>
 <path d=""M225.594,259.31L225.594,259.31c0.0,12.295,-9.966,22.261,-22.261,22.261H92.028c-12.295,0.0,-22.261,-9.966,-22.261,-22.261l0.0,0.0c0.0,-12.295,9.966,-22.261,22.261,-22.261h111.304C215.627,237.049,225.594,247.015,225.594,259.31z"" style=""fill:#828282;"">
 </path>
 <path d=""M370.289,181.397c12.295,0.0,22.261,9.966,22.261,22.261c0.0,12.295,-9.966,22.261,-22.261,22.261c-12.295,0.0,-22.261,-9.966,-22.261,-22.261C348.028,191.363,357.995,181.397,370.289,181.397z"" style=""fill:#FFE954;"">
 </path>
 <path d=""M370.289,292.701c12.295,0.0,22.261,9.966,22.261,22.261c0.0,12.295,-9.966,22.261,-22.261,22.261c-12.295,0.0,-22.261,-9.966,-22.261,-22.261C348.028,302.667,357.995,292.701,370.289,292.701z"" style=""fill:#91F18B;"">
 </path>
 <path d=""M292.376,259.31c0.0,-12.295,9.966,-22.261,22.261,-22.261c12.295,0.0,22.261,9.966,22.261,22.261s-9.966,22.261,-22.261,22.261C302.342,281.571,292.376,271.605,292.376,259.31z"" style=""fill:#82CEAD;"">
 </path>
 <path d=""M403.681,259.31c0.0,-12.295,9.966,-22.261,22.261,-22.261c12.295,0.0,22.261,9.966,22.261,22.261s-9.966,22.261,-22.261,22.261C413.647,281.571,403.681,271.605,403.681,259.31z"" style=""fill:#FF8355;"">
 </path>
</svg>


Question: What is the object in the image?",remote,mouse,controller,Calculator,C,entertainment
28,"Examine the following SVG code carefully and answer the question based on your interpretation of the rendered image.

<svg id=""Layer_1"" style=""enable-background:new 0 0 512.016 512.016;"" version=""1.1"" viewbox=""0 0 512.016 512.016"" x=""0px"" xml:space=""preserve"" y=""0px"">
 <g>
  <g>
   <g>
    <path d=""M312.161,447.521v-42.667c0.0,-3.448,-2.074,-6.562,-5.265,-7.885c-3.191,-1.314,-6.852,-0.589,-9.301,1.852l-17.067,17.067c-3.337,3.337,-3.337,8.73,0.0,12.066c3.328,3.337,8.73,3.337,12.066,0.0l2.5,-2.5v22.067c-4.719,0.0,-8.533,3.823,-8.533,8.533c0.0,4.71,3.814,8.533,8.533,8.533h17.067c4.71,0.0,8.533,-3.823,8.533,-8.533C320.695,451.344,316.872,447.521,312.161,447.521z"">
    </path>
    <path d=""M81.761,174.455v-42.667c0.0,-3.447,-2.074,-6.562,-5.274,-7.885c-3.191,-1.323,-6.852,-0.589,-9.293,1.852L50.128,142.822c-3.337,3.337,-3.337,8.73,0.0,12.066c3.328,3.337,8.73,3.337,12.066,0.0l2.5,-2.5v22.067c-4.719,0.0,-8.533,3.823,-8.533,8.533s3.814,8.533,8.533,8.533h17.067c4.71,0.0,8.533,-3.823,8.533,-8.533S86.472,174.455,81.761,174.455z"">
    </path>
    <path d=""M489.032,99.088L234.278,6.348c-10.65,-3.874,-22.187,-3.362,-32.444,1.425c-10.274,4.787,-18.065,13.286,-21.82,23.62l-2.62,6.426l-41.421,-7.1c-11.23,-1.971,-22.545,0.538,-31.881,7.074c-9.344,6.536,-15.573,16.324,-17.536,27.486l-1.237,6.775H47.628c-23.526,0.0,-42.667,19.14,-42.667,42.667v358.4c0.0,23.526,19.14,42.667,42.667,42.667h273.067h8.533h8.533c23.236,0.0,45.969,-3.388,54.921,-27.955l121.711,-334.379C522.38,131.481,511.005,107.093,489.032,99.088zM346.295,473.121c0.0,14.114,-11.486,25.6,-25.6,25.6H47.628c-14.123,0.0,-25.6,-11.486,-25.6,-25.6v-358.4c0.0,-14.114,11.477,-25.6,25.6,-25.6h44.8c4.113,0.0,7.646,-2.944,8.388,-6.997l2.543,-13.824c1.186,-6.733,4.915,-12.604,10.513,-16.529c5.623,-3.917,12.416,-5.436,19.174,-4.233l48.205,8.26c3.891,0.631,7.817,-1.476,9.344,-5.18l5.342,-13.073c2.313,-6.366,6.963,-11.443,13.107,-14.302c6.127,-2.867,13.005,-3.174,19.396,-0.853l131.277,47.787L227.477,46.856c-4.651,-0.819,-9.071,2.278,-9.882,6.921c-0.828,4.642,2.27,9.071,6.912,9.89l47.573,8.388H124.419c-4.719,0.0,-8.533,3.823,-8.533,8.533c0.0,4.71,3.814,8.533,8.533,8.533h196.275c14.114,0.0,25.6,11.486,25.6,25.6V473.121zM352.174,86.177l49.749,8.772c13.901,2.449,23.219,15.753,20.779,29.653l-59.341,336.555V114.721C363.361,103.713,359.052,93.755,352.174,86.177zM498.359,147.626l-121.02,332.467l62.165,-352.529c1.954,-11.102,-0.691,-21.922,-6.417,-30.686l50.116,18.244C496.328,119.901,503.129,134.485,498.359,147.626z"">
    </path>
    <path d=""M227.016,249.625c-12.826,-10.394,-26.086,-21.146,-35.541,-36.898c-3.081,-5.137,-11.546,-5.137,-14.635,0.0c-9.728,16.222,-22.067,27.145,-34.005,37.7c-18.244,16.145,-35.473,31.394,-35.473,60.561c0.0,23.526,19.14,42.667,42.667,42.667c11.443,0.0,19.439,-3.004,25.6,-7.842v24.909c0.0,4.71,3.814,8.533,8.533,8.533c4.71,0.0,8.533,-3.823,8.533,-8.533v-24.909c6.153,4.838,14.157,7.842,25.6,7.842c21.146,0.0,37.436,-15.71,42.496,-40.994C266.935,281.975,246.642,265.531,227.016,249.625zM244.057,309.316c-1.28,6.4,-6.921,27.273,-25.762,27.273c-13.952,0.0,-18.415,-4.702,-26.505,-20.881c-0.401,-0.794,-0.913,-1.485,-1.519,-2.091c-0.128,-0.145,-0.299,-0.239,-0.435,-0.375c-0.606,-0.538,-1.254,-0.973,-1.971,-1.323c-0.247,-0.119,-0.486,-0.23,-0.751,-0.333c-0.939,-0.35,-1.92,-0.597,-2.953,-0.597s-2.022,0.247,-2.953,0.597c-0.265,0.102,-0.512,0.213,-0.759,0.333c-0.717,0.35,-1.365,0.785,-1.954,1.323c-0.154,0.137,-0.316,0.23,-0.452,0.375c-0.597,0.614,-1.126,1.297,-1.519,2.091c-8.09,16.179,-12.553,20.881,-26.496,20.881c-14.123,0.0,-25.6,-11.486,-25.6,-25.6c0.0,-21.478,12.467,-32.512,29.722,-47.778c9.745,-8.627,20.514,-18.159,30.089,-30.942c9.856,12.638,21.495,22.076,32.026,30.618C237.23,279.876,247.991,289.663,244.057,309.316z"">
    </path>
   </g>
  </g>
 </g>
</svg>


Question: How many cards are visible in the image?",2,3,4,5,B,entertainment
29,"Examine the following SVG code carefully and answer the question based on your interpretation of the rendered image.

<svg id=""Layer_1"" style=""enable-background:new 0 0 512.016 512.016;"" version=""1.1"" viewbox=""0 0 512.016 512.016"" x=""0px"" xml:space=""preserve"" y=""0px"">
 <g>
  <g>
   <g>
    <path d=""M312.161,447.521v-42.667c0.0,-3.448,-2.074,-6.562,-5.265,-7.885c-3.191,-1.314,-6.852,-0.589,-9.301,1.852l-17.067,17.067c-3.337,3.337,-3.337,8.73,0.0,12.066c3.328,3.337,8.73,3.337,12.066,0.0l2.5,-2.5v22.067c-4.719,0.0,-8.533,3.823,-8.533,8.533c0.0,4.71,3.814,8.533,8.533,8.533h17.067c4.71,0.0,8.533,-3.823,8.533,-8.533C320.695,451.344,316.872,447.521,312.161,447.521z"">
    </path>
    <path d=""M81.761,174.455v-42.667c0.0,-3.447,-2.074,-6.562,-5.274,-7.885c-3.191,-1.323,-6.852,-0.589,-9.293,1.852L50.128,142.822c-3.337,3.337,-3.337,8.73,0.0,12.066c3.328,3.337,8.73,3.337,12.066,0.0l2.5,-2.5v22.067c-4.719,0.0,-8.533,3.823,-8.533,8.533s3.814,8.533,8.533,8.533h17.067c4.71,0.0,8.533,-3.823,8.533,-8.533S86.472,174.455,81.761,174.455z"">
    </path>
    <path d=""M489.032,99.088L234.278,6.348c-10.65,-3.874,-22.187,-3.362,-32.444,1.425c-10.274,4.787,-18.065,13.286,-21.82,23.62l-2.62,6.426l-41.421,-7.1c-11.23,-1.971,-22.545,0.538,-31.881,7.074c-9.344,6.536,-15.573,16.324,-17.536,27.486l-1.237,6.775H47.628c-23.526,0.0,-42.667,19.14,-42.667,42.667v358.4c0.0,23.526,19.14,42.667,42.667,42.667h273.067h8.533h8.533c23.236,0.0,45.969,-3.388,54.921,-27.955l121.711,-334.379C522.38,131.481,511.005,107.093,489.032,99.088zM346.295,473.121c0.0,14.114,-11.486,25.6,-25.6,25.6H47.628c-14.123,0.0,-25.6,-11.486,-25.6,-25.6v-358.4c0.0,-14.114,11.477,-25.6,25.6,-25.6h44.8c4.113,0.0,7.646,-2.944,8.388,-6.997l2.543,-13.824c1.186,-6.733,4.915,-12.604,10.513,-16.529c5.623,-3.917,12.416,-5.436,19.174,-4.233l48.205,8.26c3.891,0.631,7.817,-1.476,9.344,-5.18l5.342,-13.073c2.313,-6.366,6.963,-11.443,13.107,-14.302c6.127,-2.867,13.005,-3.174,19.396,-0.853l131.277,47.787L227.477,46.856c-4.651,-0.819,-9.071,2.278,-9.882,6.921c-0.828,4.642,2.27,9.071,6.912,9.89l47.573,8.388H124.419c-4.719,0.0,-8.533,3.823,-8.533,8.533c0.0,4.71,3.814,8.533,8.533,8.533h196.275c14.114,0.0,25.6,11.486,25.6,25.6V473.121zM352.174,86.177l49.749,8.772c13.901,2.449,23.219,15.753,20.779,29.653l-59.341,336.555V114.721C363.361,103.713,359.052,93.755,352.174,86.177zM498.359,147.626l-121.02,332.467l62.165,-352.529c1.954,-11.102,-0.691,-21.922,-6.417,-30.686l50.116,18.244C496.328,119.901,503.129,134.485,498.359,147.626z"">
    </path>
    <path d=""M227.016,249.625c-12.826,-10.394,-26.086,-21.146,-35.541,-36.898c-3.081,-5.137,-11.546,-5.137,-14.635,0.0c-9.728,16.222,-22.067,27.145,-34.005,37.7c-18.244,16.145,-35.473,31.394,-35.473,60.561c0.0,23.526,19.14,42.667,42.667,42.667c11.443,0.0,19.439,-3.004,25.6,-7.842v24.909c0.0,4.71,3.814,8.533,8.533,8.533c4.71,0.0,8.533,-3.823,8.533,-8.533v-24.909c6.153,4.838,14.157,7.842,25.6,7.842c21.146,0.0,37.436,-15.71,42.496,-40.994C266.935,281.975,246.642,265.531,227.016,249.625zM244.057,309.316c-1.28,6.4,-6.921,27.273,-25.762,27.273c-13.952,0.0,-18.415,-4.702,-26.505,-20.881c-0.401,-0.794,-0.913,-1.485,-1.519,-2.091c-0.128,-0.145,-0.299,-0.239,-0.435,-0.375c-0.606,-0.538,-1.254,-0.973,-1.971,-1.323c-0.247,-0.119,-0.486,-0.23,-0.751,-0.333c-0.939,-0.35,-1.92,-0.597,-2.953,-0.597s-2.022,0.247,-2.953,0.597c-0.265,0.102,-0.512,0.213,-0.759,0.333c-0.717,0.35,-1.365,0.785,-1.954,1.323c-0.154,0.137,-0.316,0.23,-0.452,0.375c-0.597,0.614,-1.126,1.297,-1.519,2.091c-8.09,16.179,-12.553,20.881,-26.496,20.881c-14.123,0.0,-25.6,-11.486,-25.6,-25.6c0.0,-21.478,12.467,-32.512,29.722,-47.778c9.745,-8.627,20.514,-18.159,30.089,-30.942c9.856,12.638,21.495,22.076,32.026,30.618C237.23,279.876,247.991,289.663,244.057,309.316z"">
    </path>
   </g>
  </g>
 </g>
</svg>


Question: What symbol is displayed on the cards?",Heart,Diamond,Club,Spade,D,entertainment
30,"Examine the following SVG code carefully and answer the question based on your interpretation of the rendered image.

<svg id=""Layer_1"" style=""enable-background:new 0 0 512.016 512.016;"" version=""1.1"" viewbox=""0 0 512.016 512.016"" x=""0px"" xml:space=""preserve"" y=""0px"">
 <g>
  <g>
   <g>
    <path d=""M312.161,447.521v-42.667c0.0,-3.448,-2.074,-6.562,-5.265,-7.885c-3.191,-1.314,-6.852,-0.589,-9.301,1.852l-17.067,17.067c-3.337,3.337,-3.337,8.73,0.0,12.066c3.328,3.337,8.73,3.337,12.066,0.0l2.5,-2.5v22.067c-4.719,0.0,-8.533,3.823,-8.533,8.533c0.0,4.71,3.814,8.533,8.533,8.533h17.067c4.71,0.0,8.533,-3.823,8.533,-8.533C320.695,451.344,316.872,447.521,312.161,447.521z"">
    </path>
    <path d=""M81.761,174.455v-42.667c0.0,-3.447,-2.074,-6.562,-5.274,-7.885c-3.191,-1.323,-6.852,-0.589,-9.293,1.852L50.128,142.822c-3.337,3.337,-3.337,8.73,0.0,12.066c3.328,3.337,8.73,3.337,12.066,0.0l2.5,-2.5v22.067c-4.719,0.0,-8.533,3.823,-8.533,8.533s3.814,8.533,8.533,8.533h17.067c4.71,0.0,8.533,-3.823,8.533,-8.533S86.472,174.455,81.761,174.455z"">
    </path>
    <path d=""M489.032,99.088L234.278,6.348c-10.65,-3.874,-22.187,-3.362,-32.444,1.425c-10.274,4.787,-18.065,13.286,-21.82,23.62l-2.62,6.426l-41.421,-7.1c-11.23,-1.971,-22.545,0.538,-31.881,7.074c-9.344,6.536,-15.573,16.324,-17.536,27.486l-1.237,6.775H47.628c-23.526,0.0,-42.667,19.14,-42.667,42.667v358.4c0.0,23.526,19.14,42.667,42.667,42.667h273.067h8.533h8.533c23.236,0.0,45.969,-3.388,54.921,-27.955l121.711,-334.379C522.38,131.481,511.005,107.093,489.032,99.088zM346.295,473.121c0.0,14.114,-11.486,25.6,-25.6,25.6H47.628c-14.123,0.0,-25.6,-11.486,-25.6,-25.6v-358.4c0.0,-14.114,11.477,-25.6,25.6,-25.6h44.8c4.113,0.0,7.646,-2.944,8.388,-6.997l2.543,-13.824c1.186,-6.733,4.915,-12.604,10.513,-16.529c5.623,-3.917,12.416,-5.436,19.174,-4.233l48.205,8.26c3.891,0.631,7.817,-1.476,9.344,-5.18l5.342,-13.073c2.313,-6.366,6.963,-11.443,13.107,-14.302c6.127,-2.867,13.005,-3.174,19.396,-0.853l131.277,47.787L227.477,46.856c-4.651,-0.819,-9.071,2.278,-9.882,6.921c-0.828,4.642,2.27,9.071,6.912,9.89l47.573,8.388H124.419c-4.719,0.0,-8.533,3.823,-8.533,8.533c0.0,4.71,3.814,8.533,8.533,8.533h196.275c14.114,0.0,25.6,11.486,25.6,25.6V473.121zM352.174,86.177l49.749,8.772c13.901,2.449,23.219,15.753,20.779,29.653l-59.341,336.555V114.721C363.361,103.713,359.052,93.755,352.174,86.177zM498.359,147.626l-121.02,332.467l62.165,-352.529c1.954,-11.102,-0.691,-21.922,-6.417,-30.686l50.116,18.244C496.328,119.901,503.129,134.485,498.359,147.626z"">
    </path>
    <path d=""M227.016,249.625c-12.826,-10.394,-26.086,-21.146,-35.541,-36.898c-3.081,-5.137,-11.546,-5.137,-14.635,0.0c-9.728,16.222,-22.067,27.145,-34.005,37.7c-18.244,16.145,-35.473,31.394,-35.473,60.561c0.0,23.526,19.14,42.667,42.667,42.667c11.443,0.0,19.439,-3.004,25.6,-7.842v24.909c0.0,4.71,3.814,8.533,8.533,8.533c4.71,0.0,8.533,-3.823,8.533,-8.533v-24.909c6.153,4.838,14.157,7.842,25.6,7.842c21.146,0.0,37.436,-15.71,42.496,-40.994C266.935,281.975,246.642,265.531,227.016,249.625zM244.057,309.316c-1.28,6.4,-6.921,27.273,-25.762,27.273c-13.952,0.0,-18.415,-4.702,-26.505,-20.881c-0.401,-0.794,-0.913,-1.485,-1.519,-2.091c-0.128,-0.145,-0.299,-0.239,-0.435,-0.375c-0.606,-0.538,-1.254,-0.973,-1.971,-1.323c-0.247,-0.119,-0.486,-0.23,-0.751,-0.333c-0.939,-0.35,-1.92,-0.597,-2.953,-0.597s-2.022,0.247,-2.953,0.597c-0.265,0.102,-0.512,0.213,-0.759,0.333c-0.717,0.35,-1.365,0.785,-1.954,1.323c-0.154,0.137,-0.316,0.23,-0.452,0.375c-0.597,0.614,-1.126,1.297,-1.519,2.091c-8.09,16.179,-12.553,20.881,-26.496,20.881c-14.123,0.0,-25.6,-11.486,-25.6,-25.6c0.0,-21.478,12.467,-32.512,29.722,-47.778c9.745,-8.627,20.514,-18.159,30.089,-30.942c9.856,12.638,21.495,22.076,32.026,30.618C237.23,279.876,247.991,289.663,244.057,309.316z"">
    </path>
   </g>
  </g>
 </g>
</svg>


Question: What number is shown on the cards?",1,2,3,4,A,entertainment
31,"Examine the following SVG code carefully and answer the question based on your interpretation of the rendered image.

<svg id=""Layer_1"" style=""enable-background:new 0 0 512.016 512.016;"" version=""1.1"" viewbox=""0 0 512.016 512.016"" x=""0px"" xml:space=""preserve"" y=""0px"">
 <g>
  <g>
   <g>
    <path d=""M312.161,447.521v-42.667c0.0,-3.448,-2.074,-6.562,-5.265,-7.885c-3.191,-1.314,-6.852,-0.589,-9.301,1.852l-17.067,17.067c-3.337,3.337,-3.337,8.73,0.0,12.066c3.328,3.337,8.73,3.337,12.066,0.0l2.5,-2.5v22.067c-4.719,0.0,-8.533,3.823,-8.533,8.533c0.0,4.71,3.814,8.533,8.533,8.533h17.067c4.71,0.0,8.533,-3.823,8.533,-8.533C320.695,451.344,316.872,447.521,312.161,447.521z"">
    </path>
    <path d=""M81.761,174.455v-42.667c0.0,-3.447,-2.074,-6.562,-5.274,-7.885c-3.191,-1.323,-6.852,-0.589,-9.293,1.852L50.128,142.822c-3.337,3.337,-3.337,8.73,0.0,12.066c3.328,3.337,8.73,3.337,12.066,0.0l2.5,-2.5v22.067c-4.719,0.0,-8.533,3.823,-8.533,8.533s3.814,8.533,8.533,8.533h17.067c4.71,0.0,8.533,-3.823,8.533,-8.533S86.472,174.455,81.761,174.455z"">
    </path>
    <path d=""M489.032,99.088L234.278,6.348c-10.65,-3.874,-22.187,-3.362,-32.444,1.425c-10.274,4.787,-18.065,13.286,-21.82,23.62l-2.62,6.426l-41.421,-7.1c-11.23,-1.971,-22.545,0.538,-31.881,7.074c-9.344,6.536,-15.573,16.324,-17.536,27.486l-1.237,6.775H47.628c-23.526,0.0,-42.667,19.14,-42.667,42.667v358.4c0.0,23.526,19.14,42.667,42.667,42.667h273.067h8.533h8.533c23.236,0.0,45.969,-3.388,54.921,-27.955l121.711,-334.379C522.38,131.481,511.005,107.093,489.032,99.088zM346.295,473.121c0.0,14.114,-11.486,25.6,-25.6,25.6H47.628c-14.123,0.0,-25.6,-11.486,-25.6,-25.6v-358.4c0.0,-14.114,11.477,-25.6,25.6,-25.6h44.8c4.113,0.0,7.646,-2.944,8.388,-6.997l2.543,-13.824c1.186,-6.733,4.915,-12.604,10.513,-16.529c5.623,-3.917,12.416,-5.436,19.174,-4.233l48.205,8.26c3.891,0.631,7.817,-1.476,9.344,-5.18l5.342,-13.073c2.313,-6.366,6.963,-11.443,13.107,-14.302c6.127,-2.867,13.005,-3.174,19.396,-0.853l131.277,47.787L227.477,46.856c-4.651,-0.819,-9.071,2.278,-9.882,6.921c-0.828,4.642,2.27,9.071,6.912,9.89l47.573,8.388H124.419c-4.719,0.0,-8.533,3.823,-8.533,8.533c0.0,4.71,3.814,8.533,8.533,8.533h196.275c14.114,0.0,25.6,11.486,25.6,25.6V473.121zM352.174,86.177l49.749,8.772c13.901,2.449,23.219,15.753,20.779,29.653l-59.341,336.555V114.721C363.361,103.713,359.052,93.755,352.174,86.177zM498.359,147.626l-121.02,332.467l62.165,-352.529c1.954,-11.102,-0.691,-21.922,-6.417,-30.686l50.116,18.244C496.328,119.901,503.129,134.485,498.359,147.626z"">
    </path>
    <path d=""M227.016,249.625c-12.826,-10.394,-26.086,-21.146,-35.541,-36.898c-3.081,-5.137,-11.546,-5.137,-14.635,0.0c-9.728,16.222,-22.067,27.145,-34.005,37.7c-18.244,16.145,-35.473,31.394,-35.473,60.561c0.0,23.526,19.14,42.667,42.667,42.667c11.443,0.0,19.439,-3.004,25.6,-7.842v24.909c0.0,4.71,3.814,8.533,8.533,8.533c4.71,0.0,8.533,-3.823,8.533,-8.533v-24.909c6.153,4.838,14.157,7.842,25.6,7.842c21.146,0.0,37.436,-15.71,42.496,-40.994C266.935,281.975,246.642,265.531,227.016,249.625zM244.057,309.316c-1.28,6.4,-6.921,27.273,-25.762,27.273c-13.952,0.0,-18.415,-4.702,-26.505,-20.881c-0.401,-0.794,-0.913,-1.485,-1.519,-2.091c-0.128,-0.145,-0.299,-0.239,-0.435,-0.375c-0.606,-0.538,-1.254,-0.973,-1.971,-1.323c-0.247,-0.119,-0.486,-0.23,-0.751,-0.333c-0.939,-0.35,-1.92,-0.597,-2.953,-0.597s-2.022,0.247,-2.953,0.597c-0.265,0.102,-0.512,0.213,-0.759,0.333c-0.717,0.35,-1.365,0.785,-1.954,1.323c-0.154,0.137,-0.316,0.23,-0.452,0.375c-0.597,0.614,-1.126,1.297,-1.519,2.091c-8.09,16.179,-12.553,20.881,-26.496,20.881c-14.123,0.0,-25.6,-11.486,-25.6,-25.6c0.0,-21.478,12.467,-32.512,29.722,-47.778c9.745,-8.627,20.514,-18.159,30.089,-30.942c9.856,12.638,21.495,22.076,32.026,30.618C237.23,279.876,247.991,289.663,244.057,309.316z"">
    </path>
   </g>
  </g>
 </g>
</svg>


Question: What type of object is shown in the image?",Cards,Dice,Coins,Dominoes,A,entertainment
32,"Examine the following SVG code carefully and answer the question based on your interpretation of the rendered image.

<svg id=""Capa_1"" style=""enable-background:new 0 0 290 290;"" version=""1.1"" viewbox=""0 0 290 290"" x=""0px"" xml:space=""preserve"" y=""0px"">
 <path color-interpolation=""sRGB"" color-rendering=""auto"" d=""M46.999,1.533c-2.761,0.0,-5.0,2.239,-5.0,5.0v280.0c0.0,2.761,2.239,5.0,5.0,5.0h200.0c2.761,0.0,5.0,-2.239,5.0,-5.0V6.533c0.0,-2.761,-2.239,-5.0,-5.0,-5.0L46.999,1.533L46.999,1.533zM51.999,11.533h50.0v15.0c0.0,2.761,2.239,5.0,5.0,5.0h80.0c2.761,0.0,5.0,-2.239,5.0,-5.0V11.533h50.0v129.963h-50.285c-2.5,-22.452,-21.612,-40.0,-44.715,-40.0c-23.103,0.0,-42.213,17.548,-44.713,40.0H51.999V11.533zM111.999,11.533h70.0v10.0h-70.0V11.533zM146.999,111.496c17.69,0.0,32.229,12.997,34.643,30.0h-69.283C114.772,124.493,129.309,111.496,146.999,111.496zM51.999,151.496h50.287c2.5,22.453,21.61,40.0,44.713,40.0s42.215,-17.547,44.715,-40.0H241.999V281.533h-50.0v-15.0c0.0,-2.761,-2.239,-5.0,-5.0,-5.0h-80.0c-2.761,0.0,-5.0,2.239,-5.0,5.0v15.0H51.999V151.496L51.999,151.496zM112.358,151.496h69.283c-2.413,17.003,-16.952,30.0,-34.643,30.0C129.309,181.496,114.772,168.499,112.358,151.496zM111.999,271.533h70.0v10.0h-70.0C111.999,281.533,111.999,271.533,111.999,271.533z"" image-rendering=""auto"" shape-rendering=""auto"">
 </path>
</svg>


Question: What shape is located in the center of the object?",Square,Triangle,Rectangle,Circle,D,entertainment
33,"Examine the following SVG code carefully and answer the question based on your interpretation of the rendered image.

<svg id=""Capa_1"" style=""enable-background:new 0 0 290 290;"" version=""1.1"" viewbox=""0 0 290 290"" x=""0px"" xml:space=""preserve"" y=""0px"">
 <path color-interpolation=""sRGB"" color-rendering=""auto"" d=""M46.999,1.533c-2.761,0.0,-5.0,2.239,-5.0,5.0v280.0c0.0,2.761,2.239,5.0,5.0,5.0h200.0c2.761,0.0,5.0,-2.239,5.0,-5.0V6.533c0.0,-2.761,-2.239,-5.0,-5.0,-5.0L46.999,1.533L46.999,1.533zM51.999,11.533h50.0v15.0c0.0,2.761,2.239,5.0,5.0,5.0h80.0c2.761,0.0,5.0,-2.239,5.0,-5.0V11.533h50.0v129.963h-50.285c-2.5,-22.452,-21.612,-40.0,-44.715,-40.0c-23.103,0.0,-42.213,17.548,-44.713,40.0H51.999V11.533zM111.999,11.533h70.0v10.0h-70.0V11.533zM146.999,111.496c17.69,0.0,32.229,12.997,34.643,30.0h-69.283C114.772,124.493,129.309,111.496,146.999,111.496zM51.999,151.496h50.287c2.5,22.453,21.61,40.0,44.713,40.0s42.215,-17.547,44.715,-40.0H241.999V281.533h-50.0v-15.0c0.0,-2.761,-2.239,-5.0,-5.0,-5.0h-80.0c-2.761,0.0,-5.0,2.239,-5.0,5.0v15.0H51.999V151.496L51.999,151.496zM112.358,151.496h69.283c-2.413,17.003,-16.952,30.0,-34.643,30.0C129.309,181.496,114.772,168.499,112.358,151.496zM111.999,271.533h70.0v10.0h-70.0C111.999,281.533,111.999,271.533,111.999,271.533z"" image-rendering=""auto"" shape-rendering=""auto"">
 </path>
</svg>


Question: How many rectangles are present in the object?",1,2,3,4,B,entertainment
34,"Examine the following SVG code carefully and answer the question based on your interpretation of the rendered image.

<svg id=""Capa_1"" style=""enable-background:new 0 0 290 290;"" version=""1.1"" viewbox=""0 0 290 290"" x=""0px"" xml:space=""preserve"" y=""0px"">
 <path color-interpolation=""sRGB"" color-rendering=""auto"" d=""M46.999,1.533c-2.761,0.0,-5.0,2.239,-5.0,5.0v280.0c0.0,2.761,2.239,5.0,5.0,5.0h200.0c2.761,0.0,5.0,-2.239,5.0,-5.0V6.533c0.0,-2.761,-2.239,-5.0,-5.0,-5.0L46.999,1.533L46.999,1.533zM51.999,11.533h50.0v15.0c0.0,2.761,2.239,5.0,5.0,5.0h80.0c2.761,0.0,5.0,-2.239,5.0,-5.0V11.533h50.0v129.963h-50.285c-2.5,-22.452,-21.612,-40.0,-44.715,-40.0c-23.103,0.0,-42.213,17.548,-44.713,40.0H51.999V11.533zM111.999,11.533h70.0v10.0h-70.0V11.533zM146.999,111.496c17.69,0.0,32.229,12.997,34.643,30.0h-69.283C114.772,124.493,129.309,111.496,146.999,111.496zM51.999,151.496h50.287c2.5,22.453,21.61,40.0,44.713,40.0s42.215,-17.547,44.715,-40.0H241.999V281.533h-50.0v-15.0c0.0,-2.761,-2.239,-5.0,-5.0,-5.0h-80.0c-2.761,0.0,-5.0,2.239,-5.0,5.0v15.0H51.999V151.496L51.999,151.496zM112.358,151.496h69.283c-2.413,17.003,-16.952,30.0,-34.643,30.0C129.309,181.496,114.772,168.499,112.358,151.496zM111.999,271.533h70.0v10.0h-70.0C111.999,281.533,111.999,271.533,111.999,271.533z"" image-rendering=""auto"" shape-rendering=""auto"">
 </path>
</svg>


Question: What is the orientation of the object?",Horizontal,Vertical,Diagonal,Circular,B,entertainment
35,"Examine the following SVG code carefully and answer the question based on your interpretation of the rendered image.

<svg id=""Capa_1"" style=""enable-background:new 0 0 290 290;"" version=""1.1"" viewbox=""0 0 290 290"" x=""0px"" xml:space=""preserve"" y=""0px"">
 <path color-interpolation=""sRGB"" color-rendering=""auto"" d=""M46.999,1.533c-2.761,0.0,-5.0,2.239,-5.0,5.0v280.0c0.0,2.761,2.239,5.0,5.0,5.0h200.0c2.761,0.0,5.0,-2.239,5.0,-5.0V6.533c0.0,-2.761,-2.239,-5.0,-5.0,-5.0L46.999,1.533L46.999,1.533zM51.999,11.533h50.0v15.0c0.0,2.761,2.239,5.0,5.0,5.0h80.0c2.761,0.0,5.0,-2.239,5.0,-5.0V11.533h50.0v129.963h-50.285c-2.5,-22.452,-21.612,-40.0,-44.715,-40.0c-23.103,0.0,-42.213,17.548,-44.713,40.0H51.999V11.533zM111.999,11.533h70.0v10.0h-70.0V11.533zM146.999,111.496c17.69,0.0,32.229,12.997,34.643,30.0h-69.283C114.772,124.493,129.309,111.496,146.999,111.496zM51.999,151.496h50.287c2.5,22.453,21.61,40.0,44.713,40.0s42.215,-17.547,44.715,-40.0H241.999V281.533h-50.0v-15.0c0.0,-2.761,-2.239,-5.0,-5.0,-5.0h-80.0c-2.761,0.0,-5.0,2.239,-5.0,5.0v15.0H51.999V151.496L51.999,151.496zM112.358,151.496h69.283c-2.413,17.003,-16.952,30.0,-34.643,30.0C129.309,181.496,114.772,168.499,112.358,151.496zM111.999,271.533h70.0v10.0h-70.0C111.999,281.533,111.999,271.533,111.999,271.533z"" image-rendering=""auto"" shape-rendering=""auto"">
 </path>
</svg>


Question: What does the object represent?",court,court,field,pool,C,entertainment
36,"Examine the following SVG code carefully and answer the question based on your interpretation of the rendered image.

<svg id=""Layer_1"" style=""enable-background:new 0 0 512 512;"" version=""1.1"" viewbox=""0 0 512 512"" x=""0px"" xml:space=""preserve"" y=""0px"">
 <g>
  <g>
   <path d=""M377.37,440.138h-6.35c-53.015,-87.655,-53.979,-93.791,-42.358,-195.78c10.466,-2.374,18.305,-11.744,18.305,-22.918v-24.527c0.0,-12.961,-10.545,-23.505,-23.505,-23.505h-7.389l14.833,-37.083c1.259,-3.149,0.875,-6.716,-1.026,-9.525c-1.901,-2.807,-5.071,-4.49,-8.463,-4.49h-30.659V99.316h20.439c5.644,0.0,10.22,-4.576,10.22,-10.22V48.218c0.0,-5.643,-4.575,-10.22,-10.22,-10.22h-20.439V15.005c0.0,-5.643,-4.575,-10.22,-10.22,-10.22H239.661c-5.644,0.0,-10.22,4.576,-10.22,10.22v22.994h-20.439c-5.644,0.0,-10.22,4.576,-10.22,10.22v40.878c0.0,5.643,4.575,10.22,10.22,10.22h20.439v22.994h-30.659c-3.391,0.0,-6.561,1.682,-8.463,4.49c-1.901,2.808,-2.285,6.376,-1.026,9.525l14.835,37.083h-7.389c-12.96,0.0,-23.505,10.544,-23.505,23.505v24.527c0.0,11.174,7.839,20.544,18.304,22.918c11.621,101.988,10.658,108.125,-42.357,195.78h-6.35c-17.046,0.0,-30.914,13.868,-30.914,30.914v14.818c0.0,17.046,13.868,30.914,30.914,30.914h234.539c17.046,0.0,30.914,-13.868,30.914,-30.914v-14.818C408.285,454.006,394.417,440.138,377.37,440.138zM219.223,78.877V58.438h20.439c5.644,0.0,10.22,-4.576,10.22,-10.22V25.224h20.439v22.994c0.0,5.643,4.575,10.22,10.22,10.22h20.439v20.439h-20.439c-5.644,0.0,-10.22,4.576,-10.22,10.22v33.214H249.881V89.096c0.0,-5.643,-4.575,-10.22,-10.22,-10.22H219.223zM306.324,142.749l-12.263,30.659h-67.918l-12.263,-30.659H306.324zM196.74,224.506c-1.69,0.0,-3.066,-1.376,-3.066,-3.066v-24.527c0.0,-1.69,1.376,-3.066,3.066,-3.066h126.723c1.69,0.0,3.066,1.376,3.066,3.066v24.527c0.0,1.69,-1.376,3.066,-3.066,3.066H196.74zM217.123,294.51h38.38c5.644,0.0,10.22,-4.576,10.22,-10.22s-4.575,-10.22,-10.22,-10.22h-40.163c-0.884,-8.851,-1.954,-18.493,-3.162,-29.126h95.847c-8.219,72.36,-10.062,98.934,9.654,141.541h-58.089c-5.644,0.0,-10.22,4.576,-10.22,10.22s4.575,10.22,10.22,10.22h68.454c5.363,9.869,11.693,20.764,19.133,33.214H173.025C212.885,373.432,221.136,351.103,217.123,294.51zM387.845,485.871c0.0,5.776,-4.699,10.475,-10.475,10.475H142.832c-5.776,0.0,-10.475,-4.699,-10.475,-10.475v-14.818c0.0,-5.776,4.699,-10.475,10.475,-10.475h234.539c5.776,0.0,10.475,4.699,10.475,10.475V485.871z"">
   </path>
  </g>
 </g>
</svg>


Question: What is the shape at the top of the object?",Circle,Square,Cross,Triangle,C,entertainment
37,"Examine the following SVG code carefully and answer the question based on your interpretation of the rendered image.

<svg id=""Layer_1"" style=""enable-background:new 0 0 512 512;"" version=""1.1"" viewbox=""0 0 512 512"" x=""0px"" xml:space=""preserve"" y=""0px"">
 <g>
  <g>
   <path d=""M377.37,440.138h-6.35c-53.015,-87.655,-53.979,-93.791,-42.358,-195.78c10.466,-2.374,18.305,-11.744,18.305,-22.918v-24.527c0.0,-12.961,-10.545,-23.505,-23.505,-23.505h-7.389l14.833,-37.083c1.259,-3.149,0.875,-6.716,-1.026,-9.525c-1.901,-2.807,-5.071,-4.49,-8.463,-4.49h-30.659V99.316h20.439c5.644,0.0,10.22,-4.576,10.22,-10.22V48.218c0.0,-5.643,-4.575,-10.22,-10.22,-10.22h-20.439V15.005c0.0,-5.643,-4.575,-10.22,-10.22,-10.22H239.661c-5.644,0.0,-10.22,4.576,-10.22,10.22v22.994h-20.439c-5.644,0.0,-10.22,4.576,-10.22,10.22v40.878c0.0,5.643,4.575,10.22,10.22,10.22h20.439v22.994h-30.659c-3.391,0.0,-6.561,1.682,-8.463,4.49c-1.901,2.808,-2.285,6.376,-1.026,9.525l14.835,37.083h-7.389c-12.96,0.0,-23.505,10.544,-23.505,23.505v24.527c0.0,11.174,7.839,20.544,18.304,22.918c11.621,101.988,10.658,108.125,-42.357,195.78h-6.35c-17.046,0.0,-30.914,13.868,-30.914,30.914v14.818c0.0,17.046,13.868,30.914,30.914,30.914h234.539c17.046,0.0,30.914,-13.868,30.914,-30.914v-14.818C408.285,454.006,394.417,440.138,377.37,440.138zM219.223,78.877V58.438h20.439c5.644,0.0,10.22,-4.576,10.22,-10.22V25.224h20.439v22.994c0.0,5.643,4.575,10.22,10.22,10.22h20.439v20.439h-20.439c-5.644,0.0,-10.22,4.576,-10.22,10.22v33.214H249.881V89.096c0.0,-5.643,-4.575,-10.22,-10.22,-10.22H219.223zM306.324,142.749l-12.263,30.659h-67.918l-12.263,-30.659H306.324zM196.74,224.506c-1.69,0.0,-3.066,-1.376,-3.066,-3.066v-24.527c0.0,-1.69,1.376,-3.066,3.066,-3.066h126.723c1.69,0.0,3.066,1.376,3.066,3.066v24.527c0.0,1.69,-1.376,3.066,-3.066,3.066H196.74zM217.123,294.51h38.38c5.644,0.0,10.22,-4.576,10.22,-10.22s-4.575,-10.22,-10.22,-10.22h-40.163c-0.884,-8.851,-1.954,-18.493,-3.162,-29.126h95.847c-8.219,72.36,-10.062,98.934,9.654,141.541h-58.089c-5.644,0.0,-10.22,4.576,-10.22,10.22s4.575,10.22,10.22,10.22h68.454c5.363,9.869,11.693,20.764,19.133,33.214H173.025C212.885,373.432,221.136,351.103,217.123,294.51zM387.845,485.871c0.0,5.776,-4.699,10.475,-10.475,10.475H142.832c-5.776,0.0,-10.475,-4.699,-10.475,-10.475v-14.818c0.0,-5.776,4.699,-10.475,10.475,-10.475h234.539c5.776,0.0,10.475,4.699,10.475,10.475V485.871z"">
   </path>
  </g>
 </g>
</svg>


Question: How many horizontal lines are there in the middle section of the object?",One,Two,Three,Four,B,entertainment
38,"Examine the following SVG code carefully and answer the question based on your interpretation of the rendered image.

<svg id=""Layer_1"" style=""enable-background:new 0 0 512 512;"" version=""1.1"" viewbox=""0 0 512 512"" x=""0px"" xml:space=""preserve"" y=""0px"">
 <g>
  <g>
   <path d=""M377.37,440.138h-6.35c-53.015,-87.655,-53.979,-93.791,-42.358,-195.78c10.466,-2.374,18.305,-11.744,18.305,-22.918v-24.527c0.0,-12.961,-10.545,-23.505,-23.505,-23.505h-7.389l14.833,-37.083c1.259,-3.149,0.875,-6.716,-1.026,-9.525c-1.901,-2.807,-5.071,-4.49,-8.463,-4.49h-30.659V99.316h20.439c5.644,0.0,10.22,-4.576,10.22,-10.22V48.218c0.0,-5.643,-4.575,-10.22,-10.22,-10.22h-20.439V15.005c0.0,-5.643,-4.575,-10.22,-10.22,-10.22H239.661c-5.644,0.0,-10.22,4.576,-10.22,10.22v22.994h-20.439c-5.644,0.0,-10.22,4.576,-10.22,10.22v40.878c0.0,5.643,4.575,10.22,10.22,10.22h20.439v22.994h-30.659c-3.391,0.0,-6.561,1.682,-8.463,4.49c-1.901,2.808,-2.285,6.376,-1.026,9.525l14.835,37.083h-7.389c-12.96,0.0,-23.505,10.544,-23.505,23.505v24.527c0.0,11.174,7.839,20.544,18.304,22.918c11.621,101.988,10.658,108.125,-42.357,195.78h-6.35c-17.046,0.0,-30.914,13.868,-30.914,30.914v14.818c0.0,17.046,13.868,30.914,30.914,30.914h234.539c17.046,0.0,30.914,-13.868,30.914,-30.914v-14.818C408.285,454.006,394.417,440.138,377.37,440.138zM219.223,78.877V58.438h20.439c5.644,0.0,10.22,-4.576,10.22,-10.22V25.224h20.439v22.994c0.0,5.643,4.575,10.22,10.22,10.22h20.439v20.439h-20.439c-5.644,0.0,-10.22,4.576,-10.22,10.22v33.214H249.881V89.096c0.0,-5.643,-4.575,-10.22,-10.22,-10.22H219.223zM306.324,142.749l-12.263,30.659h-67.918l-12.263,-30.659H306.324zM196.74,224.506c-1.69,0.0,-3.066,-1.376,-3.066,-3.066v-24.527c0.0,-1.69,1.376,-3.066,3.066,-3.066h126.723c1.69,0.0,3.066,1.376,3.066,3.066v24.527c0.0,1.69,-1.376,3.066,-3.066,3.066H196.74zM217.123,294.51h38.38c5.644,0.0,10.22,-4.576,10.22,-10.22s-4.575,-10.22,-10.22,-10.22h-40.163c-0.884,-8.851,-1.954,-18.493,-3.162,-29.126h95.847c-8.219,72.36,-10.062,98.934,9.654,141.541h-58.089c-5.644,0.0,-10.22,4.576,-10.22,10.22s4.575,10.22,10.22,10.22h68.454c5.363,9.869,11.693,20.764,19.133,33.214H173.025C212.885,373.432,221.136,351.103,217.123,294.51zM387.845,485.871c0.0,5.776,-4.699,10.475,-10.475,10.475H142.832c-5.776,0.0,-10.475,-4.699,-10.475,-10.475v-14.818c0.0,-5.776,4.699,-10.475,10.475,-10.475h234.539c5.776,0.0,10.475,4.699,10.475,10.475V485.871z"">
   </path>
  </g>
 </g>
</svg>


Question: What is the shape of the base of the object?",Square,Circle,Rectangle,Triangle,A,entertainment
39,"Examine the following SVG code carefully and answer the question based on your interpretation of the rendered image.

<svg id=""Layer_1"" style=""enable-background:new 0 0 512 512;"" version=""1.1"" viewbox=""0 0 512 512"" x=""0px"" xml:space=""preserve"" y=""0px"">
 <g>
  <g>
   <path d=""M377.37,440.138h-6.35c-53.015,-87.655,-53.979,-93.791,-42.358,-195.78c10.466,-2.374,18.305,-11.744,18.305,-22.918v-24.527c0.0,-12.961,-10.545,-23.505,-23.505,-23.505h-7.389l14.833,-37.083c1.259,-3.149,0.875,-6.716,-1.026,-9.525c-1.901,-2.807,-5.071,-4.49,-8.463,-4.49h-30.659V99.316h20.439c5.644,0.0,10.22,-4.576,10.22,-10.22V48.218c0.0,-5.643,-4.575,-10.22,-10.22,-10.22h-20.439V15.005c0.0,-5.643,-4.575,-10.22,-10.22,-10.22H239.661c-5.644,0.0,-10.22,4.576,-10.22,10.22v22.994h-20.439c-5.644,0.0,-10.22,4.576,-10.22,10.22v40.878c0.0,5.643,4.575,10.22,10.22,10.22h20.439v22.994h-30.659c-3.391,0.0,-6.561,1.682,-8.463,4.49c-1.901,2.808,-2.285,6.376,-1.026,9.525l14.835,37.083h-7.389c-12.96,0.0,-23.505,10.544,-23.505,23.505v24.527c0.0,11.174,7.839,20.544,18.304,22.918c11.621,101.988,10.658,108.125,-42.357,195.78h-6.35c-17.046,0.0,-30.914,13.868,-30.914,30.914v14.818c0.0,17.046,13.868,30.914,30.914,30.914h234.539c17.046,0.0,30.914,-13.868,30.914,-30.914v-14.818C408.285,454.006,394.417,440.138,377.37,440.138zM219.223,78.877V58.438h20.439c5.644,0.0,10.22,-4.576,10.22,-10.22V25.224h20.439v22.994c0.0,5.643,4.575,10.22,10.22,10.22h20.439v20.439h-20.439c-5.644,0.0,-10.22,4.576,-10.22,10.22v33.214H249.881V89.096c0.0,-5.643,-4.575,-10.22,-10.22,-10.22H219.223zM306.324,142.749l-12.263,30.659h-67.918l-12.263,-30.659H306.324zM196.74,224.506c-1.69,0.0,-3.066,-1.376,-3.066,-3.066v-24.527c0.0,-1.69,1.376,-3.066,3.066,-3.066h126.723c1.69,0.0,3.066,1.376,3.066,3.066v24.527c0.0,1.69,-1.376,3.066,-3.066,3.066H196.74zM217.123,294.51h38.38c5.644,0.0,10.22,-4.576,10.22,-10.22s-4.575,-10.22,-10.22,-10.22h-40.163c-0.884,-8.851,-1.954,-18.493,-3.162,-29.126h95.847c-8.219,72.36,-10.062,98.934,9.654,141.541h-58.089c-5.644,0.0,-10.22,4.576,-10.22,10.22s4.575,10.22,10.22,10.22h68.454c5.363,9.869,11.693,20.764,19.133,33.214H173.025C212.885,373.432,221.136,351.103,217.123,294.51zM387.845,485.871c0.0,5.776,-4.699,10.475,-10.475,10.475H142.832c-5.776,0.0,-10.475,-4.699,-10.475,-10.475v-14.818c0.0,-5.776,4.699,-10.475,10.475,-10.475h234.539c5.776,0.0,10.475,4.699,10.475,10.475V485.871z"">
   </path>
  </g>
 </g>
</svg>


Question: What is the object in the image?",pawn,knight,bishop,king,D,entertainment
40,"Examine the following SVG code carefully and answer the question based on your interpretation of the rendered image.

<svg id=""Capa_1"" style=""enable-background:new 0 0 297 297;"" version=""1.1"" viewbox=""0 0 297 297"" x=""0px"" xml:space=""preserve"" y=""0px"">
 <g>
  <g>
   <g>
    <path d=""M30.075,105.178c-8.05,7.475,-15.259,15.687,-21.463,24.531C4.047,136.217,1.764,143.833,1.764,151.449h28.311V105.178z"" style=""fill:#A38671;"">
    </path>
   </g>
   <g>
    <path d=""M1.764,151.449c0.0,7.616,2.283,15.232,6.848,21.74c6.204,8.844,13.413,17.056,21.463,24.531V151.449H1.764z"" style=""fill:#7F6452;"">
    </path>
   </g>
   <g>
    <path d=""M234.594,79.78c-24.752,-12.993,-53.53,-20.452,-84.251,-20.452c-31.52,0.0,-61.002,7.842,-86.181,21.467V151.449H234.594V79.78z"" style=""fill:#A38671;"">
    </path>
   </g>
   <g>
    <path d=""M64.162,151.449v70.653c25.179,13.626,54.661,21.467,86.181,21.467c30.721,0.0,59.499,-7.459,84.251,-20.452V151.449H64.162z"" style=""fill:#7F6452;"">
    </path>
   </g>
   <g>
    <path d=""M291.6,129.038c-6.593,-9.29,-14.291,-17.882,-22.92,-25.636V151.449H298.764C298.764,143.608,296.376,135.767,291.6,129.038z"" style=""fill:#A38671;"">
    </path>
   </g>
   <g>
    <path d=""M268.68,151.449v48.047c8.629,-7.754,16.327,-16.346,22.92,-25.636c4.776,-6.729,7.164,-14.57,7.164,-22.411H268.68z"" style=""fill:#7F6452;"">
    </path>
   </g>
   <g>
    <path d=""M64.162,80.796c-12.524,6.777,-23.974,14.992,-34.086,24.382V151.449h34.086V80.796z"" style=""fill:#BCA291;"">
    </path>
   </g>
   <g>
    <path d=""M30.075,151.449v46.271c10.113,9.39,21.563,17.605,34.086,24.382V151.449H30.075z"" style=""fill:#9B7A67;"">
    </path>
   </g>
   <g>
    <path d=""M268.68,103.402c-10.155,-9.125,-21.611,-17.073,-34.086,-23.621V151.449h34.086V103.402z"" style=""fill:#BCA291;"">
    </path>
   </g>
   <g>
    <path d=""M234.594,151.449v71.669c12.476,-6.549,23.932,-14.496,34.086,-23.621V151.449H234.594z"" style=""fill:#9B7A67;"">
    </path>
   </g>
  </g>
  <g>
   <rect height=""17.043"" style=""fill:#F9B65F;"" width=""170.432"" x=""64.162"" y=""142.927"">
   </rect>
  </g>
  <g>
   <g>
    <path d=""M84.602,168.492h-6.794c-2.83,0.0,-5.125,-2.294,-5.125,-5.125v-23.837c0.0,-2.83,2.294,-5.125,5.125,-5.125h6.794c2.83,0.0,5.125,2.294,5.125,5.125v23.837C89.727,166.198,87.432,168.492,84.602,168.492z"" style=""fill:#E3E5E4;"">
    </path>
   </g>
   <g>
    <path d=""M118.688,168.492h-6.794c-2.83,0.0,-5.125,-2.294,-5.125,-5.125v-23.837c0.0,-2.83,2.294,-5.125,5.125,-5.125h6.794c2.83,0.0,5.125,2.294,5.125,5.125v23.837C123.813,166.198,121.519,168.492,118.688,168.492z"" style=""fill:#E3E5E4;"">
    </path>
   </g>
   <g>
    <path d=""M152.775,168.492h-6.794c-2.83,0.0,-5.125,-2.294,-5.125,-5.125v-23.837c0.0,-2.83,2.294,-5.125,5.125,-5.125h6.794c2.83,0.0,5.125,2.294,5.125,5.125v23.837C157.899,166.198,155.605,168.492,152.775,168.492z"" style=""fill:#E3E5E4;"">
    </path>
   </g>
   <g>
    <path d=""M186.861,168.492h-6.794c-2.83,0.0,-5.125,-2.294,-5.125,-5.125v-23.837c0.0,-2.83,2.294,-5.125,5.125,-5.125h6.794c2.83,0.0,5.125,2.294,5.125,5.125v23.837C191.986,166.198,189.691,168.492,186.861,168.492z"" style=""fill:#E3E5E4;"">
    </path>
   </g>
   <g>
    <path d=""M220.948,168.492h-6.794c-2.83,0.0,-5.125,-2.294,-5.125,-5.125v-23.837c0.0,-2.83,2.294,-5.125,5.125,-5.125h6.794c2.83,0.0,5.125,2.294,5.125,5.125v23.837C226.072,166.198,223.778,168.492,220.948,168.492z"" style=""fill:#E3E5E4;"">
    </path>
   </g>
  </g>
 </g>
</svg>


Question: What is the primary shape of the object in the image?",Oval,Square,Circle,Triangle,A,entertainment
41,"Examine the following SVG code carefully and answer the question based on your interpretation of the rendered image.

<svg id=""Capa_1"" style=""enable-background:new 0 0 297 297;"" version=""1.1"" viewbox=""0 0 297 297"" x=""0px"" xml:space=""preserve"" y=""0px"">
 <g>
  <g>
   <g>
    <path d=""M30.075,105.178c-8.05,7.475,-15.259,15.687,-21.463,24.531C4.047,136.217,1.764,143.833,1.764,151.449h28.311V105.178z"" style=""fill:#A38671;"">
    </path>
   </g>
   <g>
    <path d=""M1.764,151.449c0.0,7.616,2.283,15.232,6.848,21.74c6.204,8.844,13.413,17.056,21.463,24.531V151.449H1.764z"" style=""fill:#7F6452;"">
    </path>
   </g>
   <g>
    <path d=""M234.594,79.78c-24.752,-12.993,-53.53,-20.452,-84.251,-20.452c-31.52,0.0,-61.002,7.842,-86.181,21.467V151.449H234.594V79.78z"" style=""fill:#A38671;"">
    </path>
   </g>
   <g>
    <path d=""M64.162,151.449v70.653c25.179,13.626,54.661,21.467,86.181,21.467c30.721,0.0,59.499,-7.459,84.251,-20.452V151.449H64.162z"" style=""fill:#7F6452;"">
    </path>
   </g>
   <g>
    <path d=""M291.6,129.038c-6.593,-9.29,-14.291,-17.882,-22.92,-25.636V151.449H298.764C298.764,143.608,296.376,135.767,291.6,129.038z"" style=""fill:#A38671;"">
    </path>
   </g>
   <g>
    <path d=""M268.68,151.449v48.047c8.629,-7.754,16.327,-16.346,22.92,-25.636c4.776,-6.729,7.164,-14.57,7.164,-22.411H268.68z"" style=""fill:#7F6452;"">
    </path>
   </g>
   <g>
    <path d=""M64.162,80.796c-12.524,6.777,-23.974,14.992,-34.086,24.382V151.449h34.086V80.796z"" style=""fill:#BCA291;"">
    </path>
   </g>
   <g>
    <path d=""M30.075,151.449v46.271c10.113,9.39,21.563,17.605,34.086,24.382V151.449H30.075z"" style=""fill:#9B7A67;"">
    </path>
   </g>
   <g>
    <path d=""M268.68,103.402c-10.155,-9.125,-21.611,-17.073,-34.086,-23.621V151.449h34.086V103.402z"" style=""fill:#BCA291;"">
    </path>
   </g>
   <g>
    <path d=""M234.594,151.449v71.669c12.476,-6.549,23.932,-14.496,34.086,-23.621V151.449H234.594z"" style=""fill:#9B7A67;"">
    </path>
   </g>
  </g>
  <g>
   <rect height=""17.043"" style=""fill:#F9B65F;"" width=""170.432"" x=""64.162"" y=""142.927"">
   </rect>
  </g>
  <g>
   <g>
    <path d=""M84.602,168.492h-6.794c-2.83,0.0,-5.125,-2.294,-5.125,-5.125v-23.837c0.0,-2.83,2.294,-5.125,5.125,-5.125h6.794c2.83,0.0,5.125,2.294,5.125,5.125v23.837C89.727,166.198,87.432,168.492,84.602,168.492z"" style=""fill:#E3E5E4;"">
    </path>
   </g>
   <g>
    <path d=""M118.688,168.492h-6.794c-2.83,0.0,-5.125,-2.294,-5.125,-5.125v-23.837c0.0,-2.83,2.294,-5.125,5.125,-5.125h6.794c2.83,0.0,5.125,2.294,5.125,5.125v23.837C123.813,166.198,121.519,168.492,118.688,168.492z"" style=""fill:#E3E5E4;"">
    </path>
   </g>
   <g>
    <path d=""M152.775,168.492h-6.794c-2.83,0.0,-5.125,-2.294,-5.125,-5.125v-23.837c0.0,-2.83,2.294,-5.125,5.125,-5.125h6.794c2.83,0.0,5.125,2.294,5.125,5.125v23.837C157.899,166.198,155.605,168.492,152.775,168.492z"" style=""fill:#E3E5E4;"">
    </path>
   </g>
   <g>
    <path d=""M186.861,168.492h-6.794c-2.83,0.0,-5.125,-2.294,-5.125,-5.125v-23.837c0.0,-2.83,2.294,-5.125,5.125,-5.125h6.794c2.83,0.0,5.125,2.294,5.125,5.125v23.837C191.986,166.198,189.691,168.492,186.861,168.492z"" style=""fill:#E3E5E4;"">
    </path>
   </g>
   <g>
    <path d=""M220.948,168.492h-6.794c-2.83,0.0,-5.125,-2.294,-5.125,-5.125v-23.837c0.0,-2.83,2.294,-5.125,5.125,-5.125h6.794c2.83,0.0,5.125,2.294,5.125,5.125v23.837C226.072,166.198,223.778,168.492,220.948,168.492z"" style=""fill:#E3E5E4;"">
    </path>
   </g>
  </g>
 </g>
</svg>


Question: How many white laces are visible on the object?",4,5,6,7,B,entertainment
42,"Examine the following SVG code carefully and answer the question based on your interpretation of the rendered image.

<svg id=""Capa_1"" style=""enable-background:new 0 0 297 297;"" version=""1.1"" viewbox=""0 0 297 297"" x=""0px"" xml:space=""preserve"" y=""0px"">
 <g>
  <g>
   <g>
    <path d=""M30.075,105.178c-8.05,7.475,-15.259,15.687,-21.463,24.531C4.047,136.217,1.764,143.833,1.764,151.449h28.311V105.178z"" style=""fill:#A38671;"">
    </path>
   </g>
   <g>
    <path d=""M1.764,151.449c0.0,7.616,2.283,15.232,6.848,21.74c6.204,8.844,13.413,17.056,21.463,24.531V151.449H1.764z"" style=""fill:#7F6452;"">
    </path>
   </g>
   <g>
    <path d=""M234.594,79.78c-24.752,-12.993,-53.53,-20.452,-84.251,-20.452c-31.52,0.0,-61.002,7.842,-86.181,21.467V151.449H234.594V79.78z"" style=""fill:#A38671;"">
    </path>
   </g>
   <g>
    <path d=""M64.162,151.449v70.653c25.179,13.626,54.661,21.467,86.181,21.467c30.721,0.0,59.499,-7.459,84.251,-20.452V151.449H64.162z"" style=""fill:#7F6452;"">
    </path>
   </g>
   <g>
    <path d=""M291.6,129.038c-6.593,-9.29,-14.291,-17.882,-22.92,-25.636V151.449H298.764C298.764,143.608,296.376,135.767,291.6,129.038z"" style=""fill:#A38671;"">
    </path>
   </g>
   <g>
    <path d=""M268.68,151.449v48.047c8.629,-7.754,16.327,-16.346,22.92,-25.636c4.776,-6.729,7.164,-14.57,7.164,-22.411H268.68z"" style=""fill:#7F6452;"">
    </path>
   </g>
   <g>
    <path d=""M64.162,80.796c-12.524,6.777,-23.974,14.992,-34.086,24.382V151.449h34.086V80.796z"" style=""fill:#BCA291;"">
    </path>
   </g>
   <g>
    <path d=""M30.075,151.449v46.271c10.113,9.39,21.563,17.605,34.086,24.382V151.449H30.075z"" style=""fill:#9B7A67;"">
    </path>
   </g>
   <g>
    <path d=""M268.68,103.402c-10.155,-9.125,-21.611,-17.073,-34.086,-23.621V151.449h34.086V103.402z"" style=""fill:#BCA291;"">
    </path>
   </g>
   <g>
    <path d=""M234.594,151.449v71.669c12.476,-6.549,23.932,-14.496,34.086,-23.621V151.449H234.594z"" style=""fill:#9B7A67;"">
    </path>
   </g>
  </g>
  <g>
   <rect height=""17.043"" style=""fill:#F9B65F;"" width=""170.432"" x=""64.162"" y=""142.927"">
   </rect>
  </g>
  <g>
   <g>
    <path d=""M84.602,168.492h-6.794c-2.83,0.0,-5.125,-2.294,-5.125,-5.125v-23.837c0.0,-2.83,2.294,-5.125,5.125,-5.125h6.794c2.83,0.0,5.125,2.294,5.125,5.125v23.837C89.727,166.198,87.432,168.492,84.602,168.492z"" style=""fill:#E3E5E4;"">
    </path>
   </g>
   <g>
    <path d=""M118.688,168.492h-6.794c-2.83,0.0,-5.125,-2.294,-5.125,-5.125v-23.837c0.0,-2.83,2.294,-5.125,5.125,-5.125h6.794c2.83,0.0,5.125,2.294,5.125,5.125v23.837C123.813,166.198,121.519,168.492,118.688,168.492z"" style=""fill:#E3E5E4;"">
    </path>
   </g>
   <g>
    <path d=""M152.775,168.492h-6.794c-2.83,0.0,-5.125,-2.294,-5.125,-5.125v-23.837c0.0,-2.83,2.294,-5.125,5.125,-5.125h6.794c2.83,0.0,5.125,2.294,5.125,5.125v23.837C157.899,166.198,155.605,168.492,152.775,168.492z"" style=""fill:#E3E5E4;"">
    </path>
   </g>
   <g>
    <path d=""M186.861,168.492h-6.794c-2.83,0.0,-5.125,-2.294,-5.125,-5.125v-23.837c0.0,-2.83,2.294,-5.125,5.125,-5.125h6.794c2.83,0.0,5.125,2.294,5.125,5.125v23.837C191.986,166.198,189.691,168.492,186.861,168.492z"" style=""fill:#E3E5E4;"">
    </path>
   </g>
   <g>
    <path d=""M220.948,168.492h-6.794c-2.83,0.0,-5.125,-2.294,-5.125,-5.125v-23.837c0.0,-2.83,2.294,-5.125,5.125,-5.125h6.794c2.83,0.0,5.125,2.294,5.125,5.125v23.837C226.072,166.198,223.778,168.492,220.948,168.492z"" style=""fill:#E3E5E4;"">
    </path>
   </g>
  </g>
 </g>
</svg>


Question: What is the dominant color of the object?",Red,Blue,Green,Brown,D,entertainment
43,"Examine the following SVG code carefully and answer the question based on your interpretation of the rendered image.

<svg id=""Capa_1"" style=""enable-background:new 0 0 297 297;"" version=""1.1"" viewbox=""0 0 297 297"" x=""0px"" xml:space=""preserve"" y=""0px"">
 <g>
  <g>
   <g>
    <path d=""M30.075,105.178c-8.05,7.475,-15.259,15.687,-21.463,24.531C4.047,136.217,1.764,143.833,1.764,151.449h28.311V105.178z"" style=""fill:#A38671;"">
    </path>
   </g>
   <g>
    <path d=""M1.764,151.449c0.0,7.616,2.283,15.232,6.848,21.74c6.204,8.844,13.413,17.056,21.463,24.531V151.449H1.764z"" style=""fill:#7F6452;"">
    </path>
   </g>
   <g>
    <path d=""M234.594,79.78c-24.752,-12.993,-53.53,-20.452,-84.251,-20.452c-31.52,0.0,-61.002,7.842,-86.181,21.467V151.449H234.594V79.78z"" style=""fill:#A38671;"">
    </path>
   </g>
   <g>
    <path d=""M64.162,151.449v70.653c25.179,13.626,54.661,21.467,86.181,21.467c30.721,0.0,59.499,-7.459,84.251,-20.452V151.449H64.162z"" style=""fill:#7F6452;"">
    </path>
   </g>
   <g>
    <path d=""M291.6,129.038c-6.593,-9.29,-14.291,-17.882,-22.92,-25.636V151.449H298.764C298.764,143.608,296.376,135.767,291.6,129.038z"" style=""fill:#A38671;"">
    </path>
   </g>
   <g>
    <path d=""M268.68,151.449v48.047c8.629,-7.754,16.327,-16.346,22.92,-25.636c4.776,-6.729,7.164,-14.57,7.164,-22.411H268.68z"" style=""fill:#7F6452;"">
    </path>
   </g>
   <g>
    <path d=""M64.162,80.796c-12.524,6.777,-23.974,14.992,-34.086,24.382V151.449h34.086V80.796z"" style=""fill:#BCA291;"">
    </path>
   </g>
   <g>
    <path d=""M30.075,151.449v46.271c10.113,9.39,21.563,17.605,34.086,24.382V151.449H30.075z"" style=""fill:#9B7A67;"">
    </path>
   </g>
   <g>
    <path d=""M268.68,103.402c-10.155,-9.125,-21.611,-17.073,-34.086,-23.621V151.449h34.086V103.402z"" style=""fill:#BCA291;"">
    </path>
   </g>
   <g>
    <path d=""M234.594,151.449v71.669c12.476,-6.549,23.932,-14.496,34.086,-23.621V151.449H234.594z"" style=""fill:#9B7A67;"">
    </path>
   </g>
  </g>
  <g>
   <rect height=""17.043"" style=""fill:#F9B65F;"" width=""170.432"" x=""64.162"" y=""142.927"">
   </rect>
  </g>
  <g>
   <g>
    <path d=""M84.602,168.492h-6.794c-2.83,0.0,-5.125,-2.294,-5.125,-5.125v-23.837c0.0,-2.83,2.294,-5.125,5.125,-5.125h6.794c2.83,0.0,5.125,2.294,5.125,5.125v23.837C89.727,166.198,87.432,168.492,84.602,168.492z"" style=""fill:#E3E5E4;"">
    </path>
   </g>
   <g>
    <path d=""M118.688,168.492h-6.794c-2.83,0.0,-5.125,-2.294,-5.125,-5.125v-23.837c0.0,-2.83,2.294,-5.125,5.125,-5.125h6.794c2.83,0.0,5.125,2.294,5.125,5.125v23.837C123.813,166.198,121.519,168.492,118.688,168.492z"" style=""fill:#E3E5E4;"">
    </path>
   </g>
   <g>
    <path d=""M152.775,168.492h-6.794c-2.83,0.0,-5.125,-2.294,-5.125,-5.125v-23.837c0.0,-2.83,2.294,-5.125,5.125,-5.125h6.794c2.83,0.0,5.125,2.294,5.125,5.125v23.837C157.899,166.198,155.605,168.492,152.775,168.492z"" style=""fill:#E3E5E4;"">
    </path>
   </g>
   <g>
    <path d=""M186.861,168.492h-6.794c-2.83,0.0,-5.125,-2.294,-5.125,-5.125v-23.837c0.0,-2.83,2.294,-5.125,5.125,-5.125h6.794c2.83,0.0,5.125,2.294,5.125,5.125v23.837C191.986,166.198,189.691,168.492,186.861,168.492z"" style=""fill:#E3E5E4;"">
    </path>
   </g>
   <g>
    <path d=""M220.948,168.492h-6.794c-2.83,0.0,-5.125,-2.294,-5.125,-5.125v-23.837c0.0,-2.83,2.294,-5.125,5.125,-5.125h6.794c2.83,0.0,5.125,2.294,5.125,5.125v23.837C226.072,166.198,223.778,168.492,220.948,168.492z"" style=""fill:#E3E5E4;"">
    </path>
   </g>
  </g>
 </g>
</svg>


Question: What type of object is shown in the image?",Basketball,Soccer ball,ball,Football,D,entertainment
48,"Examine the following SVG code carefully and answer the question based on your interpretation of the rendered image.

<svg id=""Capa_1"" style=""enable-background:new 0 0 434.979 434.979;"" version=""1.1"" viewbox=""0 0 434.979 434.979"" x=""0px"" xml:space=""preserve"" y=""0px"">
 <path d=""M410.202,31.364C391.524,12.686,364.167,2.814,331.089,2.814C262.512,2.814,178.501,44.223,111.841,110.882C9.426,213.299,-26.989,349.931,32.322,409.244c18.676,18.676,46.031,28.548,79.11,28.55c0.004,0.0,0.005,0.0,0.01,0.0c68.57,0.0,152.578,-41.41,219.238,-108.07C433.097,227.307,469.513,90.675,410.202,31.364zM46.724,395.345c-0.084,-0.083,-0.175,-0.16,-0.259,-0.243c-0.015,-0.015,-0.028,-0.031,-0.043,-0.046c-11.927,-12.018,-7.169,-44.407,12.431,-84.564c22.416,-45.925,60.796,-97.253,108.07,-144.526C254.198,78.689,336.073,38.938,375.212,38.938c9.469,0.0,16.479,2.208,20.839,6.56c0.003,0.003,0.006,0.005,0.009,0.008c11.982,11.984,7.234,44.403,-12.389,84.608c-22.416,45.926,-60.797,97.253,-108.071,144.527c-87.279,87.28,-169.153,127.029,-208.288,127.026C58.016,401.667,51.097,399.536,46.724,395.345zM125.983,125.025C189.03,61.979,267.622,22.814,331.089,22.814c4.708,0.0,9.252,0.246,13.647,0.696c-53.443,14.506,-126.1,62.457,-191.956,128.313c-48.799,48.799,-88.539,102.033,-111.9,149.896c-7.542,15.452,-13.045,29.755,-16.511,42.717C17.849,283.169,56.202,194.807,125.983,125.025zM316.538,315.581c-63.05,63.051,-141.642,102.216,-205.104,102.213c-4.708,0.0,-9.253,-0.246,-13.648,-0.697c53.442,-14.505,126.099,-62.456,191.956,-128.313c48.799,-48.8,88.54,-102.034,111.901,-149.897c7.543,-15.453,13.046,-29.758,16.512,-42.72C424.676,157.433,386.322,245.797,316.538,315.581z"">
 </path>
</svg>


Question: What is the shape of the object in the image?",Circle,Square,Triangle,Ellipse,D,entertainment
49,"Examine the following SVG code carefully and answer the question based on your interpretation of the rendered image.

<svg id=""Capa_1"" style=""enable-background:new 0 0 434.979 434.979;"" version=""1.1"" viewbox=""0 0 434.979 434.979"" x=""0px"" xml:space=""preserve"" y=""0px"">
 <path d=""M410.202,31.364C391.524,12.686,364.167,2.814,331.089,2.814C262.512,2.814,178.501,44.223,111.841,110.882C9.426,213.299,-26.989,349.931,32.322,409.244c18.676,18.676,46.031,28.548,79.11,28.55c0.004,0.0,0.005,0.0,0.01,0.0c68.57,0.0,152.578,-41.41,219.238,-108.07C433.097,227.307,469.513,90.675,410.202,31.364zM46.724,395.345c-0.084,-0.083,-0.175,-0.16,-0.259,-0.243c-0.015,-0.015,-0.028,-0.031,-0.043,-0.046c-11.927,-12.018,-7.169,-44.407,12.431,-84.564c22.416,-45.925,60.796,-97.253,108.07,-144.526C254.198,78.689,336.073,38.938,375.212,38.938c9.469,0.0,16.479,2.208,20.839,6.56c0.003,0.003,0.006,0.005,0.009,0.008c11.982,11.984,7.234,44.403,-12.389,84.608c-22.416,45.926,-60.797,97.253,-108.071,144.527c-87.279,87.28,-169.153,127.029,-208.288,127.026C58.016,401.667,51.097,399.536,46.724,395.345zM125.983,125.025C189.03,61.979,267.622,22.814,331.089,22.814c4.708,0.0,9.252,0.246,13.647,0.696c-53.443,14.506,-126.1,62.457,-191.956,128.313c-48.799,48.799,-88.539,102.033,-111.9,149.896c-7.542,15.452,-13.045,29.755,-16.511,42.717C17.849,283.169,56.202,194.807,125.983,125.025zM316.538,315.581c-63.05,63.051,-141.642,102.216,-205.104,102.213c-4.708,0.0,-9.253,-0.246,-13.648,-0.697c53.442,-14.505,126.099,-62.456,191.956,-128.313c48.799,-48.8,88.54,-102.034,111.901,-149.897c7.543,-15.453,13.046,-29.758,16.512,-42.72C424.676,157.433,386.322,245.797,316.538,315.581z"">
 </path>
</svg>


Question: How many lines are there in the image?",1,2,3,4,B,entertainment
50,"Examine the following SVG code carefully and answer the question based on your interpretation of the rendered image.

<svg id=""Capa_1"" style=""enable-background:new 0 0 434.979 434.979;"" version=""1.1"" viewbox=""0 0 434.979 434.979"" x=""0px"" xml:space=""preserve"" y=""0px"">
 <path d=""M410.202,31.364C391.524,12.686,364.167,2.814,331.089,2.814C262.512,2.814,178.501,44.223,111.841,110.882C9.426,213.299,-26.989,349.931,32.322,409.244c18.676,18.676,46.031,28.548,79.11,28.55c0.004,0.0,0.005,0.0,0.01,0.0c68.57,0.0,152.578,-41.41,219.238,-108.07C433.097,227.307,469.513,90.675,410.202,31.364zM46.724,395.345c-0.084,-0.083,-0.175,-0.16,-0.259,-0.243c-0.015,-0.015,-0.028,-0.031,-0.043,-0.046c-11.927,-12.018,-7.169,-44.407,12.431,-84.564c22.416,-45.925,60.796,-97.253,108.07,-144.526C254.198,78.689,336.073,38.938,375.212,38.938c9.469,0.0,16.479,2.208,20.839,6.56c0.003,0.003,0.006,0.005,0.009,0.008c11.982,11.984,7.234,44.403,-12.389,84.608c-22.416,45.926,-60.797,97.253,-108.071,144.527c-87.279,87.28,-169.153,127.029,-208.288,127.026C58.016,401.667,51.097,399.536,46.724,395.345zM125.983,125.025C189.03,61.979,267.622,22.814,331.089,22.814c4.708,0.0,9.252,0.246,13.647,0.696c-53.443,14.506,-126.1,62.457,-191.956,128.313c-48.799,48.799,-88.539,102.033,-111.9,149.896c-7.542,15.452,-13.045,29.755,-16.511,42.717C17.849,283.169,56.202,194.807,125.983,125.025zM316.538,315.581c-63.05,63.051,-141.642,102.216,-205.104,102.213c-4.708,0.0,-9.253,-0.246,-13.648,-0.697c53.442,-14.505,126.099,-62.456,191.956,-128.313c48.799,-48.8,88.54,-102.034,111.901,-149.897c7.543,-15.453,13.046,-29.758,16.512,-42.72C424.676,157.433,386.322,245.797,316.538,315.581z"">
 </path>
</svg>


Question: What is the orientation of the inner line relative to the outer shape?",Parallel,Perpendicular,Diagonal,Curved,C,entertainment
51,"Examine the following SVG code carefully and answer the question based on your interpretation of the rendered image.

<svg id=""Capa_1"" style=""enable-background:new 0 0 434.979 434.979;"" version=""1.1"" viewbox=""0 0 434.979 434.979"" x=""0px"" xml:space=""preserve"" y=""0px"">
 <path d=""M410.202,31.364C391.524,12.686,364.167,2.814,331.089,2.814C262.512,2.814,178.501,44.223,111.841,110.882C9.426,213.299,-26.989,349.931,32.322,409.244c18.676,18.676,46.031,28.548,79.11,28.55c0.004,0.0,0.005,0.0,0.01,0.0c68.57,0.0,152.578,-41.41,219.238,-108.07C433.097,227.307,469.513,90.675,410.202,31.364zM46.724,395.345c-0.084,-0.083,-0.175,-0.16,-0.259,-0.243c-0.015,-0.015,-0.028,-0.031,-0.043,-0.046c-11.927,-12.018,-7.169,-44.407,12.431,-84.564c22.416,-45.925,60.796,-97.253,108.07,-144.526C254.198,78.689,336.073,38.938,375.212,38.938c9.469,0.0,16.479,2.208,20.839,6.56c0.003,0.003,0.006,0.005,0.009,0.008c11.982,11.984,7.234,44.403,-12.389,84.608c-22.416,45.926,-60.797,97.253,-108.071,144.527c-87.279,87.28,-169.153,127.029,-208.288,127.026C58.016,401.667,51.097,399.536,46.724,395.345zM125.983,125.025C189.03,61.979,267.622,22.814,331.089,22.814c4.708,0.0,9.252,0.246,13.647,0.696c-53.443,14.506,-126.1,62.457,-191.956,128.313c-48.799,48.799,-88.539,102.033,-111.9,149.896c-7.542,15.452,-13.045,29.755,-16.511,42.717C17.849,283.169,56.202,194.807,125.983,125.025zM316.538,315.581c-63.05,63.051,-141.642,102.216,-205.104,102.213c-4.708,0.0,-9.253,-0.246,-13.648,-0.697c53.442,-14.505,126.099,-62.456,191.956,-128.313c48.799,-48.8,88.54,-102.034,111.901,-149.897c7.543,-15.453,13.046,-29.758,16.512,-42.72C424.676,157.433,386.322,245.797,316.538,315.581z"">
 </path>
</svg>


Question: What type of object is depicted in the image?",ball,cube,pyramid,hexagon,A,entertainment
60,"Examine the following SVG code carefully and answer the question based on your interpretation of the rendered image.

<svg id=""Layer_1"" style=""enable-background:new 0 0 512 512;"" version=""1.1"" viewbox=""0 0 512 512"" x=""0px"" xml:space=""preserve"" y=""0px"">
 <path d=""M342.07,76.671l-4.702,-48.102l20.062,8.9c31.531,13.978,59.358,34.278,82.697,60.322l14.601,16.29l-46.831,10.411L342.07,76.671z"" style=""fill:#D3D7DF;"">
 </path>
 <polygon points=""259.220,190.676 259.220,109.439 342.062,76.662 407.888,124.492 402.409,213.426 325.541,238.881"" style=""fill:#E9EBEF;"">
 </polygon>
 <g>
  <polygon points=""83.988,359.824 58.857,282.435 116.048,213.426 192.890,238.872 218.038,316.270 170.746,381.729"" style=""fill:#D3D7DF;"">
  </polygon>
  <polygon points=""300.410,316.270 325.541,238.872 402.409,213.426 459.591,282.418 434.443,359.824 347.694,381.720"" style=""fill:#D3D7DF;"">
  </polygon>
 </g>
 <g>
  <path d=""M299.915,457.786l47.787,-76.075l86.75,-21.905l23.347,40.073l-5.18,6.801c-29.124,38.246,-68.369,66.79,-113.51,82.551l-7.987,2.79L299.915,457.786z"" style=""fill:#6D7584;"">
  </path>
  <path d=""M179.348,489.24C134.215,473.479,94.962,444.935,65.846,406.689l-5.18,-6.801l23.339,-40.073l86.75,21.914l47.787,76.066l-31.198,34.236L179.348,489.24z"" style=""fill:#6D7584;"">
  </path>
 </g>
 <path d=""M259.22,502.979c-16.845,0.0,-33.954,-1.826,-50.85,-5.436l-21.811,-4.651l31.974,-35.098h81.365l31.974,35.098l-21.811,4.651C293.174,501.153,276.065,502.979,259.22,502.979z"" style=""fill:#A7B0C0;"">
 </path>
 <path d=""M434.443,359.815l25.148,-77.372l43.81,-19.746l-2.27,22.11c-3.507,34.099,-14.208,66.705,-31.812,96.922l-11.059,18.987L434.443,359.815z"" style=""fill:#E9EBEF;"">
 </path>
 <path d=""M402.401,213.426l5.495,-88.926l46.097,-10.249l4.907,7.049c27.307,39.27,42.274,85.393,43.273,133.393l0.179,8.457l-42.761,19.268L402.401,213.426z"" style=""fill:#6D7584;"">
 </path>
 <path d=""M63.713,114.072l14.601,-16.282c23.347,-26.044,51.174,-46.345,82.705,-60.322l20.062,-8.892l-4.693,48.094l-65.835,47.821L63.713,114.072z"" style=""fill:#D3D7DF;"">
 </path>
 <path d=""M49.121,381.72c-17.604,-30.217,-28.305,-62.822,-31.812,-96.922l-2.27,-22.11l43.827,19.746l25.131,77.372l-23.817,40.9L49.121,381.72z"" style=""fill:#E9EBEF;"">
 </path>
 <polygon points=""218.234,316.841 192.899,238.881 259.220,190.676 325.541,238.881 300.214,316.841"" style=""fill:#494E58;"">
 </polygon>
 <path d=""M176.378,76.671l4.617,-47.241l8.209,-2.475C212.039,20.069,235.6,16.579,259.22,16.579s47.181,3.49,70.025,10.377l8.209,2.475l4.625,47.241L259.22,109.447L176.378,76.671z"" style=""fill:#6D7584;"">
 </path>
 <polygon points=""218.533,457.795 170.746,381.737 218.533,316.841 299.898,316.841 347.694,381.720 299.907,457.795"" style=""fill:#BDC4D0;"">
 </polygon>
 <path d=""M16.088,263.158l0.179,-8.465c0.998,-48.009,15.966,-94.14,43.281,-133.402l4.907,-7.049l46.089,10.249l5.504,88.934l-57.182,68.992L16.088,263.158z"" style=""fill:#6D7584;"">
 </path>
 <polygon points=""116.048,213.426 110.552,124.492 176.387,76.662 259.220,109.439 259.220,190.676 193.394,238.514"" style=""fill:#E9EBEF;"">
 </polygon>
 <path d=""M259.22,3.779C117.84,3.779,3.22,118.399,3.22,259.779s114.62,256.0,256.0,256.0c141.389,0.0,256.0,-114.62,256.0,-256.0S400.609,3.779,259.22,3.779zM430.595,106.324l-19.849,4.412l-56.499,-41.045l-2.005,-20.523C382.322,62.505,408.912,82.141,430.595,106.324zM394.687,130.712l-4.514,73.276l-62.413,20.668l-55.74,-40.499v-66.014l68.215,-26.991L394.687,130.712zM290.913,304.041h-63.377l-19.593,-60.271L259.22,206.505l51.277,37.265L290.913,304.041zM332.223,382.292l-39.39,62.703h-67.226l-39.39,-62.686l38.784,-52.659h68.429L332.223,382.292zM192.89,39.209c21.026,-6.332,43.273,-9.83,66.33,-9.83s45.303,3.499,66.33,9.83l2.842,29.107L259.22,95.674l-69.171,-27.366L192.89,39.209zM246.42,118.143v66.014l-55.279,40.175l-62.857,-20.386l-4.523,-73.225l54.46,-39.561L246.42,118.143zM166.207,49.159l-2.005,20.531l-56.508,41.054l-19.849,-4.412C109.528,82.141,136.127,62.497,166.207,49.159zM70.053,128.605l28.314,6.298l4.591,74.266l-47.727,57.583l-26.163,-11.793C30.04,208.084,44.999,164.624,70.053,128.605zM60.18,375.278c-16.043,-27.537,-26.726,-58.573,-30.14,-91.793L48.438,291.779l21.615,66.543L60.18,375.278zM120.323,228.325l62.404,20.659l21.137,65.05l-38.4,53.154l-71.475,-18.048L73.21,285.174L120.323,228.325zM183.563,477.157c-43.136,-15.061,-80.375,-42.547,-107.546,-78.225l14.182,-24.346l72.431,18.295l39.876,63.479L183.563,477.157zM259.22,490.179c-16.529,0.0,-32.623,-1.835,-48.179,-5.154l13.15,-14.43h70.059l13.15,14.43C291.843,488.344,275.749,490.179,259.22,490.179zM334.877,477.157l-18.953,-20.804l39.876,-63.488l72.431,-18.287l14.182,24.354C415.252,434.618,378.013,462.096,334.877,477.157zM424.459,349.14l-71.475,18.039l-38.391,-53.137l21.129,-65.05l62.413,-20.659l47.113,56.841L424.459,349.14zM458.26,375.278l-9.873,-16.956L470.01,291.779l18.389,-8.286C484.986,316.713,474.311,347.741,458.26,375.278zM489.373,254.958l-26.155,11.785l-47.735,-57.591l4.591,-74.257l28.314,-6.298C473.449,164.624,488.4,208.084,489.373,254.958z"" style=""fill:#573A32;"">
 </path>
</svg>


Question: How many pentagonal shapes are present on the object?",5,6,12,20,B,entertainment
61,"Examine the following SVG code carefully and answer the question based on your interpretation of the rendered image.

<svg id=""Layer_1"" style=""enable-background:new 0 0 512 512;"" version=""1.1"" viewbox=""0 0 512 512"" x=""0px"" xml:space=""preserve"" y=""0px"">
 <path d=""M342.07,76.671l-4.702,-48.102l20.062,8.9c31.531,13.978,59.358,34.278,82.697,60.322l14.601,16.29l-46.831,10.411L342.07,76.671z"" style=""fill:#D3D7DF;"">
 </path>
 <polygon points=""259.220,190.676 259.220,109.439 342.062,76.662 407.888,124.492 402.409,213.426 325.541,238.881"" style=""fill:#E9EBEF;"">
 </polygon>
 <g>
  <polygon points=""83.988,359.824 58.857,282.435 116.048,213.426 192.890,238.872 218.038,316.270 170.746,381.729"" style=""fill:#D3D7DF;"">
  </polygon>
  <polygon points=""300.410,316.270 325.541,238.872 402.409,213.426 459.591,282.418 434.443,359.824 347.694,381.720"" style=""fill:#D3D7DF;"">
  </polygon>
 </g>
 <g>
  <path d=""M299.915,457.786l47.787,-76.075l86.75,-21.905l23.347,40.073l-5.18,6.801c-29.124,38.246,-68.369,66.79,-113.51,82.551l-7.987,2.79L299.915,457.786z"" style=""fill:#6D7584;"">
  </path>
  <path d=""M179.348,489.24C134.215,473.479,94.962,444.935,65.846,406.689l-5.18,-6.801l23.339,-40.073l86.75,21.914l47.787,76.066l-31.198,34.236L179.348,489.24z"" style=""fill:#6D7584;"">
  </path>
 </g>
 <path d=""M259.22,502.979c-16.845,0.0,-33.954,-1.826,-50.85,-5.436l-21.811,-4.651l31.974,-35.098h81.365l31.974,35.098l-21.811,4.651C293.174,501.153,276.065,502.979,259.22,502.979z"" style=""fill:#A7B0C0;"">
 </path>
 <path d=""M434.443,359.815l25.148,-77.372l43.81,-19.746l-2.27,22.11c-3.507,34.099,-14.208,66.705,-31.812,96.922l-11.059,18.987L434.443,359.815z"" style=""fill:#E9EBEF;"">
 </path>
 <path d=""M402.401,213.426l5.495,-88.926l46.097,-10.249l4.907,7.049c27.307,39.27,42.274,85.393,43.273,133.393l0.179,8.457l-42.761,19.268L402.401,213.426z"" style=""fill:#6D7584;"">
 </path>
 <path d=""M63.713,114.072l14.601,-16.282c23.347,-26.044,51.174,-46.345,82.705,-60.322l20.062,-8.892l-4.693,48.094l-65.835,47.821L63.713,114.072z"" style=""fill:#D3D7DF;"">
 </path>
 <path d=""M49.121,381.72c-17.604,-30.217,-28.305,-62.822,-31.812,-96.922l-2.27,-22.11l43.827,19.746l25.131,77.372l-23.817,40.9L49.121,381.72z"" style=""fill:#E9EBEF;"">
 </path>
 <polygon points=""218.234,316.841 192.899,238.881 259.220,190.676 325.541,238.881 300.214,316.841"" style=""fill:#494E58;"">
 </polygon>
 <path d=""M176.378,76.671l4.617,-47.241l8.209,-2.475C212.039,20.069,235.6,16.579,259.22,16.579s47.181,3.49,70.025,10.377l8.209,2.475l4.625,47.241L259.22,109.447L176.378,76.671z"" style=""fill:#6D7584;"">
 </path>
 <polygon points=""218.533,457.795 170.746,381.737 218.533,316.841 299.898,316.841 347.694,381.720 299.907,457.795"" style=""fill:#BDC4D0;"">
 </polygon>
 <path d=""M16.088,263.158l0.179,-8.465c0.998,-48.009,15.966,-94.14,43.281,-133.402l4.907,-7.049l46.089,10.249l5.504,88.934l-57.182,68.992L16.088,263.158z"" style=""fill:#6D7584;"">
 </path>
 <polygon points=""116.048,213.426 110.552,124.492 176.387,76.662 259.220,109.439 259.220,190.676 193.394,238.514"" style=""fill:#E9EBEF;"">
 </polygon>
 <path d=""M259.22,3.779C117.84,3.779,3.22,118.399,3.22,259.779s114.62,256.0,256.0,256.0c141.389,0.0,256.0,-114.62,256.0,-256.0S400.609,3.779,259.22,3.779zM430.595,106.324l-19.849,4.412l-56.499,-41.045l-2.005,-20.523C382.322,62.505,408.912,82.141,430.595,106.324zM394.687,130.712l-4.514,73.276l-62.413,20.668l-55.74,-40.499v-66.014l68.215,-26.991L394.687,130.712zM290.913,304.041h-63.377l-19.593,-60.271L259.22,206.505l51.277,37.265L290.913,304.041zM332.223,382.292l-39.39,62.703h-67.226l-39.39,-62.686l38.784,-52.659h68.429L332.223,382.292zM192.89,39.209c21.026,-6.332,43.273,-9.83,66.33,-9.83s45.303,3.499,66.33,9.83l2.842,29.107L259.22,95.674l-69.171,-27.366L192.89,39.209zM246.42,118.143v66.014l-55.279,40.175l-62.857,-20.386l-4.523,-73.225l54.46,-39.561L246.42,118.143zM166.207,49.159l-2.005,20.531l-56.508,41.054l-19.849,-4.412C109.528,82.141,136.127,62.497,166.207,49.159zM70.053,128.605l28.314,6.298l4.591,74.266l-47.727,57.583l-26.163,-11.793C30.04,208.084,44.999,164.624,70.053,128.605zM60.18,375.278c-16.043,-27.537,-26.726,-58.573,-30.14,-91.793L48.438,291.779l21.615,66.543L60.18,375.278zM120.323,228.325l62.404,20.659l21.137,65.05l-38.4,53.154l-71.475,-18.048L73.21,285.174L120.323,228.325zM183.563,477.157c-43.136,-15.061,-80.375,-42.547,-107.546,-78.225l14.182,-24.346l72.431,18.295l39.876,63.479L183.563,477.157zM259.22,490.179c-16.529,0.0,-32.623,-1.835,-48.179,-5.154l13.15,-14.43h70.059l13.15,14.43C291.843,488.344,275.749,490.179,259.22,490.179zM334.877,477.157l-18.953,-20.804l39.876,-63.488l72.431,-18.287l14.182,24.354C415.252,434.618,378.013,462.096,334.877,477.157zM424.459,349.14l-71.475,18.039l-38.391,-53.137l21.129,-65.05l62.413,-20.659l47.113,56.841L424.459,349.14zM458.26,375.278l-9.873,-16.956L470.01,291.779l18.389,-8.286C484.986,316.713,474.311,347.741,458.26,375.278zM489.373,254.958l-26.155,11.785l-47.735,-57.591l4.591,-74.257l28.314,-6.298C473.449,164.624,488.4,208.084,489.373,254.958z"" style=""fill:#573A32;"">
 </path>
</svg>


Question: What is the primary color of the hexagonal shapes on the object?",Red,Blue,White,Black,C,entertainment
62,"Examine the following SVG code carefully and answer the question based on your interpretation of the rendered image.

<svg id=""Layer_1"" style=""enable-background:new 0 0 512 512;"" version=""1.1"" viewbox=""0 0 512 512"" x=""0px"" xml:space=""preserve"" y=""0px"">
 <path d=""M342.07,76.671l-4.702,-48.102l20.062,8.9c31.531,13.978,59.358,34.278,82.697,60.322l14.601,16.29l-46.831,10.411L342.07,76.671z"" style=""fill:#D3D7DF;"">
 </path>
 <polygon points=""259.220,190.676 259.220,109.439 342.062,76.662 407.888,124.492 402.409,213.426 325.541,238.881"" style=""fill:#E9EBEF;"">
 </polygon>
 <g>
  <polygon points=""83.988,359.824 58.857,282.435 116.048,213.426 192.890,238.872 218.038,316.270 170.746,381.729"" style=""fill:#D3D7DF;"">
  </polygon>
  <polygon points=""300.410,316.270 325.541,238.872 402.409,213.426 459.591,282.418 434.443,359.824 347.694,381.720"" style=""fill:#D3D7DF;"">
  </polygon>
 </g>
 <g>
  <path d=""M299.915,457.786l47.787,-76.075l86.75,-21.905l23.347,40.073l-5.18,6.801c-29.124,38.246,-68.369,66.79,-113.51,82.551l-7.987,2.79L299.915,457.786z"" style=""fill:#6D7584;"">
  </path>
  <path d=""M179.348,489.24C134.215,473.479,94.962,444.935,65.846,406.689l-5.18,-6.801l23.339,-40.073l86.75,21.914l47.787,76.066l-31.198,34.236L179.348,489.24z"" style=""fill:#6D7584;"">
  </path>
 </g>
 <path d=""M259.22,502.979c-16.845,0.0,-33.954,-1.826,-50.85,-5.436l-21.811,-4.651l31.974,-35.098h81.365l31.974,35.098l-21.811,4.651C293.174,501.153,276.065,502.979,259.22,502.979z"" style=""fill:#A7B0C0;"">
 </path>
 <path d=""M434.443,359.815l25.148,-77.372l43.81,-19.746l-2.27,22.11c-3.507,34.099,-14.208,66.705,-31.812,96.922l-11.059,18.987L434.443,359.815z"" style=""fill:#E9EBEF;"">
 </path>
 <path d=""M402.401,213.426l5.495,-88.926l46.097,-10.249l4.907,7.049c27.307,39.27,42.274,85.393,43.273,133.393l0.179,8.457l-42.761,19.268L402.401,213.426z"" style=""fill:#6D7584;"">
 </path>
 <path d=""M63.713,114.072l14.601,-16.282c23.347,-26.044,51.174,-46.345,82.705,-60.322l20.062,-8.892l-4.693,48.094l-65.835,47.821L63.713,114.072z"" style=""fill:#D3D7DF;"">
 </path>
 <path d=""M49.121,381.72c-17.604,-30.217,-28.305,-62.822,-31.812,-96.922l-2.27,-22.11l43.827,19.746l25.131,77.372l-23.817,40.9L49.121,381.72z"" style=""fill:#E9EBEF;"">
 </path>
 <polygon points=""218.234,316.841 192.899,238.881 259.220,190.676 325.541,238.881 300.214,316.841"" style=""fill:#494E58;"">
 </polygon>
 <path d=""M176.378,76.671l4.617,-47.241l8.209,-2.475C212.039,20.069,235.6,16.579,259.22,16.579s47.181,3.49,70.025,10.377l8.209,2.475l4.625,47.241L259.22,109.447L176.378,76.671z"" style=""fill:#6D7584;"">
 </path>
 <polygon points=""218.533,457.795 170.746,381.737 218.533,316.841 299.898,316.841 347.694,381.720 299.907,457.795"" style=""fill:#BDC4D0;"">
 </polygon>
 <path d=""M16.088,263.158l0.179,-8.465c0.998,-48.009,15.966,-94.14,43.281,-133.402l4.907,-7.049l46.089,10.249l5.504,88.934l-57.182,68.992L16.088,263.158z"" style=""fill:#6D7584;"">
 </path>
 <polygon points=""116.048,213.426 110.552,124.492 176.387,76.662 259.220,109.439 259.220,190.676 193.394,238.514"" style=""fill:#E9EBEF;"">
 </polygon>
 <path d=""M259.22,3.779C117.84,3.779,3.22,118.399,3.22,259.779s114.62,256.0,256.0,256.0c141.389,0.0,256.0,-114.62,256.0,-256.0S400.609,3.779,259.22,3.779zM430.595,106.324l-19.849,4.412l-56.499,-41.045l-2.005,-20.523C382.322,62.505,408.912,82.141,430.595,106.324zM394.687,130.712l-4.514,73.276l-62.413,20.668l-55.74,-40.499v-66.014l68.215,-26.991L394.687,130.712zM290.913,304.041h-63.377l-19.593,-60.271L259.22,206.505l51.277,37.265L290.913,304.041zM332.223,382.292l-39.39,62.703h-67.226l-39.39,-62.686l38.784,-52.659h68.429L332.223,382.292zM192.89,39.209c21.026,-6.332,43.273,-9.83,66.33,-9.83s45.303,3.499,66.33,9.83l2.842,29.107L259.22,95.674l-69.171,-27.366L192.89,39.209zM246.42,118.143v66.014l-55.279,40.175l-62.857,-20.386l-4.523,-73.225l54.46,-39.561L246.42,118.143zM166.207,49.159l-2.005,20.531l-56.508,41.054l-19.849,-4.412C109.528,82.141,136.127,62.497,166.207,49.159zM70.053,128.605l28.314,6.298l4.591,74.266l-47.727,57.583l-26.163,-11.793C30.04,208.084,44.999,164.624,70.053,128.605zM60.18,375.278c-16.043,-27.537,-26.726,-58.573,-30.14,-91.793L48.438,291.779l21.615,66.543L60.18,375.278zM120.323,228.325l62.404,20.659l21.137,65.05l-38.4,53.154l-71.475,-18.048L73.21,285.174L120.323,228.325zM183.563,477.157c-43.136,-15.061,-80.375,-42.547,-107.546,-78.225l14.182,-24.346l72.431,18.295l39.876,63.479L183.563,477.157zM259.22,490.179c-16.529,0.0,-32.623,-1.835,-48.179,-5.154l13.15,-14.43h70.059l13.15,14.43C291.843,488.344,275.749,490.179,259.22,490.179zM334.877,477.157l-18.953,-20.804l39.876,-63.488l72.431,-18.287l14.182,24.354C415.252,434.618,378.013,462.096,334.877,477.157zM424.459,349.14l-71.475,18.039l-38.391,-53.137l21.129,-65.05l62.413,-20.659l47.113,56.841L424.459,349.14zM458.26,375.278l-9.873,-16.956L470.01,291.779l18.389,-8.286C484.986,316.713,474.311,347.741,458.26,375.278zM489.373,254.958l-26.155,11.785l-47.735,-57.591l4.591,-74.257l28.314,-6.298C473.449,164.624,488.4,208.084,489.373,254.958z"" style=""fill:#573A32;"">
 </path>
</svg>


Question: What is the shape of the object?",Square,Triangle,Circle,Hexagon,C,entertainment
63,"Examine the following SVG code carefully and answer the question based on your interpretation of the rendered image.

<svg id=""Layer_1"" style=""enable-background:new 0 0 512 512;"" version=""1.1"" viewbox=""0 0 512 512"" x=""0px"" xml:space=""preserve"" y=""0px"">
 <path d=""M342.07,76.671l-4.702,-48.102l20.062,8.9c31.531,13.978,59.358,34.278,82.697,60.322l14.601,16.29l-46.831,10.411L342.07,76.671z"" style=""fill:#D3D7DF;"">
 </path>
 <polygon points=""259.220,190.676 259.220,109.439 342.062,76.662 407.888,124.492 402.409,213.426 325.541,238.881"" style=""fill:#E9EBEF;"">
 </polygon>
 <g>
  <polygon points=""83.988,359.824 58.857,282.435 116.048,213.426 192.890,238.872 218.038,316.270 170.746,381.729"" style=""fill:#D3D7DF;"">
  </polygon>
  <polygon points=""300.410,316.270 325.541,238.872 402.409,213.426 459.591,282.418 434.443,359.824 347.694,381.720"" style=""fill:#D3D7DF;"">
  </polygon>
 </g>
 <g>
  <path d=""M299.915,457.786l47.787,-76.075l86.75,-21.905l23.347,40.073l-5.18,6.801c-29.124,38.246,-68.369,66.79,-113.51,82.551l-7.987,2.79L299.915,457.786z"" style=""fill:#6D7584;"">
  </path>
  <path d=""M179.348,489.24C134.215,473.479,94.962,444.935,65.846,406.689l-5.18,-6.801l23.339,-40.073l86.75,21.914l47.787,76.066l-31.198,34.236L179.348,489.24z"" style=""fill:#6D7584;"">
  </path>
 </g>
 <path d=""M259.22,502.979c-16.845,0.0,-33.954,-1.826,-50.85,-5.436l-21.811,-4.651l31.974,-35.098h81.365l31.974,35.098l-21.811,4.651C293.174,501.153,276.065,502.979,259.22,502.979z"" style=""fill:#A7B0C0;"">
 </path>
 <path d=""M434.443,359.815l25.148,-77.372l43.81,-19.746l-2.27,22.11c-3.507,34.099,-14.208,66.705,-31.812,96.922l-11.059,18.987L434.443,359.815z"" style=""fill:#E9EBEF;"">
 </path>
 <path d=""M402.401,213.426l5.495,-88.926l46.097,-10.249l4.907,7.049c27.307,39.27,42.274,85.393,43.273,133.393l0.179,8.457l-42.761,19.268L402.401,213.426z"" style=""fill:#6D7584;"">
 </path>
 <path d=""M63.713,114.072l14.601,-16.282c23.347,-26.044,51.174,-46.345,82.705,-60.322l20.062,-8.892l-4.693,48.094l-65.835,47.821L63.713,114.072z"" style=""fill:#D3D7DF;"">
 </path>
 <path d=""M49.121,381.72c-17.604,-30.217,-28.305,-62.822,-31.812,-96.922l-2.27,-22.11l43.827,19.746l25.131,77.372l-23.817,40.9L49.121,381.72z"" style=""fill:#E9EBEF;"">
 </path>
 <polygon points=""218.234,316.841 192.899,238.881 259.220,190.676 325.541,238.881 300.214,316.841"" style=""fill:#494E58;"">
 </polygon>
 <path d=""M176.378,76.671l4.617,-47.241l8.209,-2.475C212.039,20.069,235.6,16.579,259.22,16.579s47.181,3.49,70.025,10.377l8.209,2.475l4.625,47.241L259.22,109.447L176.378,76.671z"" style=""fill:#6D7584;"">
 </path>
 <polygon points=""218.533,457.795 170.746,381.737 218.533,316.841 299.898,316.841 347.694,381.720 299.907,457.795"" style=""fill:#BDC4D0;"">
 </polygon>
 <path d=""M16.088,263.158l0.179,-8.465c0.998,-48.009,15.966,-94.14,43.281,-133.402l4.907,-7.049l46.089,10.249l5.504,88.934l-57.182,68.992L16.088,263.158z"" style=""fill:#6D7584;"">
 </path>
 <polygon points=""116.048,213.426 110.552,124.492 176.387,76.662 259.220,109.439 259.220,190.676 193.394,238.514"" style=""fill:#E9EBEF;"">
 </polygon>
 <path d=""M259.22,3.779C117.84,3.779,3.22,118.399,3.22,259.779s114.62,256.0,256.0,256.0c141.389,0.0,256.0,-114.62,256.0,-256.0S400.609,3.779,259.22,3.779zM430.595,106.324l-19.849,4.412l-56.499,-41.045l-2.005,-20.523C382.322,62.505,408.912,82.141,430.595,106.324zM394.687,130.712l-4.514,73.276l-62.413,20.668l-55.74,-40.499v-66.014l68.215,-26.991L394.687,130.712zM290.913,304.041h-63.377l-19.593,-60.271L259.22,206.505l51.277,37.265L290.913,304.041zM332.223,382.292l-39.39,62.703h-67.226l-39.39,-62.686l38.784,-52.659h68.429L332.223,382.292zM192.89,39.209c21.026,-6.332,43.273,-9.83,66.33,-9.83s45.303,3.499,66.33,9.83l2.842,29.107L259.22,95.674l-69.171,-27.366L192.89,39.209zM246.42,118.143v66.014l-55.279,40.175l-62.857,-20.386l-4.523,-73.225l54.46,-39.561L246.42,118.143zM166.207,49.159l-2.005,20.531l-56.508,41.054l-19.849,-4.412C109.528,82.141,136.127,62.497,166.207,49.159zM70.053,128.605l28.314,6.298l4.591,74.266l-47.727,57.583l-26.163,-11.793C30.04,208.084,44.999,164.624,70.053,128.605zM60.18,375.278c-16.043,-27.537,-26.726,-58.573,-30.14,-91.793L48.438,291.779l21.615,66.543L60.18,375.278zM120.323,228.325l62.404,20.659l21.137,65.05l-38.4,53.154l-71.475,-18.048L73.21,285.174L120.323,228.325zM183.563,477.157c-43.136,-15.061,-80.375,-42.547,-107.546,-78.225l14.182,-24.346l72.431,18.295l39.876,63.479L183.563,477.157zM259.22,490.179c-16.529,0.0,-32.623,-1.835,-48.179,-5.154l13.15,-14.43h70.059l13.15,14.43C291.843,488.344,275.749,490.179,259.22,490.179zM334.877,477.157l-18.953,-20.804l39.876,-63.488l72.431,-18.287l14.182,24.354C415.252,434.618,378.013,462.096,334.877,477.157zM424.459,349.14l-71.475,18.039l-38.391,-53.137l21.129,-65.05l62.413,-20.659l47.113,56.841L424.459,349.14zM458.26,375.278l-9.873,-16.956L470.01,291.779l18.389,-8.286C484.986,316.713,474.311,347.741,458.26,375.278zM489.373,254.958l-26.155,11.785l-47.735,-57.591l4.591,-74.257l28.314,-6.298C473.449,164.624,488.4,208.084,489.373,254.958z"" style=""fill:#573A32;"">
 </path>
</svg>


Question: What is the object in the image?",Basketball,Volleyball,Soccer ball,Ping pong ball,C,entertainment
68,"Examine the following SVG code carefully and answer the question based on your interpretation of the rendered image.

<svg id=""Layer_1"" style=""enable-background:new 0 0 512.001 512.001;"" version=""1.1"" viewbox=""0 0 512.001 512.001"" x=""0px"" xml:space=""preserve"" y=""0px"">
 <g>
  <rect height=""57.91"" style=""fill:#CFF09E;"" width=""246.116"" x=""244.440"" y=""202.725"">
  </rect>
  <circle cx=""244.440"" cy=""413.603"" r=""88.544"" style=""fill:#CFF09E;"">
  </circle>
 </g>
 <path d=""M229.967,202.72v3.2v40.233V260.63c0.0,7.996,6.482,14.477,14.477,14.477h246.116c7.994,0.0,14.477,-6.482,14.477,-14.477v-57.91c0.0,-7.996,-6.483,-14.477,-14.477,-14.477h-22.482C447.24,82.507,353.81,4.63,244.445,4.63C118.737,4.63,16.467,106.901,16.467,232.609c0.0,89.76,52.151,167.556,127.739,204.717c10.747,45.407,51.596,79.306,100.24,79.306c25.296,0.0,48.476,-9.18,66.427,-24.361h179.688c7.994,0.0,14.477,-6.482,14.477,-14.477V361.973c0.0,-7.996,-6.483,-14.477,-14.477,-14.477H389.219c-7.994,0.0,-14.477,6.482,-14.477,14.477s6.483,14.477,14.477,14.477h86.865v86.865h-72.387v-43.432c0.0,-7.996,-6.483,-14.477,-14.477,-14.477s-14.477,6.482,-14.477,14.477v43.432h-40.092c8.161,-14.75,12.823,-31.694,12.823,-49.711c0.0,-56.809,-46.218,-103.029,-103.029,-103.029c-53.268,0.0,-97.223,40.635,-102.497,92.535C84.161,368.245,45.419,304.88,45.419,232.61C45.422,122.866,134.703,33.585,244.445,33.585c93.533,0.0,173.726,65.234,194.051,154.658H244.445C236.449,188.243,229.967,194.724,229.967,202.72zM244.445,339.529c40.844,0.0,74.074,33.229,74.074,74.074s-33.229,74.074,-74.074,74.074s-74.074,-33.229,-74.074,-74.074S203.601,339.529,244.445,339.529zM258.922,217.198h217.161v28.955H258.922L258.922,217.198L258.922,217.198z"" style=""fill:#507C5C;"">
 </path>
</svg>


Question: What is the primary color of the outer circle in the image?",Red,Blue,Green,Yellow,C,entertainment
69,"Examine the following SVG code carefully and answer the question based on your interpretation of the rendered image.

<svg id=""Layer_1"" style=""enable-background:new 0 0 512.001 512.001;"" version=""1.1"" viewbox=""0 0 512.001 512.001"" x=""0px"" xml:space=""preserve"" y=""0px"">
 <g>
  <rect height=""57.91"" style=""fill:#CFF09E;"" width=""246.116"" x=""244.440"" y=""202.725"">
  </rect>
  <circle cx=""244.440"" cy=""413.603"" r=""88.544"" style=""fill:#CFF09E;"">
  </circle>
 </g>
 <path d=""M229.967,202.72v3.2v40.233V260.63c0.0,7.996,6.482,14.477,14.477,14.477h246.116c7.994,0.0,14.477,-6.482,14.477,-14.477v-57.91c0.0,-7.996,-6.483,-14.477,-14.477,-14.477h-22.482C447.24,82.507,353.81,4.63,244.445,4.63C118.737,4.63,16.467,106.901,16.467,232.609c0.0,89.76,52.151,167.556,127.739,204.717c10.747,45.407,51.596,79.306,100.24,79.306c25.296,0.0,48.476,-9.18,66.427,-24.361h179.688c7.994,0.0,14.477,-6.482,14.477,-14.477V361.973c0.0,-7.996,-6.483,-14.477,-14.477,-14.477H389.219c-7.994,0.0,-14.477,6.482,-14.477,14.477s6.483,14.477,14.477,14.477h86.865v86.865h-72.387v-43.432c0.0,-7.996,-6.483,-14.477,-14.477,-14.477s-14.477,6.482,-14.477,14.477v43.432h-40.092c8.161,-14.75,12.823,-31.694,12.823,-49.711c0.0,-56.809,-46.218,-103.029,-103.029,-103.029c-53.268,0.0,-97.223,40.635,-102.497,92.535C84.161,368.245,45.419,304.88,45.419,232.61C45.422,122.866,134.703,33.585,244.445,33.585c93.533,0.0,173.726,65.234,194.051,154.658H244.445C236.449,188.243,229.967,194.724,229.967,202.72zM244.445,339.529c40.844,0.0,74.074,33.229,74.074,74.074s-33.229,74.074,-74.074,74.074s-74.074,-33.229,-74.074,-74.074S203.601,339.529,244.445,339.529zM258.922,217.198h217.161v28.955H258.922L258.922,217.198L258.922,217.198z"" style=""fill:#507C5C;"">
 </path>
</svg>


Question: What shape is located at the bottom left of the image?",Triangle,Square,Circle,Hexagon,C,entertainment
70,"Examine the following SVG code carefully and answer the question based on your interpretation of the rendered image.

<svg id=""Layer_1"" style=""enable-background:new 0 0 512.001 512.001;"" version=""1.1"" viewbox=""0 0 512.001 512.001"" x=""0px"" xml:space=""preserve"" y=""0px"">
 <g>
  <rect height=""57.91"" style=""fill:#CFF09E;"" width=""246.116"" x=""244.440"" y=""202.725"">
  </rect>
  <circle cx=""244.440"" cy=""413.603"" r=""88.544"" style=""fill:#CFF09E;"">
  </circle>
 </g>
 <path d=""M229.967,202.72v3.2v40.233V260.63c0.0,7.996,6.482,14.477,14.477,14.477h246.116c7.994,0.0,14.477,-6.482,14.477,-14.477v-57.91c0.0,-7.996,-6.483,-14.477,-14.477,-14.477h-22.482C447.24,82.507,353.81,4.63,244.445,4.63C118.737,4.63,16.467,106.901,16.467,232.609c0.0,89.76,52.151,167.556,127.739,204.717c10.747,45.407,51.596,79.306,100.24,79.306c25.296,0.0,48.476,-9.18,66.427,-24.361h179.688c7.994,0.0,14.477,-6.482,14.477,-14.477V361.973c0.0,-7.996,-6.483,-14.477,-14.477,-14.477H389.219c-7.994,0.0,-14.477,6.482,-14.477,14.477s6.483,14.477,14.477,14.477h86.865v86.865h-72.387v-43.432c0.0,-7.996,-6.483,-14.477,-14.477,-14.477s-14.477,6.482,-14.477,14.477v43.432h-40.092c8.161,-14.75,12.823,-31.694,12.823,-49.711c0.0,-56.809,-46.218,-103.029,-103.029,-103.029c-53.268,0.0,-97.223,40.635,-102.497,92.535C84.161,368.245,45.419,304.88,45.419,232.61C45.422,122.866,134.703,33.585,244.445,33.585c93.533,0.0,173.726,65.234,194.051,154.658H244.445C236.449,188.243,229.967,194.724,229.967,202.72zM244.445,339.529c40.844,0.0,74.074,33.229,74.074,74.074s-33.229,74.074,-74.074,74.074s-74.074,-33.229,-74.074,-74.074S203.601,339.529,244.445,339.529zM258.922,217.198h217.161v28.955H258.922L258.922,217.198L258.922,217.198z"" style=""fill:#507C5C;"">
 </path>
</svg>


Question: What is the color of the rectangle in the image?",Red,Blue,Green,Green,D,entertainment
71,"Examine the following SVG code carefully and answer the question based on your interpretation of the rendered image.

<svg id=""Layer_1"" style=""enable-background:new 0 0 512.001 512.001;"" version=""1.1"" viewbox=""0 0 512.001 512.001"" x=""0px"" xml:space=""preserve"" y=""0px"">
 <g>
  <rect height=""57.91"" style=""fill:#CFF09E;"" width=""246.116"" x=""244.440"" y=""202.725"">
  </rect>
  <circle cx=""244.440"" cy=""413.603"" r=""88.544"" style=""fill:#CFF09E;"">
  </circle>
 </g>
 <path d=""M229.967,202.72v3.2v40.233V260.63c0.0,7.996,6.482,14.477,14.477,14.477h246.116c7.994,0.0,14.477,-6.482,14.477,-14.477v-57.91c0.0,-7.996,-6.483,-14.477,-14.477,-14.477h-22.482C447.24,82.507,353.81,4.63,244.445,4.63C118.737,4.63,16.467,106.901,16.467,232.609c0.0,89.76,52.151,167.556,127.739,204.717c10.747,45.407,51.596,79.306,100.24,79.306c25.296,0.0,48.476,-9.18,66.427,-24.361h179.688c7.994,0.0,14.477,-6.482,14.477,-14.477V361.973c0.0,-7.996,-6.483,-14.477,-14.477,-14.477H389.219c-7.994,0.0,-14.477,6.482,-14.477,14.477s6.483,14.477,14.477,14.477h86.865v86.865h-72.387v-43.432c0.0,-7.996,-6.483,-14.477,-14.477,-14.477s-14.477,6.482,-14.477,14.477v43.432h-40.092c8.161,-14.75,12.823,-31.694,12.823,-49.711c0.0,-56.809,-46.218,-103.029,-103.029,-103.029c-53.268,0.0,-97.223,40.635,-102.497,92.535C84.161,368.245,45.419,304.88,45.419,232.61C45.422,122.866,134.703,33.585,244.445,33.585c93.533,0.0,173.726,65.234,194.051,154.658H244.445C236.449,188.243,229.967,194.724,229.967,202.72zM244.445,339.529c40.844,0.0,74.074,33.229,74.074,74.074s-33.229,74.074,-74.074,74.074s-74.074,-33.229,-74.074,-74.074S203.601,339.529,244.445,339.529zM258.922,217.198h217.161v28.955H258.922L258.922,217.198L258.922,217.198z"" style=""fill:#507C5C;"">
 </path>
</svg>


Question: What does the entire object in the image resemble?",house,car,robot,face,C,entertainment
92,"Examine the following SVG code carefully and answer the question based on your interpretation of the rendered image.

<svg id=""Layer_1"" style=""enable-background:new 0 0 496.2 496.2;"" version=""1.1"" viewbox=""0 0 496.2 496.2"" x=""0px"" xml:space=""preserve"" y=""0px"">
 <path d=""M3.69,251.553C3.69,114.553,114.79,3.453,251.79,3.453s248.1,111.1,248.1,248.1S388.79,499.653,251.79,499.653S3.69,388.553,3.69,251.553z"" style=""fill:#65A844;"">
 </path>
 <g>
  <path d=""M253.79,213.553V3.453c-0.7,0.0,-1.3,0.0,-2.0,0.0c-0.7,0.0,-1.3,0.0,-2.0,0.0v210.0c-20.1,1.0,-36.1,17.7,-36.1,38.0s16.0,37.0,36.1,38.0v210.0c0.7,0.0,1.3,0.0,2.0,0.0c0.7,0.0,1.3,0.0,2.0,0.0V289.553c20.1,-1.0,36.1,-17.7,36.1,-38.0S273.89,214.553,253.79,213.553zM217.69,251.553c0.0,-18.1,14.2,-33.0,32.1,-34.0v31.0c-0.9,0.6,-1.6,1.7,-1.6,3.0c0.0,1.3,0.6,2.3,1.6,3.0v31.0C231.89,284.553,217.69,269.653,217.69,251.553zM253.79,285.553v-31.0c0.9,-0.6,1.6,-1.7,1.6,-3.0s-0.6,-2.3,-1.6,-3.0v-31.0c17.9,1.0,32.1,15.9,32.1,34.0S271.69,284.553,253.79,285.553z"" style=""fill:#C9E5A1;"">
  </path>
  <circle cx=""453.290"" cy=""251.553"" r=""3.6"" style=""fill:#C9E5A1;"">
  </circle>
  <circle cx=""50.290"" cy=""251.553"" r=""3.6"" style=""fill:#C9E5A1;"">
  </circle>
  <path d=""M436.99,286.253v-69.4v-46.1h49.4c-0.5,-1.3,-0.9,-2.7,-1.4,-4.0h-52.0v52.5c-11.0,6.9,-17.8,19.2,-17.8,32.3c0.0,13.2,6.8,25.5,17.8,32.4v53.3h51.6c0.5,-1.3,1.0,-2.7,1.4,-4.0h-49.1v-47.0H436.99zM419.19,251.553c0.0,-10.9,5.2,-21.1,13.8,-27.5v55.0C424.29,272.753,419.19,262.753,419.19,251.553z"" style=""fill:#C9E5A1;"">
  </path>
  <path d=""M475.69,215.753h21.5c-0.2,-1.3,-0.4,-2.7,-0.6,-4.0H471.69v80.5h24.8c0.2,-1.3,0.4,-2.7,0.6,-4.0H475.69V215.753z"" style=""fill:#C9E5A1;"">
  </path>
  <path d=""M71.09,220.053v-53.3H18.59c-0.5,1.3,-0.9,2.7,-1.4,4.0h49.9v47.0v69.4v46.1H17.49c0.5,1.3,0.9,2.7,1.4,4.0h52.2v-52.5c11.0,-6.9,17.8,-19.2,17.8,-32.3C88.89,239.153,82.09,226.953,71.09,220.053zM71.09,279.853v-55.0c8.7,6.3,13.8,16.4,13.8,27.6C84.89,263.353,79.69,273.553,71.09,279.853z"" style=""fill:#C9E5A1;"">
  </path>
  <path d=""M32.39,211.753H6.89c-0.2,1.3,-0.4,2.7,-0.6,4.0h22.1v72.5h-22.0c0.2,1.3,0.4,2.7,0.6,4.0h25.4V211.753z"" style=""fill:#C9E5A1;"">
  </path>
 </g>
</svg>


Question: What shape is the overall object in the image?",Square,Rectangle,Triangle,Circle,D,entertainment
93,"Examine the following SVG code carefully and answer the question based on your interpretation of the rendered image.

<svg id=""Layer_1"" style=""enable-background:new 0 0 496.2 496.2;"" version=""1.1"" viewbox=""0 0 496.2 496.2"" x=""0px"" xml:space=""preserve"" y=""0px"">
 <path d=""M3.69,251.553C3.69,114.553,114.79,3.453,251.79,3.453s248.1,111.1,248.1,248.1S388.79,499.653,251.79,499.653S3.69,388.553,3.69,251.553z"" style=""fill:#65A844;"">
 </path>
 <g>
  <path d=""M253.79,213.553V3.453c-0.7,0.0,-1.3,0.0,-2.0,0.0c-0.7,0.0,-1.3,0.0,-2.0,0.0v210.0c-20.1,1.0,-36.1,17.7,-36.1,38.0s16.0,37.0,36.1,38.0v210.0c0.7,0.0,1.3,0.0,2.0,0.0c0.7,0.0,1.3,0.0,2.0,0.0V289.553c20.1,-1.0,36.1,-17.7,36.1,-38.0S273.89,214.553,253.79,213.553zM217.69,251.553c0.0,-18.1,14.2,-33.0,32.1,-34.0v31.0c-0.9,0.6,-1.6,1.7,-1.6,3.0c0.0,1.3,0.6,2.3,1.6,3.0v31.0C231.89,284.553,217.69,269.653,217.69,251.553zM253.79,285.553v-31.0c0.9,-0.6,1.6,-1.7,1.6,-3.0s-0.6,-2.3,-1.6,-3.0v-31.0c17.9,1.0,32.1,15.9,32.1,34.0S271.69,284.553,253.79,285.553z"" style=""fill:#C9E5A1;"">
  </path>
  <circle cx=""453.290"" cy=""251.553"" r=""3.6"" style=""fill:#C9E5A1;"">
  </circle>
  <circle cx=""50.290"" cy=""251.553"" r=""3.6"" style=""fill:#C9E5A1;"">
  </circle>
  <path d=""M436.99,286.253v-69.4v-46.1h49.4c-0.5,-1.3,-0.9,-2.7,-1.4,-4.0h-52.0v52.5c-11.0,6.9,-17.8,19.2,-17.8,32.3c0.0,13.2,6.8,25.5,17.8,32.4v53.3h51.6c0.5,-1.3,1.0,-2.7,1.4,-4.0h-49.1v-47.0H436.99zM419.19,251.553c0.0,-10.9,5.2,-21.1,13.8,-27.5v55.0C424.29,272.753,419.19,262.753,419.19,251.553z"" style=""fill:#C9E5A1;"">
  </path>
  <path d=""M475.69,215.753h21.5c-0.2,-1.3,-0.4,-2.7,-0.6,-4.0H471.69v80.5h24.8c0.2,-1.3,0.4,-2.7,0.6,-4.0H475.69V215.753z"" style=""fill:#C9E5A1;"">
  </path>
  <path d=""M71.09,220.053v-53.3H18.59c-0.5,1.3,-0.9,2.7,-1.4,4.0h49.9v47.0v69.4v46.1H17.49c0.5,1.3,0.9,2.7,1.4,4.0h52.2v-52.5c11.0,-6.9,17.8,-19.2,17.8,-32.3C88.89,239.153,82.09,226.953,71.09,220.053zM71.09,279.853v-55.0c8.7,6.3,13.8,16.4,13.8,27.6C84.89,263.353,79.69,273.553,71.09,279.853z"" style=""fill:#C9E5A1;"">
  </path>
  <path d=""M32.39,211.753H6.89c-0.2,1.3,-0.4,2.7,-0.6,4.0h22.1v72.5h-22.0c0.2,1.3,0.4,2.7,0.6,4.0h25.4V211.753z"" style=""fill:#C9E5A1;"">
  </path>
 </g>
</svg>


Question: How many goalposts are visible in the image?",One,Two,Three,Four,B,entertainment
94,"Examine the following SVG code carefully and answer the question based on your interpretation of the rendered image.

<svg id=""Layer_1"" style=""enable-background:new 0 0 496.2 496.2;"" version=""1.1"" viewbox=""0 0 496.2 496.2"" x=""0px"" xml:space=""preserve"" y=""0px"">
 <path d=""M3.69,251.553C3.69,114.553,114.79,3.453,251.79,3.453s248.1,111.1,248.1,248.1S388.79,499.653,251.79,499.653S3.69,388.553,3.69,251.553z"" style=""fill:#65A844;"">
 </path>
 <g>
  <path d=""M253.79,213.553V3.453c-0.7,0.0,-1.3,0.0,-2.0,0.0c-0.7,0.0,-1.3,0.0,-2.0,0.0v210.0c-20.1,1.0,-36.1,17.7,-36.1,38.0s16.0,37.0,36.1,38.0v210.0c0.7,0.0,1.3,0.0,2.0,0.0c0.7,0.0,1.3,0.0,2.0,0.0V289.553c20.1,-1.0,36.1,-17.7,36.1,-38.0S273.89,214.553,253.79,213.553zM217.69,251.553c0.0,-18.1,14.2,-33.0,32.1,-34.0v31.0c-0.9,0.6,-1.6,1.7,-1.6,3.0c0.0,1.3,0.6,2.3,1.6,3.0v31.0C231.89,284.553,217.69,269.653,217.69,251.553zM253.79,285.553v-31.0c0.9,-0.6,1.6,-1.7,1.6,-3.0s-0.6,-2.3,-1.6,-3.0v-31.0c17.9,1.0,32.1,15.9,32.1,34.0S271.69,284.553,253.79,285.553z"" style=""fill:#C9E5A1;"">
  </path>
  <circle cx=""453.290"" cy=""251.553"" r=""3.6"" style=""fill:#C9E5A1;"">
  </circle>
  <circle cx=""50.290"" cy=""251.553"" r=""3.6"" style=""fill:#C9E5A1;"">
  </circle>
  <path d=""M436.99,286.253v-69.4v-46.1h49.4c-0.5,-1.3,-0.9,-2.7,-1.4,-4.0h-52.0v52.5c-11.0,6.9,-17.8,19.2,-17.8,32.3c0.0,13.2,6.8,25.5,17.8,32.4v53.3h51.6c0.5,-1.3,1.0,-2.7,1.4,-4.0h-49.1v-47.0H436.99zM419.19,251.553c0.0,-10.9,5.2,-21.1,13.8,-27.5v55.0C424.29,272.753,419.19,262.753,419.19,251.553z"" style=""fill:#C9E5A1;"">
  </path>
  <path d=""M475.69,215.753h21.5c-0.2,-1.3,-0.4,-2.7,-0.6,-4.0H471.69v80.5h24.8c0.2,-1.3,0.4,-2.7,0.6,-4.0H475.69V215.753z"" style=""fill:#C9E5A1;"">
  </path>
  <path d=""M71.09,220.053v-53.3H18.59c-0.5,1.3,-0.9,2.7,-1.4,4.0h49.9v47.0v69.4v46.1H17.49c0.5,1.3,0.9,2.7,1.4,4.0h52.2v-52.5c11.0,-6.9,17.8,-19.2,17.8,-32.3C88.89,239.153,82.09,226.953,71.09,220.053zM71.09,279.853v-55.0c8.7,6.3,13.8,16.4,13.8,27.6C84.89,263.353,79.69,273.553,71.09,279.853z"" style=""fill:#C9E5A1;"">
  </path>
  <path d=""M32.39,211.753H6.89c-0.2,1.3,-0.4,2.7,-0.6,4.0h22.1v72.5h-22.0c0.2,1.3,0.4,2.7,0.6,4.0h25.4V211.753z"" style=""fill:#C9E5A1;"">
  </path>
 </g>
</svg>


Question: What is the color of the field in the image?",Blue,Red,Green,Yellow,C,entertainment
95,"Examine the following SVG code carefully and answer the question based on your interpretation of the rendered image.

<svg id=""Layer_1"" style=""enable-background:new 0 0 496.2 496.2;"" version=""1.1"" viewbox=""0 0 496.2 496.2"" x=""0px"" xml:space=""preserve"" y=""0px"">
 <path d=""M3.69,251.553C3.69,114.553,114.79,3.453,251.79,3.453s248.1,111.1,248.1,248.1S388.79,499.653,251.79,499.653S3.69,388.553,3.69,251.553z"" style=""fill:#65A844;"">
 </path>
 <g>
  <path d=""M253.79,213.553V3.453c-0.7,0.0,-1.3,0.0,-2.0,0.0c-0.7,0.0,-1.3,0.0,-2.0,0.0v210.0c-20.1,1.0,-36.1,17.7,-36.1,38.0s16.0,37.0,36.1,38.0v210.0c0.7,0.0,1.3,0.0,2.0,0.0c0.7,0.0,1.3,0.0,2.0,0.0V289.553c20.1,-1.0,36.1,-17.7,36.1,-38.0S273.89,214.553,253.79,213.553zM217.69,251.553c0.0,-18.1,14.2,-33.0,32.1,-34.0v31.0c-0.9,0.6,-1.6,1.7,-1.6,3.0c0.0,1.3,0.6,2.3,1.6,3.0v31.0C231.89,284.553,217.69,269.653,217.69,251.553zM253.79,285.553v-31.0c0.9,-0.6,1.6,-1.7,1.6,-3.0s-0.6,-2.3,-1.6,-3.0v-31.0c17.9,1.0,32.1,15.9,32.1,34.0S271.69,284.553,253.79,285.553z"" style=""fill:#C9E5A1;"">
  </path>
  <circle cx=""453.290"" cy=""251.553"" r=""3.6"" style=""fill:#C9E5A1;"">
  </circle>
  <circle cx=""50.290"" cy=""251.553"" r=""3.6"" style=""fill:#C9E5A1;"">
  </circle>
  <path d=""M436.99,286.253v-69.4v-46.1h49.4c-0.5,-1.3,-0.9,-2.7,-1.4,-4.0h-52.0v52.5c-11.0,6.9,-17.8,19.2,-17.8,32.3c0.0,13.2,6.8,25.5,17.8,32.4v53.3h51.6c0.5,-1.3,1.0,-2.7,1.4,-4.0h-49.1v-47.0H436.99zM419.19,251.553c0.0,-10.9,5.2,-21.1,13.8,-27.5v55.0C424.29,272.753,419.19,262.753,419.19,251.553z"" style=""fill:#C9E5A1;"">
  </path>
  <path d=""M475.69,215.753h21.5c-0.2,-1.3,-0.4,-2.7,-0.6,-4.0H471.69v80.5h24.8c0.2,-1.3,0.4,-2.7,0.6,-4.0H475.69V215.753z"" style=""fill:#C9E5A1;"">
  </path>
  <path d=""M71.09,220.053v-53.3H18.59c-0.5,1.3,-0.9,2.7,-1.4,4.0h49.9v47.0v69.4v46.1H17.49c0.5,1.3,0.9,2.7,1.4,4.0h52.2v-52.5c11.0,-6.9,17.8,-19.2,17.8,-32.3C88.89,239.153,82.09,226.953,71.09,220.053zM71.09,279.853v-55.0c8.7,6.3,13.8,16.4,13.8,27.6C84.89,263.353,79.69,273.553,71.09,279.853z"" style=""fill:#C9E5A1;"">
  </path>
  <path d=""M32.39,211.753H6.89c-0.2,1.3,-0.4,2.7,-0.6,4.0h22.1v72.5h-22.0c0.2,1.3,0.4,2.7,0.6,4.0h25.4V211.753z"" style=""fill:#C9E5A1;"">
  </path>
 </g>
</svg>


Question: What type of field is depicted in the image?",court,court,field,field,D,entertainment
100,"Examine the following SVG code carefully and answer the question based on your interpretation of the rendered image.

<svg id=""Layer_1"" style=""enable-background:new 0 0 512 512;"" version=""1.1"" viewbox=""0 0 512 512"" x=""0px"" xml:space=""preserve"" y=""0px"">
 <path d=""M221.089,511.056H20.742C11.521,511.056,4.046,503.581,4.046,494.36V394.186c0.0,-46.103,37.375,-83.478,83.478,-83.478h244.87c9.22,0.0,16.696,7.475,16.696,16.696v66.783c0.0,9.22,-7.475,16.696,-16.696,16.696h-85.426c-5.071,0.0,-9.183,4.112,-9.183,9.183v74.296C237.785,503.581,230.31,511.056,221.089,511.056z"" style=""fill:#99DDFF;"">
 </path>
 <path d=""M332.394,310.708H154.307v200.348h66.783c9.22,0.0,16.696,-7.475,16.696,-16.696v-74.296c0.0,-5.071,4.112,-9.183,9.183,-9.183h85.426c9.22,0.0,16.696,-7.475,16.696,-16.696v-66.783C349.089,318.183,341.614,310.708,332.394,310.708z"" style=""fill:#5CB8E6;"">
 </path>
 <path d=""M237.785,310.708H87.524c-5.717,0.0,-11.3,0.58,-16.696,1.68v15.016c0.0,46.03,37.448,83.478,83.478,83.478s83.478,-37.448,83.478,-83.478V310.708z"" style=""fill:#E6F3FF;"">
 </path>
 <path d=""M154.307,310.708v100.174c46.03,0.0,83.478,-37.448,83.478,-83.478v-16.696H154.307z"" style=""fill:#B8C9D9;"">
 </path>
 <path d=""M499.35,511.056H332.394c-9.22,0.0,-16.696,-7.475,-16.696,-16.696V177.143c0.0,-55.236,44.938,-100.174,100.174,-100.174S516.046,121.907,516.046,177.143v317.217C516.046,503.581,508.571,511.056,499.35,511.056z"" style=""fill:#FFAA00;"">
 </path>
 <path d=""M499.35,511.056c9.22,0.0,16.696,-7.475,16.696,-16.696V177.143c0.0,-55.236,-44.938,-100.174,-100.174,-100.174v434.087H499.35z"" style=""fill:#F28D00;"">
 </path>
 <path d=""M154.307,377.491c-27.618,0.0,-50.087,-22.469,-50.087,-50.087v-39.091c0.0,-9.22,7.475,-16.696,16.696,-16.696h66.783c9.22,0.0,16.696,7.475,16.696,16.696v39.091C204.394,355.022,181.925,377.491,154.307,377.491z"" style=""fill:#FFCC99;"">
 </path>
 <path d=""M187.698,271.617h-33.391V377.491c27.618,0.0,50.087,-22.469,50.087,-50.087v-39.091C204.394,279.092,196.919,271.617,187.698,271.617z"" style=""fill:#F2AC79;"">
 </path>
 <path d=""M432.568,310.708H399.176c-9.22,0.0,-16.696,-7.475,-16.696,-16.696c0.0,-9.22,7.475,-16.696,16.696,-16.696h33.391c9.22,0.0,16.696,7.475,16.696,16.696C449.263,303.233,441.788,310.708,432.568,310.708z"" style=""fill:#007AB3;"">
 </path>
 <path d=""M415.872,310.708h16.696c9.22,0.0,16.696,-7.475,16.696,-16.696c0.0,-9.22,-7.475,-16.696,-16.696,-16.696h-16.696V310.708z"" style=""fill:#005E80;"">
 </path>
 <path d=""M432.568,243.925H399.176c-9.22,0.0,-16.696,-7.475,-16.696,-16.696s7.475,-16.696,16.696,-16.696h33.391c9.22,0.0,16.696,7.475,16.696,16.696S441.788,243.925,432.568,243.925z"" style=""fill:#007AB3;"">
 </path>
 <path d=""M415.872,243.925h16.696c9.22,0.0,16.696,-7.475,16.696,-16.696s-7.475,-16.696,-16.696,-16.696h-16.696V243.925z"" style=""fill:#005E80;"">
 </path>
 <path d=""M154.307,310.708c-64.442,0.0,-116.87,-52.428,-116.87,-116.87c0.0,-9.22,7.475,-16.696,16.696,-16.696h200.348c9.22,0.0,16.696,7.475,16.696,16.696C271.176,258.28,218.749,310.708,154.307,310.708z"" style=""fill:#FFEECC;"">
 </path>
 <path d=""M254.481,177.143H154.307v133.565c64.442,0.0,116.87,-52.428,116.87,-116.87C271.176,184.618,263.701,177.143,254.481,177.143z"" style=""fill:#FFD9B3;"">
 </path>
 <path d=""M37.437,193.838c0.0,27.618,22.469,50.087,50.087,50.087h33.391c12.819,0.0,24.523,-4.846,33.391,-12.794c8.869,7.949,20.572,12.794,33.391,12.794h33.391c27.618,0.0,50.087,-22.469,50.087,-50.087v-33.391H37.437V193.838z"" style=""fill:#99DDFF;"">
 </path>
 <path d=""M154.307,231.131c8.869,7.949,20.572,12.794,33.391,12.794h33.391c27.618,0.0,50.087,-22.469,50.087,-50.087v-33.391h-116.87V231.131z"" style=""fill:#73C0E6;"">
 </path>
 <path d=""M154.307,110.36c-27.618,0.0,-50.087,-22.469,-50.087,-50.087s22.469,-50.087,50.087,-50.087s50.087,22.469,50.087,50.087S181.925,110.36,154.307,110.36z"" style=""fill:#E6F3FF;"">
 </path>
 <path d=""M154.307,10.186v100.174c27.618,0.0,50.087,-22.469,50.087,-50.087S181.925,10.186,154.307,10.186z"" style=""fill:#B8C9D9;"">
 </path>
 <path d=""M270.004,143.81c-0.003,-0.02,-0.004,-0.04,-0.008,-0.059c-3.595,-25.5,-15.482,-48.918,-34.326,-67.194c-22.884,-22.205,-53.081,-33.87,-85.003,-32.924c-30.453,0.935,-58.925,13.501,-80.184,35.384c-17.375,17.887,-28.394,40.437,-31.855,64.735c-0.003,0.023,-0.006,0.047,-0.009,0.069L55.246,160.447h198.122L270.004,143.81z"" style=""fill:#007AB3;"">
 </path>
 <path d=""M270.004,143.81c-0.003,-0.02,-0.004,-0.04,-0.008,-0.059c-3.595,-25.5,-15.482,-48.918,-34.326,-67.194c-22.016,-21.359,-50.788,-32.957,-81.363,-32.968v116.858h99.061L270.004,143.81z"" style=""fill:#005E80;"">
 </path>
 <path d=""M271.176,160.436v16.707H37.437v-16.696c0.0,-5.632,0.401,-11.208,1.191,-16.696h231.368C270.787,149.228,271.176,154.804,271.176,160.436z"" style=""fill:#E6F3FF;"">
 </path>
 <path d=""M271.176,160.436v16.707h-116.87V143.751h115.69C270.787,149.228,271.176,154.804,271.176,160.436z"" style=""fill:#B8C9D9;"">
 </path>
 <path d=""M54.133,410.882c-9.22,0.0,-16.696,7.475,-16.696,16.696v83.478h33.391v-83.478C70.829,418.357,63.353,410.882,54.133,410.882z"" style=""fill:#5CB8E6;"">
 </path>
</svg>


Question: What color is the snowboard in the image?",Red,Green,Yellow,Blue,C,entertainment
101,"Examine the following SVG code carefully and answer the question based on your interpretation of the rendered image.

<svg id=""Layer_1"" style=""enable-background:new 0 0 512 512;"" version=""1.1"" viewbox=""0 0 512 512"" x=""0px"" xml:space=""preserve"" y=""0px"">
 <path d=""M221.089,511.056H20.742C11.521,511.056,4.046,503.581,4.046,494.36V394.186c0.0,-46.103,37.375,-83.478,83.478,-83.478h244.87c9.22,0.0,16.696,7.475,16.696,16.696v66.783c0.0,9.22,-7.475,16.696,-16.696,16.696h-85.426c-5.071,0.0,-9.183,4.112,-9.183,9.183v74.296C237.785,503.581,230.31,511.056,221.089,511.056z"" style=""fill:#99DDFF;"">
 </path>
 <path d=""M332.394,310.708H154.307v200.348h66.783c9.22,0.0,16.696,-7.475,16.696,-16.696v-74.296c0.0,-5.071,4.112,-9.183,9.183,-9.183h85.426c9.22,0.0,16.696,-7.475,16.696,-16.696v-66.783C349.089,318.183,341.614,310.708,332.394,310.708z"" style=""fill:#5CB8E6;"">
 </path>
 <path d=""M237.785,310.708H87.524c-5.717,0.0,-11.3,0.58,-16.696,1.68v15.016c0.0,46.03,37.448,83.478,83.478,83.478s83.478,-37.448,83.478,-83.478V310.708z"" style=""fill:#E6F3FF;"">
 </path>
 <path d=""M154.307,310.708v100.174c46.03,0.0,83.478,-37.448,83.478,-83.478v-16.696H154.307z"" style=""fill:#B8C9D9;"">
 </path>
 <path d=""M499.35,511.056H332.394c-9.22,0.0,-16.696,-7.475,-16.696,-16.696V177.143c0.0,-55.236,44.938,-100.174,100.174,-100.174S516.046,121.907,516.046,177.143v317.217C516.046,503.581,508.571,511.056,499.35,511.056z"" style=""fill:#FFAA00;"">
 </path>
 <path d=""M499.35,511.056c9.22,0.0,16.696,-7.475,16.696,-16.696V177.143c0.0,-55.236,-44.938,-100.174,-100.174,-100.174v434.087H499.35z"" style=""fill:#F28D00;"">
 </path>
 <path d=""M154.307,377.491c-27.618,0.0,-50.087,-22.469,-50.087,-50.087v-39.091c0.0,-9.22,7.475,-16.696,16.696,-16.696h66.783c9.22,0.0,16.696,7.475,16.696,16.696v39.091C204.394,355.022,181.925,377.491,154.307,377.491z"" style=""fill:#FFCC99;"">
 </path>
 <path d=""M187.698,271.617h-33.391V377.491c27.618,0.0,50.087,-22.469,50.087,-50.087v-39.091C204.394,279.092,196.919,271.617,187.698,271.617z"" style=""fill:#F2AC79;"">
 </path>
 <path d=""M432.568,310.708H399.176c-9.22,0.0,-16.696,-7.475,-16.696,-16.696c0.0,-9.22,7.475,-16.696,16.696,-16.696h33.391c9.22,0.0,16.696,7.475,16.696,16.696C449.263,303.233,441.788,310.708,432.568,310.708z"" style=""fill:#007AB3;"">
 </path>
 <path d=""M415.872,310.708h16.696c9.22,0.0,16.696,-7.475,16.696,-16.696c0.0,-9.22,-7.475,-16.696,-16.696,-16.696h-16.696V310.708z"" style=""fill:#005E80;"">
 </path>
 <path d=""M432.568,243.925H399.176c-9.22,0.0,-16.696,-7.475,-16.696,-16.696s7.475,-16.696,16.696,-16.696h33.391c9.22,0.0,16.696,7.475,16.696,16.696S441.788,243.925,432.568,243.925z"" style=""fill:#007AB3;"">
 </path>
 <path d=""M415.872,243.925h16.696c9.22,0.0,16.696,-7.475,16.696,-16.696s-7.475,-16.696,-16.696,-16.696h-16.696V243.925z"" style=""fill:#005E80;"">
 </path>
 <path d=""M154.307,310.708c-64.442,0.0,-116.87,-52.428,-116.87,-116.87c0.0,-9.22,7.475,-16.696,16.696,-16.696h200.348c9.22,0.0,16.696,7.475,16.696,16.696C271.176,258.28,218.749,310.708,154.307,310.708z"" style=""fill:#FFEECC;"">
 </path>
 <path d=""M254.481,177.143H154.307v133.565c64.442,0.0,116.87,-52.428,116.87,-116.87C271.176,184.618,263.701,177.143,254.481,177.143z"" style=""fill:#FFD9B3;"">
 </path>
 <path d=""M37.437,193.838c0.0,27.618,22.469,50.087,50.087,50.087h33.391c12.819,0.0,24.523,-4.846,33.391,-12.794c8.869,7.949,20.572,12.794,33.391,12.794h33.391c27.618,0.0,50.087,-22.469,50.087,-50.087v-33.391H37.437V193.838z"" style=""fill:#99DDFF;"">
 </path>
 <path d=""M154.307,231.131c8.869,7.949,20.572,12.794,33.391,12.794h33.391c27.618,0.0,50.087,-22.469,50.087,-50.087v-33.391h-116.87V231.131z"" style=""fill:#73C0E6;"">
 </path>
 <path d=""M154.307,110.36c-27.618,0.0,-50.087,-22.469,-50.087,-50.087s22.469,-50.087,50.087,-50.087s50.087,22.469,50.087,50.087S181.925,110.36,154.307,110.36z"" style=""fill:#E6F3FF;"">
 </path>
 <path d=""M154.307,10.186v100.174c27.618,0.0,50.087,-22.469,50.087,-50.087S181.925,10.186,154.307,10.186z"" style=""fill:#B8C9D9;"">
 </path>
 <path d=""M270.004,143.81c-0.003,-0.02,-0.004,-0.04,-0.008,-0.059c-3.595,-25.5,-15.482,-48.918,-34.326,-67.194c-22.884,-22.205,-53.081,-33.87,-85.003,-32.924c-30.453,0.935,-58.925,13.501,-80.184,35.384c-17.375,17.887,-28.394,40.437,-31.855,64.735c-0.003,0.023,-0.006,0.047,-0.009,0.069L55.246,160.447h198.122L270.004,143.81z"" style=""fill:#007AB3;"">
 </path>
 <path d=""M270.004,143.81c-0.003,-0.02,-0.004,-0.04,-0.008,-0.059c-3.595,-25.5,-15.482,-48.918,-34.326,-67.194c-22.016,-21.359,-50.788,-32.957,-81.363,-32.968v116.858h99.061L270.004,143.81z"" style=""fill:#005E80;"">
 </path>
 <path d=""M271.176,160.436v16.707H37.437v-16.696c0.0,-5.632,0.401,-11.208,1.191,-16.696h231.368C270.787,149.228,271.176,154.804,271.176,160.436z"" style=""fill:#E6F3FF;"">
 </path>
 <path d=""M271.176,160.436v16.707h-116.87V143.751h115.69C270.787,149.228,271.176,154.804,271.176,160.436z"" style=""fill:#B8C9D9;"">
 </path>
 <path d=""M54.133,410.882c-9.22,0.0,-16.696,7.475,-16.696,16.696v83.478h33.391v-83.478C70.829,418.357,63.353,410.882,54.133,410.882z"" style=""fill:#5CB8E6;"">
 </path>
</svg>


Question: What is the person in the image wearing on their head?",Helmet,Hat,Cap,Beanie,D,entertainment
102,"Examine the following SVG code carefully and answer the question based on your interpretation of the rendered image.

<svg id=""Layer_1"" style=""enable-background:new 0 0 512 512;"" version=""1.1"" viewbox=""0 0 512 512"" x=""0px"" xml:space=""preserve"" y=""0px"">
 <path d=""M221.089,511.056H20.742C11.521,511.056,4.046,503.581,4.046,494.36V394.186c0.0,-46.103,37.375,-83.478,83.478,-83.478h244.87c9.22,0.0,16.696,7.475,16.696,16.696v66.783c0.0,9.22,-7.475,16.696,-16.696,16.696h-85.426c-5.071,0.0,-9.183,4.112,-9.183,9.183v74.296C237.785,503.581,230.31,511.056,221.089,511.056z"" style=""fill:#99DDFF;"">
 </path>
 <path d=""M332.394,310.708H154.307v200.348h66.783c9.22,0.0,16.696,-7.475,16.696,-16.696v-74.296c0.0,-5.071,4.112,-9.183,9.183,-9.183h85.426c9.22,0.0,16.696,-7.475,16.696,-16.696v-66.783C349.089,318.183,341.614,310.708,332.394,310.708z"" style=""fill:#5CB8E6;"">
 </path>
 <path d=""M237.785,310.708H87.524c-5.717,0.0,-11.3,0.58,-16.696,1.68v15.016c0.0,46.03,37.448,83.478,83.478,83.478s83.478,-37.448,83.478,-83.478V310.708z"" style=""fill:#E6F3FF;"">
 </path>
 <path d=""M154.307,310.708v100.174c46.03,0.0,83.478,-37.448,83.478,-83.478v-16.696H154.307z"" style=""fill:#B8C9D9;"">
 </path>
 <path d=""M499.35,511.056H332.394c-9.22,0.0,-16.696,-7.475,-16.696,-16.696V177.143c0.0,-55.236,44.938,-100.174,100.174,-100.174S516.046,121.907,516.046,177.143v317.217C516.046,503.581,508.571,511.056,499.35,511.056z"" style=""fill:#FFAA00;"">
 </path>
 <path d=""M499.35,511.056c9.22,0.0,16.696,-7.475,16.696,-16.696V177.143c0.0,-55.236,-44.938,-100.174,-100.174,-100.174v434.087H499.35z"" style=""fill:#F28D00;"">
 </path>
 <path d=""M154.307,377.491c-27.618,0.0,-50.087,-22.469,-50.087,-50.087v-39.091c0.0,-9.22,7.475,-16.696,16.696,-16.696h66.783c9.22,0.0,16.696,7.475,16.696,16.696v39.091C204.394,355.022,181.925,377.491,154.307,377.491z"" style=""fill:#FFCC99;"">
 </path>
 <path d=""M187.698,271.617h-33.391V377.491c27.618,0.0,50.087,-22.469,50.087,-50.087v-39.091C204.394,279.092,196.919,271.617,187.698,271.617z"" style=""fill:#F2AC79;"">
 </path>
 <path d=""M432.568,310.708H399.176c-9.22,0.0,-16.696,-7.475,-16.696,-16.696c0.0,-9.22,7.475,-16.696,16.696,-16.696h33.391c9.22,0.0,16.696,7.475,16.696,16.696C449.263,303.233,441.788,310.708,432.568,310.708z"" style=""fill:#007AB3;"">
 </path>
 <path d=""M415.872,310.708h16.696c9.22,0.0,16.696,-7.475,16.696,-16.696c0.0,-9.22,-7.475,-16.696,-16.696,-16.696h-16.696V310.708z"" style=""fill:#005E80;"">
 </path>
 <path d=""M432.568,243.925H399.176c-9.22,0.0,-16.696,-7.475,-16.696,-16.696s7.475,-16.696,16.696,-16.696h33.391c9.22,0.0,16.696,7.475,16.696,16.696S441.788,243.925,432.568,243.925z"" style=""fill:#007AB3;"">
 </path>
 <path d=""M415.872,243.925h16.696c9.22,0.0,16.696,-7.475,16.696,-16.696s-7.475,-16.696,-16.696,-16.696h-16.696V243.925z"" style=""fill:#005E80;"">
 </path>
 <path d=""M154.307,310.708c-64.442,0.0,-116.87,-52.428,-116.87,-116.87c0.0,-9.22,7.475,-16.696,16.696,-16.696h200.348c9.22,0.0,16.696,7.475,16.696,16.696C271.176,258.28,218.749,310.708,154.307,310.708z"" style=""fill:#FFEECC;"">
 </path>
 <path d=""M254.481,177.143H154.307v133.565c64.442,0.0,116.87,-52.428,116.87,-116.87C271.176,184.618,263.701,177.143,254.481,177.143z"" style=""fill:#FFD9B3;"">
 </path>
 <path d=""M37.437,193.838c0.0,27.618,22.469,50.087,50.087,50.087h33.391c12.819,0.0,24.523,-4.846,33.391,-12.794c8.869,7.949,20.572,12.794,33.391,12.794h33.391c27.618,0.0,50.087,-22.469,50.087,-50.087v-33.391H37.437V193.838z"" style=""fill:#99DDFF;"">
 </path>
 <path d=""M154.307,231.131c8.869,7.949,20.572,12.794,33.391,12.794h33.391c27.618,0.0,50.087,-22.469,50.087,-50.087v-33.391h-116.87V231.131z"" style=""fill:#73C0E6;"">
 </path>
 <path d=""M154.307,110.36c-27.618,0.0,-50.087,-22.469,-50.087,-50.087s22.469,-50.087,50.087,-50.087s50.087,22.469,50.087,50.087S181.925,110.36,154.307,110.36z"" style=""fill:#E6F3FF;"">
 </path>
 <path d=""M154.307,10.186v100.174c27.618,0.0,50.087,-22.469,50.087,-50.087S181.925,10.186,154.307,10.186z"" style=""fill:#B8C9D9;"">
 </path>
 <path d=""M270.004,143.81c-0.003,-0.02,-0.004,-0.04,-0.008,-0.059c-3.595,-25.5,-15.482,-48.918,-34.326,-67.194c-22.884,-22.205,-53.081,-33.87,-85.003,-32.924c-30.453,0.935,-58.925,13.501,-80.184,35.384c-17.375,17.887,-28.394,40.437,-31.855,64.735c-0.003,0.023,-0.006,0.047,-0.009,0.069L55.246,160.447h198.122L270.004,143.81z"" style=""fill:#007AB3;"">
 </path>
 <path d=""M270.004,143.81c-0.003,-0.02,-0.004,-0.04,-0.008,-0.059c-3.595,-25.5,-15.482,-48.918,-34.326,-67.194c-22.016,-21.359,-50.788,-32.957,-81.363,-32.968v116.858h99.061L270.004,143.81z"" style=""fill:#005E80;"">
 </path>
 <path d=""M271.176,160.436v16.707H37.437v-16.696c0.0,-5.632,0.401,-11.208,1.191,-16.696h231.368C270.787,149.228,271.176,154.804,271.176,160.436z"" style=""fill:#E6F3FF;"">
 </path>
 <path d=""M271.176,160.436v16.707h-116.87V143.751h115.69C270.787,149.228,271.176,154.804,271.176,160.436z"" style=""fill:#B8C9D9;"">
 </path>
 <path d=""M54.133,410.882c-9.22,0.0,-16.696,7.475,-16.696,16.696v83.478h33.391v-83.478C70.829,418.357,63.353,410.882,54.133,410.882z"" style=""fill:#5CB8E6;"">
 </path>
</svg>


Question: What color are the goggles the person is wearing?",Red,Blue,Green,Black,B,entertainment
103,"Examine the following SVG code carefully and answer the question based on your interpretation of the rendered image.

<svg id=""Layer_1"" style=""enable-background:new 0 0 512 512;"" version=""1.1"" viewbox=""0 0 512 512"" x=""0px"" xml:space=""preserve"" y=""0px"">
 <path d=""M221.089,511.056H20.742C11.521,511.056,4.046,503.581,4.046,494.36V394.186c0.0,-46.103,37.375,-83.478,83.478,-83.478h244.87c9.22,0.0,16.696,7.475,16.696,16.696v66.783c0.0,9.22,-7.475,16.696,-16.696,16.696h-85.426c-5.071,0.0,-9.183,4.112,-9.183,9.183v74.296C237.785,503.581,230.31,511.056,221.089,511.056z"" style=""fill:#99DDFF;"">
 </path>
 <path d=""M332.394,310.708H154.307v200.348h66.783c9.22,0.0,16.696,-7.475,16.696,-16.696v-74.296c0.0,-5.071,4.112,-9.183,9.183,-9.183h85.426c9.22,0.0,16.696,-7.475,16.696,-16.696v-66.783C349.089,318.183,341.614,310.708,332.394,310.708z"" style=""fill:#5CB8E6;"">
 </path>
 <path d=""M237.785,310.708H87.524c-5.717,0.0,-11.3,0.58,-16.696,1.68v15.016c0.0,46.03,37.448,83.478,83.478,83.478s83.478,-37.448,83.478,-83.478V310.708z"" style=""fill:#E6F3FF;"">
 </path>
 <path d=""M154.307,310.708v100.174c46.03,0.0,83.478,-37.448,83.478,-83.478v-16.696H154.307z"" style=""fill:#B8C9D9;"">
 </path>
 <path d=""M499.35,511.056H332.394c-9.22,0.0,-16.696,-7.475,-16.696,-16.696V177.143c0.0,-55.236,44.938,-100.174,100.174,-100.174S516.046,121.907,516.046,177.143v317.217C516.046,503.581,508.571,511.056,499.35,511.056z"" style=""fill:#FFAA00;"">
 </path>
 <path d=""M499.35,511.056c9.22,0.0,16.696,-7.475,16.696,-16.696V177.143c0.0,-55.236,-44.938,-100.174,-100.174,-100.174v434.087H499.35z"" style=""fill:#F28D00;"">
 </path>
 <path d=""M154.307,377.491c-27.618,0.0,-50.087,-22.469,-50.087,-50.087v-39.091c0.0,-9.22,7.475,-16.696,16.696,-16.696h66.783c9.22,0.0,16.696,7.475,16.696,16.696v39.091C204.394,355.022,181.925,377.491,154.307,377.491z"" style=""fill:#FFCC99;"">
 </path>
 <path d=""M187.698,271.617h-33.391V377.491c27.618,0.0,50.087,-22.469,50.087,-50.087v-39.091C204.394,279.092,196.919,271.617,187.698,271.617z"" style=""fill:#F2AC79;"">
 </path>
 <path d=""M432.568,310.708H399.176c-9.22,0.0,-16.696,-7.475,-16.696,-16.696c0.0,-9.22,7.475,-16.696,16.696,-16.696h33.391c9.22,0.0,16.696,7.475,16.696,16.696C449.263,303.233,441.788,310.708,432.568,310.708z"" style=""fill:#007AB3;"">
 </path>
 <path d=""M415.872,310.708h16.696c9.22,0.0,16.696,-7.475,16.696,-16.696c0.0,-9.22,-7.475,-16.696,-16.696,-16.696h-16.696V310.708z"" style=""fill:#005E80;"">
 </path>
 <path d=""M432.568,243.925H399.176c-9.22,0.0,-16.696,-7.475,-16.696,-16.696s7.475,-16.696,16.696,-16.696h33.391c9.22,0.0,16.696,7.475,16.696,16.696S441.788,243.925,432.568,243.925z"" style=""fill:#007AB3;"">
 </path>
 <path d=""M415.872,243.925h16.696c9.22,0.0,16.696,-7.475,16.696,-16.696s-7.475,-16.696,-16.696,-16.696h-16.696V243.925z"" style=""fill:#005E80;"">
 </path>
 <path d=""M154.307,310.708c-64.442,0.0,-116.87,-52.428,-116.87,-116.87c0.0,-9.22,7.475,-16.696,16.696,-16.696h200.348c9.22,0.0,16.696,7.475,16.696,16.696C271.176,258.28,218.749,310.708,154.307,310.708z"" style=""fill:#FFEECC;"">
 </path>
 <path d=""M254.481,177.143H154.307v133.565c64.442,0.0,116.87,-52.428,116.87,-116.87C271.176,184.618,263.701,177.143,254.481,177.143z"" style=""fill:#FFD9B3;"">
 </path>
 <path d=""M37.437,193.838c0.0,27.618,22.469,50.087,50.087,50.087h33.391c12.819,0.0,24.523,-4.846,33.391,-12.794c8.869,7.949,20.572,12.794,33.391,12.794h33.391c27.618,0.0,50.087,-22.469,50.087,-50.087v-33.391H37.437V193.838z"" style=""fill:#99DDFF;"">
 </path>
 <path d=""M154.307,231.131c8.869,7.949,20.572,12.794,33.391,12.794h33.391c27.618,0.0,50.087,-22.469,50.087,-50.087v-33.391h-116.87V231.131z"" style=""fill:#73C0E6;"">
 </path>
 <path d=""M154.307,110.36c-27.618,0.0,-50.087,-22.469,-50.087,-50.087s22.469,-50.087,50.087,-50.087s50.087,22.469,50.087,50.087S181.925,110.36,154.307,110.36z"" style=""fill:#E6F3FF;"">
 </path>
 <path d=""M154.307,10.186v100.174c27.618,0.0,50.087,-22.469,50.087,-50.087S181.925,10.186,154.307,10.186z"" style=""fill:#B8C9D9;"">
 </path>
 <path d=""M270.004,143.81c-0.003,-0.02,-0.004,-0.04,-0.008,-0.059c-3.595,-25.5,-15.482,-48.918,-34.326,-67.194c-22.884,-22.205,-53.081,-33.87,-85.003,-32.924c-30.453,0.935,-58.925,13.501,-80.184,35.384c-17.375,17.887,-28.394,40.437,-31.855,64.735c-0.003,0.023,-0.006,0.047,-0.009,0.069L55.246,160.447h198.122L270.004,143.81z"" style=""fill:#007AB3;"">
 </path>
 <path d=""M270.004,143.81c-0.003,-0.02,-0.004,-0.04,-0.008,-0.059c-3.595,-25.5,-15.482,-48.918,-34.326,-67.194c-22.016,-21.359,-50.788,-32.957,-81.363,-32.968v116.858h99.061L270.004,143.81z"" style=""fill:#005E80;"">
 </path>
 <path d=""M271.176,160.436v16.707H37.437v-16.696c0.0,-5.632,0.401,-11.208,1.191,-16.696h231.368C270.787,149.228,271.176,154.804,271.176,160.436z"" style=""fill:#E6F3FF;"">
 </path>
 <path d=""M271.176,160.436v16.707h-116.87V143.751h115.69C270.787,149.228,271.176,154.804,271.176,160.436z"" style=""fill:#B8C9D9;"">
 </path>
 <path d=""M54.133,410.882c-9.22,0.0,-16.696,7.475,-16.696,16.696v83.478h33.391v-83.478C70.829,418.357,63.353,410.882,54.133,410.882z"" style=""fill:#5CB8E6;"">
 </path>
</svg>


Question: What activity is the person in the image likely preparing for?",Snowboarding,Surfing,Cycling,Running,A,entertainment
104,"Examine the following SVG code carefully and answer the question based on your interpretation of the rendered image.

<svg id=""Capa_1"" style=""enable-background:new 0 0 117.236 117.236;"" version=""1.1"" viewbox=""0 0 117.236 117.236"" x=""0px"" xml:space=""preserve"" y=""0px"">
 <g>
  <g>
   <path d=""M15.337,37.999H9.742C4.757,37.999,0.714,42.042,0.714,47.028c0.0,4.984,4.043,9.027,9.028,9.027h5.595c4.985,0.0,9.027,-4.043,9.027,-9.027C24.364,42.042,20.322,37.999,15.337,37.999z"" style=""fill:#2D5563;"">
   </path>
   <path d=""M108.923,37.999h-5.595c-4.985,0.0,-9.028,4.043,-9.028,9.029c0.0,4.984,4.043,9.027,9.028,9.027h5.595c4.985,0.0,9.027,-4.043,9.027,-9.027C117.95,42.042,113.908,37.999,108.923,37.999z"" style=""fill:#2D5563;"">
   </path>
  </g>
  <g style=""opacity:0.15;"">
   <path d=""M15.337,51.486H9.742c-4.194,0.0,-7.712,-2.866,-8.726,-6.743C0.826,45.474,0.714,46.237,0.714,47.028c0.0,4.984,4.043,9.027,9.028,9.027h5.595c4.985,0.0,9.027,-4.043,9.027,-9.027c0.0,-0.791,-0.112,-1.554,-0.303,-2.285C23.048,48.62,19.531,51.486,15.337,51.486z"">
   </path>
   <path d=""M108.923,51.486h-5.595c-4.194,0.0,-7.712,-2.866,-8.726,-6.743c-0.19,0.732,-0.303,1.494,-0.303,2.285c0.0,4.984,4.043,9.027,9.028,9.027h5.595c4.985,0.0,9.027,-4.043,9.027,-9.027c0.0,-0.791,-0.112,-1.554,-0.303,-2.285C116.634,48.62,113.117,51.486,108.923,51.486z"">
   </path>
  </g>
  <path d=""M9.857,35.71v20.051c0.0,13.141,10.404,22.678,24.738,22.678c13.681,0.0,23.21,-7.436,24.569,-18.789c0.108,-0.004,0.221,-0.008,0.335,-0.008c1.391,11.648,11.295,19.826,24.571,19.826c14.333,0.0,24.737,-9.535,24.737,-22.676V35.71H9.857z"" style=""fill:#1C353D;"">
  </path>
  <path d=""M15.525,41.38v7.73v2.695v3.955c0.0,10.531,8.538,17.008,19.069,17.008c10.53,0.0,19.068,-5.445,19.068,-15.977c0.0,-0.311,-0.22,-1.021,0.0,-1.242c2.004,-2.002,9.557,-2.203,11.338,0.0c0.195,0.242,0.0,0.932,0.0,1.242c0.0,10.531,8.538,17.008,19.069,17.008c10.53,0.0,19.068,-6.477,19.068,-17.008v-3.955v-2.695v-8.762H15.525z"" style=""fill:#54A2BD;"">
  </path>
  <path d=""M15.525,41.38v7.73v2.695v3.955c0.0,10.531,8.538,17.008,19.069,17.008c6.207,0.0,11.704,-1.907,15.187,-5.617c-3.24,2.976,-8.022,4.501,-13.368,4.501c-9.757,0.0,-17.667,-6.0,-17.667,-15.757v-3.665v-2.497v-7.162h81.172v8.118v2.497v3.664c0.0,9.757,-7.91,15.758,-17.666,15.758c-5.275,0.0,-9.997,-1.767,-13.233,-4.919c3.488,3.906,8.926,6.11,15.052,6.11c10.53,0.0,19.068,-6.477,19.068,-17.008v-3.955v-2.695v-8.762H15.525z"" style=""opacity:0.15;"">
  </path>
  <path d=""M53.663,56.792c0.0,-0.311,-0.22,-1.021,0.0,-1.242c1.685,-1.683,7.276,-2.087,10.079,-0.866c4.435,-4.435,8.869,-8.869,13.304,-13.304h-27.8L21.839,68.787c3.379,2.568,7.848,3.981,12.756,3.981C45.125,72.768,53.663,67.323,53.663,56.792z"" style=""opacity:0.2;fill:#FFFFFF;"">
  </path>
  <path d=""M103.139,52.637V42.019L73.779,71.379c2.439,1.288,5.258,2.084,8.288,2.33C89.091,66.685,96.114,59.661,103.139,52.637z"" style=""opacity:0.2;fill:#FFFFFF;"">
  </path>
  <path d=""M33.345,41.38H15.525v14.381c0.0,1.098,0.113,2.14,0.291,3.147C21.659,53.065,27.502,47.222,33.345,41.38z"" style=""opacity:0.2;fill:#FFFFFF;"">
  </path>
  <path d=""M70.108,72.842c1.538,7.725,-3.083,10.734,-10.775,10.734l0.0,0.0c-7.689,0.0,-12.313,-3.01,-10.774,-10.734l3.33,-16.731c0.592,-2.973,3.888,-5.053,7.444,-5.053l0.0,0.0c3.554,0.0,6.85,2.08,7.443,5.053L70.108,72.842z"" style=""fill:#2D5563;"">
  </path>
  <path d=""M70.108,72.842l-3.332,-16.731c-0.146,-0.733,-0.458,-1.411,-0.896,-2.019l2.799,14.057c1.335,6.7,-2.673,9.311,-9.346,9.311c-6.669,0.0,-10.681,-2.61,-9.345,-9.311l2.797,-14.058c-0.438,0.607,-0.75,1.286,-0.896,2.02l-3.33,16.731c-1.539,7.725,3.085,10.734,10.774,10.734C67.025,83.577,71.646,80.567,70.108,72.842z"" style=""opacity:0.15;"">
  </path>
 </g>
</svg>


Question: What is the primary color of the lenses in the object?",Blue,Red,Green,Yellow,A,entertainment
105,"Examine the following SVG code carefully and answer the question based on your interpretation of the rendered image.

<svg id=""Capa_1"" style=""enable-background:new 0 0 117.236 117.236;"" version=""1.1"" viewbox=""0 0 117.236 117.236"" x=""0px"" xml:space=""preserve"" y=""0px"">
 <g>
  <g>
   <path d=""M15.337,37.999H9.742C4.757,37.999,0.714,42.042,0.714,47.028c0.0,4.984,4.043,9.027,9.028,9.027h5.595c4.985,0.0,9.027,-4.043,9.027,-9.027C24.364,42.042,20.322,37.999,15.337,37.999z"" style=""fill:#2D5563;"">
   </path>
   <path d=""M108.923,37.999h-5.595c-4.985,0.0,-9.028,4.043,-9.028,9.029c0.0,4.984,4.043,9.027,9.028,9.027h5.595c4.985,0.0,9.027,-4.043,9.027,-9.027C117.95,42.042,113.908,37.999,108.923,37.999z"" style=""fill:#2D5563;"">
   </path>
  </g>
  <g style=""opacity:0.15;"">
   <path d=""M15.337,51.486H9.742c-4.194,0.0,-7.712,-2.866,-8.726,-6.743C0.826,45.474,0.714,46.237,0.714,47.028c0.0,4.984,4.043,9.027,9.028,9.027h5.595c4.985,0.0,9.027,-4.043,9.027,-9.027c0.0,-0.791,-0.112,-1.554,-0.303,-2.285C23.048,48.62,19.531,51.486,15.337,51.486z"">
   </path>
   <path d=""M108.923,51.486h-5.595c-4.194,0.0,-7.712,-2.866,-8.726,-6.743c-0.19,0.732,-0.303,1.494,-0.303,2.285c0.0,4.984,4.043,9.027,9.028,9.027h5.595c4.985,0.0,9.027,-4.043,9.027,-9.027c0.0,-0.791,-0.112,-1.554,-0.303,-2.285C116.634,48.62,113.117,51.486,108.923,51.486z"">
   </path>
  </g>
  <path d=""M9.857,35.71v20.051c0.0,13.141,10.404,22.678,24.738,22.678c13.681,0.0,23.21,-7.436,24.569,-18.789c0.108,-0.004,0.221,-0.008,0.335,-0.008c1.391,11.648,11.295,19.826,24.571,19.826c14.333,0.0,24.737,-9.535,24.737,-22.676V35.71H9.857z"" style=""fill:#1C353D;"">
  </path>
  <path d=""M15.525,41.38v7.73v2.695v3.955c0.0,10.531,8.538,17.008,19.069,17.008c10.53,0.0,19.068,-5.445,19.068,-15.977c0.0,-0.311,-0.22,-1.021,0.0,-1.242c2.004,-2.002,9.557,-2.203,11.338,0.0c0.195,0.242,0.0,0.932,0.0,1.242c0.0,10.531,8.538,17.008,19.069,17.008c10.53,0.0,19.068,-6.477,19.068,-17.008v-3.955v-2.695v-8.762H15.525z"" style=""fill:#54A2BD;"">
  </path>
  <path d=""M15.525,41.38v7.73v2.695v3.955c0.0,10.531,8.538,17.008,19.069,17.008c6.207,0.0,11.704,-1.907,15.187,-5.617c-3.24,2.976,-8.022,4.501,-13.368,4.501c-9.757,0.0,-17.667,-6.0,-17.667,-15.757v-3.665v-2.497v-7.162h81.172v8.118v2.497v3.664c0.0,9.757,-7.91,15.758,-17.666,15.758c-5.275,0.0,-9.997,-1.767,-13.233,-4.919c3.488,3.906,8.926,6.11,15.052,6.11c10.53,0.0,19.068,-6.477,19.068,-17.008v-3.955v-2.695v-8.762H15.525z"" style=""opacity:0.15;"">
  </path>
  <path d=""M53.663,56.792c0.0,-0.311,-0.22,-1.021,0.0,-1.242c1.685,-1.683,7.276,-2.087,10.079,-0.866c4.435,-4.435,8.869,-8.869,13.304,-13.304h-27.8L21.839,68.787c3.379,2.568,7.848,3.981,12.756,3.981C45.125,72.768,53.663,67.323,53.663,56.792z"" style=""opacity:0.2;fill:#FFFFFF;"">
  </path>
  <path d=""M103.139,52.637V42.019L73.779,71.379c2.439,1.288,5.258,2.084,8.288,2.33C89.091,66.685,96.114,59.661,103.139,52.637z"" style=""opacity:0.2;fill:#FFFFFF;"">
  </path>
  <path d=""M33.345,41.38H15.525v14.381c0.0,1.098,0.113,2.14,0.291,3.147C21.659,53.065,27.502,47.222,33.345,41.38z"" style=""opacity:0.2;fill:#FFFFFF;"">
  </path>
  <path d=""M70.108,72.842c1.538,7.725,-3.083,10.734,-10.775,10.734l0.0,0.0c-7.689,0.0,-12.313,-3.01,-10.774,-10.734l3.33,-16.731c0.592,-2.973,3.888,-5.053,7.444,-5.053l0.0,0.0c3.554,0.0,6.85,2.08,7.443,5.053L70.108,72.842z"" style=""fill:#2D5563;"">
  </path>
  <path d=""M70.108,72.842l-3.332,-16.731c-0.146,-0.733,-0.458,-1.411,-0.896,-2.019l2.799,14.057c1.335,6.7,-2.673,9.311,-9.346,9.311c-6.669,0.0,-10.681,-2.61,-9.345,-9.311l2.797,-14.058c-0.438,0.607,-0.75,1.286,-0.896,2.02l-3.33,16.731c-1.539,7.725,3.085,10.734,10.774,10.734C67.025,83.577,71.646,80.567,70.108,72.842z"" style=""opacity:0.15;"">
  </path>
 </g>
</svg>


Question: What shape are the lenses of the object?",Square,Circular,Rectangular,Oval,D,entertainment
106,"Examine the following SVG code carefully and answer the question based on your interpretation of the rendered image.

<svg id=""Capa_1"" style=""enable-background:new 0 0 117.236 117.236;"" version=""1.1"" viewbox=""0 0 117.236 117.236"" x=""0px"" xml:space=""preserve"" y=""0px"">
 <g>
  <g>
   <path d=""M15.337,37.999H9.742C4.757,37.999,0.714,42.042,0.714,47.028c0.0,4.984,4.043,9.027,9.028,9.027h5.595c4.985,0.0,9.027,-4.043,9.027,-9.027C24.364,42.042,20.322,37.999,15.337,37.999z"" style=""fill:#2D5563;"">
   </path>
   <path d=""M108.923,37.999h-5.595c-4.985,0.0,-9.028,4.043,-9.028,9.029c0.0,4.984,4.043,9.027,9.028,9.027h5.595c4.985,0.0,9.027,-4.043,9.027,-9.027C117.95,42.042,113.908,37.999,108.923,37.999z"" style=""fill:#2D5563;"">
   </path>
  </g>
  <g style=""opacity:0.15;"">
   <path d=""M15.337,51.486H9.742c-4.194,0.0,-7.712,-2.866,-8.726,-6.743C0.826,45.474,0.714,46.237,0.714,47.028c0.0,4.984,4.043,9.027,9.028,9.027h5.595c4.985,0.0,9.027,-4.043,9.027,-9.027c0.0,-0.791,-0.112,-1.554,-0.303,-2.285C23.048,48.62,19.531,51.486,15.337,51.486z"">
   </path>
   <path d=""M108.923,51.486h-5.595c-4.194,0.0,-7.712,-2.866,-8.726,-6.743c-0.19,0.732,-0.303,1.494,-0.303,2.285c0.0,4.984,4.043,9.027,9.028,9.027h5.595c4.985,0.0,9.027,-4.043,9.027,-9.027c0.0,-0.791,-0.112,-1.554,-0.303,-2.285C116.634,48.62,113.117,51.486,108.923,51.486z"">
   </path>
  </g>
  <path d=""M9.857,35.71v20.051c0.0,13.141,10.404,22.678,24.738,22.678c13.681,0.0,23.21,-7.436,24.569,-18.789c0.108,-0.004,0.221,-0.008,0.335,-0.008c1.391,11.648,11.295,19.826,24.571,19.826c14.333,0.0,24.737,-9.535,24.737,-22.676V35.71H9.857z"" style=""fill:#1C353D;"">
  </path>
  <path d=""M15.525,41.38v7.73v2.695v3.955c0.0,10.531,8.538,17.008,19.069,17.008c10.53,0.0,19.068,-5.445,19.068,-15.977c0.0,-0.311,-0.22,-1.021,0.0,-1.242c2.004,-2.002,9.557,-2.203,11.338,0.0c0.195,0.242,0.0,0.932,0.0,1.242c0.0,10.531,8.538,17.008,19.069,17.008c10.53,0.0,19.068,-6.477,19.068,-17.008v-3.955v-2.695v-8.762H15.525z"" style=""fill:#54A2BD;"">
  </path>
  <path d=""M15.525,41.38v7.73v2.695v3.955c0.0,10.531,8.538,17.008,19.069,17.008c6.207,0.0,11.704,-1.907,15.187,-5.617c-3.24,2.976,-8.022,4.501,-13.368,4.501c-9.757,0.0,-17.667,-6.0,-17.667,-15.757v-3.665v-2.497v-7.162h81.172v8.118v2.497v3.664c0.0,9.757,-7.91,15.758,-17.666,15.758c-5.275,0.0,-9.997,-1.767,-13.233,-4.919c3.488,3.906,8.926,6.11,15.052,6.11c10.53,0.0,19.068,-6.477,19.068,-17.008v-3.955v-2.695v-8.762H15.525z"" style=""opacity:0.15;"">
  </path>
  <path d=""M53.663,56.792c0.0,-0.311,-0.22,-1.021,0.0,-1.242c1.685,-1.683,7.276,-2.087,10.079,-0.866c4.435,-4.435,8.869,-8.869,13.304,-13.304h-27.8L21.839,68.787c3.379,2.568,7.848,3.981,12.756,3.981C45.125,72.768,53.663,67.323,53.663,56.792z"" style=""opacity:0.2;fill:#FFFFFF;"">
  </path>
  <path d=""M103.139,52.637V42.019L73.779,71.379c2.439,1.288,5.258,2.084,8.288,2.33C89.091,66.685,96.114,59.661,103.139,52.637z"" style=""opacity:0.2;fill:#FFFFFF;"">
  </path>
  <path d=""M33.345,41.38H15.525v14.381c0.0,1.098,0.113,2.14,0.291,3.147C21.659,53.065,27.502,47.222,33.345,41.38z"" style=""opacity:0.2;fill:#FFFFFF;"">
  </path>
  <path d=""M70.108,72.842c1.538,7.725,-3.083,10.734,-10.775,10.734l0.0,0.0c-7.689,0.0,-12.313,-3.01,-10.774,-10.734l3.33,-16.731c0.592,-2.973,3.888,-5.053,7.444,-5.053l0.0,0.0c3.554,0.0,6.85,2.08,7.443,5.053L70.108,72.842z"" style=""fill:#2D5563;"">
  </path>
  <path d=""M70.108,72.842l-3.332,-16.731c-0.146,-0.733,-0.458,-1.411,-0.896,-2.019l2.799,14.057c1.335,6.7,-2.673,9.311,-9.346,9.311c-6.669,0.0,-10.681,-2.61,-9.345,-9.311l2.797,-14.058c-0.438,0.607,-0.75,1.286,-0.896,2.02l-3.33,16.731c-1.539,7.725,3.085,10.734,10.774,10.734C67.025,83.577,71.646,80.567,70.108,72.842z"" style=""opacity:0.15;"">
  </path>
 </g>
</svg>


Question: What is the color of the frame of the object?",Black,White,Green,Blue,D,entertainment
107,"Examine the following SVG code carefully and answer the question based on your interpretation of the rendered image.

<svg id=""Capa_1"" style=""enable-background:new 0 0 117.236 117.236;"" version=""1.1"" viewbox=""0 0 117.236 117.236"" x=""0px"" xml:space=""preserve"" y=""0px"">
 <g>
  <g>
   <path d=""M15.337,37.999H9.742C4.757,37.999,0.714,42.042,0.714,47.028c0.0,4.984,4.043,9.027,9.028,9.027h5.595c4.985,0.0,9.027,-4.043,9.027,-9.027C24.364,42.042,20.322,37.999,15.337,37.999z"" style=""fill:#2D5563;"">
   </path>
   <path d=""M108.923,37.999h-5.595c-4.985,0.0,-9.028,4.043,-9.028,9.029c0.0,4.984,4.043,9.027,9.028,9.027h5.595c4.985,0.0,9.027,-4.043,9.027,-9.027C117.95,42.042,113.908,37.999,108.923,37.999z"" style=""fill:#2D5563;"">
   </path>
  </g>
  <g style=""opacity:0.15;"">
   <path d=""M15.337,51.486H9.742c-4.194,0.0,-7.712,-2.866,-8.726,-6.743C0.826,45.474,0.714,46.237,0.714,47.028c0.0,4.984,4.043,9.027,9.028,9.027h5.595c4.985,0.0,9.027,-4.043,9.027,-9.027c0.0,-0.791,-0.112,-1.554,-0.303,-2.285C23.048,48.62,19.531,51.486,15.337,51.486z"">
   </path>
   <path d=""M108.923,51.486h-5.595c-4.194,0.0,-7.712,-2.866,-8.726,-6.743c-0.19,0.732,-0.303,1.494,-0.303,2.285c0.0,4.984,4.043,9.027,9.028,9.027h5.595c4.985,0.0,9.027,-4.043,9.027,-9.027c0.0,-0.791,-0.112,-1.554,-0.303,-2.285C116.634,48.62,113.117,51.486,108.923,51.486z"">
   </path>
  </g>
  <path d=""M9.857,35.71v20.051c0.0,13.141,10.404,22.678,24.738,22.678c13.681,0.0,23.21,-7.436,24.569,-18.789c0.108,-0.004,0.221,-0.008,0.335,-0.008c1.391,11.648,11.295,19.826,24.571,19.826c14.333,0.0,24.737,-9.535,24.737,-22.676V35.71H9.857z"" style=""fill:#1C353D;"">
  </path>
  <path d=""M15.525,41.38v7.73v2.695v3.955c0.0,10.531,8.538,17.008,19.069,17.008c10.53,0.0,19.068,-5.445,19.068,-15.977c0.0,-0.311,-0.22,-1.021,0.0,-1.242c2.004,-2.002,9.557,-2.203,11.338,0.0c0.195,0.242,0.0,0.932,0.0,1.242c0.0,10.531,8.538,17.008,19.069,17.008c10.53,0.0,19.068,-6.477,19.068,-17.008v-3.955v-2.695v-8.762H15.525z"" style=""fill:#54A2BD;"">
  </path>
  <path d=""M15.525,41.38v7.73v2.695v3.955c0.0,10.531,8.538,17.008,19.069,17.008c6.207,0.0,11.704,-1.907,15.187,-5.617c-3.24,2.976,-8.022,4.501,-13.368,4.501c-9.757,0.0,-17.667,-6.0,-17.667,-15.757v-3.665v-2.497v-7.162h81.172v8.118v2.497v3.664c0.0,9.757,-7.91,15.758,-17.666,15.758c-5.275,0.0,-9.997,-1.767,-13.233,-4.919c3.488,3.906,8.926,6.11,15.052,6.11c10.53,0.0,19.068,-6.477,19.068,-17.008v-3.955v-2.695v-8.762H15.525z"" style=""opacity:0.15;"">
  </path>
  <path d=""M53.663,56.792c0.0,-0.311,-0.22,-1.021,0.0,-1.242c1.685,-1.683,7.276,-2.087,10.079,-0.866c4.435,-4.435,8.869,-8.869,13.304,-13.304h-27.8L21.839,68.787c3.379,2.568,7.848,3.981,12.756,3.981C45.125,72.768,53.663,67.323,53.663,56.792z"" style=""opacity:0.2;fill:#FFFFFF;"">
  </path>
  <path d=""M103.139,52.637V42.019L73.779,71.379c2.439,1.288,5.258,2.084,8.288,2.33C89.091,66.685,96.114,59.661,103.139,52.637z"" style=""opacity:0.2;fill:#FFFFFF;"">
  </path>
  <path d=""M33.345,41.38H15.525v14.381c0.0,1.098,0.113,2.14,0.291,3.147C21.659,53.065,27.502,47.222,33.345,41.38z"" style=""opacity:0.2;fill:#FFFFFF;"">
  </path>
  <path d=""M70.108,72.842c1.538,7.725,-3.083,10.734,-10.775,10.734l0.0,0.0c-7.689,0.0,-12.313,-3.01,-10.774,-10.734l3.33,-16.731c0.592,-2.973,3.888,-5.053,7.444,-5.053l0.0,0.0c3.554,0.0,6.85,2.08,7.443,5.053L70.108,72.842z"" style=""fill:#2D5563;"">
  </path>
  <path d=""M70.108,72.842l-3.332,-16.731c-0.146,-0.733,-0.458,-1.411,-0.896,-2.019l2.799,14.057c1.335,6.7,-2.673,9.311,-9.346,9.311c-6.669,0.0,-10.681,-2.61,-9.345,-9.311l2.797,-14.058c-0.438,0.607,-0.75,1.286,-0.896,2.02l-3.33,16.731c-1.539,7.725,3.085,10.734,10.774,10.734C67.025,83.577,71.646,80.567,70.108,72.842z"" style=""opacity:0.15;"">
  </path>
 </g>
</svg>


Question: What is the object in the image?",Hat,Sunglasses,Shoes,Watch,B,entertainment
128,"Examine the following SVG code carefully and answer the question based on your interpretation of the rendered image.

<svg id=""Layer_1"" style=""enable-background:new 0 0 512 512;"" version=""1.1"" viewbox=""0 0 512 512"" x=""0px"" xml:space=""preserve"" y=""0px"">
 <circle cx=""260.641"" cy=""258.611"" r=""256"" style=""fill:#273B7A;"">
 </circle>
 <path d=""M264.977,514.556c132.52,-2.203,240.533,-105.084,250.851,-235.477L377.992,141.247l-50.231,68.629L222.6,104.714l-22.007,28.913l88.493,88.493l-47.881,42.71l-70.971,-70.971l-65.531,24.74l93.16,92.584l-53.332,83.22L264.977,514.556z"" style=""fill:#121149;"">
 </path>
 <path d=""M272.326,399.52V243.661H139.361v138.399c0.0,9.644,7.816,17.46,17.46,17.46h27.503c3.624,0.0,5.808,-4.127,3.658,-7.046c-2.701,-3.667,-4.299,-8.195,-4.299,-13.102c0.0,-12.609,10.53,-22.757,23.273,-22.133c11.3,0.552,20.549,9.868,21.028,21.173c0.224,5.287,-1.408,10.178,-4.298,14.088c-2.145,2.901,0.072,7.02,3.682,7.02L272.326,399.52z"" style=""fill:#FFC61B;"">
 </path>
 <path d=""M206.052,243.661v113.581c0.302,0.003,0.6,-0.017,0.905,-0.003c11.3,0.553,20.549,9.868,21.028,21.173c0.224,5.287,-1.408,10.178,-4.298,14.088c-2.145,2.901,0.072,7.02,3.681,7.02h44.958V243.661H206.052z"" style=""fill:#EAA22F;"">
 </path>
 <path d=""M227.802,136.636V269.601H366.201c9.644,0.0,17.46,-7.818,17.46,-17.46v-27.503c0.0,-3.624,-4.127,-5.808,-7.046,-3.658c-3.667,2.701,-8.195,4.299,-13.102,4.299c-12.609,0.0,-22.757,-10.528,-22.133,-23.273c0.552,-11.3,9.868,-20.549,21.173,-21.028c5.287,-0.224,10.178,1.408,14.088,4.298c2.901,2.145,7.02,-0.072,7.02,-3.682v-27.498c0.0,-9.644,-7.816,-17.46,-17.46,-17.46H227.802z"" style=""fill:#FEE187;"">
 </path>
 <path d=""M362.553,180.978c5.287,-0.224,10.178,1.408,14.088,4.298c2.901,2.145,7.02,-0.072,7.02,-3.681v-27.5c0.0,-9.644,-7.816,-17.46,-17.46,-17.46h-49.245V269.601h49.245c9.644,0.0,17.46,-7.816,17.46,-17.46v-27.503c0.0,-3.625,-4.127,-5.808,-7.046,-3.658c-3.667,2.701,-8.195,4.299,-13.102,4.299c-12.609,0.0,-22.757,-10.53,-22.133,-23.273C341.934,190.705,351.249,181.458,362.553,180.978z"" style=""fill:#FFC61B;"">
 </path>
 <path d=""M251.215,180.978c5.287,-0.224,10.178,1.408,14.088,4.298c2.901,2.145,7.02,-0.072,7.02,-3.682v-27.498c0.0,-9.644,-7.818,-17.46,-17.46,-17.46H229.081c-3.393,0.0,-5.598,-3.655,-3.929,-6.608c2.179,-3.855,3.236,-8.426,2.719,-13.279c-1.088,-10.202,-9.314,-18.47,-19.511,-19.596c-13.367,-1.474,-24.681,8.952,-24.681,22.021c0.0,3.949,1.036,7.651,2.85,10.857c1.669,2.951,-0.538,6.603,-3.929,6.603h-25.783c-9.644,0.0,-17.46,7.818,-17.46,17.46v26.591c0.0,3.55,-3.917,5.661,-6.906,3.746c-3.817,-2.445,-8.433,-3.75,-13.376,-3.429c-11.104,0.722,-20.125,9.914,-20.656,21.026c-0.607,12.733,9.537,23.247,22.135,23.247c4.425,0.0,8.54,-1.302,11.995,-3.539c2.934,-1.901,6.809,0.319,6.809,3.815v26.586c0.0,9.644,7.816,17.46,17.46,17.46h98.045c9.644,0.0,17.46,-7.818,17.46,-17.46v-27.503c0.0,-3.624,-4.127,-5.808,-7.046,-3.658c-3.667,2.701,-8.195,4.299,-13.102,4.299c-12.609,0.0,-22.757,-10.528,-22.133,-23.273C230.595,190.705,239.909,181.458,251.215,180.978z"" style=""fill:#EAA22F;"">
 </path>
 <path d=""M251.215,180.978c5.287,-0.224,10.178,1.408,14.088,4.298c2.901,2.145,7.02,-0.072,7.02,-3.681v-27.5c0.0,-9.644,-7.816,-17.46,-17.46,-17.46H229.081c-3.393,0.0,-5.598,-3.655,-3.929,-6.608c2.179,-3.855,3.236,-8.425,2.719,-13.279c-1.088,-10.202,-9.314,-18.47,-19.511,-19.594c-0.777,-0.086,-1.546,-0.122,-2.307,-0.129v172.577h48.811c9.644,0.0,17.46,-7.816,17.46,-17.46v-27.503c0.0,-3.625,-4.127,-5.808,-7.046,-3.658c-3.667,2.701,-8.195,4.299,-13.102,4.299c-12.609,0.0,-22.757,-10.53,-22.133,-23.273C230.595,190.705,239.909,181.458,251.215,180.978z"" style=""fill:#E09112;"">
 </path>
 <path d=""M338.927,378.412c0.224,5.287,-1.408,10.178,-4.298,14.088c-2.145,2.901,0.072,7.02,3.682,7.02h27.498c9.644,0.0,17.46,-7.818,17.46,-17.46v-25.781c0.0,-3.393,3.655,-5.598,6.608,-3.929c3.855,2.179,8.426,3.236,13.279,2.719c10.202,-1.088,18.47,-9.314,19.596,-19.511c1.474,-13.367,-8.952,-24.681,-22.021,-24.681c-3.949,0.0,-7.651,1.036,-10.857,2.85c-2.951,1.669,-6.603,-0.538,-6.603,-3.929v-25.784c0.0,-9.644,-7.818,-17.46,-17.46,-17.46h-26.595c-3.55,0.0,-5.661,-3.917,-3.746,-6.906c2.446,-3.817,3.75,-8.433,3.429,-13.376c-0.722,-11.104,-9.914,-20.125,-21.026,-20.656c-12.733,-0.607,-23.247,9.537,-23.247,22.135c0.0,4.425,1.302,8.54,3.539,11.995c1.901,2.934,-0.319,6.809,-3.815,6.809h-26.586c-9.644,0.0,-17.46,7.818,-17.46,17.46v98.045c0.0,9.644,7.816,17.46,17.46,17.46h27.503c3.624,0.0,5.808,-4.127,3.658,-7.046c-2.701,-3.667,-4.299,-8.195,-4.299,-13.102c0.0,-12.609,10.528,-22.757,23.273,-22.133C329.199,357.792,338.448,367.108,338.927,378.412z"" style=""fill:#FF5419;"">
 </path>
 <path d=""M400.729,310.876c-3.949,0.0,-7.651,1.038,-10.857,2.851c-2.951,1.67,-6.603,-0.538,-6.603,-3.929v-25.783c0.0,-9.644,-7.816,-17.46,-17.46,-17.46h-26.593c-3.55,0.0,-5.661,-3.917,-3.746,-6.906c2.444,-3.817,3.75,-8.433,3.429,-13.377c-0.722,-11.104,-9.912,-20.125,-21.026,-20.656c-0.116,-0.005,-0.226,0.005,-0.341,0.002v131.624c0.124,0.003,0.243,-0.007,0.369,-0.002c11.3,0.553,20.549,9.868,21.028,21.173c0.224,5.287,-1.408,10.178,-4.298,14.088c-2.145,2.901,0.072,7.02,3.681,7.02h27.498c9.644,0.0,17.46,-7.816,17.46,-17.46V356.281c0.0,-3.393,3.655,-5.599,6.608,-3.929c3.855,2.179,8.426,3.236,13.279,2.719c10.202,-1.088,18.47,-9.314,19.596,-19.511C424.224,322.189,413.798,310.876,400.729,310.876z"" style=""fill:#C92F00;"">
 </path>
</svg>


Question: What shape are the pieces in the image?",Circles,Squares,Triangles,pieces,D,entertainment
129,"Examine the following SVG code carefully and answer the question based on your interpretation of the rendered image.

<svg id=""Layer_1"" style=""enable-background:new 0 0 512 512;"" version=""1.1"" viewbox=""0 0 512 512"" x=""0px"" xml:space=""preserve"" y=""0px"">
 <circle cx=""260.641"" cy=""258.611"" r=""256"" style=""fill:#273B7A;"">
 </circle>
 <path d=""M264.977,514.556c132.52,-2.203,240.533,-105.084,250.851,-235.477L377.992,141.247l-50.231,68.629L222.6,104.714l-22.007,28.913l88.493,88.493l-47.881,42.71l-70.971,-70.971l-65.531,24.74l93.16,92.584l-53.332,83.22L264.977,514.556z"" style=""fill:#121149;"">
 </path>
 <path d=""M272.326,399.52V243.661H139.361v138.399c0.0,9.644,7.816,17.46,17.46,17.46h27.503c3.624,0.0,5.808,-4.127,3.658,-7.046c-2.701,-3.667,-4.299,-8.195,-4.299,-13.102c0.0,-12.609,10.53,-22.757,23.273,-22.133c11.3,0.552,20.549,9.868,21.028,21.173c0.224,5.287,-1.408,10.178,-4.298,14.088c-2.145,2.901,0.072,7.02,3.682,7.02L272.326,399.52z"" style=""fill:#FFC61B;"">
 </path>
 <path d=""M206.052,243.661v113.581c0.302,0.003,0.6,-0.017,0.905,-0.003c11.3,0.553,20.549,9.868,21.028,21.173c0.224,5.287,-1.408,10.178,-4.298,14.088c-2.145,2.901,0.072,7.02,3.681,7.02h44.958V243.661H206.052z"" style=""fill:#EAA22F;"">
 </path>
 <path d=""M227.802,136.636V269.601H366.201c9.644,0.0,17.46,-7.818,17.46,-17.46v-27.503c0.0,-3.624,-4.127,-5.808,-7.046,-3.658c-3.667,2.701,-8.195,4.299,-13.102,4.299c-12.609,0.0,-22.757,-10.528,-22.133,-23.273c0.552,-11.3,9.868,-20.549,21.173,-21.028c5.287,-0.224,10.178,1.408,14.088,4.298c2.901,2.145,7.02,-0.072,7.02,-3.682v-27.498c0.0,-9.644,-7.816,-17.46,-17.46,-17.46H227.802z"" style=""fill:#FEE187;"">
 </path>
 <path d=""M362.553,180.978c5.287,-0.224,10.178,1.408,14.088,4.298c2.901,2.145,7.02,-0.072,7.02,-3.681v-27.5c0.0,-9.644,-7.816,-17.46,-17.46,-17.46h-49.245V269.601h49.245c9.644,0.0,17.46,-7.816,17.46,-17.46v-27.503c0.0,-3.625,-4.127,-5.808,-7.046,-3.658c-3.667,2.701,-8.195,4.299,-13.102,4.299c-12.609,0.0,-22.757,-10.53,-22.133,-23.273C341.934,190.705,351.249,181.458,362.553,180.978z"" style=""fill:#FFC61B;"">
 </path>
 <path d=""M251.215,180.978c5.287,-0.224,10.178,1.408,14.088,4.298c2.901,2.145,7.02,-0.072,7.02,-3.682v-27.498c0.0,-9.644,-7.818,-17.46,-17.46,-17.46H229.081c-3.393,0.0,-5.598,-3.655,-3.929,-6.608c2.179,-3.855,3.236,-8.426,2.719,-13.279c-1.088,-10.202,-9.314,-18.47,-19.511,-19.596c-13.367,-1.474,-24.681,8.952,-24.681,22.021c0.0,3.949,1.036,7.651,2.85,10.857c1.669,2.951,-0.538,6.603,-3.929,6.603h-25.783c-9.644,0.0,-17.46,7.818,-17.46,17.46v26.591c0.0,3.55,-3.917,5.661,-6.906,3.746c-3.817,-2.445,-8.433,-3.75,-13.376,-3.429c-11.104,0.722,-20.125,9.914,-20.656,21.026c-0.607,12.733,9.537,23.247,22.135,23.247c4.425,0.0,8.54,-1.302,11.995,-3.539c2.934,-1.901,6.809,0.319,6.809,3.815v26.586c0.0,9.644,7.816,17.46,17.46,17.46h98.045c9.644,0.0,17.46,-7.818,17.46,-17.46v-27.503c0.0,-3.624,-4.127,-5.808,-7.046,-3.658c-3.667,2.701,-8.195,4.299,-13.102,4.299c-12.609,0.0,-22.757,-10.528,-22.133,-23.273C230.595,190.705,239.909,181.458,251.215,180.978z"" style=""fill:#EAA22F;"">
 </path>
 <path d=""M251.215,180.978c5.287,-0.224,10.178,1.408,14.088,4.298c2.901,2.145,7.02,-0.072,7.02,-3.681v-27.5c0.0,-9.644,-7.816,-17.46,-17.46,-17.46H229.081c-3.393,0.0,-5.598,-3.655,-3.929,-6.608c2.179,-3.855,3.236,-8.425,2.719,-13.279c-1.088,-10.202,-9.314,-18.47,-19.511,-19.594c-0.777,-0.086,-1.546,-0.122,-2.307,-0.129v172.577h48.811c9.644,0.0,17.46,-7.816,17.46,-17.46v-27.503c0.0,-3.625,-4.127,-5.808,-7.046,-3.658c-3.667,2.701,-8.195,4.299,-13.102,4.299c-12.609,0.0,-22.757,-10.53,-22.133,-23.273C230.595,190.705,239.909,181.458,251.215,180.978z"" style=""fill:#E09112;"">
 </path>
 <path d=""M338.927,378.412c0.224,5.287,-1.408,10.178,-4.298,14.088c-2.145,2.901,0.072,7.02,3.682,7.02h27.498c9.644,0.0,17.46,-7.818,17.46,-17.46v-25.781c0.0,-3.393,3.655,-5.598,6.608,-3.929c3.855,2.179,8.426,3.236,13.279,2.719c10.202,-1.088,18.47,-9.314,19.596,-19.511c1.474,-13.367,-8.952,-24.681,-22.021,-24.681c-3.949,0.0,-7.651,1.036,-10.857,2.85c-2.951,1.669,-6.603,-0.538,-6.603,-3.929v-25.784c0.0,-9.644,-7.818,-17.46,-17.46,-17.46h-26.595c-3.55,0.0,-5.661,-3.917,-3.746,-6.906c2.446,-3.817,3.75,-8.433,3.429,-13.376c-0.722,-11.104,-9.914,-20.125,-21.026,-20.656c-12.733,-0.607,-23.247,9.537,-23.247,22.135c0.0,4.425,1.302,8.54,3.539,11.995c1.901,2.934,-0.319,6.809,-3.815,6.809h-26.586c-9.644,0.0,-17.46,7.818,-17.46,17.46v98.045c0.0,9.644,7.816,17.46,17.46,17.46h27.503c3.624,0.0,5.808,-4.127,3.658,-7.046c-2.701,-3.667,-4.299,-8.195,-4.299,-13.102c0.0,-12.609,10.528,-22.757,23.273,-22.133C329.199,357.792,338.448,367.108,338.927,378.412z"" style=""fill:#FF5419;"">
 </path>
 <path d=""M400.729,310.876c-3.949,0.0,-7.651,1.038,-10.857,2.851c-2.951,1.67,-6.603,-0.538,-6.603,-3.929v-25.783c0.0,-9.644,-7.816,-17.46,-17.46,-17.46h-26.593c-3.55,0.0,-5.661,-3.917,-3.746,-6.906c2.444,-3.817,3.75,-8.433,3.429,-13.377c-0.722,-11.104,-9.912,-20.125,-21.026,-20.656c-0.116,-0.005,-0.226,0.005,-0.341,0.002v131.624c0.124,0.003,0.243,-0.007,0.369,-0.002c11.3,0.553,20.549,9.868,21.028,21.173c0.224,5.287,-1.408,10.178,-4.298,14.088c-2.145,2.901,0.072,7.02,3.681,7.02h27.498c9.644,0.0,17.46,-7.816,17.46,-17.46V356.281c0.0,-3.393,3.655,-5.599,6.608,-3.929c3.855,2.179,8.426,3.236,13.279,2.719c10.202,-1.088,18.47,-9.314,19.596,-19.511C424.224,322.189,413.798,310.876,400.729,310.876z"" style=""fill:#C92F00;"">
 </path>
</svg>


Question: How many puzzle pieces are there in the image?",2,3,5,4,D,entertainment
130,"Examine the following SVG code carefully and answer the question based on your interpretation of the rendered image.

<svg id=""Layer_1"" style=""enable-background:new 0 0 512 512;"" version=""1.1"" viewbox=""0 0 512 512"" x=""0px"" xml:space=""preserve"" y=""0px"">
 <circle cx=""260.641"" cy=""258.611"" r=""256"" style=""fill:#273B7A;"">
 </circle>
 <path d=""M264.977,514.556c132.52,-2.203,240.533,-105.084,250.851,-235.477L377.992,141.247l-50.231,68.629L222.6,104.714l-22.007,28.913l88.493,88.493l-47.881,42.71l-70.971,-70.971l-65.531,24.74l93.16,92.584l-53.332,83.22L264.977,514.556z"" style=""fill:#121149;"">
 </path>
 <path d=""M272.326,399.52V243.661H139.361v138.399c0.0,9.644,7.816,17.46,17.46,17.46h27.503c3.624,0.0,5.808,-4.127,3.658,-7.046c-2.701,-3.667,-4.299,-8.195,-4.299,-13.102c0.0,-12.609,10.53,-22.757,23.273,-22.133c11.3,0.552,20.549,9.868,21.028,21.173c0.224,5.287,-1.408,10.178,-4.298,14.088c-2.145,2.901,0.072,7.02,3.682,7.02L272.326,399.52z"" style=""fill:#FFC61B;"">
 </path>
 <path d=""M206.052,243.661v113.581c0.302,0.003,0.6,-0.017,0.905,-0.003c11.3,0.553,20.549,9.868,21.028,21.173c0.224,5.287,-1.408,10.178,-4.298,14.088c-2.145,2.901,0.072,7.02,3.681,7.02h44.958V243.661H206.052z"" style=""fill:#EAA22F;"">
 </path>
 <path d=""M227.802,136.636V269.601H366.201c9.644,0.0,17.46,-7.818,17.46,-17.46v-27.503c0.0,-3.624,-4.127,-5.808,-7.046,-3.658c-3.667,2.701,-8.195,4.299,-13.102,4.299c-12.609,0.0,-22.757,-10.528,-22.133,-23.273c0.552,-11.3,9.868,-20.549,21.173,-21.028c5.287,-0.224,10.178,1.408,14.088,4.298c2.901,2.145,7.02,-0.072,7.02,-3.682v-27.498c0.0,-9.644,-7.816,-17.46,-17.46,-17.46H227.802z"" style=""fill:#FEE187;"">
 </path>
 <path d=""M362.553,180.978c5.287,-0.224,10.178,1.408,14.088,4.298c2.901,2.145,7.02,-0.072,7.02,-3.681v-27.5c0.0,-9.644,-7.816,-17.46,-17.46,-17.46h-49.245V269.601h49.245c9.644,0.0,17.46,-7.816,17.46,-17.46v-27.503c0.0,-3.625,-4.127,-5.808,-7.046,-3.658c-3.667,2.701,-8.195,4.299,-13.102,4.299c-12.609,0.0,-22.757,-10.53,-22.133,-23.273C341.934,190.705,351.249,181.458,362.553,180.978z"" style=""fill:#FFC61B;"">
 </path>
 <path d=""M251.215,180.978c5.287,-0.224,10.178,1.408,14.088,4.298c2.901,2.145,7.02,-0.072,7.02,-3.682v-27.498c0.0,-9.644,-7.818,-17.46,-17.46,-17.46H229.081c-3.393,0.0,-5.598,-3.655,-3.929,-6.608c2.179,-3.855,3.236,-8.426,2.719,-13.279c-1.088,-10.202,-9.314,-18.47,-19.511,-19.596c-13.367,-1.474,-24.681,8.952,-24.681,22.021c0.0,3.949,1.036,7.651,2.85,10.857c1.669,2.951,-0.538,6.603,-3.929,6.603h-25.783c-9.644,0.0,-17.46,7.818,-17.46,17.46v26.591c0.0,3.55,-3.917,5.661,-6.906,3.746c-3.817,-2.445,-8.433,-3.75,-13.376,-3.429c-11.104,0.722,-20.125,9.914,-20.656,21.026c-0.607,12.733,9.537,23.247,22.135,23.247c4.425,0.0,8.54,-1.302,11.995,-3.539c2.934,-1.901,6.809,0.319,6.809,3.815v26.586c0.0,9.644,7.816,17.46,17.46,17.46h98.045c9.644,0.0,17.46,-7.818,17.46,-17.46v-27.503c0.0,-3.624,-4.127,-5.808,-7.046,-3.658c-3.667,2.701,-8.195,4.299,-13.102,4.299c-12.609,0.0,-22.757,-10.528,-22.133,-23.273C230.595,190.705,239.909,181.458,251.215,180.978z"" style=""fill:#EAA22F;"">
 </path>
 <path d=""M251.215,180.978c5.287,-0.224,10.178,1.408,14.088,4.298c2.901,2.145,7.02,-0.072,7.02,-3.681v-27.5c0.0,-9.644,-7.816,-17.46,-17.46,-17.46H229.081c-3.393,0.0,-5.598,-3.655,-3.929,-6.608c2.179,-3.855,3.236,-8.425,2.719,-13.279c-1.088,-10.202,-9.314,-18.47,-19.511,-19.594c-0.777,-0.086,-1.546,-0.122,-2.307,-0.129v172.577h48.811c9.644,0.0,17.46,-7.816,17.46,-17.46v-27.503c0.0,-3.625,-4.127,-5.808,-7.046,-3.658c-3.667,2.701,-8.195,4.299,-13.102,4.299c-12.609,0.0,-22.757,-10.53,-22.133,-23.273C230.595,190.705,239.909,181.458,251.215,180.978z"" style=""fill:#E09112;"">
 </path>
 <path d=""M338.927,378.412c0.224,5.287,-1.408,10.178,-4.298,14.088c-2.145,2.901,0.072,7.02,3.682,7.02h27.498c9.644,0.0,17.46,-7.818,17.46,-17.46v-25.781c0.0,-3.393,3.655,-5.598,6.608,-3.929c3.855,2.179,8.426,3.236,13.279,2.719c10.202,-1.088,18.47,-9.314,19.596,-19.511c1.474,-13.367,-8.952,-24.681,-22.021,-24.681c-3.949,0.0,-7.651,1.036,-10.857,2.85c-2.951,1.669,-6.603,-0.538,-6.603,-3.929v-25.784c0.0,-9.644,-7.818,-17.46,-17.46,-17.46h-26.595c-3.55,0.0,-5.661,-3.917,-3.746,-6.906c2.446,-3.817,3.75,-8.433,3.429,-13.376c-0.722,-11.104,-9.914,-20.125,-21.026,-20.656c-12.733,-0.607,-23.247,9.537,-23.247,22.135c0.0,4.425,1.302,8.54,3.539,11.995c1.901,2.934,-0.319,6.809,-3.815,6.809h-26.586c-9.644,0.0,-17.46,7.818,-17.46,17.46v98.045c0.0,9.644,7.816,17.46,17.46,17.46h27.503c3.624,0.0,5.808,-4.127,3.658,-7.046c-2.701,-3.667,-4.299,-8.195,-4.299,-13.102c0.0,-12.609,10.528,-22.757,23.273,-22.133C329.199,357.792,338.448,367.108,338.927,378.412z"" style=""fill:#FF5419;"">
 </path>
 <path d=""M400.729,310.876c-3.949,0.0,-7.651,1.038,-10.857,2.851c-2.951,1.67,-6.603,-0.538,-6.603,-3.929v-25.783c0.0,-9.644,-7.816,-17.46,-17.46,-17.46h-26.593c-3.55,0.0,-5.661,-3.917,-3.746,-6.906c2.444,-3.817,3.75,-8.433,3.429,-13.377c-0.722,-11.104,-9.912,-20.125,-21.026,-20.656c-0.116,-0.005,-0.226,0.005,-0.341,0.002v131.624c0.124,0.003,0.243,-0.007,0.369,-0.002c11.3,0.553,20.549,9.868,21.028,21.173c0.224,5.287,-1.408,10.178,-4.298,14.088c-2.145,2.901,0.072,7.02,3.681,7.02h27.498c9.644,0.0,17.46,-7.816,17.46,-17.46V356.281c0.0,-3.393,3.655,-5.599,6.608,-3.929c3.855,2.179,8.426,3.236,13.279,2.719c10.202,-1.088,18.47,-9.314,19.596,-19.511C424.224,322.189,413.798,310.876,400.729,310.876z"" style=""fill:#C92F00;"">
 </path>
</svg>


Question: What is the background color of the image?",Red,Green,Blue,Yellow,C,entertainment
131,"Examine the following SVG code carefully and answer the question based on your interpretation of the rendered image.

<svg id=""Layer_1"" style=""enable-background:new 0 0 512 512;"" version=""1.1"" viewbox=""0 0 512 512"" x=""0px"" xml:space=""preserve"" y=""0px"">
 <circle cx=""260.641"" cy=""258.611"" r=""256"" style=""fill:#273B7A;"">
 </circle>
 <path d=""M264.977,514.556c132.52,-2.203,240.533,-105.084,250.851,-235.477L377.992,141.247l-50.231,68.629L222.6,104.714l-22.007,28.913l88.493,88.493l-47.881,42.71l-70.971,-70.971l-65.531,24.74l93.16,92.584l-53.332,83.22L264.977,514.556z"" style=""fill:#121149;"">
 </path>
 <path d=""M272.326,399.52V243.661H139.361v138.399c0.0,9.644,7.816,17.46,17.46,17.46h27.503c3.624,0.0,5.808,-4.127,3.658,-7.046c-2.701,-3.667,-4.299,-8.195,-4.299,-13.102c0.0,-12.609,10.53,-22.757,23.273,-22.133c11.3,0.552,20.549,9.868,21.028,21.173c0.224,5.287,-1.408,10.178,-4.298,14.088c-2.145,2.901,0.072,7.02,3.682,7.02L272.326,399.52z"" style=""fill:#FFC61B;"">
 </path>
 <path d=""M206.052,243.661v113.581c0.302,0.003,0.6,-0.017,0.905,-0.003c11.3,0.553,20.549,9.868,21.028,21.173c0.224,5.287,-1.408,10.178,-4.298,14.088c-2.145,2.901,0.072,7.02,3.681,7.02h44.958V243.661H206.052z"" style=""fill:#EAA22F;"">
 </path>
 <path d=""M227.802,136.636V269.601H366.201c9.644,0.0,17.46,-7.818,17.46,-17.46v-27.503c0.0,-3.624,-4.127,-5.808,-7.046,-3.658c-3.667,2.701,-8.195,4.299,-13.102,4.299c-12.609,0.0,-22.757,-10.528,-22.133,-23.273c0.552,-11.3,9.868,-20.549,21.173,-21.028c5.287,-0.224,10.178,1.408,14.088,4.298c2.901,2.145,7.02,-0.072,7.02,-3.682v-27.498c0.0,-9.644,-7.816,-17.46,-17.46,-17.46H227.802z"" style=""fill:#FEE187;"">
 </path>
 <path d=""M362.553,180.978c5.287,-0.224,10.178,1.408,14.088,4.298c2.901,2.145,7.02,-0.072,7.02,-3.681v-27.5c0.0,-9.644,-7.816,-17.46,-17.46,-17.46h-49.245V269.601h49.245c9.644,0.0,17.46,-7.816,17.46,-17.46v-27.503c0.0,-3.625,-4.127,-5.808,-7.046,-3.658c-3.667,2.701,-8.195,4.299,-13.102,4.299c-12.609,0.0,-22.757,-10.53,-22.133,-23.273C341.934,190.705,351.249,181.458,362.553,180.978z"" style=""fill:#FFC61B;"">
 </path>
 <path d=""M251.215,180.978c5.287,-0.224,10.178,1.408,14.088,4.298c2.901,2.145,7.02,-0.072,7.02,-3.682v-27.498c0.0,-9.644,-7.818,-17.46,-17.46,-17.46H229.081c-3.393,0.0,-5.598,-3.655,-3.929,-6.608c2.179,-3.855,3.236,-8.426,2.719,-13.279c-1.088,-10.202,-9.314,-18.47,-19.511,-19.596c-13.367,-1.474,-24.681,8.952,-24.681,22.021c0.0,3.949,1.036,7.651,2.85,10.857c1.669,2.951,-0.538,6.603,-3.929,6.603h-25.783c-9.644,0.0,-17.46,7.818,-17.46,17.46v26.591c0.0,3.55,-3.917,5.661,-6.906,3.746c-3.817,-2.445,-8.433,-3.75,-13.376,-3.429c-11.104,0.722,-20.125,9.914,-20.656,21.026c-0.607,12.733,9.537,23.247,22.135,23.247c4.425,0.0,8.54,-1.302,11.995,-3.539c2.934,-1.901,6.809,0.319,6.809,3.815v26.586c0.0,9.644,7.816,17.46,17.46,17.46h98.045c9.644,0.0,17.46,-7.818,17.46,-17.46v-27.503c0.0,-3.624,-4.127,-5.808,-7.046,-3.658c-3.667,2.701,-8.195,4.299,-13.102,4.299c-12.609,0.0,-22.757,-10.528,-22.133,-23.273C230.595,190.705,239.909,181.458,251.215,180.978z"" style=""fill:#EAA22F;"">
 </path>
 <path d=""M251.215,180.978c5.287,-0.224,10.178,1.408,14.088,4.298c2.901,2.145,7.02,-0.072,7.02,-3.681v-27.5c0.0,-9.644,-7.816,-17.46,-17.46,-17.46H229.081c-3.393,0.0,-5.598,-3.655,-3.929,-6.608c2.179,-3.855,3.236,-8.425,2.719,-13.279c-1.088,-10.202,-9.314,-18.47,-19.511,-19.594c-0.777,-0.086,-1.546,-0.122,-2.307,-0.129v172.577h48.811c9.644,0.0,17.46,-7.816,17.46,-17.46v-27.503c0.0,-3.625,-4.127,-5.808,-7.046,-3.658c-3.667,2.701,-8.195,4.299,-13.102,4.299c-12.609,0.0,-22.757,-10.53,-22.133,-23.273C230.595,190.705,239.909,181.458,251.215,180.978z"" style=""fill:#E09112;"">
 </path>
 <path d=""M338.927,378.412c0.224,5.287,-1.408,10.178,-4.298,14.088c-2.145,2.901,0.072,7.02,3.682,7.02h27.498c9.644,0.0,17.46,-7.818,17.46,-17.46v-25.781c0.0,-3.393,3.655,-5.598,6.608,-3.929c3.855,2.179,8.426,3.236,13.279,2.719c10.202,-1.088,18.47,-9.314,19.596,-19.511c1.474,-13.367,-8.952,-24.681,-22.021,-24.681c-3.949,0.0,-7.651,1.036,-10.857,2.85c-2.951,1.669,-6.603,-0.538,-6.603,-3.929v-25.784c0.0,-9.644,-7.818,-17.46,-17.46,-17.46h-26.595c-3.55,0.0,-5.661,-3.917,-3.746,-6.906c2.446,-3.817,3.75,-8.433,3.429,-13.376c-0.722,-11.104,-9.914,-20.125,-21.026,-20.656c-12.733,-0.607,-23.247,9.537,-23.247,22.135c0.0,4.425,1.302,8.54,3.539,11.995c1.901,2.934,-0.319,6.809,-3.815,6.809h-26.586c-9.644,0.0,-17.46,7.818,-17.46,17.46v98.045c0.0,9.644,7.816,17.46,17.46,17.46h27.503c3.624,0.0,5.808,-4.127,3.658,-7.046c-2.701,-3.667,-4.299,-8.195,-4.299,-13.102c0.0,-12.609,10.528,-22.757,23.273,-22.133C329.199,357.792,338.448,367.108,338.927,378.412z"" style=""fill:#FF5419;"">
 </path>
 <path d=""M400.729,310.876c-3.949,0.0,-7.651,1.038,-10.857,2.851c-2.951,1.67,-6.603,-0.538,-6.603,-3.929v-25.783c0.0,-9.644,-7.816,-17.46,-17.46,-17.46h-26.593c-3.55,0.0,-5.661,-3.917,-3.746,-6.906c2.444,-3.817,3.75,-8.433,3.429,-13.377c-0.722,-11.104,-9.912,-20.125,-21.026,-20.656c-0.116,-0.005,-0.226,0.005,-0.341,0.002v131.624c0.124,0.003,0.243,-0.007,0.369,-0.002c11.3,0.553,20.549,9.868,21.028,21.173c0.224,5.287,-1.408,10.178,-4.298,14.088c-2.145,2.901,0.072,7.02,3.681,7.02h27.498c9.644,0.0,17.46,-7.816,17.46,-17.46V356.281c0.0,-3.393,3.655,-5.599,6.608,-3.929c3.855,2.179,8.426,3.236,13.279,2.719c10.202,-1.088,18.47,-9.314,19.596,-19.511C424.224,322.189,413.798,310.876,400.729,310.876z"" style=""fill:#C92F00;"">
 </path>
</svg>


Question: What does the image represent?",puzzle,toy,books,keys,A,entertainment
132,"Examine the following SVG code carefully and answer the question based on your interpretation of the rendered image.

<svg id=""Layer_1"" style=""enable-background:new 0 0 501.553 501.553;"" version=""1.1"" viewbox=""0 0 501.553 501.553"" x=""0px"" xml:space=""preserve"" y=""0px"">
 <g>
  <g>
   <g>
    <path d=""M392.37,192.135h-23.886c9.491,-18.228,14.461,-38.426,14.461,-59.332c0.0,-34.332,-13.347,-66.633,-37.583,-90.953c-47.886,-48.056,-127.374,-50.167,-177.714,-4.603c-26.953,24.397,-42.412,59.226,-42.412,95.556c0.0,20.906,4.971,41.104,14.462,59.332h-24.877c-20.472,0.0,-37.127,16.655,-37.127,37.127c0.0,18.13,13.066,33.257,30.274,36.482l25.192,58.335l14.061,71.647v66.491v33.731c0.0,5.523,4.478,10.0,10.0,10.0c5.522,0.0,10.0,-4.477,10.0,-10.0v-23.731h79.818v23.728c0.0,5.523,4.478,10.0,10.0,10.0c5.522,0.0,10.0,-4.477,10.0,-10.0v-23.728h28.465v23.731c0.0,5.523,4.478,10.0,10.0,10.0c5.522,0.0,10.0,-4.477,10.0,-10.0v-23.731h25.153v23.731c0.0,5.523,4.478,10.0,10.0,10.0c5.522,0.0,10.0,-4.477,10.0,-10.0v-33.731v-66.49l14.061,-71.647l25.254,-58.476c16.838,-3.518,29.525,-18.475,29.525,-36.342C429.497,208.79,412.842,192.135,392.37,192.135zM362.273,120.822h-26.963c-5.522,0.0,-10.0,4.477,-10.0,10.0s4.478,10.0,10.0,10.0h27.346c-1.33,18.362,-7.227,35.886,-17.288,51.313h-14.16c-11.519,-17.661,-17.594,-38.063,-17.594,-59.332c0.0,-25.461,8.692,-49.599,24.668,-69.016C351.726,80.127,359.986,99.818,362.273,120.822zM258.053,175.489c5.522,0.0,10.0,-4.477,10.0,-10.0v-24.666h7.828c5.522,0.0,10.0,-4.477,10.0,-10.0c0.0,-5.523,-4.478,-10.0,-10.0,-10.0h-7.828V24.839c20.72,2.636,40.073,11.116,56.108,24.651c-19.769,23.254,-30.547,52.466,-30.547,83.314c0.0,20.902,4.95,41.105,14.438,59.332h-99.008c8.269,-15.884,13.089,-33.271,14.191,-51.313h24.818v24.666C248.053,171.012,252.531,175.489,258.053,175.489zM248.053,24.136v96.687h-25.133c-2.64,-28.112,-14.495,-54.699,-33.662,-75.466C206.332,32.679,226.729,25.312,248.053,24.136zM174.354,58.709c15.891,17.12,25.879,38.953,28.458,62.114h-56.904C148.486,97.664,158.466,75.829,174.354,58.709zM203.184,140.823c-1.331,18.364,-7.232,35.885,-17.296,51.313h-23.072c-10.061,-15.427,-15.958,-32.95,-17.289,-51.313H203.184zM149.34,311.098l-19.307,-44.708h45.536l11.157,44.708H149.34zM165.45,384.756L154.919,331.098h35.679l6.085,53.658H165.45zM197.882,452.218h-30.66V404.756h30.66V452.218zM247.04,452.218h-29.158V404.756h29.158V452.218zM247.04,384.756h-30.228l-6.085,-53.658h36.313V384.756zM247.04,311.098H207.339l-11.157,-44.708h50.858V311.098zM340.658,452.218h-25.153v-1.478c0.0,-5.523,-4.478,-10.0,-10.0,-10.0c-5.522,0.0,-10.0,4.477,-10.0,10.0v1.478h-28.465V404.756h38.469c0.003,0.0,0.006,0.0,0.009,0.0s0.007,0.0,0.01,0.0h35.13V452.218zM302.66,331.098l-6.085,53.658h-29.535v-53.658H302.66zM267.04,311.098v-44.708h50.165l-11.157,44.708H267.04zM342.43,384.756h-25.727l6.085,-53.658h30.172L342.43,384.756zM358.541,311.098h-31.88l11.157,-44.708h40.03L358.541,311.098zM392.37,246.39H114.822c-9.444,0.0,-17.127,-7.683,-17.127,-17.127c0.0,-9.444,7.683,-17.127,17.127,-17.127h277.548c9.444,0.0,17.127,7.684,17.127,17.127S401.814,246.39,392.37,246.39z"">
    </path>
    <path d=""M295.505,420.508v4.48c0.0,5.523,4.478,10.0,10.0,10.0c5.522,0.0,10.0,-4.477,10.0,-10.0v-4.48c0.0,-5.523,-4.478,-10.0,-10.0,-10.0C299.983,410.508,295.505,414.985,295.505,420.508z"">
    </path>
    <path d=""M207.882,481.349c-5.522,0.0,-10.0,4.477,-10.0,10.0v4.6c0.0,5.523,4.478,10.0,10.0,10.0c5.522,0.0,10.0,-4.477,10.0,-10.0v-4.6C217.882,485.826,213.405,481.349,207.882,481.349z"">
    </path>
   </g>
  </g>
 </g>
</svg>


Question: What shape is at the top of the object?",Circle,Triangle,Square,Hexagon,A,entertainment
133,"Examine the following SVG code carefully and answer the question based on your interpretation of the rendered image.

<svg id=""Layer_1"" style=""enable-background:new 0 0 501.553 501.553;"" version=""1.1"" viewbox=""0 0 501.553 501.553"" x=""0px"" xml:space=""preserve"" y=""0px"">
 <g>
  <g>
   <g>
    <path d=""M392.37,192.135h-23.886c9.491,-18.228,14.461,-38.426,14.461,-59.332c0.0,-34.332,-13.347,-66.633,-37.583,-90.953c-47.886,-48.056,-127.374,-50.167,-177.714,-4.603c-26.953,24.397,-42.412,59.226,-42.412,95.556c0.0,20.906,4.971,41.104,14.462,59.332h-24.877c-20.472,0.0,-37.127,16.655,-37.127,37.127c0.0,18.13,13.066,33.257,30.274,36.482l25.192,58.335l14.061,71.647v66.491v33.731c0.0,5.523,4.478,10.0,10.0,10.0c5.522,0.0,10.0,-4.477,10.0,-10.0v-23.731h79.818v23.728c0.0,5.523,4.478,10.0,10.0,10.0c5.522,0.0,10.0,-4.477,10.0,-10.0v-23.728h28.465v23.731c0.0,5.523,4.478,10.0,10.0,10.0c5.522,0.0,10.0,-4.477,10.0,-10.0v-23.731h25.153v23.731c0.0,5.523,4.478,10.0,10.0,10.0c5.522,0.0,10.0,-4.477,10.0,-10.0v-33.731v-66.49l14.061,-71.647l25.254,-58.476c16.838,-3.518,29.525,-18.475,29.525,-36.342C429.497,208.79,412.842,192.135,392.37,192.135zM362.273,120.822h-26.963c-5.522,0.0,-10.0,4.477,-10.0,10.0s4.478,10.0,10.0,10.0h27.346c-1.33,18.362,-7.227,35.886,-17.288,51.313h-14.16c-11.519,-17.661,-17.594,-38.063,-17.594,-59.332c0.0,-25.461,8.692,-49.599,24.668,-69.016C351.726,80.127,359.986,99.818,362.273,120.822zM258.053,175.489c5.522,0.0,10.0,-4.477,10.0,-10.0v-24.666h7.828c5.522,0.0,10.0,-4.477,10.0,-10.0c0.0,-5.523,-4.478,-10.0,-10.0,-10.0h-7.828V24.839c20.72,2.636,40.073,11.116,56.108,24.651c-19.769,23.254,-30.547,52.466,-30.547,83.314c0.0,20.902,4.95,41.105,14.438,59.332h-99.008c8.269,-15.884,13.089,-33.271,14.191,-51.313h24.818v24.666C248.053,171.012,252.531,175.489,258.053,175.489zM248.053,24.136v96.687h-25.133c-2.64,-28.112,-14.495,-54.699,-33.662,-75.466C206.332,32.679,226.729,25.312,248.053,24.136zM174.354,58.709c15.891,17.12,25.879,38.953,28.458,62.114h-56.904C148.486,97.664,158.466,75.829,174.354,58.709zM203.184,140.823c-1.331,18.364,-7.232,35.885,-17.296,51.313h-23.072c-10.061,-15.427,-15.958,-32.95,-17.289,-51.313H203.184zM149.34,311.098l-19.307,-44.708h45.536l11.157,44.708H149.34zM165.45,384.756L154.919,331.098h35.679l6.085,53.658H165.45zM197.882,452.218h-30.66V404.756h30.66V452.218zM247.04,452.218h-29.158V404.756h29.158V452.218zM247.04,384.756h-30.228l-6.085,-53.658h36.313V384.756zM247.04,311.098H207.339l-11.157,-44.708h50.858V311.098zM340.658,452.218h-25.153v-1.478c0.0,-5.523,-4.478,-10.0,-10.0,-10.0c-5.522,0.0,-10.0,4.477,-10.0,10.0v1.478h-28.465V404.756h38.469c0.003,0.0,0.006,0.0,0.009,0.0s0.007,0.0,0.01,0.0h35.13V452.218zM302.66,331.098l-6.085,53.658h-29.535v-53.658H302.66zM267.04,311.098v-44.708h50.165l-11.157,44.708H267.04zM342.43,384.756h-25.727l6.085,-53.658h30.172L342.43,384.756zM358.541,311.098h-31.88l11.157,-44.708h40.03L358.541,311.098zM392.37,246.39H114.822c-9.444,0.0,-17.127,-7.683,-17.127,-17.127c0.0,-9.444,7.683,-17.127,17.127,-17.127h277.548c9.444,0.0,17.127,7.684,17.127,17.127S401.814,246.39,392.37,246.39z"">
    </path>
    <path d=""M295.505,420.508v4.48c0.0,5.523,4.478,10.0,10.0,10.0c5.522,0.0,10.0,-4.477,10.0,-10.0v-4.48c0.0,-5.523,-4.478,-10.0,-10.0,-10.0C299.983,410.508,295.505,414.985,295.505,420.508z"">
    </path>
    <path d=""M207.882,481.349c-5.522,0.0,-10.0,4.477,-10.0,10.0v4.6c0.0,5.523,4.478,10.0,10.0,10.0c5.522,0.0,10.0,-4.477,10.0,-10.0v-4.6C217.882,485.826,213.405,481.349,207.882,481.349z"">
    </path>
   </g>
  </g>
 </g>
</svg>


Question: How many vertical lines are present in the lower part of the object?",2,3,4,5,B,entertainment
134,"Examine the following SVG code carefully and answer the question based on your interpretation of the rendered image.

<svg id=""Layer_1"" style=""enable-background:new 0 0 501.553 501.553;"" version=""1.1"" viewbox=""0 0 501.553 501.553"" x=""0px"" xml:space=""preserve"" y=""0px"">
 <g>
  <g>
   <g>
    <path d=""M392.37,192.135h-23.886c9.491,-18.228,14.461,-38.426,14.461,-59.332c0.0,-34.332,-13.347,-66.633,-37.583,-90.953c-47.886,-48.056,-127.374,-50.167,-177.714,-4.603c-26.953,24.397,-42.412,59.226,-42.412,95.556c0.0,20.906,4.971,41.104,14.462,59.332h-24.877c-20.472,0.0,-37.127,16.655,-37.127,37.127c0.0,18.13,13.066,33.257,30.274,36.482l25.192,58.335l14.061,71.647v66.491v33.731c0.0,5.523,4.478,10.0,10.0,10.0c5.522,0.0,10.0,-4.477,10.0,-10.0v-23.731h79.818v23.728c0.0,5.523,4.478,10.0,10.0,10.0c5.522,0.0,10.0,-4.477,10.0,-10.0v-23.728h28.465v23.731c0.0,5.523,4.478,10.0,10.0,10.0c5.522,0.0,10.0,-4.477,10.0,-10.0v-23.731h25.153v23.731c0.0,5.523,4.478,10.0,10.0,10.0c5.522,0.0,10.0,-4.477,10.0,-10.0v-33.731v-66.49l14.061,-71.647l25.254,-58.476c16.838,-3.518,29.525,-18.475,29.525,-36.342C429.497,208.79,412.842,192.135,392.37,192.135zM362.273,120.822h-26.963c-5.522,0.0,-10.0,4.477,-10.0,10.0s4.478,10.0,10.0,10.0h27.346c-1.33,18.362,-7.227,35.886,-17.288,51.313h-14.16c-11.519,-17.661,-17.594,-38.063,-17.594,-59.332c0.0,-25.461,8.692,-49.599,24.668,-69.016C351.726,80.127,359.986,99.818,362.273,120.822zM258.053,175.489c5.522,0.0,10.0,-4.477,10.0,-10.0v-24.666h7.828c5.522,0.0,10.0,-4.477,10.0,-10.0c0.0,-5.523,-4.478,-10.0,-10.0,-10.0h-7.828V24.839c20.72,2.636,40.073,11.116,56.108,24.651c-19.769,23.254,-30.547,52.466,-30.547,83.314c0.0,20.902,4.95,41.105,14.438,59.332h-99.008c8.269,-15.884,13.089,-33.271,14.191,-51.313h24.818v24.666C248.053,171.012,252.531,175.489,258.053,175.489zM248.053,24.136v96.687h-25.133c-2.64,-28.112,-14.495,-54.699,-33.662,-75.466C206.332,32.679,226.729,25.312,248.053,24.136zM174.354,58.709c15.891,17.12,25.879,38.953,28.458,62.114h-56.904C148.486,97.664,158.466,75.829,174.354,58.709zM203.184,140.823c-1.331,18.364,-7.232,35.885,-17.296,51.313h-23.072c-10.061,-15.427,-15.958,-32.95,-17.289,-51.313H203.184zM149.34,311.098l-19.307,-44.708h45.536l11.157,44.708H149.34zM165.45,384.756L154.919,331.098h35.679l6.085,53.658H165.45zM197.882,452.218h-30.66V404.756h30.66V452.218zM247.04,452.218h-29.158V404.756h29.158V452.218zM247.04,384.756h-30.228l-6.085,-53.658h36.313V384.756zM247.04,311.098H207.339l-11.157,-44.708h50.858V311.098zM340.658,452.218h-25.153v-1.478c0.0,-5.523,-4.478,-10.0,-10.0,-10.0c-5.522,0.0,-10.0,4.477,-10.0,10.0v1.478h-28.465V404.756h38.469c0.003,0.0,0.006,0.0,0.009,0.0s0.007,0.0,0.01,0.0h35.13V452.218zM302.66,331.098l-6.085,53.658h-29.535v-53.658H302.66zM267.04,311.098v-44.708h50.165l-11.157,44.708H267.04zM342.43,384.756h-25.727l6.085,-53.658h30.172L342.43,384.756zM358.541,311.098h-31.88l11.157,-44.708h40.03L358.541,311.098zM392.37,246.39H114.822c-9.444,0.0,-17.127,-7.683,-17.127,-17.127c0.0,-9.444,7.683,-17.127,17.127,-17.127h277.548c9.444,0.0,17.127,7.684,17.127,17.127S401.814,246.39,392.37,246.39z"">
    </path>
    <path d=""M295.505,420.508v4.48c0.0,5.523,4.478,10.0,10.0,10.0c5.522,0.0,10.0,-4.477,10.0,-10.0v-4.48c0.0,-5.523,-4.478,-10.0,-10.0,-10.0C299.983,410.508,295.505,414.985,295.505,420.508z"">
    </path>
    <path d=""M207.882,481.349c-5.522,0.0,-10.0,4.477,-10.0,10.0v4.6c0.0,5.523,4.478,10.0,10.0,10.0c5.522,0.0,10.0,-4.477,10.0,-10.0v-4.6C217.882,485.826,213.405,481.349,207.882,481.349z"">
    </path>
   </g>
  </g>
 </g>
</svg>


Question: What is the shape of the middle section of the object?",Rectangle,Circle,Triangle,Pentagon,A,entertainment
135,"Examine the following SVG code carefully and answer the question based on your interpretation of the rendered image.

<svg id=""Layer_1"" style=""enable-background:new 0 0 501.553 501.553;"" version=""1.1"" viewbox=""0 0 501.553 501.553"" x=""0px"" xml:space=""preserve"" y=""0px"">
 <g>
  <g>
   <g>
    <path d=""M392.37,192.135h-23.886c9.491,-18.228,14.461,-38.426,14.461,-59.332c0.0,-34.332,-13.347,-66.633,-37.583,-90.953c-47.886,-48.056,-127.374,-50.167,-177.714,-4.603c-26.953,24.397,-42.412,59.226,-42.412,95.556c0.0,20.906,4.971,41.104,14.462,59.332h-24.877c-20.472,0.0,-37.127,16.655,-37.127,37.127c0.0,18.13,13.066,33.257,30.274,36.482l25.192,58.335l14.061,71.647v66.491v33.731c0.0,5.523,4.478,10.0,10.0,10.0c5.522,0.0,10.0,-4.477,10.0,-10.0v-23.731h79.818v23.728c0.0,5.523,4.478,10.0,10.0,10.0c5.522,0.0,10.0,-4.477,10.0,-10.0v-23.728h28.465v23.731c0.0,5.523,4.478,10.0,10.0,10.0c5.522,0.0,10.0,-4.477,10.0,-10.0v-23.731h25.153v23.731c0.0,5.523,4.478,10.0,10.0,10.0c5.522,0.0,10.0,-4.477,10.0,-10.0v-33.731v-66.49l14.061,-71.647l25.254,-58.476c16.838,-3.518,29.525,-18.475,29.525,-36.342C429.497,208.79,412.842,192.135,392.37,192.135zM362.273,120.822h-26.963c-5.522,0.0,-10.0,4.477,-10.0,10.0s4.478,10.0,10.0,10.0h27.346c-1.33,18.362,-7.227,35.886,-17.288,51.313h-14.16c-11.519,-17.661,-17.594,-38.063,-17.594,-59.332c0.0,-25.461,8.692,-49.599,24.668,-69.016C351.726,80.127,359.986,99.818,362.273,120.822zM258.053,175.489c5.522,0.0,10.0,-4.477,10.0,-10.0v-24.666h7.828c5.522,0.0,10.0,-4.477,10.0,-10.0c0.0,-5.523,-4.478,-10.0,-10.0,-10.0h-7.828V24.839c20.72,2.636,40.073,11.116,56.108,24.651c-19.769,23.254,-30.547,52.466,-30.547,83.314c0.0,20.902,4.95,41.105,14.438,59.332h-99.008c8.269,-15.884,13.089,-33.271,14.191,-51.313h24.818v24.666C248.053,171.012,252.531,175.489,258.053,175.489zM248.053,24.136v96.687h-25.133c-2.64,-28.112,-14.495,-54.699,-33.662,-75.466C206.332,32.679,226.729,25.312,248.053,24.136zM174.354,58.709c15.891,17.12,25.879,38.953,28.458,62.114h-56.904C148.486,97.664,158.466,75.829,174.354,58.709zM203.184,140.823c-1.331,18.364,-7.232,35.885,-17.296,51.313h-23.072c-10.061,-15.427,-15.958,-32.95,-17.289,-51.313H203.184zM149.34,311.098l-19.307,-44.708h45.536l11.157,44.708H149.34zM165.45,384.756L154.919,331.098h35.679l6.085,53.658H165.45zM197.882,452.218h-30.66V404.756h30.66V452.218zM247.04,452.218h-29.158V404.756h29.158V452.218zM247.04,384.756h-30.228l-6.085,-53.658h36.313V384.756zM247.04,311.098H207.339l-11.157,-44.708h50.858V311.098zM340.658,452.218h-25.153v-1.478c0.0,-5.523,-4.478,-10.0,-10.0,-10.0c-5.522,0.0,-10.0,4.477,-10.0,10.0v1.478h-28.465V404.756h38.469c0.003,0.0,0.006,0.0,0.009,0.0s0.007,0.0,0.01,0.0h35.13V452.218zM302.66,331.098l-6.085,53.658h-29.535v-53.658H302.66zM267.04,311.098v-44.708h50.165l-11.157,44.708H267.04zM342.43,384.756h-25.727l6.085,-53.658h30.172L342.43,384.756zM358.541,311.098h-31.88l11.157,-44.708h40.03L358.541,311.098zM392.37,246.39H114.822c-9.444,0.0,-17.127,-7.683,-17.127,-17.127c0.0,-9.444,7.683,-17.127,17.127,-17.127h277.548c9.444,0.0,17.127,7.684,17.127,17.127S401.814,246.39,392.37,246.39z"">
    </path>
    <path d=""M295.505,420.508v4.48c0.0,5.523,4.478,10.0,10.0,10.0c5.522,0.0,10.0,-4.477,10.0,-10.0v-4.48c0.0,-5.523,-4.478,-10.0,-10.0,-10.0C299.983,410.508,295.505,414.985,295.505,420.508z"">
    </path>
    <path d=""M207.882,481.349c-5.522,0.0,-10.0,4.477,-10.0,10.0v4.6c0.0,5.523,4.478,10.0,10.0,10.0c5.522,0.0,10.0,-4.477,10.0,-10.0v-4.6C217.882,485.826,213.405,481.349,207.882,481.349z"">
    </path>
   </g>
  </g>
 </g>
</svg>


Question: What is the object in the image?",lighthouse,balloon,stand,tower,C,entertainment
164,"Examine the following SVG code carefully and answer the question based on your interpretation of the rendered image.

<svg id=""Layer_1"" style=""enable-background:new 0 0 300 300;"" version=""1.1"" viewbox=""0 0 300 300"" x=""0px"" xml:space=""preserve"" y=""0px"">
 <g>
  <g>
   <g>
    <path d=""M297.781,124.135c-0.031,-0.681,-0.181,-1.337,-0.431,-1.962c-4.737,-24.5,-28.825,-42.144,-57.85,-42.144c-13.438,0.0,-24.713,6.131,-34.412,18.75h-52.817c0.928,-10.089,4.144,-14.879,7.786,-20.263c5.012,-7.406,10.688,-15.8,10.688,-35.981c0.0,-3.456,-2.794,-6.25,-6.25,-6.25s-6.25,2.794,-6.25,6.25c0.0,16.356,-3.956,22.206,-8.538,28.981c-4.207,6.223,-8.905,13.167,-9.983,27.263h-34.636C94.444,85.854,77.375,80.029,64.5,80.029c-26.987,0.0,-48.131,18.462,-52.688,46.269C10.806,135.61,2.0,217.379,2.0,223.779c0.0,20.231,16.381,43.75,37.5,43.75c14.287,0.0,31.237,-6.869,37.306,-22.169c0.075,-0.156,0.144,-0.319,0.212,-0.475l12.938,-31.65c5.619,4.537,12.769,8.281,21.013,8.281c15.744,0.0,29.775,-9.325,35.181,-22.744h17.2c5.238,12.163,18.694,20.031,35.119,20.031c6.838,0.0,14.306,-0.587,20.806,-4.1l13.206,30.325c0.044,0.125,0.1,0.237,0.169,0.356c5.662,14.706,16.362,22.15,31.844,22.15c21.119,0.0,37.5,-23.519,37.506,-43.763C302.0,217.454,297.956,127.947,297.781,124.135zM264.494,255.035c-10.35,0.0,-16.637,-4.531,-20.375,-14.662c-0.119,-0.325,-0.275,-0.644,-0.444,-0.944l-16.137,-37.05c-0.856,-1.969,-2.65,-3.344,-4.763,-3.681c-2.125,-0.319,-4.244,0.431,-5.65,2.031c-3.563,4.031,-8.787,5.6,-18.638,5.6c-12.769,0.0,-22.387,-5.963,-24.531,-15.194c-0.669,-2.831,-3.181,-4.837,-6.094,-4.837H141.6c-2.906,0.0,-5.444,2.006,-6.094,4.837c-2.369,10.206,-12.919,17.894,-24.538,17.894c-7.919,0.0,-15.075,-6.769,-18.631,-10.806c-1.431,-1.625,-3.625,-2.362,-5.731,-2.025c-2.138,0.35,-3.925,1.8,-4.75,3.794l-16.175,39.588c-0.144,0.244,-0.256,0.513,-0.363,0.781c-3.744,10.131,-15.662,14.675,-25.825,14.675c-13.463,0.0,-25.0,-17.181,-25.0,-31.25c0.006,-4.369,5.981,-61.281,9.7,-95.787c3.519,-21.544,19.338,-35.463,40.3,-35.463c10.144,0.0,24.612,5.025,32.388,16.088c1.169,1.675,3.081,2.662,5.112,2.662h106.25c2.031,0.0,3.938,-0.987,5.113,-2.662c7.825,-11.125,15.881,-16.088,26.137,-16.088c20.05,0.0,42.2,11.313,45.738,32.963c0.037,0.162,0.075,0.344,0.119,0.5c1.463,32.5,4.144,93.012,4.144,97.787C289.494,237.854,277.956,255.035,264.494,255.035z"">
    </path>
    <path d=""M76.994,148.785h-12.5v-12.5c0.0,-3.456,-2.794,-6.25,-6.25,-6.25c-3.456,0.0,-6.25,2.794,-6.25,6.25v12.5h-12.5c-3.456,0.0,-6.25,2.794,-6.25,6.25s2.794,6.25,6.25,6.25h12.5v12.5c0.0,3.456,2.794,6.25,6.25,6.25c3.456,0.0,6.25,-2.794,6.25,-6.25v-12.5h12.5c3.456,0.0,6.25,-2.794,6.25,-6.25S80.45,148.785,76.994,148.785z"">
    </path>
    <path d=""M139.494,148.785h-12.5c-3.456,0.0,-6.25,2.794,-6.25,6.25s2.794,6.25,6.25,6.25h12.5c3.456,0.0,6.25,-2.794,6.25,-6.25S142.95,148.785,139.494,148.785z"">
    </path>
    <path d=""M176.994,148.785h-12.5c-3.456,0.0,-6.25,2.794,-6.25,6.25s2.794,6.25,6.25,6.25h12.5c3.456,0.0,6.25,-2.794,6.25,-6.25S180.45,148.785,176.994,148.785z"">
    </path>
    <path d=""M211.869,127.41c-2.313,2.375,-3.625,5.563,-3.625,8.875c0.0,3.306,1.313,6.5,3.625,8.813c2.375,2.375,5.563,3.688,8.875,3.688c3.25,0.0,6.5,-1.313,8.813,-3.688c2.375,-2.313,3.688,-5.563,3.688,-8.813c0.0,-3.263,-1.313,-6.5,-3.688,-8.875C224.869,122.785,216.556,122.785,211.869,127.41z"">
    </path>
    <path d=""M249.431,114.91c-2.375,2.375,-3.688,5.563,-3.688,8.875c0.0,3.237,1.313,6.5,3.688,8.813c2.313,2.375,5.5,3.688,8.813,3.688c3.306,0.0,6.5,-1.313,8.813,-3.688c2.375,-2.313,3.688,-5.563,3.688,-8.813c0.0,-3.313,-1.313,-6.5,-3.688,-8.875C262.431,110.285,254.056,110.285,249.431,114.91z"">
    </path>
    <path d=""M211.869,164.973c-2.313,2.313,-3.625,5.5,-3.625,8.813c0.0,3.306,1.313,6.5,3.625,8.813c2.375,2.375,5.563,3.688,8.875,3.688c3.25,0.0,6.5,-1.313,8.813,-3.688c2.375,-2.313,3.688,-5.506,3.688,-8.813c0.0,-3.244,-1.313,-6.5,-3.688,-8.813C224.869,160.285,216.556,160.285,211.869,164.973z"">
    </path>
    <path d=""M249.431,152.41c-2.375,2.375,-3.688,5.563,-3.688,8.875c0.0,3.237,1.313,6.5,3.688,8.813c2.313,2.375,5.5,3.688,8.813,3.688c3.306,0.0,6.5,-1.313,8.813,-3.688c2.375,-2.313,3.688,-5.563,3.688,-8.813c0.0,-3.313,-1.313,-6.5,-3.688,-8.875C262.431,147.785,254.056,147.785,249.431,152.41z"">
    </path>
   </g>
  </g>
 </g>
</svg>


Question: What shape is located on the left side of the object?",Circle,Square,sign,Triangle,C,entertainment
165,"Examine the following SVG code carefully and answer the question based on your interpretation of the rendered image.

<svg id=""Layer_1"" style=""enable-background:new 0 0 300 300;"" version=""1.1"" viewbox=""0 0 300 300"" x=""0px"" xml:space=""preserve"" y=""0px"">
 <g>
  <g>
   <g>
    <path d=""M297.781,124.135c-0.031,-0.681,-0.181,-1.337,-0.431,-1.962c-4.737,-24.5,-28.825,-42.144,-57.85,-42.144c-13.438,0.0,-24.713,6.131,-34.412,18.75h-52.817c0.928,-10.089,4.144,-14.879,7.786,-20.263c5.012,-7.406,10.688,-15.8,10.688,-35.981c0.0,-3.456,-2.794,-6.25,-6.25,-6.25s-6.25,2.794,-6.25,6.25c0.0,16.356,-3.956,22.206,-8.538,28.981c-4.207,6.223,-8.905,13.167,-9.983,27.263h-34.636C94.444,85.854,77.375,80.029,64.5,80.029c-26.987,0.0,-48.131,18.462,-52.688,46.269C10.806,135.61,2.0,217.379,2.0,223.779c0.0,20.231,16.381,43.75,37.5,43.75c14.287,0.0,31.237,-6.869,37.306,-22.169c0.075,-0.156,0.144,-0.319,0.212,-0.475l12.938,-31.65c5.619,4.537,12.769,8.281,21.013,8.281c15.744,0.0,29.775,-9.325,35.181,-22.744h17.2c5.238,12.163,18.694,20.031,35.119,20.031c6.838,0.0,14.306,-0.587,20.806,-4.1l13.206,30.325c0.044,0.125,0.1,0.237,0.169,0.356c5.662,14.706,16.362,22.15,31.844,22.15c21.119,0.0,37.5,-23.519,37.506,-43.763C302.0,217.454,297.956,127.947,297.781,124.135zM264.494,255.035c-10.35,0.0,-16.637,-4.531,-20.375,-14.662c-0.119,-0.325,-0.275,-0.644,-0.444,-0.944l-16.137,-37.05c-0.856,-1.969,-2.65,-3.344,-4.763,-3.681c-2.125,-0.319,-4.244,0.431,-5.65,2.031c-3.563,4.031,-8.787,5.6,-18.638,5.6c-12.769,0.0,-22.387,-5.963,-24.531,-15.194c-0.669,-2.831,-3.181,-4.837,-6.094,-4.837H141.6c-2.906,0.0,-5.444,2.006,-6.094,4.837c-2.369,10.206,-12.919,17.894,-24.538,17.894c-7.919,0.0,-15.075,-6.769,-18.631,-10.806c-1.431,-1.625,-3.625,-2.362,-5.731,-2.025c-2.138,0.35,-3.925,1.8,-4.75,3.794l-16.175,39.588c-0.144,0.244,-0.256,0.513,-0.363,0.781c-3.744,10.131,-15.662,14.675,-25.825,14.675c-13.463,0.0,-25.0,-17.181,-25.0,-31.25c0.006,-4.369,5.981,-61.281,9.7,-95.787c3.519,-21.544,19.338,-35.463,40.3,-35.463c10.144,0.0,24.612,5.025,32.388,16.088c1.169,1.675,3.081,2.662,5.112,2.662h106.25c2.031,0.0,3.938,-0.987,5.113,-2.662c7.825,-11.125,15.881,-16.088,26.137,-16.088c20.05,0.0,42.2,11.313,45.738,32.963c0.037,0.162,0.075,0.344,0.119,0.5c1.463,32.5,4.144,93.012,4.144,97.787C289.494,237.854,277.956,255.035,264.494,255.035z"">
    </path>
    <path d=""M76.994,148.785h-12.5v-12.5c0.0,-3.456,-2.794,-6.25,-6.25,-6.25c-3.456,0.0,-6.25,2.794,-6.25,6.25v12.5h-12.5c-3.456,0.0,-6.25,2.794,-6.25,6.25s2.794,6.25,6.25,6.25h12.5v12.5c0.0,3.456,2.794,6.25,6.25,6.25c3.456,0.0,6.25,-2.794,6.25,-6.25v-12.5h12.5c3.456,0.0,6.25,-2.794,6.25,-6.25S80.45,148.785,76.994,148.785z"">
    </path>
    <path d=""M139.494,148.785h-12.5c-3.456,0.0,-6.25,2.794,-6.25,6.25s2.794,6.25,6.25,6.25h12.5c3.456,0.0,6.25,-2.794,6.25,-6.25S142.95,148.785,139.494,148.785z"">
    </path>
    <path d=""M176.994,148.785h-12.5c-3.456,0.0,-6.25,2.794,-6.25,6.25s2.794,6.25,6.25,6.25h12.5c3.456,0.0,6.25,-2.794,6.25,-6.25S180.45,148.785,176.994,148.785z"">
    </path>
    <path d=""M211.869,127.41c-2.313,2.375,-3.625,5.563,-3.625,8.875c0.0,3.306,1.313,6.5,3.625,8.813c2.375,2.375,5.563,3.688,8.875,3.688c3.25,0.0,6.5,-1.313,8.813,-3.688c2.375,-2.313,3.688,-5.563,3.688,-8.813c0.0,-3.263,-1.313,-6.5,-3.688,-8.875C224.869,122.785,216.556,122.785,211.869,127.41z"">
    </path>
    <path d=""M249.431,114.91c-2.375,2.375,-3.688,5.563,-3.688,8.875c0.0,3.237,1.313,6.5,3.688,8.813c2.313,2.375,5.5,3.688,8.813,3.688c3.306,0.0,6.5,-1.313,8.813,-3.688c2.375,-2.313,3.688,-5.563,3.688,-8.813c0.0,-3.313,-1.313,-6.5,-3.688,-8.875C262.431,110.285,254.056,110.285,249.431,114.91z"">
    </path>
    <path d=""M211.869,164.973c-2.313,2.313,-3.625,5.5,-3.625,8.813c0.0,3.306,1.313,6.5,3.625,8.813c2.375,2.375,5.563,3.688,8.875,3.688c3.25,0.0,6.5,-1.313,8.813,-3.688c2.375,-2.313,3.688,-5.506,3.688,-8.813c0.0,-3.244,-1.313,-6.5,-3.688,-8.813C224.869,160.285,216.556,160.285,211.869,164.973z"">
    </path>
    <path d=""M249.431,152.41c-2.375,2.375,-3.688,5.563,-3.688,8.875c0.0,3.237,1.313,6.5,3.688,8.813c2.313,2.375,5.5,3.688,8.813,3.688c3.306,0.0,6.5,-1.313,8.813,-3.688c2.375,-2.313,3.688,-5.563,3.688,-8.813c0.0,-3.313,-1.313,-6.5,-3.688,-8.875C262.431,147.785,254.056,147.785,249.431,152.41z"">
    </path>
   </g>
  </g>
 </g>
</svg>


Question: How many circular buttons are on the right side of the object?",Two,Three,Four,Five,C,entertainment
166,"Examine the following SVG code carefully and answer the question based on your interpretation of the rendered image.

<svg id=""Layer_1"" style=""enable-background:new 0 0 300 300;"" version=""1.1"" viewbox=""0 0 300 300"" x=""0px"" xml:space=""preserve"" y=""0px"">
 <g>
  <g>
   <g>
    <path d=""M297.781,124.135c-0.031,-0.681,-0.181,-1.337,-0.431,-1.962c-4.737,-24.5,-28.825,-42.144,-57.85,-42.144c-13.438,0.0,-24.713,6.131,-34.412,18.75h-52.817c0.928,-10.089,4.144,-14.879,7.786,-20.263c5.012,-7.406,10.688,-15.8,10.688,-35.981c0.0,-3.456,-2.794,-6.25,-6.25,-6.25s-6.25,2.794,-6.25,6.25c0.0,16.356,-3.956,22.206,-8.538,28.981c-4.207,6.223,-8.905,13.167,-9.983,27.263h-34.636C94.444,85.854,77.375,80.029,64.5,80.029c-26.987,0.0,-48.131,18.462,-52.688,46.269C10.806,135.61,2.0,217.379,2.0,223.779c0.0,20.231,16.381,43.75,37.5,43.75c14.287,0.0,31.237,-6.869,37.306,-22.169c0.075,-0.156,0.144,-0.319,0.212,-0.475l12.938,-31.65c5.619,4.537,12.769,8.281,21.013,8.281c15.744,0.0,29.775,-9.325,35.181,-22.744h17.2c5.238,12.163,18.694,20.031,35.119,20.031c6.838,0.0,14.306,-0.587,20.806,-4.1l13.206,30.325c0.044,0.125,0.1,0.237,0.169,0.356c5.662,14.706,16.362,22.15,31.844,22.15c21.119,0.0,37.5,-23.519,37.506,-43.763C302.0,217.454,297.956,127.947,297.781,124.135zM264.494,255.035c-10.35,0.0,-16.637,-4.531,-20.375,-14.662c-0.119,-0.325,-0.275,-0.644,-0.444,-0.944l-16.137,-37.05c-0.856,-1.969,-2.65,-3.344,-4.763,-3.681c-2.125,-0.319,-4.244,0.431,-5.65,2.031c-3.563,4.031,-8.787,5.6,-18.638,5.6c-12.769,0.0,-22.387,-5.963,-24.531,-15.194c-0.669,-2.831,-3.181,-4.837,-6.094,-4.837H141.6c-2.906,0.0,-5.444,2.006,-6.094,4.837c-2.369,10.206,-12.919,17.894,-24.538,17.894c-7.919,0.0,-15.075,-6.769,-18.631,-10.806c-1.431,-1.625,-3.625,-2.362,-5.731,-2.025c-2.138,0.35,-3.925,1.8,-4.75,3.794l-16.175,39.588c-0.144,0.244,-0.256,0.513,-0.363,0.781c-3.744,10.131,-15.662,14.675,-25.825,14.675c-13.463,0.0,-25.0,-17.181,-25.0,-31.25c0.006,-4.369,5.981,-61.281,9.7,-95.787c3.519,-21.544,19.338,-35.463,40.3,-35.463c10.144,0.0,24.612,5.025,32.388,16.088c1.169,1.675,3.081,2.662,5.112,2.662h106.25c2.031,0.0,3.938,-0.987,5.113,-2.662c7.825,-11.125,15.881,-16.088,26.137,-16.088c20.05,0.0,42.2,11.313,45.738,32.963c0.037,0.162,0.075,0.344,0.119,0.5c1.463,32.5,4.144,93.012,4.144,97.787C289.494,237.854,277.956,255.035,264.494,255.035z"">
    </path>
    <path d=""M76.994,148.785h-12.5v-12.5c0.0,-3.456,-2.794,-6.25,-6.25,-6.25c-3.456,0.0,-6.25,2.794,-6.25,6.25v12.5h-12.5c-3.456,0.0,-6.25,2.794,-6.25,6.25s2.794,6.25,6.25,6.25h12.5v12.5c0.0,3.456,2.794,6.25,6.25,6.25c3.456,0.0,6.25,-2.794,6.25,-6.25v-12.5h12.5c3.456,0.0,6.25,-2.794,6.25,-6.25S80.45,148.785,76.994,148.785z"">
    </path>
    <path d=""M139.494,148.785h-12.5c-3.456,0.0,-6.25,2.794,-6.25,6.25s2.794,6.25,6.25,6.25h12.5c3.456,0.0,6.25,-2.794,6.25,-6.25S142.95,148.785,139.494,148.785z"">
    </path>
    <path d=""M176.994,148.785h-12.5c-3.456,0.0,-6.25,2.794,-6.25,6.25s2.794,6.25,6.25,6.25h12.5c3.456,0.0,6.25,-2.794,6.25,-6.25S180.45,148.785,176.994,148.785z"">
    </path>
    <path d=""M211.869,127.41c-2.313,2.375,-3.625,5.563,-3.625,8.875c0.0,3.306,1.313,6.5,3.625,8.813c2.375,2.375,5.563,3.688,8.875,3.688c3.25,0.0,6.5,-1.313,8.813,-3.688c2.375,-2.313,3.688,-5.563,3.688,-8.813c0.0,-3.263,-1.313,-6.5,-3.688,-8.875C224.869,122.785,216.556,122.785,211.869,127.41z"">
    </path>
    <path d=""M249.431,114.91c-2.375,2.375,-3.688,5.563,-3.688,8.875c0.0,3.237,1.313,6.5,3.688,8.813c2.313,2.375,5.5,3.688,8.813,3.688c3.306,0.0,6.5,-1.313,8.813,-3.688c2.375,-2.313,3.688,-5.563,3.688,-8.813c0.0,-3.313,-1.313,-6.5,-3.688,-8.875C262.431,110.285,254.056,110.285,249.431,114.91z"">
    </path>
    <path d=""M211.869,164.973c-2.313,2.313,-3.625,5.5,-3.625,8.813c0.0,3.306,1.313,6.5,3.625,8.813c2.375,2.375,5.563,3.688,8.875,3.688c3.25,0.0,6.5,-1.313,8.813,-3.688c2.375,-2.313,3.688,-5.506,3.688,-8.813c0.0,-3.244,-1.313,-6.5,-3.688,-8.813C224.869,160.285,216.556,160.285,211.869,164.973z"">
    </path>
    <path d=""M249.431,152.41c-2.375,2.375,-3.688,5.563,-3.688,8.875c0.0,3.237,1.313,6.5,3.688,8.813c2.313,2.375,5.5,3.688,8.813,3.688c3.306,0.0,6.5,-1.313,8.813,-3.688c2.375,-2.313,3.688,-5.563,3.688,-8.813c0.0,-3.313,-1.313,-6.5,-3.688,-8.875C262.431,147.785,254.056,147.785,249.431,152.41z"">
    </path>
   </g>
  </g>
 </g>
</svg>


Question: What is the shape of the object in the center of the left side?",sign,sign,Circle,Square,A,entertainment
167,"Examine the following SVG code carefully and answer the question based on your interpretation of the rendered image.

<svg id=""Layer_1"" style=""enable-background:new 0 0 300 300;"" version=""1.1"" viewbox=""0 0 300 300"" x=""0px"" xml:space=""preserve"" y=""0px"">
 <g>
  <g>
   <g>
    <path d=""M297.781,124.135c-0.031,-0.681,-0.181,-1.337,-0.431,-1.962c-4.737,-24.5,-28.825,-42.144,-57.85,-42.144c-13.438,0.0,-24.713,6.131,-34.412,18.75h-52.817c0.928,-10.089,4.144,-14.879,7.786,-20.263c5.012,-7.406,10.688,-15.8,10.688,-35.981c0.0,-3.456,-2.794,-6.25,-6.25,-6.25s-6.25,2.794,-6.25,6.25c0.0,16.356,-3.956,22.206,-8.538,28.981c-4.207,6.223,-8.905,13.167,-9.983,27.263h-34.636C94.444,85.854,77.375,80.029,64.5,80.029c-26.987,0.0,-48.131,18.462,-52.688,46.269C10.806,135.61,2.0,217.379,2.0,223.779c0.0,20.231,16.381,43.75,37.5,43.75c14.287,0.0,31.237,-6.869,37.306,-22.169c0.075,-0.156,0.144,-0.319,0.212,-0.475l12.938,-31.65c5.619,4.537,12.769,8.281,21.013,8.281c15.744,0.0,29.775,-9.325,35.181,-22.744h17.2c5.238,12.163,18.694,20.031,35.119,20.031c6.838,0.0,14.306,-0.587,20.806,-4.1l13.206,30.325c0.044,0.125,0.1,0.237,0.169,0.356c5.662,14.706,16.362,22.15,31.844,22.15c21.119,0.0,37.5,-23.519,37.506,-43.763C302.0,217.454,297.956,127.947,297.781,124.135zM264.494,255.035c-10.35,0.0,-16.637,-4.531,-20.375,-14.662c-0.119,-0.325,-0.275,-0.644,-0.444,-0.944l-16.137,-37.05c-0.856,-1.969,-2.65,-3.344,-4.763,-3.681c-2.125,-0.319,-4.244,0.431,-5.65,2.031c-3.563,4.031,-8.787,5.6,-18.638,5.6c-12.769,0.0,-22.387,-5.963,-24.531,-15.194c-0.669,-2.831,-3.181,-4.837,-6.094,-4.837H141.6c-2.906,0.0,-5.444,2.006,-6.094,4.837c-2.369,10.206,-12.919,17.894,-24.538,17.894c-7.919,0.0,-15.075,-6.769,-18.631,-10.806c-1.431,-1.625,-3.625,-2.362,-5.731,-2.025c-2.138,0.35,-3.925,1.8,-4.75,3.794l-16.175,39.588c-0.144,0.244,-0.256,0.513,-0.363,0.781c-3.744,10.131,-15.662,14.675,-25.825,14.675c-13.463,0.0,-25.0,-17.181,-25.0,-31.25c0.006,-4.369,5.981,-61.281,9.7,-95.787c3.519,-21.544,19.338,-35.463,40.3,-35.463c10.144,0.0,24.612,5.025,32.388,16.088c1.169,1.675,3.081,2.662,5.112,2.662h106.25c2.031,0.0,3.938,-0.987,5.113,-2.662c7.825,-11.125,15.881,-16.088,26.137,-16.088c20.05,0.0,42.2,11.313,45.738,32.963c0.037,0.162,0.075,0.344,0.119,0.5c1.463,32.5,4.144,93.012,4.144,97.787C289.494,237.854,277.956,255.035,264.494,255.035z"">
    </path>
    <path d=""M76.994,148.785h-12.5v-12.5c0.0,-3.456,-2.794,-6.25,-6.25,-6.25c-3.456,0.0,-6.25,2.794,-6.25,6.25v12.5h-12.5c-3.456,0.0,-6.25,2.794,-6.25,6.25s2.794,6.25,6.25,6.25h12.5v12.5c0.0,3.456,2.794,6.25,6.25,6.25c3.456,0.0,6.25,-2.794,6.25,-6.25v-12.5h12.5c3.456,0.0,6.25,-2.794,6.25,-6.25S80.45,148.785,76.994,148.785z"">
    </path>
    <path d=""M139.494,148.785h-12.5c-3.456,0.0,-6.25,2.794,-6.25,6.25s2.794,6.25,6.25,6.25h12.5c3.456,0.0,6.25,-2.794,6.25,-6.25S142.95,148.785,139.494,148.785z"">
    </path>
    <path d=""M176.994,148.785h-12.5c-3.456,0.0,-6.25,2.794,-6.25,6.25s2.794,6.25,6.25,6.25h12.5c3.456,0.0,6.25,-2.794,6.25,-6.25S180.45,148.785,176.994,148.785z"">
    </path>
    <path d=""M211.869,127.41c-2.313,2.375,-3.625,5.563,-3.625,8.875c0.0,3.306,1.313,6.5,3.625,8.813c2.375,2.375,5.563,3.688,8.875,3.688c3.25,0.0,6.5,-1.313,8.813,-3.688c2.375,-2.313,3.688,-5.563,3.688,-8.813c0.0,-3.263,-1.313,-6.5,-3.688,-8.875C224.869,122.785,216.556,122.785,211.869,127.41z"">
    </path>
    <path d=""M249.431,114.91c-2.375,2.375,-3.688,5.563,-3.688,8.875c0.0,3.237,1.313,6.5,3.688,8.813c2.313,2.375,5.5,3.688,8.813,3.688c3.306,0.0,6.5,-1.313,8.813,-3.688c2.375,-2.313,3.688,-5.563,3.688,-8.813c0.0,-3.313,-1.313,-6.5,-3.688,-8.875C262.431,110.285,254.056,110.285,249.431,114.91z"">
    </path>
    <path d=""M211.869,164.973c-2.313,2.313,-3.625,5.5,-3.625,8.813c0.0,3.306,1.313,6.5,3.625,8.813c2.375,2.375,5.563,3.688,8.875,3.688c3.25,0.0,6.5,-1.313,8.813,-3.688c2.375,-2.313,3.688,-5.506,3.688,-8.813c0.0,-3.244,-1.313,-6.5,-3.688,-8.813C224.869,160.285,216.556,160.285,211.869,164.973z"">
    </path>
    <path d=""M249.431,152.41c-2.375,2.375,-3.688,5.563,-3.688,8.875c0.0,3.237,1.313,6.5,3.688,8.813c2.313,2.375,5.5,3.688,8.813,3.688c3.306,0.0,6.5,-1.313,8.813,-3.688c2.375,-2.313,3.688,-5.563,3.688,-8.813c0.0,-3.313,-1.313,-6.5,-3.688,-8.875C262.431,147.785,254.056,147.785,249.431,152.41z"">
    </path>
   </g>
  </g>
 </g>
</svg>


Question: What is the object in the image?",Television,controller,mouse,Keyboard,B,entertainment
172,"Examine the following SVG code carefully and answer the question based on your interpretation of the rendered image.

<svg id=""Layer_1"" style=""enable-background:new 0 0 512 512;"" version=""1.1"" viewbox=""0 0 512 512"" x=""0px"" xml:space=""preserve"" y=""0px"">
 <path d=""M361.829,56.272h-16.366h-18.382h-70.678c-4.61,0.0,-8.348,3.738,-8.348,8.348s3.738,8.348,8.348,8.348h70.678h18.382h16.366c19.515,0.0,35.391,15.878,35.391,35.393s-15.876,35.393,-35.391,35.393h-16.366h-18.382h-24.713c-28.721,0.0,-52.087,23.367,-52.087,52.088v59.539c0.0,4.61,3.738,8.348,8.348,8.348c4.61,0.0,8.348,-3.738,8.348,-8.348v-59.539c0.0,-19.515,15.876,-35.393,35.391,-35.393h24.713h18.382h16.366c28.721,0.0,52.087,-23.367,52.087,-52.088S390.549,56.272,361.829,56.272z"" style=""fill:#B4CCCB;"">
 </path>
 <path d=""M483.605,267.924c-20.543,-20.543,-48.925,-33.251,-80.274,-33.251h-28.295h-225.38h-31.278C55.682,234.673,4.855,285.5,4.855,348.197s50.827,113.525,113.525,113.525c21.05,0.0,40.752,-5.744,57.65,-15.728l0.004,0.012c0.0,0.0,78.599,-32.319,169.639,0.0l0.006,-0.012c16.9,9.984,36.602,15.728,57.652,15.728C466.029,461.722,516.855,410.895,516.855,348.197c0.0,-22.478,-6.532,-43.432,-17.803,-61.063"" style=""fill:#547475;"">
 </path>
 <g style=""opacity:0.15;"">
  <path d=""M22.664,348.197c0.0,-62.698,50.827,-113.525,113.525,-113.525h-17.809C55.682,234.673,4.855,285.5,4.855,348.197s50.827,113.525,113.525,113.525c2.975,0.0,5.919,-0.127,8.835,-0.352C68.711,456.795,22.664,407.874,22.664,348.197z"" style=""fill:#231F20;"">
  </path>
 </g>
 <circle cx=""399.384"" cy=""302.406"" r=""19.478"" style=""fill:#53CAF9;"">
 </circle>
 <circle cx=""399.384"" cy=""392.685"" r=""19.478"" style=""fill:#EFBA00;"">
 </circle>
 <circle cx=""354.239"" cy=""347.540"" r=""19.478"" style=""fill:#73C470;"">
 </circle>
 <circle cx=""444.518"" cy=""347.540"" r=""19.478"" style=""fill:#F74848;"">
 </circle>
 <path d=""M145.655,333.073h-20.591v-20.591c0.0,-7.376,-5.98,-13.357,-13.357,-13.357h-2.226c-7.376,0.0,-13.357,5.98,-13.357,13.357v20.591H75.533c-7.376,0.0,-13.357,5.98,-13.357,13.357v2.226c0.0,7.377,5.98,13.357,13.357,13.357H96.125v20.591c0.0,7.376,5.98,13.357,13.357,13.357h2.226c7.376,0.0,13.357,-5.98,13.357,-13.357v-20.591H145.655c7.376,0.0,13.357,-5.979,13.357,-13.357v-2.226C159.012,339.054,153.031,333.073,145.655,333.073z"" style=""fill:#B4CCCB;"">
 </path>
 <g>
  <path d=""M226.817,392.95c-4.275,-1.725,-9.139,0.341,-10.866,4.616c-8.099,20.059,-21.774,36.557,-38.837,48.019c3.613,-1.372,16.214,-5.864,35.014,-9.384c7.914,-9.549,14.472,-20.414,19.305,-32.385C233.159,399.541,231.092,394.675,226.817,392.95z"" style=""opacity:0.1;fill:#231F20;enable-background:new    ;"">
  </path>
  <path d=""M305.758,397.565c-1.725,-4.275,-6.591,-6.339,-10.866,-4.616c-4.275,1.726,-6.341,6.591,-4.616,10.867c4.835,11.975,11.395,22.842,19.314,32.393c11.402,2.19,23.174,5.276,35.169,9.481C327.621,434.223,313.883,417.688,305.758,397.565z"" style=""opacity:0.1;fill:#231F20;enable-background:new    ;"">
  </path>
 </g>
 <path d=""M218.559,234.673v15.479c0.0,7.376,5.98,13.357,13.357,13.357h52.746c7.376,0.0,13.357,-5.98,13.357,-13.357v-15.479H218.559z"" style=""fill:#8AACAD;"">
 </path>
 <path d=""M236.368,250.152v-15.479h-17.809v15.479c0.0,7.376,5.98,13.357,13.357,13.357h17.809C242.348,263.508,236.368,257.528,236.368,250.152z"" style=""opacity:0.1;fill:#231F20;enable-background:new    ;"">
 </path>
</svg>


Question: What shape are the buttons on the right side of the object?",Square,Triangle,Circle,Hexagon,C,entertainment
173,"Examine the following SVG code carefully and answer the question based on your interpretation of the rendered image.

<svg id=""Layer_1"" style=""enable-background:new 0 0 512 512;"" version=""1.1"" viewbox=""0 0 512 512"" x=""0px"" xml:space=""preserve"" y=""0px"">
 <path d=""M361.829,56.272h-16.366h-18.382h-70.678c-4.61,0.0,-8.348,3.738,-8.348,8.348s3.738,8.348,8.348,8.348h70.678h18.382h16.366c19.515,0.0,35.391,15.878,35.391,35.393s-15.876,35.393,-35.391,35.393h-16.366h-18.382h-24.713c-28.721,0.0,-52.087,23.367,-52.087,52.088v59.539c0.0,4.61,3.738,8.348,8.348,8.348c4.61,0.0,8.348,-3.738,8.348,-8.348v-59.539c0.0,-19.515,15.876,-35.393,35.391,-35.393h24.713h18.382h16.366c28.721,0.0,52.087,-23.367,52.087,-52.088S390.549,56.272,361.829,56.272z"" style=""fill:#B4CCCB;"">
 </path>
 <path d=""M483.605,267.924c-20.543,-20.543,-48.925,-33.251,-80.274,-33.251h-28.295h-225.38h-31.278C55.682,234.673,4.855,285.5,4.855,348.197s50.827,113.525,113.525,113.525c21.05,0.0,40.752,-5.744,57.65,-15.728l0.004,0.012c0.0,0.0,78.599,-32.319,169.639,0.0l0.006,-0.012c16.9,9.984,36.602,15.728,57.652,15.728C466.029,461.722,516.855,410.895,516.855,348.197c0.0,-22.478,-6.532,-43.432,-17.803,-61.063"" style=""fill:#547475;"">
 </path>
 <g style=""opacity:0.15;"">
  <path d=""M22.664,348.197c0.0,-62.698,50.827,-113.525,113.525,-113.525h-17.809C55.682,234.673,4.855,285.5,4.855,348.197s50.827,113.525,113.525,113.525c2.975,0.0,5.919,-0.127,8.835,-0.352C68.711,456.795,22.664,407.874,22.664,348.197z"" style=""fill:#231F20;"">
  </path>
 </g>
 <circle cx=""399.384"" cy=""302.406"" r=""19.478"" style=""fill:#53CAF9;"">
 </circle>
 <circle cx=""399.384"" cy=""392.685"" r=""19.478"" style=""fill:#EFBA00;"">
 </circle>
 <circle cx=""354.239"" cy=""347.540"" r=""19.478"" style=""fill:#73C470;"">
 </circle>
 <circle cx=""444.518"" cy=""347.540"" r=""19.478"" style=""fill:#F74848;"">
 </circle>
 <path d=""M145.655,333.073h-20.591v-20.591c0.0,-7.376,-5.98,-13.357,-13.357,-13.357h-2.226c-7.376,0.0,-13.357,5.98,-13.357,13.357v20.591H75.533c-7.376,0.0,-13.357,5.98,-13.357,13.357v2.226c0.0,7.377,5.98,13.357,13.357,13.357H96.125v20.591c0.0,7.376,5.98,13.357,13.357,13.357h2.226c7.376,0.0,13.357,-5.98,13.357,-13.357v-20.591H145.655c7.376,0.0,13.357,-5.979,13.357,-13.357v-2.226C159.012,339.054,153.031,333.073,145.655,333.073z"" style=""fill:#B4CCCB;"">
 </path>
 <g>
  <path d=""M226.817,392.95c-4.275,-1.725,-9.139,0.341,-10.866,4.616c-8.099,20.059,-21.774,36.557,-38.837,48.019c3.613,-1.372,16.214,-5.864,35.014,-9.384c7.914,-9.549,14.472,-20.414,19.305,-32.385C233.159,399.541,231.092,394.675,226.817,392.95z"" style=""opacity:0.1;fill:#231F20;enable-background:new    ;"">
  </path>
  <path d=""M305.758,397.565c-1.725,-4.275,-6.591,-6.339,-10.866,-4.616c-4.275,1.726,-6.341,6.591,-4.616,10.867c4.835,11.975,11.395,22.842,19.314,32.393c11.402,2.19,23.174,5.276,35.169,9.481C327.621,434.223,313.883,417.688,305.758,397.565z"" style=""opacity:0.1;fill:#231F20;enable-background:new    ;"">
  </path>
 </g>
 <path d=""M218.559,234.673v15.479c0.0,7.376,5.98,13.357,13.357,13.357h52.746c7.376,0.0,13.357,-5.98,13.357,-13.357v-15.479H218.559z"" style=""fill:#8AACAD;"">
 </path>
 <path d=""M236.368,250.152v-15.479h-17.809v15.479c0.0,7.376,5.98,13.357,13.357,13.357h17.809C242.348,263.508,236.368,257.528,236.368,250.152z"" style=""opacity:0.1;fill:#231F20;enable-background:new    ;"">
 </path>
</svg>


Question: How many buttons are on the right side of the object?",2,3,4,5,C,entertainment
174,"Examine the following SVG code carefully and answer the question based on your interpretation of the rendered image.

<svg id=""Layer_1"" style=""enable-background:new 0 0 512 512;"" version=""1.1"" viewbox=""0 0 512 512"" x=""0px"" xml:space=""preserve"" y=""0px"">
 <path d=""M361.829,56.272h-16.366h-18.382h-70.678c-4.61,0.0,-8.348,3.738,-8.348,8.348s3.738,8.348,8.348,8.348h70.678h18.382h16.366c19.515,0.0,35.391,15.878,35.391,35.393s-15.876,35.393,-35.391,35.393h-16.366h-18.382h-24.713c-28.721,0.0,-52.087,23.367,-52.087,52.088v59.539c0.0,4.61,3.738,8.348,8.348,8.348c4.61,0.0,8.348,-3.738,8.348,-8.348v-59.539c0.0,-19.515,15.876,-35.393,35.391,-35.393h24.713h18.382h16.366c28.721,0.0,52.087,-23.367,52.087,-52.088S390.549,56.272,361.829,56.272z"" style=""fill:#B4CCCB;"">
 </path>
 <path d=""M483.605,267.924c-20.543,-20.543,-48.925,-33.251,-80.274,-33.251h-28.295h-225.38h-31.278C55.682,234.673,4.855,285.5,4.855,348.197s50.827,113.525,113.525,113.525c21.05,0.0,40.752,-5.744,57.65,-15.728l0.004,0.012c0.0,0.0,78.599,-32.319,169.639,0.0l0.006,-0.012c16.9,9.984,36.602,15.728,57.652,15.728C466.029,461.722,516.855,410.895,516.855,348.197c0.0,-22.478,-6.532,-43.432,-17.803,-61.063"" style=""fill:#547475;"">
 </path>
 <g style=""opacity:0.15;"">
  <path d=""M22.664,348.197c0.0,-62.698,50.827,-113.525,113.525,-113.525h-17.809C55.682,234.673,4.855,285.5,4.855,348.197s50.827,113.525,113.525,113.525c2.975,0.0,5.919,-0.127,8.835,-0.352C68.711,456.795,22.664,407.874,22.664,348.197z"" style=""fill:#231F20;"">
  </path>
 </g>
 <circle cx=""399.384"" cy=""302.406"" r=""19.478"" style=""fill:#53CAF9;"">
 </circle>
 <circle cx=""399.384"" cy=""392.685"" r=""19.478"" style=""fill:#EFBA00;"">
 </circle>
 <circle cx=""354.239"" cy=""347.540"" r=""19.478"" style=""fill:#73C470;"">
 </circle>
 <circle cx=""444.518"" cy=""347.540"" r=""19.478"" style=""fill:#F74848;"">
 </circle>
 <path d=""M145.655,333.073h-20.591v-20.591c0.0,-7.376,-5.98,-13.357,-13.357,-13.357h-2.226c-7.376,0.0,-13.357,5.98,-13.357,13.357v20.591H75.533c-7.376,0.0,-13.357,5.98,-13.357,13.357v2.226c0.0,7.377,5.98,13.357,13.357,13.357H96.125v20.591c0.0,7.376,5.98,13.357,13.357,13.357h2.226c7.376,0.0,13.357,-5.98,13.357,-13.357v-20.591H145.655c7.376,0.0,13.357,-5.979,13.357,-13.357v-2.226C159.012,339.054,153.031,333.073,145.655,333.073z"" style=""fill:#B4CCCB;"">
 </path>
 <g>
  <path d=""M226.817,392.95c-4.275,-1.725,-9.139,0.341,-10.866,4.616c-8.099,20.059,-21.774,36.557,-38.837,48.019c3.613,-1.372,16.214,-5.864,35.014,-9.384c7.914,-9.549,14.472,-20.414,19.305,-32.385C233.159,399.541,231.092,394.675,226.817,392.95z"" style=""opacity:0.1;fill:#231F20;enable-background:new    ;"">
  </path>
  <path d=""M305.758,397.565c-1.725,-4.275,-6.591,-6.339,-10.866,-4.616c-4.275,1.726,-6.341,6.591,-4.616,10.867c4.835,11.975,11.395,22.842,19.314,32.393c11.402,2.19,23.174,5.276,35.169,9.481C327.621,434.223,313.883,417.688,305.758,397.565z"" style=""opacity:0.1;fill:#231F20;enable-background:new    ;"">
  </path>
 </g>
 <path d=""M218.559,234.673v15.479c0.0,7.376,5.98,13.357,13.357,13.357h52.746c7.376,0.0,13.357,-5.98,13.357,-13.357v-15.479H218.559z"" style=""fill:#8AACAD;"">
 </path>
 <path d=""M236.368,250.152v-15.479h-17.809v15.479c0.0,7.376,5.98,13.357,13.357,13.357h17.809C242.348,263.508,236.368,257.528,236.368,250.152z"" style=""opacity:0.1;fill:#231F20;enable-background:new    ;"">
 </path>
</svg>


Question: What color is the button on the top right of the object?",Red,Blue,Green,Yellow,B,entertainment
175,"Examine the following SVG code carefully and answer the question based on your interpretation of the rendered image.

<svg id=""Layer_1"" style=""enable-background:new 0 0 512 512;"" version=""1.1"" viewbox=""0 0 512 512"" x=""0px"" xml:space=""preserve"" y=""0px"">
 <path d=""M361.829,56.272h-16.366h-18.382h-70.678c-4.61,0.0,-8.348,3.738,-8.348,8.348s3.738,8.348,8.348,8.348h70.678h18.382h16.366c19.515,0.0,35.391,15.878,35.391,35.393s-15.876,35.393,-35.391,35.393h-16.366h-18.382h-24.713c-28.721,0.0,-52.087,23.367,-52.087,52.088v59.539c0.0,4.61,3.738,8.348,8.348,8.348c4.61,0.0,8.348,-3.738,8.348,-8.348v-59.539c0.0,-19.515,15.876,-35.393,35.391,-35.393h24.713h18.382h16.366c28.721,0.0,52.087,-23.367,52.087,-52.088S390.549,56.272,361.829,56.272z"" style=""fill:#B4CCCB;"">
 </path>
 <path d=""M483.605,267.924c-20.543,-20.543,-48.925,-33.251,-80.274,-33.251h-28.295h-225.38h-31.278C55.682,234.673,4.855,285.5,4.855,348.197s50.827,113.525,113.525,113.525c21.05,0.0,40.752,-5.744,57.65,-15.728l0.004,0.012c0.0,0.0,78.599,-32.319,169.639,0.0l0.006,-0.012c16.9,9.984,36.602,15.728,57.652,15.728C466.029,461.722,516.855,410.895,516.855,348.197c0.0,-22.478,-6.532,-43.432,-17.803,-61.063"" style=""fill:#547475;"">
 </path>
 <g style=""opacity:0.15;"">
  <path d=""M22.664,348.197c0.0,-62.698,50.827,-113.525,113.525,-113.525h-17.809C55.682,234.673,4.855,285.5,4.855,348.197s50.827,113.525,113.525,113.525c2.975,0.0,5.919,-0.127,8.835,-0.352C68.711,456.795,22.664,407.874,22.664,348.197z"" style=""fill:#231F20;"">
  </path>
 </g>
 <circle cx=""399.384"" cy=""302.406"" r=""19.478"" style=""fill:#53CAF9;"">
 </circle>
 <circle cx=""399.384"" cy=""392.685"" r=""19.478"" style=""fill:#EFBA00;"">
 </circle>
 <circle cx=""354.239"" cy=""347.540"" r=""19.478"" style=""fill:#73C470;"">
 </circle>
 <circle cx=""444.518"" cy=""347.540"" r=""19.478"" style=""fill:#F74848;"">
 </circle>
 <path d=""M145.655,333.073h-20.591v-20.591c0.0,-7.376,-5.98,-13.357,-13.357,-13.357h-2.226c-7.376,0.0,-13.357,5.98,-13.357,13.357v20.591H75.533c-7.376,0.0,-13.357,5.98,-13.357,13.357v2.226c0.0,7.377,5.98,13.357,13.357,13.357H96.125v20.591c0.0,7.376,5.98,13.357,13.357,13.357h2.226c7.376,0.0,13.357,-5.98,13.357,-13.357v-20.591H145.655c7.376,0.0,13.357,-5.979,13.357,-13.357v-2.226C159.012,339.054,153.031,333.073,145.655,333.073z"" style=""fill:#B4CCCB;"">
 </path>
 <g>
  <path d=""M226.817,392.95c-4.275,-1.725,-9.139,0.341,-10.866,4.616c-8.099,20.059,-21.774,36.557,-38.837,48.019c3.613,-1.372,16.214,-5.864,35.014,-9.384c7.914,-9.549,14.472,-20.414,19.305,-32.385C233.159,399.541,231.092,394.675,226.817,392.95z"" style=""opacity:0.1;fill:#231F20;enable-background:new    ;"">
  </path>
  <path d=""M305.758,397.565c-1.725,-4.275,-6.591,-6.339,-10.866,-4.616c-4.275,1.726,-6.341,6.591,-4.616,10.867c4.835,11.975,11.395,22.842,19.314,32.393c11.402,2.19,23.174,5.276,35.169,9.481C327.621,434.223,313.883,417.688,305.758,397.565z"" style=""opacity:0.1;fill:#231F20;enable-background:new    ;"">
  </path>
 </g>
 <path d=""M218.559,234.673v15.479c0.0,7.376,5.98,13.357,13.357,13.357h52.746c7.376,0.0,13.357,-5.98,13.357,-13.357v-15.479H218.559z"" style=""fill:#8AACAD;"">
 </path>
 <path d=""M236.368,250.152v-15.479h-17.809v15.479c0.0,7.376,5.98,13.357,13.357,13.357h17.809C242.348,263.508,236.368,257.528,236.368,250.152z"" style=""opacity:0.1;fill:#231F20;enable-background:new    ;"">
 </path>
</svg>


Question: What is the object in the image?",remote,controller,Calculator,phone,B,entertainment
184,"Examine the following SVG code carefully and answer the question based on your interpretation of the rendered image.

<svg height=""458.637px"" id=""Capa_1"" style=""enable-background:new 0 0 458.637 458.637;"" version=""1.1"" viewbox=""0 0 458.637 458.637"" width=""458.637px"" x=""0px"" xml:space=""preserve"" y=""0px"">
 <g>
  <g>
   <path d=""M232.631,93.055C112.354,93.055,13.238,149.215,3.274,221.832l125.872,-0.009v-11.437c0.009,-6.579,5.364,-11.915,11.934,-11.915c6.598,0.0,11.934,5.346,11.934,11.915v11.446h12.737v-11.446c-0.009,-3.165,1.224,-6.158,3.471,-8.405c2.257,-2.257,5.259,-3.51,8.453,-3.51c6.598,0.0,11.953,5.346,11.953,11.915v11.437l12.737,0.009v-11.446c0.0,-6.579,5.336,-11.924,11.905,-11.924c6.608,0.0,11.953,5.345,11.953,11.915v11.437l12.728,0.01v-11.446c0.0,-6.57,5.346,-11.915,11.914,-11.915c6.617,0.0,11.982,5.345,11.982,11.915v11.437l12.699,0.01l0.01,-11.456c-0.029,-3.146,1.195,-6.139,3.432,-8.386c2.258,-2.276,5.27,-3.529,8.492,-3.529c6.588,0.0,11.943,5.346,11.943,11.915v11.437l12.699,0.01v-11.446c0.0,-6.569,5.346,-11.915,11.906,-11.915c6.617,0.0,11.98,5.346,11.98,11.915l-0.018,11.437l125.918,0.01C451.928,149.215,352.803,93.055,232.631,93.055z"">
   </path>
   <path d=""M336.01,257.146c-0.047,6.599,-5.402,11.944,-11.953,11.944c-6.578,0.0,-11.934,-5.355,-11.934,-11.953v-11.428H299.424v11.437c0.0,6.579,-5.363,11.944,-11.943,11.944c-6.568,0.0,-11.934,-5.355,-11.953,-11.935l0.01,-11.446h-12.689v11.437c0.0,6.579,-5.365,11.944,-11.963,11.944c-6.578,0.0,-11.924,-5.355,-11.924,-11.953v-11.428H226.224v11.437c0.0,6.579,-5.355,11.944,-11.924,11.944s-11.924,-5.355,-11.934,-11.944v-11.437h-12.737v11.437c0.0,6.579,-5.355,11.944,-11.953,11.944c-6.569,0.0,-11.924,-5.355,-11.934,-11.944v-11.437H153.004v11.428c0.0,6.598,-5.355,11.953,-11.925,11.953c-3.184,0.0,-6.187,-1.253,-8.443,-3.51s-3.5,-5.26,-3.49,-8.443v-11.428L3.274,245.72c9.964,72.608,109.108,128.759,229.299,128.769c120.191,0.0,219.355,-56.151,229.337,-128.778l-125.9,0.01V257.146z"">
   </path>
  </g>
 </g>
</svg>


Question: What is the shape of the object in the image?",Circle,Square,Triangle,Oval,D,entertainment
185,"Examine the following SVG code carefully and answer the question based on your interpretation of the rendered image.

<svg height=""458.637px"" id=""Capa_1"" style=""enable-background:new 0 0 458.637 458.637;"" version=""1.1"" viewbox=""0 0 458.637 458.637"" width=""458.637px"" x=""0px"" xml:space=""preserve"" y=""0px"">
 <g>
  <g>
   <path d=""M232.631,93.055C112.354,93.055,13.238,149.215,3.274,221.832l125.872,-0.009v-11.437c0.009,-6.579,5.364,-11.915,11.934,-11.915c6.598,0.0,11.934,5.346,11.934,11.915v11.446h12.737v-11.446c-0.009,-3.165,1.224,-6.158,3.471,-8.405c2.257,-2.257,5.259,-3.51,8.453,-3.51c6.598,0.0,11.953,5.346,11.953,11.915v11.437l12.737,0.009v-11.446c0.0,-6.579,5.336,-11.924,11.905,-11.924c6.608,0.0,11.953,5.345,11.953,11.915v11.437l12.728,0.01v-11.446c0.0,-6.57,5.346,-11.915,11.914,-11.915c6.617,0.0,11.982,5.345,11.982,11.915v11.437l12.699,0.01l0.01,-11.456c-0.029,-3.146,1.195,-6.139,3.432,-8.386c2.258,-2.276,5.27,-3.529,8.492,-3.529c6.588,0.0,11.943,5.346,11.943,11.915v11.437l12.699,0.01v-11.446c0.0,-6.569,5.346,-11.915,11.906,-11.915c6.617,0.0,11.98,5.346,11.98,11.915l-0.018,11.437l125.918,0.01C451.928,149.215,352.803,93.055,232.631,93.055z"">
   </path>
   <path d=""M336.01,257.146c-0.047,6.599,-5.402,11.944,-11.953,11.944c-6.578,0.0,-11.934,-5.355,-11.934,-11.953v-11.428H299.424v11.437c0.0,6.579,-5.363,11.944,-11.943,11.944c-6.568,0.0,-11.934,-5.355,-11.953,-11.935l0.01,-11.446h-12.689v11.437c0.0,6.579,-5.365,11.944,-11.963,11.944c-6.578,0.0,-11.924,-5.355,-11.924,-11.953v-11.428H226.224v11.437c0.0,6.579,-5.355,11.944,-11.924,11.944s-11.924,-5.355,-11.934,-11.944v-11.437h-12.737v11.437c0.0,6.579,-5.355,11.944,-11.953,11.944c-6.569,0.0,-11.924,-5.355,-11.934,-11.944v-11.437H153.004v11.428c0.0,6.598,-5.355,11.953,-11.925,11.953c-3.184,0.0,-6.187,-1.253,-8.443,-3.51s-3.5,-5.26,-3.49,-8.443v-11.428L3.274,245.72c9.964,72.608,109.108,128.759,229.299,128.769c120.191,0.0,219.355,-56.151,229.337,-128.778l-125.9,0.01V257.146z"">
   </path>
  </g>
 </g>
</svg>


Question: How many white segments are there in the middle of the object?",4,6,8,10,C,entertainment
186,"Examine the following SVG code carefully and answer the question based on your interpretation of the rendered image.

<svg height=""458.637px"" id=""Capa_1"" style=""enable-background:new 0 0 458.637 458.637;"" version=""1.1"" viewbox=""0 0 458.637 458.637"" width=""458.637px"" x=""0px"" xml:space=""preserve"" y=""0px"">
 <g>
  <g>
   <path d=""M232.631,93.055C112.354,93.055,13.238,149.215,3.274,221.832l125.872,-0.009v-11.437c0.009,-6.579,5.364,-11.915,11.934,-11.915c6.598,0.0,11.934,5.346,11.934,11.915v11.446h12.737v-11.446c-0.009,-3.165,1.224,-6.158,3.471,-8.405c2.257,-2.257,5.259,-3.51,8.453,-3.51c6.598,0.0,11.953,5.346,11.953,11.915v11.437l12.737,0.009v-11.446c0.0,-6.579,5.336,-11.924,11.905,-11.924c6.608,0.0,11.953,5.345,11.953,11.915v11.437l12.728,0.01v-11.446c0.0,-6.57,5.346,-11.915,11.914,-11.915c6.617,0.0,11.982,5.345,11.982,11.915v11.437l12.699,0.01l0.01,-11.456c-0.029,-3.146,1.195,-6.139,3.432,-8.386c2.258,-2.276,5.27,-3.529,8.492,-3.529c6.588,0.0,11.943,5.346,11.943,11.915v11.437l12.699,0.01v-11.446c0.0,-6.569,5.346,-11.915,11.906,-11.915c6.617,0.0,11.98,5.346,11.98,11.915l-0.018,11.437l125.918,0.01C451.928,149.215,352.803,93.055,232.631,93.055z"">
   </path>
   <path d=""M336.01,257.146c-0.047,6.599,-5.402,11.944,-11.953,11.944c-6.578,0.0,-11.934,-5.355,-11.934,-11.953v-11.428H299.424v11.437c0.0,6.579,-5.363,11.944,-11.943,11.944c-6.568,0.0,-11.934,-5.355,-11.953,-11.935l0.01,-11.446h-12.689v11.437c0.0,6.579,-5.365,11.944,-11.963,11.944c-6.578,0.0,-11.924,-5.355,-11.924,-11.953v-11.428H226.224v11.437c0.0,6.579,-5.355,11.944,-11.924,11.944s-11.924,-5.355,-11.934,-11.944v-11.437h-12.737v11.437c0.0,6.579,-5.355,11.944,-11.953,11.944c-6.569,0.0,-11.924,-5.355,-11.934,-11.944v-11.437H153.004v11.428c0.0,6.598,-5.355,11.953,-11.925,11.953c-3.184,0.0,-6.187,-1.253,-8.443,-3.51s-3.5,-5.26,-3.49,-8.443v-11.428L3.274,245.72c9.964,72.608,109.108,128.759,229.299,128.769c120.191,0.0,219.355,-56.151,229.337,-128.778l-125.9,0.01V257.146z"">
   </path>
  </g>
 </g>
</svg>


Question: What is the color of the background in the image?",Black,White,Blue,Red,A,entertainment
187,"Examine the following SVG code carefully and answer the question based on your interpretation of the rendered image.

<svg height=""458.637px"" id=""Capa_1"" style=""enable-background:new 0 0 458.637 458.637;"" version=""1.1"" viewbox=""0 0 458.637 458.637"" width=""458.637px"" x=""0px"" xml:space=""preserve"" y=""0px"">
 <g>
  <g>
   <path d=""M232.631,93.055C112.354,93.055,13.238,149.215,3.274,221.832l125.872,-0.009v-11.437c0.009,-6.579,5.364,-11.915,11.934,-11.915c6.598,0.0,11.934,5.346,11.934,11.915v11.446h12.737v-11.446c-0.009,-3.165,1.224,-6.158,3.471,-8.405c2.257,-2.257,5.259,-3.51,8.453,-3.51c6.598,0.0,11.953,5.346,11.953,11.915v11.437l12.737,0.009v-11.446c0.0,-6.579,5.336,-11.924,11.905,-11.924c6.608,0.0,11.953,5.345,11.953,11.915v11.437l12.728,0.01v-11.446c0.0,-6.57,5.346,-11.915,11.914,-11.915c6.617,0.0,11.982,5.345,11.982,11.915v11.437l12.699,0.01l0.01,-11.456c-0.029,-3.146,1.195,-6.139,3.432,-8.386c2.258,-2.276,5.27,-3.529,8.492,-3.529c6.588,0.0,11.943,5.346,11.943,11.915v11.437l12.699,0.01v-11.446c0.0,-6.569,5.346,-11.915,11.906,-11.915c6.617,0.0,11.98,5.346,11.98,11.915l-0.018,11.437l125.918,0.01C451.928,149.215,352.803,93.055,232.631,93.055z"">
   </path>
   <path d=""M336.01,257.146c-0.047,6.599,-5.402,11.944,-11.953,11.944c-6.578,0.0,-11.934,-5.355,-11.934,-11.953v-11.428H299.424v11.437c0.0,6.579,-5.363,11.944,-11.943,11.944c-6.568,0.0,-11.934,-5.355,-11.953,-11.935l0.01,-11.446h-12.689v11.437c0.0,6.579,-5.365,11.944,-11.963,11.944c-6.578,0.0,-11.924,-5.355,-11.924,-11.953v-11.428H226.224v11.437c0.0,6.579,-5.355,11.944,-11.924,11.944s-11.924,-5.355,-11.934,-11.944v-11.437h-12.737v11.437c0.0,6.579,-5.355,11.944,-11.953,11.944c-6.569,0.0,-11.924,-5.355,-11.934,-11.944v-11.437H153.004v11.428c0.0,6.598,-5.355,11.953,-11.925,11.953c-3.184,0.0,-6.187,-1.253,-8.443,-3.51s-3.5,-5.26,-3.49,-8.443v-11.428L3.274,245.72c9.964,72.608,109.108,128.759,229.299,128.769c120.191,0.0,219.355,-56.151,229.337,-128.778l-125.9,0.01V257.146z"">
   </path>
  </g>
 </g>
</svg>


Question: What does the object in the image represent?",basketball,ball,football,ball,C,entertainment
188,"Examine the following SVG code carefully and answer the question based on your interpretation of the rendered image.

<svg id=""Capa_1"" style=""enable-background:new 0 0 58 58;"" version=""1.1"" viewbox=""0 0 58 58"" x=""0px"" xml:space=""preserve"" y=""0px"">
 <g>
  <path d=""M50.867,0.502h-3.637C21.36,0.502,0.313,21.549,0.313,47.419v3.637C0.313,55.162,3.653,58.502,7.759,58.502h3.637C37.266,58.502,58.313,37.455,58.313,11.585V7.948C58.313,3.842,54.973,0.502,50.867,0.502zM2.313,51.056v-3.637C2.313,22.651,22.462,2.502,47.23,2.502h3.637c1.265,0.0,2.427,0.437,3.353,1.164c-7.562,2.278,-14.041,4.664,-19.662,7.667l-2.538,-2.538c-0.391,-0.391,-1.023,-0.391,-1.414,0.0s-0.391,1.023,0.0,1.414l2.134,2.134c-1.306,0.756,-2.564,1.553,-3.778,2.394l-2.942,-2.942c-0.391,-0.391,-1.023,-0.391,-1.414,0.0s-0.391,1.023,0.0,1.414l2.714,2.714c-1.167,0.88,-2.291,1.811,-3.375,2.796l-2.925,-2.925c-0.391,-0.391,-1.023,-0.391,-1.414,0.0s-0.391,1.023,0.0,1.414l2.886,2.886c-1.023,1.011,-2.009,2.08,-2.962,3.21l-2.51,-2.51c-0.391,-0.391,-1.023,-0.391,-1.414,0.0s-0.391,1.023,0.0,1.414l2.658,2.658c-0.885,1.138,-1.742,2.337,-2.57,3.602l-2.674,-2.674c-0.391,-0.391,-1.023,-0.391,-1.414,0.0s-0.391,1.023,0.0,1.414l2.991,2.991c-0.762,1.254,-1.502,2.569,-2.22,3.951l-2.356,-2.356c-0.391,-0.391,-1.023,-0.391,-1.414,0.0s-0.391,1.023,0.0,1.414l2.829,2.829c-0.657,1.354,-1.296,2.773,-1.92,4.251l-2.494,-2.494c-0.391,-0.391,-1.023,-0.391,-1.414,0.0s-0.391,1.023,0.0,1.414l3.085,3.085c-1.544,3.882,-2.99,8.192,-4.37,12.983C3.097,54.276,2.313,52.756,2.313,51.056zM56.313,11.585C56.313,36.353,36.164,56.502,11.396,56.502H7.759c-0.57,0.0,-1.12,-0.089,-1.637,-0.252c1.307,-4.579,2.672,-8.697,4.112,-12.412l2.371,2.371C12.801,46.404,13.057,46.502,13.313,46.502s0.512,-0.098,0.707,-0.293c0.391,-0.391,0.391,-1.023,0.0,-1.414l-2.983,-2.983c0.616,-1.496,1.247,-2.917,1.892,-4.28l2.677,2.677C15.801,40.404,16.057,40.502,16.313,40.502c0.256,0.0,0.512,-0.098,0.707,-0.293c0.391,-0.391,0.391,-1.023,0.0,-1.414l-3.16,-3.16c0.709,-1.399,1.436,-2.728,2.184,-3.988l2.562,2.562C18.801,34.404,19.057,34.502,19.313,34.502s0.512,-0.098,0.707,-0.293c0.391,-0.391,0.391,-1.023,0.0,-1.414l-2.9,-2.9c0.82,-1.282,1.665,-2.493,2.536,-3.636l2.95,2.95C22.801,29.404,23.057,29.502,23.313,29.502s0.512,-0.098,0.707,-0.293c0.391,-0.391,0.391,-1.023,0.0,-1.414l-3.114,-3.114c0.949,-1.145,1.93,-2.218,2.943,-3.229l2.757,2.757C26.801,24.404,27.057,24.502,27.313,24.502s0.512,-0.098,0.707,-0.293c0.391,-0.391,0.391,-1.023,0.0,-1.414l-2.725,-2.725c1.087,-0.993,2.214,-1.92,3.379,-2.793l2.932,2.932C31.801,20.404,32.057,20.502,32.313,20.502s0.512,-0.098,0.707,-0.293c0.391,-0.391,0.391,-1.023,0.0,-1.414l-2.698,-2.698c1.224,-0.838,2.493,-1.624,3.807,-2.365l3.477,3.477C37.801,17.404,38.057,17.502,38.313,17.502s0.512,-0.098,0.707,-0.293c0.391,-0.391,0.391,-1.023,0.0,-1.414l-3.056,-3.056c5.656,-2.93,12.14,-5.179,19.673,-7.412C56.067,6.105,56.313,6.998,56.313,7.948V11.585z"">
  </path>
 </g>
</svg>


Question: What shape is the object in the image?",Circle,Square,Oval,Triangle,C,entertainment
189,"Examine the following SVG code carefully and answer the question based on your interpretation of the rendered image.

<svg id=""Capa_1"" style=""enable-background:new 0 0 58 58;"" version=""1.1"" viewbox=""0 0 58 58"" x=""0px"" xml:space=""preserve"" y=""0px"">
 <g>
  <path d=""M50.867,0.502h-3.637C21.36,0.502,0.313,21.549,0.313,47.419v3.637C0.313,55.162,3.653,58.502,7.759,58.502h3.637C37.266,58.502,58.313,37.455,58.313,11.585V7.948C58.313,3.842,54.973,0.502,50.867,0.502zM2.313,51.056v-3.637C2.313,22.651,22.462,2.502,47.23,2.502h3.637c1.265,0.0,2.427,0.437,3.353,1.164c-7.562,2.278,-14.041,4.664,-19.662,7.667l-2.538,-2.538c-0.391,-0.391,-1.023,-0.391,-1.414,0.0s-0.391,1.023,0.0,1.414l2.134,2.134c-1.306,0.756,-2.564,1.553,-3.778,2.394l-2.942,-2.942c-0.391,-0.391,-1.023,-0.391,-1.414,0.0s-0.391,1.023,0.0,1.414l2.714,2.714c-1.167,0.88,-2.291,1.811,-3.375,2.796l-2.925,-2.925c-0.391,-0.391,-1.023,-0.391,-1.414,0.0s-0.391,1.023,0.0,1.414l2.886,2.886c-1.023,1.011,-2.009,2.08,-2.962,3.21l-2.51,-2.51c-0.391,-0.391,-1.023,-0.391,-1.414,0.0s-0.391,1.023,0.0,1.414l2.658,2.658c-0.885,1.138,-1.742,2.337,-2.57,3.602l-2.674,-2.674c-0.391,-0.391,-1.023,-0.391,-1.414,0.0s-0.391,1.023,0.0,1.414l2.991,2.991c-0.762,1.254,-1.502,2.569,-2.22,3.951l-2.356,-2.356c-0.391,-0.391,-1.023,-0.391,-1.414,0.0s-0.391,1.023,0.0,1.414l2.829,2.829c-0.657,1.354,-1.296,2.773,-1.92,4.251l-2.494,-2.494c-0.391,-0.391,-1.023,-0.391,-1.414,0.0s-0.391,1.023,0.0,1.414l3.085,3.085c-1.544,3.882,-2.99,8.192,-4.37,12.983C3.097,54.276,2.313,52.756,2.313,51.056zM56.313,11.585C56.313,36.353,36.164,56.502,11.396,56.502H7.759c-0.57,0.0,-1.12,-0.089,-1.637,-0.252c1.307,-4.579,2.672,-8.697,4.112,-12.412l2.371,2.371C12.801,46.404,13.057,46.502,13.313,46.502s0.512,-0.098,0.707,-0.293c0.391,-0.391,0.391,-1.023,0.0,-1.414l-2.983,-2.983c0.616,-1.496,1.247,-2.917,1.892,-4.28l2.677,2.677C15.801,40.404,16.057,40.502,16.313,40.502c0.256,0.0,0.512,-0.098,0.707,-0.293c0.391,-0.391,0.391,-1.023,0.0,-1.414l-3.16,-3.16c0.709,-1.399,1.436,-2.728,2.184,-3.988l2.562,2.562C18.801,34.404,19.057,34.502,19.313,34.502s0.512,-0.098,0.707,-0.293c0.391,-0.391,0.391,-1.023,0.0,-1.414l-2.9,-2.9c0.82,-1.282,1.665,-2.493,2.536,-3.636l2.95,2.95C22.801,29.404,23.057,29.502,23.313,29.502s0.512,-0.098,0.707,-0.293c0.391,-0.391,0.391,-1.023,0.0,-1.414l-3.114,-3.114c0.949,-1.145,1.93,-2.218,2.943,-3.229l2.757,2.757C26.801,24.404,27.057,24.502,27.313,24.502s0.512,-0.098,0.707,-0.293c0.391,-0.391,0.391,-1.023,0.0,-1.414l-2.725,-2.725c1.087,-0.993,2.214,-1.92,3.379,-2.793l2.932,2.932C31.801,20.404,32.057,20.502,32.313,20.502s0.512,-0.098,0.707,-0.293c0.391,-0.391,0.391,-1.023,0.0,-1.414l-2.698,-2.698c1.224,-0.838,2.493,-1.624,3.807,-2.365l3.477,3.477C37.801,17.404,38.057,17.502,38.313,17.502s0.512,-0.098,0.707,-0.293c0.391,-0.391,0.391,-1.023,0.0,-1.414l-3.056,-3.056c5.656,-2.93,12.14,-5.179,19.673,-7.412C56.067,6.105,56.313,6.998,56.313,7.948V11.585z"">
  </path>
 </g>
</svg>


Question: How many lines are crossing the object horizontally?",2,4,6,8,C,entertainment
190,"Examine the following SVG code carefully and answer the question based on your interpretation of the rendered image.

<svg id=""Capa_1"" style=""enable-background:new 0 0 58 58;"" version=""1.1"" viewbox=""0 0 58 58"" x=""0px"" xml:space=""preserve"" y=""0px"">
 <g>
  <path d=""M50.867,0.502h-3.637C21.36,0.502,0.313,21.549,0.313,47.419v3.637C0.313,55.162,3.653,58.502,7.759,58.502h3.637C37.266,58.502,58.313,37.455,58.313,11.585V7.948C58.313,3.842,54.973,0.502,50.867,0.502zM2.313,51.056v-3.637C2.313,22.651,22.462,2.502,47.23,2.502h3.637c1.265,0.0,2.427,0.437,3.353,1.164c-7.562,2.278,-14.041,4.664,-19.662,7.667l-2.538,-2.538c-0.391,-0.391,-1.023,-0.391,-1.414,0.0s-0.391,1.023,0.0,1.414l2.134,2.134c-1.306,0.756,-2.564,1.553,-3.778,2.394l-2.942,-2.942c-0.391,-0.391,-1.023,-0.391,-1.414,0.0s-0.391,1.023,0.0,1.414l2.714,2.714c-1.167,0.88,-2.291,1.811,-3.375,2.796l-2.925,-2.925c-0.391,-0.391,-1.023,-0.391,-1.414,0.0s-0.391,1.023,0.0,1.414l2.886,2.886c-1.023,1.011,-2.009,2.08,-2.962,3.21l-2.51,-2.51c-0.391,-0.391,-1.023,-0.391,-1.414,0.0s-0.391,1.023,0.0,1.414l2.658,2.658c-0.885,1.138,-1.742,2.337,-2.57,3.602l-2.674,-2.674c-0.391,-0.391,-1.023,-0.391,-1.414,0.0s-0.391,1.023,0.0,1.414l2.991,2.991c-0.762,1.254,-1.502,2.569,-2.22,3.951l-2.356,-2.356c-0.391,-0.391,-1.023,-0.391,-1.414,0.0s-0.391,1.023,0.0,1.414l2.829,2.829c-0.657,1.354,-1.296,2.773,-1.92,4.251l-2.494,-2.494c-0.391,-0.391,-1.023,-0.391,-1.414,0.0s-0.391,1.023,0.0,1.414l3.085,3.085c-1.544,3.882,-2.99,8.192,-4.37,12.983C3.097,54.276,2.313,52.756,2.313,51.056zM56.313,11.585C56.313,36.353,36.164,56.502,11.396,56.502H7.759c-0.57,0.0,-1.12,-0.089,-1.637,-0.252c1.307,-4.579,2.672,-8.697,4.112,-12.412l2.371,2.371C12.801,46.404,13.057,46.502,13.313,46.502s0.512,-0.098,0.707,-0.293c0.391,-0.391,0.391,-1.023,0.0,-1.414l-2.983,-2.983c0.616,-1.496,1.247,-2.917,1.892,-4.28l2.677,2.677C15.801,40.404,16.057,40.502,16.313,40.502c0.256,0.0,0.512,-0.098,0.707,-0.293c0.391,-0.391,0.391,-1.023,0.0,-1.414l-3.16,-3.16c0.709,-1.399,1.436,-2.728,2.184,-3.988l2.562,2.562C18.801,34.404,19.057,34.502,19.313,34.502s0.512,-0.098,0.707,-0.293c0.391,-0.391,0.391,-1.023,0.0,-1.414l-2.9,-2.9c0.82,-1.282,1.665,-2.493,2.536,-3.636l2.95,2.95C22.801,29.404,23.057,29.502,23.313,29.502s0.512,-0.098,0.707,-0.293c0.391,-0.391,0.391,-1.023,0.0,-1.414l-3.114,-3.114c0.949,-1.145,1.93,-2.218,2.943,-3.229l2.757,2.757C26.801,24.404,27.057,24.502,27.313,24.502s0.512,-0.098,0.707,-0.293c0.391,-0.391,0.391,-1.023,0.0,-1.414l-2.725,-2.725c1.087,-0.993,2.214,-1.92,3.379,-2.793l2.932,2.932C31.801,20.404,32.057,20.502,32.313,20.502s0.512,-0.098,0.707,-0.293c0.391,-0.391,0.391,-1.023,0.0,-1.414l-2.698,-2.698c1.224,-0.838,2.493,-1.624,3.807,-2.365l3.477,3.477C37.801,17.404,38.057,17.502,38.313,17.502s0.512,-0.098,0.707,-0.293c0.391,-0.391,0.391,-1.023,0.0,-1.414l-3.056,-3.056c5.656,-2.93,12.14,-5.179,19.673,-7.412C56.067,6.105,56.313,6.998,56.313,7.948V11.585z"">
  </path>
 </g>
</svg>


Question: What is the pattern on the object?",Stripes,Dots,Crosses,Zigzags,C,entertainment
191,"Examine the following SVG code carefully and answer the question based on your interpretation of the rendered image.

<svg id=""Capa_1"" style=""enable-background:new 0 0 58 58;"" version=""1.1"" viewbox=""0 0 58 58"" x=""0px"" xml:space=""preserve"" y=""0px"">
 <g>
  <path d=""M50.867,0.502h-3.637C21.36,0.502,0.313,21.549,0.313,47.419v3.637C0.313,55.162,3.653,58.502,7.759,58.502h3.637C37.266,58.502,58.313,37.455,58.313,11.585V7.948C58.313,3.842,54.973,0.502,50.867,0.502zM2.313,51.056v-3.637C2.313,22.651,22.462,2.502,47.23,2.502h3.637c1.265,0.0,2.427,0.437,3.353,1.164c-7.562,2.278,-14.041,4.664,-19.662,7.667l-2.538,-2.538c-0.391,-0.391,-1.023,-0.391,-1.414,0.0s-0.391,1.023,0.0,1.414l2.134,2.134c-1.306,0.756,-2.564,1.553,-3.778,2.394l-2.942,-2.942c-0.391,-0.391,-1.023,-0.391,-1.414,0.0s-0.391,1.023,0.0,1.414l2.714,2.714c-1.167,0.88,-2.291,1.811,-3.375,2.796l-2.925,-2.925c-0.391,-0.391,-1.023,-0.391,-1.414,0.0s-0.391,1.023,0.0,1.414l2.886,2.886c-1.023,1.011,-2.009,2.08,-2.962,3.21l-2.51,-2.51c-0.391,-0.391,-1.023,-0.391,-1.414,0.0s-0.391,1.023,0.0,1.414l2.658,2.658c-0.885,1.138,-1.742,2.337,-2.57,3.602l-2.674,-2.674c-0.391,-0.391,-1.023,-0.391,-1.414,0.0s-0.391,1.023,0.0,1.414l2.991,2.991c-0.762,1.254,-1.502,2.569,-2.22,3.951l-2.356,-2.356c-0.391,-0.391,-1.023,-0.391,-1.414,0.0s-0.391,1.023,0.0,1.414l2.829,2.829c-0.657,1.354,-1.296,2.773,-1.92,4.251l-2.494,-2.494c-0.391,-0.391,-1.023,-0.391,-1.414,0.0s-0.391,1.023,0.0,1.414l3.085,3.085c-1.544,3.882,-2.99,8.192,-4.37,12.983C3.097,54.276,2.313,52.756,2.313,51.056zM56.313,11.585C56.313,36.353,36.164,56.502,11.396,56.502H7.759c-0.57,0.0,-1.12,-0.089,-1.637,-0.252c1.307,-4.579,2.672,-8.697,4.112,-12.412l2.371,2.371C12.801,46.404,13.057,46.502,13.313,46.502s0.512,-0.098,0.707,-0.293c0.391,-0.391,0.391,-1.023,0.0,-1.414l-2.983,-2.983c0.616,-1.496,1.247,-2.917,1.892,-4.28l2.677,2.677C15.801,40.404,16.057,40.502,16.313,40.502c0.256,0.0,0.512,-0.098,0.707,-0.293c0.391,-0.391,0.391,-1.023,0.0,-1.414l-3.16,-3.16c0.709,-1.399,1.436,-2.728,2.184,-3.988l2.562,2.562C18.801,34.404,19.057,34.502,19.313,34.502s0.512,-0.098,0.707,-0.293c0.391,-0.391,0.391,-1.023,0.0,-1.414l-2.9,-2.9c0.82,-1.282,1.665,-2.493,2.536,-3.636l2.95,2.95C22.801,29.404,23.057,29.502,23.313,29.502s0.512,-0.098,0.707,-0.293c0.391,-0.391,0.391,-1.023,0.0,-1.414l-3.114,-3.114c0.949,-1.145,1.93,-2.218,2.943,-3.229l2.757,2.757C26.801,24.404,27.057,24.502,27.313,24.502s0.512,-0.098,0.707,-0.293c0.391,-0.391,0.391,-1.023,0.0,-1.414l-2.725,-2.725c1.087,-0.993,2.214,-1.92,3.379,-2.793l2.932,2.932C31.801,20.404,32.057,20.502,32.313,20.502s0.512,-0.098,0.707,-0.293c0.391,-0.391,0.391,-1.023,0.0,-1.414l-2.698,-2.698c1.224,-0.838,2.493,-1.624,3.807,-2.365l3.477,3.477C37.801,17.404,38.057,17.502,38.313,17.502s0.512,-0.098,0.707,-0.293c0.391,-0.391,0.391,-1.023,0.0,-1.414l-3.056,-3.056c5.656,-2.93,12.14,-5.179,19.673,-7.412C56.067,6.105,56.313,6.998,56.313,7.948V11.585z"">
  </path>
 </g>
</svg>


Question: What is the object in the image?",Basketball,ball,ball,football,D,entertainment
204,"Examine the following SVG code carefully and answer the question based on your interpretation of the rendered image.

<svg baseprofile=""tiny"" id=""Layer_1"" version=""1.2"" viewbox=""0 0 256 256"" x=""0px"" xml:space=""preserve"" y=""0px"">
 <g id=""XMLID_70_"">
  <path d=""M181.738,43.999c11.1,0.0,20.0,-8.9,20.0,-19.9c0.0,-11.0,-8.9,-20.0,-20.0,-20.0c-11.0,0.0,-19.9,9.0,-19.9,20.0C161.838,35.099,170.738,43.999,181.738,43.999z"" id=""XMLID_31_"">
  </path>
  <path d=""M97.138,124.899l71.8,-46.4c9.4,-6.0,12.2,-18.3,6.2,-27.7c-5.9,-9.4,-18.3,-12.2,-27.7,-6.2L94.538,78.799c-3.0,1.9,-5.4,4.5,-6.9,7.4L32.538,194.799c-3.2,6.4,-0.7,14.2,5.7,17.4c6.4,3.2,14.2,0.7,17.4,-5.7L97.138,124.899z"" id=""XMLID_30_"">
  </path>
  <path d=""M236.838,117.299c9.5,-6.0,12.4,-18.4,6.5,-27.9l-7.0,4.2c3.6,5.7,1.8,13.2,-3.9,16.7L12.138,249.899l4.4,6.9L236.838,117.299z"" id=""XMLID_29_"">
  </path>
 </g>
</svg>


Question: What shape is the head of the figure in the image?",Square,Triangle,Circle,Hexagon,C,entertainment
205,"Examine the following SVG code carefully and answer the question based on your interpretation of the rendered image.

<svg baseprofile=""tiny"" id=""Layer_1"" version=""1.2"" viewbox=""0 0 256 256"" x=""0px"" xml:space=""preserve"" y=""0px"">
 <g id=""XMLID_70_"">
  <path d=""M181.738,43.999c11.1,0.0,20.0,-8.9,20.0,-19.9c0.0,-11.0,-8.9,-20.0,-20.0,-20.0c-11.0,0.0,-19.9,9.0,-19.9,20.0C161.838,35.099,170.738,43.999,181.738,43.999z"" id=""XMLID_31_"">
  </path>
  <path d=""M97.138,124.899l71.8,-46.4c9.4,-6.0,12.2,-18.3,6.2,-27.7c-5.9,-9.4,-18.3,-12.2,-27.7,-6.2L94.538,78.799c-3.0,1.9,-5.4,4.5,-6.9,7.4L32.538,194.799c-3.2,6.4,-0.7,14.2,5.7,17.4c6.4,3.2,14.2,0.7,17.4,-5.7L97.138,124.899z"" id=""XMLID_30_"">
  </path>
  <path d=""M236.838,117.299c9.5,-6.0,12.4,-18.4,6.5,-27.9l-7.0,4.2c3.6,5.7,1.8,13.2,-3.9,16.7L12.138,249.899l4.4,6.9L236.838,117.299z"" id=""XMLID_29_"">
  </path>
 </g>
</svg>


Question: What is the orientation of the slope in the image?",Horizontal,Vertical,Diagonal,Curved,C,entertainment
206,"Examine the following SVG code carefully and answer the question based on your interpretation of the rendered image.

<svg baseprofile=""tiny"" id=""Layer_1"" version=""1.2"" viewbox=""0 0 256 256"" x=""0px"" xml:space=""preserve"" y=""0px"">
 <g id=""XMLID_70_"">
  <path d=""M181.738,43.999c11.1,0.0,20.0,-8.9,20.0,-19.9c0.0,-11.0,-8.9,-20.0,-20.0,-20.0c-11.0,0.0,-19.9,9.0,-19.9,20.0C161.838,35.099,170.738,43.999,181.738,43.999z"" id=""XMLID_31_"">
  </path>
  <path d=""M97.138,124.899l71.8,-46.4c9.4,-6.0,12.2,-18.3,6.2,-27.7c-5.9,-9.4,-18.3,-12.2,-27.7,-6.2L94.538,78.799c-3.0,1.9,-5.4,4.5,-6.9,7.4L32.538,194.799c-3.2,6.4,-0.7,14.2,5.7,17.4c6.4,3.2,14.2,0.7,17.4,-5.7L97.138,124.899z"" id=""XMLID_30_"">
  </path>
  <path d=""M236.838,117.299c9.5,-6.0,12.4,-18.4,6.5,-27.9l-7.0,4.2c3.6,5.7,1.8,13.2,-3.9,16.7L12.138,249.899l4.4,6.9L236.838,117.299z"" id=""XMLID_29_"">
  </path>
 </g>
</svg>


Question: How many limbs are visible in the figure?",One,Two,Three,Four,B,entertainment
207,"Examine the following SVG code carefully and answer the question based on your interpretation of the rendered image.

<svg baseprofile=""tiny"" id=""Layer_1"" version=""1.2"" viewbox=""0 0 256 256"" x=""0px"" xml:space=""preserve"" y=""0px"">
 <g id=""XMLID_70_"">
  <path d=""M181.738,43.999c11.1,0.0,20.0,-8.9,20.0,-19.9c0.0,-11.0,-8.9,-20.0,-20.0,-20.0c-11.0,0.0,-19.9,9.0,-19.9,20.0C161.838,35.099,170.738,43.999,181.738,43.999z"" id=""XMLID_31_"">
  </path>
  <path d=""M97.138,124.899l71.8,-46.4c9.4,-6.0,12.2,-18.3,6.2,-27.7c-5.9,-9.4,-18.3,-12.2,-27.7,-6.2L94.538,78.799c-3.0,1.9,-5.4,4.5,-6.9,7.4L32.538,194.799c-3.2,6.4,-0.7,14.2,5.7,17.4c6.4,3.2,14.2,0.7,17.4,-5.7L97.138,124.899z"" id=""XMLID_30_"">
  </path>
  <path d=""M236.838,117.299c9.5,-6.0,12.4,-18.4,6.5,-27.9l-7.0,4.2c3.6,5.7,1.8,13.2,-3.9,16.7L12.138,249.899l4.4,6.9L236.838,117.299z"" id=""XMLID_29_"">
  </path>
 </g>
</svg>


Question: What activity does the figure in the image represent?",Running,Swimming,Jumping,Cycling,C,entertainment
212,"Examine the following SVG code carefully and answer the question based on your interpretation of the rendered image.

<svg id=""Capa_1"" style=""enable-background:new 0 0 60 60;"" version=""1.1"" viewbox=""0 0 60 60"" x=""0px"" xml:space=""preserve"" y=""0px"">
 <g>
  <path d=""M50.848,16.462c-4.884,0.0,-8.926,3.632,-9.593,8.335c-0.23,-0.016,-0.46,-0.035,-0.694,-0.035c-0.143,0.0,-0.281,0.015,-0.422,0.021c-0.674,-4.696,-4.712,-8.321,-9.591,-8.321c-4.882,0.0,-8.922,3.629,-9.592,8.329c-0.194,-0.012,-0.386,-0.03,-0.583,-0.03c-0.18,0.0,-0.356,0.017,-0.534,0.027c-0.671,-4.699,-4.71,-8.327,-9.591,-8.327c-5.349,0.0,-9.7,4.352,-9.7,9.7s4.352,9.7,9.7,9.7c0.18,0.0,0.356,-0.017,0.534,-0.027c0.671,4.699,4.71,8.327,9.591,8.327c4.882,0.0,8.922,-3.629,9.592,-8.329c0.194,0.012,0.386,0.03,0.583,0.03c0.143,0.0,0.281,-0.015,0.422,-0.021c0.673,4.696,4.711,8.321,9.591,8.321c4.884,0.0,8.926,-3.632,9.593,-8.335c0.23,0.016,0.46,0.035,0.694,0.035c5.349,0.0,9.7,-4.352,9.7,-9.7S56.196,16.462,50.848,16.462zM2.548,26.162c0.0,-4.246,3.454,-7.7,7.7,-7.7c3.886,0.0,7.099,2.895,7.618,6.64c-3.942,1.057,-6.893,4.533,-7.162,8.737c-0.151,0.009,-0.302,0.023,-0.456,0.023C6.002,33.862,2.548,30.408,2.548,26.162zM17.872,27.187c-0.39,2.916,-2.415,5.316,-5.123,6.25C13.14,30.521,15.164,28.121,17.872,27.187zM20.373,42.162c-3.886,0.0,-7.099,-2.895,-7.618,-6.64c3.942,-1.057,6.893,-4.533,7.162,-8.737c0.152,-0.009,0.302,-0.023,0.456,-0.023c0.171,0.0,0.338,0.015,0.506,0.026c0.269,4.186,3.197,7.65,7.114,8.722C27.48,39.261,24.263,42.162,20.373,42.162zM22.927,27.206c2.675,0.945,4.673,3.323,5.067,6.212C25.319,32.473,23.321,30.095,22.927,27.206zM30.042,33.837c-0.269,-4.186,-3.197,-7.65,-7.114,-8.722c0.514,-3.751,3.73,-6.652,7.62,-6.652c3.876,0.0,7.083,2.881,7.614,6.612c-3.997,1.022,-7.001,4.526,-7.27,8.771c-0.115,0.004,-0.228,0.016,-0.344,0.016C30.377,33.862,30.21,33.848,30.042,33.837zM38.178,27.143c-0.381,2.979,-2.466,5.43,-5.248,6.338C33.312,30.502,35.397,28.051,38.178,27.143zM40.561,42.162c-3.876,0.0,-7.083,-2.881,-7.614,-6.612c3.997,-1.022,7.001,-4.526,7.27,-8.771c0.115,-0.005,0.228,-0.017,0.344,-0.017c0.209,0.0,0.414,0.015,0.619,0.031c0.269,4.145,3.144,7.584,7.006,8.689C47.684,39.246,44.46,42.162,40.561,42.162zM43.234,27.25c2.602,0.968,4.539,3.299,4.941,6.124C45.573,32.406,43.636,30.075,43.234,27.25zM50.848,33.862c-0.209,0.0,-0.414,-0.015,-0.619,-0.031c-0.269,-4.145,-3.144,-7.584,-7.006,-8.689c0.502,-3.764,3.725,-6.68,7.625,-6.68c4.246,0.0,7.7,3.454,7.7,7.7S55.094,33.862,50.848,33.862z"">
  </path>
 </g>
</svg>


Question: How many circles are in the image?",5,4,3,6,A,entertainment
213,"Examine the following SVG code carefully and answer the question based on your interpretation of the rendered image.

<svg id=""Capa_1"" style=""enable-background:new 0 0 60 60;"" version=""1.1"" viewbox=""0 0 60 60"" x=""0px"" xml:space=""preserve"" y=""0px"">
 <g>
  <path d=""M50.848,16.462c-4.884,0.0,-8.926,3.632,-9.593,8.335c-0.23,-0.016,-0.46,-0.035,-0.694,-0.035c-0.143,0.0,-0.281,0.015,-0.422,0.021c-0.674,-4.696,-4.712,-8.321,-9.591,-8.321c-4.882,0.0,-8.922,3.629,-9.592,8.329c-0.194,-0.012,-0.386,-0.03,-0.583,-0.03c-0.18,0.0,-0.356,0.017,-0.534,0.027c-0.671,-4.699,-4.71,-8.327,-9.591,-8.327c-5.349,0.0,-9.7,4.352,-9.7,9.7s4.352,9.7,9.7,9.7c0.18,0.0,0.356,-0.017,0.534,-0.027c0.671,4.699,4.71,8.327,9.591,8.327c4.882,0.0,8.922,-3.629,9.592,-8.329c0.194,0.012,0.386,0.03,0.583,0.03c0.143,0.0,0.281,-0.015,0.422,-0.021c0.673,4.696,4.711,8.321,9.591,8.321c4.884,0.0,8.926,-3.632,9.593,-8.335c0.23,0.016,0.46,0.035,0.694,0.035c5.349,0.0,9.7,-4.352,9.7,-9.7S56.196,16.462,50.848,16.462zM2.548,26.162c0.0,-4.246,3.454,-7.7,7.7,-7.7c3.886,0.0,7.099,2.895,7.618,6.64c-3.942,1.057,-6.893,4.533,-7.162,8.737c-0.151,0.009,-0.302,0.023,-0.456,0.023C6.002,33.862,2.548,30.408,2.548,26.162zM17.872,27.187c-0.39,2.916,-2.415,5.316,-5.123,6.25C13.14,30.521,15.164,28.121,17.872,27.187zM20.373,42.162c-3.886,0.0,-7.099,-2.895,-7.618,-6.64c3.942,-1.057,6.893,-4.533,7.162,-8.737c0.152,-0.009,0.302,-0.023,0.456,-0.023c0.171,0.0,0.338,0.015,0.506,0.026c0.269,4.186,3.197,7.65,7.114,8.722C27.48,39.261,24.263,42.162,20.373,42.162zM22.927,27.206c2.675,0.945,4.673,3.323,5.067,6.212C25.319,32.473,23.321,30.095,22.927,27.206zM30.042,33.837c-0.269,-4.186,-3.197,-7.65,-7.114,-8.722c0.514,-3.751,3.73,-6.652,7.62,-6.652c3.876,0.0,7.083,2.881,7.614,6.612c-3.997,1.022,-7.001,4.526,-7.27,8.771c-0.115,0.004,-0.228,0.016,-0.344,0.016C30.377,33.862,30.21,33.848,30.042,33.837zM38.178,27.143c-0.381,2.979,-2.466,5.43,-5.248,6.338C33.312,30.502,35.397,28.051,38.178,27.143zM40.561,42.162c-3.876,0.0,-7.083,-2.881,-7.614,-6.612c3.997,-1.022,7.001,-4.526,7.27,-8.771c0.115,-0.005,0.228,-0.017,0.344,-0.017c0.209,0.0,0.414,0.015,0.619,0.031c0.269,4.145,3.144,7.584,7.006,8.689C47.684,39.246,44.46,42.162,40.561,42.162zM43.234,27.25c2.602,0.968,4.539,3.299,4.941,6.124C45.573,32.406,43.636,30.075,43.234,27.25zM50.848,33.862c-0.209,0.0,-0.414,-0.015,-0.619,-0.031c-0.269,-4.145,-3.144,-7.584,-7.006,-8.689c0.502,-3.764,3.725,-6.68,7.625,-6.68c4.246,0.0,7.7,3.454,7.7,7.7S55.094,33.862,50.848,33.862z"">
  </path>
 </g>
</svg>


Question: How many circles are overlapping in the image?",2,3,4,5,D,entertainment
214,"Examine the following SVG code carefully and answer the question based on your interpretation of the rendered image.

<svg id=""Capa_1"" style=""enable-background:new 0 0 60 60;"" version=""1.1"" viewbox=""0 0 60 60"" x=""0px"" xml:space=""preserve"" y=""0px"">
 <g>
  <path d=""M50.848,16.462c-4.884,0.0,-8.926,3.632,-9.593,8.335c-0.23,-0.016,-0.46,-0.035,-0.694,-0.035c-0.143,0.0,-0.281,0.015,-0.422,0.021c-0.674,-4.696,-4.712,-8.321,-9.591,-8.321c-4.882,0.0,-8.922,3.629,-9.592,8.329c-0.194,-0.012,-0.386,-0.03,-0.583,-0.03c-0.18,0.0,-0.356,0.017,-0.534,0.027c-0.671,-4.699,-4.71,-8.327,-9.591,-8.327c-5.349,0.0,-9.7,4.352,-9.7,9.7s4.352,9.7,9.7,9.7c0.18,0.0,0.356,-0.017,0.534,-0.027c0.671,4.699,4.71,8.327,9.591,8.327c4.882,0.0,8.922,-3.629,9.592,-8.329c0.194,0.012,0.386,0.03,0.583,0.03c0.143,0.0,0.281,-0.015,0.422,-0.021c0.673,4.696,4.711,8.321,9.591,8.321c4.884,0.0,8.926,-3.632,9.593,-8.335c0.23,0.016,0.46,0.035,0.694,0.035c5.349,0.0,9.7,-4.352,9.7,-9.7S56.196,16.462,50.848,16.462zM2.548,26.162c0.0,-4.246,3.454,-7.7,7.7,-7.7c3.886,0.0,7.099,2.895,7.618,6.64c-3.942,1.057,-6.893,4.533,-7.162,8.737c-0.151,0.009,-0.302,0.023,-0.456,0.023C6.002,33.862,2.548,30.408,2.548,26.162zM17.872,27.187c-0.39,2.916,-2.415,5.316,-5.123,6.25C13.14,30.521,15.164,28.121,17.872,27.187zM20.373,42.162c-3.886,0.0,-7.099,-2.895,-7.618,-6.64c3.942,-1.057,6.893,-4.533,7.162,-8.737c0.152,-0.009,0.302,-0.023,0.456,-0.023c0.171,0.0,0.338,0.015,0.506,0.026c0.269,4.186,3.197,7.65,7.114,8.722C27.48,39.261,24.263,42.162,20.373,42.162zM22.927,27.206c2.675,0.945,4.673,3.323,5.067,6.212C25.319,32.473,23.321,30.095,22.927,27.206zM30.042,33.837c-0.269,-4.186,-3.197,-7.65,-7.114,-8.722c0.514,-3.751,3.73,-6.652,7.62,-6.652c3.876,0.0,7.083,2.881,7.614,6.612c-3.997,1.022,-7.001,4.526,-7.27,8.771c-0.115,0.004,-0.228,0.016,-0.344,0.016C30.377,33.862,30.21,33.848,30.042,33.837zM38.178,27.143c-0.381,2.979,-2.466,5.43,-5.248,6.338C33.312,30.502,35.397,28.051,38.178,27.143zM40.561,42.162c-3.876,0.0,-7.083,-2.881,-7.614,-6.612c3.997,-1.022,7.001,-4.526,7.27,-8.771c0.115,-0.005,0.228,-0.017,0.344,-0.017c0.209,0.0,0.414,0.015,0.619,0.031c0.269,4.145,3.144,7.584,7.006,8.689C47.684,39.246,44.46,42.162,40.561,42.162zM43.234,27.25c2.602,0.968,4.539,3.299,4.941,6.124C45.573,32.406,43.636,30.075,43.234,27.25zM50.848,33.862c-0.209,0.0,-0.414,-0.015,-0.619,-0.031c-0.269,-4.145,-3.144,-7.584,-7.006,-8.689c0.502,-3.764,3.725,-6.68,7.625,-6.68c4.246,0.0,7.7,3.454,7.7,7.7S55.094,33.862,50.848,33.862z"">
  </path>
 </g>
</svg>


Question: What is the shape of the objects in the image?",Squares,Triangles,Hexagons,Circles,D,entertainment
215,"Examine the following SVG code carefully and answer the question based on your interpretation of the rendered image.

<svg id=""Capa_1"" style=""enable-background:new 0 0 60 60;"" version=""1.1"" viewbox=""0 0 60 60"" x=""0px"" xml:space=""preserve"" y=""0px"">
 <g>
  <path d=""M50.848,16.462c-4.884,0.0,-8.926,3.632,-9.593,8.335c-0.23,-0.016,-0.46,-0.035,-0.694,-0.035c-0.143,0.0,-0.281,0.015,-0.422,0.021c-0.674,-4.696,-4.712,-8.321,-9.591,-8.321c-4.882,0.0,-8.922,3.629,-9.592,8.329c-0.194,-0.012,-0.386,-0.03,-0.583,-0.03c-0.18,0.0,-0.356,0.017,-0.534,0.027c-0.671,-4.699,-4.71,-8.327,-9.591,-8.327c-5.349,0.0,-9.7,4.352,-9.7,9.7s4.352,9.7,9.7,9.7c0.18,0.0,0.356,-0.017,0.534,-0.027c0.671,4.699,4.71,8.327,9.591,8.327c4.882,0.0,8.922,-3.629,9.592,-8.329c0.194,0.012,0.386,0.03,0.583,0.03c0.143,0.0,0.281,-0.015,0.422,-0.021c0.673,4.696,4.711,8.321,9.591,8.321c4.884,0.0,8.926,-3.632,9.593,-8.335c0.23,0.016,0.46,0.035,0.694,0.035c5.349,0.0,9.7,-4.352,9.7,-9.7S56.196,16.462,50.848,16.462zM2.548,26.162c0.0,-4.246,3.454,-7.7,7.7,-7.7c3.886,0.0,7.099,2.895,7.618,6.64c-3.942,1.057,-6.893,4.533,-7.162,8.737c-0.151,0.009,-0.302,0.023,-0.456,0.023C6.002,33.862,2.548,30.408,2.548,26.162zM17.872,27.187c-0.39,2.916,-2.415,5.316,-5.123,6.25C13.14,30.521,15.164,28.121,17.872,27.187zM20.373,42.162c-3.886,0.0,-7.099,-2.895,-7.618,-6.64c3.942,-1.057,6.893,-4.533,7.162,-8.737c0.152,-0.009,0.302,-0.023,0.456,-0.023c0.171,0.0,0.338,0.015,0.506,0.026c0.269,4.186,3.197,7.65,7.114,8.722C27.48,39.261,24.263,42.162,20.373,42.162zM22.927,27.206c2.675,0.945,4.673,3.323,5.067,6.212C25.319,32.473,23.321,30.095,22.927,27.206zM30.042,33.837c-0.269,-4.186,-3.197,-7.65,-7.114,-8.722c0.514,-3.751,3.73,-6.652,7.62,-6.652c3.876,0.0,7.083,2.881,7.614,6.612c-3.997,1.022,-7.001,4.526,-7.27,8.771c-0.115,0.004,-0.228,0.016,-0.344,0.016C30.377,33.862,30.21,33.848,30.042,33.837zM38.178,27.143c-0.381,2.979,-2.466,5.43,-5.248,6.338C33.312,30.502,35.397,28.051,38.178,27.143zM40.561,42.162c-3.876,0.0,-7.083,-2.881,-7.614,-6.612c3.997,-1.022,7.001,-4.526,7.27,-8.771c0.115,-0.005,0.228,-0.017,0.344,-0.017c0.209,0.0,0.414,0.015,0.619,0.031c0.269,4.145,3.144,7.584,7.006,8.689C47.684,39.246,44.46,42.162,40.561,42.162zM43.234,27.25c2.602,0.968,4.539,3.299,4.941,6.124C45.573,32.406,43.636,30.075,43.234,27.25zM50.848,33.862c-0.209,0.0,-0.414,-0.015,-0.619,-0.031c-0.269,-4.145,-3.144,-7.584,-7.006,-8.689c0.502,-3.764,3.725,-6.68,7.625,-6.68c4.246,0.0,7.7,3.454,7.7,7.7S55.094,33.862,50.848,33.862z"">
  </path>
 </g>
</svg>


Question: What does the image represent?",chain,rings,flower,star,B,entertainment
224,"Examine the following SVG code carefully and answer the question based on your interpretation of the rendered image.

<svg id=""Layer_1"" style=""enable-background:new 0 0 480 480;"" version=""1.1"" viewbox=""0 0 480 480"" x=""0px"" xml:space=""preserve"" y=""0px"">
 <g>
  <g>
   <path d=""M476.414,2.788H12.414C7.99,2.788,4.414,6.372,4.414,10.788v128.0c0.0,4.416,3.576,8.0,8.0,8.0h80.0v296.0c0.0,22.056,17.944,40.0,40.0,40.0h224.0c22.056,0.0,40.0,-17.944,40.0,-40.0v-16.0v-32.0V146.788h80.0c4.424,0.0,8.0,-3.584,8.0,-8.0V10.788C484.414,6.372,480.838,2.788,476.414,2.788zM299.774,18.788c-3.904,27.096,-27.208,48.0,-55.36,48.0s-51.456,-20.904,-55.36,-48.0H299.774zM380.414,418.788h-24.0v-16.0h24.0V418.788zM468.414,42.788h-72.0v16.0h72.0v72.0h-80.0c-4.424,0.0,-8.0,3.584,-8.0,8.0v248.0h-32.0c-4.424,0.0,-8.0,3.584,-8.0,8.0v32.0c0.0,4.416,3.576,8.0,8.0,8.0h32.0v8.0c0.0,13.232,-10.768,24.0,-24.0,24.0H132.414c-13.232,0.0,-24.0,-10.768,-24.0,-24.0V138.788c0.0,-4.416,-3.576,-8.0,-8.0,-8.0H20.414V58.788h72.0V42.788H20.414V18.788h152.472C176.878,54.732,207.414,82.788,244.414,82.788s67.536,-28.056,71.528,-64.0H468.414V42.788z"">
   </path>
  </g>
 </g>
 <g>
  <g>
   <path d=""M220.414,266.788h-8.0v-80.0c0.0,-4.416,-3.576,-8.0,-8.0,-8.0h-48.0c-4.424,0.0,-8.0,3.584,-8.0,8.0v32.0c0.0,4.416,3.576,8.0,8.0,8.0h8.0v40.0h-8.0c-4.424,0.0,-8.0,3.584,-8.0,8.0v32.0c0.0,4.416,3.576,8.0,8.0,8.0h64.0c4.424,0.0,8.0,-3.584,8.0,-8.0v-32.0C228.414,270.372,224.838,266.788,220.414,266.788zM212.414,298.788h-48.0v-16.0h8.0c4.424,0.0,8.0,-3.584,8.0,-8.0v-56.0c0.0,-4.416,-3.576,-8.0,-8.0,-8.0h-8.0v-16.0h32.0v80.0c0.0,4.416,3.576,8.0,8.0,8.0h8.0V298.788z"">
   </path>
  </g>
 </g>
 <g>
  <g>
   <path d=""M340.414,178.788h-88.0c-4.424,0.0,-8.0,3.584,-8.0,8.0v120.0c0.0,4.416,3.576,8.0,8.0,8.0h88.0c4.424,0.0,8.0,-3.584,8.0,-8.0V186.788C348.414,182.372,344.838,178.788,340.414,178.788zM332.414,298.788h-72.0V194.788h72.0V298.788z"">
   </path>
  </g>
 </g>
 <g>
  <g>
   <path d=""M308.414,210.788h-24.0c-4.424,0.0,-8.0,3.584,-8.0,8.0v56.0c0.0,4.416,3.576,8.0,8.0,8.0h24.0c4.424,0.0,8.0,-3.584,8.0,-8.0v-56.0C316.414,214.372,312.838,210.788,308.414,210.788zM300.414,266.788h-8.0v-40.0h8.0V266.788z"">
   </path>
  </g>
 </g>
 <g>
  <g>
   <rect height=""16"" width=""16"" x=""236.414"" y=""122.788"">
   </rect>
  </g>
 </g>
 <g>
  <g>
   <rect height=""16"" width=""16"" x=""268.414"" y=""122.788"">
   </rect>
  </g>
 </g>
 <g>
  <g>
   <rect height=""16"" width=""16"" x=""204.414"" y=""122.788"">
   </rect>
  </g>
 </g>
</svg>


Question: What number is displayed on the object?",10,5,15,20,A,entertainment
225,"Examine the following SVG code carefully and answer the question based on your interpretation of the rendered image.

<svg id=""Layer_1"" style=""enable-background:new 0 0 480 480;"" version=""1.1"" viewbox=""0 0 480 480"" x=""0px"" xml:space=""preserve"" y=""0px"">
 <g>
  <g>
   <path d=""M476.414,2.788H12.414C7.99,2.788,4.414,6.372,4.414,10.788v128.0c0.0,4.416,3.576,8.0,8.0,8.0h80.0v296.0c0.0,22.056,17.944,40.0,40.0,40.0h224.0c22.056,0.0,40.0,-17.944,40.0,-40.0v-16.0v-32.0V146.788h80.0c4.424,0.0,8.0,-3.584,8.0,-8.0V10.788C484.414,6.372,480.838,2.788,476.414,2.788zM299.774,18.788c-3.904,27.096,-27.208,48.0,-55.36,48.0s-51.456,-20.904,-55.36,-48.0H299.774zM380.414,418.788h-24.0v-16.0h24.0V418.788zM468.414,42.788h-72.0v16.0h72.0v72.0h-80.0c-4.424,0.0,-8.0,3.584,-8.0,8.0v248.0h-32.0c-4.424,0.0,-8.0,3.584,-8.0,8.0v32.0c0.0,4.416,3.576,8.0,8.0,8.0h32.0v8.0c0.0,13.232,-10.768,24.0,-24.0,24.0H132.414c-13.232,0.0,-24.0,-10.768,-24.0,-24.0V138.788c0.0,-4.416,-3.576,-8.0,-8.0,-8.0H20.414V58.788h72.0V42.788H20.414V18.788h152.472C176.878,54.732,207.414,82.788,244.414,82.788s67.536,-28.056,71.528,-64.0H468.414V42.788z"">
   </path>
  </g>
 </g>
 <g>
  <g>
   <path d=""M220.414,266.788h-8.0v-80.0c0.0,-4.416,-3.576,-8.0,-8.0,-8.0h-48.0c-4.424,0.0,-8.0,3.584,-8.0,8.0v32.0c0.0,4.416,3.576,8.0,8.0,8.0h8.0v40.0h-8.0c-4.424,0.0,-8.0,3.584,-8.0,8.0v32.0c0.0,4.416,3.576,8.0,8.0,8.0h64.0c4.424,0.0,8.0,-3.584,8.0,-8.0v-32.0C228.414,270.372,224.838,266.788,220.414,266.788zM212.414,298.788h-48.0v-16.0h8.0c4.424,0.0,8.0,-3.584,8.0,-8.0v-56.0c0.0,-4.416,-3.576,-8.0,-8.0,-8.0h-8.0v-16.0h32.0v80.0c0.0,4.416,3.576,8.0,8.0,8.0h8.0V298.788z"">
   </path>
  </g>
 </g>
 <g>
  <g>
   <path d=""M340.414,178.788h-88.0c-4.424,0.0,-8.0,3.584,-8.0,8.0v120.0c0.0,4.416,3.576,8.0,8.0,8.0h88.0c4.424,0.0,8.0,-3.584,8.0,-8.0V186.788C348.414,182.372,344.838,178.788,340.414,178.788zM332.414,298.788h-72.0V194.788h72.0V298.788z"">
   </path>
  </g>
 </g>
 <g>
  <g>
   <path d=""M308.414,210.788h-24.0c-4.424,0.0,-8.0,3.584,-8.0,8.0v56.0c0.0,4.416,3.576,8.0,8.0,8.0h24.0c4.424,0.0,8.0,-3.584,8.0,-8.0v-56.0C316.414,214.372,312.838,210.788,308.414,210.788zM300.414,266.788h-8.0v-40.0h8.0V266.788z"">
   </path>
  </g>
 </g>
 <g>
  <g>
   <rect height=""16"" width=""16"" x=""236.414"" y=""122.788"">
   </rect>
  </g>
 </g>
 <g>
  <g>
   <rect height=""16"" width=""16"" x=""268.414"" y=""122.788"">
   </rect>
  </g>
 </g>
 <g>
  <g>
   <rect height=""16"" width=""16"" x=""204.414"" y=""122.788"">
   </rect>
  </g>
 </g>
</svg>


Question: How many small squares are above the number on the object?",1,2,3,4,C,entertainment
226,"Examine the following SVG code carefully and answer the question based on your interpretation of the rendered image.

<svg id=""Layer_1"" style=""enable-background:new 0 0 480 480;"" version=""1.1"" viewbox=""0 0 480 480"" x=""0px"" xml:space=""preserve"" y=""0px"">
 <g>
  <g>
   <path d=""M476.414,2.788H12.414C7.99,2.788,4.414,6.372,4.414,10.788v128.0c0.0,4.416,3.576,8.0,8.0,8.0h80.0v296.0c0.0,22.056,17.944,40.0,40.0,40.0h224.0c22.056,0.0,40.0,-17.944,40.0,-40.0v-16.0v-32.0V146.788h80.0c4.424,0.0,8.0,-3.584,8.0,-8.0V10.788C484.414,6.372,480.838,2.788,476.414,2.788zM299.774,18.788c-3.904,27.096,-27.208,48.0,-55.36,48.0s-51.456,-20.904,-55.36,-48.0H299.774zM380.414,418.788h-24.0v-16.0h24.0V418.788zM468.414,42.788h-72.0v16.0h72.0v72.0h-80.0c-4.424,0.0,-8.0,3.584,-8.0,8.0v248.0h-32.0c-4.424,0.0,-8.0,3.584,-8.0,8.0v32.0c0.0,4.416,3.576,8.0,8.0,8.0h32.0v8.0c0.0,13.232,-10.768,24.0,-24.0,24.0H132.414c-13.232,0.0,-24.0,-10.768,-24.0,-24.0V138.788c0.0,-4.416,-3.576,-8.0,-8.0,-8.0H20.414V58.788h72.0V42.788H20.414V18.788h152.472C176.878,54.732,207.414,82.788,244.414,82.788s67.536,-28.056,71.528,-64.0H468.414V42.788z"">
   </path>
  </g>
 </g>
 <g>
  <g>
   <path d=""M220.414,266.788h-8.0v-80.0c0.0,-4.416,-3.576,-8.0,-8.0,-8.0h-48.0c-4.424,0.0,-8.0,3.584,-8.0,8.0v32.0c0.0,4.416,3.576,8.0,8.0,8.0h8.0v40.0h-8.0c-4.424,0.0,-8.0,3.584,-8.0,8.0v32.0c0.0,4.416,3.576,8.0,8.0,8.0h64.0c4.424,0.0,8.0,-3.584,8.0,-8.0v-32.0C228.414,270.372,224.838,266.788,220.414,266.788zM212.414,298.788h-48.0v-16.0h8.0c4.424,0.0,8.0,-3.584,8.0,-8.0v-56.0c0.0,-4.416,-3.576,-8.0,-8.0,-8.0h-8.0v-16.0h32.0v80.0c0.0,4.416,3.576,8.0,8.0,8.0h8.0V298.788z"">
   </path>
  </g>
 </g>
 <g>
  <g>
   <path d=""M340.414,178.788h-88.0c-4.424,0.0,-8.0,3.584,-8.0,8.0v120.0c0.0,4.416,3.576,8.0,8.0,8.0h88.0c4.424,0.0,8.0,-3.584,8.0,-8.0V186.788C348.414,182.372,344.838,178.788,340.414,178.788zM332.414,298.788h-72.0V194.788h72.0V298.788z"">
   </path>
  </g>
 </g>
 <g>
  <g>
   <path d=""M308.414,210.788h-24.0c-4.424,0.0,-8.0,3.584,-8.0,8.0v56.0c0.0,4.416,3.576,8.0,8.0,8.0h24.0c4.424,0.0,8.0,-3.584,8.0,-8.0v-56.0C316.414,214.372,312.838,210.788,308.414,210.788zM300.414,266.788h-8.0v-40.0h8.0V266.788z"">
   </path>
  </g>
 </g>
 <g>
  <g>
   <rect height=""16"" width=""16"" x=""236.414"" y=""122.788"">
   </rect>
  </g>
 </g>
 <g>
  <g>
   <rect height=""16"" width=""16"" x=""268.414"" y=""122.788"">
   </rect>
  </g>
 </g>
 <g>
  <g>
   <rect height=""16"" width=""16"" x=""204.414"" y=""122.788"">
   </rect>
  </g>
 </g>
</svg>


Question: What shape is the object primarily?",Circle,Triangle,Hexagon,Rectangle,D,entertainment
227,"Examine the following SVG code carefully and answer the question based on your interpretation of the rendered image.

<svg id=""Layer_1"" style=""enable-background:new 0 0 480 480;"" version=""1.1"" viewbox=""0 0 480 480"" x=""0px"" xml:space=""preserve"" y=""0px"">
 <g>
  <g>
   <path d=""M476.414,2.788H12.414C7.99,2.788,4.414,6.372,4.414,10.788v128.0c0.0,4.416,3.576,8.0,8.0,8.0h80.0v296.0c0.0,22.056,17.944,40.0,40.0,40.0h224.0c22.056,0.0,40.0,-17.944,40.0,-40.0v-16.0v-32.0V146.788h80.0c4.424,0.0,8.0,-3.584,8.0,-8.0V10.788C484.414,6.372,480.838,2.788,476.414,2.788zM299.774,18.788c-3.904,27.096,-27.208,48.0,-55.36,48.0s-51.456,-20.904,-55.36,-48.0H299.774zM380.414,418.788h-24.0v-16.0h24.0V418.788zM468.414,42.788h-72.0v16.0h72.0v72.0h-80.0c-4.424,0.0,-8.0,3.584,-8.0,8.0v248.0h-32.0c-4.424,0.0,-8.0,3.584,-8.0,8.0v32.0c0.0,4.416,3.576,8.0,8.0,8.0h32.0v8.0c0.0,13.232,-10.768,24.0,-24.0,24.0H132.414c-13.232,0.0,-24.0,-10.768,-24.0,-24.0V138.788c0.0,-4.416,-3.576,-8.0,-8.0,-8.0H20.414V58.788h72.0V42.788H20.414V18.788h152.472C176.878,54.732,207.414,82.788,244.414,82.788s67.536,-28.056,71.528,-64.0H468.414V42.788z"">
   </path>
  </g>
 </g>
 <g>
  <g>
   <path d=""M220.414,266.788h-8.0v-80.0c0.0,-4.416,-3.576,-8.0,-8.0,-8.0h-48.0c-4.424,0.0,-8.0,3.584,-8.0,8.0v32.0c0.0,4.416,3.576,8.0,8.0,8.0h8.0v40.0h-8.0c-4.424,0.0,-8.0,3.584,-8.0,8.0v32.0c0.0,4.416,3.576,8.0,8.0,8.0h64.0c4.424,0.0,8.0,-3.584,8.0,-8.0v-32.0C228.414,270.372,224.838,266.788,220.414,266.788zM212.414,298.788h-48.0v-16.0h8.0c4.424,0.0,8.0,-3.584,8.0,-8.0v-56.0c0.0,-4.416,-3.576,-8.0,-8.0,-8.0h-8.0v-16.0h32.0v80.0c0.0,4.416,3.576,8.0,8.0,8.0h8.0V298.788z"">
   </path>
  </g>
 </g>
 <g>
  <g>
   <path d=""M340.414,178.788h-88.0c-4.424,0.0,-8.0,3.584,-8.0,8.0v120.0c0.0,4.416,3.576,8.0,8.0,8.0h88.0c4.424,0.0,8.0,-3.584,8.0,-8.0V186.788C348.414,182.372,344.838,178.788,340.414,178.788zM332.414,298.788h-72.0V194.788h72.0V298.788z"">
   </path>
  </g>
 </g>
 <g>
  <g>
   <path d=""M308.414,210.788h-24.0c-4.424,0.0,-8.0,3.584,-8.0,8.0v56.0c0.0,4.416,3.576,8.0,8.0,8.0h24.0c4.424,0.0,8.0,-3.584,8.0,-8.0v-56.0C316.414,214.372,312.838,210.788,308.414,210.788zM300.414,266.788h-8.0v-40.0h8.0V266.788z"">
   </path>
  </g>
 </g>
 <g>
  <g>
   <rect height=""16"" width=""16"" x=""236.414"" y=""122.788"">
   </rect>
  </g>
 </g>
 <g>
  <g>
   <rect height=""16"" width=""16"" x=""268.414"" y=""122.788"">
   </rect>
  </g>
 </g>
 <g>
  <g>
   <rect height=""16"" width=""16"" x=""204.414"" y=""122.788"">
   </rect>
  </g>
 </g>
</svg>


Question: What type of object is depicted in the image?",shirt,book,box,sign,A,entertainment
252,"Examine the following SVG code carefully and answer the question based on your interpretation of the rendered image.

<svg id=""Layer_1"" style=""enable-background:new 0 0 512 512;"" version=""1.1"" viewbox=""0 0 512 512"" x=""0px"" xml:space=""preserve"" y=""0px"">
 <circle cx=""259.603"" cy=""259.345"" r=""256"" style=""fill:#FF7F4F;"">
 </circle>
 <path d=""M138.035,373.54l141.071,141.071c124.554,-9.383,224.218,-107.898,235.427,-231.933l-140.734,-140.74L138.035,373.54z"" style=""fill:#FF5419;"">
 </path>
 <path d=""M256.945,93.454c-91.157,0.0,-165.922,74.162,-165.317,165.317c0.61,91.881,74.743,166.01,165.317,165.317c91.153,-0.696,165.317,-74.161,165.317,-165.317S348.101,93.454,256.945,93.454z"" style=""fill:#45494C;"">
 </path>
 <path d=""M256.945,424.088c91.157,0.0,165.317,-74.161,165.317,-165.317S348.101,93.454,256.945,93.454V424.088z"" style=""fill:#303335;"">
 </path>
 <polygon points=""378.468,156.088 321.284,156.088 292.692,205.613 321.284,255.133 378.468,255.133 407.059,205.613"" style=""fill:#C6C6C6;"">
 </polygon>
 <polygon points=""285.536,105.400 228.354,105.400 199.761,154.923 228.354,204.444 285.536,204.444 314.128,154.923"" style=""fill:#E3E5E4;"">
 </polygon>
 <polygon points=""314.128,154.923 285.536,105.400 258.167,105.400 258.167,204.444 285.536,204.444"" style=""fill:#C6C6C6;"">
 </polygon>
 <polygon points=""192.607,156.088 135.423,156.088 106.830,205.613 135.423,255.133 192.607,255.133 221.200,205.613"" style=""fill:#E3E5E4;"">
 </polygon>
 <polygon points=""378.468,361.452 321.284,361.452 292.692,311.929 321.284,262.407 378.468,262.407 407.059,311.929"" style=""fill:#C6C6C6;"">
 </polygon>
 <polygon points=""285.536,412.142 228.354,412.142 199.761,362.619 228.354,313.096 285.536,313.096 314.128,362.619"" style=""fill:#E3E5E4;"">
 </polygon>
 <polygon points=""314.128,362.619 285.536,313.096 258.167,313.096 258.167,412.142 285.536,412.142"" style=""fill:#C6C6C6;"">
 </polygon>
 <polygon points=""192.607,361.452 135.423,361.452 106.830,311.929 135.423,262.407 192.607,262.407 221.200,311.929"" style=""fill:#E3E5E4;"">
 </polygon>
</svg>


Question: What shape are the white sections on the object?",Squares,Triangles,Hexagons,Circles,C,entertainment
253,"Examine the following SVG code carefully and answer the question based on your interpretation of the rendered image.

<svg id=""Layer_1"" style=""enable-background:new 0 0 512 512;"" version=""1.1"" viewbox=""0 0 512 512"" x=""0px"" xml:space=""preserve"" y=""0px"">
 <circle cx=""259.603"" cy=""259.345"" r=""256"" style=""fill:#FF7F4F;"">
 </circle>
 <path d=""M138.035,373.54l141.071,141.071c124.554,-9.383,224.218,-107.898,235.427,-231.933l-140.734,-140.74L138.035,373.54z"" style=""fill:#FF5419;"">
 </path>
 <path d=""M256.945,93.454c-91.157,0.0,-165.922,74.162,-165.317,165.317c0.61,91.881,74.743,166.01,165.317,165.317c91.153,-0.696,165.317,-74.161,165.317,-165.317S348.101,93.454,256.945,93.454z"" style=""fill:#45494C;"">
 </path>
 <path d=""M256.945,424.088c91.157,0.0,165.317,-74.161,165.317,-165.317S348.101,93.454,256.945,93.454V424.088z"" style=""fill:#303335;"">
 </path>
 <polygon points=""378.468,156.088 321.284,156.088 292.692,205.613 321.284,255.133 378.468,255.133 407.059,205.613"" style=""fill:#C6C6C6;"">
 </polygon>
 <polygon points=""285.536,105.400 228.354,105.400 199.761,154.923 228.354,204.444 285.536,204.444 314.128,154.923"" style=""fill:#E3E5E4;"">
 </polygon>
 <polygon points=""314.128,154.923 285.536,105.400 258.167,105.400 258.167,204.444 285.536,204.444"" style=""fill:#C6C6C6;"">
 </polygon>
 <polygon points=""192.607,156.088 135.423,156.088 106.830,205.613 135.423,255.133 192.607,255.133 221.200,205.613"" style=""fill:#E3E5E4;"">
 </polygon>
 <polygon points=""378.468,361.452 321.284,361.452 292.692,311.929 321.284,262.407 378.468,262.407 407.059,311.929"" style=""fill:#C6C6C6;"">
 </polygon>
 <polygon points=""285.536,412.142 228.354,412.142 199.761,362.619 228.354,313.096 285.536,313.096 314.128,362.619"" style=""fill:#E3E5E4;"">
 </polygon>
 <polygon points=""314.128,362.619 285.536,313.096 258.167,313.096 258.167,412.142 285.536,412.142"" style=""fill:#C6C6C6;"">
 </polygon>
 <polygon points=""192.607,361.452 135.423,361.452 106.830,311.929 135.423,262.407 192.607,262.407 221.200,311.929"" style=""fill:#E3E5E4;"">
 </polygon>
</svg>


Question: What is the color of the background circle?",Blue,Green,Red,Orange,D,entertainment
254,"Examine the following SVG code carefully and answer the question based on your interpretation of the rendered image.

<svg id=""Layer_1"" style=""enable-background:new 0 0 512 512;"" version=""1.1"" viewbox=""0 0 512 512"" x=""0px"" xml:space=""preserve"" y=""0px"">
 <circle cx=""259.603"" cy=""259.345"" r=""256"" style=""fill:#FF7F4F;"">
 </circle>
 <path d=""M138.035,373.54l141.071,141.071c124.554,-9.383,224.218,-107.898,235.427,-231.933l-140.734,-140.74L138.035,373.54z"" style=""fill:#FF5419;"">
 </path>
 <path d=""M256.945,93.454c-91.157,0.0,-165.922,74.162,-165.317,165.317c0.61,91.881,74.743,166.01,165.317,165.317c91.153,-0.696,165.317,-74.161,165.317,-165.317S348.101,93.454,256.945,93.454z"" style=""fill:#45494C;"">
 </path>
 <path d=""M256.945,424.088c91.157,0.0,165.317,-74.161,165.317,-165.317S348.101,93.454,256.945,93.454V424.088z"" style=""fill:#303335;"">
 </path>
 <polygon points=""378.468,156.088 321.284,156.088 292.692,205.613 321.284,255.133 378.468,255.133 407.059,205.613"" style=""fill:#C6C6C6;"">
 </polygon>
 <polygon points=""285.536,105.400 228.354,105.400 199.761,154.923 228.354,204.444 285.536,204.444 314.128,154.923"" style=""fill:#E3E5E4;"">
 </polygon>
 <polygon points=""314.128,154.923 285.536,105.400 258.167,105.400 258.167,204.444 285.536,204.444"" style=""fill:#C6C6C6;"">
 </polygon>
 <polygon points=""192.607,156.088 135.423,156.088 106.830,205.613 135.423,255.133 192.607,255.133 221.200,205.613"" style=""fill:#E3E5E4;"">
 </polygon>
 <polygon points=""378.468,361.452 321.284,361.452 292.692,311.929 321.284,262.407 378.468,262.407 407.059,311.929"" style=""fill:#C6C6C6;"">
 </polygon>
 <polygon points=""285.536,412.142 228.354,412.142 199.761,362.619 228.354,313.096 285.536,313.096 314.128,362.619"" style=""fill:#E3E5E4;"">
 </polygon>
 <polygon points=""314.128,362.619 285.536,313.096 258.167,313.096 258.167,412.142 285.536,412.142"" style=""fill:#C6C6C6;"">
 </polygon>
 <polygon points=""192.607,361.452 135.423,361.452 106.830,311.929 135.423,262.407 192.607,262.407 221.200,311.929"" style=""fill:#E3E5E4;"">
 </polygon>
</svg>


Question: What is the color of the shadow in the image?",Black,Gray,Red,Orange,D,entertainment
255,"Examine the following SVG code carefully and answer the question based on your interpretation of the rendered image.

<svg id=""Layer_1"" style=""enable-background:new 0 0 512 512;"" version=""1.1"" viewbox=""0 0 512 512"" x=""0px"" xml:space=""preserve"" y=""0px"">
 <circle cx=""259.603"" cy=""259.345"" r=""256"" style=""fill:#FF7F4F;"">
 </circle>
 <path d=""M138.035,373.54l141.071,141.071c124.554,-9.383,224.218,-107.898,235.427,-231.933l-140.734,-140.74L138.035,373.54z"" style=""fill:#FF5419;"">
 </path>
 <path d=""M256.945,93.454c-91.157,0.0,-165.922,74.162,-165.317,165.317c0.61,91.881,74.743,166.01,165.317,165.317c91.153,-0.696,165.317,-74.161,165.317,-165.317S348.101,93.454,256.945,93.454z"" style=""fill:#45494C;"">
 </path>
 <path d=""M256.945,424.088c91.157,0.0,165.317,-74.161,165.317,-165.317S348.101,93.454,256.945,93.454V424.088z"" style=""fill:#303335;"">
 </path>
 <polygon points=""378.468,156.088 321.284,156.088 292.692,205.613 321.284,255.133 378.468,255.133 407.059,205.613"" style=""fill:#C6C6C6;"">
 </polygon>
 <polygon points=""285.536,105.400 228.354,105.400 199.761,154.923 228.354,204.444 285.536,204.444 314.128,154.923"" style=""fill:#E3E5E4;"">
 </polygon>
 <polygon points=""314.128,154.923 285.536,105.400 258.167,105.400 258.167,204.444 285.536,204.444"" style=""fill:#C6C6C6;"">
 </polygon>
 <polygon points=""192.607,156.088 135.423,156.088 106.830,205.613 135.423,255.133 192.607,255.133 221.200,205.613"" style=""fill:#E3E5E4;"">
 </polygon>
 <polygon points=""378.468,361.452 321.284,361.452 292.692,311.929 321.284,262.407 378.468,262.407 407.059,311.929"" style=""fill:#C6C6C6;"">
 </polygon>
 <polygon points=""285.536,412.142 228.354,412.142 199.761,362.619 228.354,313.096 285.536,313.096 314.128,362.619"" style=""fill:#E3E5E4;"">
 </polygon>
 <polygon points=""314.128,362.619 285.536,313.096 258.167,313.096 258.167,412.142 285.536,412.142"" style=""fill:#C6C6C6;"">
 </polygon>
 <polygon points=""192.607,361.452 135.423,361.452 106.830,311.929 135.423,262.407 192.607,262.407 221.200,311.929"" style=""fill:#E3E5E4;"">
 </polygon>
</svg>


Question: What is the object in the image?",Basketball,Volleyball,ball,ball,D,entertainment
264,"Examine the following SVG code carefully and answer the question based on your interpretation of the rendered image.

<svg id=""Layer_1"" style=""enable-background:new 0 0 512 512;"" version=""1.1"" viewbox=""0 0 512 512"" x=""0px"" xml:space=""preserve"" y=""0px"">
 <path d=""M467.769,70.81H51.047c-21.781,0.0,-39.438,17.657,-39.438,39.438v300.42c0.0,21.782,17.657,39.439,39.439,39.439h416.721c21.782,0.0,39.439,-17.657,39.439,-39.439V110.248C507.207,88.467,489.55,70.81,467.769,70.81z"" style=""fill:#FF8766;"">
 </path>
 <g>
  <path d=""M259.407,338.714c-43.15,0.0,-78.254,-35.106,-78.254,-78.256s35.104,-78.256,78.254,-78.256s78.256,35.105,78.256,78.256C337.663,303.609,302.558,338.714,259.407,338.714zM259.407,198.604c-34.105,0.0,-61.853,27.748,-61.853,61.854s27.748,61.854,61.853,61.854c34.106,0.0,61.854,-27.748,61.854,-61.854C321.262,226.351,293.515,198.604,259.407,198.604z"" style=""fill:#FFF9F2;"">
  </path>
  <path d=""M259.407,458.308c-4.53,0.0,-8.201,-3.672,-8.201,-8.201V70.809c0.0,-4.529,3.671,-8.201,8.201,-8.201s8.201,3.672,8.201,8.201v379.297C267.608,454.636,263.938,458.308,259.407,458.308z"" style=""fill:#FFF9F2;"">
  </path>
  <path d=""M71.789,338.714H11.609c-4.53,0.0,-8.201,-3.672,-8.201,-8.201v-140.11c0.0,-4.529,3.671,-8.201,8.201,-8.201h60.18c43.15,0.0,78.256,35.105,78.256,78.256S114.939,338.714,71.789,338.714zM19.81,322.312h51.979c34.106,0.0,61.854,-27.748,61.854,-61.854s-27.748,-61.854,-61.854,-61.854H19.81V322.312z"" style=""fill:#FFF9F2;"">
  </path>
  <path d=""M507.207,338.714h-60.18c-43.15,0.0,-78.256,-35.106,-78.256,-78.256s35.105,-78.256,78.256,-78.256h60.18c4.53,0.0,8.201,3.672,8.201,8.201v140.109C515.408,335.042,511.737,338.714,507.207,338.714zM447.027,198.604c-34.106,0.0,-61.854,27.748,-61.854,61.854s27.748,61.854,61.854,61.854h51.979V198.604H447.027z"" style=""fill:#FFF9F2;"">
  </path>
 </g>
</svg>


Question: What is the shape of the object in the image?",Circle,Square,Rectangle,Triangle,C,entertainment
265,"Examine the following SVG code carefully and answer the question based on your interpretation of the rendered image.

<svg id=""Layer_1"" style=""enable-background:new 0 0 512 512;"" version=""1.1"" viewbox=""0 0 512 512"" x=""0px"" xml:space=""preserve"" y=""0px"">
 <path d=""M467.769,70.81H51.047c-21.781,0.0,-39.438,17.657,-39.438,39.438v300.42c0.0,21.782,17.657,39.439,39.439,39.439h416.721c21.782,0.0,39.439,-17.657,39.439,-39.439V110.248C507.207,88.467,489.55,70.81,467.769,70.81z"" style=""fill:#FF8766;"">
 </path>
 <g>
  <path d=""M259.407,338.714c-43.15,0.0,-78.254,-35.106,-78.254,-78.256s35.104,-78.256,78.254,-78.256s78.256,35.105,78.256,78.256C337.663,303.609,302.558,338.714,259.407,338.714zM259.407,198.604c-34.105,0.0,-61.853,27.748,-61.853,61.854s27.748,61.854,61.853,61.854c34.106,0.0,61.854,-27.748,61.854,-61.854C321.262,226.351,293.515,198.604,259.407,198.604z"" style=""fill:#FFF9F2;"">
  </path>
  <path d=""M259.407,458.308c-4.53,0.0,-8.201,-3.672,-8.201,-8.201V70.809c0.0,-4.529,3.671,-8.201,8.201,-8.201s8.201,3.672,8.201,8.201v379.297C267.608,454.636,263.938,458.308,259.407,458.308z"" style=""fill:#FFF9F2;"">
  </path>
  <path d=""M71.789,338.714H11.609c-4.53,0.0,-8.201,-3.672,-8.201,-8.201v-140.11c0.0,-4.529,3.671,-8.201,8.201,-8.201h60.18c43.15,0.0,78.256,35.105,78.256,78.256S114.939,338.714,71.789,338.714zM19.81,322.312h51.979c34.106,0.0,61.854,-27.748,61.854,-61.854s-27.748,-61.854,-61.854,-61.854H19.81V322.312z"" style=""fill:#FFF9F2;"">
  </path>
  <path d=""M507.207,338.714h-60.18c-43.15,0.0,-78.256,-35.106,-78.256,-78.256s35.105,-78.256,78.256,-78.256h60.18c4.53,0.0,8.201,3.672,8.201,8.201v140.109C515.408,335.042,511.737,338.714,507.207,338.714zM447.027,198.604c-34.106,0.0,-61.854,27.748,-61.854,61.854s27.748,61.854,61.854,61.854h51.979V198.604H447.027z"" style=""fill:#FFF9F2;"">
  </path>
 </g>
</svg>


Question: How many circles are present in the image?",1,2,3,4,B,entertainment
266,"Examine the following SVG code carefully and answer the question based on your interpretation of the rendered image.

<svg id=""Layer_1"" style=""enable-background:new 0 0 512 512;"" version=""1.1"" viewbox=""0 0 512 512"" x=""0px"" xml:space=""preserve"" y=""0px"">
 <path d=""M467.769,70.81H51.047c-21.781,0.0,-39.438,17.657,-39.438,39.438v300.42c0.0,21.782,17.657,39.439,39.439,39.439h416.721c21.782,0.0,39.439,-17.657,39.439,-39.439V110.248C507.207,88.467,489.55,70.81,467.769,70.81z"" style=""fill:#FF8766;"">
 </path>
 <g>
  <path d=""M259.407,338.714c-43.15,0.0,-78.254,-35.106,-78.254,-78.256s35.104,-78.256,78.254,-78.256s78.256,35.105,78.256,78.256C337.663,303.609,302.558,338.714,259.407,338.714zM259.407,198.604c-34.105,0.0,-61.853,27.748,-61.853,61.854s27.748,61.854,61.853,61.854c34.106,0.0,61.854,-27.748,61.854,-61.854C321.262,226.351,293.515,198.604,259.407,198.604z"" style=""fill:#FFF9F2;"">
  </path>
  <path d=""M259.407,458.308c-4.53,0.0,-8.201,-3.672,-8.201,-8.201V70.809c0.0,-4.529,3.671,-8.201,8.201,-8.201s8.201,3.672,8.201,8.201v379.297C267.608,454.636,263.938,458.308,259.407,458.308z"" style=""fill:#FFF9F2;"">
  </path>
  <path d=""M71.789,338.714H11.609c-4.53,0.0,-8.201,-3.672,-8.201,-8.201v-140.11c0.0,-4.529,3.671,-8.201,8.201,-8.201h60.18c43.15,0.0,78.256,35.105,78.256,78.256S114.939,338.714,71.789,338.714zM19.81,322.312h51.979c34.106,0.0,61.854,-27.748,61.854,-61.854s-27.748,-61.854,-61.854,-61.854H19.81V322.312z"" style=""fill:#FFF9F2;"">
  </path>
  <path d=""M507.207,338.714h-60.18c-43.15,0.0,-78.256,-35.106,-78.256,-78.256s35.105,-78.256,78.256,-78.256h60.18c4.53,0.0,8.201,3.672,8.201,8.201v140.109C515.408,335.042,511.737,338.714,507.207,338.714zM447.027,198.604c-34.106,0.0,-61.854,27.748,-61.854,61.854s27.748,61.854,61.854,61.854h51.979V198.604H447.027z"" style=""fill:#FFF9F2;"">
  </path>
 </g>
</svg>


Question: What is the color of the object in the image?",Blue,Green,Red,Orange,D,entertainment
267,"Examine the following SVG code carefully and answer the question based on your interpretation of the rendered image.

<svg id=""Layer_1"" style=""enable-background:new 0 0 512 512;"" version=""1.1"" viewbox=""0 0 512 512"" x=""0px"" xml:space=""preserve"" y=""0px"">
 <path d=""M467.769,70.81H51.047c-21.781,0.0,-39.438,17.657,-39.438,39.438v300.42c0.0,21.782,17.657,39.439,39.439,39.439h416.721c21.782,0.0,39.439,-17.657,39.439,-39.439V110.248C507.207,88.467,489.55,70.81,467.769,70.81z"" style=""fill:#FF8766;"">
 </path>
 <g>
  <path d=""M259.407,338.714c-43.15,0.0,-78.254,-35.106,-78.254,-78.256s35.104,-78.256,78.254,-78.256s78.256,35.105,78.256,78.256C337.663,303.609,302.558,338.714,259.407,338.714zM259.407,198.604c-34.105,0.0,-61.853,27.748,-61.853,61.854s27.748,61.854,61.853,61.854c34.106,0.0,61.854,-27.748,61.854,-61.854C321.262,226.351,293.515,198.604,259.407,198.604z"" style=""fill:#FFF9F2;"">
  </path>
  <path d=""M259.407,458.308c-4.53,0.0,-8.201,-3.672,-8.201,-8.201V70.809c0.0,-4.529,3.671,-8.201,8.201,-8.201s8.201,3.672,8.201,8.201v379.297C267.608,454.636,263.938,458.308,259.407,458.308z"" style=""fill:#FFF9F2;"">
  </path>
  <path d=""M71.789,338.714H11.609c-4.53,0.0,-8.201,-3.672,-8.201,-8.201v-140.11c0.0,-4.529,3.671,-8.201,8.201,-8.201h60.18c43.15,0.0,78.256,35.105,78.256,78.256S114.939,338.714,71.789,338.714zM19.81,322.312h51.979c34.106,0.0,61.854,-27.748,61.854,-61.854s-27.748,-61.854,-61.854,-61.854H19.81V322.312z"" style=""fill:#FFF9F2;"">
  </path>
  <path d=""M507.207,338.714h-60.18c-43.15,0.0,-78.256,-35.106,-78.256,-78.256s35.105,-78.256,78.256,-78.256h60.18c4.53,0.0,8.201,3.672,8.201,8.201v140.109C515.408,335.042,511.737,338.714,507.207,338.714zM447.027,198.604c-34.106,0.0,-61.854,27.748,-61.854,61.854s27.748,61.854,61.854,61.854h51.979V198.604H447.027z"" style=""fill:#FFF9F2;"">
  </path>
 </g>
</svg>


Question: What type of court is depicted in the image?",court,court,field,court,A,entertainment
272,"Examine the following SVG code carefully and answer the question based on your interpretation of the rendered image.

<svg id=""Layer_1"" style=""enable-background:new 0 0 512 512;"" version=""1.1"" viewbox=""0 0 512 512"" x=""0px"" xml:space=""preserve"" y=""0px"">
 <g>
  <g>
   <circle cx=""389.176"" cy=""184.678"" r=""13.013"">
   </circle>
  </g>
 </g>
 <g>
  <g>
   <circle cx=""389.176"" cy=""231.664"" r=""13.013"">
   </circle>
  </g>
 </g>
 <g>
  <g>
   <circle cx=""412.669"" cy=""208.171"" r=""13.013"">
   </circle>
  </g>
 </g>
 <g>
  <g>
   <circle cx=""365.683"" cy=""208.171"" r=""13.013"">
   </circle>
  </g>
 </g>
 <g>
  <g>
   <path d=""M139.941,175.916h-16.656c-3.22,0.0,-5.83,2.611,-5.83,5.829v6.003c0.001,1.816,0.847,3.528,2.289,4.631l8.329,6.369c2.09,1.599,4.992,1.599,7.082,0.0l8.329,-6.369c1.442,-1.103,2.288,-2.815,2.288,-4.631v-6.003C145.772,178.525,143.161,175.916,139.941,175.916z"">
   </path>
  </g>
 </g>
 <g>
  <g>
   <path d=""M143.484,226.855l-8.329,-6.369c-2.09,-1.599,-4.992,-1.599,-7.082,0.0l-8.329,6.369c-1.442,1.103,-2.288,2.815,-2.288,4.631v6.003c0.0,3.22,2.611,5.829,5.83,5.829h16.656c3.22,0.0,5.831,-2.611,5.831,-5.829v-6.003C145.772,229.671,144.927,227.958,143.484,226.855z"">
   </path>
  </g>
 </g>
 <g>
  <g>
   <path d=""M159.486,195.458h-6.003c-1.816,0.0,-3.528,0.846,-4.631,2.288l-6.369,8.329c-1.599,2.09,-1.599,4.992,0.0,7.082l6.369,8.329c1.103,1.442,2.815,2.288,4.631,2.288h6.003c3.22,0.0,5.829,-2.611,5.829,-5.829v-16.656C165.317,198.069,162.706,195.458,159.486,195.458z"">
   </path>
  </g>
 </g>
 <g>
  <g>
   <path d=""M120.744,206.075l-6.369,-8.329c-1.103,-1.442,-2.815,-2.288,-4.631,-2.288h-6.003c-3.22,0.0,-5.831,2.611,-5.831,5.829v16.656c0.0,3.22,2.611,5.83,5.831,5.83h6.003c1.816,0.0,3.528,-0.846,4.631,-2.288l6.369,-8.329C122.343,211.069,122.343,208.166,120.744,206.075z"">
   </path>
  </g>
 </g>
 <g>
  <g>
   <path d=""M246.49,197.072h-42.332c-3.993,0.0,-7.228,3.237,-7.228,7.228v14.249c0.0,3.993,3.237,7.228,7.228,7.228h42.332c3.993,0.0,7.228,-3.237,7.228,-7.228v-14.249C253.719,200.307,250.482,197.072,246.49,197.072z"">
   </path>
  </g>
 </g>
 <g>
  <g>
   <path d=""M321.096,197.072h-42.332c-3.993,0.0,-7.228,3.237,-7.228,7.228v14.249c0.0,3.993,3.237,7.228,7.228,7.228h42.332c3.992,0.0,7.228,-3.237,7.228,-7.228v-14.249C328.325,200.307,325.089,197.072,321.096,197.072z"">
   </path>
  </g>
 </g>
 <g>
  <g>
   <path d=""M513.935,343.122l-39.021,-158.733c-6.456,-26.256,-23.039,-48.066,-46.185,-61.217c-2.256,-19.02,-18.481,-33.82,-38.097,-33.82h-40.641c-20.778,0.0,-37.751,16.606,-38.347,37.243H208.291c-0.596,-20.637,-17.569,-37.243,-38.348,-37.243h-40.64c-19.616,0.0,-35.841,14.8,-38.096,33.819c-23.146,13.152,-39.73,34.962,-46.185,61.218L6.003,343.122c-4.447,18.092,-1.583,36.832,8.064,52.77s24.924,27.164,43.016,31.612c30.182,7.418,60.737,-6.241,76.084,-31.229l21.922,-35.695c11.227,9.73,25.852,15.638,41.841,15.638c35.281,0.0,63.983,-28.702,63.983,-63.983c0.0,-0.953,-0.031,-1.898,-0.072,-2.841h7.704c-0.041,0.943,-0.072,1.888,-0.072,2.841c0.0,35.281,28.702,63.983,63.983,63.983c13.086,0.0,25.262,-3.956,35.41,-10.725l18.905,30.781c15.222,24.787,45.671,38.706,76.085,31.23C500.2,418.321,523.114,380.469,513.935,343.122zM196.93,342.861c-16.914,0.0,-30.628,-13.777,-30.628,-30.628c0.0,-16.889,13.74,-30.629,30.628,-30.629c16.874,0.0,30.628,13.755,30.628,30.629C227.558,329.121,213.818,342.861,196.93,342.861zM332.456,342.861c-16.888,0.0,-30.628,-13.74,-30.628,-30.628c0.0,-16.891,13.77,-30.629,30.628,-30.629c16.889,0.0,30.629,13.74,30.629,30.629C363.084,329.058,349.394,342.861,332.456,342.861zM454.891,395.112c-15.81,3.888,-31.722,-3.305,-39.698,-16.295l-24.545,-39.966c3.7,-8.066,5.792,-17.345,5.792,-26.618c0.0,-35.281,-28.702,-63.984,-63.984,-63.984c-21.335,0.0,-41.009,10.709,-52.749,27.788H249.679c-11.639,-16.928,-31.265,-27.788,-52.749,-27.788c-35.281,0.0,-63.983,28.703,-63.983,63.984c0.0,5.775,0.809,11.631,2.277,16.954l-30.48,49.631c-7.966,12.972,-23.87,20.186,-39.699,16.295c-9.44,-2.32,-17.41,-8.178,-22.445,-16.493s-6.529,-18.094,-4.207,-27.534l39.021,-158.733c4.816,-19.595,18.231,-35.424,36.804,-43.428c6.115,-2.636,10.077,-8.657,10.077,-15.316v-5.89c0.0,-2.762,2.247,-5.009,5.009,-5.009h40.64c2.762,0.0,5.009,2.247,5.009,5.009v15.556c0.0,9.21,7.467,16.678,16.677,16.678h136.675c9.21,0.0,16.678,-7.467,16.678,-16.678v-15.556c0.0,-2.762,2.247,-5.009,5.009,-5.009h40.641c2.762,0.0,5.009,2.247,5.009,5.009v5.892c0.0,6.659,3.961,12.68,10.077,15.316c18.572,8.003,31.987,23.832,36.805,43.428l39.021,158.732C486.334,370.571,474.377,390.322,454.891,395.112z"">
   </path>
  </g>
 </g>
</svg>


Question: What shape are the two large circles in the image?",Squares,Triangles,Hexagons,Circles,D,entertainment
273,"Examine the following SVG code carefully and answer the question based on your interpretation of the rendered image.

<svg id=""Layer_1"" style=""enable-background:new 0 0 512 512;"" version=""1.1"" viewbox=""0 0 512 512"" x=""0px"" xml:space=""preserve"" y=""0px"">
 <g>
  <g>
   <circle cx=""389.176"" cy=""184.678"" r=""13.013"">
   </circle>
  </g>
 </g>
 <g>
  <g>
   <circle cx=""389.176"" cy=""231.664"" r=""13.013"">
   </circle>
  </g>
 </g>
 <g>
  <g>
   <circle cx=""412.669"" cy=""208.171"" r=""13.013"">
   </circle>
  </g>
 </g>
 <g>
  <g>
   <circle cx=""365.683"" cy=""208.171"" r=""13.013"">
   </circle>
  </g>
 </g>
 <g>
  <g>
   <path d=""M139.941,175.916h-16.656c-3.22,0.0,-5.83,2.611,-5.83,5.829v6.003c0.001,1.816,0.847,3.528,2.289,4.631l8.329,6.369c2.09,1.599,4.992,1.599,7.082,0.0l8.329,-6.369c1.442,-1.103,2.288,-2.815,2.288,-4.631v-6.003C145.772,178.525,143.161,175.916,139.941,175.916z"">
   </path>
  </g>
 </g>
 <g>
  <g>
   <path d=""M143.484,226.855l-8.329,-6.369c-2.09,-1.599,-4.992,-1.599,-7.082,0.0l-8.329,6.369c-1.442,1.103,-2.288,2.815,-2.288,4.631v6.003c0.0,3.22,2.611,5.829,5.83,5.829h16.656c3.22,0.0,5.831,-2.611,5.831,-5.829v-6.003C145.772,229.671,144.927,227.958,143.484,226.855z"">
   </path>
  </g>
 </g>
 <g>
  <g>
   <path d=""M159.486,195.458h-6.003c-1.816,0.0,-3.528,0.846,-4.631,2.288l-6.369,8.329c-1.599,2.09,-1.599,4.992,0.0,7.082l6.369,8.329c1.103,1.442,2.815,2.288,4.631,2.288h6.003c3.22,0.0,5.829,-2.611,5.829,-5.829v-16.656C165.317,198.069,162.706,195.458,159.486,195.458z"">
   </path>
  </g>
 </g>
 <g>
  <g>
   <path d=""M120.744,206.075l-6.369,-8.329c-1.103,-1.442,-2.815,-2.288,-4.631,-2.288h-6.003c-3.22,0.0,-5.831,2.611,-5.831,5.829v16.656c0.0,3.22,2.611,5.83,5.831,5.83h6.003c1.816,0.0,3.528,-0.846,4.631,-2.288l6.369,-8.329C122.343,211.069,122.343,208.166,120.744,206.075z"">
   </path>
  </g>
 </g>
 <g>
  <g>
   <path d=""M246.49,197.072h-42.332c-3.993,0.0,-7.228,3.237,-7.228,7.228v14.249c0.0,3.993,3.237,7.228,7.228,7.228h42.332c3.993,0.0,7.228,-3.237,7.228,-7.228v-14.249C253.719,200.307,250.482,197.072,246.49,197.072z"">
   </path>
  </g>
 </g>
 <g>
  <g>
   <path d=""M321.096,197.072h-42.332c-3.993,0.0,-7.228,3.237,-7.228,7.228v14.249c0.0,3.993,3.237,7.228,7.228,7.228h42.332c3.992,0.0,7.228,-3.237,7.228,-7.228v-14.249C328.325,200.307,325.089,197.072,321.096,197.072z"">
   </path>
  </g>
 </g>
 <g>
  <g>
   <path d=""M513.935,343.122l-39.021,-158.733c-6.456,-26.256,-23.039,-48.066,-46.185,-61.217c-2.256,-19.02,-18.481,-33.82,-38.097,-33.82h-40.641c-20.778,0.0,-37.751,16.606,-38.347,37.243H208.291c-0.596,-20.637,-17.569,-37.243,-38.348,-37.243h-40.64c-19.616,0.0,-35.841,14.8,-38.096,33.819c-23.146,13.152,-39.73,34.962,-46.185,61.218L6.003,343.122c-4.447,18.092,-1.583,36.832,8.064,52.77s24.924,27.164,43.016,31.612c30.182,7.418,60.737,-6.241,76.084,-31.229l21.922,-35.695c11.227,9.73,25.852,15.638,41.841,15.638c35.281,0.0,63.983,-28.702,63.983,-63.983c0.0,-0.953,-0.031,-1.898,-0.072,-2.841h7.704c-0.041,0.943,-0.072,1.888,-0.072,2.841c0.0,35.281,28.702,63.983,63.983,63.983c13.086,0.0,25.262,-3.956,35.41,-10.725l18.905,30.781c15.222,24.787,45.671,38.706,76.085,31.23C500.2,418.321,523.114,380.469,513.935,343.122zM196.93,342.861c-16.914,0.0,-30.628,-13.777,-30.628,-30.628c0.0,-16.889,13.74,-30.629,30.628,-30.629c16.874,0.0,30.628,13.755,30.628,30.629C227.558,329.121,213.818,342.861,196.93,342.861zM332.456,342.861c-16.888,0.0,-30.628,-13.74,-30.628,-30.628c0.0,-16.891,13.77,-30.629,30.628,-30.629c16.889,0.0,30.629,13.74,30.629,30.629C363.084,329.058,349.394,342.861,332.456,342.861zM454.891,395.112c-15.81,3.888,-31.722,-3.305,-39.698,-16.295l-24.545,-39.966c3.7,-8.066,5.792,-17.345,5.792,-26.618c0.0,-35.281,-28.702,-63.984,-63.984,-63.984c-21.335,0.0,-41.009,10.709,-52.749,27.788H249.679c-11.639,-16.928,-31.265,-27.788,-52.749,-27.788c-35.281,0.0,-63.983,28.703,-63.983,63.984c0.0,5.775,0.809,11.631,2.277,16.954l-30.48,49.631c-7.966,12.972,-23.87,20.186,-39.699,16.295c-9.44,-2.32,-17.41,-8.178,-22.445,-16.493s-6.529,-18.094,-4.207,-27.534l39.021,-158.733c4.816,-19.595,18.231,-35.424,36.804,-43.428c6.115,-2.636,10.077,-8.657,10.077,-15.316v-5.89c0.0,-2.762,2.247,-5.009,5.009,-5.009h40.64c2.762,0.0,5.009,2.247,5.009,5.009v15.556c0.0,9.21,7.467,16.678,16.677,16.678h136.675c9.21,0.0,16.678,-7.467,16.678,-16.678v-15.556c0.0,-2.762,2.247,-5.009,5.009,-5.009h40.641c2.762,0.0,5.009,2.247,5.009,5.009v5.892c0.0,6.659,3.961,12.68,10.077,15.316c18.572,8.003,31.987,23.832,36.805,43.428l39.021,158.732C486.334,370.571,474.377,390.322,454.891,395.112z"">
   </path>
  </g>
 </g>
</svg>


Question: How many small circles are on the right side of the object?",2,3,4,5,C,entertainment
274,"Examine the following SVG code carefully and answer the question based on your interpretation of the rendered image.

<svg id=""Layer_1"" style=""enable-background:new 0 0 512 512;"" version=""1.1"" viewbox=""0 0 512 512"" x=""0px"" xml:space=""preserve"" y=""0px"">
 <g>
  <g>
   <circle cx=""389.176"" cy=""184.678"" r=""13.013"">
   </circle>
  </g>
 </g>
 <g>
  <g>
   <circle cx=""389.176"" cy=""231.664"" r=""13.013"">
   </circle>
  </g>
 </g>
 <g>
  <g>
   <circle cx=""412.669"" cy=""208.171"" r=""13.013"">
   </circle>
  </g>
 </g>
 <g>
  <g>
   <circle cx=""365.683"" cy=""208.171"" r=""13.013"">
   </circle>
  </g>
 </g>
 <g>
  <g>
   <path d=""M139.941,175.916h-16.656c-3.22,0.0,-5.83,2.611,-5.83,5.829v6.003c0.001,1.816,0.847,3.528,2.289,4.631l8.329,6.369c2.09,1.599,4.992,1.599,7.082,0.0l8.329,-6.369c1.442,-1.103,2.288,-2.815,2.288,-4.631v-6.003C145.772,178.525,143.161,175.916,139.941,175.916z"">
   </path>
  </g>
 </g>
 <g>
  <g>
   <path d=""M143.484,226.855l-8.329,-6.369c-2.09,-1.599,-4.992,-1.599,-7.082,0.0l-8.329,6.369c-1.442,1.103,-2.288,2.815,-2.288,4.631v6.003c0.0,3.22,2.611,5.829,5.83,5.829h16.656c3.22,0.0,5.831,-2.611,5.831,-5.829v-6.003C145.772,229.671,144.927,227.958,143.484,226.855z"">
   </path>
  </g>
 </g>
 <g>
  <g>
   <path d=""M159.486,195.458h-6.003c-1.816,0.0,-3.528,0.846,-4.631,2.288l-6.369,8.329c-1.599,2.09,-1.599,4.992,0.0,7.082l6.369,8.329c1.103,1.442,2.815,2.288,4.631,2.288h6.003c3.22,0.0,5.829,-2.611,5.829,-5.829v-16.656C165.317,198.069,162.706,195.458,159.486,195.458z"">
   </path>
  </g>
 </g>
 <g>
  <g>
   <path d=""M120.744,206.075l-6.369,-8.329c-1.103,-1.442,-2.815,-2.288,-4.631,-2.288h-6.003c-3.22,0.0,-5.831,2.611,-5.831,5.829v16.656c0.0,3.22,2.611,5.83,5.831,5.83h6.003c1.816,0.0,3.528,-0.846,4.631,-2.288l6.369,-8.329C122.343,211.069,122.343,208.166,120.744,206.075z"">
   </path>
  </g>
 </g>
 <g>
  <g>
   <path d=""M246.49,197.072h-42.332c-3.993,0.0,-7.228,3.237,-7.228,7.228v14.249c0.0,3.993,3.237,7.228,7.228,7.228h42.332c3.993,0.0,7.228,-3.237,7.228,-7.228v-14.249C253.719,200.307,250.482,197.072,246.49,197.072z"">
   </path>
  </g>
 </g>
 <g>
  <g>
   <path d=""M321.096,197.072h-42.332c-3.993,0.0,-7.228,3.237,-7.228,7.228v14.249c0.0,3.993,3.237,7.228,7.228,7.228h42.332c3.992,0.0,7.228,-3.237,7.228,-7.228v-14.249C328.325,200.307,325.089,197.072,321.096,197.072z"">
   </path>
  </g>
 </g>
 <g>
  <g>
   <path d=""M513.935,343.122l-39.021,-158.733c-6.456,-26.256,-23.039,-48.066,-46.185,-61.217c-2.256,-19.02,-18.481,-33.82,-38.097,-33.82h-40.641c-20.778,0.0,-37.751,16.606,-38.347,37.243H208.291c-0.596,-20.637,-17.569,-37.243,-38.348,-37.243h-40.64c-19.616,0.0,-35.841,14.8,-38.096,33.819c-23.146,13.152,-39.73,34.962,-46.185,61.218L6.003,343.122c-4.447,18.092,-1.583,36.832,8.064,52.77s24.924,27.164,43.016,31.612c30.182,7.418,60.737,-6.241,76.084,-31.229l21.922,-35.695c11.227,9.73,25.852,15.638,41.841,15.638c35.281,0.0,63.983,-28.702,63.983,-63.983c0.0,-0.953,-0.031,-1.898,-0.072,-2.841h7.704c-0.041,0.943,-0.072,1.888,-0.072,2.841c0.0,35.281,28.702,63.983,63.983,63.983c13.086,0.0,25.262,-3.956,35.41,-10.725l18.905,30.781c15.222,24.787,45.671,38.706,76.085,31.23C500.2,418.321,523.114,380.469,513.935,343.122zM196.93,342.861c-16.914,0.0,-30.628,-13.777,-30.628,-30.628c0.0,-16.889,13.74,-30.629,30.628,-30.629c16.874,0.0,30.628,13.755,30.628,30.629C227.558,329.121,213.818,342.861,196.93,342.861zM332.456,342.861c-16.888,0.0,-30.628,-13.74,-30.628,-30.628c0.0,-16.891,13.77,-30.629,30.628,-30.629c16.889,0.0,30.629,13.74,30.629,30.629C363.084,329.058,349.394,342.861,332.456,342.861zM454.891,395.112c-15.81,3.888,-31.722,-3.305,-39.698,-16.295l-24.545,-39.966c3.7,-8.066,5.792,-17.345,5.792,-26.618c0.0,-35.281,-28.702,-63.984,-63.984,-63.984c-21.335,0.0,-41.009,10.709,-52.749,27.788H249.679c-11.639,-16.928,-31.265,-27.788,-52.749,-27.788c-35.281,0.0,-63.983,28.703,-63.983,63.984c0.0,5.775,0.809,11.631,2.277,16.954l-30.48,49.631c-7.966,12.972,-23.87,20.186,-39.699,16.295c-9.44,-2.32,-17.41,-8.178,-22.445,-16.493s-6.529,-18.094,-4.207,-27.534l39.021,-158.733c4.816,-19.595,18.231,-35.424,36.804,-43.428c6.115,-2.636,10.077,-8.657,10.077,-15.316v-5.89c0.0,-2.762,2.247,-5.009,5.009,-5.009h40.64c2.762,0.0,5.009,2.247,5.009,5.009v15.556c0.0,9.21,7.467,16.678,16.677,16.678h136.675c9.21,0.0,16.678,-7.467,16.678,-16.678v-15.556c0.0,-2.762,2.247,-5.009,5.009,-5.009h40.641c2.762,0.0,5.009,2.247,5.009,5.009v5.892c0.0,6.659,3.961,12.68,10.077,15.316c18.572,8.003,31.987,23.832,36.805,43.428l39.021,158.732C486.334,370.571,474.377,390.322,454.891,395.112z"">
   </path>
  </g>
 </g>
</svg>


Question: What is the shape of the buttons on the left side of the object?",Cross,Circle,Triangle,Square,A,entertainment
275,"Examine the following SVG code carefully and answer the question based on your interpretation of the rendered image.

<svg id=""Layer_1"" style=""enable-background:new 0 0 512 512;"" version=""1.1"" viewbox=""0 0 512 512"" x=""0px"" xml:space=""preserve"" y=""0px"">
 <g>
  <g>
   <circle cx=""389.176"" cy=""184.678"" r=""13.013"">
   </circle>
  </g>
 </g>
 <g>
  <g>
   <circle cx=""389.176"" cy=""231.664"" r=""13.013"">
   </circle>
  </g>
 </g>
 <g>
  <g>
   <circle cx=""412.669"" cy=""208.171"" r=""13.013"">
   </circle>
  </g>
 </g>
 <g>
  <g>
   <circle cx=""365.683"" cy=""208.171"" r=""13.013"">
   </circle>
  </g>
 </g>
 <g>
  <g>
   <path d=""M139.941,175.916h-16.656c-3.22,0.0,-5.83,2.611,-5.83,5.829v6.003c0.001,1.816,0.847,3.528,2.289,4.631l8.329,6.369c2.09,1.599,4.992,1.599,7.082,0.0l8.329,-6.369c1.442,-1.103,2.288,-2.815,2.288,-4.631v-6.003C145.772,178.525,143.161,175.916,139.941,175.916z"">
   </path>
  </g>
 </g>
 <g>
  <g>
   <path d=""M143.484,226.855l-8.329,-6.369c-2.09,-1.599,-4.992,-1.599,-7.082,0.0l-8.329,6.369c-1.442,1.103,-2.288,2.815,-2.288,4.631v6.003c0.0,3.22,2.611,5.829,5.83,5.829h16.656c3.22,0.0,5.831,-2.611,5.831,-5.829v-6.003C145.772,229.671,144.927,227.958,143.484,226.855z"">
   </path>
  </g>
 </g>
 <g>
  <g>
   <path d=""M159.486,195.458h-6.003c-1.816,0.0,-3.528,0.846,-4.631,2.288l-6.369,8.329c-1.599,2.09,-1.599,4.992,0.0,7.082l6.369,8.329c1.103,1.442,2.815,2.288,4.631,2.288h6.003c3.22,0.0,5.829,-2.611,5.829,-5.829v-16.656C165.317,198.069,162.706,195.458,159.486,195.458z"">
   </path>
  </g>
 </g>
 <g>
  <g>
   <path d=""M120.744,206.075l-6.369,-8.329c-1.103,-1.442,-2.815,-2.288,-4.631,-2.288h-6.003c-3.22,0.0,-5.831,2.611,-5.831,5.829v16.656c0.0,3.22,2.611,5.83,5.831,5.83h6.003c1.816,0.0,3.528,-0.846,4.631,-2.288l6.369,-8.329C122.343,211.069,122.343,208.166,120.744,206.075z"">
   </path>
  </g>
 </g>
 <g>
  <g>
   <path d=""M246.49,197.072h-42.332c-3.993,0.0,-7.228,3.237,-7.228,7.228v14.249c0.0,3.993,3.237,7.228,7.228,7.228h42.332c3.993,0.0,7.228,-3.237,7.228,-7.228v-14.249C253.719,200.307,250.482,197.072,246.49,197.072z"">
   </path>
  </g>
 </g>
 <g>
  <g>
   <path d=""M321.096,197.072h-42.332c-3.993,0.0,-7.228,3.237,-7.228,7.228v14.249c0.0,3.993,3.237,7.228,7.228,7.228h42.332c3.992,0.0,7.228,-3.237,7.228,-7.228v-14.249C328.325,200.307,325.089,197.072,321.096,197.072z"">
   </path>
  </g>
 </g>
 <g>
  <g>
   <path d=""M513.935,343.122l-39.021,-158.733c-6.456,-26.256,-23.039,-48.066,-46.185,-61.217c-2.256,-19.02,-18.481,-33.82,-38.097,-33.82h-40.641c-20.778,0.0,-37.751,16.606,-38.347,37.243H208.291c-0.596,-20.637,-17.569,-37.243,-38.348,-37.243h-40.64c-19.616,0.0,-35.841,14.8,-38.096,33.819c-23.146,13.152,-39.73,34.962,-46.185,61.218L6.003,343.122c-4.447,18.092,-1.583,36.832,8.064,52.77s24.924,27.164,43.016,31.612c30.182,7.418,60.737,-6.241,76.084,-31.229l21.922,-35.695c11.227,9.73,25.852,15.638,41.841,15.638c35.281,0.0,63.983,-28.702,63.983,-63.983c0.0,-0.953,-0.031,-1.898,-0.072,-2.841h7.704c-0.041,0.943,-0.072,1.888,-0.072,2.841c0.0,35.281,28.702,63.983,63.983,63.983c13.086,0.0,25.262,-3.956,35.41,-10.725l18.905,30.781c15.222,24.787,45.671,38.706,76.085,31.23C500.2,418.321,523.114,380.469,513.935,343.122zM196.93,342.861c-16.914,0.0,-30.628,-13.777,-30.628,-30.628c0.0,-16.889,13.74,-30.629,30.628,-30.629c16.874,0.0,30.628,13.755,30.628,30.629C227.558,329.121,213.818,342.861,196.93,342.861zM332.456,342.861c-16.888,0.0,-30.628,-13.74,-30.628,-30.628c0.0,-16.891,13.77,-30.629,30.628,-30.629c16.889,0.0,30.629,13.74,30.629,30.629C363.084,329.058,349.394,342.861,332.456,342.861zM454.891,395.112c-15.81,3.888,-31.722,-3.305,-39.698,-16.295l-24.545,-39.966c3.7,-8.066,5.792,-17.345,5.792,-26.618c0.0,-35.281,-28.702,-63.984,-63.984,-63.984c-21.335,0.0,-41.009,10.709,-52.749,27.788H249.679c-11.639,-16.928,-31.265,-27.788,-52.749,-27.788c-35.281,0.0,-63.983,28.703,-63.983,63.984c0.0,5.775,0.809,11.631,2.277,16.954l-30.48,49.631c-7.966,12.972,-23.87,20.186,-39.699,16.295c-9.44,-2.32,-17.41,-8.178,-22.445,-16.493s-6.529,-18.094,-4.207,-27.534l39.021,-158.733c4.816,-19.595,18.231,-35.424,36.804,-43.428c6.115,-2.636,10.077,-8.657,10.077,-15.316v-5.89c0.0,-2.762,2.247,-5.009,5.009,-5.009h40.64c2.762,0.0,5.009,2.247,5.009,5.009v15.556c0.0,9.21,7.467,16.678,16.677,16.678h136.675c9.21,0.0,16.678,-7.467,16.678,-16.678v-15.556c0.0,-2.762,2.247,-5.009,5.009,-5.009h40.641c2.762,0.0,5.009,2.247,5.009,5.009v5.892c0.0,6.659,3.961,12.68,10.077,15.316c18.572,8.003,31.987,23.832,36.805,43.428l39.021,158.732C486.334,370.571,474.377,390.322,454.891,395.112z"">
   </path>
  </g>
 </g>
</svg>


Question: What is the object in the image?",controller,Television,mouse,Keyboard,A,entertainment
284,"Examine the following SVG code carefully and answer the question based on your interpretation of the rendered image.

<svg id=""Capa_1"" style=""enable-background:new 0 0 407.98 407.98;"" version=""1.1"" viewbox=""0 0 407.98 407.98"" x=""0px"" xml:space=""preserve"" y=""0px"">
 <g>
  <path d=""M207.541,2.851C95.06,2.851,3.551,94.36,3.551,206.841s91.509,203.99,203.99,203.99c112.481,0.0,203.991,-91.51,203.991,-203.99S320.022,2.851,207.541,2.851zM207.541,398.831C101.677,398.831,15.551,312.704,15.551,206.841S101.677,14.851,207.541,14.851C313.405,14.851,399.531,100.977,399.531,206.841S313.405,398.831,207.541,398.831z"">
  </path>
  <path d=""M259.214,206.841c0.0,-28.492,-23.181,-51.673,-51.673,-51.673s-51.673,23.181,-51.673,51.673c0.0,28.493,23.18,51.674,51.673,51.674S259.214,235.334,259.214,206.841zM207.541,246.515c-21.875,0.0,-39.673,-17.798,-39.673,-39.674s17.797,-39.673,39.673,-39.673s39.673,17.797,39.673,39.673S229.416,246.515,207.541,246.515z"">
  </path>
  <path d=""M367.979,243.906c-0.003,-0.001,-0.011,-0.003,-0.012,-0.003c-40.522,-10.813,-84.104,0.869,-113.729,30.495c-25.502,25.501,-37.796,60.698,-33.73,96.568c0.0,0.001,0.001,0.002,0.001,0.003c0.0,0.002,0.0,0.003,0.0,0.005c0.351,3.061,2.945,5.317,5.953,5.317c0.229,0.0,0.46,-0.014,0.691,-0.04c34.175,-3.92,66.017,-17.946,92.083,-40.563c25.825,-22.407,44.145,-51.603,52.978,-84.431C373.075,248.059,371.179,244.768,367.979,243.906zM311.372,326.625c-22.665,19.665,-50.024,32.339,-79.457,36.878c-1.687,-30.075,9.357,-59.168,30.809,-80.62c25.154,-25.156,61.513,-35.896,96.169,-28.785C350.147,282.182,333.81,307.157,311.372,326.625z"">
  </path>
  <path d=""M47.113,243.903c-0.001,0.0,-0.002,0.001,-0.002,0.001c-0.003,0.001,-0.006,0.001,-0.009,0.002c-3.2,0.861,-5.096,4.153,-4.235,7.353c8.833,32.828,27.153,62.023,52.978,84.431c26.066,22.616,57.908,36.643,92.082,40.563c0.232,0.026,0.463,0.04,0.691,0.04c3.008,0.0,5.603,-2.258,5.954,-5.317c0.0,-0.002,0.0,-0.003,0.0,-0.005c0.0,-0.001,0.001,-0.002,0.001,-0.003c4.066,-35.869,-8.228,-71.067,-33.729,-96.568C131.217,244.772,87.639,233.087,47.113,243.903zM183.165,363.503c-29.433,-4.538,-56.792,-17.213,-79.456,-36.878c-22.438,-19.468,-38.776,-44.443,-47.521,-72.527c34.654,-7.111,71.014,3.63,96.17,28.785C173.809,304.334,184.853,333.429,183.165,363.503z"">
  </path>
  <path d=""M327.296,85.453c-32.111,-31.684,-74.642,-49.133,-119.756,-49.133S119.896,53.769,87.783,85.453c-32.08,31.652,-50.101,73.879,-50.743,118.901c-0.036,2.548,1.54,4.84,3.931,5.718c0.676,0.249,1.375,0.368,2.067,0.368c1.757,0.0,3.468,-0.772,4.63,-2.183c35.761,-43.36,95.526,-69.247,159.871,-69.247c64.345,0.0,124.109,25.887,159.871,69.247c1.621,1.966,4.306,2.691,6.697,1.814c2.392,-0.878,3.968,-3.17,3.931,-5.718C377.398,159.332,359.376,117.105,327.296,85.453zM207.54,127.011c-61.308,0.0,-118.816,22.444,-157.385,60.743c4.237,-35.489,20.255,-68.301,46.057,-93.759c29.852,-29.454,69.389,-45.675,111.329,-45.675s81.477,16.221,111.328,45.675c25.802,25.458,41.82,58.27,46.058,93.759C326.356,149.455,268.848,127.011,207.54,127.011z"">
  </path>
 </g>
</svg>


Question: How many circles are present in the image?",1,2,3,4,C,entertainment
285,"Examine the following SVG code carefully and answer the question based on your interpretation of the rendered image.

<svg id=""Capa_1"" style=""enable-background:new 0 0 407.98 407.98;"" version=""1.1"" viewbox=""0 0 407.98 407.98"" x=""0px"" xml:space=""preserve"" y=""0px"">
 <g>
  <path d=""M207.541,2.851C95.06,2.851,3.551,94.36,3.551,206.841s91.509,203.99,203.99,203.99c112.481,0.0,203.991,-91.51,203.991,-203.99S320.022,2.851,207.541,2.851zM207.541,398.831C101.677,398.831,15.551,312.704,15.551,206.841S101.677,14.851,207.541,14.851C313.405,14.851,399.531,100.977,399.531,206.841S313.405,398.831,207.541,398.831z"">
  </path>
  <path d=""M259.214,206.841c0.0,-28.492,-23.181,-51.673,-51.673,-51.673s-51.673,23.181,-51.673,51.673c0.0,28.493,23.18,51.674,51.673,51.674S259.214,235.334,259.214,206.841zM207.541,246.515c-21.875,0.0,-39.673,-17.798,-39.673,-39.674s17.797,-39.673,39.673,-39.673s39.673,17.797,39.673,39.673S229.416,246.515,207.541,246.515z"">
  </path>
  <path d=""M367.979,243.906c-0.003,-0.001,-0.011,-0.003,-0.012,-0.003c-40.522,-10.813,-84.104,0.869,-113.729,30.495c-25.502,25.501,-37.796,60.698,-33.73,96.568c0.0,0.001,0.001,0.002,0.001,0.003c0.0,0.002,0.0,0.003,0.0,0.005c0.351,3.061,2.945,5.317,5.953,5.317c0.229,0.0,0.46,-0.014,0.691,-0.04c34.175,-3.92,66.017,-17.946,92.083,-40.563c25.825,-22.407,44.145,-51.603,52.978,-84.431C373.075,248.059,371.179,244.768,367.979,243.906zM311.372,326.625c-22.665,19.665,-50.024,32.339,-79.457,36.878c-1.687,-30.075,9.357,-59.168,30.809,-80.62c25.154,-25.156,61.513,-35.896,96.169,-28.785C350.147,282.182,333.81,307.157,311.372,326.625z"">
  </path>
  <path d=""M47.113,243.903c-0.001,0.0,-0.002,0.001,-0.002,0.001c-0.003,0.001,-0.006,0.001,-0.009,0.002c-3.2,0.861,-5.096,4.153,-4.235,7.353c8.833,32.828,27.153,62.023,52.978,84.431c26.066,22.616,57.908,36.643,92.082,40.563c0.232,0.026,0.463,0.04,0.691,0.04c3.008,0.0,5.603,-2.258,5.954,-5.317c0.0,-0.002,0.0,-0.003,0.0,-0.005c0.0,-0.001,0.001,-0.002,0.001,-0.003c4.066,-35.869,-8.228,-71.067,-33.729,-96.568C131.217,244.772,87.639,233.087,47.113,243.903zM183.165,363.503c-29.433,-4.538,-56.792,-17.213,-79.456,-36.878c-22.438,-19.468,-38.776,-44.443,-47.521,-72.527c34.654,-7.111,71.014,3.63,96.17,28.785C173.809,304.334,184.853,333.429,183.165,363.503z"">
  </path>
  <path d=""M327.296,85.453c-32.111,-31.684,-74.642,-49.133,-119.756,-49.133S119.896,53.769,87.783,85.453c-32.08,31.652,-50.101,73.879,-50.743,118.901c-0.036,2.548,1.54,4.84,3.931,5.718c0.676,0.249,1.375,0.368,2.067,0.368c1.757,0.0,3.468,-0.772,4.63,-2.183c35.761,-43.36,95.526,-69.247,159.871,-69.247c64.345,0.0,124.109,25.887,159.871,69.247c1.621,1.966,4.306,2.691,6.697,1.814c2.392,-0.878,3.968,-3.17,3.931,-5.718C377.398,159.332,359.376,117.105,327.296,85.453zM207.54,127.011c-61.308,0.0,-118.816,22.444,-157.385,60.743c4.237,-35.489,20.255,-68.301,46.057,-93.759c29.852,-29.454,69.389,-45.675,111.329,-45.675s81.477,16.221,111.328,45.675c25.802,25.458,41.82,58.27,46.058,93.759C326.356,149.455,268.848,127.011,207.54,127.011z"">
  </path>
 </g>
</svg>


Question: What shape is formed by the three segments inside the outer circle?",Triangles,Squares,Rectangles,Semicircles,D,entertainment
286,"Examine the following SVG code carefully and answer the question based on your interpretation of the rendered image.

<svg id=""Capa_1"" style=""enable-background:new 0 0 407.98 407.98;"" version=""1.1"" viewbox=""0 0 407.98 407.98"" x=""0px"" xml:space=""preserve"" y=""0px"">
 <g>
  <path d=""M207.541,2.851C95.06,2.851,3.551,94.36,3.551,206.841s91.509,203.99,203.99,203.99c112.481,0.0,203.991,-91.51,203.991,-203.99S320.022,2.851,207.541,2.851zM207.541,398.831C101.677,398.831,15.551,312.704,15.551,206.841S101.677,14.851,207.541,14.851C313.405,14.851,399.531,100.977,399.531,206.841S313.405,398.831,207.541,398.831z"">
  </path>
  <path d=""M259.214,206.841c0.0,-28.492,-23.181,-51.673,-51.673,-51.673s-51.673,23.181,-51.673,51.673c0.0,28.493,23.18,51.674,51.673,51.674S259.214,235.334,259.214,206.841zM207.541,246.515c-21.875,0.0,-39.673,-17.798,-39.673,-39.674s17.797,-39.673,39.673,-39.673s39.673,17.797,39.673,39.673S229.416,246.515,207.541,246.515z"">
  </path>
  <path d=""M367.979,243.906c-0.003,-0.001,-0.011,-0.003,-0.012,-0.003c-40.522,-10.813,-84.104,0.869,-113.729,30.495c-25.502,25.501,-37.796,60.698,-33.73,96.568c0.0,0.001,0.001,0.002,0.001,0.003c0.0,0.002,0.0,0.003,0.0,0.005c0.351,3.061,2.945,5.317,5.953,5.317c0.229,0.0,0.46,-0.014,0.691,-0.04c34.175,-3.92,66.017,-17.946,92.083,-40.563c25.825,-22.407,44.145,-51.603,52.978,-84.431C373.075,248.059,371.179,244.768,367.979,243.906zM311.372,326.625c-22.665,19.665,-50.024,32.339,-79.457,36.878c-1.687,-30.075,9.357,-59.168,30.809,-80.62c25.154,-25.156,61.513,-35.896,96.169,-28.785C350.147,282.182,333.81,307.157,311.372,326.625z"">
  </path>
  <path d=""M47.113,243.903c-0.001,0.0,-0.002,0.001,-0.002,0.001c-0.003,0.001,-0.006,0.001,-0.009,0.002c-3.2,0.861,-5.096,4.153,-4.235,7.353c8.833,32.828,27.153,62.023,52.978,84.431c26.066,22.616,57.908,36.643,92.082,40.563c0.232,0.026,0.463,0.04,0.691,0.04c3.008,0.0,5.603,-2.258,5.954,-5.317c0.0,-0.002,0.0,-0.003,0.0,-0.005c0.0,-0.001,0.001,-0.002,0.001,-0.003c4.066,-35.869,-8.228,-71.067,-33.729,-96.568C131.217,244.772,87.639,233.087,47.113,243.903zM183.165,363.503c-29.433,-4.538,-56.792,-17.213,-79.456,-36.878c-22.438,-19.468,-38.776,-44.443,-47.521,-72.527c34.654,-7.111,71.014,3.63,96.17,28.785C173.809,304.334,184.853,333.429,183.165,363.503z"">
  </path>
  <path d=""M327.296,85.453c-32.111,-31.684,-74.642,-49.133,-119.756,-49.133S119.896,53.769,87.783,85.453c-32.08,31.652,-50.101,73.879,-50.743,118.901c-0.036,2.548,1.54,4.84,3.931,5.718c0.676,0.249,1.375,0.368,2.067,0.368c1.757,0.0,3.468,-0.772,4.63,-2.183c35.761,-43.36,95.526,-69.247,159.871,-69.247c64.345,0.0,124.109,25.887,159.871,69.247c1.621,1.966,4.306,2.691,6.697,1.814c2.392,-0.878,3.968,-3.17,3.931,-5.718C377.398,159.332,359.376,117.105,327.296,85.453zM207.54,127.011c-61.308,0.0,-118.816,22.444,-157.385,60.743c4.237,-35.489,20.255,-68.301,46.057,-93.759c29.852,-29.454,69.389,-45.675,111.329,-45.675s81.477,16.221,111.328,45.675c25.802,25.458,41.82,58.27,46.058,93.759C326.356,149.455,268.848,127.011,207.54,127.011z"">
  </path>
 </g>
</svg>


Question: What is the thickness of the lines in the image?",Thin,Medium,thick,Thick,D,entertainment
287,"Examine the following SVG code carefully and answer the question based on your interpretation of the rendered image.

<svg id=""Capa_1"" style=""enable-background:new 0 0 407.98 407.98;"" version=""1.1"" viewbox=""0 0 407.98 407.98"" x=""0px"" xml:space=""preserve"" y=""0px"">
 <g>
  <path d=""M207.541,2.851C95.06,2.851,3.551,94.36,3.551,206.841s91.509,203.99,203.99,203.99c112.481,0.0,203.991,-91.51,203.991,-203.99S320.022,2.851,207.541,2.851zM207.541,398.831C101.677,398.831,15.551,312.704,15.551,206.841S101.677,14.851,207.541,14.851C313.405,14.851,399.531,100.977,399.531,206.841S313.405,398.831,207.541,398.831z"">
  </path>
  <path d=""M259.214,206.841c0.0,-28.492,-23.181,-51.673,-51.673,-51.673s-51.673,23.181,-51.673,51.673c0.0,28.493,23.18,51.674,51.673,51.674S259.214,235.334,259.214,206.841zM207.541,246.515c-21.875,0.0,-39.673,-17.798,-39.673,-39.674s17.797,-39.673,39.673,-39.673s39.673,17.797,39.673,39.673S229.416,246.515,207.541,246.515z"">
  </path>
  <path d=""M367.979,243.906c-0.003,-0.001,-0.011,-0.003,-0.012,-0.003c-40.522,-10.813,-84.104,0.869,-113.729,30.495c-25.502,25.501,-37.796,60.698,-33.73,96.568c0.0,0.001,0.001,0.002,0.001,0.003c0.0,0.002,0.0,0.003,0.0,0.005c0.351,3.061,2.945,5.317,5.953,5.317c0.229,0.0,0.46,-0.014,0.691,-0.04c34.175,-3.92,66.017,-17.946,92.083,-40.563c25.825,-22.407,44.145,-51.603,52.978,-84.431C373.075,248.059,371.179,244.768,367.979,243.906zM311.372,326.625c-22.665,19.665,-50.024,32.339,-79.457,36.878c-1.687,-30.075,9.357,-59.168,30.809,-80.62c25.154,-25.156,61.513,-35.896,96.169,-28.785C350.147,282.182,333.81,307.157,311.372,326.625z"">
  </path>
  <path d=""M47.113,243.903c-0.001,0.0,-0.002,0.001,-0.002,0.001c-0.003,0.001,-0.006,0.001,-0.009,0.002c-3.2,0.861,-5.096,4.153,-4.235,7.353c8.833,32.828,27.153,62.023,52.978,84.431c26.066,22.616,57.908,36.643,92.082,40.563c0.232,0.026,0.463,0.04,0.691,0.04c3.008,0.0,5.603,-2.258,5.954,-5.317c0.0,-0.002,0.0,-0.003,0.0,-0.005c0.0,-0.001,0.001,-0.002,0.001,-0.003c4.066,-35.869,-8.228,-71.067,-33.729,-96.568C131.217,244.772,87.639,233.087,47.113,243.903zM183.165,363.503c-29.433,-4.538,-56.792,-17.213,-79.456,-36.878c-22.438,-19.468,-38.776,-44.443,-47.521,-72.527c34.654,-7.111,71.014,3.63,96.17,28.785C173.809,304.334,184.853,333.429,183.165,363.503z"">
  </path>
  <path d=""M327.296,85.453c-32.111,-31.684,-74.642,-49.133,-119.756,-49.133S119.896,53.769,87.783,85.453c-32.08,31.652,-50.101,73.879,-50.743,118.901c-0.036,2.548,1.54,4.84,3.931,5.718c0.676,0.249,1.375,0.368,2.067,0.368c1.757,0.0,3.468,-0.772,4.63,-2.183c35.761,-43.36,95.526,-69.247,159.871,-69.247c64.345,0.0,124.109,25.887,159.871,69.247c1.621,1.966,4.306,2.691,6.697,1.814c2.392,-0.878,3.968,-3.17,3.931,-5.718C377.398,159.332,359.376,117.105,327.296,85.453zM207.54,127.011c-61.308,0.0,-118.816,22.444,-157.385,60.743c4.237,-35.489,20.255,-68.301,46.057,-93.759c29.852,-29.454,69.389,-45.675,111.329,-45.675s81.477,16.221,111.328,45.675c25.802,25.458,41.82,58.27,46.058,93.759C326.356,149.455,268.848,127.011,207.54,127.011z"">
  </path>
 </g>
</svg>


Question: What does the whole object in the image represent?",clock,wheel,flower,target,B,entertainment
304,"Examine the following SVG code carefully and answer the question based on your interpretation of the rendered image.

<svg id=""Layer_1"" style=""enable-background:new 0 0 297.001 297.001;"" version=""1.1"" viewbox=""0 0 297.001 297.001"" x=""0px"" xml:space=""preserve"" y=""0px"">
 <g>
  <g>
   <path d=""M272.246,170.163c-4.043,0.0,-7.81,-2.557,-9.163,-6.6l-18.323,-54.786c-5.82,-17.399,-22.056,-29.089,-40.403,-29.089H98.061c-18.347,0.0,-34.583,11.69,-40.403,29.089l-18.323,54.786c-1.694,5.06,-7.169,7.787,-12.229,6.099c-5.061,-1.693,-7.791,-7.168,-6.099,-12.229l18.323,-54.786c8.46,-25.291,32.062,-42.284,58.731,-42.284h106.295c26.669,0.0,50.271,16.993,58.731,42.284l18.323,54.786c1.693,5.062,-1.038,10.537,-6.099,12.229C274.295,170.001,273.262,170.163,272.246,170.163z"" style=""fill:#8C9496;"">
   </path>
  </g>
  <g>
   <path d=""M173.015,167.056l19.292,45.998c8.105,19.324,-3.682,42.061,-21.806,42.061h-38.585c-18.123,0.0,-29.91,-22.737,-21.806,-42.061l19.292,-45.998C138.388,145.635,164.03,145.635,173.015,167.056z"" style=""fill:#A1BEB9;"">
   </path>
  </g>
  <g>
   <path d=""M192.307,213.055l-19.292,-45.998c-4.375,-10.431,-12.699,-15.767,-21.127,-16.04v104.1h18.614C188.624,255.116,200.412,232.379,192.307,213.055z"" style=""fill:#86A8A1;"">
   </path>
  </g>
  <g>
   <g>
    <path d=""M205.556,242.022c-15.499,0.0,-29.207,-9.879,-34.107,-24.583l-12.267,-36.801c-1.146,-3.437,-4.35,-5.746,-7.972,-5.746c-3.623,0.0,-6.826,2.309,-7.972,5.746l-12.267,36.801c-4.901,14.704,-18.608,24.583,-34.107,24.583H45.781c-19.824,0.0,-35.952,-16.128,-35.952,-35.952v-35.077c0.0,-24.21,19.696,-43.906,43.905,-43.906h194.949c24.21,0.0,43.906,19.696,43.906,43.906v35.077c0.0,19.824,-16.128,35.952,-35.952,35.952H205.556z"" style=""fill:#297CCE;"">
    </path>
   </g>
   <g>
    <path d=""M88.22,127.088L22.319,233.277c6.302,5.442,14.501,8.745,23.462,8.745h32.355l62.001,-114.935L88.22,127.088L88.22,127.088z"" style=""fill:#559DD8;"">
    </path>
   </g>
   <g>
    <path d=""M248.683,127.088h-97.813v47.832c0.114,-0.005,0.224,-0.027,0.339,-0.027c3.623,0.0,6.826,2.309,7.972,5.746l12.267,36.801c4.901,14.704,18.608,24.583,34.107,24.583h51.082c19.824,0.0,35.952,-16.128,35.952,-35.952v-35.077C292.589,146.783,272.893,127.088,248.683,127.088z"" style=""fill:#0F68B2;"">
    </path>
   </g>
   <path d=""M295.877,151.618c-5.463,-14.654,-19.843,-59.327,-19.843,-59.327c-9.359,-27.984,-35.471,-46.785,-64.978,-46.785H91.362c-29.507,0.0,-55.619,18.801,-64.978,46.784c0.0,0.0,-14.38,44.674,-19.843,59.328C4.282,157.677,2.709,164.137,2.709,170.993v35.077c0.0,23.75,19.322,43.072,43.072,43.072h51.082c18.569,0.0,34.99,-11.836,40.862,-29.451l12.267,-36.801c0.175,-0.525,0.664,-0.878,1.217,-0.878s1.043,0.353,1.218,0.878l12.267,36.801c5.872,17.616,22.293,29.451,40.862,29.451h51.082c23.75,0.0,43.072,-19.322,43.072,-43.072v-35.077C299.709,164.137,298.136,157.676,295.877,151.618zM44.712,98.419c6.719,-20.09,25.466,-33.588,46.65,-33.588h119.695c21.184,0.0,39.931,13.498,46.65,33.589l8.211,24.55c-5.386,-1.939,-11.188,-3.002,-17.233,-3.002H53.735c-6.046,0.0,-11.847,1.063,-17.234,3.002L44.712,98.419zM285.469,206.071c0.0,15.924,-12.909,28.832,-28.832,28.832h-51.082c-12.41,0.0,-23.428,-7.941,-27.353,-19.715l-12.267,-36.801c-2.113,-6.339,-8.045,-10.614,-14.726,-10.614s-12.614,4.276,-14.726,10.614l-12.267,36.801c-3.924,11.773,-14.942,19.715,-27.353,19.715H45.781c-15.924,0.0,-28.832,-12.909,-28.832,-28.832v-35.077c0.0,-20.316,16.47,-36.786,36.786,-36.786h194.949c20.316,0.0,36.786,16.47,36.786,36.786v35.077H285.469z"" style=""fill:#313052;"">
   </path>
  </g>
 </g>
</svg>


Question: What is the primary color of the lenses in the object?",Red,Green,Yellow,Blue,D,entertainment
305,"Examine the following SVG code carefully and answer the question based on your interpretation of the rendered image.

<svg id=""Layer_1"" style=""enable-background:new 0 0 297.001 297.001;"" version=""1.1"" viewbox=""0 0 297.001 297.001"" x=""0px"" xml:space=""preserve"" y=""0px"">
 <g>
  <g>
   <path d=""M272.246,170.163c-4.043,0.0,-7.81,-2.557,-9.163,-6.6l-18.323,-54.786c-5.82,-17.399,-22.056,-29.089,-40.403,-29.089H98.061c-18.347,0.0,-34.583,11.69,-40.403,29.089l-18.323,54.786c-1.694,5.06,-7.169,7.787,-12.229,6.099c-5.061,-1.693,-7.791,-7.168,-6.099,-12.229l18.323,-54.786c8.46,-25.291,32.062,-42.284,58.731,-42.284h106.295c26.669,0.0,50.271,16.993,58.731,42.284l18.323,54.786c1.693,5.062,-1.038,10.537,-6.099,12.229C274.295,170.001,273.262,170.163,272.246,170.163z"" style=""fill:#8C9496;"">
   </path>
  </g>
  <g>
   <path d=""M173.015,167.056l19.292,45.998c8.105,19.324,-3.682,42.061,-21.806,42.061h-38.585c-18.123,0.0,-29.91,-22.737,-21.806,-42.061l19.292,-45.998C138.388,145.635,164.03,145.635,173.015,167.056z"" style=""fill:#A1BEB9;"">
   </path>
  </g>
  <g>
   <path d=""M192.307,213.055l-19.292,-45.998c-4.375,-10.431,-12.699,-15.767,-21.127,-16.04v104.1h18.614C188.624,255.116,200.412,232.379,192.307,213.055z"" style=""fill:#86A8A1;"">
   </path>
  </g>
  <g>
   <g>
    <path d=""M205.556,242.022c-15.499,0.0,-29.207,-9.879,-34.107,-24.583l-12.267,-36.801c-1.146,-3.437,-4.35,-5.746,-7.972,-5.746c-3.623,0.0,-6.826,2.309,-7.972,5.746l-12.267,36.801c-4.901,14.704,-18.608,24.583,-34.107,24.583H45.781c-19.824,0.0,-35.952,-16.128,-35.952,-35.952v-35.077c0.0,-24.21,19.696,-43.906,43.905,-43.906h194.949c24.21,0.0,43.906,19.696,43.906,43.906v35.077c0.0,19.824,-16.128,35.952,-35.952,35.952H205.556z"" style=""fill:#297CCE;"">
    </path>
   </g>
   <g>
    <path d=""M88.22,127.088L22.319,233.277c6.302,5.442,14.501,8.745,23.462,8.745h32.355l62.001,-114.935L88.22,127.088L88.22,127.088z"" style=""fill:#559DD8;"">
    </path>
   </g>
   <g>
    <path d=""M248.683,127.088h-97.813v47.832c0.114,-0.005,0.224,-0.027,0.339,-0.027c3.623,0.0,6.826,2.309,7.972,5.746l12.267,36.801c4.901,14.704,18.608,24.583,34.107,24.583h51.082c19.824,0.0,35.952,-16.128,35.952,-35.952v-35.077C292.589,146.783,272.893,127.088,248.683,127.088z"" style=""fill:#0F68B2;"">
    </path>
   </g>
   <path d=""M295.877,151.618c-5.463,-14.654,-19.843,-59.327,-19.843,-59.327c-9.359,-27.984,-35.471,-46.785,-64.978,-46.785H91.362c-29.507,0.0,-55.619,18.801,-64.978,46.784c0.0,0.0,-14.38,44.674,-19.843,59.328C4.282,157.677,2.709,164.137,2.709,170.993v35.077c0.0,23.75,19.322,43.072,43.072,43.072h51.082c18.569,0.0,34.99,-11.836,40.862,-29.451l12.267,-36.801c0.175,-0.525,0.664,-0.878,1.217,-0.878s1.043,0.353,1.218,0.878l12.267,36.801c5.872,17.616,22.293,29.451,40.862,29.451h51.082c23.75,0.0,43.072,-19.322,43.072,-43.072v-35.077C299.709,164.137,298.136,157.676,295.877,151.618zM44.712,98.419c6.719,-20.09,25.466,-33.588,46.65,-33.588h119.695c21.184,0.0,39.931,13.498,46.65,33.589l8.211,24.55c-5.386,-1.939,-11.188,-3.002,-17.233,-3.002H53.735c-6.046,0.0,-11.847,1.063,-17.234,3.002L44.712,98.419zM285.469,206.071c0.0,15.924,-12.909,28.832,-28.832,28.832h-51.082c-12.41,0.0,-23.428,-7.941,-27.353,-19.715l-12.267,-36.801c-2.113,-6.339,-8.045,-10.614,-14.726,-10.614s-12.614,4.276,-14.726,10.614l-12.267,36.801c-3.924,11.773,-14.942,19.715,-27.353,19.715H45.781c-15.924,0.0,-28.832,-12.909,-28.832,-28.832v-35.077c0.0,-20.316,16.47,-36.786,36.786,-36.786h194.949c20.316,0.0,36.786,16.47,36.786,36.786v35.077H285.469z"" style=""fill:#313052;"">
   </path>
  </g>
 </g>
</svg>


Question: What shape best describes the overall outline of the object?",Circle,Square,Rectangle,Oval,D,entertainment
306,"Examine the following SVG code carefully and answer the question based on your interpretation of the rendered image.

<svg id=""Layer_1"" style=""enable-background:new 0 0 297.001 297.001;"" version=""1.1"" viewbox=""0 0 297.001 297.001"" x=""0px"" xml:space=""preserve"" y=""0px"">
 <g>
  <g>
   <path d=""M272.246,170.163c-4.043,0.0,-7.81,-2.557,-9.163,-6.6l-18.323,-54.786c-5.82,-17.399,-22.056,-29.089,-40.403,-29.089H98.061c-18.347,0.0,-34.583,11.69,-40.403,29.089l-18.323,54.786c-1.694,5.06,-7.169,7.787,-12.229,6.099c-5.061,-1.693,-7.791,-7.168,-6.099,-12.229l18.323,-54.786c8.46,-25.291,32.062,-42.284,58.731,-42.284h106.295c26.669,0.0,50.271,16.993,58.731,42.284l18.323,54.786c1.693,5.062,-1.038,10.537,-6.099,12.229C274.295,170.001,273.262,170.163,272.246,170.163z"" style=""fill:#8C9496;"">
   </path>
  </g>
  <g>
   <path d=""M173.015,167.056l19.292,45.998c8.105,19.324,-3.682,42.061,-21.806,42.061h-38.585c-18.123,0.0,-29.91,-22.737,-21.806,-42.061l19.292,-45.998C138.388,145.635,164.03,145.635,173.015,167.056z"" style=""fill:#A1BEB9;"">
   </path>
  </g>
  <g>
   <path d=""M192.307,213.055l-19.292,-45.998c-4.375,-10.431,-12.699,-15.767,-21.127,-16.04v104.1h18.614C188.624,255.116,200.412,232.379,192.307,213.055z"" style=""fill:#86A8A1;"">
   </path>
  </g>
  <g>
   <g>
    <path d=""M205.556,242.022c-15.499,0.0,-29.207,-9.879,-34.107,-24.583l-12.267,-36.801c-1.146,-3.437,-4.35,-5.746,-7.972,-5.746c-3.623,0.0,-6.826,2.309,-7.972,5.746l-12.267,36.801c-4.901,14.704,-18.608,24.583,-34.107,24.583H45.781c-19.824,0.0,-35.952,-16.128,-35.952,-35.952v-35.077c0.0,-24.21,19.696,-43.906,43.905,-43.906h194.949c24.21,0.0,43.906,19.696,43.906,43.906v35.077c0.0,19.824,-16.128,35.952,-35.952,35.952H205.556z"" style=""fill:#297CCE;"">
    </path>
   </g>
   <g>
    <path d=""M88.22,127.088L22.319,233.277c6.302,5.442,14.501,8.745,23.462,8.745h32.355l62.001,-114.935L88.22,127.088L88.22,127.088z"" style=""fill:#559DD8;"">
    </path>
   </g>
   <g>
    <path d=""M248.683,127.088h-97.813v47.832c0.114,-0.005,0.224,-0.027,0.339,-0.027c3.623,0.0,6.826,2.309,7.972,5.746l12.267,36.801c4.901,14.704,18.608,24.583,34.107,24.583h51.082c19.824,0.0,35.952,-16.128,35.952,-35.952v-35.077C292.589,146.783,272.893,127.088,248.683,127.088z"" style=""fill:#0F68B2;"">
    </path>
   </g>
   <path d=""M295.877,151.618c-5.463,-14.654,-19.843,-59.327,-19.843,-59.327c-9.359,-27.984,-35.471,-46.785,-64.978,-46.785H91.362c-29.507,0.0,-55.619,18.801,-64.978,46.784c0.0,0.0,-14.38,44.674,-19.843,59.328C4.282,157.677,2.709,164.137,2.709,170.993v35.077c0.0,23.75,19.322,43.072,43.072,43.072h51.082c18.569,0.0,34.99,-11.836,40.862,-29.451l12.267,-36.801c0.175,-0.525,0.664,-0.878,1.217,-0.878s1.043,0.353,1.218,0.878l12.267,36.801c5.872,17.616,22.293,29.451,40.862,29.451h51.082c23.75,0.0,43.072,-19.322,43.072,-43.072v-35.077C299.709,164.137,298.136,157.676,295.877,151.618zM44.712,98.419c6.719,-20.09,25.466,-33.588,46.65,-33.588h119.695c21.184,0.0,39.931,13.498,46.65,33.589l8.211,24.55c-5.386,-1.939,-11.188,-3.002,-17.233,-3.002H53.735c-6.046,0.0,-11.847,1.063,-17.234,3.002L44.712,98.419zM285.469,206.071c0.0,15.924,-12.909,28.832,-28.832,28.832h-51.082c-12.41,0.0,-23.428,-7.941,-27.353,-19.715l-12.267,-36.801c-2.113,-6.339,-8.045,-10.614,-14.726,-10.614s-12.614,4.276,-14.726,10.614l-12.267,36.801c-3.924,11.773,-14.942,19.715,-27.353,19.715H45.781c-15.924,0.0,-28.832,-12.909,-28.832,-28.832v-35.077c0.0,-20.316,16.47,-36.786,36.786,-36.786h194.949c20.316,0.0,36.786,16.47,36.786,36.786v35.077H285.469z"" style=""fill:#313052;"">
   </path>
  </g>
 </g>
</svg>


Question: What is the color of the frame surrounding the lenses?",Gray,Black,Blue,White,A,entertainment
307,"Examine the following SVG code carefully and answer the question based on your interpretation of the rendered image.

<svg id=""Layer_1"" style=""enable-background:new 0 0 297.001 297.001;"" version=""1.1"" viewbox=""0 0 297.001 297.001"" x=""0px"" xml:space=""preserve"" y=""0px"">
 <g>
  <g>
   <path d=""M272.246,170.163c-4.043,0.0,-7.81,-2.557,-9.163,-6.6l-18.323,-54.786c-5.82,-17.399,-22.056,-29.089,-40.403,-29.089H98.061c-18.347,0.0,-34.583,11.69,-40.403,29.089l-18.323,54.786c-1.694,5.06,-7.169,7.787,-12.229,6.099c-5.061,-1.693,-7.791,-7.168,-6.099,-12.229l18.323,-54.786c8.46,-25.291,32.062,-42.284,58.731,-42.284h106.295c26.669,0.0,50.271,16.993,58.731,42.284l18.323,54.786c1.693,5.062,-1.038,10.537,-6.099,12.229C274.295,170.001,273.262,170.163,272.246,170.163z"" style=""fill:#8C9496;"">
   </path>
  </g>
  <g>
   <path d=""M173.015,167.056l19.292,45.998c8.105,19.324,-3.682,42.061,-21.806,42.061h-38.585c-18.123,0.0,-29.91,-22.737,-21.806,-42.061l19.292,-45.998C138.388,145.635,164.03,145.635,173.015,167.056z"" style=""fill:#A1BEB9;"">
   </path>
  </g>
  <g>
   <path d=""M192.307,213.055l-19.292,-45.998c-4.375,-10.431,-12.699,-15.767,-21.127,-16.04v104.1h18.614C188.624,255.116,200.412,232.379,192.307,213.055z"" style=""fill:#86A8A1;"">
   </path>
  </g>
  <g>
   <g>
    <path d=""M205.556,242.022c-15.499,0.0,-29.207,-9.879,-34.107,-24.583l-12.267,-36.801c-1.146,-3.437,-4.35,-5.746,-7.972,-5.746c-3.623,0.0,-6.826,2.309,-7.972,5.746l-12.267,36.801c-4.901,14.704,-18.608,24.583,-34.107,24.583H45.781c-19.824,0.0,-35.952,-16.128,-35.952,-35.952v-35.077c0.0,-24.21,19.696,-43.906,43.905,-43.906h194.949c24.21,0.0,43.906,19.696,43.906,43.906v35.077c0.0,19.824,-16.128,35.952,-35.952,35.952H205.556z"" style=""fill:#297CCE;"">
    </path>
   </g>
   <g>
    <path d=""M88.22,127.088L22.319,233.277c6.302,5.442,14.501,8.745,23.462,8.745h32.355l62.001,-114.935L88.22,127.088L88.22,127.088z"" style=""fill:#559DD8;"">
    </path>
   </g>
   <g>
    <path d=""M248.683,127.088h-97.813v47.832c0.114,-0.005,0.224,-0.027,0.339,-0.027c3.623,0.0,6.826,2.309,7.972,5.746l12.267,36.801c4.901,14.704,18.608,24.583,34.107,24.583h51.082c19.824,0.0,35.952,-16.128,35.952,-35.952v-35.077C292.589,146.783,272.893,127.088,248.683,127.088z"" style=""fill:#0F68B2;"">
    </path>
   </g>
   <path d=""M295.877,151.618c-5.463,-14.654,-19.843,-59.327,-19.843,-59.327c-9.359,-27.984,-35.471,-46.785,-64.978,-46.785H91.362c-29.507,0.0,-55.619,18.801,-64.978,46.784c0.0,0.0,-14.38,44.674,-19.843,59.328C4.282,157.677,2.709,164.137,2.709,170.993v35.077c0.0,23.75,19.322,43.072,43.072,43.072h51.082c18.569,0.0,34.99,-11.836,40.862,-29.451l12.267,-36.801c0.175,-0.525,0.664,-0.878,1.217,-0.878s1.043,0.353,1.218,0.878l12.267,36.801c5.872,17.616,22.293,29.451,40.862,29.451h51.082c23.75,0.0,43.072,-19.322,43.072,-43.072v-35.077C299.709,164.137,298.136,157.676,295.877,151.618zM44.712,98.419c6.719,-20.09,25.466,-33.588,46.65,-33.588h119.695c21.184,0.0,39.931,13.498,46.65,33.589l8.211,24.55c-5.386,-1.939,-11.188,-3.002,-17.233,-3.002H53.735c-6.046,0.0,-11.847,1.063,-17.234,3.002L44.712,98.419zM285.469,206.071c0.0,15.924,-12.909,28.832,-28.832,28.832h-51.082c-12.41,0.0,-23.428,-7.941,-27.353,-19.715l-12.267,-36.801c-2.113,-6.339,-8.045,-10.614,-14.726,-10.614s-12.614,4.276,-14.726,10.614l-12.267,36.801c-3.924,11.773,-14.942,19.715,-27.353,19.715H45.781c-15.924,0.0,-28.832,-12.909,-28.832,-28.832v-35.077c0.0,-20.316,16.47,-36.786,36.786,-36.786h194.949c20.316,0.0,36.786,16.47,36.786,36.786v35.077H285.469z"" style=""fill:#313052;"">
   </path>
  </g>
 </g>
</svg>


Question: What type of object is depicted in the image?",goggles,headset,Sunglasses,glasses,A,entertainment
312,"Examine the following SVG code carefully and answer the question based on your interpretation of the rendered image.

<svg id=""Layer_1"" style=""enable-background:new 0 0 480 480;"" version=""1.1"" viewbox=""0 0 480 480"" x=""0px"" xml:space=""preserve"" y=""0px"">
 <g>
  <g>
   <path d=""M399.267,251.615C402.235,250.447,404.339,247.591,404.339,244.207V60.207c0.0,-3.464,-2.224,-6.528,-5.504,-7.6c-3.296,-1.08,-6.888,0.08,-8.944,2.872L310.579,163.623L251.819,9.359C250.635,6.255,247.659,4.207,244.339,4.207s-6.296,2.048,-7.48,5.152l-58.76,154.264L98.795,55.479C96.739,52.687,93.139,51.519,89.843,52.607C86.563,53.679,84.339,56.743,84.339,60.207v184.0c0.0,3.376,2.104,6.24,5.072,7.408C80.763,272.175,76.339,293.847,76.339,316.207c0.0,92.64,75.368,168.0,168.0,168.0s168.0,-75.36,168.0,-168.0C412.339,293.847,407.915,272.175,399.267,251.615zM393.123,285.655L348.339,263.263V252.207h33.744C387.131,263.015,390.755,274.207,393.123,285.655zM100.339,84.647l73.544,100.296c1.736,2.352,4.56,3.568,7.52,3.2c2.904,-0.392,5.36,-2.344,6.408,-5.08L244.339,34.679l56.52,148.376c1.048,2.736,3.504,4.688,6.408,5.08c2.968,0.384,5.792,-0.84,7.52,-3.2L388.339,84.647V236.207h-1.256H101.595H100.339V84.647zM244.339,277.151l38.832,19.416L269.923,356.207h-51.168l-13.248,-59.64L244.339,277.151zM196.339,283.263l-40.0,-20.0V252.207h80.0v11.056L196.339,283.263zM252.339,263.263V252.207h80.0v11.056l-40.0,20.0L252.339,263.263zM106.595,252.207H140.339v11.056l-44.784,22.392C97.931,274.207,101.547,263.015,106.595,252.207zM166.019,446.231c-17.848,-10.792,-33.304,-25.088,-45.384,-42.024h50.64L166.019,446.231zM110.523,388.207C98.939,366.759,92.339,342.247,92.339,316.207c0.0,-3.824,0.336,-7.584,0.616,-11.36L148.339,277.151l41.016,20.504l14.224,64.0L177.027,388.207H110.523zM244.339,468.207c-22.568,0.0,-43.92,-5.08,-63.2,-13.936l6.792,-54.352L215.651,372.207h57.376l27.712,27.712l6.792,54.352C288.259,463.127,266.907,468.207,244.339,468.207zM322.651,446.231L317.403,404.207h50.64C355.963,421.143,340.507,435.439,322.651,446.231zM378.155,388.207h-66.504l-26.552,-26.552l14.224,-64.0L340.339,277.151l55.384,27.688c0.28,3.784,0.616,7.544,0.616,11.368C396.339,342.247,389.739,366.759,378.155,388.207z"">
   </path>
  </g>
 </g>
 <g>
  <g>
   <path d=""M244.339,124.207c-13.464,0.0,-24.0,14.056,-24.0,32.0c0.0,17.944,10.536,32.0,24.0,32.0s24.0,-14.056,24.0,-32.0C268.339,138.263,257.803,124.207,244.339,124.207zM244.339,172.207c-3.264,0.0,-8.0,-6.232,-8.0,-16.0s4.736,-16.0,8.0,-16.0c3.264,0.0,8.0,6.232,8.0,16.0S247.603,172.207,244.339,172.207z"">
   </path>
  </g>
 </g>
 <g>
  <g>
   <rect height=""16"" width=""16"" x=""260.339"" y=""204.207"">
   </rect>
  </g>
 </g>
 <g>
  <g>
   <rect height=""16"" width=""16"" x=""292.339"" y=""204.207"">
   </rect>
  </g>
 </g>
 <g>
  <g>
   <rect height=""16"" width=""16"" x=""324.339"" y=""204.207"">
   </rect>
  </g>
 </g>
 <g>
  <g>
   <rect height=""16"" width=""16"" x=""356.339"" y=""204.207"">
   </rect>
  </g>
 </g>
 <g>
  <g>
   <rect height=""16"" width=""16"" x=""116.339"" y=""204.207"">
   </rect>
  </g>
 </g>
 <g>
  <g>
   <rect height=""16"" width=""16"" x=""148.339"" y=""204.207"">
   </rect>
  </g>
 </g>
 <g>
  <g>
   <rect height=""16"" width=""16"" x=""180.339"" y=""204.207"">
   </rect>
  </g>
 </g>
 <g>
  <g>
   <rect height=""16"" width=""16"" x=""212.339"" y=""204.207"">
   </rect>
  </g>
 </g>
</svg>


Question: What shape is at the bottom of the object?",Square,Circle,Triangle,Hexagon,B,entertainment
313,"Examine the following SVG code carefully and answer the question based on your interpretation of the rendered image.

<svg id=""Layer_1"" style=""enable-background:new 0 0 480 480;"" version=""1.1"" viewbox=""0 0 480 480"" x=""0px"" xml:space=""preserve"" y=""0px"">
 <g>
  <g>
   <path d=""M399.267,251.615C402.235,250.447,404.339,247.591,404.339,244.207V60.207c0.0,-3.464,-2.224,-6.528,-5.504,-7.6c-3.296,-1.08,-6.888,0.08,-8.944,2.872L310.579,163.623L251.819,9.359C250.635,6.255,247.659,4.207,244.339,4.207s-6.296,2.048,-7.48,5.152l-58.76,154.264L98.795,55.479C96.739,52.687,93.139,51.519,89.843,52.607C86.563,53.679,84.339,56.743,84.339,60.207v184.0c0.0,3.376,2.104,6.24,5.072,7.408C80.763,272.175,76.339,293.847,76.339,316.207c0.0,92.64,75.368,168.0,168.0,168.0s168.0,-75.36,168.0,-168.0C412.339,293.847,407.915,272.175,399.267,251.615zM393.123,285.655L348.339,263.263V252.207h33.744C387.131,263.015,390.755,274.207,393.123,285.655zM100.339,84.647l73.544,100.296c1.736,2.352,4.56,3.568,7.52,3.2c2.904,-0.392,5.36,-2.344,6.408,-5.08L244.339,34.679l56.52,148.376c1.048,2.736,3.504,4.688,6.408,5.08c2.968,0.384,5.792,-0.84,7.52,-3.2L388.339,84.647V236.207h-1.256H101.595H100.339V84.647zM244.339,277.151l38.832,19.416L269.923,356.207h-51.168l-13.248,-59.64L244.339,277.151zM196.339,283.263l-40.0,-20.0V252.207h80.0v11.056L196.339,283.263zM252.339,263.263V252.207h80.0v11.056l-40.0,20.0L252.339,263.263zM106.595,252.207H140.339v11.056l-44.784,22.392C97.931,274.207,101.547,263.015,106.595,252.207zM166.019,446.231c-17.848,-10.792,-33.304,-25.088,-45.384,-42.024h50.64L166.019,446.231zM110.523,388.207C98.939,366.759,92.339,342.247,92.339,316.207c0.0,-3.824,0.336,-7.584,0.616,-11.36L148.339,277.151l41.016,20.504l14.224,64.0L177.027,388.207H110.523zM244.339,468.207c-22.568,0.0,-43.92,-5.08,-63.2,-13.936l6.792,-54.352L215.651,372.207h57.376l27.712,27.712l6.792,54.352C288.259,463.127,266.907,468.207,244.339,468.207zM322.651,446.231L317.403,404.207h50.64C355.963,421.143,340.507,435.439,322.651,446.231zM378.155,388.207h-66.504l-26.552,-26.552l14.224,-64.0L340.339,277.151l55.384,27.688c0.28,3.784,0.616,7.544,0.616,11.368C396.339,342.247,389.739,366.759,378.155,388.207z"">
   </path>
  </g>
 </g>
 <g>
  <g>
   <path d=""M244.339,124.207c-13.464,0.0,-24.0,14.056,-24.0,32.0c0.0,17.944,10.536,32.0,24.0,32.0s24.0,-14.056,24.0,-32.0C268.339,138.263,257.803,124.207,244.339,124.207zM244.339,172.207c-3.264,0.0,-8.0,-6.232,-8.0,-16.0s4.736,-16.0,8.0,-16.0c3.264,0.0,8.0,6.232,8.0,16.0S247.603,172.207,244.339,172.207z"">
   </path>
  </g>
 </g>
 <g>
  <g>
   <rect height=""16"" width=""16"" x=""260.339"" y=""204.207"">
   </rect>
  </g>
 </g>
 <g>
  <g>
   <rect height=""16"" width=""16"" x=""292.339"" y=""204.207"">
   </rect>
  </g>
 </g>
 <g>
  <g>
   <rect height=""16"" width=""16"" x=""324.339"" y=""204.207"">
   </rect>
  </g>
 </g>
 <g>
  <g>
   <rect height=""16"" width=""16"" x=""356.339"" y=""204.207"">
   </rect>
  </g>
 </g>
 <g>
  <g>
   <rect height=""16"" width=""16"" x=""116.339"" y=""204.207"">
   </rect>
  </g>
 </g>
 <g>
  <g>
   <rect height=""16"" width=""16"" x=""148.339"" y=""204.207"">
   </rect>
  </g>
 </g>
 <g>
  <g>
   <rect height=""16"" width=""16"" x=""180.339"" y=""204.207"">
   </rect>
  </g>
 </g>
 <g>
  <g>
   <rect height=""16"" width=""16"" x=""212.339"" y=""204.207"">
   </rect>
  </g>
 </g>
</svg>


Question: How many small squares are there in the middle section of the object?",4,5,6,7,C,entertainment
314,"Examine the following SVG code carefully and answer the question based on your interpretation of the rendered image.

<svg id=""Layer_1"" style=""enable-background:new 0 0 480 480;"" version=""1.1"" viewbox=""0 0 480 480"" x=""0px"" xml:space=""preserve"" y=""0px"">
 <g>
  <g>
   <path d=""M399.267,251.615C402.235,250.447,404.339,247.591,404.339,244.207V60.207c0.0,-3.464,-2.224,-6.528,-5.504,-7.6c-3.296,-1.08,-6.888,0.08,-8.944,2.872L310.579,163.623L251.819,9.359C250.635,6.255,247.659,4.207,244.339,4.207s-6.296,2.048,-7.48,5.152l-58.76,154.264L98.795,55.479C96.739,52.687,93.139,51.519,89.843,52.607C86.563,53.679,84.339,56.743,84.339,60.207v184.0c0.0,3.376,2.104,6.24,5.072,7.408C80.763,272.175,76.339,293.847,76.339,316.207c0.0,92.64,75.368,168.0,168.0,168.0s168.0,-75.36,168.0,-168.0C412.339,293.847,407.915,272.175,399.267,251.615zM393.123,285.655L348.339,263.263V252.207h33.744C387.131,263.015,390.755,274.207,393.123,285.655zM100.339,84.647l73.544,100.296c1.736,2.352,4.56,3.568,7.52,3.2c2.904,-0.392,5.36,-2.344,6.408,-5.08L244.339,34.679l56.52,148.376c1.048,2.736,3.504,4.688,6.408,5.08c2.968,0.384,5.792,-0.84,7.52,-3.2L388.339,84.647V236.207h-1.256H101.595H100.339V84.647zM244.339,277.151l38.832,19.416L269.923,356.207h-51.168l-13.248,-59.64L244.339,277.151zM196.339,283.263l-40.0,-20.0V252.207h80.0v11.056L196.339,283.263zM252.339,263.263V252.207h80.0v11.056l-40.0,20.0L252.339,263.263zM106.595,252.207H140.339v11.056l-44.784,22.392C97.931,274.207,101.547,263.015,106.595,252.207zM166.019,446.231c-17.848,-10.792,-33.304,-25.088,-45.384,-42.024h50.64L166.019,446.231zM110.523,388.207C98.939,366.759,92.339,342.247,92.339,316.207c0.0,-3.824,0.336,-7.584,0.616,-11.36L148.339,277.151l41.016,20.504l14.224,64.0L177.027,388.207H110.523zM244.339,468.207c-22.568,0.0,-43.92,-5.08,-63.2,-13.936l6.792,-54.352L215.651,372.207h57.376l27.712,27.712l6.792,54.352C288.259,463.127,266.907,468.207,244.339,468.207zM322.651,446.231L317.403,404.207h50.64C355.963,421.143,340.507,435.439,322.651,446.231zM378.155,388.207h-66.504l-26.552,-26.552l14.224,-64.0L340.339,277.151l55.384,27.688c0.28,3.784,0.616,7.544,0.616,11.368C396.339,342.247,389.739,366.759,378.155,388.207z"">
   </path>
  </g>
 </g>
 <g>
  <g>
   <path d=""M244.339,124.207c-13.464,0.0,-24.0,14.056,-24.0,32.0c0.0,17.944,10.536,32.0,24.0,32.0s24.0,-14.056,24.0,-32.0C268.339,138.263,257.803,124.207,244.339,124.207zM244.339,172.207c-3.264,0.0,-8.0,-6.232,-8.0,-16.0s4.736,-16.0,8.0,-16.0c3.264,0.0,8.0,6.232,8.0,16.0S247.603,172.207,244.339,172.207z"">
   </path>
  </g>
 </g>
 <g>
  <g>
   <rect height=""16"" width=""16"" x=""260.339"" y=""204.207"">
   </rect>
  </g>
 </g>
 <g>
  <g>
   <rect height=""16"" width=""16"" x=""292.339"" y=""204.207"">
   </rect>
  </g>
 </g>
 <g>
  <g>
   <rect height=""16"" width=""16"" x=""324.339"" y=""204.207"">
   </rect>
  </g>
 </g>
 <g>
  <g>
   <rect height=""16"" width=""16"" x=""356.339"" y=""204.207"">
   </rect>
  </g>
 </g>
 <g>
  <g>
   <rect height=""16"" width=""16"" x=""116.339"" y=""204.207"">
   </rect>
  </g>
 </g>
 <g>
  <g>
   <rect height=""16"" width=""16"" x=""148.339"" y=""204.207"">
   </rect>
  </g>
 </g>
 <g>
  <g>
   <rect height=""16"" width=""16"" x=""180.339"" y=""204.207"">
   </rect>
  </g>
 </g>
 <g>
  <g>
   <rect height=""16"" width=""16"" x=""212.339"" y=""204.207"">
   </rect>
  </g>
 </g>
</svg>


Question: What is the shape at the top of the object?",Star,Crown,Heart,Arrow,B,entertainment
315,"Examine the following SVG code carefully and answer the question based on your interpretation of the rendered image.

<svg id=""Layer_1"" style=""enable-background:new 0 0 480 480;"" version=""1.1"" viewbox=""0 0 480 480"" x=""0px"" xml:space=""preserve"" y=""0px"">
 <g>
  <g>
   <path d=""M399.267,251.615C402.235,250.447,404.339,247.591,404.339,244.207V60.207c0.0,-3.464,-2.224,-6.528,-5.504,-7.6c-3.296,-1.08,-6.888,0.08,-8.944,2.872L310.579,163.623L251.819,9.359C250.635,6.255,247.659,4.207,244.339,4.207s-6.296,2.048,-7.48,5.152l-58.76,154.264L98.795,55.479C96.739,52.687,93.139,51.519,89.843,52.607C86.563,53.679,84.339,56.743,84.339,60.207v184.0c0.0,3.376,2.104,6.24,5.072,7.408C80.763,272.175,76.339,293.847,76.339,316.207c0.0,92.64,75.368,168.0,168.0,168.0s168.0,-75.36,168.0,-168.0C412.339,293.847,407.915,272.175,399.267,251.615zM393.123,285.655L348.339,263.263V252.207h33.744C387.131,263.015,390.755,274.207,393.123,285.655zM100.339,84.647l73.544,100.296c1.736,2.352,4.56,3.568,7.52,3.2c2.904,-0.392,5.36,-2.344,6.408,-5.08L244.339,34.679l56.52,148.376c1.048,2.736,3.504,4.688,6.408,5.08c2.968,0.384,5.792,-0.84,7.52,-3.2L388.339,84.647V236.207h-1.256H101.595H100.339V84.647zM244.339,277.151l38.832,19.416L269.923,356.207h-51.168l-13.248,-59.64L244.339,277.151zM196.339,283.263l-40.0,-20.0V252.207h80.0v11.056L196.339,283.263zM252.339,263.263V252.207h80.0v11.056l-40.0,20.0L252.339,263.263zM106.595,252.207H140.339v11.056l-44.784,22.392C97.931,274.207,101.547,263.015,106.595,252.207zM166.019,446.231c-17.848,-10.792,-33.304,-25.088,-45.384,-42.024h50.64L166.019,446.231zM110.523,388.207C98.939,366.759,92.339,342.247,92.339,316.207c0.0,-3.824,0.336,-7.584,0.616,-11.36L148.339,277.151l41.016,20.504l14.224,64.0L177.027,388.207H110.523zM244.339,468.207c-22.568,0.0,-43.92,-5.08,-63.2,-13.936l6.792,-54.352L215.651,372.207h57.376l27.712,27.712l6.792,54.352C288.259,463.127,266.907,468.207,244.339,468.207zM322.651,446.231L317.403,404.207h50.64C355.963,421.143,340.507,435.439,322.651,446.231zM378.155,388.207h-66.504l-26.552,-26.552l14.224,-64.0L340.339,277.151l55.384,27.688c0.28,3.784,0.616,7.544,0.616,11.368C396.339,342.247,389.739,366.759,378.155,388.207z"">
   </path>
  </g>
 </g>
 <g>
  <g>
   <path d=""M244.339,124.207c-13.464,0.0,-24.0,14.056,-24.0,32.0c0.0,17.944,10.536,32.0,24.0,32.0s24.0,-14.056,24.0,-32.0C268.339,138.263,257.803,124.207,244.339,124.207zM244.339,172.207c-3.264,0.0,-8.0,-6.232,-8.0,-16.0s4.736,-16.0,8.0,-16.0c3.264,0.0,8.0,6.232,8.0,16.0S247.603,172.207,244.339,172.207z"">
   </path>
  </g>
 </g>
 <g>
  <g>
   <rect height=""16"" width=""16"" x=""260.339"" y=""204.207"">
   </rect>
  </g>
 </g>
 <g>
  <g>
   <rect height=""16"" width=""16"" x=""292.339"" y=""204.207"">
   </rect>
  </g>
 </g>
 <g>
  <g>
   <rect height=""16"" width=""16"" x=""324.339"" y=""204.207"">
   </rect>
  </g>
 </g>
 <g>
  <g>
   <rect height=""16"" width=""16"" x=""356.339"" y=""204.207"">
   </rect>
  </g>
 </g>
 <g>
  <g>
   <rect height=""16"" width=""16"" x=""116.339"" y=""204.207"">
   </rect>
  </g>
 </g>
 <g>
  <g>
   <rect height=""16"" width=""16"" x=""148.339"" y=""204.207"">
   </rect>
  </g>
 </g>
 <g>
  <g>
   <rect height=""16"" width=""16"" x=""180.339"" y=""204.207"">
   </rect>
  </g>
 </g>
 <g>
  <g>
   <rect height=""16"" width=""16"" x=""212.339"" y=""204.207"">
   </rect>
  </g>
 </g>
</svg>


Question: What is the overall object in the image?",ball,basketball,baseball,volleyball,A,entertainment
332,"Examine the following SVG code carefully and answer the question based on your interpretation of the rendered image.

<svg id=""Layer_1"" style=""enable-background:new 0 0 502 502;"" version=""1.1"" viewbox=""0 0 502 502"" x=""0px"" xml:space=""preserve"" y=""0px"">
 <g>
  <g>
   <g>
    <path d=""M495.625,95.419H13.625c-5.523,0.0,-10.0,4.477,-10.0,10.0v65.324v35.647v95.059v35.647V402.419c0.0,5.523,4.477,10.0,10.0,10.0h482.0c5.522,0.0,10.0,-4.477,10.0,-10.0v-65.324v-35.647V206.389v-35.647V105.419C505.625,99.896,501.147,95.419,495.625,95.419zM23.625,216.39h17.189v75.059H23.625V216.39zM23.625,311.448h27.189c5.523,0.0,10.0,-4.477,10.0,-10.0V206.389c0.0,-5.523,-4.477,-10.0,-10.0,-10.0H23.625v-15.647h66.774V212.919v82.0v32.176H23.625V311.448zM254.625,233.919c-5.523,0.0,-10.0,4.477,-10.0,10.0v37.222c-11.078,-4.082,-19.0,-14.744,-19.0,-27.222c0.0,-15.991,13.009,-29.0,29.0,-29.0c15.99,0.0,29.0,13.009,29.0,29.0c0.0,12.478,-7.922,23.139,-19.0,27.222V243.919C264.625,238.396,260.147,233.919,254.625,233.919zM485.625,291.449h-17.189v-75.059H485.625V291.449zM485.625,196.39h-27.189c-5.522,0.0,-10.0,4.477,-10.0,10.0v95.059c0.0,5.523,4.478,10.0,10.0,10.0H485.625v15.647h-66.774V294.919v-82.0v-32.176H485.625V196.39zM485.625,160.743h-76.774c-5.522,0.0,-10.0,4.477,-10.0,10.0v33.448C378.711,209.339,363.625,229.673,363.625,253.919c0.0,24.246,15.086,44.58,35.226,49.728v33.448c0.0,5.523,4.478,10.0,10.0,10.0H485.625V392.419H264.625v-90.529c22.239,-4.63,39.0,-24.379,39.0,-47.971c0.0,-27.019,-21.981,-49.0,-49.0,-49.0c-27.019,0.0,-49.0,21.981,-49.0,49.0c0.0,23.592,16.761,43.341,39.0,47.971V392.419H23.625v-45.324h76.774c5.523,0.0,10.0,-4.477,10.0,-10.0v-33.448C130.539,298.499,145.625,278.165,145.625,253.919c0.0,-24.246,-15.086,-44.58,-35.226,-49.728v-33.448c0.0,-5.523,-4.477,-10.0,-10.0,-10.0H23.625V115.419h221.0V143.919c0.0,5.523,4.477,10.0,10.0,10.0c5.522,0.0,10.0,-4.477,10.0,-10.0v-28.5h221.0V160.743zM398.851,225.46v56.918C389.9,277.612,383.625,266.649,383.625,253.919C383.625,241.189,389.9,230.226,398.851,225.46zM110.399,282.378v-56.918C119.349,230.226,125.625,241.189,125.625,253.919S119.349,277.612,110.399,282.378z"">
    </path>
    <path d=""M254.625,162.919c-5.523,0.0,-10.0,4.477,-10.0,10.0v13.0c0.0,5.523,4.477,10.0,10.0,10.0c5.522,0.0,10.0,-4.477,10.0,-10.0v-13.0C264.625,167.396,260.147,162.919,254.625,162.919z"">
    </path>
    <path d=""M75.485,243.919c-2.63,0.0,-5.21,1.07,-7.07,2.93c-1.86,1.86,-2.93,4.44,-2.93,7.07s1.07,5.21,2.93,7.07c1.86,1.86,4.44,2.93,7.07,2.93s5.21,-1.07,7.07,-2.93s2.93,-4.44,2.93,-7.07s-1.07,-5.21,-2.93,-7.07S78.115,243.919,75.485,243.919z"">
    </path>
    <path d=""M433.765,263.919c2.63,0.0,5.21,-1.07,7.07,-2.93c1.859,-1.86,2.93,-4.44,2.93,-7.07s-1.07,-5.21,-2.93,-7.07s-4.44,-2.93,-7.07,-2.93s-5.21,1.07,-7.07,2.93c-1.859,1.86,-2.93,4.44,-2.93,7.07s1.07,5.21,2.93,7.07C428.555,262.849,431.135,263.919,433.765,263.919z"">
    </path>
   </g>
  </g>
 </g>
</svg>


Question: What shape is located at the center of the image?",Square,Circle,Triangle,Rectangle,B,entertainment
333,"Examine the following SVG code carefully and answer the question based on your interpretation of the rendered image.

<svg id=""Layer_1"" style=""enable-background:new 0 0 502 502;"" version=""1.1"" viewbox=""0 0 502 502"" x=""0px"" xml:space=""preserve"" y=""0px"">
 <g>
  <g>
   <g>
    <path d=""M495.625,95.419H13.625c-5.523,0.0,-10.0,4.477,-10.0,10.0v65.324v35.647v95.059v35.647V402.419c0.0,5.523,4.477,10.0,10.0,10.0h482.0c5.522,0.0,10.0,-4.477,10.0,-10.0v-65.324v-35.647V206.389v-35.647V105.419C505.625,99.896,501.147,95.419,495.625,95.419zM23.625,216.39h17.189v75.059H23.625V216.39zM23.625,311.448h27.189c5.523,0.0,10.0,-4.477,10.0,-10.0V206.389c0.0,-5.523,-4.477,-10.0,-10.0,-10.0H23.625v-15.647h66.774V212.919v82.0v32.176H23.625V311.448zM254.625,233.919c-5.523,0.0,-10.0,4.477,-10.0,10.0v37.222c-11.078,-4.082,-19.0,-14.744,-19.0,-27.222c0.0,-15.991,13.009,-29.0,29.0,-29.0c15.99,0.0,29.0,13.009,29.0,29.0c0.0,12.478,-7.922,23.139,-19.0,27.222V243.919C264.625,238.396,260.147,233.919,254.625,233.919zM485.625,291.449h-17.189v-75.059H485.625V291.449zM485.625,196.39h-27.189c-5.522,0.0,-10.0,4.477,-10.0,10.0v95.059c0.0,5.523,4.478,10.0,10.0,10.0H485.625v15.647h-66.774V294.919v-82.0v-32.176H485.625V196.39zM485.625,160.743h-76.774c-5.522,0.0,-10.0,4.477,-10.0,10.0v33.448C378.711,209.339,363.625,229.673,363.625,253.919c0.0,24.246,15.086,44.58,35.226,49.728v33.448c0.0,5.523,4.478,10.0,10.0,10.0H485.625V392.419H264.625v-90.529c22.239,-4.63,39.0,-24.379,39.0,-47.971c0.0,-27.019,-21.981,-49.0,-49.0,-49.0c-27.019,0.0,-49.0,21.981,-49.0,49.0c0.0,23.592,16.761,43.341,39.0,47.971V392.419H23.625v-45.324h76.774c5.523,0.0,10.0,-4.477,10.0,-10.0v-33.448C130.539,298.499,145.625,278.165,145.625,253.919c0.0,-24.246,-15.086,-44.58,-35.226,-49.728v-33.448c0.0,-5.523,-4.477,-10.0,-10.0,-10.0H23.625V115.419h221.0V143.919c0.0,5.523,4.477,10.0,10.0,10.0c5.522,0.0,10.0,-4.477,10.0,-10.0v-28.5h221.0V160.743zM398.851,225.46v56.918C389.9,277.612,383.625,266.649,383.625,253.919C383.625,241.189,389.9,230.226,398.851,225.46zM110.399,282.378v-56.918C119.349,230.226,125.625,241.189,125.625,253.919S119.349,277.612,110.399,282.378z"">
    </path>
    <path d=""M254.625,162.919c-5.523,0.0,-10.0,4.477,-10.0,10.0v13.0c0.0,5.523,4.477,10.0,10.0,10.0c5.522,0.0,10.0,-4.477,10.0,-10.0v-13.0C264.625,167.396,260.147,162.919,254.625,162.919z"">
    </path>
    <path d=""M75.485,243.919c-2.63,0.0,-5.21,1.07,-7.07,2.93c-1.86,1.86,-2.93,4.44,-2.93,7.07s1.07,5.21,2.93,7.07c1.86,1.86,4.44,2.93,7.07,2.93s5.21,-1.07,7.07,-2.93s2.93,-4.44,2.93,-7.07s-1.07,-5.21,-2.93,-7.07S78.115,243.919,75.485,243.919z"">
    </path>
    <path d=""M433.765,263.919c2.63,0.0,5.21,-1.07,7.07,-2.93c1.859,-1.86,2.93,-4.44,2.93,-7.07s-1.07,-5.21,-2.93,-7.07s-4.44,-2.93,-7.07,-2.93s-5.21,1.07,-7.07,2.93c-1.859,1.86,-2.93,4.44,-2.93,7.07s1.07,5.21,2.93,7.07C428.555,262.849,431.135,263.919,433.765,263.919z"">
    </path>
   </g>
  </g>
 </g>
</svg>


Question: How many circles are present in the image?",1,2,3,4,C,entertainment
334,"Examine the following SVG code carefully and answer the question based on your interpretation of the rendered image.

<svg id=""Layer_1"" style=""enable-background:new 0 0 502 502;"" version=""1.1"" viewbox=""0 0 502 502"" x=""0px"" xml:space=""preserve"" y=""0px"">
 <g>
  <g>
   <g>
    <path d=""M495.625,95.419H13.625c-5.523,0.0,-10.0,4.477,-10.0,10.0v65.324v35.647v95.059v35.647V402.419c0.0,5.523,4.477,10.0,10.0,10.0h482.0c5.522,0.0,10.0,-4.477,10.0,-10.0v-65.324v-35.647V206.389v-35.647V105.419C505.625,99.896,501.147,95.419,495.625,95.419zM23.625,216.39h17.189v75.059H23.625V216.39zM23.625,311.448h27.189c5.523,0.0,10.0,-4.477,10.0,-10.0V206.389c0.0,-5.523,-4.477,-10.0,-10.0,-10.0H23.625v-15.647h66.774V212.919v82.0v32.176H23.625V311.448zM254.625,233.919c-5.523,0.0,-10.0,4.477,-10.0,10.0v37.222c-11.078,-4.082,-19.0,-14.744,-19.0,-27.222c0.0,-15.991,13.009,-29.0,29.0,-29.0c15.99,0.0,29.0,13.009,29.0,29.0c0.0,12.478,-7.922,23.139,-19.0,27.222V243.919C264.625,238.396,260.147,233.919,254.625,233.919zM485.625,291.449h-17.189v-75.059H485.625V291.449zM485.625,196.39h-27.189c-5.522,0.0,-10.0,4.477,-10.0,10.0v95.059c0.0,5.523,4.478,10.0,10.0,10.0H485.625v15.647h-66.774V294.919v-82.0v-32.176H485.625V196.39zM485.625,160.743h-76.774c-5.522,0.0,-10.0,4.477,-10.0,10.0v33.448C378.711,209.339,363.625,229.673,363.625,253.919c0.0,24.246,15.086,44.58,35.226,49.728v33.448c0.0,5.523,4.478,10.0,10.0,10.0H485.625V392.419H264.625v-90.529c22.239,-4.63,39.0,-24.379,39.0,-47.971c0.0,-27.019,-21.981,-49.0,-49.0,-49.0c-27.019,0.0,-49.0,21.981,-49.0,49.0c0.0,23.592,16.761,43.341,39.0,47.971V392.419H23.625v-45.324h76.774c5.523,0.0,10.0,-4.477,10.0,-10.0v-33.448C130.539,298.499,145.625,278.165,145.625,253.919c0.0,-24.246,-15.086,-44.58,-35.226,-49.728v-33.448c0.0,-5.523,-4.477,-10.0,-10.0,-10.0H23.625V115.419h221.0V143.919c0.0,5.523,4.477,10.0,10.0,10.0c5.522,0.0,10.0,-4.477,10.0,-10.0v-28.5h221.0V160.743zM398.851,225.46v56.918C389.9,277.612,383.625,266.649,383.625,253.919C383.625,241.189,389.9,230.226,398.851,225.46zM110.399,282.378v-56.918C119.349,230.226,125.625,241.189,125.625,253.919S119.349,277.612,110.399,282.378z"">
    </path>
    <path d=""M254.625,162.919c-5.523,0.0,-10.0,4.477,-10.0,10.0v13.0c0.0,5.523,4.477,10.0,10.0,10.0c5.522,0.0,10.0,-4.477,10.0,-10.0v-13.0C264.625,167.396,260.147,162.919,254.625,162.919z"">
    </path>
    <path d=""M75.485,243.919c-2.63,0.0,-5.21,1.07,-7.07,2.93c-1.86,1.86,-2.93,4.44,-2.93,7.07s1.07,5.21,2.93,7.07c1.86,1.86,4.44,2.93,7.07,2.93s5.21,-1.07,7.07,-2.93s2.93,-4.44,2.93,-7.07s-1.07,-5.21,-2.93,-7.07S78.115,243.919,75.485,243.919z"">
    </path>
    <path d=""M433.765,263.919c2.63,0.0,5.21,-1.07,7.07,-2.93c1.859,-1.86,2.93,-4.44,2.93,-7.07s-1.07,-5.21,-2.93,-7.07s-4.44,-2.93,-7.07,-2.93s-5.21,1.07,-7.07,2.93c-1.859,1.86,-2.93,4.44,-2.93,7.07s1.07,5.21,2.93,7.07C428.555,262.849,431.135,263.919,433.765,263.919z"">
    </path>
   </g>
  </g>
 </g>
</svg>


Question: What is the shape of the objects located at the left and right sides of the image?",Circle,Triangle,Square,Rectangle,D,entertainment
335,"Examine the following SVG code carefully and answer the question based on your interpretation of the rendered image.

<svg id=""Layer_1"" style=""enable-background:new 0 0 502 502;"" version=""1.1"" viewbox=""0 0 502 502"" x=""0px"" xml:space=""preserve"" y=""0px"">
 <g>
  <g>
   <g>
    <path d=""M495.625,95.419H13.625c-5.523,0.0,-10.0,4.477,-10.0,10.0v65.324v35.647v95.059v35.647V402.419c0.0,5.523,4.477,10.0,10.0,10.0h482.0c5.522,0.0,10.0,-4.477,10.0,-10.0v-65.324v-35.647V206.389v-35.647V105.419C505.625,99.896,501.147,95.419,495.625,95.419zM23.625,216.39h17.189v75.059H23.625V216.39zM23.625,311.448h27.189c5.523,0.0,10.0,-4.477,10.0,-10.0V206.389c0.0,-5.523,-4.477,-10.0,-10.0,-10.0H23.625v-15.647h66.774V212.919v82.0v32.176H23.625V311.448zM254.625,233.919c-5.523,0.0,-10.0,4.477,-10.0,10.0v37.222c-11.078,-4.082,-19.0,-14.744,-19.0,-27.222c0.0,-15.991,13.009,-29.0,29.0,-29.0c15.99,0.0,29.0,13.009,29.0,29.0c0.0,12.478,-7.922,23.139,-19.0,27.222V243.919C264.625,238.396,260.147,233.919,254.625,233.919zM485.625,291.449h-17.189v-75.059H485.625V291.449zM485.625,196.39h-27.189c-5.522,0.0,-10.0,4.477,-10.0,10.0v95.059c0.0,5.523,4.478,10.0,10.0,10.0H485.625v15.647h-66.774V294.919v-82.0v-32.176H485.625V196.39zM485.625,160.743h-76.774c-5.522,0.0,-10.0,4.477,-10.0,10.0v33.448C378.711,209.339,363.625,229.673,363.625,253.919c0.0,24.246,15.086,44.58,35.226,49.728v33.448c0.0,5.523,4.478,10.0,10.0,10.0H485.625V392.419H264.625v-90.529c22.239,-4.63,39.0,-24.379,39.0,-47.971c0.0,-27.019,-21.981,-49.0,-49.0,-49.0c-27.019,0.0,-49.0,21.981,-49.0,49.0c0.0,23.592,16.761,43.341,39.0,47.971V392.419H23.625v-45.324h76.774c5.523,0.0,10.0,-4.477,10.0,-10.0v-33.448C130.539,298.499,145.625,278.165,145.625,253.919c0.0,-24.246,-15.086,-44.58,-35.226,-49.728v-33.448c0.0,-5.523,-4.477,-10.0,-10.0,-10.0H23.625V115.419h221.0V143.919c0.0,5.523,4.477,10.0,10.0,10.0c5.522,0.0,10.0,-4.477,10.0,-10.0v-28.5h221.0V160.743zM398.851,225.46v56.918C389.9,277.612,383.625,266.649,383.625,253.919C383.625,241.189,389.9,230.226,398.851,225.46zM110.399,282.378v-56.918C119.349,230.226,125.625,241.189,125.625,253.919S119.349,277.612,110.399,282.378z"">
    </path>
    <path d=""M254.625,162.919c-5.523,0.0,-10.0,4.477,-10.0,10.0v13.0c0.0,5.523,4.477,10.0,10.0,10.0c5.522,0.0,10.0,-4.477,10.0,-10.0v-13.0C264.625,167.396,260.147,162.919,254.625,162.919z"">
    </path>
    <path d=""M75.485,243.919c-2.63,0.0,-5.21,1.07,-7.07,2.93c-1.86,1.86,-2.93,4.44,-2.93,7.07s1.07,5.21,2.93,7.07c1.86,1.86,4.44,2.93,7.07,2.93s5.21,-1.07,7.07,-2.93s2.93,-4.44,2.93,-7.07s-1.07,-5.21,-2.93,-7.07S78.115,243.919,75.485,243.919z"">
    </path>
    <path d=""M433.765,263.919c2.63,0.0,5.21,-1.07,7.07,-2.93c1.859,-1.86,2.93,-4.44,2.93,-7.07s-1.07,-5.21,-2.93,-7.07s-4.44,-2.93,-7.07,-2.93s-5.21,1.07,-7.07,2.93c-1.859,1.86,-2.93,4.44,-2.93,7.07s1.07,5.21,2.93,7.07C428.555,262.849,431.135,263.919,433.765,263.919z"">
    </path>
   </g>
  </g>
 </g>
</svg>


Question: What does the whole object in the image represent?",field,court,park,rink,A,entertainment
16,"Examine the following SVG code carefully and answer the question based on your interpretation of the rendered image.

<svg id=""Layer_1"" style=""enable-background:new 0 0 512 512;"" version=""1.1"" viewbox=""0 0 512 512"" x=""0px"" xml:space=""preserve"" y=""0px"">
 <path d=""M305.302,23.01c-2.128,0.0,-4.219,0.131,-6.275,0.38l-39.384,178.437c2.971,-1.639,97.971,-54.393,97.971,-126.504C357.615,46.432,334.192,23.01,305.302,23.01z"" style=""fill:#FF3B3B;"">
 </path>
 <path d=""M299.028,23.39c19.62,3.137,34.82,25.194,34.82,51.933c0.0,71.934,-71.624,124.615,-74.203,126.504c-0.048,0.024,-0.071,0.036,-0.071,0.036s-98.043,-53.287,-98.043,-126.54c0.0,-28.89,23.411,-52.313,52.301,-52.313c19.703,0.0,36.816,10.91,45.741,26.989C267.523,35.654,282.01,25.422,299.028,23.39z"" style=""fill:#FF6761;"">
 </path>
 <path d=""M474.794,249.36L194.283,410.041L259.645,497.189c136.867,0.0,247.83,-110.962,247.83,-247.83L474.794,249.36L474.794,249.36z"" style=""fill:#6CDFB4;"">
 </path>
 <path d=""M44.496,249.36H11.815c0.0,136.867,110.962,247.83,247.83,247.83v-65.362L44.496,249.36z"" style=""fill:#7BFFCD;"">
 </path>
 <path d=""M442.113,249.36L261.998,464.487c117.553,-1.253,212.796,-97.281,212.796,-215.127H442.113z"" style=""fill:#FF3B3B;"">
 </path>
 <path d=""M44.496,249.36h397.617c0.0,117.706,-80.58,213.635,-180.115,215.127c-0.784,0.011,-1.569,0.022,-2.353,0.022C141.013,464.509,44.496,367.991,44.496,249.36z"" style=""fill:#FF6761;"">
 </path>
 <path d=""M300.677,101.416c4.513,0.0,8.17,-3.657,8.17,-8.17V82.352c0.0,-4.513,-3.657,-8.17,-8.17,-8.17c-4.513,0.0,-8.17,3.657,-8.17,8.17V93.245C292.507,97.759,296.164,101.416,300.677,101.416z"">
 </path>
 <path d=""M259.644,134.096c4.513,0.0,8.17,-3.657,8.17,-8.17v-10.894c0.0,-4.513,-3.657,-8.17,-8.17,-8.17c-4.513,0.0,-8.17,3.657,-8.17,8.17v10.894C251.474,130.44,255.131,134.096,259.644,134.096z"">
 </path>
 <path d=""M136.547,323.356c4.513,0.0,8.17,-3.657,8.17,-8.17v-10.894c0.0,-4.513,-3.657,-8.17,-8.17,-8.17c-4.513,0.0,-8.17,3.657,-8.17,8.17v10.894C128.377,319.698,132.034,323.356,136.547,323.356z"">
 </path>
 <path d=""M177.58,356.037c4.513,0.0,8.17,-3.657,8.17,-8.17v-10.894c0.0,-4.513,-3.657,-8.17,-8.17,-8.17s-8.17,3.657,-8.17,8.17v10.894C169.41,352.378,173.067,356.037,177.58,356.037z"">
 </path>
 <path d=""M382.743,323.356c4.513,0.0,8.17,-3.657,8.17,-8.17v-10.894c0.0,-4.513,-3.657,-8.17,-8.17,-8.17c-4.513,0.0,-8.17,3.657,-8.17,8.17v10.894C374.573,319.698,378.23,323.356,382.743,323.356z"">
 </path>
 <path d=""M341.71,356.037c4.513,0.0,8.17,-3.657,8.17,-8.17v-10.894c0.0,-4.513,-3.657,-8.17,-8.17,-8.17c-4.513,0.0,-8.17,3.657,-8.17,8.17v10.894C333.54,352.378,337.197,356.037,341.71,356.037z"">
 </path>
 <path d=""M259.645,407.781c4.513,0.0,8.17,-3.657,8.17,-8.17v-10.894c0.0,-4.513,-3.657,-8.17,-8.17,-8.17s-8.17,3.657,-8.17,8.17v10.894C251.475,404.123,255.132,407.781,259.645,407.781z"">
 </path>
 <path d=""M218.612,323.356c4.513,0.0,8.17,-3.657,8.17,-8.17v-10.894c0.0,-4.513,-3.657,-8.17,-8.17,-8.17s-8.17,3.657,-8.17,8.17v10.894C210.442,319.698,214.099,323.356,218.612,323.356z"">
 </path>
 <path d=""M507.475,241.654H11.815c-4.513,0.0,-8.17,3.657,-8.17,8.17c0.0,68.38,26.628,132.667,74.981,181.019S191.265,505.824,259.645,505.824s132.667,-26.628,181.019,-74.981S515.645,318.203,515.645,249.824C515.645,245.311,511.988,241.654,507.475,241.654zM466.448,257.994C462.141,368.35,371.037,456.802,259.645,456.802S57.149,368.35,52.842,257.994L466.448,257.994L466.448,257.994zM259.645,489.483c-129.415,0.0,-235.2,-103.108,-239.522,-231.489h16.369C40.807,377.361,139.243,473.143,259.645,473.143s218.838,-95.782,223.154,-215.149h16.369C494.845,386.374,389.06,489.483,259.645,489.483z"">
 </path>
 <path d=""M259.573,210.034c-1.342,0.0,-2.685,-0.331,-3.901,-0.991c-4.178,-2.27,-102.312,-56.488,-102.312,-133.72c0.0,-33.346,27.128,-60.476,60.476,-60.476c17.738,0.0,34.376,7.807,45.737,20.958c11.362,-13.151,27.999,-20.958,45.737,-20.958c33.346,0.0,60.476,27.128,60.476,60.476c0.0,77.231,-98.134,131.45,-102.312,133.72C262.257,209.703,260.915,210.034,259.573,210.034zM213.835,31.187c-24.336,0.0,-44.135,19.799,-44.135,44.135c0.0,59.598,72.114,106.465,89.868,117.097c17.742,-10.644,89.877,-57.6,89.877,-117.097c0.0,-24.336,-19.799,-44.135,-44.135,-44.135c-16.014,0.0,-30.801,8.729,-38.592,22.781c-1.44,2.597,-4.176,4.208,-7.146,4.208s-5.705,-1.611,-7.146,-4.208C244.637,39.916,229.849,31.187,213.835,31.187z"">
 </path>
</svg>


Question: What shape is the object at the top of the image?",Circle,Square,Triangle,Heart,D,fruit
17,"Examine the following SVG code carefully and answer the question based on your interpretation of the rendered image.

<svg id=""Layer_1"" style=""enable-background:new 0 0 512 512;"" version=""1.1"" viewbox=""0 0 512 512"" x=""0px"" xml:space=""preserve"" y=""0px"">
 <path d=""M305.302,23.01c-2.128,0.0,-4.219,0.131,-6.275,0.38l-39.384,178.437c2.971,-1.639,97.971,-54.393,97.971,-126.504C357.615,46.432,334.192,23.01,305.302,23.01z"" style=""fill:#FF3B3B;"">
 </path>
 <path d=""M299.028,23.39c19.62,3.137,34.82,25.194,34.82,51.933c0.0,71.934,-71.624,124.615,-74.203,126.504c-0.048,0.024,-0.071,0.036,-0.071,0.036s-98.043,-53.287,-98.043,-126.54c0.0,-28.89,23.411,-52.313,52.301,-52.313c19.703,0.0,36.816,10.91,45.741,26.989C267.523,35.654,282.01,25.422,299.028,23.39z"" style=""fill:#FF6761;"">
 </path>
 <path d=""M474.794,249.36L194.283,410.041L259.645,497.189c136.867,0.0,247.83,-110.962,247.83,-247.83L474.794,249.36L474.794,249.36z"" style=""fill:#6CDFB4;"">
 </path>
 <path d=""M44.496,249.36H11.815c0.0,136.867,110.962,247.83,247.83,247.83v-65.362L44.496,249.36z"" style=""fill:#7BFFCD;"">
 </path>
 <path d=""M442.113,249.36L261.998,464.487c117.553,-1.253,212.796,-97.281,212.796,-215.127H442.113z"" style=""fill:#FF3B3B;"">
 </path>
 <path d=""M44.496,249.36h397.617c0.0,117.706,-80.58,213.635,-180.115,215.127c-0.784,0.011,-1.569,0.022,-2.353,0.022C141.013,464.509,44.496,367.991,44.496,249.36z"" style=""fill:#FF6761;"">
 </path>
 <path d=""M300.677,101.416c4.513,0.0,8.17,-3.657,8.17,-8.17V82.352c0.0,-4.513,-3.657,-8.17,-8.17,-8.17c-4.513,0.0,-8.17,3.657,-8.17,8.17V93.245C292.507,97.759,296.164,101.416,300.677,101.416z"">
 </path>
 <path d=""M259.644,134.096c4.513,0.0,8.17,-3.657,8.17,-8.17v-10.894c0.0,-4.513,-3.657,-8.17,-8.17,-8.17c-4.513,0.0,-8.17,3.657,-8.17,8.17v10.894C251.474,130.44,255.131,134.096,259.644,134.096z"">
 </path>
 <path d=""M136.547,323.356c4.513,0.0,8.17,-3.657,8.17,-8.17v-10.894c0.0,-4.513,-3.657,-8.17,-8.17,-8.17c-4.513,0.0,-8.17,3.657,-8.17,8.17v10.894C128.377,319.698,132.034,323.356,136.547,323.356z"">
 </path>
 <path d=""M177.58,356.037c4.513,0.0,8.17,-3.657,8.17,-8.17v-10.894c0.0,-4.513,-3.657,-8.17,-8.17,-8.17s-8.17,3.657,-8.17,8.17v10.894C169.41,352.378,173.067,356.037,177.58,356.037z"">
 </path>
 <path d=""M382.743,323.356c4.513,0.0,8.17,-3.657,8.17,-8.17v-10.894c0.0,-4.513,-3.657,-8.17,-8.17,-8.17c-4.513,0.0,-8.17,3.657,-8.17,8.17v10.894C374.573,319.698,378.23,323.356,382.743,323.356z"">
 </path>
 <path d=""M341.71,356.037c4.513,0.0,8.17,-3.657,8.17,-8.17v-10.894c0.0,-4.513,-3.657,-8.17,-8.17,-8.17c-4.513,0.0,-8.17,3.657,-8.17,8.17v10.894C333.54,352.378,337.197,356.037,341.71,356.037z"">
 </path>
 <path d=""M259.645,407.781c4.513,0.0,8.17,-3.657,8.17,-8.17v-10.894c0.0,-4.513,-3.657,-8.17,-8.17,-8.17s-8.17,3.657,-8.17,8.17v10.894C251.475,404.123,255.132,407.781,259.645,407.781z"">
 </path>
 <path d=""M218.612,323.356c4.513,0.0,8.17,-3.657,8.17,-8.17v-10.894c0.0,-4.513,-3.657,-8.17,-8.17,-8.17s-8.17,3.657,-8.17,8.17v10.894C210.442,319.698,214.099,323.356,218.612,323.356z"">
 </path>
 <path d=""M507.475,241.654H11.815c-4.513,0.0,-8.17,3.657,-8.17,8.17c0.0,68.38,26.628,132.667,74.981,181.019S191.265,505.824,259.645,505.824s132.667,-26.628,181.019,-74.981S515.645,318.203,515.645,249.824C515.645,245.311,511.988,241.654,507.475,241.654zM466.448,257.994C462.141,368.35,371.037,456.802,259.645,456.802S57.149,368.35,52.842,257.994L466.448,257.994L466.448,257.994zM259.645,489.483c-129.415,0.0,-235.2,-103.108,-239.522,-231.489h16.369C40.807,377.361,139.243,473.143,259.645,473.143s218.838,-95.782,223.154,-215.149h16.369C494.845,386.374,389.06,489.483,259.645,489.483z"">
 </path>
 <path d=""M259.573,210.034c-1.342,0.0,-2.685,-0.331,-3.901,-0.991c-4.178,-2.27,-102.312,-56.488,-102.312,-133.72c0.0,-33.346,27.128,-60.476,60.476,-60.476c17.738,0.0,34.376,7.807,45.737,20.958c11.362,-13.151,27.999,-20.958,45.737,-20.958c33.346,0.0,60.476,27.128,60.476,60.476c0.0,77.231,-98.134,131.45,-102.312,133.72C262.257,209.703,260.915,210.034,259.573,210.034zM213.835,31.187c-24.336,0.0,-44.135,19.799,-44.135,44.135c0.0,59.598,72.114,106.465,89.868,117.097c17.742,-10.644,89.877,-57.6,89.877,-117.097c0.0,-24.336,-19.799,-44.135,-44.135,-44.135c-16.014,0.0,-30.801,8.729,-38.592,22.781c-1.44,2.597,-4.176,4.208,-7.146,4.208s-5.705,-1.611,-7.146,-4.208C244.637,39.916,229.849,31.187,213.835,31.187z"">
 </path>
</svg>


Question: What color is the outermost layer of the semicircle at the bottom?",Red,Green,Blue,Yellow,B,fruit
18,"Examine the following SVG code carefully and answer the question based on your interpretation of the rendered image.

<svg id=""Layer_1"" style=""enable-background:new 0 0 512 512;"" version=""1.1"" viewbox=""0 0 512 512"" x=""0px"" xml:space=""preserve"" y=""0px"">
 <path d=""M305.302,23.01c-2.128,0.0,-4.219,0.131,-6.275,0.38l-39.384,178.437c2.971,-1.639,97.971,-54.393,97.971,-126.504C357.615,46.432,334.192,23.01,305.302,23.01z"" style=""fill:#FF3B3B;"">
 </path>
 <path d=""M299.028,23.39c19.62,3.137,34.82,25.194,34.82,51.933c0.0,71.934,-71.624,124.615,-74.203,126.504c-0.048,0.024,-0.071,0.036,-0.071,0.036s-98.043,-53.287,-98.043,-126.54c0.0,-28.89,23.411,-52.313,52.301,-52.313c19.703,0.0,36.816,10.91,45.741,26.989C267.523,35.654,282.01,25.422,299.028,23.39z"" style=""fill:#FF6761;"">
 </path>
 <path d=""M474.794,249.36L194.283,410.041L259.645,497.189c136.867,0.0,247.83,-110.962,247.83,-247.83L474.794,249.36L474.794,249.36z"" style=""fill:#6CDFB4;"">
 </path>
 <path d=""M44.496,249.36H11.815c0.0,136.867,110.962,247.83,247.83,247.83v-65.362L44.496,249.36z"" style=""fill:#7BFFCD;"">
 </path>
 <path d=""M442.113,249.36L261.998,464.487c117.553,-1.253,212.796,-97.281,212.796,-215.127H442.113z"" style=""fill:#FF3B3B;"">
 </path>
 <path d=""M44.496,249.36h397.617c0.0,117.706,-80.58,213.635,-180.115,215.127c-0.784,0.011,-1.569,0.022,-2.353,0.022C141.013,464.509,44.496,367.991,44.496,249.36z"" style=""fill:#FF6761;"">
 </path>
 <path d=""M300.677,101.416c4.513,0.0,8.17,-3.657,8.17,-8.17V82.352c0.0,-4.513,-3.657,-8.17,-8.17,-8.17c-4.513,0.0,-8.17,3.657,-8.17,8.17V93.245C292.507,97.759,296.164,101.416,300.677,101.416z"">
 </path>
 <path d=""M259.644,134.096c4.513,0.0,8.17,-3.657,8.17,-8.17v-10.894c0.0,-4.513,-3.657,-8.17,-8.17,-8.17c-4.513,0.0,-8.17,3.657,-8.17,8.17v10.894C251.474,130.44,255.131,134.096,259.644,134.096z"">
 </path>
 <path d=""M136.547,323.356c4.513,0.0,8.17,-3.657,8.17,-8.17v-10.894c0.0,-4.513,-3.657,-8.17,-8.17,-8.17c-4.513,0.0,-8.17,3.657,-8.17,8.17v10.894C128.377,319.698,132.034,323.356,136.547,323.356z"">
 </path>
 <path d=""M177.58,356.037c4.513,0.0,8.17,-3.657,8.17,-8.17v-10.894c0.0,-4.513,-3.657,-8.17,-8.17,-8.17s-8.17,3.657,-8.17,8.17v10.894C169.41,352.378,173.067,356.037,177.58,356.037z"">
 </path>
 <path d=""M382.743,323.356c4.513,0.0,8.17,-3.657,8.17,-8.17v-10.894c0.0,-4.513,-3.657,-8.17,-8.17,-8.17c-4.513,0.0,-8.17,3.657,-8.17,8.17v10.894C374.573,319.698,378.23,323.356,382.743,323.356z"">
 </path>
 <path d=""M341.71,356.037c4.513,0.0,8.17,-3.657,8.17,-8.17v-10.894c0.0,-4.513,-3.657,-8.17,-8.17,-8.17c-4.513,0.0,-8.17,3.657,-8.17,8.17v10.894C333.54,352.378,337.197,356.037,341.71,356.037z"">
 </path>
 <path d=""M259.645,407.781c4.513,0.0,8.17,-3.657,8.17,-8.17v-10.894c0.0,-4.513,-3.657,-8.17,-8.17,-8.17s-8.17,3.657,-8.17,8.17v10.894C251.475,404.123,255.132,407.781,259.645,407.781z"">
 </path>
 <path d=""M218.612,323.356c4.513,0.0,8.17,-3.657,8.17,-8.17v-10.894c0.0,-4.513,-3.657,-8.17,-8.17,-8.17s-8.17,3.657,-8.17,8.17v10.894C210.442,319.698,214.099,323.356,218.612,323.356z"">
 </path>
 <path d=""M507.475,241.654H11.815c-4.513,0.0,-8.17,3.657,-8.17,8.17c0.0,68.38,26.628,132.667,74.981,181.019S191.265,505.824,259.645,505.824s132.667,-26.628,181.019,-74.981S515.645,318.203,515.645,249.824C515.645,245.311,511.988,241.654,507.475,241.654zM466.448,257.994C462.141,368.35,371.037,456.802,259.645,456.802S57.149,368.35,52.842,257.994L466.448,257.994L466.448,257.994zM259.645,489.483c-129.415,0.0,-235.2,-103.108,-239.522,-231.489h16.369C40.807,377.361,139.243,473.143,259.645,473.143s218.838,-95.782,223.154,-215.149h16.369C494.845,386.374,389.06,489.483,259.645,489.483z"">
 </path>
 <path d=""M259.573,210.034c-1.342,0.0,-2.685,-0.331,-3.901,-0.991c-4.178,-2.27,-102.312,-56.488,-102.312,-133.72c0.0,-33.346,27.128,-60.476,60.476,-60.476c17.738,0.0,34.376,7.807,45.737,20.958c11.362,-13.151,27.999,-20.958,45.737,-20.958c33.346,0.0,60.476,27.128,60.476,60.476c0.0,77.231,-98.134,131.45,-102.312,133.72C262.257,209.703,260.915,210.034,259.573,210.034zM213.835,31.187c-24.336,0.0,-44.135,19.799,-44.135,44.135c0.0,59.598,72.114,106.465,89.868,117.097c17.742,-10.644,89.877,-57.6,89.877,-117.097c0.0,-24.336,-19.799,-44.135,-44.135,-44.135c-16.014,0.0,-30.801,8.729,-38.592,22.781c-1.44,2.597,-4.176,4.208,-7.146,4.208s-5.705,-1.611,-7.146,-4.208C244.637,39.916,229.849,31.187,213.835,31.187z"">
 </path>
</svg>


Question: How many black seeds are visible in the semicircle?",4,6,8,10,B,fruit
19,"Examine the following SVG code carefully and answer the question based on your interpretation of the rendered image.

<svg id=""Layer_1"" style=""enable-background:new 0 0 512 512;"" version=""1.1"" viewbox=""0 0 512 512"" x=""0px"" xml:space=""preserve"" y=""0px"">
 <path d=""M305.302,23.01c-2.128,0.0,-4.219,0.131,-6.275,0.38l-39.384,178.437c2.971,-1.639,97.971,-54.393,97.971,-126.504C357.615,46.432,334.192,23.01,305.302,23.01z"" style=""fill:#FF3B3B;"">
 </path>
 <path d=""M299.028,23.39c19.62,3.137,34.82,25.194,34.82,51.933c0.0,71.934,-71.624,124.615,-74.203,126.504c-0.048,0.024,-0.071,0.036,-0.071,0.036s-98.043,-53.287,-98.043,-126.54c0.0,-28.89,23.411,-52.313,52.301,-52.313c19.703,0.0,36.816,10.91,45.741,26.989C267.523,35.654,282.01,25.422,299.028,23.39z"" style=""fill:#FF6761;"">
 </path>
 <path d=""M474.794,249.36L194.283,410.041L259.645,497.189c136.867,0.0,247.83,-110.962,247.83,-247.83L474.794,249.36L474.794,249.36z"" style=""fill:#6CDFB4;"">
 </path>
 <path d=""M44.496,249.36H11.815c0.0,136.867,110.962,247.83,247.83,247.83v-65.362L44.496,249.36z"" style=""fill:#7BFFCD;"">
 </path>
 <path d=""M442.113,249.36L261.998,464.487c117.553,-1.253,212.796,-97.281,212.796,-215.127H442.113z"" style=""fill:#FF3B3B;"">
 </path>
 <path d=""M44.496,249.36h397.617c0.0,117.706,-80.58,213.635,-180.115,215.127c-0.784,0.011,-1.569,0.022,-2.353,0.022C141.013,464.509,44.496,367.991,44.496,249.36z"" style=""fill:#FF6761;"">
 </path>
 <path d=""M300.677,101.416c4.513,0.0,8.17,-3.657,8.17,-8.17V82.352c0.0,-4.513,-3.657,-8.17,-8.17,-8.17c-4.513,0.0,-8.17,3.657,-8.17,8.17V93.245C292.507,97.759,296.164,101.416,300.677,101.416z"">
 </path>
 <path d=""M259.644,134.096c4.513,0.0,8.17,-3.657,8.17,-8.17v-10.894c0.0,-4.513,-3.657,-8.17,-8.17,-8.17c-4.513,0.0,-8.17,3.657,-8.17,8.17v10.894C251.474,130.44,255.131,134.096,259.644,134.096z"">
 </path>
 <path d=""M136.547,323.356c4.513,0.0,8.17,-3.657,8.17,-8.17v-10.894c0.0,-4.513,-3.657,-8.17,-8.17,-8.17c-4.513,0.0,-8.17,3.657,-8.17,8.17v10.894C128.377,319.698,132.034,323.356,136.547,323.356z"">
 </path>
 <path d=""M177.58,356.037c4.513,0.0,8.17,-3.657,8.17,-8.17v-10.894c0.0,-4.513,-3.657,-8.17,-8.17,-8.17s-8.17,3.657,-8.17,8.17v10.894C169.41,352.378,173.067,356.037,177.58,356.037z"">
 </path>
 <path d=""M382.743,323.356c4.513,0.0,8.17,-3.657,8.17,-8.17v-10.894c0.0,-4.513,-3.657,-8.17,-8.17,-8.17c-4.513,0.0,-8.17,3.657,-8.17,8.17v10.894C374.573,319.698,378.23,323.356,382.743,323.356z"">
 </path>
 <path d=""M341.71,356.037c4.513,0.0,8.17,-3.657,8.17,-8.17v-10.894c0.0,-4.513,-3.657,-8.17,-8.17,-8.17c-4.513,0.0,-8.17,3.657,-8.17,8.17v10.894C333.54,352.378,337.197,356.037,341.71,356.037z"">
 </path>
 <path d=""M259.645,407.781c4.513,0.0,8.17,-3.657,8.17,-8.17v-10.894c0.0,-4.513,-3.657,-8.17,-8.17,-8.17s-8.17,3.657,-8.17,8.17v10.894C251.475,404.123,255.132,407.781,259.645,407.781z"">
 </path>
 <path d=""M218.612,323.356c4.513,0.0,8.17,-3.657,8.17,-8.17v-10.894c0.0,-4.513,-3.657,-8.17,-8.17,-8.17s-8.17,3.657,-8.17,8.17v10.894C210.442,319.698,214.099,323.356,218.612,323.356z"">
 </path>
 <path d=""M507.475,241.654H11.815c-4.513,0.0,-8.17,3.657,-8.17,8.17c0.0,68.38,26.628,132.667,74.981,181.019S191.265,505.824,259.645,505.824s132.667,-26.628,181.019,-74.981S515.645,318.203,515.645,249.824C515.645,245.311,511.988,241.654,507.475,241.654zM466.448,257.994C462.141,368.35,371.037,456.802,259.645,456.802S57.149,368.35,52.842,257.994L466.448,257.994L466.448,257.994zM259.645,489.483c-129.415,0.0,-235.2,-103.108,-239.522,-231.489h16.369C40.807,377.361,139.243,473.143,259.645,473.143s218.838,-95.782,223.154,-215.149h16.369C494.845,386.374,389.06,489.483,259.645,489.483z"">
 </path>
 <path d=""M259.573,210.034c-1.342,0.0,-2.685,-0.331,-3.901,-0.991c-4.178,-2.27,-102.312,-56.488,-102.312,-133.72c0.0,-33.346,27.128,-60.476,60.476,-60.476c17.738,0.0,34.376,7.807,45.737,20.958c11.362,-13.151,27.999,-20.958,45.737,-20.958c33.346,0.0,60.476,27.128,60.476,60.476c0.0,77.231,-98.134,131.45,-102.312,133.72C262.257,209.703,260.915,210.034,259.573,210.034zM213.835,31.187c-24.336,0.0,-44.135,19.799,-44.135,44.135c0.0,59.598,72.114,106.465,89.868,117.097c17.742,-10.644,89.877,-57.6,89.877,-117.097c0.0,-24.336,-19.799,-44.135,-44.135,-44.135c-16.014,0.0,-30.801,8.729,-38.592,22.781c-1.44,2.597,-4.176,4.208,-7.146,4.208s-5.705,-1.611,-7.146,-4.208C244.637,39.916,229.849,31.187,213.835,31.187z"">
 </path>
</svg>


Question: What fruit is represented in the image?",Apple,Banana,Watermelon,Orange,C,fruit
44,"Examine the following SVG code carefully and answer the question based on your interpretation of the rendered image.

<svg id=""Layer_1"" style=""enable-background:new 0 0 512 512;"" version=""1.1"" viewbox=""0 0 512 512"" x=""0px"" xml:space=""preserve"" y=""0px"">
 <path d=""M445.22,265.413c-7.471,36.77,-24.074,77.302,-48.013,117.227C358.284,447.528,296.635,514.642,260.816,514.642s-97.468,-67.114,-136.38,-132.002c-23.939,-39.915,-40.552,-80.457,-48.024,-117.227c-9.258,-45.558,-4.984,-85.473,12.706,-118.617l6.29,-11.776l12.622,4.336c54.073,18.568,94.407,20.501,116.632,5.59c16.468,-11.055,19.926,-29.863,20.522,-40.093h31.284c0.596,10.23,4.054,29.027,20.522,40.082c22.225,14.911,62.548,12.978,116.611,-5.58l12.622,-4.336l6.29,11.776C450.204,179.94,454.477,219.845,445.22,265.413z"" style=""fill:#FF3C63;"">
 </path>
 <path d=""M445.22,265.413c-7.471,36.77,-24.074,77.302,-48.013,117.227C358.284,447.528,296.635,514.642,260.816,514.642V104.854h15.653c0.596,10.23,4.054,29.027,20.522,40.082c22.225,14.911,62.548,12.978,116.611,-5.58l12.622,-4.336l6.29,11.776C450.204,179.94,454.477,219.845,445.22,265.413z"" style=""fill:#C20019;"">
 </path>
 <g>
  <rect height=""26.497"" style=""fill:#FFA6B8;"" width=""26.498"" x=""135.783"" y=""238.099"">
  </rect>
  <rect height=""26.497"" style=""fill:#FFA6B8;"" width=""26.498"" x=""210.306"" y=""238.099"">
  </rect>
 </g>
 <rect height=""26.497"" style=""fill:#FF738E;"" width=""26.497"" x=""284.828"" y=""238.099"">
 </rect>
 <g>
  <rect height=""26.497"" style=""fill:#FFA6B8;"" width=""26.497"" x=""175.051"" y=""292.664"">
  </rect>
  <rect height=""26.497"" style=""fill:#FFA6B8;"" width=""26.497"" x=""249.573"" y=""292.664"">
  </rect>
 </g>
 <rect height=""26.497"" style=""fill:#FF738E;"" width=""26.497"" x=""324.095"" y=""292.664"">
 </rect>
 <rect height=""26.498"" style=""fill:#FFA6B8;"" width=""26.498"" x=""212.312"" y=""348.420"">
 </rect>
 <rect height=""26.498"" style=""fill:#FF738E;"" width=""26.498"" x=""286.834"" y=""348.420"">
 </rect>
 <rect height=""26.498"" style=""fill:#FFA6B8;"" width=""26.497"" x=""249.573"" y=""398.658"">
 </rect>
 <g>
  <rect height=""26.497"" style=""fill:#FF738E;"" width=""15.256"" x=""260.816"" y=""292.664"">
  </rect>
  <rect height=""26.498"" style=""fill:#FF738E;"" width=""15.256"" x=""260.816"" y=""398.658"">
  </rect>
  <rect height=""26.497"" style=""fill:#FF738E;"" width=""26.498"" x=""359.350"" y=""238.099"">
  </rect>
 </g>
 <path d=""M467.904,152.042l-19.54,7.805c-8.359,3.344,-16.635,6.416,-24.597,9.153c-33.28,11.431,-62.307,17.147,-86.873,17.147c-23.113,0.0,-42.287,-5.057,-57.375,-15.182c-7.889,-5.287,-13.981,-11.473,-18.704,-17.983c-4.712,6.51,-10.815,12.706,-18.704,17.993c-15.078,10.125,-34.262,15.182,-57.375,15.182c-24.576,0.0,-53.603,-5.716,-86.894,-17.157c-7.973,-2.727,-16.238,-5.81,-24.576,-9.143l-19.54,-7.805l13.072,-16.488c53.29,-67.166,102.066,-98.513,144.98,-93.153c13.479,1.682,24.597,6.75,33.552,13.009V2.642h31.347v52.59c9.112,-6.322,20.417,-11.421,34.116,-12.946c42.684,-4.775,91.157,26.603,144.039,93.268L467.904,152.042z"" style=""fill:#00A653;"">
 </path>
 <path d=""M467.904,152.042l-19.54,7.805c-8.359,3.344,-16.635,6.416,-24.597,9.153c-33.28,11.431,-62.307,17.147,-86.873,17.147c-23.113,0.0,-42.287,-5.057,-57.375,-15.182c-7.889,-5.287,-13.981,-11.473,-18.704,-17.983V2.642h15.862v52.59c9.112,-6.322,20.417,-11.421,34.116,-12.946c42.684,-4.775,91.157,26.603,144.039,93.268L467.904,152.042z"" style=""fill:#008040;"">
 </path>
</svg>


Question: What is the primary color of the object in the image?",Blue,Red,Yellow,Green,B,fruit
45,"Examine the following SVG code carefully and answer the question based on your interpretation of the rendered image.

<svg id=""Layer_1"" style=""enable-background:new 0 0 512 512;"" version=""1.1"" viewbox=""0 0 512 512"" x=""0px"" xml:space=""preserve"" y=""0px"">
 <path d=""M445.22,265.413c-7.471,36.77,-24.074,77.302,-48.013,117.227C358.284,447.528,296.635,514.642,260.816,514.642s-97.468,-67.114,-136.38,-132.002c-23.939,-39.915,-40.552,-80.457,-48.024,-117.227c-9.258,-45.558,-4.984,-85.473,12.706,-118.617l6.29,-11.776l12.622,4.336c54.073,18.568,94.407,20.501,116.632,5.59c16.468,-11.055,19.926,-29.863,20.522,-40.093h31.284c0.596,10.23,4.054,29.027,20.522,40.082c22.225,14.911,62.548,12.978,116.611,-5.58l12.622,-4.336l6.29,11.776C450.204,179.94,454.477,219.845,445.22,265.413z"" style=""fill:#FF3C63;"">
 </path>
 <path d=""M445.22,265.413c-7.471,36.77,-24.074,77.302,-48.013,117.227C358.284,447.528,296.635,514.642,260.816,514.642V104.854h15.653c0.596,10.23,4.054,29.027,20.522,40.082c22.225,14.911,62.548,12.978,116.611,-5.58l12.622,-4.336l6.29,11.776C450.204,179.94,454.477,219.845,445.22,265.413z"" style=""fill:#C20019;"">
 </path>
 <g>
  <rect height=""26.497"" style=""fill:#FFA6B8;"" width=""26.498"" x=""135.783"" y=""238.099"">
  </rect>
  <rect height=""26.497"" style=""fill:#FFA6B8;"" width=""26.498"" x=""210.306"" y=""238.099"">
  </rect>
 </g>
 <rect height=""26.497"" style=""fill:#FF738E;"" width=""26.497"" x=""284.828"" y=""238.099"">
 </rect>
 <g>
  <rect height=""26.497"" style=""fill:#FFA6B8;"" width=""26.497"" x=""175.051"" y=""292.664"">
  </rect>
  <rect height=""26.497"" style=""fill:#FFA6B8;"" width=""26.497"" x=""249.573"" y=""292.664"">
  </rect>
 </g>
 <rect height=""26.497"" style=""fill:#FF738E;"" width=""26.497"" x=""324.095"" y=""292.664"">
 </rect>
 <rect height=""26.498"" style=""fill:#FFA6B8;"" width=""26.498"" x=""212.312"" y=""348.420"">
 </rect>
 <rect height=""26.498"" style=""fill:#FF738E;"" width=""26.498"" x=""286.834"" y=""348.420"">
 </rect>
 <rect height=""26.498"" style=""fill:#FFA6B8;"" width=""26.497"" x=""249.573"" y=""398.658"">
 </rect>
 <g>
  <rect height=""26.497"" style=""fill:#FF738E;"" width=""15.256"" x=""260.816"" y=""292.664"">
  </rect>
  <rect height=""26.498"" style=""fill:#FF738E;"" width=""15.256"" x=""260.816"" y=""398.658"">
  </rect>
  <rect height=""26.497"" style=""fill:#FF738E;"" width=""26.498"" x=""359.350"" y=""238.099"">
  </rect>
 </g>
 <path d=""M467.904,152.042l-19.54,7.805c-8.359,3.344,-16.635,6.416,-24.597,9.153c-33.28,11.431,-62.307,17.147,-86.873,17.147c-23.113,0.0,-42.287,-5.057,-57.375,-15.182c-7.889,-5.287,-13.981,-11.473,-18.704,-17.983c-4.712,6.51,-10.815,12.706,-18.704,17.993c-15.078,10.125,-34.262,15.182,-57.375,15.182c-24.576,0.0,-53.603,-5.716,-86.894,-17.157c-7.973,-2.727,-16.238,-5.81,-24.576,-9.143l-19.54,-7.805l13.072,-16.488c53.29,-67.166,102.066,-98.513,144.98,-93.153c13.479,1.682,24.597,6.75,33.552,13.009V2.642h31.347v52.59c9.112,-6.322,20.417,-11.421,34.116,-12.946c42.684,-4.775,91.157,26.603,144.039,93.268L467.904,152.042z"" style=""fill:#00A653;"">
 </path>
 <path d=""M467.904,152.042l-19.54,7.805c-8.359,3.344,-16.635,6.416,-24.597,9.153c-33.28,11.431,-62.307,17.147,-86.873,17.147c-23.113,0.0,-42.287,-5.057,-57.375,-15.182c-7.889,-5.287,-13.981,-11.473,-18.704,-17.983V2.642h15.862v52.59c9.112,-6.322,20.417,-11.421,34.116,-12.946c42.684,-4.775,91.157,26.603,144.039,93.268L467.904,152.042z"" style=""fill:#008040;"">
 </path>
</svg>


Question: How many green leaves are visible on the object?",One,Two,Three,Four,B,fruit
46,"Examine the following SVG code carefully and answer the question based on your interpretation of the rendered image.

<svg id=""Layer_1"" style=""enable-background:new 0 0 512 512;"" version=""1.1"" viewbox=""0 0 512 512"" x=""0px"" xml:space=""preserve"" y=""0px"">
 <path d=""M445.22,265.413c-7.471,36.77,-24.074,77.302,-48.013,117.227C358.284,447.528,296.635,514.642,260.816,514.642s-97.468,-67.114,-136.38,-132.002c-23.939,-39.915,-40.552,-80.457,-48.024,-117.227c-9.258,-45.558,-4.984,-85.473,12.706,-118.617l6.29,-11.776l12.622,4.336c54.073,18.568,94.407,20.501,116.632,5.59c16.468,-11.055,19.926,-29.863,20.522,-40.093h31.284c0.596,10.23,4.054,29.027,20.522,40.082c22.225,14.911,62.548,12.978,116.611,-5.58l12.622,-4.336l6.29,11.776C450.204,179.94,454.477,219.845,445.22,265.413z"" style=""fill:#FF3C63;"">
 </path>
 <path d=""M445.22,265.413c-7.471,36.77,-24.074,77.302,-48.013,117.227C358.284,447.528,296.635,514.642,260.816,514.642V104.854h15.653c0.596,10.23,4.054,29.027,20.522,40.082c22.225,14.911,62.548,12.978,116.611,-5.58l12.622,-4.336l6.29,11.776C450.204,179.94,454.477,219.845,445.22,265.413z"" style=""fill:#C20019;"">
 </path>
 <g>
  <rect height=""26.497"" style=""fill:#FFA6B8;"" width=""26.498"" x=""135.783"" y=""238.099"">
  </rect>
  <rect height=""26.497"" style=""fill:#FFA6B8;"" width=""26.498"" x=""210.306"" y=""238.099"">
  </rect>
 </g>
 <rect height=""26.497"" style=""fill:#FF738E;"" width=""26.497"" x=""284.828"" y=""238.099"">
 </rect>
 <g>
  <rect height=""26.497"" style=""fill:#FFA6B8;"" width=""26.497"" x=""175.051"" y=""292.664"">
  </rect>
  <rect height=""26.497"" style=""fill:#FFA6B8;"" width=""26.497"" x=""249.573"" y=""292.664"">
  </rect>
 </g>
 <rect height=""26.497"" style=""fill:#FF738E;"" width=""26.497"" x=""324.095"" y=""292.664"">
 </rect>
 <rect height=""26.498"" style=""fill:#FFA6B8;"" width=""26.498"" x=""212.312"" y=""348.420"">
 </rect>
 <rect height=""26.498"" style=""fill:#FF738E;"" width=""26.498"" x=""286.834"" y=""348.420"">
 </rect>
 <rect height=""26.498"" style=""fill:#FFA6B8;"" width=""26.497"" x=""249.573"" y=""398.658"">
 </rect>
 <g>
  <rect height=""26.497"" style=""fill:#FF738E;"" width=""15.256"" x=""260.816"" y=""292.664"">
  </rect>
  <rect height=""26.498"" style=""fill:#FF738E;"" width=""15.256"" x=""260.816"" y=""398.658"">
  </rect>
  <rect height=""26.497"" style=""fill:#FF738E;"" width=""26.498"" x=""359.350"" y=""238.099"">
  </rect>
 </g>
 <path d=""M467.904,152.042l-19.54,7.805c-8.359,3.344,-16.635,6.416,-24.597,9.153c-33.28,11.431,-62.307,17.147,-86.873,17.147c-23.113,0.0,-42.287,-5.057,-57.375,-15.182c-7.889,-5.287,-13.981,-11.473,-18.704,-17.983c-4.712,6.51,-10.815,12.706,-18.704,17.993c-15.078,10.125,-34.262,15.182,-57.375,15.182c-24.576,0.0,-53.603,-5.716,-86.894,-17.157c-7.973,-2.727,-16.238,-5.81,-24.576,-9.143l-19.54,-7.805l13.072,-16.488c53.29,-67.166,102.066,-98.513,144.98,-93.153c13.479,1.682,24.597,6.75,33.552,13.009V2.642h31.347v52.59c9.112,-6.322,20.417,-11.421,34.116,-12.946c42.684,-4.775,91.157,26.603,144.039,93.268L467.904,152.042z"" style=""fill:#00A653;"">
 </path>
 <path d=""M467.904,152.042l-19.54,7.805c-8.359,3.344,-16.635,6.416,-24.597,9.153c-33.28,11.431,-62.307,17.147,-86.873,17.147c-23.113,0.0,-42.287,-5.057,-57.375,-15.182c-7.889,-5.287,-13.981,-11.473,-18.704,-17.983V2.642h15.862v52.59c9.112,-6.322,20.417,-11.421,34.116,-12.946c42.684,-4.775,91.157,26.603,144.039,93.268L467.904,152.042z"" style=""fill:#008040;"">
 </path>
</svg>


Question: What shape are the seeds on the object?",Circular,Square,Triangular,Hexagonal,B,fruit
47,"Examine the following SVG code carefully and answer the question based on your interpretation of the rendered image.

<svg id=""Layer_1"" style=""enable-background:new 0 0 512 512;"" version=""1.1"" viewbox=""0 0 512 512"" x=""0px"" xml:space=""preserve"" y=""0px"">
 <path d=""M445.22,265.413c-7.471,36.77,-24.074,77.302,-48.013,117.227C358.284,447.528,296.635,514.642,260.816,514.642s-97.468,-67.114,-136.38,-132.002c-23.939,-39.915,-40.552,-80.457,-48.024,-117.227c-9.258,-45.558,-4.984,-85.473,12.706,-118.617l6.29,-11.776l12.622,4.336c54.073,18.568,94.407,20.501,116.632,5.59c16.468,-11.055,19.926,-29.863,20.522,-40.093h31.284c0.596,10.23,4.054,29.027,20.522,40.082c22.225,14.911,62.548,12.978,116.611,-5.58l12.622,-4.336l6.29,11.776C450.204,179.94,454.477,219.845,445.22,265.413z"" style=""fill:#FF3C63;"">
 </path>
 <path d=""M445.22,265.413c-7.471,36.77,-24.074,77.302,-48.013,117.227C358.284,447.528,296.635,514.642,260.816,514.642V104.854h15.653c0.596,10.23,4.054,29.027,20.522,40.082c22.225,14.911,62.548,12.978,116.611,-5.58l12.622,-4.336l6.29,11.776C450.204,179.94,454.477,219.845,445.22,265.413z"" style=""fill:#C20019;"">
 </path>
 <g>
  <rect height=""26.497"" style=""fill:#FFA6B8;"" width=""26.498"" x=""135.783"" y=""238.099"">
  </rect>
  <rect height=""26.497"" style=""fill:#FFA6B8;"" width=""26.498"" x=""210.306"" y=""238.099"">
  </rect>
 </g>
 <rect height=""26.497"" style=""fill:#FF738E;"" width=""26.497"" x=""284.828"" y=""238.099"">
 </rect>
 <g>
  <rect height=""26.497"" style=""fill:#FFA6B8;"" width=""26.497"" x=""175.051"" y=""292.664"">
  </rect>
  <rect height=""26.497"" style=""fill:#FFA6B8;"" width=""26.497"" x=""249.573"" y=""292.664"">
  </rect>
 </g>
 <rect height=""26.497"" style=""fill:#FF738E;"" width=""26.497"" x=""324.095"" y=""292.664"">
 </rect>
 <rect height=""26.498"" style=""fill:#FFA6B8;"" width=""26.498"" x=""212.312"" y=""348.420"">
 </rect>
 <rect height=""26.498"" style=""fill:#FF738E;"" width=""26.498"" x=""286.834"" y=""348.420"">
 </rect>
 <rect height=""26.498"" style=""fill:#FFA6B8;"" width=""26.497"" x=""249.573"" y=""398.658"">
 </rect>
 <g>
  <rect height=""26.497"" style=""fill:#FF738E;"" width=""15.256"" x=""260.816"" y=""292.664"">
  </rect>
  <rect height=""26.498"" style=""fill:#FF738E;"" width=""15.256"" x=""260.816"" y=""398.658"">
  </rect>
  <rect height=""26.497"" style=""fill:#FF738E;"" width=""26.498"" x=""359.350"" y=""238.099"">
  </rect>
 </g>
 <path d=""M467.904,152.042l-19.54,7.805c-8.359,3.344,-16.635,6.416,-24.597,9.153c-33.28,11.431,-62.307,17.147,-86.873,17.147c-23.113,0.0,-42.287,-5.057,-57.375,-15.182c-7.889,-5.287,-13.981,-11.473,-18.704,-17.983c-4.712,6.51,-10.815,12.706,-18.704,17.993c-15.078,10.125,-34.262,15.182,-57.375,15.182c-24.576,0.0,-53.603,-5.716,-86.894,-17.157c-7.973,-2.727,-16.238,-5.81,-24.576,-9.143l-19.54,-7.805l13.072,-16.488c53.29,-67.166,102.066,-98.513,144.98,-93.153c13.479,1.682,24.597,6.75,33.552,13.009V2.642h31.347v52.59c9.112,-6.322,20.417,-11.421,34.116,-12.946c42.684,-4.775,91.157,26.603,144.039,93.268L467.904,152.042z"" style=""fill:#00A653;"">
 </path>
 <path d=""M467.904,152.042l-19.54,7.805c-8.359,3.344,-16.635,6.416,-24.597,9.153c-33.28,11.431,-62.307,17.147,-86.873,17.147c-23.113,0.0,-42.287,-5.057,-57.375,-15.182c-7.889,-5.287,-13.981,-11.473,-18.704,-17.983V2.642h15.862v52.59c9.112,-6.322,20.417,-11.421,34.116,-12.946c42.684,-4.775,91.157,26.603,144.039,93.268L467.904,152.042z"" style=""fill:#008040;"">
 </path>
</svg>


Question: What type of fruit is depicted in the image?",Apple,Banana,Grape,Strawberry,D,fruit
48,"Examine the following SVG code carefully and answer the question based on your interpretation of the rendered image.

<svg id=""Layer_1"" style=""enable-background:new 0 0 512 512;"" version=""1.1"" viewbox=""0 0 512 512"" x=""0px"" xml:space=""preserve"" y=""0px"">
 <path d=""M260.913,515.845c-120.23,0.0,-218.043,-97.814,-218.043,-218.043c0.0,-71.643,35.24,-138.755,94.265,-179.525c11.826,-8.172,28.166,-0.917,30.017,13.359l8.523,65.735l41.891,-26.014c10.434,-6.477,24.142,-1.638,28.262,9.85l15.083,42.054l15.076,-42.051c4.15,-11.573,17.914,-16.286,28.276,-9.853l41.891,26.014l8.523,-65.735c1.85,-14.257,18.17,-21.539,30.017,-13.359c59.026,40.77,94.265,107.881,94.265,179.525C478.956,418.031,381.142,515.845,260.913,515.845z"" style=""fill:#FF5E5B;"">
 </path>
 <g>
  <path d=""M384.691,118.276c-11.828,-8.169,-28.166,-0.92,-30.017,13.359l-8.523,65.735c-45.42,-28.205,-44.745,-28.91,-52.054,-28.91c-8.122,0.0,-15.37,5.102,-18.113,12.748L260.913,223.249V515.845c120.23,0.0,218.043,-97.814,218.043,-218.043C478.956,226.158,443.718,159.046,384.691,118.276z"" style=""fill:#ED3E3C;"">
  </path>
  <path d=""M187.198,439.869c-24.251,-12.829,-44.88,-31.855,-59.658,-55.02c-5.715,-8.959,-3.085,-20.855,5.874,-26.57c8.961,-5.716,20.855,-3.085,26.571,5.874c11.2,17.56,26.834,31.979,45.21,41.7c9.392,4.969,12.979,16.613,8.01,26.005C208.234,441.253,196.59,444.837,187.198,439.869z"" style=""fill:#ED3E3C;"">
  </path>
 </g>
 <path d=""M242.802,286.762l-25.16,-70.154l-47.057,29.221c-11.883,7.377,-27.437,-0.015,-29.231,-13.872l-11.712,-90.322l-23.432,-31.043c-9.549,-12.651,-0.507,-30.835,15.357,-30.835h86.907V56.284C208.474,27.369,231.998,3.845,260.913,3.845s52.439,23.524,52.439,52.439v23.474h86.907c15.847,0.0,24.915,18.173,15.357,30.834l-23.432,31.043l-11.712,90.322c-1.797,13.868,-17.361,21.245,-29.231,13.872l-47.063,-29.225l-25.151,70.157C272.959,303.683,248.89,303.738,242.802,286.762z"" style=""fill:#23B898;"">
 </path>
 <path d=""M400.259,79.759h-86.907V56.284C313.352,27.369,289.828,3.845,260.913,3.845v295.663c8.062,0.0,15.351,-5.044,18.113,-12.748l25.151,-70.157l47.063,29.225c11.88,7.377,27.437,-0.014,29.231,-13.872l11.712,-90.322l23.432,-31.043C425.165,97.943,416.123,79.759,400.259,79.759z"" style=""fill:#1DA49C;"">
 </path>
</svg>


Question: What is the primary color of the object?",Blue,Red,Yellow,Green,B,fruit
49,"Examine the following SVG code carefully and answer the question based on your interpretation of the rendered image.

<svg id=""Layer_1"" style=""enable-background:new 0 0 512 512;"" version=""1.1"" viewbox=""0 0 512 512"" x=""0px"" xml:space=""preserve"" y=""0px"">
 <path d=""M260.913,515.845c-120.23,0.0,-218.043,-97.814,-218.043,-218.043c0.0,-71.643,35.24,-138.755,94.265,-179.525c11.826,-8.172,28.166,-0.917,30.017,13.359l8.523,65.735l41.891,-26.014c10.434,-6.477,24.142,-1.638,28.262,9.85l15.083,42.054l15.076,-42.051c4.15,-11.573,17.914,-16.286,28.276,-9.853l41.891,26.014l8.523,-65.735c1.85,-14.257,18.17,-21.539,30.017,-13.359c59.026,40.77,94.265,107.881,94.265,179.525C478.956,418.031,381.142,515.845,260.913,515.845z"" style=""fill:#FF5E5B;"">
 </path>
 <g>
  <path d=""M384.691,118.276c-11.828,-8.169,-28.166,-0.92,-30.017,13.359l-8.523,65.735c-45.42,-28.205,-44.745,-28.91,-52.054,-28.91c-8.122,0.0,-15.37,5.102,-18.113,12.748L260.913,223.249V515.845c120.23,0.0,218.043,-97.814,218.043,-218.043C478.956,226.158,443.718,159.046,384.691,118.276z"" style=""fill:#ED3E3C;"">
  </path>
  <path d=""M187.198,439.869c-24.251,-12.829,-44.88,-31.855,-59.658,-55.02c-5.715,-8.959,-3.085,-20.855,5.874,-26.57c8.961,-5.716,20.855,-3.085,26.571,5.874c11.2,17.56,26.834,31.979,45.21,41.7c9.392,4.969,12.979,16.613,8.01,26.005C208.234,441.253,196.59,444.837,187.198,439.869z"" style=""fill:#ED3E3C;"">
  </path>
 </g>
 <path d=""M242.802,286.762l-25.16,-70.154l-47.057,29.221c-11.883,7.377,-27.437,-0.015,-29.231,-13.872l-11.712,-90.322l-23.432,-31.043c-9.549,-12.651,-0.507,-30.835,15.357,-30.835h86.907V56.284C208.474,27.369,231.998,3.845,260.913,3.845s52.439,23.524,52.439,52.439v23.474h86.907c15.847,0.0,24.915,18.173,15.357,30.834l-23.432,31.043l-11.712,90.322c-1.797,13.868,-17.361,21.245,-29.231,13.872l-47.063,-29.225l-25.151,70.157C272.959,303.683,248.89,303.738,242.802,286.762z"" style=""fill:#23B898;"">
 </path>
 <path d=""M400.259,79.759h-86.907V56.284C313.352,27.369,289.828,3.845,260.913,3.845v295.663c8.062,0.0,15.351,-5.044,18.113,-12.748l25.151,-70.157l47.063,29.225c11.88,7.377,27.437,-0.014,29.231,-13.872l11.712,-90.322l23.432,-31.043C425.165,97.943,416.123,79.759,400.259,79.759z"" style=""fill:#1DA49C;"">
 </path>
</svg>


Question: What shape is the object?",Square,Triangle,Circle,Rectangle,C,fruit
50,"Examine the following SVG code carefully and answer the question based on your interpretation of the rendered image.

<svg id=""Layer_1"" style=""enable-background:new 0 0 512 512;"" version=""1.1"" viewbox=""0 0 512 512"" x=""0px"" xml:space=""preserve"" y=""0px"">
 <path d=""M260.913,515.845c-120.23,0.0,-218.043,-97.814,-218.043,-218.043c0.0,-71.643,35.24,-138.755,94.265,-179.525c11.826,-8.172,28.166,-0.917,30.017,13.359l8.523,65.735l41.891,-26.014c10.434,-6.477,24.142,-1.638,28.262,9.85l15.083,42.054l15.076,-42.051c4.15,-11.573,17.914,-16.286,28.276,-9.853l41.891,26.014l8.523,-65.735c1.85,-14.257,18.17,-21.539,30.017,-13.359c59.026,40.77,94.265,107.881,94.265,179.525C478.956,418.031,381.142,515.845,260.913,515.845z"" style=""fill:#FF5E5B;"">
 </path>
 <g>
  <path d=""M384.691,118.276c-11.828,-8.169,-28.166,-0.92,-30.017,13.359l-8.523,65.735c-45.42,-28.205,-44.745,-28.91,-52.054,-28.91c-8.122,0.0,-15.37,5.102,-18.113,12.748L260.913,223.249V515.845c120.23,0.0,218.043,-97.814,218.043,-218.043C478.956,226.158,443.718,159.046,384.691,118.276z"" style=""fill:#ED3E3C;"">
  </path>
  <path d=""M187.198,439.869c-24.251,-12.829,-44.88,-31.855,-59.658,-55.02c-5.715,-8.959,-3.085,-20.855,5.874,-26.57c8.961,-5.716,20.855,-3.085,26.571,5.874c11.2,17.56,26.834,31.979,45.21,41.7c9.392,4.969,12.979,16.613,8.01,26.005C208.234,441.253,196.59,444.837,187.198,439.869z"" style=""fill:#ED3E3C;"">
  </path>
 </g>
 <path d=""M242.802,286.762l-25.16,-70.154l-47.057,29.221c-11.883,7.377,-27.437,-0.015,-29.231,-13.872l-11.712,-90.322l-23.432,-31.043c-9.549,-12.651,-0.507,-30.835,15.357,-30.835h86.907V56.284C208.474,27.369,231.998,3.845,260.913,3.845s52.439,23.524,52.439,52.439v23.474h86.907c15.847,0.0,24.915,18.173,15.357,30.834l-23.432,31.043l-11.712,90.322c-1.797,13.868,-17.361,21.245,-29.231,13.872l-47.063,-29.225l-25.151,70.157C272.959,303.683,248.89,303.738,242.802,286.762z"" style=""fill:#23B898;"">
 </path>
 <path d=""M400.259,79.759h-86.907V56.284C313.352,27.369,289.828,3.845,260.913,3.845v295.663c8.062,0.0,15.351,-5.044,18.113,-12.748l25.151,-70.157l47.063,29.225c11.88,7.377,27.437,-0.014,29.231,-13.872l11.712,-90.322l23.432,-31.043C425.165,97.943,416.123,79.759,400.259,79.759z"" style=""fill:#1DA49C;"">
 </path>
</svg>


Question: What is the color of the leaf-like structure on top of the object?",Red,Yellow,Blue,Green,D,fruit
51,"Examine the following SVG code carefully and answer the question based on your interpretation of the rendered image.

<svg id=""Layer_1"" style=""enable-background:new 0 0 512 512;"" version=""1.1"" viewbox=""0 0 512 512"" x=""0px"" xml:space=""preserve"" y=""0px"">
 <path d=""M260.913,515.845c-120.23,0.0,-218.043,-97.814,-218.043,-218.043c0.0,-71.643,35.24,-138.755,94.265,-179.525c11.826,-8.172,28.166,-0.917,30.017,13.359l8.523,65.735l41.891,-26.014c10.434,-6.477,24.142,-1.638,28.262,9.85l15.083,42.054l15.076,-42.051c4.15,-11.573,17.914,-16.286,28.276,-9.853l41.891,26.014l8.523,-65.735c1.85,-14.257,18.17,-21.539,30.017,-13.359c59.026,40.77,94.265,107.881,94.265,179.525C478.956,418.031,381.142,515.845,260.913,515.845z"" style=""fill:#FF5E5B;"">
 </path>
 <g>
  <path d=""M384.691,118.276c-11.828,-8.169,-28.166,-0.92,-30.017,13.359l-8.523,65.735c-45.42,-28.205,-44.745,-28.91,-52.054,-28.91c-8.122,0.0,-15.37,5.102,-18.113,12.748L260.913,223.249V515.845c120.23,0.0,218.043,-97.814,218.043,-218.043C478.956,226.158,443.718,159.046,384.691,118.276z"" style=""fill:#ED3E3C;"">
  </path>
  <path d=""M187.198,439.869c-24.251,-12.829,-44.88,-31.855,-59.658,-55.02c-5.715,-8.959,-3.085,-20.855,5.874,-26.57c8.961,-5.716,20.855,-3.085,26.571,5.874c11.2,17.56,26.834,31.979,45.21,41.7c9.392,4.969,12.979,16.613,8.01,26.005C208.234,441.253,196.59,444.837,187.198,439.869z"" style=""fill:#ED3E3C;"">
  </path>
 </g>
 <path d=""M242.802,286.762l-25.16,-70.154l-47.057,29.221c-11.883,7.377,-27.437,-0.015,-29.231,-13.872l-11.712,-90.322l-23.432,-31.043c-9.549,-12.651,-0.507,-30.835,15.357,-30.835h86.907V56.284C208.474,27.369,231.998,3.845,260.913,3.845s52.439,23.524,52.439,52.439v23.474h86.907c15.847,0.0,24.915,18.173,15.357,30.834l-23.432,31.043l-11.712,90.322c-1.797,13.868,-17.361,21.245,-29.231,13.872l-47.063,-29.225l-25.151,70.157C272.959,303.683,248.89,303.738,242.802,286.762z"" style=""fill:#23B898;"">
 </path>
 <path d=""M400.259,79.759h-86.907V56.284C313.352,27.369,289.828,3.845,260.913,3.845v295.663c8.062,0.0,15.351,-5.044,18.113,-12.748l25.151,-70.157l47.063,29.225c11.88,7.377,27.437,-0.014,29.231,-13.872l11.712,-90.322l23.432,-31.043C425.165,97.943,416.123,79.759,400.259,79.759z"" style=""fill:#1DA49C;"">
 </path>
</svg>


Question: What type of fruit does the object resemble?",Apple,Banana,Tomato,Grape,C,fruit
60,"Examine the following SVG code carefully and answer the question based on your interpretation of the rendered image.

<svg id=""Layer_1"" style=""enable-background:new 0 0 297 297;"" version=""1.1"" viewbox=""0 0 297 297"" x=""0px"" xml:space=""preserve"" y=""0px"">
 <g>
  <g>
   <g>
    <circle cx=""150.404"" cy=""150.789"" r=""148.5"" style=""fill:#D5C295;"">
    </circle>
   </g>
  </g>
  <path d=""M295.87,120.784l-34.99,-34.99c-11.177,4.548,-22.458,11.429,-34.476,7.995c-3.0,-2.0,-9.0,-3.0,-13.0,-1.0c-29.0,16.0,-51.0,39.0,-72.0,65.0c-3.0,2.0,-4.0,7.0,-6.0,10.0c-13.0,15.0,-21.0,30.0,-32.0,47.0c-8.0,10.0,-19.0,13.0,-30.0,18.0c-1.881,1.128,-2.849,3.453,-4.5,5.217l59.683,59.683c7.121,1.049,14.404,1.599,21.817,1.599c82.014,0.0,148.5,-66.486,148.5,-148.5C298.904,140.51,297.859,130.475,295.87,120.784z"" style=""fill:#897256;"">
  </path>
  <g>
   <path d=""M201.117,102.962c0.167,-0.985,22.258,-29.595,2.476,-44.243c-13.76,-10.189,-22.223,3.741,-11.501,8.985C207.231,75.109,201.117,102.962,201.117,102.962z"" style=""fill:#6AAC4B;"">
   </path>
  </g>
  <g>
   <path d=""M199.494,101.341c1.061,-0.108,30.681,-21.41,48.005,0.462c12.051,15.215,-2.531,23.169,-8.985,11.501C229.4,96.829,199.494,101.341,199.494,101.341z"" style=""fill:#6AAC4B;"">
   </path>
  </g>
  <g>
   <path d=""M196.707,105.925c0.522,-1.027,32.043,-20.288,18.692,-49.191c-9.287,-20.106,-22.46,-9.322,-14.227,3.255C212.795,77.746,196.707,105.925,196.707,105.925z"" style=""fill:#456957;"">
   </path>
  </g>
  <g>
   <path d=""M196.708,105.925c1.155,-0.748,24.574,-42.899,55.564,-26.796c21.558,11.202,9.0,29.245,-4.353,19.028C229.067,83.731,196.708,105.925,196.708,105.925z"" style=""fill:#365645;"">
   </path>
  </g>
  <g>
   <path d=""M204.94,101.97c5.769,5.769,16.054,15.428,8.444,32.836S142.187,220.598,68.904,238.006c17.408,-73.283,85.792,-136.87,103.2,-144.48C189.512,85.917,199.171,96.201,204.94,101.97z"" style=""fill:#E67E22;"">
   </path>
  </g>
  <g>
   <path d=""M204.94,101.97c-5.769,-5.769,-15.428,-16.053,-32.836,-8.444c-4.312,1.885,-11.754,7.208,-20.772,15.259c-0.996,30.078,-1.516,60.156,-1.899,90.234c34.761,-25.09,59.393,-53.789,63.95,-64.213C220.994,117.398,210.709,107.739,204.94,101.97z"" style=""fill:#D16718;"">
   </path>
  </g>
  <g>
   <path d=""M163.661,163.889l8.536,17.073c1.544,-1.342,3.054,-2.679,4.528,-4.009L163.661,163.889z"" style=""fill:#C14C23;"">
   </path>
  </g>
  <g>
   <path d=""M194.895,159.121c2.411,-2.592,4.615,-5.076,6.609,-7.425l-20.643,-20.644L194.895,159.121z"" style=""fill:#C14C23;"">
   </path>
  </g>
  <g>
   <path d=""M161.794,100.102l22.507,22.507l-14.075,-28.15C167.949,95.698,165.092,97.6,161.794,100.102z"" style=""fill:#C14C23;"">
   </path>
  </g>
  <g>
   <path d=""M144.461,115.168c-1.466,1.412,-2.957,2.881,-4.473,4.408l13.353,13.353L144.461,115.168z"" style=""fill:#D75E29;"">
   </path>
  </g>
  <g>
   <path d=""M146.242,201.292c2.673,-1.878,5.289,-3.779,7.845,-5.696l-21.386,-21.386L146.242,201.292z"" style=""fill:#D75E29;"">
   </path>
  </g>
  <g>
   <path d=""M120.399,141.268l22.622,22.622l-15.491,-30.982C125.164,135.589,122.782,138.375,120.399,141.268z"" style=""fill:#D75E29;"">
   </path>
  </g>
  <g>
   <path d=""M102.717,164.865l19.664,19.664l-13.922,-27.843C106.521,159.353,104.604,162.081,102.717,164.865z"" style=""fill:#D75E29;"">
   </path>
  </g>
 </g>
</svg>


Question: What is the primary color of the object in the image?",Red,Blue,Yellow,Orange,D,fruit
61,"Examine the following SVG code carefully and answer the question based on your interpretation of the rendered image.

<svg id=""Layer_1"" style=""enable-background:new 0 0 297 297;"" version=""1.1"" viewbox=""0 0 297 297"" x=""0px"" xml:space=""preserve"" y=""0px"">
 <g>
  <g>
   <g>
    <circle cx=""150.404"" cy=""150.789"" r=""148.5"" style=""fill:#D5C295;"">
    </circle>
   </g>
  </g>
  <path d=""M295.87,120.784l-34.99,-34.99c-11.177,4.548,-22.458,11.429,-34.476,7.995c-3.0,-2.0,-9.0,-3.0,-13.0,-1.0c-29.0,16.0,-51.0,39.0,-72.0,65.0c-3.0,2.0,-4.0,7.0,-6.0,10.0c-13.0,15.0,-21.0,30.0,-32.0,47.0c-8.0,10.0,-19.0,13.0,-30.0,18.0c-1.881,1.128,-2.849,3.453,-4.5,5.217l59.683,59.683c7.121,1.049,14.404,1.599,21.817,1.599c82.014,0.0,148.5,-66.486,148.5,-148.5C298.904,140.51,297.859,130.475,295.87,120.784z"" style=""fill:#897256;"">
  </path>
  <g>
   <path d=""M201.117,102.962c0.167,-0.985,22.258,-29.595,2.476,-44.243c-13.76,-10.189,-22.223,3.741,-11.501,8.985C207.231,75.109,201.117,102.962,201.117,102.962z"" style=""fill:#6AAC4B;"">
   </path>
  </g>
  <g>
   <path d=""M199.494,101.341c1.061,-0.108,30.681,-21.41,48.005,0.462c12.051,15.215,-2.531,23.169,-8.985,11.501C229.4,96.829,199.494,101.341,199.494,101.341z"" style=""fill:#6AAC4B;"">
   </path>
  </g>
  <g>
   <path d=""M196.707,105.925c0.522,-1.027,32.043,-20.288,18.692,-49.191c-9.287,-20.106,-22.46,-9.322,-14.227,3.255C212.795,77.746,196.707,105.925,196.707,105.925z"" style=""fill:#456957;"">
   </path>
  </g>
  <g>
   <path d=""M196.708,105.925c1.155,-0.748,24.574,-42.899,55.564,-26.796c21.558,11.202,9.0,29.245,-4.353,19.028C229.067,83.731,196.708,105.925,196.708,105.925z"" style=""fill:#365645;"">
   </path>
  </g>
  <g>
   <path d=""M204.94,101.97c5.769,5.769,16.054,15.428,8.444,32.836S142.187,220.598,68.904,238.006c17.408,-73.283,85.792,-136.87,103.2,-144.48C189.512,85.917,199.171,96.201,204.94,101.97z"" style=""fill:#E67E22;"">
   </path>
  </g>
  <g>
   <path d=""M204.94,101.97c-5.769,-5.769,-15.428,-16.053,-32.836,-8.444c-4.312,1.885,-11.754,7.208,-20.772,15.259c-0.996,30.078,-1.516,60.156,-1.899,90.234c34.761,-25.09,59.393,-53.789,63.95,-64.213C220.994,117.398,210.709,107.739,204.94,101.97z"" style=""fill:#D16718;"">
   </path>
  </g>
  <g>
   <path d=""M163.661,163.889l8.536,17.073c1.544,-1.342,3.054,-2.679,4.528,-4.009L163.661,163.889z"" style=""fill:#C14C23;"">
   </path>
  </g>
  <g>
   <path d=""M194.895,159.121c2.411,-2.592,4.615,-5.076,6.609,-7.425l-20.643,-20.644L194.895,159.121z"" style=""fill:#C14C23;"">
   </path>
  </g>
  <g>
   <path d=""M161.794,100.102l22.507,22.507l-14.075,-28.15C167.949,95.698,165.092,97.6,161.794,100.102z"" style=""fill:#C14C23;"">
   </path>
  </g>
  <g>
   <path d=""M144.461,115.168c-1.466,1.412,-2.957,2.881,-4.473,4.408l13.353,13.353L144.461,115.168z"" style=""fill:#D75E29;"">
   </path>
  </g>
  <g>
   <path d=""M146.242,201.292c2.673,-1.878,5.289,-3.779,7.845,-5.696l-21.386,-21.386L146.242,201.292z"" style=""fill:#D75E29;"">
   </path>
  </g>
  <g>
   <path d=""M120.399,141.268l22.622,22.622l-15.491,-30.982C125.164,135.589,122.782,138.375,120.399,141.268z"" style=""fill:#D75E29;"">
   </path>
  </g>
  <g>
   <path d=""M102.717,164.865l19.664,19.664l-13.922,-27.843C106.521,159.353,104.604,162.081,102.717,164.865z"" style=""fill:#D75E29;"">
   </path>
  </g>
 </g>
</svg>


Question: What shape is the background of the image?",Square,Circle,Triangle,Hexagon,B,fruit
62,"Examine the following SVG code carefully and answer the question based on your interpretation of the rendered image.

<svg id=""Layer_1"" style=""enable-background:new 0 0 297 297;"" version=""1.1"" viewbox=""0 0 297 297"" x=""0px"" xml:space=""preserve"" y=""0px"">
 <g>
  <g>
   <g>
    <circle cx=""150.404"" cy=""150.789"" r=""148.5"" style=""fill:#D5C295;"">
    </circle>
   </g>
  </g>
  <path d=""M295.87,120.784l-34.99,-34.99c-11.177,4.548,-22.458,11.429,-34.476,7.995c-3.0,-2.0,-9.0,-3.0,-13.0,-1.0c-29.0,16.0,-51.0,39.0,-72.0,65.0c-3.0,2.0,-4.0,7.0,-6.0,10.0c-13.0,15.0,-21.0,30.0,-32.0,47.0c-8.0,10.0,-19.0,13.0,-30.0,18.0c-1.881,1.128,-2.849,3.453,-4.5,5.217l59.683,59.683c7.121,1.049,14.404,1.599,21.817,1.599c82.014,0.0,148.5,-66.486,148.5,-148.5C298.904,140.51,297.859,130.475,295.87,120.784z"" style=""fill:#897256;"">
  </path>
  <g>
   <path d=""M201.117,102.962c0.167,-0.985,22.258,-29.595,2.476,-44.243c-13.76,-10.189,-22.223,3.741,-11.501,8.985C207.231,75.109,201.117,102.962,201.117,102.962z"" style=""fill:#6AAC4B;"">
   </path>
  </g>
  <g>
   <path d=""M199.494,101.341c1.061,-0.108,30.681,-21.41,48.005,0.462c12.051,15.215,-2.531,23.169,-8.985,11.501C229.4,96.829,199.494,101.341,199.494,101.341z"" style=""fill:#6AAC4B;"">
   </path>
  </g>
  <g>
   <path d=""M196.707,105.925c0.522,-1.027,32.043,-20.288,18.692,-49.191c-9.287,-20.106,-22.46,-9.322,-14.227,3.255C212.795,77.746,196.707,105.925,196.707,105.925z"" style=""fill:#456957;"">
   </path>
  </g>
  <g>
   <path d=""M196.708,105.925c1.155,-0.748,24.574,-42.899,55.564,-26.796c21.558,11.202,9.0,29.245,-4.353,19.028C229.067,83.731,196.708,105.925,196.708,105.925z"" style=""fill:#365645;"">
   </path>
  </g>
  <g>
   <path d=""M204.94,101.97c5.769,5.769,16.054,15.428,8.444,32.836S142.187,220.598,68.904,238.006c17.408,-73.283,85.792,-136.87,103.2,-144.48C189.512,85.917,199.171,96.201,204.94,101.97z"" style=""fill:#E67E22;"">
   </path>
  </g>
  <g>
   <path d=""M204.94,101.97c-5.769,-5.769,-15.428,-16.053,-32.836,-8.444c-4.312,1.885,-11.754,7.208,-20.772,15.259c-0.996,30.078,-1.516,60.156,-1.899,90.234c34.761,-25.09,59.393,-53.789,63.95,-64.213C220.994,117.398,210.709,107.739,204.94,101.97z"" style=""fill:#D16718;"">
   </path>
  </g>
  <g>
   <path d=""M163.661,163.889l8.536,17.073c1.544,-1.342,3.054,-2.679,4.528,-4.009L163.661,163.889z"" style=""fill:#C14C23;"">
   </path>
  </g>
  <g>
   <path d=""M194.895,159.121c2.411,-2.592,4.615,-5.076,6.609,-7.425l-20.643,-20.644L194.895,159.121z"" style=""fill:#C14C23;"">
   </path>
  </g>
  <g>
   <path d=""M161.794,100.102l22.507,22.507l-14.075,-28.15C167.949,95.698,165.092,97.6,161.794,100.102z"" style=""fill:#C14C23;"">
   </path>
  </g>
  <g>
   <path d=""M144.461,115.168c-1.466,1.412,-2.957,2.881,-4.473,4.408l13.353,13.353L144.461,115.168z"" style=""fill:#D75E29;"">
   </path>
  </g>
  <g>
   <path d=""M146.242,201.292c2.673,-1.878,5.289,-3.779,7.845,-5.696l-21.386,-21.386L146.242,201.292z"" style=""fill:#D75E29;"">
   </path>
  </g>
  <g>
   <path d=""M120.399,141.268l22.622,22.622l-15.491,-30.982C125.164,135.589,122.782,138.375,120.399,141.268z"" style=""fill:#D75E29;"">
   </path>
  </g>
  <g>
   <path d=""M102.717,164.865l19.664,19.664l-13.922,-27.843C106.521,159.353,104.604,162.081,102.717,164.865z"" style=""fill:#D75E29;"">
   </path>
  </g>
 </g>
</svg>


Question: What color is the shadow in the image?",Black,Gray,White,Brown,D,fruit
63,"Examine the following SVG code carefully and answer the question based on your interpretation of the rendered image.

<svg id=""Layer_1"" style=""enable-background:new 0 0 297 297;"" version=""1.1"" viewbox=""0 0 297 297"" x=""0px"" xml:space=""preserve"" y=""0px"">
 <g>
  <g>
   <g>
    <circle cx=""150.404"" cy=""150.789"" r=""148.5"" style=""fill:#D5C295;"">
    </circle>
   </g>
  </g>
  <path d=""M295.87,120.784l-34.99,-34.99c-11.177,4.548,-22.458,11.429,-34.476,7.995c-3.0,-2.0,-9.0,-3.0,-13.0,-1.0c-29.0,16.0,-51.0,39.0,-72.0,65.0c-3.0,2.0,-4.0,7.0,-6.0,10.0c-13.0,15.0,-21.0,30.0,-32.0,47.0c-8.0,10.0,-19.0,13.0,-30.0,18.0c-1.881,1.128,-2.849,3.453,-4.5,5.217l59.683,59.683c7.121,1.049,14.404,1.599,21.817,1.599c82.014,0.0,148.5,-66.486,148.5,-148.5C298.904,140.51,297.859,130.475,295.87,120.784z"" style=""fill:#897256;"">
  </path>
  <g>
   <path d=""M201.117,102.962c0.167,-0.985,22.258,-29.595,2.476,-44.243c-13.76,-10.189,-22.223,3.741,-11.501,8.985C207.231,75.109,201.117,102.962,201.117,102.962z"" style=""fill:#6AAC4B;"">
   </path>
  </g>
  <g>
   <path d=""M199.494,101.341c1.061,-0.108,30.681,-21.41,48.005,0.462c12.051,15.215,-2.531,23.169,-8.985,11.501C229.4,96.829,199.494,101.341,199.494,101.341z"" style=""fill:#6AAC4B;"">
   </path>
  </g>
  <g>
   <path d=""M196.707,105.925c0.522,-1.027,32.043,-20.288,18.692,-49.191c-9.287,-20.106,-22.46,-9.322,-14.227,3.255C212.795,77.746,196.707,105.925,196.707,105.925z"" style=""fill:#456957;"">
   </path>
  </g>
  <g>
   <path d=""M196.708,105.925c1.155,-0.748,24.574,-42.899,55.564,-26.796c21.558,11.202,9.0,29.245,-4.353,19.028C229.067,83.731,196.708,105.925,196.708,105.925z"" style=""fill:#365645;"">
   </path>
  </g>
  <g>
   <path d=""M204.94,101.97c5.769,5.769,16.054,15.428,8.444,32.836S142.187,220.598,68.904,238.006c17.408,-73.283,85.792,-136.87,103.2,-144.48C189.512,85.917,199.171,96.201,204.94,101.97z"" style=""fill:#E67E22;"">
   </path>
  </g>
  <g>
   <path d=""M204.94,101.97c-5.769,-5.769,-15.428,-16.053,-32.836,-8.444c-4.312,1.885,-11.754,7.208,-20.772,15.259c-0.996,30.078,-1.516,60.156,-1.899,90.234c34.761,-25.09,59.393,-53.789,63.95,-64.213C220.994,117.398,210.709,107.739,204.94,101.97z"" style=""fill:#D16718;"">
   </path>
  </g>
  <g>
   <path d=""M163.661,163.889l8.536,17.073c1.544,-1.342,3.054,-2.679,4.528,-4.009L163.661,163.889z"" style=""fill:#C14C23;"">
   </path>
  </g>
  <g>
   <path d=""M194.895,159.121c2.411,-2.592,4.615,-5.076,6.609,-7.425l-20.643,-20.644L194.895,159.121z"" style=""fill:#C14C23;"">
   </path>
  </g>
  <g>
   <path d=""M161.794,100.102l22.507,22.507l-14.075,-28.15C167.949,95.698,165.092,97.6,161.794,100.102z"" style=""fill:#C14C23;"">
   </path>
  </g>
  <g>
   <path d=""M144.461,115.168c-1.466,1.412,-2.957,2.881,-4.473,4.408l13.353,13.353L144.461,115.168z"" style=""fill:#D75E29;"">
   </path>
  </g>
  <g>
   <path d=""M146.242,201.292c2.673,-1.878,5.289,-3.779,7.845,-5.696l-21.386,-21.386L146.242,201.292z"" style=""fill:#D75E29;"">
   </path>
  </g>
  <g>
   <path d=""M120.399,141.268l22.622,22.622l-15.491,-30.982C125.164,135.589,122.782,138.375,120.399,141.268z"" style=""fill:#D75E29;"">
   </path>
  </g>
  <g>
   <path d=""M102.717,164.865l19.664,19.664l-13.922,-27.843C106.521,159.353,104.604,162.081,102.717,164.865z"" style=""fill:#D75E29;"">
   </path>
  </g>
 </g>
</svg>


Question: What type of object is depicted in the image?",Apple,Carrot,Banana,Broccoli,B,fruit
72,"Examine the following SVG code carefully and answer the question based on your interpretation of the rendered image.

<svg id=""Layer_1"" style=""enable-background:new 0 0 511.996 511.996;"" version=""1.1"" viewbox=""0 0 511.996 511.996"" x=""0px"" xml:space=""preserve"" y=""0px"">
 <circle cx=""260.625"" cy=""258.942"" r=""255.998"" style=""fill:#FF7A00;"">
 </circle>
 <circle cx=""260.625"" cy=""258.942"" r=""239.289"" style=""fill:#FFDA7D;"">
 </circle>
 <g>
  <path d=""M117.287,415.79c35.349,32.323,81.64,52.866,132.691,55.387V283.103C205.751,327.329,161.521,371.56,117.287,415.79z"" style=""fill:#FFB730;"">
  </path>
  <path d=""M238.181,268.105H48.348c2.193,51.688,22.857,98.585,55.547,134.289L238.181,268.105z"" style=""fill:#FFB730;"">
  </path>
  <path d=""M249.982,234.155V46.708C199.087,49.218,152.917,69.644,117.615,101.796C161.738,145.916,205.858,190.036,249.982,234.155z"" style=""fill:#FFB730;"">
  </path>
  <path d=""M104.194,115.159C71.455,150.764,50.701,197.554,48.363,249.156h189.818C193.52,204.492,148.859,159.827,104.194,115.159z"" style=""fill:#FFB730;"">
  </path>
  <path d=""M404.067,102.223c-35.897,-32.86,-83.114,-53.571,-135.137,-55.575v190.708C313.976,192.31,359.021,147.265,404.067,102.223z"" style=""fill:#FFB730;"">
  </path>
  <path d=""M283.928,249.156h188.96c-2.332,-51.389,-22.918,-98.001,-55.422,-133.538C372.954,160.13,328.439,204.645,283.928,249.156z"" style=""fill:#FFB730;"">
  </path>
  <path d=""M417.754,401.932c32.458,-35.641,52.962,-82.356,55.148,-133.827H283.928C328.539,312.716,373.143,357.324,417.754,401.932z"" style=""fill:#FFB730;"">
  </path>
  <path d=""M268.93,279.902v191.331c52.176,-2.008,99.517,-22.84,135.453,-55.878C359.235,370.203,314.083,325.051,268.93,279.902z"" style=""fill:#FFB730;"">
  </path>
 </g>
 <g>
  <path d=""M173.592,227.819c1.737,0.295,2.905,1.947,2.609,3.681l0.0,0.0c-0.295,1.737,-1.944,2.908,-3.681,2.613l-59.53,-10.145c-1.737,-0.295,-2.901,-1.947,-2.609,-3.684l0.0,0.0c0.299,-1.734,1.947,-2.905,3.684,-2.609L173.592,227.819z"" style=""fill:#FFDA7D;"">
  </path>
  <path d=""M289.887,197.543c-0.879,1.531,-2.83,2.05,-4.357,1.175l0.0,0.0c-1.527,-0.879,-2.054,-2.834,-1.175,-4.361l30.141,-52.325c0.879,-1.527,2.834,-2.05,4.364,-1.171l0.0,0.0c1.524,0.879,2.047,2.83,1.168,4.357L289.887,197.543z"" style=""fill:#FFDA7D;"">
  </path>
  <path d=""M289.492,145.812c-0.363,1.73,-2.058,2.826,-3.78,2.463l0.0,0.0c-1.723,-0.363,-2.83,-2.061,-2.463,-3.784l12.527,-59.075c0.37,-1.723,2.065,-2.823,3.784,-2.46l0.0,0.0c1.719,0.367,2.826,2.061,2.456,3.784L289.492,145.812z"" style=""fill:#FFDA7D;"">
  </path>
  <path d=""M141.444,190.424c1.595,0.758,2.271,2.663,1.516,4.254l0.0,0.0c-0.758,1.591,-2.663,2.271,-4.25,1.516l-36.167,-15.841c-1.595,-0.755,-2.271,-2.663,-1.513,-4.254l0.0,0.0c0.758,-1.588,2.659,-2.268,4.25,-1.513L141.444,190.424z"" style=""fill:#FFDA7D;"">
  </path>
  <path d=""M241.31,198.195c0.776,1.584,0.125,3.496,-1.456,4.272l0.0,0.0c-1.581,0.78,-3.496,0.125,-4.272,-1.456l-18.49,-34.889c-0.78,-1.581,-0.117,-3.492,1.463,-4.272l0.0,0.0c1.581,-0.772,3.489,-0.125,4.265,1.46L241.31,198.195z"" style=""fill:#FFDA7D;"">
  </path>
  <path d=""M228.89,131.196c0.776,1.584,0.125,3.496,-1.456,4.272l0.0,0.0c-1.581,0.78,-3.496,0.128,-4.268,-1.456l-18.49,-34.889c-0.78,-1.581,-0.121,-3.496,1.46,-4.275l0.0,0.0c1.581,-0.772,3.492,-0.121,4.268,1.46L228.89,131.196z"" style=""fill:#FFDA7D;"">
  </path>
  <path d=""M335.612,225.947c-1.659,0.602,-3.489,-0.253,-4.09,-1.908l0.0,0.0c-0.602,-1.655,0.253,-3.489,1.912,-4.09l56.757,-20.618c1.655,-0.602,3.485,0.256,4.09,1.912l0.0,0.0c0.594,1.655,-0.256,3.489,-1.912,4.09L335.612,225.947z"" style=""fill:#FFDA7D;"">
  </path>
  <path d=""M278.41,314.838c-0.263,-1.748,0.936,-3.368,2.681,-3.631l0.0,0.0c1.741,-0.26,3.368,0.947,3.631,2.688l8.899,59.726c0.26,1.744,-0.947,3.368,-2.691,3.627l0.0,0.0c-1.741,0.256,-3.364,-0.947,-3.624,-2.684L278.41,314.838z"" style=""fill:#FFDA7D;"">
  </path>
  <path d=""M310.857,355.124c-0.79,-1.577,-0.142,-3.492,1.427,-4.275l0.0,0.0c1.577,-0.787,3.492,-0.146,4.286,1.431l26.894,54.066c0.783,1.577,0.139,3.496,-1.438,4.279l0.0,0.0c-1.577,0.783,-3.489,0.142,-4.279,-1.438L310.857,355.124z"" style=""fill:#FFDA7D;"">
  </path>
  <path d=""M374.528,238.79c-1.762,0.132,-3.289,-1.189,-3.421,-2.948l0.0,0.0c-0.128,-1.759,1.193,-3.289,2.948,-3.417l39.272,-4.115c1.755,-0.132,3.286,1.193,3.417,2.951l0.0,0.0c0.125,1.759,-1.189,3.286,-2.951,3.414L374.528,238.79z"" style=""fill:#FFDA7D;"">
  </path>
  <path d=""M322.672,286.214c-1.52,-0.897,-2.026,-2.851,-1.136,-4.371l0.0,0.0c0.893,-1.52,2.855,-2.029,4.371,-1.136l34.644,18.945c1.52,0.89,2.022,2.851,1.125,4.371l0.0,0.0c-0.89,1.516,-2.844,2.026,-4.364,1.136L322.672,286.214z"" style=""fill:#FFDA7D;"">
  </path>
  <path d=""M371.669,328.44c-1.527,-0.893,-2.029,-2.848,-1.136,-4.368l0.0,0.0c0.886,-1.52,2.848,-2.033,4.368,-1.139l34.64,18.945c1.524,0.893,2.022,2.851,1.136,4.375l0.0,0.0c-0.901,1.513,-2.855,2.022,-4.368,1.128L371.669,328.44z"" style=""fill:#FFDA7D;"">
  </path>
  <path d=""M205.235,277.222c1.734,-0.32,3.392,0.826,3.716,2.563l0.0,0.0c0.313,1.73,-0.833,3.396,-2.57,3.713l-59.406,10.854c-1.73,0.317,-3.396,-0.833,-3.713,-2.567l0.0,0.0c-0.313,-1.73,0.833,-3.396,2.567,-3.709L205.235,277.222z"" style=""fill:#FFDA7D;"">
  </path>
  <path d=""M166.038,310.979c1.556,-0.844,3.485,-0.256,4.322,1.285l0.0,0.0c0.837,1.552,0.256,3.489,-1.292,4.332l-53.155,28.653c-1.556,0.833,-3.489,0.253,-4.325,-1.299l0.0,0.0c-0.837,-1.552,-0.26,-3.485,1.292,-4.322L166.038,310.979z"" style=""fill:#FFDA7D;"">
  </path>
  <path d=""M235.294,320.519c0.844,-1.548,2.784,-2.118,4.332,-1.278l0.0,0.0c1.552,0.84,2.125,2.784,1.278,4.329l-17.799,35.249c-0.84,1.548,-2.784,2.115,-4.336,1.271l0.0,0.0c-1.545,-0.84,-2.118,-2.777,-1.274,-4.325L235.294,320.519z"" style=""fill:#FFDA7D;"">
  </path>
  <path d=""M194.702,370.876c0.844,-1.552,2.777,-2.118,4.325,-1.278l0.0,0.0c1.552,0.837,2.125,2.78,1.278,4.329l-17.795,35.245c-0.844,1.552,-2.784,2.115,-4.336,1.278l0.0,0.0c-1.541,-0.847,-2.115,-2.784,-1.271,-4.325L194.702,370.876z"" style=""fill:#FFDA7D;"">
  </path>
 </g>
</svg>


Question: What is the shape of the object in the image?",Square,Triangle,Circle,Rectangle,C,fruit
73,"Examine the following SVG code carefully and answer the question based on your interpretation of the rendered image.

<svg id=""Layer_1"" style=""enable-background:new 0 0 511.996 511.996;"" version=""1.1"" viewbox=""0 0 511.996 511.996"" x=""0px"" xml:space=""preserve"" y=""0px"">
 <circle cx=""260.625"" cy=""258.942"" r=""255.998"" style=""fill:#FF7A00;"">
 </circle>
 <circle cx=""260.625"" cy=""258.942"" r=""239.289"" style=""fill:#FFDA7D;"">
 </circle>
 <g>
  <path d=""M117.287,415.79c35.349,32.323,81.64,52.866,132.691,55.387V283.103C205.751,327.329,161.521,371.56,117.287,415.79z"" style=""fill:#FFB730;"">
  </path>
  <path d=""M238.181,268.105H48.348c2.193,51.688,22.857,98.585,55.547,134.289L238.181,268.105z"" style=""fill:#FFB730;"">
  </path>
  <path d=""M249.982,234.155V46.708C199.087,49.218,152.917,69.644,117.615,101.796C161.738,145.916,205.858,190.036,249.982,234.155z"" style=""fill:#FFB730;"">
  </path>
  <path d=""M104.194,115.159C71.455,150.764,50.701,197.554,48.363,249.156h189.818C193.52,204.492,148.859,159.827,104.194,115.159z"" style=""fill:#FFB730;"">
  </path>
  <path d=""M404.067,102.223c-35.897,-32.86,-83.114,-53.571,-135.137,-55.575v190.708C313.976,192.31,359.021,147.265,404.067,102.223z"" style=""fill:#FFB730;"">
  </path>
  <path d=""M283.928,249.156h188.96c-2.332,-51.389,-22.918,-98.001,-55.422,-133.538C372.954,160.13,328.439,204.645,283.928,249.156z"" style=""fill:#FFB730;"">
  </path>
  <path d=""M417.754,401.932c32.458,-35.641,52.962,-82.356,55.148,-133.827H283.928C328.539,312.716,373.143,357.324,417.754,401.932z"" style=""fill:#FFB730;"">
  </path>
  <path d=""M268.93,279.902v191.331c52.176,-2.008,99.517,-22.84,135.453,-55.878C359.235,370.203,314.083,325.051,268.93,279.902z"" style=""fill:#FFB730;"">
  </path>
 </g>
 <g>
  <path d=""M173.592,227.819c1.737,0.295,2.905,1.947,2.609,3.681l0.0,0.0c-0.295,1.737,-1.944,2.908,-3.681,2.613l-59.53,-10.145c-1.737,-0.295,-2.901,-1.947,-2.609,-3.684l0.0,0.0c0.299,-1.734,1.947,-2.905,3.684,-2.609L173.592,227.819z"" style=""fill:#FFDA7D;"">
  </path>
  <path d=""M289.887,197.543c-0.879,1.531,-2.83,2.05,-4.357,1.175l0.0,0.0c-1.527,-0.879,-2.054,-2.834,-1.175,-4.361l30.141,-52.325c0.879,-1.527,2.834,-2.05,4.364,-1.171l0.0,0.0c1.524,0.879,2.047,2.83,1.168,4.357L289.887,197.543z"" style=""fill:#FFDA7D;"">
  </path>
  <path d=""M289.492,145.812c-0.363,1.73,-2.058,2.826,-3.78,2.463l0.0,0.0c-1.723,-0.363,-2.83,-2.061,-2.463,-3.784l12.527,-59.075c0.37,-1.723,2.065,-2.823,3.784,-2.46l0.0,0.0c1.719,0.367,2.826,2.061,2.456,3.784L289.492,145.812z"" style=""fill:#FFDA7D;"">
  </path>
  <path d=""M141.444,190.424c1.595,0.758,2.271,2.663,1.516,4.254l0.0,0.0c-0.758,1.591,-2.663,2.271,-4.25,1.516l-36.167,-15.841c-1.595,-0.755,-2.271,-2.663,-1.513,-4.254l0.0,0.0c0.758,-1.588,2.659,-2.268,4.25,-1.513L141.444,190.424z"" style=""fill:#FFDA7D;"">
  </path>
  <path d=""M241.31,198.195c0.776,1.584,0.125,3.496,-1.456,4.272l0.0,0.0c-1.581,0.78,-3.496,0.125,-4.272,-1.456l-18.49,-34.889c-0.78,-1.581,-0.117,-3.492,1.463,-4.272l0.0,0.0c1.581,-0.772,3.489,-0.125,4.265,1.46L241.31,198.195z"" style=""fill:#FFDA7D;"">
  </path>
  <path d=""M228.89,131.196c0.776,1.584,0.125,3.496,-1.456,4.272l0.0,0.0c-1.581,0.78,-3.496,0.128,-4.268,-1.456l-18.49,-34.889c-0.78,-1.581,-0.121,-3.496,1.46,-4.275l0.0,0.0c1.581,-0.772,3.492,-0.121,4.268,1.46L228.89,131.196z"" style=""fill:#FFDA7D;"">
  </path>
  <path d=""M335.612,225.947c-1.659,0.602,-3.489,-0.253,-4.09,-1.908l0.0,0.0c-0.602,-1.655,0.253,-3.489,1.912,-4.09l56.757,-20.618c1.655,-0.602,3.485,0.256,4.09,1.912l0.0,0.0c0.594,1.655,-0.256,3.489,-1.912,4.09L335.612,225.947z"" style=""fill:#FFDA7D;"">
  </path>
  <path d=""M278.41,314.838c-0.263,-1.748,0.936,-3.368,2.681,-3.631l0.0,0.0c1.741,-0.26,3.368,0.947,3.631,2.688l8.899,59.726c0.26,1.744,-0.947,3.368,-2.691,3.627l0.0,0.0c-1.741,0.256,-3.364,-0.947,-3.624,-2.684L278.41,314.838z"" style=""fill:#FFDA7D;"">
  </path>
  <path d=""M310.857,355.124c-0.79,-1.577,-0.142,-3.492,1.427,-4.275l0.0,0.0c1.577,-0.787,3.492,-0.146,4.286,1.431l26.894,54.066c0.783,1.577,0.139,3.496,-1.438,4.279l0.0,0.0c-1.577,0.783,-3.489,0.142,-4.279,-1.438L310.857,355.124z"" style=""fill:#FFDA7D;"">
  </path>
  <path d=""M374.528,238.79c-1.762,0.132,-3.289,-1.189,-3.421,-2.948l0.0,0.0c-0.128,-1.759,1.193,-3.289,2.948,-3.417l39.272,-4.115c1.755,-0.132,3.286,1.193,3.417,2.951l0.0,0.0c0.125,1.759,-1.189,3.286,-2.951,3.414L374.528,238.79z"" style=""fill:#FFDA7D;"">
  </path>
  <path d=""M322.672,286.214c-1.52,-0.897,-2.026,-2.851,-1.136,-4.371l0.0,0.0c0.893,-1.52,2.855,-2.029,4.371,-1.136l34.644,18.945c1.52,0.89,2.022,2.851,1.125,4.371l0.0,0.0c-0.89,1.516,-2.844,2.026,-4.364,1.136L322.672,286.214z"" style=""fill:#FFDA7D;"">
  </path>
  <path d=""M371.669,328.44c-1.527,-0.893,-2.029,-2.848,-1.136,-4.368l0.0,0.0c0.886,-1.52,2.848,-2.033,4.368,-1.139l34.64,18.945c1.524,0.893,2.022,2.851,1.136,4.375l0.0,0.0c-0.901,1.513,-2.855,2.022,-4.368,1.128L371.669,328.44z"" style=""fill:#FFDA7D;"">
  </path>
  <path d=""M205.235,277.222c1.734,-0.32,3.392,0.826,3.716,2.563l0.0,0.0c0.313,1.73,-0.833,3.396,-2.57,3.713l-59.406,10.854c-1.73,0.317,-3.396,-0.833,-3.713,-2.567l0.0,0.0c-0.313,-1.73,0.833,-3.396,2.567,-3.709L205.235,277.222z"" style=""fill:#FFDA7D;"">
  </path>
  <path d=""M166.038,310.979c1.556,-0.844,3.485,-0.256,4.322,1.285l0.0,0.0c0.837,1.552,0.256,3.489,-1.292,4.332l-53.155,28.653c-1.556,0.833,-3.489,0.253,-4.325,-1.299l0.0,0.0c-0.837,-1.552,-0.26,-3.485,1.292,-4.322L166.038,310.979z"" style=""fill:#FFDA7D;"">
  </path>
  <path d=""M235.294,320.519c0.844,-1.548,2.784,-2.118,4.332,-1.278l0.0,0.0c1.552,0.84,2.125,2.784,1.278,4.329l-17.799,35.249c-0.84,1.548,-2.784,2.115,-4.336,1.271l0.0,0.0c-1.545,-0.84,-2.118,-2.777,-1.274,-4.325L235.294,320.519z"" style=""fill:#FFDA7D;"">
  </path>
  <path d=""M194.702,370.876c0.844,-1.552,2.777,-2.118,4.325,-1.278l0.0,0.0c1.552,0.837,2.125,2.78,1.278,4.329l-17.795,35.245c-0.844,1.552,-2.784,2.115,-4.336,1.278l0.0,0.0c-1.541,-0.847,-2.115,-2.784,-1.271,-4.325L194.702,370.876z"" style=""fill:#FFDA7D;"">
  </path>
 </g>
</svg>


Question: How many segments are there in the object?",4,6,10,8,D,fruit
74,"Examine the following SVG code carefully and answer the question based on your interpretation of the rendered image.

<svg id=""Layer_1"" style=""enable-background:new 0 0 511.996 511.996;"" version=""1.1"" viewbox=""0 0 511.996 511.996"" x=""0px"" xml:space=""preserve"" y=""0px"">
 <circle cx=""260.625"" cy=""258.942"" r=""255.998"" style=""fill:#FF7A00;"">
 </circle>
 <circle cx=""260.625"" cy=""258.942"" r=""239.289"" style=""fill:#FFDA7D;"">
 </circle>
 <g>
  <path d=""M117.287,415.79c35.349,32.323,81.64,52.866,132.691,55.387V283.103C205.751,327.329,161.521,371.56,117.287,415.79z"" style=""fill:#FFB730;"">
  </path>
  <path d=""M238.181,268.105H48.348c2.193,51.688,22.857,98.585,55.547,134.289L238.181,268.105z"" style=""fill:#FFB730;"">
  </path>
  <path d=""M249.982,234.155V46.708C199.087,49.218,152.917,69.644,117.615,101.796C161.738,145.916,205.858,190.036,249.982,234.155z"" style=""fill:#FFB730;"">
  </path>
  <path d=""M104.194,115.159C71.455,150.764,50.701,197.554,48.363,249.156h189.818C193.52,204.492,148.859,159.827,104.194,115.159z"" style=""fill:#FFB730;"">
  </path>
  <path d=""M404.067,102.223c-35.897,-32.86,-83.114,-53.571,-135.137,-55.575v190.708C313.976,192.31,359.021,147.265,404.067,102.223z"" style=""fill:#FFB730;"">
  </path>
  <path d=""M283.928,249.156h188.96c-2.332,-51.389,-22.918,-98.001,-55.422,-133.538C372.954,160.13,328.439,204.645,283.928,249.156z"" style=""fill:#FFB730;"">
  </path>
  <path d=""M417.754,401.932c32.458,-35.641,52.962,-82.356,55.148,-133.827H283.928C328.539,312.716,373.143,357.324,417.754,401.932z"" style=""fill:#FFB730;"">
  </path>
  <path d=""M268.93,279.902v191.331c52.176,-2.008,99.517,-22.84,135.453,-55.878C359.235,370.203,314.083,325.051,268.93,279.902z"" style=""fill:#FFB730;"">
  </path>
 </g>
 <g>
  <path d=""M173.592,227.819c1.737,0.295,2.905,1.947,2.609,3.681l0.0,0.0c-0.295,1.737,-1.944,2.908,-3.681,2.613l-59.53,-10.145c-1.737,-0.295,-2.901,-1.947,-2.609,-3.684l0.0,0.0c0.299,-1.734,1.947,-2.905,3.684,-2.609L173.592,227.819z"" style=""fill:#FFDA7D;"">
  </path>
  <path d=""M289.887,197.543c-0.879,1.531,-2.83,2.05,-4.357,1.175l0.0,0.0c-1.527,-0.879,-2.054,-2.834,-1.175,-4.361l30.141,-52.325c0.879,-1.527,2.834,-2.05,4.364,-1.171l0.0,0.0c1.524,0.879,2.047,2.83,1.168,4.357L289.887,197.543z"" style=""fill:#FFDA7D;"">
  </path>
  <path d=""M289.492,145.812c-0.363,1.73,-2.058,2.826,-3.78,2.463l0.0,0.0c-1.723,-0.363,-2.83,-2.061,-2.463,-3.784l12.527,-59.075c0.37,-1.723,2.065,-2.823,3.784,-2.46l0.0,0.0c1.719,0.367,2.826,2.061,2.456,3.784L289.492,145.812z"" style=""fill:#FFDA7D;"">
  </path>
  <path d=""M141.444,190.424c1.595,0.758,2.271,2.663,1.516,4.254l0.0,0.0c-0.758,1.591,-2.663,2.271,-4.25,1.516l-36.167,-15.841c-1.595,-0.755,-2.271,-2.663,-1.513,-4.254l0.0,0.0c0.758,-1.588,2.659,-2.268,4.25,-1.513L141.444,190.424z"" style=""fill:#FFDA7D;"">
  </path>
  <path d=""M241.31,198.195c0.776,1.584,0.125,3.496,-1.456,4.272l0.0,0.0c-1.581,0.78,-3.496,0.125,-4.272,-1.456l-18.49,-34.889c-0.78,-1.581,-0.117,-3.492,1.463,-4.272l0.0,0.0c1.581,-0.772,3.489,-0.125,4.265,1.46L241.31,198.195z"" style=""fill:#FFDA7D;"">
  </path>
  <path d=""M228.89,131.196c0.776,1.584,0.125,3.496,-1.456,4.272l0.0,0.0c-1.581,0.78,-3.496,0.128,-4.268,-1.456l-18.49,-34.889c-0.78,-1.581,-0.121,-3.496,1.46,-4.275l0.0,0.0c1.581,-0.772,3.492,-0.121,4.268,1.46L228.89,131.196z"" style=""fill:#FFDA7D;"">
  </path>
  <path d=""M335.612,225.947c-1.659,0.602,-3.489,-0.253,-4.09,-1.908l0.0,0.0c-0.602,-1.655,0.253,-3.489,1.912,-4.09l56.757,-20.618c1.655,-0.602,3.485,0.256,4.09,1.912l0.0,0.0c0.594,1.655,-0.256,3.489,-1.912,4.09L335.612,225.947z"" style=""fill:#FFDA7D;"">
  </path>
  <path d=""M278.41,314.838c-0.263,-1.748,0.936,-3.368,2.681,-3.631l0.0,0.0c1.741,-0.26,3.368,0.947,3.631,2.688l8.899,59.726c0.26,1.744,-0.947,3.368,-2.691,3.627l0.0,0.0c-1.741,0.256,-3.364,-0.947,-3.624,-2.684L278.41,314.838z"" style=""fill:#FFDA7D;"">
  </path>
  <path d=""M310.857,355.124c-0.79,-1.577,-0.142,-3.492,1.427,-4.275l0.0,0.0c1.577,-0.787,3.492,-0.146,4.286,1.431l26.894,54.066c0.783,1.577,0.139,3.496,-1.438,4.279l0.0,0.0c-1.577,0.783,-3.489,0.142,-4.279,-1.438L310.857,355.124z"" style=""fill:#FFDA7D;"">
  </path>
  <path d=""M374.528,238.79c-1.762,0.132,-3.289,-1.189,-3.421,-2.948l0.0,0.0c-0.128,-1.759,1.193,-3.289,2.948,-3.417l39.272,-4.115c1.755,-0.132,3.286,1.193,3.417,2.951l0.0,0.0c0.125,1.759,-1.189,3.286,-2.951,3.414L374.528,238.79z"" style=""fill:#FFDA7D;"">
  </path>
  <path d=""M322.672,286.214c-1.52,-0.897,-2.026,-2.851,-1.136,-4.371l0.0,0.0c0.893,-1.52,2.855,-2.029,4.371,-1.136l34.644,18.945c1.52,0.89,2.022,2.851,1.125,4.371l0.0,0.0c-0.89,1.516,-2.844,2.026,-4.364,1.136L322.672,286.214z"" style=""fill:#FFDA7D;"">
  </path>
  <path d=""M371.669,328.44c-1.527,-0.893,-2.029,-2.848,-1.136,-4.368l0.0,0.0c0.886,-1.52,2.848,-2.033,4.368,-1.139l34.64,18.945c1.524,0.893,2.022,2.851,1.136,4.375l0.0,0.0c-0.901,1.513,-2.855,2.022,-4.368,1.128L371.669,328.44z"" style=""fill:#FFDA7D;"">
  </path>
  <path d=""M205.235,277.222c1.734,-0.32,3.392,0.826,3.716,2.563l0.0,0.0c0.313,1.73,-0.833,3.396,-2.57,3.713l-59.406,10.854c-1.73,0.317,-3.396,-0.833,-3.713,-2.567l0.0,0.0c-0.313,-1.73,0.833,-3.396,2.567,-3.709L205.235,277.222z"" style=""fill:#FFDA7D;"">
  </path>
  <path d=""M166.038,310.979c1.556,-0.844,3.485,-0.256,4.322,1.285l0.0,0.0c0.837,1.552,0.256,3.489,-1.292,4.332l-53.155,28.653c-1.556,0.833,-3.489,0.253,-4.325,-1.299l0.0,0.0c-0.837,-1.552,-0.26,-3.485,1.292,-4.322L166.038,310.979z"" style=""fill:#FFDA7D;"">
  </path>
  <path d=""M235.294,320.519c0.844,-1.548,2.784,-2.118,4.332,-1.278l0.0,0.0c1.552,0.84,2.125,2.784,1.278,4.329l-17.799,35.249c-0.84,1.548,-2.784,2.115,-4.336,1.271l0.0,0.0c-1.545,-0.84,-2.118,-2.777,-1.274,-4.325L235.294,320.519z"" style=""fill:#FFDA7D;"">
  </path>
  <path d=""M194.702,370.876c0.844,-1.552,2.777,-2.118,4.325,-1.278l0.0,0.0c1.552,0.837,2.125,2.78,1.278,4.329l-17.795,35.245c-0.844,1.552,-2.784,2.115,-4.336,1.278l0.0,0.0c-1.541,-0.847,-2.115,-2.784,-1.271,-4.325L194.702,370.876z"" style=""fill:#FFDA7D;"">
  </path>
 </g>
</svg>


Question: What is the color of the outer border of the object?",Red,Blue,Green,Orange,D,fruit
75,"Examine the following SVG code carefully and answer the question based on your interpretation of the rendered image.

<svg id=""Layer_1"" style=""enable-background:new 0 0 511.996 511.996;"" version=""1.1"" viewbox=""0 0 511.996 511.996"" x=""0px"" xml:space=""preserve"" y=""0px"">
 <circle cx=""260.625"" cy=""258.942"" r=""255.998"" style=""fill:#FF7A00;"">
 </circle>
 <circle cx=""260.625"" cy=""258.942"" r=""239.289"" style=""fill:#FFDA7D;"">
 </circle>
 <g>
  <path d=""M117.287,415.79c35.349,32.323,81.64,52.866,132.691,55.387V283.103C205.751,327.329,161.521,371.56,117.287,415.79z"" style=""fill:#FFB730;"">
  </path>
  <path d=""M238.181,268.105H48.348c2.193,51.688,22.857,98.585,55.547,134.289L238.181,268.105z"" style=""fill:#FFB730;"">
  </path>
  <path d=""M249.982,234.155V46.708C199.087,49.218,152.917,69.644,117.615,101.796C161.738,145.916,205.858,190.036,249.982,234.155z"" style=""fill:#FFB730;"">
  </path>
  <path d=""M104.194,115.159C71.455,150.764,50.701,197.554,48.363,249.156h189.818C193.52,204.492,148.859,159.827,104.194,115.159z"" style=""fill:#FFB730;"">
  </path>
  <path d=""M404.067,102.223c-35.897,-32.86,-83.114,-53.571,-135.137,-55.575v190.708C313.976,192.31,359.021,147.265,404.067,102.223z"" style=""fill:#FFB730;"">
  </path>
  <path d=""M283.928,249.156h188.96c-2.332,-51.389,-22.918,-98.001,-55.422,-133.538C372.954,160.13,328.439,204.645,283.928,249.156z"" style=""fill:#FFB730;"">
  </path>
  <path d=""M417.754,401.932c32.458,-35.641,52.962,-82.356,55.148,-133.827H283.928C328.539,312.716,373.143,357.324,417.754,401.932z"" style=""fill:#FFB730;"">
  </path>
  <path d=""M268.93,279.902v191.331c52.176,-2.008,99.517,-22.84,135.453,-55.878C359.235,370.203,314.083,325.051,268.93,279.902z"" style=""fill:#FFB730;"">
  </path>
 </g>
 <g>
  <path d=""M173.592,227.819c1.737,0.295,2.905,1.947,2.609,3.681l0.0,0.0c-0.295,1.737,-1.944,2.908,-3.681,2.613l-59.53,-10.145c-1.737,-0.295,-2.901,-1.947,-2.609,-3.684l0.0,0.0c0.299,-1.734,1.947,-2.905,3.684,-2.609L173.592,227.819z"" style=""fill:#FFDA7D;"">
  </path>
  <path d=""M289.887,197.543c-0.879,1.531,-2.83,2.05,-4.357,1.175l0.0,0.0c-1.527,-0.879,-2.054,-2.834,-1.175,-4.361l30.141,-52.325c0.879,-1.527,2.834,-2.05,4.364,-1.171l0.0,0.0c1.524,0.879,2.047,2.83,1.168,4.357L289.887,197.543z"" style=""fill:#FFDA7D;"">
  </path>
  <path d=""M289.492,145.812c-0.363,1.73,-2.058,2.826,-3.78,2.463l0.0,0.0c-1.723,-0.363,-2.83,-2.061,-2.463,-3.784l12.527,-59.075c0.37,-1.723,2.065,-2.823,3.784,-2.46l0.0,0.0c1.719,0.367,2.826,2.061,2.456,3.784L289.492,145.812z"" style=""fill:#FFDA7D;"">
  </path>
  <path d=""M141.444,190.424c1.595,0.758,2.271,2.663,1.516,4.254l0.0,0.0c-0.758,1.591,-2.663,2.271,-4.25,1.516l-36.167,-15.841c-1.595,-0.755,-2.271,-2.663,-1.513,-4.254l0.0,0.0c0.758,-1.588,2.659,-2.268,4.25,-1.513L141.444,190.424z"" style=""fill:#FFDA7D;"">
  </path>
  <path d=""M241.31,198.195c0.776,1.584,0.125,3.496,-1.456,4.272l0.0,0.0c-1.581,0.78,-3.496,0.125,-4.272,-1.456l-18.49,-34.889c-0.78,-1.581,-0.117,-3.492,1.463,-4.272l0.0,0.0c1.581,-0.772,3.489,-0.125,4.265,1.46L241.31,198.195z"" style=""fill:#FFDA7D;"">
  </path>
  <path d=""M228.89,131.196c0.776,1.584,0.125,3.496,-1.456,4.272l0.0,0.0c-1.581,0.78,-3.496,0.128,-4.268,-1.456l-18.49,-34.889c-0.78,-1.581,-0.121,-3.496,1.46,-4.275l0.0,0.0c1.581,-0.772,3.492,-0.121,4.268,1.46L228.89,131.196z"" style=""fill:#FFDA7D;"">
  </path>
  <path d=""M335.612,225.947c-1.659,0.602,-3.489,-0.253,-4.09,-1.908l0.0,0.0c-0.602,-1.655,0.253,-3.489,1.912,-4.09l56.757,-20.618c1.655,-0.602,3.485,0.256,4.09,1.912l0.0,0.0c0.594,1.655,-0.256,3.489,-1.912,4.09L335.612,225.947z"" style=""fill:#FFDA7D;"">
  </path>
  <path d=""M278.41,314.838c-0.263,-1.748,0.936,-3.368,2.681,-3.631l0.0,0.0c1.741,-0.26,3.368,0.947,3.631,2.688l8.899,59.726c0.26,1.744,-0.947,3.368,-2.691,3.627l0.0,0.0c-1.741,0.256,-3.364,-0.947,-3.624,-2.684L278.41,314.838z"" style=""fill:#FFDA7D;"">
  </path>
  <path d=""M310.857,355.124c-0.79,-1.577,-0.142,-3.492,1.427,-4.275l0.0,0.0c1.577,-0.787,3.492,-0.146,4.286,1.431l26.894,54.066c0.783,1.577,0.139,3.496,-1.438,4.279l0.0,0.0c-1.577,0.783,-3.489,0.142,-4.279,-1.438L310.857,355.124z"" style=""fill:#FFDA7D;"">
  </path>
  <path d=""M374.528,238.79c-1.762,0.132,-3.289,-1.189,-3.421,-2.948l0.0,0.0c-0.128,-1.759,1.193,-3.289,2.948,-3.417l39.272,-4.115c1.755,-0.132,3.286,1.193,3.417,2.951l0.0,0.0c0.125,1.759,-1.189,3.286,-2.951,3.414L374.528,238.79z"" style=""fill:#FFDA7D;"">
  </path>
  <path d=""M322.672,286.214c-1.52,-0.897,-2.026,-2.851,-1.136,-4.371l0.0,0.0c0.893,-1.52,2.855,-2.029,4.371,-1.136l34.644,18.945c1.52,0.89,2.022,2.851,1.125,4.371l0.0,0.0c-0.89,1.516,-2.844,2.026,-4.364,1.136L322.672,286.214z"" style=""fill:#FFDA7D;"">
  </path>
  <path d=""M371.669,328.44c-1.527,-0.893,-2.029,-2.848,-1.136,-4.368l0.0,0.0c0.886,-1.52,2.848,-2.033,4.368,-1.139l34.64,18.945c1.524,0.893,2.022,2.851,1.136,4.375l0.0,0.0c-0.901,1.513,-2.855,2.022,-4.368,1.128L371.669,328.44z"" style=""fill:#FFDA7D;"">
  </path>
  <path d=""M205.235,277.222c1.734,-0.32,3.392,0.826,3.716,2.563l0.0,0.0c0.313,1.73,-0.833,3.396,-2.57,3.713l-59.406,10.854c-1.73,0.317,-3.396,-0.833,-3.713,-2.567l0.0,0.0c-0.313,-1.73,0.833,-3.396,2.567,-3.709L205.235,277.222z"" style=""fill:#FFDA7D;"">
  </path>
  <path d=""M166.038,310.979c1.556,-0.844,3.485,-0.256,4.322,1.285l0.0,0.0c0.837,1.552,0.256,3.489,-1.292,4.332l-53.155,28.653c-1.556,0.833,-3.489,0.253,-4.325,-1.299l0.0,0.0c-0.837,-1.552,-0.26,-3.485,1.292,-4.322L166.038,310.979z"" style=""fill:#FFDA7D;"">
  </path>
  <path d=""M235.294,320.519c0.844,-1.548,2.784,-2.118,4.332,-1.278l0.0,0.0c1.552,0.84,2.125,2.784,1.278,4.329l-17.799,35.249c-0.84,1.548,-2.784,2.115,-4.336,1.271l0.0,0.0c-1.545,-0.84,-2.118,-2.777,-1.274,-4.325L235.294,320.519z"" style=""fill:#FFDA7D;"">
  </path>
  <path d=""M194.702,370.876c0.844,-1.552,2.777,-2.118,4.325,-1.278l0.0,0.0c1.552,0.837,2.125,2.78,1.278,4.329l-17.795,35.245c-0.844,1.552,-2.784,2.115,-4.336,1.278l0.0,0.0c-1.541,-0.847,-2.115,-2.784,-1.271,-4.325L194.702,370.876z"" style=""fill:#FFDA7D;"">
  </path>
 </g>
</svg>


Question: What type of fruit does the object resemble?",Orange,Banana,Apple,Grape,A,fruit
84,"Examine the following SVG code carefully and answer the question based on your interpretation of the rendered image.

<svg id=""Layer_1"" style=""enable-background:new 0 0 512 512;"" version=""1.1"" viewbox=""0 0 512 512"" x=""0px"" xml:space=""preserve"" y=""0px"">
 <g>
  <path d=""M123.204,19.791c41.049,0.0,77.065,18.892,97.391,47.304c-20.326,28.413,-56.342,47.304,-97.391,47.304S46.139,95.508,25.813,67.095C46.139,38.682,82.155,19.791,123.204,19.791z"" style=""fill:#9BB335;"">
  </path>
  <rect height=""33.391"" style=""fill:#9BB335;"" width=""55.652"" x=""203.900"" y=""50.399"">
  </rect>
 </g>
 <g>
  <rect height=""155.826"" style=""fill:#37AD36;"" width=""33.391"" x=""242.856"" y=""3.0945808410074136"">
  </rect>
  <path d=""M395.9,19.791c-41.049,0.0,-77.065,18.892,-97.391,47.304c20.326,28.413,56.342,47.304,97.391,47.304S472.965,95.508,493.291,67.095C472.965,38.682,436.949,19.791,395.9,19.791z"" style=""fill:#37AD36;"">
  </path>
  <rect height=""33.391"" style=""fill:#37AD36;"" width=""55.652"" x=""259.552"" y=""50.399"">
  </rect>
 </g>
 <path d=""M237.291,147.791c-18.781,0.0,-34.455,13.292,-38.136,30.98C122.709,201.518,67.552,266.253,67.552,342.573C67.552,437.854,153.513,515.095,259.552,515.095l22.261,-183.652L259.552,147.791H237.291z"" style=""fill:#FF832F;"">
 </path>
 <path d=""M319.949,178.771c-3.681,-17.688,-19.355,-30.98,-38.136,-30.98H259.552V515.095c106.039,0.0,192.0,-77.241,192.0,-172.522C451.552,266.253,396.395,201.518,319.949,178.771z"" style=""fill:#FF4F2A;"">
 </path>
 <g>
  <circle cx=""354.561"" cy=""364.467"" r=""16.696"" style=""fill:#FF832F;"">
  </circle>
  <circle cx=""310.040"" cy=""408.989"" r=""16.696"" style=""fill:#FF832F;"">
  </circle>
 </g>
</svg>


Question: What are the colors of the two leaves at the top of the object?",Blue,Red,Orange,Green,D,fruit
85,"Examine the following SVG code carefully and answer the question based on your interpretation of the rendered image.

<svg id=""Layer_1"" style=""enable-background:new 0 0 512 512;"" version=""1.1"" viewbox=""0 0 512 512"" x=""0px"" xml:space=""preserve"" y=""0px"">
 <g>
  <path d=""M123.204,19.791c41.049,0.0,77.065,18.892,97.391,47.304c-20.326,28.413,-56.342,47.304,-97.391,47.304S46.139,95.508,25.813,67.095C46.139,38.682,82.155,19.791,123.204,19.791z"" style=""fill:#9BB335;"">
  </path>
  <rect height=""33.391"" style=""fill:#9BB335;"" width=""55.652"" x=""203.900"" y=""50.399"">
  </rect>
 </g>
 <g>
  <rect height=""155.826"" style=""fill:#37AD36;"" width=""33.391"" x=""242.856"" y=""3.0945808410074136"">
  </rect>
  <path d=""M395.9,19.791c-41.049,0.0,-77.065,18.892,-97.391,47.304c20.326,28.413,56.342,47.304,97.391,47.304S472.965,95.508,493.291,67.095C472.965,38.682,436.949,19.791,395.9,19.791z"" style=""fill:#37AD36;"">
  </path>
  <rect height=""33.391"" style=""fill:#37AD36;"" width=""55.652"" x=""259.552"" y=""50.399"">
  </rect>
 </g>
 <path d=""M237.291,147.791c-18.781,0.0,-34.455,13.292,-38.136,30.98C122.709,201.518,67.552,266.253,67.552,342.573C67.552,437.854,153.513,515.095,259.552,515.095l22.261,-183.652L259.552,147.791H237.291z"" style=""fill:#FF832F;"">
 </path>
 <path d=""M319.949,178.771c-3.681,-17.688,-19.355,-30.98,-38.136,-30.98H259.552V515.095c106.039,0.0,192.0,-77.241,192.0,-172.522C451.552,266.253,396.395,201.518,319.949,178.771z"" style=""fill:#FF4F2A;"">
 </path>
 <g>
  <circle cx=""354.561"" cy=""364.467"" r=""16.696"" style=""fill:#FF832F;"">
  </circle>
  <circle cx=""310.040"" cy=""408.989"" r=""16.696"" style=""fill:#FF832F;"">
  </circle>
 </g>
</svg>


Question: How many small circles are on the right side of the object?",Two,One,Three,Four,A,fruit
86,"Examine the following SVG code carefully and answer the question based on your interpretation of the rendered image.

<svg id=""Layer_1"" style=""enable-background:new 0 0 512 512;"" version=""1.1"" viewbox=""0 0 512 512"" x=""0px"" xml:space=""preserve"" y=""0px"">
 <g>
  <path d=""M123.204,19.791c41.049,0.0,77.065,18.892,97.391,47.304c-20.326,28.413,-56.342,47.304,-97.391,47.304S46.139,95.508,25.813,67.095C46.139,38.682,82.155,19.791,123.204,19.791z"" style=""fill:#9BB335;"">
  </path>
  <rect height=""33.391"" style=""fill:#9BB335;"" width=""55.652"" x=""203.900"" y=""50.399"">
  </rect>
 </g>
 <g>
  <rect height=""155.826"" style=""fill:#37AD36;"" width=""33.391"" x=""242.856"" y=""3.0945808410074136"">
  </rect>
  <path d=""M395.9,19.791c-41.049,0.0,-77.065,18.892,-97.391,47.304c20.326,28.413,56.342,47.304,97.391,47.304S472.965,95.508,493.291,67.095C472.965,38.682,436.949,19.791,395.9,19.791z"" style=""fill:#37AD36;"">
  </path>
  <rect height=""33.391"" style=""fill:#37AD36;"" width=""55.652"" x=""259.552"" y=""50.399"">
  </rect>
 </g>
 <path d=""M237.291,147.791c-18.781,0.0,-34.455,13.292,-38.136,30.98C122.709,201.518,67.552,266.253,67.552,342.573C67.552,437.854,153.513,515.095,259.552,515.095l22.261,-183.652L259.552,147.791H237.291z"" style=""fill:#FF832F;"">
 </path>
 <path d=""M319.949,178.771c-3.681,-17.688,-19.355,-30.98,-38.136,-30.98H259.552V515.095c106.039,0.0,192.0,-77.241,192.0,-172.522C451.552,266.253,396.395,201.518,319.949,178.771z"" style=""fill:#FF4F2A;"">
 </path>
 <g>
  <circle cx=""354.561"" cy=""364.467"" r=""16.696"" style=""fill:#FF832F;"">
  </circle>
  <circle cx=""310.040"" cy=""408.989"" r=""16.696"" style=""fill:#FF832F;"">
  </circle>
 </g>
</svg>


Question: What is the color of the left half of the object?",Red,Orange,Yellow,Green,B,fruit
87,"Examine the following SVG code carefully and answer the question based on your interpretation of the rendered image.

<svg id=""Layer_1"" style=""enable-background:new 0 0 512 512;"" version=""1.1"" viewbox=""0 0 512 512"" x=""0px"" xml:space=""preserve"" y=""0px"">
 <g>
  <path d=""M123.204,19.791c41.049,0.0,77.065,18.892,97.391,47.304c-20.326,28.413,-56.342,47.304,-97.391,47.304S46.139,95.508,25.813,67.095C46.139,38.682,82.155,19.791,123.204,19.791z"" style=""fill:#9BB335;"">
  </path>
  <rect height=""33.391"" style=""fill:#9BB335;"" width=""55.652"" x=""203.900"" y=""50.399"">
  </rect>
 </g>
 <g>
  <rect height=""155.826"" style=""fill:#37AD36;"" width=""33.391"" x=""242.856"" y=""3.0945808410074136"">
  </rect>
  <path d=""M395.9,19.791c-41.049,0.0,-77.065,18.892,-97.391,47.304c20.326,28.413,56.342,47.304,97.391,47.304S472.965,95.508,493.291,67.095C472.965,38.682,436.949,19.791,395.9,19.791z"" style=""fill:#37AD36;"">
  </path>
  <rect height=""33.391"" style=""fill:#37AD36;"" width=""55.652"" x=""259.552"" y=""50.399"">
  </rect>
 </g>
 <path d=""M237.291,147.791c-18.781,0.0,-34.455,13.292,-38.136,30.98C122.709,201.518,67.552,266.253,67.552,342.573C67.552,437.854,153.513,515.095,259.552,515.095l22.261,-183.652L259.552,147.791H237.291z"" style=""fill:#FF832F;"">
 </path>
 <path d=""M319.949,178.771c-3.681,-17.688,-19.355,-30.98,-38.136,-30.98H259.552V515.095c106.039,0.0,192.0,-77.241,192.0,-172.522C451.552,266.253,396.395,201.518,319.949,178.771z"" style=""fill:#FF4F2A;"">
 </path>
 <g>
  <circle cx=""354.561"" cy=""364.467"" r=""16.696"" style=""fill:#FF832F;"">
  </circle>
  <circle cx=""310.040"" cy=""408.989"" r=""16.696"" style=""fill:#FF832F;"">
  </circle>
 </g>
</svg>


Question: What type of fruit does the object resemble?",Apple,Banana,Grape,Orange,D,fruit
96,"Examine the following SVG code carefully and answer the question based on your interpretation of the rendered image.

<svg id=""Layer_1"" style=""enable-background:new 0 0 109.997 109.997;"" version=""1.1"" viewbox=""0 0 109.997 109.997"" x=""0px"" xml:space=""preserve"" y=""0px"">
 <g>
  <g>
   <g>
    <g>
     <circle cx=""55.862"" cy=""68.241"" r=""40.828"" style=""fill:#FF8400;"">
     </circle>
    </g>
    <g>
     <path d=""M55.862,110.569c-23.34,0.0,-42.328,-18.988,-42.328,-42.328c0.0,-23.341,18.988,-42.329,42.328,-42.329c23.339,0.0,42.327,18.988,42.327,42.329C98.189,91.581,79.201,110.569,55.862,110.569zM55.862,28.912c-21.686,0.0,-39.328,17.642,-39.328,39.329c0.0,21.686,17.643,39.328,39.328,39.328c21.686,0.0,39.327,-17.643,39.327,-39.328C95.189,46.554,77.548,28.912,55.862,28.912z"">
     </path>
    </g>
   </g>
   <g>
    <g>
     <path d=""M23.743,68.685h-3.0c0.0,-20.0,15.98,-35.562,34.98,-35.562v3.0C37.722,36.123,23.743,50.685,23.743,68.685z"">
     </path>
    </g>
   </g>
  </g>
  <g>
   <g>
    <g>
     <path d=""M57.7,20.966c0.0,0.0,2.648,-20.536,24.278,-18.788C81.978,2.177,78.868,24.024,57.7,20.966z"" style=""fill:#A8D626;"">
     </path>
    </g>
    <g>
     <path d=""M61.627,22.76c-1.329,0.0,-2.722,-0.104,-4.142,-0.31l-1.462,-0.211l0.189,-1.465C56.238,20.572,59.052,0.572,79.423,0.572c0.869,0.0,1.77,0.037,2.677,0.11l1.589,0.128l-0.225,1.579C83.434,2.592,80.346,22.76,61.627,22.76zM59.477,19.663c7.803,0.689,13.702,-2.241,17.606,-8.641c1.73,-2.836,2.637,-5.712,3.069,-7.44C79.907,3.575,79.664,3.572,79.423,3.572C64.606,3.572,60.483,15.387,59.477,19.663z"">
     </path>
    </g>
   </g>
   <g>
    <g>
     <path d=""M54.022,20.966c0.0,0.0,-2.646,-20.536,-24.277,-18.788C29.745,2.177,32.856,24.024,54.022,20.966z"" style=""fill:#A8D626;"">
     </path>
    </g>
    <g>
     <path d=""M50.096,22.76L50.096,22.76C31.378,22.759,28.289,2.592,28.26,2.389l-0.225,-1.579l1.589,-0.128C30.531,0.609,31.431,0.572,32.301,0.572c20.37,0.0,23.184,20.0,23.209,20.202l0.189,1.465l-1.462,0.211C52.818,22.655,51.425,22.76,50.096,22.76zM31.571,3.582c0.433,1.727,1.339,4.604,3.069,7.44c3.536,5.798,8.736,8.737,15.455,8.737h0.001c0.696,0.0,1.415,-0.032,2.149,-0.097C51.24,15.389,47.118,3.572,32.301,3.572C32.059,3.572,31.816,3.575,31.571,3.582z"">
     </path>
    </g>
   </g>
  </g>
 </g>
</svg>


Question: What is the primary color of the object?",Red,Blue,Orange,Green,C,fruit
97,"Examine the following SVG code carefully and answer the question based on your interpretation of the rendered image.

<svg id=""Layer_1"" style=""enable-background:new 0 0 109.997 109.997;"" version=""1.1"" viewbox=""0 0 109.997 109.997"" x=""0px"" xml:space=""preserve"" y=""0px"">
 <g>
  <g>
   <g>
    <g>
     <circle cx=""55.862"" cy=""68.241"" r=""40.828"" style=""fill:#FF8400;"">
     </circle>
    </g>
    <g>
     <path d=""M55.862,110.569c-23.34,0.0,-42.328,-18.988,-42.328,-42.328c0.0,-23.341,18.988,-42.329,42.328,-42.329c23.339,0.0,42.327,18.988,42.327,42.329C98.189,91.581,79.201,110.569,55.862,110.569zM55.862,28.912c-21.686,0.0,-39.328,17.642,-39.328,39.329c0.0,21.686,17.643,39.328,39.328,39.328c21.686,0.0,39.327,-17.643,39.327,-39.328C95.189,46.554,77.548,28.912,55.862,28.912z"">
     </path>
    </g>
   </g>
   <g>
    <g>
     <path d=""M23.743,68.685h-3.0c0.0,-20.0,15.98,-35.562,34.98,-35.562v3.0C37.722,36.123,23.743,50.685,23.743,68.685z"">
     </path>
    </g>
   </g>
  </g>
  <g>
   <g>
    <g>
     <path d=""M57.7,20.966c0.0,0.0,2.648,-20.536,24.278,-18.788C81.978,2.177,78.868,24.024,57.7,20.966z"" style=""fill:#A8D626;"">
     </path>
    </g>
    <g>
     <path d=""M61.627,22.76c-1.329,0.0,-2.722,-0.104,-4.142,-0.31l-1.462,-0.211l0.189,-1.465C56.238,20.572,59.052,0.572,79.423,0.572c0.869,0.0,1.77,0.037,2.677,0.11l1.589,0.128l-0.225,1.579C83.434,2.592,80.346,22.76,61.627,22.76zM59.477,19.663c7.803,0.689,13.702,-2.241,17.606,-8.641c1.73,-2.836,2.637,-5.712,3.069,-7.44C79.907,3.575,79.664,3.572,79.423,3.572C64.606,3.572,60.483,15.387,59.477,19.663z"">
     </path>
    </g>
   </g>
   <g>
    <g>
     <path d=""M54.022,20.966c0.0,0.0,-2.646,-20.536,-24.277,-18.788C29.745,2.177,32.856,24.024,54.022,20.966z"" style=""fill:#A8D626;"">
     </path>
    </g>
    <g>
     <path d=""M50.096,22.76L50.096,22.76C31.378,22.759,28.289,2.592,28.26,2.389l-0.225,-1.579l1.589,-0.128C30.531,0.609,31.431,0.572,32.301,0.572c20.37,0.0,23.184,20.0,23.209,20.202l0.189,1.465l-1.462,0.211C52.818,22.655,51.425,22.76,50.096,22.76zM31.571,3.582c0.433,1.727,1.339,4.604,3.069,7.44c3.536,5.798,8.736,8.737,15.455,8.737h0.001c0.696,0.0,1.415,-0.032,2.149,-0.097C51.24,15.389,47.118,3.572,32.301,3.572C32.059,3.572,31.816,3.575,31.571,3.582z"">
     </path>
    </g>
   </g>
  </g>
 </g>
</svg>


Question: How many leaves are attached to the object?",One,Two,Three,Four,B,fruit
98,"Examine the following SVG code carefully and answer the question based on your interpretation of the rendered image.

<svg id=""Layer_1"" style=""enable-background:new 0 0 109.997 109.997;"" version=""1.1"" viewbox=""0 0 109.997 109.997"" x=""0px"" xml:space=""preserve"" y=""0px"">
 <g>
  <g>
   <g>
    <g>
     <circle cx=""55.862"" cy=""68.241"" r=""40.828"" style=""fill:#FF8400;"">
     </circle>
    </g>
    <g>
     <path d=""M55.862,110.569c-23.34,0.0,-42.328,-18.988,-42.328,-42.328c0.0,-23.341,18.988,-42.329,42.328,-42.329c23.339,0.0,42.327,18.988,42.327,42.329C98.189,91.581,79.201,110.569,55.862,110.569zM55.862,28.912c-21.686,0.0,-39.328,17.642,-39.328,39.329c0.0,21.686,17.643,39.328,39.328,39.328c21.686,0.0,39.327,-17.643,39.327,-39.328C95.189,46.554,77.548,28.912,55.862,28.912z"">
     </path>
    </g>
   </g>
   <g>
    <g>
     <path d=""M23.743,68.685h-3.0c0.0,-20.0,15.98,-35.562,34.98,-35.562v3.0C37.722,36.123,23.743,50.685,23.743,68.685z"">
     </path>
    </g>
   </g>
  </g>
  <g>
   <g>
    <g>
     <path d=""M57.7,20.966c0.0,0.0,2.648,-20.536,24.278,-18.788C81.978,2.177,78.868,24.024,57.7,20.966z"" style=""fill:#A8D626;"">
     </path>
    </g>
    <g>
     <path d=""M61.627,22.76c-1.329,0.0,-2.722,-0.104,-4.142,-0.31l-1.462,-0.211l0.189,-1.465C56.238,20.572,59.052,0.572,79.423,0.572c0.869,0.0,1.77,0.037,2.677,0.11l1.589,0.128l-0.225,1.579C83.434,2.592,80.346,22.76,61.627,22.76zM59.477,19.663c7.803,0.689,13.702,-2.241,17.606,-8.641c1.73,-2.836,2.637,-5.712,3.069,-7.44C79.907,3.575,79.664,3.572,79.423,3.572C64.606,3.572,60.483,15.387,59.477,19.663z"">
     </path>
    </g>
   </g>
   <g>
    <g>
     <path d=""M54.022,20.966c0.0,0.0,-2.646,-20.536,-24.277,-18.788C29.745,2.177,32.856,24.024,54.022,20.966z"" style=""fill:#A8D626;"">
     </path>
    </g>
    <g>
     <path d=""M50.096,22.76L50.096,22.76C31.378,22.759,28.289,2.592,28.26,2.389l-0.225,-1.579l1.589,-0.128C30.531,0.609,31.431,0.572,32.301,0.572c20.37,0.0,23.184,20.0,23.209,20.202l0.189,1.465l-1.462,0.211C52.818,22.655,51.425,22.76,50.096,22.76zM31.571,3.582c0.433,1.727,1.339,4.604,3.069,7.44c3.536,5.798,8.736,8.737,15.455,8.737h0.001c0.696,0.0,1.415,-0.032,2.149,-0.097C51.24,15.389,47.118,3.572,32.301,3.572C32.059,3.572,31.816,3.575,31.571,3.582z"">
     </path>
    </g>
   </g>
  </g>
 </g>
</svg>


Question: What shape is the main body of the object?",Square,Triangle,Circle,Rectangle,C,fruit
99,"Examine the following SVG code carefully and answer the question based on your interpretation of the rendered image.

<svg id=""Layer_1"" style=""enable-background:new 0 0 109.997 109.997;"" version=""1.1"" viewbox=""0 0 109.997 109.997"" x=""0px"" xml:space=""preserve"" y=""0px"">
 <g>
  <g>
   <g>
    <g>
     <circle cx=""55.862"" cy=""68.241"" r=""40.828"" style=""fill:#FF8400;"">
     </circle>
    </g>
    <g>
     <path d=""M55.862,110.569c-23.34,0.0,-42.328,-18.988,-42.328,-42.328c0.0,-23.341,18.988,-42.329,42.328,-42.329c23.339,0.0,42.327,18.988,42.327,42.329C98.189,91.581,79.201,110.569,55.862,110.569zM55.862,28.912c-21.686,0.0,-39.328,17.642,-39.328,39.329c0.0,21.686,17.643,39.328,39.328,39.328c21.686,0.0,39.327,-17.643,39.327,-39.328C95.189,46.554,77.548,28.912,55.862,28.912z"">
     </path>
    </g>
   </g>
   <g>
    <g>
     <path d=""M23.743,68.685h-3.0c0.0,-20.0,15.98,-35.562,34.98,-35.562v3.0C37.722,36.123,23.743,50.685,23.743,68.685z"">
     </path>
    </g>
   </g>
  </g>
  <g>
   <g>
    <g>
     <path d=""M57.7,20.966c0.0,0.0,2.648,-20.536,24.278,-18.788C81.978,2.177,78.868,24.024,57.7,20.966z"" style=""fill:#A8D626;"">
     </path>
    </g>
    <g>
     <path d=""M61.627,22.76c-1.329,0.0,-2.722,-0.104,-4.142,-0.31l-1.462,-0.211l0.189,-1.465C56.238,20.572,59.052,0.572,79.423,0.572c0.869,0.0,1.77,0.037,2.677,0.11l1.589,0.128l-0.225,1.579C83.434,2.592,80.346,22.76,61.627,22.76zM59.477,19.663c7.803,0.689,13.702,-2.241,17.606,-8.641c1.73,-2.836,2.637,-5.712,3.069,-7.44C79.907,3.575,79.664,3.572,79.423,3.572C64.606,3.572,60.483,15.387,59.477,19.663z"">
     </path>
    </g>
   </g>
   <g>
    <g>
     <path d=""M54.022,20.966c0.0,0.0,-2.646,-20.536,-24.277,-18.788C29.745,2.177,32.856,24.024,54.022,20.966z"" style=""fill:#A8D626;"">
     </path>
    </g>
    <g>
     <path d=""M50.096,22.76L50.096,22.76C31.378,22.759,28.289,2.592,28.26,2.389l-0.225,-1.579l1.589,-0.128C30.531,0.609,31.431,0.572,32.301,0.572c20.37,0.0,23.184,20.0,23.209,20.202l0.189,1.465l-1.462,0.211C52.818,22.655,51.425,22.76,50.096,22.76zM31.571,3.582c0.433,1.727,1.339,4.604,3.069,7.44c3.536,5.798,8.736,8.737,15.455,8.737h0.001c0.696,0.0,1.415,-0.032,2.149,-0.097C51.24,15.389,47.118,3.572,32.301,3.572C32.059,3.572,31.816,3.575,31.571,3.582z"">
     </path>
    </g>
   </g>
  </g>
 </g>
</svg>


Question: What type of fruit does the object represent?",Apple,Banana,Orange,Grape,C,fruit
104,"Examine the following SVG code carefully and answer the question based on your interpretation of the rendered image.

<svg id=""Layer_1"" style=""enable-background:new 0 0 511.998 511.998;"" version=""1.1"" viewbox=""0 0 511.998 511.998"" x=""0px"" xml:space=""preserve"" y=""0px"">
 <path d=""M80.438,343.392C29.223,417.464,-1.024,481.97,18.122,501.115c34.409,34.409,215.34,-90.73,334.987,-210.377c34.412,-34.411,34.412,-90.203,0.0,-124.61c-34.41,-34.411,-90.197,-34.41,-124.609,0.0C180.592,214.034,131.805,271.768,92.732,325.982"" style=""fill:#EC6907;"">
 </path>
 <g>
  <path d=""M335.866,273.493c12.034,-12.038,18.663,-28.041,18.663,-45.061c0.001,-17.022,-6.628,-33.025,-18.665,-45.06l-10.8,10.802c9.151,9.15,14.191,21.316,14.19,34.257c0.0,12.941,-5.039,25.109,-14.19,34.261L335.866,273.493z"" style=""fill:#53180F;"">
  </path>
  <path d=""M505.857,144.7l10.803,-10.801c-29.547,-29.546,-73.062,-36.8,-109.483,-21.787c4.985,-12.034,7.597,-25.053,7.597,-38.472c0.0,-26.842,-10.454,-52.078,-29.436,-71.059l-10.8,10.801c16.097,16.096,24.961,37.496,24.961,60.258c0.0,19.545,-6.553,38.075,-18.592,53.116c0.52,-3.685,0.794,-7.427,0.794,-11.215c0.0,-21.149,-8.236,-41.033,-23.192,-55.988l-10.8,10.802c12.07,12.069,18.717,28.116,18.717,45.185c0.0,14.619,-4.89,28.481,-13.874,39.744c-37.579,-31.766,-94.041,-29.97,-129.452,5.442c-47.053,47.051,-96.829,105.656,-136.564,160.789l12.393,8.931c11.245,-15.603,23.306,-31.487,35.882,-47.304l61.488,61.489l10.801,-10.802l-62.659,-62.659c28.712,-35.302,59.638,-69.823,89.46,-99.643c31.378,-31.377,82.432,-31.376,113.808,0.001c15.201,15.198,23.571,35.407,23.571,56.901c0.0,21.496,-8.372,41.706,-23.572,56.906c-7.191,7.19,-14.605,14.401,-22.192,21.596l-86.929,-86.928l-10.801,10.801l86.575,86.575c-4.086,3.781,-8.212,7.552,-12.379,11.311l-63.395,-63.393l-10.801,10.802l62.775,62.774c-46.036,40.596,-95.781,78.962,-141.074,108.417c-11.93,7.758,-22.933,14.49,-33.056,20.303l-40.804,-40.804l-10.802,10.801L102.532,475.3c-46.988,25.06,-71.762,27.66,-79.008,20.413c-3.051,-3.051,-8.531,-14.022,6.423,-49.927c10.923,-26.226,30.556,-60.132,56.775,-98.052l-12.565,-8.687c-26.819,38.787,-46.982,73.666,-58.312,100.866c-13.795,33.122,-14.818,54.907,-3.122,66.602c5.376,5.376,12.862,8.064,22.601,8.064c9.597,0.0,21.382,-2.611,35.483,-7.832c23.536,-8.713,52.81,-24.407,87.009,-46.648c65.779,-42.777,140.805,-104.072,200.694,-163.962c18.087,-18.085,28.047,-42.131,28.047,-67.708c0.0,-22.868,-7.968,-44.507,-22.581,-61.759c25.063,-19.921,61.738,-18.311,84.907,4.858l10.8,-10.801c-18.303,-18.303,-43.412,-25.752,-67.256,-22.351C425.857,111.643,474.901,113.743,505.857,144.7z"" style=""fill:#53180F;"">
  </path>
 </g>
</svg>


Question: What is the primary color of the object?",Red,Blue,Green,Orange,D,fruit
105,"Examine the following SVG code carefully and answer the question based on your interpretation of the rendered image.

<svg id=""Layer_1"" style=""enable-background:new 0 0 511.998 511.998;"" version=""1.1"" viewbox=""0 0 511.998 511.998"" x=""0px"" xml:space=""preserve"" y=""0px"">
 <path d=""M80.438,343.392C29.223,417.464,-1.024,481.97,18.122,501.115c34.409,34.409,215.34,-90.73,334.987,-210.377c34.412,-34.411,34.412,-90.203,0.0,-124.61c-34.41,-34.411,-90.197,-34.41,-124.609,0.0C180.592,214.034,131.805,271.768,92.732,325.982"" style=""fill:#EC6907;"">
 </path>
 <g>
  <path d=""M335.866,273.493c12.034,-12.038,18.663,-28.041,18.663,-45.061c0.001,-17.022,-6.628,-33.025,-18.665,-45.06l-10.8,10.802c9.151,9.15,14.191,21.316,14.19,34.257c0.0,12.941,-5.039,25.109,-14.19,34.261L335.866,273.493z"" style=""fill:#53180F;"">
  </path>
  <path d=""M505.857,144.7l10.803,-10.801c-29.547,-29.546,-73.062,-36.8,-109.483,-21.787c4.985,-12.034,7.597,-25.053,7.597,-38.472c0.0,-26.842,-10.454,-52.078,-29.436,-71.059l-10.8,10.801c16.097,16.096,24.961,37.496,24.961,60.258c0.0,19.545,-6.553,38.075,-18.592,53.116c0.52,-3.685,0.794,-7.427,0.794,-11.215c0.0,-21.149,-8.236,-41.033,-23.192,-55.988l-10.8,10.802c12.07,12.069,18.717,28.116,18.717,45.185c0.0,14.619,-4.89,28.481,-13.874,39.744c-37.579,-31.766,-94.041,-29.97,-129.452,5.442c-47.053,47.051,-96.829,105.656,-136.564,160.789l12.393,8.931c11.245,-15.603,23.306,-31.487,35.882,-47.304l61.488,61.489l10.801,-10.802l-62.659,-62.659c28.712,-35.302,59.638,-69.823,89.46,-99.643c31.378,-31.377,82.432,-31.376,113.808,0.001c15.201,15.198,23.571,35.407,23.571,56.901c0.0,21.496,-8.372,41.706,-23.572,56.906c-7.191,7.19,-14.605,14.401,-22.192,21.596l-86.929,-86.928l-10.801,10.801l86.575,86.575c-4.086,3.781,-8.212,7.552,-12.379,11.311l-63.395,-63.393l-10.801,10.802l62.775,62.774c-46.036,40.596,-95.781,78.962,-141.074,108.417c-11.93,7.758,-22.933,14.49,-33.056,20.303l-40.804,-40.804l-10.802,10.801L102.532,475.3c-46.988,25.06,-71.762,27.66,-79.008,20.413c-3.051,-3.051,-8.531,-14.022,6.423,-49.927c10.923,-26.226,30.556,-60.132,56.775,-98.052l-12.565,-8.687c-26.819,38.787,-46.982,73.666,-58.312,100.866c-13.795,33.122,-14.818,54.907,-3.122,66.602c5.376,5.376,12.862,8.064,22.601,8.064c9.597,0.0,21.382,-2.611,35.483,-7.832c23.536,-8.713,52.81,-24.407,87.009,-46.648c65.779,-42.777,140.805,-104.072,200.694,-163.962c18.087,-18.085,28.047,-42.131,28.047,-67.708c0.0,-22.868,-7.968,-44.507,-22.581,-61.759c25.063,-19.921,61.738,-18.311,84.907,4.858l10.8,-10.801c-18.303,-18.303,-43.412,-25.752,-67.256,-22.351C425.857,111.643,474.901,113.743,505.857,144.7z"" style=""fill:#53180F;"">
  </path>
 </g>
</svg>


Question: How many straight lines are there on the body of the object?",1,2,3,4,D,fruit
106,"Examine the following SVG code carefully and answer the question based on your interpretation of the rendered image.

<svg id=""Layer_1"" style=""enable-background:new 0 0 511.998 511.998;"" version=""1.1"" viewbox=""0 0 511.998 511.998"" x=""0px"" xml:space=""preserve"" y=""0px"">
 <path d=""M80.438,343.392C29.223,417.464,-1.024,481.97,18.122,501.115c34.409,34.409,215.34,-90.73,334.987,-210.377c34.412,-34.411,34.412,-90.203,0.0,-124.61c-34.41,-34.411,-90.197,-34.41,-124.609,0.0C180.592,214.034,131.805,271.768,92.732,325.982"" style=""fill:#EC6907;"">
 </path>
 <g>
  <path d=""M335.866,273.493c12.034,-12.038,18.663,-28.041,18.663,-45.061c0.001,-17.022,-6.628,-33.025,-18.665,-45.06l-10.8,10.802c9.151,9.15,14.191,21.316,14.19,34.257c0.0,12.941,-5.039,25.109,-14.19,34.261L335.866,273.493z"" style=""fill:#53180F;"">
  </path>
  <path d=""M505.857,144.7l10.803,-10.801c-29.547,-29.546,-73.062,-36.8,-109.483,-21.787c4.985,-12.034,7.597,-25.053,7.597,-38.472c0.0,-26.842,-10.454,-52.078,-29.436,-71.059l-10.8,10.801c16.097,16.096,24.961,37.496,24.961,60.258c0.0,19.545,-6.553,38.075,-18.592,53.116c0.52,-3.685,0.794,-7.427,0.794,-11.215c0.0,-21.149,-8.236,-41.033,-23.192,-55.988l-10.8,10.802c12.07,12.069,18.717,28.116,18.717,45.185c0.0,14.619,-4.89,28.481,-13.874,39.744c-37.579,-31.766,-94.041,-29.97,-129.452,5.442c-47.053,47.051,-96.829,105.656,-136.564,160.789l12.393,8.931c11.245,-15.603,23.306,-31.487,35.882,-47.304l61.488,61.489l10.801,-10.802l-62.659,-62.659c28.712,-35.302,59.638,-69.823,89.46,-99.643c31.378,-31.377,82.432,-31.376,113.808,0.001c15.201,15.198,23.571,35.407,23.571,56.901c0.0,21.496,-8.372,41.706,-23.572,56.906c-7.191,7.19,-14.605,14.401,-22.192,21.596l-86.929,-86.928l-10.801,10.801l86.575,86.575c-4.086,3.781,-8.212,7.552,-12.379,11.311l-63.395,-63.393l-10.801,10.802l62.775,62.774c-46.036,40.596,-95.781,78.962,-141.074,108.417c-11.93,7.758,-22.933,14.49,-33.056,20.303l-40.804,-40.804l-10.802,10.801L102.532,475.3c-46.988,25.06,-71.762,27.66,-79.008,20.413c-3.051,-3.051,-8.531,-14.022,6.423,-49.927c10.923,-26.226,30.556,-60.132,56.775,-98.052l-12.565,-8.687c-26.819,38.787,-46.982,73.666,-58.312,100.866c-13.795,33.122,-14.818,54.907,-3.122,66.602c5.376,5.376,12.862,8.064,22.601,8.064c9.597,0.0,21.382,-2.611,35.483,-7.832c23.536,-8.713,52.81,-24.407,87.009,-46.648c65.779,-42.777,140.805,-104.072,200.694,-163.962c18.087,-18.085,28.047,-42.131,28.047,-67.708c0.0,-22.868,-7.968,-44.507,-22.581,-61.759c25.063,-19.921,61.738,-18.311,84.907,4.858l10.8,-10.801c-18.303,-18.303,-43.412,-25.752,-67.256,-22.351C425.857,111.643,474.901,113.743,505.857,144.7z"" style=""fill:#53180F;"">
  </path>
 </g>
</svg>


Question: What shape is the object closest to?",Circle,Square,Triangle,Oval,D,fruit
107,"Examine the following SVG code carefully and answer the question based on your interpretation of the rendered image.

<svg id=""Layer_1"" style=""enable-background:new 0 0 511.998 511.998;"" version=""1.1"" viewbox=""0 0 511.998 511.998"" x=""0px"" xml:space=""preserve"" y=""0px"">
 <path d=""M80.438,343.392C29.223,417.464,-1.024,481.97,18.122,501.115c34.409,34.409,215.34,-90.73,334.987,-210.377c34.412,-34.411,34.412,-90.203,0.0,-124.61c-34.41,-34.411,-90.197,-34.41,-124.609,0.0C180.592,214.034,131.805,271.768,92.732,325.982"" style=""fill:#EC6907;"">
 </path>
 <g>
  <path d=""M335.866,273.493c12.034,-12.038,18.663,-28.041,18.663,-45.061c0.001,-17.022,-6.628,-33.025,-18.665,-45.06l-10.8,10.802c9.151,9.15,14.191,21.316,14.19,34.257c0.0,12.941,-5.039,25.109,-14.19,34.261L335.866,273.493z"" style=""fill:#53180F;"">
  </path>
  <path d=""M505.857,144.7l10.803,-10.801c-29.547,-29.546,-73.062,-36.8,-109.483,-21.787c4.985,-12.034,7.597,-25.053,7.597,-38.472c0.0,-26.842,-10.454,-52.078,-29.436,-71.059l-10.8,10.801c16.097,16.096,24.961,37.496,24.961,60.258c0.0,19.545,-6.553,38.075,-18.592,53.116c0.52,-3.685,0.794,-7.427,0.794,-11.215c0.0,-21.149,-8.236,-41.033,-23.192,-55.988l-10.8,10.802c12.07,12.069,18.717,28.116,18.717,45.185c0.0,14.619,-4.89,28.481,-13.874,39.744c-37.579,-31.766,-94.041,-29.97,-129.452,5.442c-47.053,47.051,-96.829,105.656,-136.564,160.789l12.393,8.931c11.245,-15.603,23.306,-31.487,35.882,-47.304l61.488,61.489l10.801,-10.802l-62.659,-62.659c28.712,-35.302,59.638,-69.823,89.46,-99.643c31.378,-31.377,82.432,-31.376,113.808,0.001c15.201,15.198,23.571,35.407,23.571,56.901c0.0,21.496,-8.372,41.706,-23.572,56.906c-7.191,7.19,-14.605,14.401,-22.192,21.596l-86.929,-86.928l-10.801,10.801l86.575,86.575c-4.086,3.781,-8.212,7.552,-12.379,11.311l-63.395,-63.393l-10.801,10.802l62.775,62.774c-46.036,40.596,-95.781,78.962,-141.074,108.417c-11.93,7.758,-22.933,14.49,-33.056,20.303l-40.804,-40.804l-10.802,10.801L102.532,475.3c-46.988,25.06,-71.762,27.66,-79.008,20.413c-3.051,-3.051,-8.531,-14.022,6.423,-49.927c10.923,-26.226,30.556,-60.132,56.775,-98.052l-12.565,-8.687c-26.819,38.787,-46.982,73.666,-58.312,100.866c-13.795,33.122,-14.818,54.907,-3.122,66.602c5.376,5.376,12.862,8.064,22.601,8.064c9.597,0.0,21.382,-2.611,35.483,-7.832c23.536,-8.713,52.81,-24.407,87.009,-46.648c65.779,-42.777,140.805,-104.072,200.694,-163.962c18.087,-18.085,28.047,-42.131,28.047,-67.708c0.0,-22.868,-7.968,-44.507,-22.581,-61.759c25.063,-19.921,61.738,-18.311,84.907,4.858l10.8,-10.801c-18.303,-18.303,-43.412,-25.752,-67.256,-22.351C425.857,111.643,474.901,113.743,505.857,144.7z"" style=""fill:#53180F;"">
  </path>
 </g>
</svg>


Question: What is the object depicted in the image?",Apple,Carrot,Banana,Leaf,B,fruit
120,"Examine the following SVG code carefully and answer the question based on your interpretation of the rendered image.

<svg id=""Capa_1"" style=""enable-background:new 0 0 52.854 52.854;"" version=""1.1"" viewbox=""0 0 52.854 52.854"" x=""0px"" xml:space=""preserve"" y=""0px"">
 <g>
  <path d=""M44.776,37.214c-1.129,7.649,-10.681,12.576,-21.335,11.003C12.787,46.645,5.065,39.17,6.194,31.521c0.678,-4.595,2.771,-7.552,8.239,-7.882c5.269,-0.318,12.417,2.843,16.672,3.471C41.759,28.682,45.905,29.565,44.776,37.214z"" style=""fill:#A46F3E;"">
  </path>
  <path d=""M53.015,18.808c-1.957,-7.48,-6.118,-6.668,-16.537,-3.942c-4.16,1.089,-11.975,0.98,-16.699,3.336c-2.883,1.438,-4.328,3.258,-4.796,5.425c5.208,-0.085,12.013,2.875,16.122,3.482c9.047,1.335,13.385,2.189,13.802,7.094C51.043,30.371,54.471,24.372,53.015,18.808z"" style=""fill:#994530;"">
  </path>
  <path d=""M14.698,23.586c0.468,-2.167,1.913,-3.987,4.796,-5.425c1.522,-0.759,3.367,-1.261,5.305,-1.631c-3.087,-3.104,-6.882,-7.873,-10.795,-9.897C9.139,4.117,5.827,5.586,2.892,9.186c-4.325,5.305,-2.613,14.039,3.625,20.695c0.929,-3.652,3.129,-5.954,7.916,-6.243c0.859,-0.052,1.772,-0.004,2.71,0.103C16.303,23.636,15.481,23.573,14.698,23.586z"" style=""fill:#6A3311;"">
  </path>
  <path d=""M13.493,37.309c-0.448,0.0,-0.855,-0.303,-0.969,-0.757l-1.0,-4.0c-0.134,-0.536,0.192,-1.079,0.728,-1.213c0.536,-0.133,1.079,0.192,1.213,0.728l1.0,4.0c0.134,0.536,-0.192,1.079,-0.728,1.213C13.655,37.3,13.574,37.309,13.493,37.309z"" style=""fill:#6A3311;"">
  </path>
  <path d=""M35.493,24.309c-0.448,0.0,-0.855,-0.303,-0.969,-0.757l-1.0,-4.0c-0.134,-0.536,0.192,-1.079,0.728,-1.213c0.537,-0.133,1.079,0.192,1.213,0.728l1.0,4.0c0.134,0.536,-0.192,1.079,-0.728,1.213C35.655,24.3,35.574,24.309,35.493,24.309z"" style=""fill:#6A3311;"">
  </path>
  <path d=""M27.069,45.309c-0.323,0.0,-0.639,-0.156,-0.832,-0.444c-0.307,-0.458,-0.184,-1.08,0.275,-1.387l3.426,-2.294c0.458,-0.306,1.08,-0.184,1.387,0.275c0.307,0.458,0.184,1.08,-0.275,1.387l-3.426,2.294C27.454,45.254,27.26,45.309,27.069,45.309z"" style=""fill:#6A3311;"">
  </path>
  <path d=""M9.495,14.309c-0.323,0.0,-0.639,-0.156,-0.832,-0.444c-0.307,-0.458,-0.184,-1.08,0.275,-1.387l3.426,-2.294c0.458,-0.307,1.08,-0.184,1.387,0.275c0.307,0.458,0.184,1.08,-0.275,1.387l-3.426,2.294C9.88,14.254,9.686,14.309,9.495,14.309z"" style=""fill:#A46F3E;"">
  </path>
  <path d=""M29.769,35.002c-0.087,0.0,-0.177,-0.012,-0.265,-0.036l-3.976,-1.092c-0.533,-0.146,-0.846,-0.697,-0.7,-1.229c0.146,-0.532,0.696,-0.849,1.229,-0.7l3.976,1.092c0.533,0.146,0.846,0.697,0.7,1.229C30.611,34.71,30.208,35.002,29.769,35.002z"" style=""fill:#6A3311;"">
  </path>
  <path d=""M8.98,21.509c-0.183,0.0,-0.367,-0.05,-0.533,-0.154l-3.487,-2.2C4.494,18.86,4.353,18.243,4.648,17.775c0.294,-0.466,0.914,-0.606,1.379,-0.312l3.487,2.2c0.467,0.295,0.607,0.912,0.312,1.379C9.637,21.344,9.312,21.509,8.98,21.509z"" style=""fill:#A46F3E;"">
  </path>
  <path d=""M45.495,27.08c-0.272,0.0,-0.543,-0.11,-0.741,-0.328c-0.371,-0.409,-0.34,-1.042,0.069,-1.413l3.053,-2.771c0.409,-0.371,1.041,-0.34,1.413,0.069c0.371,0.409,0.34,1.042,-0.069,1.413l-3.053,2.771C45.975,26.994,45.734,27.08,45.495,27.08z"" style=""fill:#6A3311;"">
  </path>
 </g>
</svg>


Question: How many objects are there in the image?",Three,Two,One,Four,A,fruit
121,"Examine the following SVG code carefully and answer the question based on your interpretation of the rendered image.

<svg id=""Capa_1"" style=""enable-background:new 0 0 52.854 52.854;"" version=""1.1"" viewbox=""0 0 52.854 52.854"" x=""0px"" xml:space=""preserve"" y=""0px"">
 <g>
  <path d=""M44.776,37.214c-1.129,7.649,-10.681,12.576,-21.335,11.003C12.787,46.645,5.065,39.17,6.194,31.521c0.678,-4.595,2.771,-7.552,8.239,-7.882c5.269,-0.318,12.417,2.843,16.672,3.471C41.759,28.682,45.905,29.565,44.776,37.214z"" style=""fill:#A46F3E;"">
  </path>
  <path d=""M53.015,18.808c-1.957,-7.48,-6.118,-6.668,-16.537,-3.942c-4.16,1.089,-11.975,0.98,-16.699,3.336c-2.883,1.438,-4.328,3.258,-4.796,5.425c5.208,-0.085,12.013,2.875,16.122,3.482c9.047,1.335,13.385,2.189,13.802,7.094C51.043,30.371,54.471,24.372,53.015,18.808z"" style=""fill:#994530;"">
  </path>
  <path d=""M14.698,23.586c0.468,-2.167,1.913,-3.987,4.796,-5.425c1.522,-0.759,3.367,-1.261,5.305,-1.631c-3.087,-3.104,-6.882,-7.873,-10.795,-9.897C9.139,4.117,5.827,5.586,2.892,9.186c-4.325,5.305,-2.613,14.039,3.625,20.695c0.929,-3.652,3.129,-5.954,7.916,-6.243c0.859,-0.052,1.772,-0.004,2.71,0.103C16.303,23.636,15.481,23.573,14.698,23.586z"" style=""fill:#6A3311;"">
  </path>
  <path d=""M13.493,37.309c-0.448,0.0,-0.855,-0.303,-0.969,-0.757l-1.0,-4.0c-0.134,-0.536,0.192,-1.079,0.728,-1.213c0.536,-0.133,1.079,0.192,1.213,0.728l1.0,4.0c0.134,0.536,-0.192,1.079,-0.728,1.213C13.655,37.3,13.574,37.309,13.493,37.309z"" style=""fill:#6A3311;"">
  </path>
  <path d=""M35.493,24.309c-0.448,0.0,-0.855,-0.303,-0.969,-0.757l-1.0,-4.0c-0.134,-0.536,0.192,-1.079,0.728,-1.213c0.537,-0.133,1.079,0.192,1.213,0.728l1.0,4.0c0.134,0.536,-0.192,1.079,-0.728,1.213C35.655,24.3,35.574,24.309,35.493,24.309z"" style=""fill:#6A3311;"">
  </path>
  <path d=""M27.069,45.309c-0.323,0.0,-0.639,-0.156,-0.832,-0.444c-0.307,-0.458,-0.184,-1.08,0.275,-1.387l3.426,-2.294c0.458,-0.306,1.08,-0.184,1.387,0.275c0.307,0.458,0.184,1.08,-0.275,1.387l-3.426,2.294C27.454,45.254,27.26,45.309,27.069,45.309z"" style=""fill:#6A3311;"">
  </path>
  <path d=""M9.495,14.309c-0.323,0.0,-0.639,-0.156,-0.832,-0.444c-0.307,-0.458,-0.184,-1.08,0.275,-1.387l3.426,-2.294c0.458,-0.307,1.08,-0.184,1.387,0.275c0.307,0.458,0.184,1.08,-0.275,1.387l-3.426,2.294C9.88,14.254,9.686,14.309,9.495,14.309z"" style=""fill:#A46F3E;"">
  </path>
  <path d=""M29.769,35.002c-0.087,0.0,-0.177,-0.012,-0.265,-0.036l-3.976,-1.092c-0.533,-0.146,-0.846,-0.697,-0.7,-1.229c0.146,-0.532,0.696,-0.849,1.229,-0.7l3.976,1.092c0.533,0.146,0.846,0.697,0.7,1.229C30.611,34.71,30.208,35.002,29.769,35.002z"" style=""fill:#6A3311;"">
  </path>
  <path d=""M8.98,21.509c-0.183,0.0,-0.367,-0.05,-0.533,-0.154l-3.487,-2.2C4.494,18.86,4.353,18.243,4.648,17.775c0.294,-0.466,0.914,-0.606,1.379,-0.312l3.487,2.2c0.467,0.295,0.607,0.912,0.312,1.379C9.637,21.344,9.312,21.509,8.98,21.509z"" style=""fill:#A46F3E;"">
  </path>
  <path d=""M45.495,27.08c-0.272,0.0,-0.543,-0.11,-0.741,-0.328c-0.371,-0.409,-0.34,-1.042,0.069,-1.413l3.053,-2.771c0.409,-0.371,1.041,-0.34,1.413,0.069c0.371,0.409,0.34,1.042,-0.069,1.413l-3.053,2.771C45.975,26.994,45.734,27.08,45.495,27.08z"" style=""fill:#6A3311;"">
  </path>
 </g>
</svg>


Question: What is the predominant color of the objects in the image?",Brown,Green,Blue,Yellow,A,fruit
122,"Examine the following SVG code carefully and answer the question based on your interpretation of the rendered image.

<svg id=""Capa_1"" style=""enable-background:new 0 0 52.854 52.854;"" version=""1.1"" viewbox=""0 0 52.854 52.854"" x=""0px"" xml:space=""preserve"" y=""0px"">
 <g>
  <path d=""M44.776,37.214c-1.129,7.649,-10.681,12.576,-21.335,11.003C12.787,46.645,5.065,39.17,6.194,31.521c0.678,-4.595,2.771,-7.552,8.239,-7.882c5.269,-0.318,12.417,2.843,16.672,3.471C41.759,28.682,45.905,29.565,44.776,37.214z"" style=""fill:#A46F3E;"">
  </path>
  <path d=""M53.015,18.808c-1.957,-7.48,-6.118,-6.668,-16.537,-3.942c-4.16,1.089,-11.975,0.98,-16.699,3.336c-2.883,1.438,-4.328,3.258,-4.796,5.425c5.208,-0.085,12.013,2.875,16.122,3.482c9.047,1.335,13.385,2.189,13.802,7.094C51.043,30.371,54.471,24.372,53.015,18.808z"" style=""fill:#994530;"">
  </path>
  <path d=""M14.698,23.586c0.468,-2.167,1.913,-3.987,4.796,-5.425c1.522,-0.759,3.367,-1.261,5.305,-1.631c-3.087,-3.104,-6.882,-7.873,-10.795,-9.897C9.139,4.117,5.827,5.586,2.892,9.186c-4.325,5.305,-2.613,14.039,3.625,20.695c0.929,-3.652,3.129,-5.954,7.916,-6.243c0.859,-0.052,1.772,-0.004,2.71,0.103C16.303,23.636,15.481,23.573,14.698,23.586z"" style=""fill:#6A3311;"">
  </path>
  <path d=""M13.493,37.309c-0.448,0.0,-0.855,-0.303,-0.969,-0.757l-1.0,-4.0c-0.134,-0.536,0.192,-1.079,0.728,-1.213c0.536,-0.133,1.079,0.192,1.213,0.728l1.0,4.0c0.134,0.536,-0.192,1.079,-0.728,1.213C13.655,37.3,13.574,37.309,13.493,37.309z"" style=""fill:#6A3311;"">
  </path>
  <path d=""M35.493,24.309c-0.448,0.0,-0.855,-0.303,-0.969,-0.757l-1.0,-4.0c-0.134,-0.536,0.192,-1.079,0.728,-1.213c0.537,-0.133,1.079,0.192,1.213,0.728l1.0,4.0c0.134,0.536,-0.192,1.079,-0.728,1.213C35.655,24.3,35.574,24.309,35.493,24.309z"" style=""fill:#6A3311;"">
  </path>
  <path d=""M27.069,45.309c-0.323,0.0,-0.639,-0.156,-0.832,-0.444c-0.307,-0.458,-0.184,-1.08,0.275,-1.387l3.426,-2.294c0.458,-0.306,1.08,-0.184,1.387,0.275c0.307,0.458,0.184,1.08,-0.275,1.387l-3.426,2.294C27.454,45.254,27.26,45.309,27.069,45.309z"" style=""fill:#6A3311;"">
  </path>
  <path d=""M9.495,14.309c-0.323,0.0,-0.639,-0.156,-0.832,-0.444c-0.307,-0.458,-0.184,-1.08,0.275,-1.387l3.426,-2.294c0.458,-0.307,1.08,-0.184,1.387,0.275c0.307,0.458,0.184,1.08,-0.275,1.387l-3.426,2.294C9.88,14.254,9.686,14.309,9.495,14.309z"" style=""fill:#A46F3E;"">
  </path>
  <path d=""M29.769,35.002c-0.087,0.0,-0.177,-0.012,-0.265,-0.036l-3.976,-1.092c-0.533,-0.146,-0.846,-0.697,-0.7,-1.229c0.146,-0.532,0.696,-0.849,1.229,-0.7l3.976,1.092c0.533,0.146,0.846,0.697,0.7,1.229C30.611,34.71,30.208,35.002,29.769,35.002z"" style=""fill:#6A3311;"">
  </path>
  <path d=""M8.98,21.509c-0.183,0.0,-0.367,-0.05,-0.533,-0.154l-3.487,-2.2C4.494,18.86,4.353,18.243,4.648,17.775c0.294,-0.466,0.914,-0.606,1.379,-0.312l3.487,2.2c0.467,0.295,0.607,0.912,0.312,1.379C9.637,21.344,9.312,21.509,8.98,21.509z"" style=""fill:#A46F3E;"">
  </path>
  <path d=""M45.495,27.08c-0.272,0.0,-0.543,-0.11,-0.741,-0.328c-0.371,-0.409,-0.34,-1.042,0.069,-1.413l3.053,-2.771c0.409,-0.371,1.041,-0.34,1.413,0.069c0.371,0.409,0.34,1.042,-0.069,1.413l-3.053,2.771C45.975,26.994,45.734,27.08,45.495,27.08z"" style=""fill:#6A3311;"">
  </path>
 </g>
</svg>


Question: Which of the following shapes best describes the objects in the image?",Circular,Triangular,Rectangular,Oval,D,fruit
123,"Examine the following SVG code carefully and answer the question based on your interpretation of the rendered image.

<svg id=""Capa_1"" style=""enable-background:new 0 0 52.854 52.854;"" version=""1.1"" viewbox=""0 0 52.854 52.854"" x=""0px"" xml:space=""preserve"" y=""0px"">
 <g>
  <path d=""M44.776,37.214c-1.129,7.649,-10.681,12.576,-21.335,11.003C12.787,46.645,5.065,39.17,6.194,31.521c0.678,-4.595,2.771,-7.552,8.239,-7.882c5.269,-0.318,12.417,2.843,16.672,3.471C41.759,28.682,45.905,29.565,44.776,37.214z"" style=""fill:#A46F3E;"">
  </path>
  <path d=""M53.015,18.808c-1.957,-7.48,-6.118,-6.668,-16.537,-3.942c-4.16,1.089,-11.975,0.98,-16.699,3.336c-2.883,1.438,-4.328,3.258,-4.796,5.425c5.208,-0.085,12.013,2.875,16.122,3.482c9.047,1.335,13.385,2.189,13.802,7.094C51.043,30.371,54.471,24.372,53.015,18.808z"" style=""fill:#994530;"">
  </path>
  <path d=""M14.698,23.586c0.468,-2.167,1.913,-3.987,4.796,-5.425c1.522,-0.759,3.367,-1.261,5.305,-1.631c-3.087,-3.104,-6.882,-7.873,-10.795,-9.897C9.139,4.117,5.827,5.586,2.892,9.186c-4.325,5.305,-2.613,14.039,3.625,20.695c0.929,-3.652,3.129,-5.954,7.916,-6.243c0.859,-0.052,1.772,-0.004,2.71,0.103C16.303,23.636,15.481,23.573,14.698,23.586z"" style=""fill:#6A3311;"">
  </path>
  <path d=""M13.493,37.309c-0.448,0.0,-0.855,-0.303,-0.969,-0.757l-1.0,-4.0c-0.134,-0.536,0.192,-1.079,0.728,-1.213c0.536,-0.133,1.079,0.192,1.213,0.728l1.0,4.0c0.134,0.536,-0.192,1.079,-0.728,1.213C13.655,37.3,13.574,37.309,13.493,37.309z"" style=""fill:#6A3311;"">
  </path>
  <path d=""M35.493,24.309c-0.448,0.0,-0.855,-0.303,-0.969,-0.757l-1.0,-4.0c-0.134,-0.536,0.192,-1.079,0.728,-1.213c0.537,-0.133,1.079,0.192,1.213,0.728l1.0,4.0c0.134,0.536,-0.192,1.079,-0.728,1.213C35.655,24.3,35.574,24.309,35.493,24.309z"" style=""fill:#6A3311;"">
  </path>
  <path d=""M27.069,45.309c-0.323,0.0,-0.639,-0.156,-0.832,-0.444c-0.307,-0.458,-0.184,-1.08,0.275,-1.387l3.426,-2.294c0.458,-0.306,1.08,-0.184,1.387,0.275c0.307,0.458,0.184,1.08,-0.275,1.387l-3.426,2.294C27.454,45.254,27.26,45.309,27.069,45.309z"" style=""fill:#6A3311;"">
  </path>
  <path d=""M9.495,14.309c-0.323,0.0,-0.639,-0.156,-0.832,-0.444c-0.307,-0.458,-0.184,-1.08,0.275,-1.387l3.426,-2.294c0.458,-0.307,1.08,-0.184,1.387,0.275c0.307,0.458,0.184,1.08,-0.275,1.387l-3.426,2.294C9.88,14.254,9.686,14.309,9.495,14.309z"" style=""fill:#A46F3E;"">
  </path>
  <path d=""M29.769,35.002c-0.087,0.0,-0.177,-0.012,-0.265,-0.036l-3.976,-1.092c-0.533,-0.146,-0.846,-0.697,-0.7,-1.229c0.146,-0.532,0.696,-0.849,1.229,-0.7l3.976,1.092c0.533,0.146,0.846,0.697,0.7,1.229C30.611,34.71,30.208,35.002,29.769,35.002z"" style=""fill:#6A3311;"">
  </path>
  <path d=""M8.98,21.509c-0.183,0.0,-0.367,-0.05,-0.533,-0.154l-3.487,-2.2C4.494,18.86,4.353,18.243,4.648,17.775c0.294,-0.466,0.914,-0.606,1.379,-0.312l3.487,2.2c0.467,0.295,0.607,0.912,0.312,1.379C9.637,21.344,9.312,21.509,8.98,21.509z"" style=""fill:#A46F3E;"">
  </path>
  <path d=""M45.495,27.08c-0.272,0.0,-0.543,-0.11,-0.741,-0.328c-0.371,-0.409,-0.34,-1.042,0.069,-1.413l3.053,-2.771c0.409,-0.371,1.041,-0.34,1.413,0.069c0.371,0.409,0.34,1.042,-0.069,1.413l-3.053,2.771C45.975,26.994,45.734,27.08,45.495,27.08z"" style=""fill:#6A3311;"">
  </path>
 </g>
</svg>


Question: What type of objects are depicted in the image?",Popatoes,Fruits,Nuts,Grains,A,fruit
144,"Examine the following SVG code carefully and answer the question based on your interpretation of the rendered image.

<svg id=""Layer_1"" style=""enable-background:new 0 0 512.001 512.001;"" version=""1.1"" viewbox=""0 0 512.001 512.001"" x=""0px"" xml:space=""preserve"" y=""0px"">
 <g>
  <path d=""M391.287,138.694c83.205,18.147,122.778,77.653,123.7,79.053C480.778,182.467,409.399,172.984,360.625,170.827l-0.747,0.56c-1.353,-1.831,-52.018,-4.922,-53.651,-6.602l45.487,-33.824C351.713,130.962,369.978,152.2,391.287,138.694z"" style=""fill:#90BC42;"">
  </path>
  <path d=""M183.764,151.956c-1.691,1.691,-25.017,17.029,-26.417,18.871C108.583,172.984,37.193,182.467,2.985,217.748c0.933,-1.399,40.506,-60.905,123.7,-79.053h0.011C148.005,152.2,183.764,151.956,183.764,151.956z"" style=""fill:#90BC42;"">
  </path>
 </g>
 <g>
  <path d=""M391.287,138.694c-21.309,13.506,-35.292,26.825,-35.292,26.825l-0.607,0.583c-0.187,-0.198,-0.373,-0.384,-0.571,-0.583l-34.593,6.263c-3.465,-3.465,13.238,-26.697,9.202,-28.983l0.279,-0.49c62.958,-75.623,165.419,-29.274,167.261,-28.435C459.107,103.203,418.998,121.107,391.287,138.694z"" style=""fill:#9AD14B;"">
  </path>
  <path d=""M126.696,138.694c-27.712,-17.587,-67.82,-35.491,-105.68,-24.819c1.831,-0.839,104.304,-47.189,167.249,28.435c-4.362,2.356,4.094,17.962,0.384,21.67l-26.662,1.528v0.011C161.989,165.52,148.005,152.2,126.696,138.694z"" style=""fill:#9AD14B;"">
  </path>
 </g>
 <path d=""M258.408,160.574l-20.41,49.697l-53.452,47.259l-0.245,0.315l-16.958,-12.923c-3.954,-3.009,-7.359,-6.462,-10.193,-10.228c-1.831,-2.403,-3.429,-4.945,-4.782,-7.581c-1.458,-2.834,-2.648,-5.785,-3.557,-8.805c-4.817,-15.838,-2.1,-33.601,8.537,-47.48c1.399,-1.843,2.95,-3.615,4.642,-5.306v-0.011l14.101,-14.089c3.709,-3.709,7.814,-6.754,12.176,-9.109c22.23,-12.083,51.027,-6.823,67.238,14.45L258.408,160.574z"" style=""fill:#E09B2D;"">
 </path>
 <path d=""M423.243,412.674c-8.841,8.852,-22.871,9.797,-32.809,2.204l-62.759,-47.807l-14.031,-10.695l-55.225,-42.069l44.775,-34.126l7.021,-5.342l7.022,-5.342l15.278,-11.64l60.473,79.38l10.695,14.031l21.775,28.587C433.028,389.814,432.084,403.833,423.243,412.674z"" style=""fill:#F7B239;"">
 </path>
 <path d=""M426.742,408.242c-0.98,1.575,-2.135,3.068,-3.499,4.432c-8.841,8.852,-22.871,9.797,-32.809,2.204l-62.759,-47.807l-14.031,-10.695l-55.225,-42.069l21.565,-53.884l3.289,-0.163l23.571,-1.154l25.671,-1.248l3.499,4.595l-1.167,0.886l-13.495,10.275l-14.031,10.695l-9.036,6.885c-7.665,5.843,-7.664,17.38,0.003,23.22l32.534,24.781l14.031,10.695l70.212,53.487C418.578,406.072,422.614,407.658,426.742,408.242z"" style=""fill:#E09B2D;"">
 </path>
 <path d=""M349.473,244.934l-16.958,12.923l-15.278,11.64l-7.022,5.342l-7.021,5.342l-44.775,34.126l-55.249,42.08l-14.031,10.695l-62.759,47.807c-9.949,7.581,-23.968,6.636,-32.82,-2.216c-8.84,-8.841,-9.786,-22.871,-2.204,-32.82l87.835,-115.302l5.108,-6.707l0.245,-0.315l5.342,-7.022l55.843,-73.291l5.342,-7.021l5.295,-6.94l2.041,-2.682l2.905,-3.814c16.422,-21.554,45.755,-26.662,68.113,-13.961c4.036,2.287,7.838,5.155,11.302,8.619l14.089,14.101c0.198,0.198,0.384,0.384,0.571,0.583c1.633,1.68,3.137,3.452,4.49,5.283C376.871,194.177,372.846,227.136,349.473,244.934z"" style=""fill:#F7B239;"">
 </path>
 <path d=""M133.019,394.227c-8.841,-8.84,-9.786,-22.871,-2.205,-32.82l92.944,-122.009l0.245,-0.315l66.526,-87.333l7.336,-9.622l2.905,-3.814c0.619,-0.814,1.263,-1.595,1.918,-2.361c-15.6,0.201,-31.044,7.246,-41.376,20.807l-2.905,3.814l-7.336,9.622l-66.526,87.333l-0.245,0.315l-92.943,122.01c-7.581,9.949,-6.636,23.98,2.205,32.82c8.852,8.852,22.871,9.797,32.82,2.216l18.435,-14.042C140.477,399.798,136.375,397.584,133.019,394.227z"" style=""fill:#E09B2D;"">
 </path>
 <g>
  <path d=""M278.515,197.64c-1.703,1.714,-3.942,2.566,-6.181,2.566s-4.478,-0.852,-6.181,-2.566l-20.423,-20.423l5.342,-7.021l5.295,-6.94c0.315,0.221,0.607,0.478,0.886,0.758l21.262,21.262C281.932,188.695,281.932,194.222,278.515,197.64z"" style=""fill:#995C0D;"">
  </path>
  <path d=""M317.237,269.497l-7.022,5.342l-7.021,5.342l-23.723,-23.723c-3.418,-3.418,-3.418,-8.946,0.0,-12.363c3.418,-3.418,8.945,-3.418,12.363,0.0L317.237,269.497z"" style=""fill:#995C0D;"">
  </path>
  <path d=""M205.457,278.431c-1.703,1.714,-3.942,2.566,-6.181,2.566s-4.478,-0.852,-6.181,-2.555l-13.903,-13.89l5.108,-6.707l0.245,-0.315l5.342,-7.022l15.57,15.547C208.875,269.474,208.875,275.014,205.457,278.431z"" style=""fill:#995C0D;"">
  </path>
  <path d=""M203.171,356.387l-14.031,10.695l-20.445,-20.457c-3.418,-3.418,-3.418,-8.957,0.0,-12.363c3.418,-3.418,8.957,-3.418,12.363,0.0L203.171,356.387z"" style=""fill:#995C0D;"">
  </path>
  <path d=""M348.121,346.625l-3.266,3.266l-17.18,17.18l-14.031,-10.695l17.179,-17.179l4.933,-4.933c3.418,-3.418,8.945,-3.418,12.363,0.0C351.539,337.68,351.539,343.208,348.121,346.625z"" style=""fill:#995C0D;"">
  </path>
  <path d=""M177.874,213.969l-20.726,20.726c-1.831,-2.403,-3.429,-4.945,-4.782,-7.581c-1.458,-2.834,-2.648,-5.785,-3.557,-8.805l16.701,-16.701c3.418,-3.418,8.946,-3.418,12.363,0.0C181.291,205.023,181.291,210.551,177.874,213.969z"" style=""fill:#995C0D;"">
  </path>
  <path d=""M403.684,351.267l-14.299,14.298c-1.703,1.714,-3.942,2.566,-6.181,2.566c-2.24,0.0,-4.478,-0.852,-6.181,-2.566c-3.418,-3.418,-3.418,-8.945,0.0,-12.363l15.967,-15.967L403.684,351.267z"" style=""fill:#995C0D;"">
  </path>
 </g>
</svg>


Question: What is the primary color of the objects in the image?",Red,Blue,Orange,Purple,C,fruit
145,"Examine the following SVG code carefully and answer the question based on your interpretation of the rendered image.

<svg id=""Layer_1"" style=""enable-background:new 0 0 512.001 512.001;"" version=""1.1"" viewbox=""0 0 512.001 512.001"" x=""0px"" xml:space=""preserve"" y=""0px"">
 <g>
  <path d=""M391.287,138.694c83.205,18.147,122.778,77.653,123.7,79.053C480.778,182.467,409.399,172.984,360.625,170.827l-0.747,0.56c-1.353,-1.831,-52.018,-4.922,-53.651,-6.602l45.487,-33.824C351.713,130.962,369.978,152.2,391.287,138.694z"" style=""fill:#90BC42;"">
  </path>
  <path d=""M183.764,151.956c-1.691,1.691,-25.017,17.029,-26.417,18.871C108.583,172.984,37.193,182.467,2.985,217.748c0.933,-1.399,40.506,-60.905,123.7,-79.053h0.011C148.005,152.2,183.764,151.956,183.764,151.956z"" style=""fill:#90BC42;"">
  </path>
 </g>
 <g>
  <path d=""M391.287,138.694c-21.309,13.506,-35.292,26.825,-35.292,26.825l-0.607,0.583c-0.187,-0.198,-0.373,-0.384,-0.571,-0.583l-34.593,6.263c-3.465,-3.465,13.238,-26.697,9.202,-28.983l0.279,-0.49c62.958,-75.623,165.419,-29.274,167.261,-28.435C459.107,103.203,418.998,121.107,391.287,138.694z"" style=""fill:#9AD14B;"">
  </path>
  <path d=""M126.696,138.694c-27.712,-17.587,-67.82,-35.491,-105.68,-24.819c1.831,-0.839,104.304,-47.189,167.249,28.435c-4.362,2.356,4.094,17.962,0.384,21.67l-26.662,1.528v0.011C161.989,165.52,148.005,152.2,126.696,138.694z"" style=""fill:#9AD14B;"">
  </path>
 </g>
 <path d=""M258.408,160.574l-20.41,49.697l-53.452,47.259l-0.245,0.315l-16.958,-12.923c-3.954,-3.009,-7.359,-6.462,-10.193,-10.228c-1.831,-2.403,-3.429,-4.945,-4.782,-7.581c-1.458,-2.834,-2.648,-5.785,-3.557,-8.805c-4.817,-15.838,-2.1,-33.601,8.537,-47.48c1.399,-1.843,2.95,-3.615,4.642,-5.306v-0.011l14.101,-14.089c3.709,-3.709,7.814,-6.754,12.176,-9.109c22.23,-12.083,51.027,-6.823,67.238,14.45L258.408,160.574z"" style=""fill:#E09B2D;"">
 </path>
 <path d=""M423.243,412.674c-8.841,8.852,-22.871,9.797,-32.809,2.204l-62.759,-47.807l-14.031,-10.695l-55.225,-42.069l44.775,-34.126l7.021,-5.342l7.022,-5.342l15.278,-11.64l60.473,79.38l10.695,14.031l21.775,28.587C433.028,389.814,432.084,403.833,423.243,412.674z"" style=""fill:#F7B239;"">
 </path>
 <path d=""M426.742,408.242c-0.98,1.575,-2.135,3.068,-3.499,4.432c-8.841,8.852,-22.871,9.797,-32.809,2.204l-62.759,-47.807l-14.031,-10.695l-55.225,-42.069l21.565,-53.884l3.289,-0.163l23.571,-1.154l25.671,-1.248l3.499,4.595l-1.167,0.886l-13.495,10.275l-14.031,10.695l-9.036,6.885c-7.665,5.843,-7.664,17.38,0.003,23.22l32.534,24.781l14.031,10.695l70.212,53.487C418.578,406.072,422.614,407.658,426.742,408.242z"" style=""fill:#E09B2D;"">
 </path>
 <path d=""M349.473,244.934l-16.958,12.923l-15.278,11.64l-7.022,5.342l-7.021,5.342l-44.775,34.126l-55.249,42.08l-14.031,10.695l-62.759,47.807c-9.949,7.581,-23.968,6.636,-32.82,-2.216c-8.84,-8.841,-9.786,-22.871,-2.204,-32.82l87.835,-115.302l5.108,-6.707l0.245,-0.315l5.342,-7.022l55.843,-73.291l5.342,-7.021l5.295,-6.94l2.041,-2.682l2.905,-3.814c16.422,-21.554,45.755,-26.662,68.113,-13.961c4.036,2.287,7.838,5.155,11.302,8.619l14.089,14.101c0.198,0.198,0.384,0.384,0.571,0.583c1.633,1.68,3.137,3.452,4.49,5.283C376.871,194.177,372.846,227.136,349.473,244.934z"" style=""fill:#F7B239;"">
 </path>
 <path d=""M133.019,394.227c-8.841,-8.84,-9.786,-22.871,-2.205,-32.82l92.944,-122.009l0.245,-0.315l66.526,-87.333l7.336,-9.622l2.905,-3.814c0.619,-0.814,1.263,-1.595,1.918,-2.361c-15.6,0.201,-31.044,7.246,-41.376,20.807l-2.905,3.814l-7.336,9.622l-66.526,87.333l-0.245,0.315l-92.943,122.01c-7.581,9.949,-6.636,23.98,2.205,32.82c8.852,8.852,22.871,9.797,32.82,2.216l18.435,-14.042C140.477,399.798,136.375,397.584,133.019,394.227z"" style=""fill:#E09B2D;"">
 </path>
 <g>
  <path d=""M278.515,197.64c-1.703,1.714,-3.942,2.566,-6.181,2.566s-4.478,-0.852,-6.181,-2.566l-20.423,-20.423l5.342,-7.021l5.295,-6.94c0.315,0.221,0.607,0.478,0.886,0.758l21.262,21.262C281.932,188.695,281.932,194.222,278.515,197.64z"" style=""fill:#995C0D;"">
  </path>
  <path d=""M317.237,269.497l-7.022,5.342l-7.021,5.342l-23.723,-23.723c-3.418,-3.418,-3.418,-8.946,0.0,-12.363c3.418,-3.418,8.945,-3.418,12.363,0.0L317.237,269.497z"" style=""fill:#995C0D;"">
  </path>
  <path d=""M205.457,278.431c-1.703,1.714,-3.942,2.566,-6.181,2.566s-4.478,-0.852,-6.181,-2.555l-13.903,-13.89l5.108,-6.707l0.245,-0.315l5.342,-7.022l15.57,15.547C208.875,269.474,208.875,275.014,205.457,278.431z"" style=""fill:#995C0D;"">
  </path>
  <path d=""M203.171,356.387l-14.031,10.695l-20.445,-20.457c-3.418,-3.418,-3.418,-8.957,0.0,-12.363c3.418,-3.418,8.957,-3.418,12.363,0.0L203.171,356.387z"" style=""fill:#995C0D;"">
  </path>
  <path d=""M348.121,346.625l-3.266,3.266l-17.18,17.18l-14.031,-10.695l17.179,-17.179l4.933,-4.933c3.418,-3.418,8.945,-3.418,12.363,0.0C351.539,337.68,351.539,343.208,348.121,346.625z"" style=""fill:#995C0D;"">
  </path>
  <path d=""M177.874,213.969l-20.726,20.726c-1.831,-2.403,-3.429,-4.945,-4.782,-7.581c-1.458,-2.834,-2.648,-5.785,-3.557,-8.805l16.701,-16.701c3.418,-3.418,8.946,-3.418,12.363,0.0C181.291,205.023,181.291,210.551,177.874,213.969z"" style=""fill:#995C0D;"">
  </path>
  <path d=""M403.684,351.267l-14.299,14.298c-1.703,1.714,-3.942,2.566,-6.181,2.566c-2.24,0.0,-4.478,-0.852,-6.181,-2.566c-3.418,-3.418,-3.418,-8.945,0.0,-12.363l15.967,-15.967L403.684,351.267z"" style=""fill:#995C0D;"">
  </path>
 </g>
</svg>


Question: How many green leaves are visible in the image?",Three,Four,Five,Six,C,fruit
146,"Examine the following SVG code carefully and answer the question based on your interpretation of the rendered image.

<svg id=""Layer_1"" style=""enable-background:new 0 0 512.001 512.001;"" version=""1.1"" viewbox=""0 0 512.001 512.001"" x=""0px"" xml:space=""preserve"" y=""0px"">
 <g>
  <path d=""M391.287,138.694c83.205,18.147,122.778,77.653,123.7,79.053C480.778,182.467,409.399,172.984,360.625,170.827l-0.747,0.56c-1.353,-1.831,-52.018,-4.922,-53.651,-6.602l45.487,-33.824C351.713,130.962,369.978,152.2,391.287,138.694z"" style=""fill:#90BC42;"">
  </path>
  <path d=""M183.764,151.956c-1.691,1.691,-25.017,17.029,-26.417,18.871C108.583,172.984,37.193,182.467,2.985,217.748c0.933,-1.399,40.506,-60.905,123.7,-79.053h0.011C148.005,152.2,183.764,151.956,183.764,151.956z"" style=""fill:#90BC42;"">
  </path>
 </g>
 <g>
  <path d=""M391.287,138.694c-21.309,13.506,-35.292,26.825,-35.292,26.825l-0.607,0.583c-0.187,-0.198,-0.373,-0.384,-0.571,-0.583l-34.593,6.263c-3.465,-3.465,13.238,-26.697,9.202,-28.983l0.279,-0.49c62.958,-75.623,165.419,-29.274,167.261,-28.435C459.107,103.203,418.998,121.107,391.287,138.694z"" style=""fill:#9AD14B;"">
  </path>
  <path d=""M126.696,138.694c-27.712,-17.587,-67.82,-35.491,-105.68,-24.819c1.831,-0.839,104.304,-47.189,167.249,28.435c-4.362,2.356,4.094,17.962,0.384,21.67l-26.662,1.528v0.011C161.989,165.52,148.005,152.2,126.696,138.694z"" style=""fill:#9AD14B;"">
  </path>
 </g>
 <path d=""M258.408,160.574l-20.41,49.697l-53.452,47.259l-0.245,0.315l-16.958,-12.923c-3.954,-3.009,-7.359,-6.462,-10.193,-10.228c-1.831,-2.403,-3.429,-4.945,-4.782,-7.581c-1.458,-2.834,-2.648,-5.785,-3.557,-8.805c-4.817,-15.838,-2.1,-33.601,8.537,-47.48c1.399,-1.843,2.95,-3.615,4.642,-5.306v-0.011l14.101,-14.089c3.709,-3.709,7.814,-6.754,12.176,-9.109c22.23,-12.083,51.027,-6.823,67.238,14.45L258.408,160.574z"" style=""fill:#E09B2D;"">
 </path>
 <path d=""M423.243,412.674c-8.841,8.852,-22.871,9.797,-32.809,2.204l-62.759,-47.807l-14.031,-10.695l-55.225,-42.069l44.775,-34.126l7.021,-5.342l7.022,-5.342l15.278,-11.64l60.473,79.38l10.695,14.031l21.775,28.587C433.028,389.814,432.084,403.833,423.243,412.674z"" style=""fill:#F7B239;"">
 </path>
 <path d=""M426.742,408.242c-0.98,1.575,-2.135,3.068,-3.499,4.432c-8.841,8.852,-22.871,9.797,-32.809,2.204l-62.759,-47.807l-14.031,-10.695l-55.225,-42.069l21.565,-53.884l3.289,-0.163l23.571,-1.154l25.671,-1.248l3.499,4.595l-1.167,0.886l-13.495,10.275l-14.031,10.695l-9.036,6.885c-7.665,5.843,-7.664,17.38,0.003,23.22l32.534,24.781l14.031,10.695l70.212,53.487C418.578,406.072,422.614,407.658,426.742,408.242z"" style=""fill:#E09B2D;"">
 </path>
 <path d=""M349.473,244.934l-16.958,12.923l-15.278,11.64l-7.022,5.342l-7.021,5.342l-44.775,34.126l-55.249,42.08l-14.031,10.695l-62.759,47.807c-9.949,7.581,-23.968,6.636,-32.82,-2.216c-8.84,-8.841,-9.786,-22.871,-2.204,-32.82l87.835,-115.302l5.108,-6.707l0.245,-0.315l5.342,-7.022l55.843,-73.291l5.342,-7.021l5.295,-6.94l2.041,-2.682l2.905,-3.814c16.422,-21.554,45.755,-26.662,68.113,-13.961c4.036,2.287,7.838,5.155,11.302,8.619l14.089,14.101c0.198,0.198,0.384,0.384,0.571,0.583c1.633,1.68,3.137,3.452,4.49,5.283C376.871,194.177,372.846,227.136,349.473,244.934z"" style=""fill:#F7B239;"">
 </path>
 <path d=""M133.019,394.227c-8.841,-8.84,-9.786,-22.871,-2.205,-32.82l92.944,-122.009l0.245,-0.315l66.526,-87.333l7.336,-9.622l2.905,-3.814c0.619,-0.814,1.263,-1.595,1.918,-2.361c-15.6,0.201,-31.044,7.246,-41.376,20.807l-2.905,3.814l-7.336,9.622l-66.526,87.333l-0.245,0.315l-92.943,122.01c-7.581,9.949,-6.636,23.98,2.205,32.82c8.852,8.852,22.871,9.797,32.82,2.216l18.435,-14.042C140.477,399.798,136.375,397.584,133.019,394.227z"" style=""fill:#E09B2D;"">
 </path>
 <g>
  <path d=""M278.515,197.64c-1.703,1.714,-3.942,2.566,-6.181,2.566s-4.478,-0.852,-6.181,-2.566l-20.423,-20.423l5.342,-7.021l5.295,-6.94c0.315,0.221,0.607,0.478,0.886,0.758l21.262,21.262C281.932,188.695,281.932,194.222,278.515,197.64z"" style=""fill:#995C0D;"">
  </path>
  <path d=""M317.237,269.497l-7.022,5.342l-7.021,5.342l-23.723,-23.723c-3.418,-3.418,-3.418,-8.946,0.0,-12.363c3.418,-3.418,8.945,-3.418,12.363,0.0L317.237,269.497z"" style=""fill:#995C0D;"">
  </path>
  <path d=""M205.457,278.431c-1.703,1.714,-3.942,2.566,-6.181,2.566s-4.478,-0.852,-6.181,-2.555l-13.903,-13.89l5.108,-6.707l0.245,-0.315l5.342,-7.022l15.57,15.547C208.875,269.474,208.875,275.014,205.457,278.431z"" style=""fill:#995C0D;"">
  </path>
  <path d=""M203.171,356.387l-14.031,10.695l-20.445,-20.457c-3.418,-3.418,-3.418,-8.957,0.0,-12.363c3.418,-3.418,8.957,-3.418,12.363,0.0L203.171,356.387z"" style=""fill:#995C0D;"">
  </path>
  <path d=""M348.121,346.625l-3.266,3.266l-17.18,17.18l-14.031,-10.695l17.179,-17.179l4.933,-4.933c3.418,-3.418,8.945,-3.418,12.363,0.0C351.539,337.68,351.539,343.208,348.121,346.625z"" style=""fill:#995C0D;"">
  </path>
  <path d=""M177.874,213.969l-20.726,20.726c-1.831,-2.403,-3.429,-4.945,-4.782,-7.581c-1.458,-2.834,-2.648,-5.785,-3.557,-8.805l16.701,-16.701c3.418,-3.418,8.946,-3.418,12.363,0.0C181.291,205.023,181.291,210.551,177.874,213.969z"" style=""fill:#995C0D;"">
  </path>
  <path d=""M403.684,351.267l-14.299,14.298c-1.703,1.714,-3.942,2.566,-6.181,2.566c-2.24,0.0,-4.478,-0.852,-6.181,-2.566c-3.418,-3.418,-3.418,-8.945,0.0,-12.363l15.967,-15.967L403.684,351.267z"" style=""fill:#995C0D;"">
  </path>
 </g>
</svg>


Question: What is the orientation of the object?",Diagonal,Horizontal,Circular,Vertical,A,fruit
147,"Examine the following SVG code carefully and answer the question based on your interpretation of the rendered image.

<svg id=""Layer_1"" style=""enable-background:new 0 0 512.001 512.001;"" version=""1.1"" viewbox=""0 0 512.001 512.001"" x=""0px"" xml:space=""preserve"" y=""0px"">
 <g>
  <path d=""M391.287,138.694c83.205,18.147,122.778,77.653,123.7,79.053C480.778,182.467,409.399,172.984,360.625,170.827l-0.747,0.56c-1.353,-1.831,-52.018,-4.922,-53.651,-6.602l45.487,-33.824C351.713,130.962,369.978,152.2,391.287,138.694z"" style=""fill:#90BC42;"">
  </path>
  <path d=""M183.764,151.956c-1.691,1.691,-25.017,17.029,-26.417,18.871C108.583,172.984,37.193,182.467,2.985,217.748c0.933,-1.399,40.506,-60.905,123.7,-79.053h0.011C148.005,152.2,183.764,151.956,183.764,151.956z"" style=""fill:#90BC42;"">
  </path>
 </g>
 <g>
  <path d=""M391.287,138.694c-21.309,13.506,-35.292,26.825,-35.292,26.825l-0.607,0.583c-0.187,-0.198,-0.373,-0.384,-0.571,-0.583l-34.593,6.263c-3.465,-3.465,13.238,-26.697,9.202,-28.983l0.279,-0.49c62.958,-75.623,165.419,-29.274,167.261,-28.435C459.107,103.203,418.998,121.107,391.287,138.694z"" style=""fill:#9AD14B;"">
  </path>
  <path d=""M126.696,138.694c-27.712,-17.587,-67.82,-35.491,-105.68,-24.819c1.831,-0.839,104.304,-47.189,167.249,28.435c-4.362,2.356,4.094,17.962,0.384,21.67l-26.662,1.528v0.011C161.989,165.52,148.005,152.2,126.696,138.694z"" style=""fill:#9AD14B;"">
  </path>
 </g>
 <path d=""M258.408,160.574l-20.41,49.697l-53.452,47.259l-0.245,0.315l-16.958,-12.923c-3.954,-3.009,-7.359,-6.462,-10.193,-10.228c-1.831,-2.403,-3.429,-4.945,-4.782,-7.581c-1.458,-2.834,-2.648,-5.785,-3.557,-8.805c-4.817,-15.838,-2.1,-33.601,8.537,-47.48c1.399,-1.843,2.95,-3.615,4.642,-5.306v-0.011l14.101,-14.089c3.709,-3.709,7.814,-6.754,12.176,-9.109c22.23,-12.083,51.027,-6.823,67.238,14.45L258.408,160.574z"" style=""fill:#E09B2D;"">
 </path>
 <path d=""M423.243,412.674c-8.841,8.852,-22.871,9.797,-32.809,2.204l-62.759,-47.807l-14.031,-10.695l-55.225,-42.069l44.775,-34.126l7.021,-5.342l7.022,-5.342l15.278,-11.64l60.473,79.38l10.695,14.031l21.775,28.587C433.028,389.814,432.084,403.833,423.243,412.674z"" style=""fill:#F7B239;"">
 </path>
 <path d=""M426.742,408.242c-0.98,1.575,-2.135,3.068,-3.499,4.432c-8.841,8.852,-22.871,9.797,-32.809,2.204l-62.759,-47.807l-14.031,-10.695l-55.225,-42.069l21.565,-53.884l3.289,-0.163l23.571,-1.154l25.671,-1.248l3.499,4.595l-1.167,0.886l-13.495,10.275l-14.031,10.695l-9.036,6.885c-7.665,5.843,-7.664,17.38,0.003,23.22l32.534,24.781l14.031,10.695l70.212,53.487C418.578,406.072,422.614,407.658,426.742,408.242z"" style=""fill:#E09B2D;"">
 </path>
 <path d=""M349.473,244.934l-16.958,12.923l-15.278,11.64l-7.022,5.342l-7.021,5.342l-44.775,34.126l-55.249,42.08l-14.031,10.695l-62.759,47.807c-9.949,7.581,-23.968,6.636,-32.82,-2.216c-8.84,-8.841,-9.786,-22.871,-2.204,-32.82l87.835,-115.302l5.108,-6.707l0.245,-0.315l5.342,-7.022l55.843,-73.291l5.342,-7.021l5.295,-6.94l2.041,-2.682l2.905,-3.814c16.422,-21.554,45.755,-26.662,68.113,-13.961c4.036,2.287,7.838,5.155,11.302,8.619l14.089,14.101c0.198,0.198,0.384,0.384,0.571,0.583c1.633,1.68,3.137,3.452,4.49,5.283C376.871,194.177,372.846,227.136,349.473,244.934z"" style=""fill:#F7B239;"">
 </path>
 <path d=""M133.019,394.227c-8.841,-8.84,-9.786,-22.871,-2.205,-32.82l92.944,-122.009l0.245,-0.315l66.526,-87.333l7.336,-9.622l2.905,-3.814c0.619,-0.814,1.263,-1.595,1.918,-2.361c-15.6,0.201,-31.044,7.246,-41.376,20.807l-2.905,3.814l-7.336,9.622l-66.526,87.333l-0.245,0.315l-92.943,122.01c-7.581,9.949,-6.636,23.98,2.205,32.82c8.852,8.852,22.871,9.797,32.82,2.216l18.435,-14.042C140.477,399.798,136.375,397.584,133.019,394.227z"" style=""fill:#E09B2D;"">
 </path>
 <g>
  <path d=""M278.515,197.64c-1.703,1.714,-3.942,2.566,-6.181,2.566s-4.478,-0.852,-6.181,-2.566l-20.423,-20.423l5.342,-7.021l5.295,-6.94c0.315,0.221,0.607,0.478,0.886,0.758l21.262,21.262C281.932,188.695,281.932,194.222,278.515,197.64z"" style=""fill:#995C0D;"">
  </path>
  <path d=""M317.237,269.497l-7.022,5.342l-7.021,5.342l-23.723,-23.723c-3.418,-3.418,-3.418,-8.946,0.0,-12.363c3.418,-3.418,8.945,-3.418,12.363,0.0L317.237,269.497z"" style=""fill:#995C0D;"">
  </path>
  <path d=""M205.457,278.431c-1.703,1.714,-3.942,2.566,-6.181,2.566s-4.478,-0.852,-6.181,-2.555l-13.903,-13.89l5.108,-6.707l0.245,-0.315l5.342,-7.022l15.57,15.547C208.875,269.474,208.875,275.014,205.457,278.431z"" style=""fill:#995C0D;"">
  </path>
  <path d=""M203.171,356.387l-14.031,10.695l-20.445,-20.457c-3.418,-3.418,-3.418,-8.957,0.0,-12.363c3.418,-3.418,8.957,-3.418,12.363,0.0L203.171,356.387z"" style=""fill:#995C0D;"">
  </path>
  <path d=""M348.121,346.625l-3.266,3.266l-17.18,17.18l-14.031,-10.695l17.179,-17.179l4.933,-4.933c3.418,-3.418,8.945,-3.418,12.363,0.0C351.539,337.68,351.539,343.208,348.121,346.625z"" style=""fill:#995C0D;"">
  </path>
  <path d=""M177.874,213.969l-20.726,20.726c-1.831,-2.403,-3.429,-4.945,-4.782,-7.581c-1.458,-2.834,-2.648,-5.785,-3.557,-8.805l16.701,-16.701c3.418,-3.418,8.946,-3.418,12.363,0.0C181.291,205.023,181.291,210.551,177.874,213.969z"" style=""fill:#995C0D;"">
  </path>
  <path d=""M403.684,351.267l-14.299,14.298c-1.703,1.714,-3.942,2.566,-6.181,2.566c-2.24,0.0,-4.478,-0.852,-6.181,-2.566c-3.418,-3.418,-3.418,-8.945,0.0,-12.363l15.967,-15.967L403.684,351.267z"" style=""fill:#995C0D;"">
  </path>
 </g>
</svg>


Question: What type of objects are depicted in the image?",Apples,Bananas,Carrots,Grapes,C,fruit
148,"Examine the following SVG code carefully and answer the question based on your interpretation of the rendered image.

<svg height=""512"" id=""Layer_1"" style=""enable-background:new 0 0 457.481 457.481;"" version=""1.1"" viewbox=""0 0 457.481 457.481"" width=""512"" x=""0px"" xml:space=""preserve"" y=""0px"">
 <g>
  <path d=""M232.179,181.271c0.0,0.0,-21.27,-0.51,-39.09,7.3c8.86,-47.84,-30.85,-115.84,-31.4,-116.79c24.74,10.68,40.84,28.75,51.3,47.16C230.419,149.631,232.179,181.271,232.179,181.271z"" style=""fill:#90BC42;"">
  </path>
  <path d=""M302.659,71.781c-0.55,0.95,-40.26,68.95,-31.4,116.79c-17.82,-7.81,-39.08,-7.3,-39.08,-7.3s1.76,-31.64,19.19,-62.33C261.819,100.531,277.919,82.461,302.659,71.781z"" style=""fill:#9AD14B;"">
  </path>
  <path d=""M251.369,118.941c-17.43,30.69,-19.19,62.33,-19.19,62.33s-1.76,-31.64,-19.19,-62.33c0.0,0.0,-1.81,-63.67,19.19,-107.17C253.179,55.271,251.369,118.941,251.369,118.941z"" style=""fill:#9AD14B;"">
  </path>
  <path d=""M232.179,181.271c0.0,0.0,21.26,-0.51,39.08,7.3c12.85,5.64,23.91,15.59,23.91,33.19c0.0,15.0,-3.63,41.49,-9.88,72.0c-11.24,54.91,-30.93,122.89,-53.11,160.49c-14.3,-24.25,-27.57,-61.13,-38.21,-99.0c-10.84,-38.59,-18.95,-78.19,-22.62,-106.49c-1.41,-10.92,-2.17,-20.16,-2.17,-27.0c0.0,-17.59,11.05,-27.55,23.91,-33.19C210.909,180.761,232.179,181.271,232.179,181.271z"" style=""fill:#F7B239;"">
  </path>
  <path d=""M220.099,355.251c3.36,37.87,7.56,74.75,12.08,99.0c-14.3,-24.25,-27.57,-61.13,-38.21,-99.0c-10.84,-38.59,-18.95,-78.19,-22.62,-106.49c-1.41,-10.92,-2.17,-20.16,-2.17,-27.0c0.0,-17.59,11.05,-27.55,23.91,-33.19c16.38,-7.18,35.67,-7.33,38.69,-7.3c-1.52,0.02,-7.14,0.62,-11.96,7.3c-4.06,5.64,-7.56,15.6,-7.56,33.19c0.0,6.84,0.24,16.08,0.69,27.0C214.109,277.061,216.669,316.661,220.099,355.251z"" style=""fill:#E09B2D;"">
  </path>
  <polygon points=""232.179,20.281 232.179,154.281 213.179,108.281 218.179,48.281"" style=""fill:#90BC42;"">
  </polygon>
  <path d=""M248.367,356.116c-0.672,0.0,-1.354,-0.091,-2.033,-0.282c-3.987,-1.121,-6.312,-5.262,-5.191,-9.25c2.453,-8.727,4.82,-17.735,7.036,-26.775c0.985,-4.022,5.044,-6.489,9.069,-5.499c4.023,0.986,6.485,5.046,5.499,9.07c-2.255,9.202,-4.665,18.374,-7.163,27.262C254.653,353.952,251.643,356.116,248.367,356.116z"" style=""fill:#FFFFFF;"">
  </path>
  <path d=""M265.935,280.283c-0.445,0.0,-0.897,-0.04,-1.352,-0.123c-4.075,-0.742,-6.777,-4.646,-6.036,-8.721c2.411,-13.251,4.214,-25.397,5.213,-35.125c0.423,-4.12,4.085,-7.116,8.228,-6.694c4.12,0.424,7.117,4.107,6.694,8.228c-1.039,10.107,-2.898,22.651,-5.377,36.277C272.646,277.745,269.49,280.283,265.935,280.283z"" style=""fill:#FFFFFF;"">
  </path>
  <circle cx=""271.265"" cy=""216.495"" r=""7.5"" style=""fill:#FFFFFF;"">
  </circle>
  <path d=""M309.138,75.569c1.644,-2.797,1.303,-6.334,-0.845,-8.766c-2.148,-2.432,-5.617,-3.207,-8.595,-1.92c-15.99,6.905,-29.911,17.376,-41.363,30.96c-1.35,-23.103,-5.721,-58.987,-19.405,-87.333C237.679,5.919,235.054,4.272,232.176,4.272s-5.503,1.647,-6.754,4.239c-13.684,28.345,-18.055,64.23,-19.405,87.333c-11.453,-13.584,-25.374,-24.056,-41.364,-30.961c-2.98,-1.287,-6.444,-0.511,-8.593,1.919c-2.147,2.43,-2.489,5.967,-0.848,8.765c0.378,0.645,36.75,63.278,31.071,107.966c-4.545,2.34,-8.828,5.235,-12.504,8.824c-8.028,7.84,-12.1,17.734,-12.1,29.408c0.0,43.156,28.992,176.875,64.037,236.298c1.349,2.287,3.806,3.69,6.46,3.69s5.111,-1.403,6.46,-3.69c35.045,-59.424,64.037,-193.142,64.037,-236.298c0.0,-11.674,-4.071,-21.568,-12.1,-29.408c-3.676,-3.59,-7.96,-6.484,-12.505,-8.824C272.39,138.844,308.761,76.212,309.138,75.569zM232.176,32.041c11.422,35.049,11.784,76.001,11.716,84.92c-3.037,5.51,-5.774,11.347,-8.196,17.497c-1.327,3.371,-2.491,6.667,-3.521,9.854c-1.03,-3.188,-2.193,-6.484,-3.521,-9.854c-2.421,-6.149,-5.159,-11.986,-8.196,-17.496C220.393,108.043,220.755,67.09,232.176,32.041zM180.139,91.384c14.755,11.607,26.276,27.719,34.392,48.146c5.545,13.957,8.115,26.763,9.27,34.513c-5.72,0.403,-13.679,1.364,-22.007,3.613C202.972,147.462,190.285,113.441,180.139,91.384zM287.674,221.765c0.0,13.872,-3.202,37.497,-8.525,64.5h-31.971c-4.143,0.0,-7.5,3.358,-7.5,7.5s3.357,7.5,7.5,7.5h28.87c-2.033,9.407,-4.283,19.064,-6.71,28.731c-11.229,44.734,-24.216,82.551,-37.161,108.492c-9.647,-19.332,-19.317,-45.262,-28.265,-75.733h20.766c4.143,0.0,7.5,-3.358,7.5,-7.5s-3.357,-7.5,-7.5,-7.5H199.666c-1.579,-5.786,-3.132,-11.707,-4.651,-17.759c-6.592,-26.261,-11.881,-52.444,-15.054,-73.731h17.716c4.143,0.0,7.5,-3.358,7.5,-7.5s-3.357,-7.5,-7.5,-7.5h-19.691c-0.852,-7.657,-1.307,-14.272,-1.307,-19.5c0.0,-7.576,2.472,-13.677,7.556,-18.653c7.718,-7.553,20.037,-11.056,29.012,-12.666c8.729,-1.565,16.117,-1.685,18.179,-1.685c0.363,0.0,0.562,0.003,0.572,0.004c0.119,0.003,0.238,0.003,0.357,0.0c8.989,-0.217,35.06,1.942,47.739,14.324C285.194,208.069,287.674,214.178,287.674,221.765zM240.552,174.043c1.155,-7.75,3.725,-20.556,9.269,-34.513c8.115,-20.427,19.637,-36.539,34.392,-48.146c-10.146,22.057,-22.832,56.077,-21.655,86.271C254.23,175.407,246.272,174.446,240.552,174.043z"" style=""fill:#333333;"">
  </path>
 </g>
</svg>


Question: What is the primary color of the object in the image?",Red,Blue,Orange,Purple,C,fruit
149,"Examine the following SVG code carefully and answer the question based on your interpretation of the rendered image.

<svg height=""512"" id=""Layer_1"" style=""enable-background:new 0 0 457.481 457.481;"" version=""1.1"" viewbox=""0 0 457.481 457.481"" width=""512"" x=""0px"" xml:space=""preserve"" y=""0px"">
 <g>
  <path d=""M232.179,181.271c0.0,0.0,-21.27,-0.51,-39.09,7.3c8.86,-47.84,-30.85,-115.84,-31.4,-116.79c24.74,10.68,40.84,28.75,51.3,47.16C230.419,149.631,232.179,181.271,232.179,181.271z"" style=""fill:#90BC42;"">
  </path>
  <path d=""M302.659,71.781c-0.55,0.95,-40.26,68.95,-31.4,116.79c-17.82,-7.81,-39.08,-7.3,-39.08,-7.3s1.76,-31.64,19.19,-62.33C261.819,100.531,277.919,82.461,302.659,71.781z"" style=""fill:#9AD14B;"">
  </path>
  <path d=""M251.369,118.941c-17.43,30.69,-19.19,62.33,-19.19,62.33s-1.76,-31.64,-19.19,-62.33c0.0,0.0,-1.81,-63.67,19.19,-107.17C253.179,55.271,251.369,118.941,251.369,118.941z"" style=""fill:#9AD14B;"">
  </path>
  <path d=""M232.179,181.271c0.0,0.0,21.26,-0.51,39.08,7.3c12.85,5.64,23.91,15.59,23.91,33.19c0.0,15.0,-3.63,41.49,-9.88,72.0c-11.24,54.91,-30.93,122.89,-53.11,160.49c-14.3,-24.25,-27.57,-61.13,-38.21,-99.0c-10.84,-38.59,-18.95,-78.19,-22.62,-106.49c-1.41,-10.92,-2.17,-20.16,-2.17,-27.0c0.0,-17.59,11.05,-27.55,23.91,-33.19C210.909,180.761,232.179,181.271,232.179,181.271z"" style=""fill:#F7B239;"">
  </path>
  <path d=""M220.099,355.251c3.36,37.87,7.56,74.75,12.08,99.0c-14.3,-24.25,-27.57,-61.13,-38.21,-99.0c-10.84,-38.59,-18.95,-78.19,-22.62,-106.49c-1.41,-10.92,-2.17,-20.16,-2.17,-27.0c0.0,-17.59,11.05,-27.55,23.91,-33.19c16.38,-7.18,35.67,-7.33,38.69,-7.3c-1.52,0.02,-7.14,0.62,-11.96,7.3c-4.06,5.64,-7.56,15.6,-7.56,33.19c0.0,6.84,0.24,16.08,0.69,27.0C214.109,277.061,216.669,316.661,220.099,355.251z"" style=""fill:#E09B2D;"">
  </path>
  <polygon points=""232.179,20.281 232.179,154.281 213.179,108.281 218.179,48.281"" style=""fill:#90BC42;"">
  </polygon>
  <path d=""M248.367,356.116c-0.672,0.0,-1.354,-0.091,-2.033,-0.282c-3.987,-1.121,-6.312,-5.262,-5.191,-9.25c2.453,-8.727,4.82,-17.735,7.036,-26.775c0.985,-4.022,5.044,-6.489,9.069,-5.499c4.023,0.986,6.485,5.046,5.499,9.07c-2.255,9.202,-4.665,18.374,-7.163,27.262C254.653,353.952,251.643,356.116,248.367,356.116z"" style=""fill:#FFFFFF;"">
  </path>
  <path d=""M265.935,280.283c-0.445,0.0,-0.897,-0.04,-1.352,-0.123c-4.075,-0.742,-6.777,-4.646,-6.036,-8.721c2.411,-13.251,4.214,-25.397,5.213,-35.125c0.423,-4.12,4.085,-7.116,8.228,-6.694c4.12,0.424,7.117,4.107,6.694,8.228c-1.039,10.107,-2.898,22.651,-5.377,36.277C272.646,277.745,269.49,280.283,265.935,280.283z"" style=""fill:#FFFFFF;"">
  </path>
  <circle cx=""271.265"" cy=""216.495"" r=""7.5"" style=""fill:#FFFFFF;"">
  </circle>
  <path d=""M309.138,75.569c1.644,-2.797,1.303,-6.334,-0.845,-8.766c-2.148,-2.432,-5.617,-3.207,-8.595,-1.92c-15.99,6.905,-29.911,17.376,-41.363,30.96c-1.35,-23.103,-5.721,-58.987,-19.405,-87.333C237.679,5.919,235.054,4.272,232.176,4.272s-5.503,1.647,-6.754,4.239c-13.684,28.345,-18.055,64.23,-19.405,87.333c-11.453,-13.584,-25.374,-24.056,-41.364,-30.961c-2.98,-1.287,-6.444,-0.511,-8.593,1.919c-2.147,2.43,-2.489,5.967,-0.848,8.765c0.378,0.645,36.75,63.278,31.071,107.966c-4.545,2.34,-8.828,5.235,-12.504,8.824c-8.028,7.84,-12.1,17.734,-12.1,29.408c0.0,43.156,28.992,176.875,64.037,236.298c1.349,2.287,3.806,3.69,6.46,3.69s5.111,-1.403,6.46,-3.69c35.045,-59.424,64.037,-193.142,64.037,-236.298c0.0,-11.674,-4.071,-21.568,-12.1,-29.408c-3.676,-3.59,-7.96,-6.484,-12.505,-8.824C272.39,138.844,308.761,76.212,309.138,75.569zM232.176,32.041c11.422,35.049,11.784,76.001,11.716,84.92c-3.037,5.51,-5.774,11.347,-8.196,17.497c-1.327,3.371,-2.491,6.667,-3.521,9.854c-1.03,-3.188,-2.193,-6.484,-3.521,-9.854c-2.421,-6.149,-5.159,-11.986,-8.196,-17.496C220.393,108.043,220.755,67.09,232.176,32.041zM180.139,91.384c14.755,11.607,26.276,27.719,34.392,48.146c5.545,13.957,8.115,26.763,9.27,34.513c-5.72,0.403,-13.679,1.364,-22.007,3.613C202.972,147.462,190.285,113.441,180.139,91.384zM287.674,221.765c0.0,13.872,-3.202,37.497,-8.525,64.5h-31.971c-4.143,0.0,-7.5,3.358,-7.5,7.5s3.357,7.5,7.5,7.5h28.87c-2.033,9.407,-4.283,19.064,-6.71,28.731c-11.229,44.734,-24.216,82.551,-37.161,108.492c-9.647,-19.332,-19.317,-45.262,-28.265,-75.733h20.766c4.143,0.0,7.5,-3.358,7.5,-7.5s-3.357,-7.5,-7.5,-7.5H199.666c-1.579,-5.786,-3.132,-11.707,-4.651,-17.759c-6.592,-26.261,-11.881,-52.444,-15.054,-73.731h17.716c4.143,0.0,7.5,-3.358,7.5,-7.5s-3.357,-7.5,-7.5,-7.5h-19.691c-0.852,-7.657,-1.307,-14.272,-1.307,-19.5c0.0,-7.576,2.472,-13.677,7.556,-18.653c7.718,-7.553,20.037,-11.056,29.012,-12.666c8.729,-1.565,16.117,-1.685,18.179,-1.685c0.363,0.0,0.562,0.003,0.572,0.004c0.119,0.003,0.238,0.003,0.357,0.0c8.989,-0.217,35.06,1.942,47.739,14.324C285.194,208.069,287.674,214.178,287.674,221.765zM240.552,174.043c1.155,-7.75,3.725,-20.556,9.269,-34.513c8.115,-20.427,19.637,-36.539,34.392,-48.146c-10.146,22.057,-22.832,56.077,-21.655,86.271C254.23,175.407,246.272,174.446,240.552,174.043z"" style=""fill:#333333;"">
  </path>
 </g>
</svg>


Question: How many green leaves are visible at the top of the object?",One,Two,Three,Four,C,fruit
150,"Examine the following SVG code carefully and answer the question based on your interpretation of the rendered image.

<svg height=""512"" id=""Layer_1"" style=""enable-background:new 0 0 457.481 457.481;"" version=""1.1"" viewbox=""0 0 457.481 457.481"" width=""512"" x=""0px"" xml:space=""preserve"" y=""0px"">
 <g>
  <path d=""M232.179,181.271c0.0,0.0,-21.27,-0.51,-39.09,7.3c8.86,-47.84,-30.85,-115.84,-31.4,-116.79c24.74,10.68,40.84,28.75,51.3,47.16C230.419,149.631,232.179,181.271,232.179,181.271z"" style=""fill:#90BC42;"">
  </path>
  <path d=""M302.659,71.781c-0.55,0.95,-40.26,68.95,-31.4,116.79c-17.82,-7.81,-39.08,-7.3,-39.08,-7.3s1.76,-31.64,19.19,-62.33C261.819,100.531,277.919,82.461,302.659,71.781z"" style=""fill:#9AD14B;"">
  </path>
  <path d=""M251.369,118.941c-17.43,30.69,-19.19,62.33,-19.19,62.33s-1.76,-31.64,-19.19,-62.33c0.0,0.0,-1.81,-63.67,19.19,-107.17C253.179,55.271,251.369,118.941,251.369,118.941z"" style=""fill:#9AD14B;"">
  </path>
  <path d=""M232.179,181.271c0.0,0.0,21.26,-0.51,39.08,7.3c12.85,5.64,23.91,15.59,23.91,33.19c0.0,15.0,-3.63,41.49,-9.88,72.0c-11.24,54.91,-30.93,122.89,-53.11,160.49c-14.3,-24.25,-27.57,-61.13,-38.21,-99.0c-10.84,-38.59,-18.95,-78.19,-22.62,-106.49c-1.41,-10.92,-2.17,-20.16,-2.17,-27.0c0.0,-17.59,11.05,-27.55,23.91,-33.19C210.909,180.761,232.179,181.271,232.179,181.271z"" style=""fill:#F7B239;"">
  </path>
  <path d=""M220.099,355.251c3.36,37.87,7.56,74.75,12.08,99.0c-14.3,-24.25,-27.57,-61.13,-38.21,-99.0c-10.84,-38.59,-18.95,-78.19,-22.62,-106.49c-1.41,-10.92,-2.17,-20.16,-2.17,-27.0c0.0,-17.59,11.05,-27.55,23.91,-33.19c16.38,-7.18,35.67,-7.33,38.69,-7.3c-1.52,0.02,-7.14,0.62,-11.96,7.3c-4.06,5.64,-7.56,15.6,-7.56,33.19c0.0,6.84,0.24,16.08,0.69,27.0C214.109,277.061,216.669,316.661,220.099,355.251z"" style=""fill:#E09B2D;"">
  </path>
  <polygon points=""232.179,20.281 232.179,154.281 213.179,108.281 218.179,48.281"" style=""fill:#90BC42;"">
  </polygon>
  <path d=""M248.367,356.116c-0.672,0.0,-1.354,-0.091,-2.033,-0.282c-3.987,-1.121,-6.312,-5.262,-5.191,-9.25c2.453,-8.727,4.82,-17.735,7.036,-26.775c0.985,-4.022,5.044,-6.489,9.069,-5.499c4.023,0.986,6.485,5.046,5.499,9.07c-2.255,9.202,-4.665,18.374,-7.163,27.262C254.653,353.952,251.643,356.116,248.367,356.116z"" style=""fill:#FFFFFF;"">
  </path>
  <path d=""M265.935,280.283c-0.445,0.0,-0.897,-0.04,-1.352,-0.123c-4.075,-0.742,-6.777,-4.646,-6.036,-8.721c2.411,-13.251,4.214,-25.397,5.213,-35.125c0.423,-4.12,4.085,-7.116,8.228,-6.694c4.12,0.424,7.117,4.107,6.694,8.228c-1.039,10.107,-2.898,22.651,-5.377,36.277C272.646,277.745,269.49,280.283,265.935,280.283z"" style=""fill:#FFFFFF;"">
  </path>
  <circle cx=""271.265"" cy=""216.495"" r=""7.5"" style=""fill:#FFFFFF;"">
  </circle>
  <path d=""M309.138,75.569c1.644,-2.797,1.303,-6.334,-0.845,-8.766c-2.148,-2.432,-5.617,-3.207,-8.595,-1.92c-15.99,6.905,-29.911,17.376,-41.363,30.96c-1.35,-23.103,-5.721,-58.987,-19.405,-87.333C237.679,5.919,235.054,4.272,232.176,4.272s-5.503,1.647,-6.754,4.239c-13.684,28.345,-18.055,64.23,-19.405,87.333c-11.453,-13.584,-25.374,-24.056,-41.364,-30.961c-2.98,-1.287,-6.444,-0.511,-8.593,1.919c-2.147,2.43,-2.489,5.967,-0.848,8.765c0.378,0.645,36.75,63.278,31.071,107.966c-4.545,2.34,-8.828,5.235,-12.504,8.824c-8.028,7.84,-12.1,17.734,-12.1,29.408c0.0,43.156,28.992,176.875,64.037,236.298c1.349,2.287,3.806,3.69,6.46,3.69s5.111,-1.403,6.46,-3.69c35.045,-59.424,64.037,-193.142,64.037,-236.298c0.0,-11.674,-4.071,-21.568,-12.1,-29.408c-3.676,-3.59,-7.96,-6.484,-12.505,-8.824C272.39,138.844,308.761,76.212,309.138,75.569zM232.176,32.041c11.422,35.049,11.784,76.001,11.716,84.92c-3.037,5.51,-5.774,11.347,-8.196,17.497c-1.327,3.371,-2.491,6.667,-3.521,9.854c-1.03,-3.188,-2.193,-6.484,-3.521,-9.854c-2.421,-6.149,-5.159,-11.986,-8.196,-17.496C220.393,108.043,220.755,67.09,232.176,32.041zM180.139,91.384c14.755,11.607,26.276,27.719,34.392,48.146c5.545,13.957,8.115,26.763,9.27,34.513c-5.72,0.403,-13.679,1.364,-22.007,3.613C202.972,147.462,190.285,113.441,180.139,91.384zM287.674,221.765c0.0,13.872,-3.202,37.497,-8.525,64.5h-31.971c-4.143,0.0,-7.5,3.358,-7.5,7.5s3.357,7.5,7.5,7.5h28.87c-2.033,9.407,-4.283,19.064,-6.71,28.731c-11.229,44.734,-24.216,82.551,-37.161,108.492c-9.647,-19.332,-19.317,-45.262,-28.265,-75.733h20.766c4.143,0.0,7.5,-3.358,7.5,-7.5s-3.357,-7.5,-7.5,-7.5H199.666c-1.579,-5.786,-3.132,-11.707,-4.651,-17.759c-6.592,-26.261,-11.881,-52.444,-15.054,-73.731h17.716c4.143,0.0,7.5,-3.358,7.5,-7.5s-3.357,-7.5,-7.5,-7.5h-19.691c-0.852,-7.657,-1.307,-14.272,-1.307,-19.5c0.0,-7.576,2.472,-13.677,7.556,-18.653c7.718,-7.553,20.037,-11.056,29.012,-12.666c8.729,-1.565,16.117,-1.685,18.179,-1.685c0.363,0.0,0.562,0.003,0.572,0.004c0.119,0.003,0.238,0.003,0.357,0.0c8.989,-0.217,35.06,1.942,47.739,14.324C285.194,208.069,287.674,214.178,287.674,221.765zM240.552,174.043c1.155,-7.75,3.725,-20.556,9.269,-34.513c8.115,-20.427,19.637,-36.539,34.392,-48.146c-10.146,22.057,-22.832,56.077,-21.655,86.271C254.23,175.407,246.272,174.446,240.552,174.043z"" style=""fill:#333333;"">
  </path>
 </g>
</svg>


Question: What shape best describes the overall form of the object?",Circular,Triangular,Rectangular,Oval,B,fruit
151,"Examine the following SVG code carefully and answer the question based on your interpretation of the rendered image.

<svg height=""512"" id=""Layer_1"" style=""enable-background:new 0 0 457.481 457.481;"" version=""1.1"" viewbox=""0 0 457.481 457.481"" width=""512"" x=""0px"" xml:space=""preserve"" y=""0px"">
 <g>
  <path d=""M232.179,181.271c0.0,0.0,-21.27,-0.51,-39.09,7.3c8.86,-47.84,-30.85,-115.84,-31.4,-116.79c24.74,10.68,40.84,28.75,51.3,47.16C230.419,149.631,232.179,181.271,232.179,181.271z"" style=""fill:#90BC42;"">
  </path>
  <path d=""M302.659,71.781c-0.55,0.95,-40.26,68.95,-31.4,116.79c-17.82,-7.81,-39.08,-7.3,-39.08,-7.3s1.76,-31.64,19.19,-62.33C261.819,100.531,277.919,82.461,302.659,71.781z"" style=""fill:#9AD14B;"">
  </path>
  <path d=""M251.369,118.941c-17.43,30.69,-19.19,62.33,-19.19,62.33s-1.76,-31.64,-19.19,-62.33c0.0,0.0,-1.81,-63.67,19.19,-107.17C253.179,55.271,251.369,118.941,251.369,118.941z"" style=""fill:#9AD14B;"">
  </path>
  <path d=""M232.179,181.271c0.0,0.0,21.26,-0.51,39.08,7.3c12.85,5.64,23.91,15.59,23.91,33.19c0.0,15.0,-3.63,41.49,-9.88,72.0c-11.24,54.91,-30.93,122.89,-53.11,160.49c-14.3,-24.25,-27.57,-61.13,-38.21,-99.0c-10.84,-38.59,-18.95,-78.19,-22.62,-106.49c-1.41,-10.92,-2.17,-20.16,-2.17,-27.0c0.0,-17.59,11.05,-27.55,23.91,-33.19C210.909,180.761,232.179,181.271,232.179,181.271z"" style=""fill:#F7B239;"">
  </path>
  <path d=""M220.099,355.251c3.36,37.87,7.56,74.75,12.08,99.0c-14.3,-24.25,-27.57,-61.13,-38.21,-99.0c-10.84,-38.59,-18.95,-78.19,-22.62,-106.49c-1.41,-10.92,-2.17,-20.16,-2.17,-27.0c0.0,-17.59,11.05,-27.55,23.91,-33.19c16.38,-7.18,35.67,-7.33,38.69,-7.3c-1.52,0.02,-7.14,0.62,-11.96,7.3c-4.06,5.64,-7.56,15.6,-7.56,33.19c0.0,6.84,0.24,16.08,0.69,27.0C214.109,277.061,216.669,316.661,220.099,355.251z"" style=""fill:#E09B2D;"">
  </path>
  <polygon points=""232.179,20.281 232.179,154.281 213.179,108.281 218.179,48.281"" style=""fill:#90BC42;"">
  </polygon>
  <path d=""M248.367,356.116c-0.672,0.0,-1.354,-0.091,-2.033,-0.282c-3.987,-1.121,-6.312,-5.262,-5.191,-9.25c2.453,-8.727,4.82,-17.735,7.036,-26.775c0.985,-4.022,5.044,-6.489,9.069,-5.499c4.023,0.986,6.485,5.046,5.499,9.07c-2.255,9.202,-4.665,18.374,-7.163,27.262C254.653,353.952,251.643,356.116,248.367,356.116z"" style=""fill:#FFFFFF;"">
  </path>
  <path d=""M265.935,280.283c-0.445,0.0,-0.897,-0.04,-1.352,-0.123c-4.075,-0.742,-6.777,-4.646,-6.036,-8.721c2.411,-13.251,4.214,-25.397,5.213,-35.125c0.423,-4.12,4.085,-7.116,8.228,-6.694c4.12,0.424,7.117,4.107,6.694,8.228c-1.039,10.107,-2.898,22.651,-5.377,36.277C272.646,277.745,269.49,280.283,265.935,280.283z"" style=""fill:#FFFFFF;"">
  </path>
  <circle cx=""271.265"" cy=""216.495"" r=""7.5"" style=""fill:#FFFFFF;"">
  </circle>
  <path d=""M309.138,75.569c1.644,-2.797,1.303,-6.334,-0.845,-8.766c-2.148,-2.432,-5.617,-3.207,-8.595,-1.92c-15.99,6.905,-29.911,17.376,-41.363,30.96c-1.35,-23.103,-5.721,-58.987,-19.405,-87.333C237.679,5.919,235.054,4.272,232.176,4.272s-5.503,1.647,-6.754,4.239c-13.684,28.345,-18.055,64.23,-19.405,87.333c-11.453,-13.584,-25.374,-24.056,-41.364,-30.961c-2.98,-1.287,-6.444,-0.511,-8.593,1.919c-2.147,2.43,-2.489,5.967,-0.848,8.765c0.378,0.645,36.75,63.278,31.071,107.966c-4.545,2.34,-8.828,5.235,-12.504,8.824c-8.028,7.84,-12.1,17.734,-12.1,29.408c0.0,43.156,28.992,176.875,64.037,236.298c1.349,2.287,3.806,3.69,6.46,3.69s5.111,-1.403,6.46,-3.69c35.045,-59.424,64.037,-193.142,64.037,-236.298c0.0,-11.674,-4.071,-21.568,-12.1,-29.408c-3.676,-3.59,-7.96,-6.484,-12.505,-8.824C272.39,138.844,308.761,76.212,309.138,75.569zM232.176,32.041c11.422,35.049,11.784,76.001,11.716,84.92c-3.037,5.51,-5.774,11.347,-8.196,17.497c-1.327,3.371,-2.491,6.667,-3.521,9.854c-1.03,-3.188,-2.193,-6.484,-3.521,-9.854c-2.421,-6.149,-5.159,-11.986,-8.196,-17.496C220.393,108.043,220.755,67.09,232.176,32.041zM180.139,91.384c14.755,11.607,26.276,27.719,34.392,48.146c5.545,13.957,8.115,26.763,9.27,34.513c-5.72,0.403,-13.679,1.364,-22.007,3.613C202.972,147.462,190.285,113.441,180.139,91.384zM287.674,221.765c0.0,13.872,-3.202,37.497,-8.525,64.5h-31.971c-4.143,0.0,-7.5,3.358,-7.5,7.5s3.357,7.5,7.5,7.5h28.87c-2.033,9.407,-4.283,19.064,-6.71,28.731c-11.229,44.734,-24.216,82.551,-37.161,108.492c-9.647,-19.332,-19.317,-45.262,-28.265,-75.733h20.766c4.143,0.0,7.5,-3.358,7.5,-7.5s-3.357,-7.5,-7.5,-7.5H199.666c-1.579,-5.786,-3.132,-11.707,-4.651,-17.759c-6.592,-26.261,-11.881,-52.444,-15.054,-73.731h17.716c4.143,0.0,7.5,-3.358,7.5,-7.5s-3.357,-7.5,-7.5,-7.5h-19.691c-0.852,-7.657,-1.307,-14.272,-1.307,-19.5c0.0,-7.576,2.472,-13.677,7.556,-18.653c7.718,-7.553,20.037,-11.056,29.012,-12.666c8.729,-1.565,16.117,-1.685,18.179,-1.685c0.363,0.0,0.562,0.003,0.572,0.004c0.119,0.003,0.238,0.003,0.357,0.0c8.989,-0.217,35.06,1.942,47.739,14.324C285.194,208.069,287.674,214.178,287.674,221.765zM240.552,174.043c1.155,-7.75,3.725,-20.556,9.269,-34.513c8.115,-20.427,19.637,-36.539,34.392,-48.146c-10.146,22.057,-22.832,56.077,-21.655,86.271C254.23,175.407,246.272,174.446,240.552,174.043z"" style=""fill:#333333;"">
  </path>
 </g>
</svg>


Question: What type of vegetable is depicted in the image?",Potato,Carrot,Tomato,Broccoli,B,fruit
152,"Examine the following SVG code carefully and answer the question based on your interpretation of the rendered image.

<svg id=""Layer_1"" style=""enable-background:new 0 0 512 512;"" version=""1.1"" viewbox=""0 0 512 512"" x=""0px"" xml:space=""preserve"" y=""0px"">
 <polygon points=""282.944,85.653 282.944,156.610 234.756,156.610 234.756,85.653 234.756,12.045 282.944,12.045"" style=""fill:#A58763;"">
 </polygon>
 <path d=""M282.944,156.61V85.653c105.05,12.047,186.729,101.195,186.729,209.498c0.0,116.375,-94.449,210.824,-210.824,210.824S48.026,411.526,48.026,295.151c0.0,-108.303,81.679,-197.451,186.729,-209.498V156.61C234.756,156.61,282.944,156.61,282.944,156.61z"" style=""fill:#F4661E;"">
 </path>
 <path d=""M156.45,295.151c0.0,-66.189,30.601,-125.114,78.306,-163.768V85.653C129.706,97.7,48.026,186.848,48.026,295.151c0.0,116.375,94.449,210.824,210.824,210.824c18.774,0.0,36.883,-2.695,54.212,-7.307C222.977,474.692,156.45,392.752,156.45,295.151z"" style=""fill:#F04E23;"">
 </path>
 <path d=""M258.85,496.939c-111.265,0.0,-201.788,-90.523,-201.788,-201.788c0.0,-57.034,24.323,-111.673,66.732,-149.906l-12.099,-13.42C65.49,173.477,38.991,233.008,38.991,295.151C38.991,416.382,137.619,515.01,258.85,515.01c53.146,0.0,104.459,-19.242,144.485,-54.18l-11.882,-13.614C354.718,479.281,307.625,496.939,258.85,496.939z"">
 </path>
 <path d=""M291.979,77.756V3.01h-66.259v74.752c-33.138,5.059,-64.972,17.748,-92.519,36.971l10.341,14.819c24.524,-17.114,52.752,-28.576,82.178,-33.485v51.507h-33.129v18.071h132.518v-18.071h-33.129V96.043c96.841,16.02,168.659,99.885,168.659,199.108c0.0,53.088,-20.475,103.225,-57.652,141.177l12.908,12.645c40.506,-41.349,62.815,-95.977,62.815,-153.822C478.709,186.037,398.989,93.979,291.979,77.756zM243.791,147.575V21.081h30.118v126.494H243.791z"">
 </path>
 <path d=""M258.85,448.751v-18.071c-74.73,0.0,-135.529,-60.799,-135.529,-135.529H105.25C105.25,379.847,174.154,448.751,258.85,448.751z"">
 </path>
 <rect height=""18.071"" width=""30.118"" x=""282.944"" y=""430.681"">
 </rect>
 <g>
  <rect height=""18.071"" style=""fill:#FFFFFF;"" width=""24.094"" x=""337.156"" y=""237.928"">
  </rect>
  <rect height=""18.071"" style=""fill:#FFFFFF;"" width=""24.094"" x=""361.250"" y=""262.022"">
  </rect>
  <rect height=""18.071"" style=""fill:#FFFFFF;"" width=""24.094"" x=""385.344"" y=""237.928"">
  </rect>
 </g>
</svg>


Question: What is the primary color of the object?",Blue,Green,Yellow,Purple,C,fruit
153,"Examine the following SVG code carefully and answer the question based on your interpretation of the rendered image.

<svg id=""Layer_1"" style=""enable-background:new 0 0 512 512;"" version=""1.1"" viewbox=""0 0 512 512"" x=""0px"" xml:space=""preserve"" y=""0px"">
 <polygon points=""282.944,85.653 282.944,156.610 234.756,156.610 234.756,85.653 234.756,12.045 282.944,12.045"" style=""fill:#A58763;"">
 </polygon>
 <path d=""M282.944,156.61V85.653c105.05,12.047,186.729,101.195,186.729,209.498c0.0,116.375,-94.449,210.824,-210.824,210.824S48.026,411.526,48.026,295.151c0.0,-108.303,81.679,-197.451,186.729,-209.498V156.61C234.756,156.61,282.944,156.61,282.944,156.61z"" style=""fill:#F4661E;"">
 </path>
 <path d=""M156.45,295.151c0.0,-66.189,30.601,-125.114,78.306,-163.768V85.653C129.706,97.7,48.026,186.848,48.026,295.151c0.0,116.375,94.449,210.824,210.824,210.824c18.774,0.0,36.883,-2.695,54.212,-7.307C222.977,474.692,156.45,392.752,156.45,295.151z"" style=""fill:#F04E23;"">
 </path>
 <path d=""M258.85,496.939c-111.265,0.0,-201.788,-90.523,-201.788,-201.788c0.0,-57.034,24.323,-111.673,66.732,-149.906l-12.099,-13.42C65.49,173.477,38.991,233.008,38.991,295.151C38.991,416.382,137.619,515.01,258.85,515.01c53.146,0.0,104.459,-19.242,144.485,-54.18l-11.882,-13.614C354.718,479.281,307.625,496.939,258.85,496.939z"">
 </path>
 <path d=""M291.979,77.756V3.01h-66.259v74.752c-33.138,5.059,-64.972,17.748,-92.519,36.971l10.341,14.819c24.524,-17.114,52.752,-28.576,82.178,-33.485v51.507h-33.129v18.071h132.518v-18.071h-33.129V96.043c96.841,16.02,168.659,99.885,168.659,199.108c0.0,53.088,-20.475,103.225,-57.652,141.177l12.908,12.645c40.506,-41.349,62.815,-95.977,62.815,-153.822C478.709,186.037,398.989,93.979,291.979,77.756zM243.791,147.575V21.081h30.118v126.494H243.791z"">
 </path>
 <path d=""M258.85,448.751v-18.071c-74.73,0.0,-135.529,-60.799,-135.529,-135.529H105.25C105.25,379.847,174.154,448.751,258.85,448.751z"">
 </path>
 <rect height=""18.071"" width=""30.118"" x=""282.944"" y=""430.681"">
 </rect>
 <g>
  <rect height=""18.071"" style=""fill:#FFFFFF;"" width=""24.094"" x=""337.156"" y=""237.928"">
  </rect>
  <rect height=""18.071"" style=""fill:#FFFFFF;"" width=""24.094"" x=""361.250"" y=""262.022"">
  </rect>
  <rect height=""18.071"" style=""fill:#FFFFFF;"" width=""24.094"" x=""385.344"" y=""237.928"">
  </rect>
 </g>
</svg>


Question: What shape is the object?",Circle,Triangle,Square,Hexagon,A,fruit
154,"Examine the following SVG code carefully and answer the question based on your interpretation of the rendered image.

<svg id=""Layer_1"" style=""enable-background:new 0 0 512 512;"" version=""1.1"" viewbox=""0 0 512 512"" x=""0px"" xml:space=""preserve"" y=""0px"">
 <polygon points=""282.944,85.653 282.944,156.610 234.756,156.610 234.756,85.653 234.756,12.045 282.944,12.045"" style=""fill:#A58763;"">
 </polygon>
 <path d=""M282.944,156.61V85.653c105.05,12.047,186.729,101.195,186.729,209.498c0.0,116.375,-94.449,210.824,-210.824,210.824S48.026,411.526,48.026,295.151c0.0,-108.303,81.679,-197.451,186.729,-209.498V156.61C234.756,156.61,282.944,156.61,282.944,156.61z"" style=""fill:#F4661E;"">
 </path>
 <path d=""M156.45,295.151c0.0,-66.189,30.601,-125.114,78.306,-163.768V85.653C129.706,97.7,48.026,186.848,48.026,295.151c0.0,116.375,94.449,210.824,210.824,210.824c18.774,0.0,36.883,-2.695,54.212,-7.307C222.977,474.692,156.45,392.752,156.45,295.151z"" style=""fill:#F04E23;"">
 </path>
 <path d=""M258.85,496.939c-111.265,0.0,-201.788,-90.523,-201.788,-201.788c0.0,-57.034,24.323,-111.673,66.732,-149.906l-12.099,-13.42C65.49,173.477,38.991,233.008,38.991,295.151C38.991,416.382,137.619,515.01,258.85,515.01c53.146,0.0,104.459,-19.242,144.485,-54.18l-11.882,-13.614C354.718,479.281,307.625,496.939,258.85,496.939z"">
 </path>
 <path d=""M291.979,77.756V3.01h-66.259v74.752c-33.138,5.059,-64.972,17.748,-92.519,36.971l10.341,14.819c24.524,-17.114,52.752,-28.576,82.178,-33.485v51.507h-33.129v18.071h132.518v-18.071h-33.129V96.043c96.841,16.02,168.659,99.885,168.659,199.108c0.0,53.088,-20.475,103.225,-57.652,141.177l12.908,12.645c40.506,-41.349,62.815,-95.977,62.815,-153.822C478.709,186.037,398.989,93.979,291.979,77.756zM243.791,147.575V21.081h30.118v126.494H243.791z"">
 </path>
 <path d=""M258.85,448.751v-18.071c-74.73,0.0,-135.529,-60.799,-135.529,-135.529H105.25C105.25,379.847,174.154,448.751,258.85,448.751z"">
 </path>
 <rect height=""18.071"" width=""30.118"" x=""282.944"" y=""430.681"">
 </rect>
 <g>
  <rect height=""18.071"" style=""fill:#FFFFFF;"" width=""24.094"" x=""337.156"" y=""237.928"">
  </rect>
  <rect height=""18.071"" style=""fill:#FFFFFF;"" width=""24.094"" x=""361.250"" y=""262.022"">
  </rect>
  <rect height=""18.071"" style=""fill:#FFFFFF;"" width=""24.094"" x=""385.344"" y=""237.928"">
  </rect>
 </g>
</svg>


Question: What is the color of the stem of the object?",Red,Black,Yellow,Blue,B,fruit
155,"Examine the following SVG code carefully and answer the question based on your interpretation of the rendered image.

<svg id=""Layer_1"" style=""enable-background:new 0 0 512 512;"" version=""1.1"" viewbox=""0 0 512 512"" x=""0px"" xml:space=""preserve"" y=""0px"">
 <polygon points=""282.944,85.653 282.944,156.610 234.756,156.610 234.756,85.653 234.756,12.045 282.944,12.045"" style=""fill:#A58763;"">
 </polygon>
 <path d=""M282.944,156.61V85.653c105.05,12.047,186.729,101.195,186.729,209.498c0.0,116.375,-94.449,210.824,-210.824,210.824S48.026,411.526,48.026,295.151c0.0,-108.303,81.679,-197.451,186.729,-209.498V156.61C234.756,156.61,282.944,156.61,282.944,156.61z"" style=""fill:#F4661E;"">
 </path>
 <path d=""M156.45,295.151c0.0,-66.189,30.601,-125.114,78.306,-163.768V85.653C129.706,97.7,48.026,186.848,48.026,295.151c0.0,116.375,94.449,210.824,210.824,210.824c18.774,0.0,36.883,-2.695,54.212,-7.307C222.977,474.692,156.45,392.752,156.45,295.151z"" style=""fill:#F04E23;"">
 </path>
 <path d=""M258.85,496.939c-111.265,0.0,-201.788,-90.523,-201.788,-201.788c0.0,-57.034,24.323,-111.673,66.732,-149.906l-12.099,-13.42C65.49,173.477,38.991,233.008,38.991,295.151C38.991,416.382,137.619,515.01,258.85,515.01c53.146,0.0,104.459,-19.242,144.485,-54.18l-11.882,-13.614C354.718,479.281,307.625,496.939,258.85,496.939z"">
 </path>
 <path d=""M291.979,77.756V3.01h-66.259v74.752c-33.138,5.059,-64.972,17.748,-92.519,36.971l10.341,14.819c24.524,-17.114,52.752,-28.576,82.178,-33.485v51.507h-33.129v18.071h132.518v-18.071h-33.129V96.043c96.841,16.02,168.659,99.885,168.659,199.108c0.0,53.088,-20.475,103.225,-57.652,141.177l12.908,12.645c40.506,-41.349,62.815,-95.977,62.815,-153.822C478.709,186.037,398.989,93.979,291.979,77.756zM243.791,147.575V21.081h30.118v126.494H243.791z"">
 </path>
 <path d=""M258.85,448.751v-18.071c-74.73,0.0,-135.529,-60.799,-135.529,-135.529H105.25C105.25,379.847,174.154,448.751,258.85,448.751z"">
 </path>
 <rect height=""18.071"" width=""30.118"" x=""282.944"" y=""430.681"">
 </rect>
 <g>
  <rect height=""18.071"" style=""fill:#FFFFFF;"" width=""24.094"" x=""337.156"" y=""237.928"">
  </rect>
  <rect height=""18.071"" style=""fill:#FFFFFF;"" width=""24.094"" x=""361.250"" y=""262.022"">
  </rect>
  <rect height=""18.071"" style=""fill:#FFFFFF;"" width=""24.094"" x=""385.344"" y=""237.928"">
  </rect>
 </g>
</svg>


Question: What type of object is depicted in the image?",Orange,Apple,Banana,Grapefruit,A,fruit
168,"Examine the following SVG code carefully and answer the question based on your interpretation of the rendered image.

<svg id=""Layer_1"" style=""enable-background:new 0 0 512.001 512.001;"" version=""1.1"" viewbox=""0 0 512.001 512.001"" x=""0px"" xml:space=""preserve"" y=""0px"">
 <g>
  <g>
   <path d=""M57.582,117.12c-4.122,-2.666,-9.627,-1.485,-12.291,2.64C12.912,169.844,-0.918,230.214,6.347,289.75c0.55,4.508,4.384,7.813,8.814,7.813c0.359,0.0,0.722,-0.023,1.088,-0.066c4.873,-0.595,8.342,-5.028,7.747,-9.902c-6.762,-55.411,6.103,-111.588,36.226,-158.184C62.887,125.287,61.705,119.784,57.582,117.12z"">
   </path>
  </g>
 </g>
 <g>
  <g>
   <path d=""M379.64,139.387c-39.648,-39.646,-96.232,-56.952,-151.36,-46.294c-4.82,0.933,-7.972,5.596,-7.041,10.416c0.933,4.819,5.593,7.97,10.416,7.041c49.327,-9.537,99.948,5.943,135.412,41.409c39.006,39.006,53.594,96.151,38.069,149.133c-1.381,4.71,1.319,9.648,6.031,11.029c0.834,0.245,1.676,0.362,2.503,0.362c3.846,0.0,7.391,-2.515,8.527,-6.392C439.551,246.869,423.244,182.992,379.64,139.387z"">
   </path>
  </g>
 </g>
 <g>
  <g>
   <path d=""M314.004,409.285c-1.38,-4.71,-6.312,-7.414,-11.031,-6.031c-52.979,15.526,-110.126,0.939,-149.132,-38.069c-35.465,-35.465,-50.945,-86.087,-41.409,-135.412c0.933,-4.822,-2.219,-9.485,-7.039,-10.416c-4.816,-0.93,-9.483,2.22,-10.416,7.041c-10.659,55.13,6.647,111.714,46.294,151.359c32.078,32.078,75.121,49.382,119.218,49.382c15.845,0.0,31.831,-2.235,47.486,-6.824C312.685,418.935,315.385,413.996,314.004,409.285z"">
   </path>
  </g>
 </g>
 <g>
  <g>
   <path d=""M515.681,238.546c-4.736,-60.704,-31.089,-117.881,-74.203,-160.996c-41.65,-41.65,-96.805,-67.821,-155.306,-73.694c-57.689,-5.791,-116.118,8.254,-164.529,39.552c-4.124,2.666,-5.305,8.169,-2.64,12.291c2.667,4.124,8.169,5.305,12.291,2.64c45.037,-29.115,99.41,-42.184,153.099,-36.791c54.432,5.464,105.753,29.818,144.509,68.574c40.122,40.121,64.644,93.323,69.051,149.806c4.359,55.873,-11.082,111.608,-43.478,156.94c-2.855,3.994,-1.931,9.546,2.062,12.402c1.567,1.119,3.373,1.657,5.162,1.657c2.772,0.0,5.505,-1.293,7.239,-3.722C503.765,358.478,520.364,298.58,515.681,238.546z"">
   </path>
  </g>
 </g>
 <g>
  <g>
   <path d=""M411.16,454.666c-2.853,-3.997,-8.406,-4.92,-12.4,-2.066c-45.336,32.394,-101.07,47.837,-156.944,43.475c-56.483,-4.407,-109.688,-28.93,-149.811,-69.053c-31.216,-31.216,-53.094,-70.295,-63.269,-113.013c-1.137,-4.776,-5.929,-7.724,-10.708,-6.588c-4.775,1.138,-7.726,5.931,-6.588,10.708c10.938,45.92,34.449,87.922,67.992,121.465c43.117,43.117,100.295,69.472,161.0,74.207c6.661,0.519,13.315,0.778,19.958,0.778c53.224,0.0,105.38,-16.555,148.705,-47.512C413.09,464.213,414.015,458.661,411.16,454.666z"">
   </path>
  </g>
 </g>
 <g>
  <g>
   <path d=""M453.42,440.701c-8.949,-34.652,-29.681,-76.606,-45.497,-105.7c-18.995,-34.94,-42.358,-72.425,-64.1,-102.846c-2.855,-3.994,-8.406,-4.917,-12.402,-2.064c-3.993,2.855,-4.918,8.407,-2.062,12.402c4.599,6.436,9.293,13.224,14.022,20.268l-26.796,26.796c-3.472,3.472,-3.472,9.101,0.0,12.571c1.736,1.735,4.012,2.604,6.287,2.604c2.274,0.0,4.55,-0.868,6.287,-2.604l24.196,-24.198c31.827,49.382,63.531,108.05,78.22,151.768c-24.283,-8.117,-54.114,-21.745,-87.14,-39.776l17.401,-17.401c3.472,-3.472,3.472,-9.101,0.0,-12.571c-3.473,-3.472,-9.101,-3.472,-12.572,0.0l-20.957,20.957c-6.177,-3.529,-12.438,-7.184,-18.788,-10.985c-27.532,-16.484,-53.908,-33.994,-74.41,-49.176l14.846,-14.846c3.472,-3.472,3.472,-9.101,0.0,-12.571c-3.472,-3.472,-9.101,-3.472,-12.571,0.0l-16.5,16.5c-7.133,-5.706,-13.062,-10.87,-17.445,-15.253c-10.043,-10.035,-11.936,-22.577,-5.79,-38.339c7.541,-19.3,24.337,-35.523,24.499,-35.678c0.097,-0.092,0.199,-0.194,0.293,-0.292c0.161,-0.168,16.384,-16.953,35.688,-24.484c15.755,-6.16,28.297,-4.273,38.338,5.77c4.128,4.128,9.089,9.792,14.741,16.832c3.075,3.828,8.668,4.441,12.498,1.367c3.828,-3.073,4.44,-8.669,1.367,-12.496c-6.054,-7.542,-11.45,-13.689,-16.032,-18.273c-14.07,-14.07,-32.203,-17.972,-52.672,-11.427c-42.203,-32.688,-64.216,-115.66,-64.439,-116.514c-0.967,-3.723,-4.217,-6.401,-8.055,-6.639c-3.841,-0.231,-7.394,2.021,-8.813,5.596c-7.666,19.327,-10.587,39.605,-8.783,60.548c-20.502,-18.23,-54.204,-44.594,-89.392,-56.869c-3.22,-1.124,-6.801,-0.305,-9.213,2.107c-2.412,2.412,-3.231,5.993,-2.107,9.213c12.275,35.189,38.641,68.893,56.87,89.394c-20.951,-1.806,-41.229,1.114,-60.55,8.782c-3.574,1.418,-5.829,4.972,-5.593,8.809c0.236,3.837,2.913,7.088,6.634,8.056c0.653,0.171,65.74,17.398,103.506,50.766c1.69,1.493,3.791,2.227,5.883,2.227c2.459,0.0,4.908,-1.015,6.666,-3.003c3.251,-3.679,2.903,-9.297,-0.776,-12.547c-24.148,-21.335,-57.314,-36.244,-81.074,-45.042c15.508,-1.818,31.603,-0.458,48.117,4.084c0.007,0.002,0.014,0.004,0.023,0.006c0.023,0.006,0.045,0.012,0.068,0.018c26.32,7.247,47.214,20.841,57.611,28.544c-6.553,7.544,-16.184,20.162,-21.858,34.685c-8.738,22.41,-5.354,42.252,9.783,57.377c36.172,36.172,172.546,123.947,251.718,144.378c0.735,0.19,1.48,0.282,2.221,0.282c2.328,0.0,4.598,-0.915,6.287,-2.604C453.324,446.985,454.207,443.749,453.42,440.701zM152.29,170.048c-7.495,-7.38,-41.53,-42.008,-61.35,-80.993c38.985,19.82,73.615,53.856,80.994,61.35c3.537,12.184,8.215,23.209,13.074,32.716C175.5,178.262,164.475,173.585,152.29,170.048zM188.453,143.523c-0.002,-0.008,-0.005,-0.015,-0.007,-0.024c-0.006,-0.02,-0.012,-0.039,-0.017,-0.059c-4.568,-16.561,-5.932,-32.704,-4.099,-48.263c2.431,6.555,5.329,13.837,8.7,21.462c13.47,30.466,28.698,53.597,45.397,69.0c-8.834,5.088,-16.319,10.964,-21.452,15.419C209.281,190.672,195.706,169.804,188.453,143.523z"">
   </path>
  </g>
 </g>
</svg>


Question: What shape is prominently featured in the image?",Square,Triangle,Rectangle,Circle,D,fruit
169,"Examine the following SVG code carefully and answer the question based on your interpretation of the rendered image.

<svg id=""Layer_1"" style=""enable-background:new 0 0 512.001 512.001;"" version=""1.1"" viewbox=""0 0 512.001 512.001"" x=""0px"" xml:space=""preserve"" y=""0px"">
 <g>
  <g>
   <path d=""M57.582,117.12c-4.122,-2.666,-9.627,-1.485,-12.291,2.64C12.912,169.844,-0.918,230.214,6.347,289.75c0.55,4.508,4.384,7.813,8.814,7.813c0.359,0.0,0.722,-0.023,1.088,-0.066c4.873,-0.595,8.342,-5.028,7.747,-9.902c-6.762,-55.411,6.103,-111.588,36.226,-158.184C62.887,125.287,61.705,119.784,57.582,117.12z"">
   </path>
  </g>
 </g>
 <g>
  <g>
   <path d=""M379.64,139.387c-39.648,-39.646,-96.232,-56.952,-151.36,-46.294c-4.82,0.933,-7.972,5.596,-7.041,10.416c0.933,4.819,5.593,7.97,10.416,7.041c49.327,-9.537,99.948,5.943,135.412,41.409c39.006,39.006,53.594,96.151,38.069,149.133c-1.381,4.71,1.319,9.648,6.031,11.029c0.834,0.245,1.676,0.362,2.503,0.362c3.846,0.0,7.391,-2.515,8.527,-6.392C439.551,246.869,423.244,182.992,379.64,139.387z"">
   </path>
  </g>
 </g>
 <g>
  <g>
   <path d=""M314.004,409.285c-1.38,-4.71,-6.312,-7.414,-11.031,-6.031c-52.979,15.526,-110.126,0.939,-149.132,-38.069c-35.465,-35.465,-50.945,-86.087,-41.409,-135.412c0.933,-4.822,-2.219,-9.485,-7.039,-10.416c-4.816,-0.93,-9.483,2.22,-10.416,7.041c-10.659,55.13,6.647,111.714,46.294,151.359c32.078,32.078,75.121,49.382,119.218,49.382c15.845,0.0,31.831,-2.235,47.486,-6.824C312.685,418.935,315.385,413.996,314.004,409.285z"">
   </path>
  </g>
 </g>
 <g>
  <g>
   <path d=""M515.681,238.546c-4.736,-60.704,-31.089,-117.881,-74.203,-160.996c-41.65,-41.65,-96.805,-67.821,-155.306,-73.694c-57.689,-5.791,-116.118,8.254,-164.529,39.552c-4.124,2.666,-5.305,8.169,-2.64,12.291c2.667,4.124,8.169,5.305,12.291,2.64c45.037,-29.115,99.41,-42.184,153.099,-36.791c54.432,5.464,105.753,29.818,144.509,68.574c40.122,40.121,64.644,93.323,69.051,149.806c4.359,55.873,-11.082,111.608,-43.478,156.94c-2.855,3.994,-1.931,9.546,2.062,12.402c1.567,1.119,3.373,1.657,5.162,1.657c2.772,0.0,5.505,-1.293,7.239,-3.722C503.765,358.478,520.364,298.58,515.681,238.546z"">
   </path>
  </g>
 </g>
 <g>
  <g>
   <path d=""M411.16,454.666c-2.853,-3.997,-8.406,-4.92,-12.4,-2.066c-45.336,32.394,-101.07,47.837,-156.944,43.475c-56.483,-4.407,-109.688,-28.93,-149.811,-69.053c-31.216,-31.216,-53.094,-70.295,-63.269,-113.013c-1.137,-4.776,-5.929,-7.724,-10.708,-6.588c-4.775,1.138,-7.726,5.931,-6.588,10.708c10.938,45.92,34.449,87.922,67.992,121.465c43.117,43.117,100.295,69.472,161.0,74.207c6.661,0.519,13.315,0.778,19.958,0.778c53.224,0.0,105.38,-16.555,148.705,-47.512C413.09,464.213,414.015,458.661,411.16,454.666z"">
   </path>
  </g>
 </g>
 <g>
  <g>
   <path d=""M453.42,440.701c-8.949,-34.652,-29.681,-76.606,-45.497,-105.7c-18.995,-34.94,-42.358,-72.425,-64.1,-102.846c-2.855,-3.994,-8.406,-4.917,-12.402,-2.064c-3.993,2.855,-4.918,8.407,-2.062,12.402c4.599,6.436,9.293,13.224,14.022,20.268l-26.796,26.796c-3.472,3.472,-3.472,9.101,0.0,12.571c1.736,1.735,4.012,2.604,6.287,2.604c2.274,0.0,4.55,-0.868,6.287,-2.604l24.196,-24.198c31.827,49.382,63.531,108.05,78.22,151.768c-24.283,-8.117,-54.114,-21.745,-87.14,-39.776l17.401,-17.401c3.472,-3.472,3.472,-9.101,0.0,-12.571c-3.473,-3.472,-9.101,-3.472,-12.572,0.0l-20.957,20.957c-6.177,-3.529,-12.438,-7.184,-18.788,-10.985c-27.532,-16.484,-53.908,-33.994,-74.41,-49.176l14.846,-14.846c3.472,-3.472,3.472,-9.101,0.0,-12.571c-3.472,-3.472,-9.101,-3.472,-12.571,0.0l-16.5,16.5c-7.133,-5.706,-13.062,-10.87,-17.445,-15.253c-10.043,-10.035,-11.936,-22.577,-5.79,-38.339c7.541,-19.3,24.337,-35.523,24.499,-35.678c0.097,-0.092,0.199,-0.194,0.293,-0.292c0.161,-0.168,16.384,-16.953,35.688,-24.484c15.755,-6.16,28.297,-4.273,38.338,5.77c4.128,4.128,9.089,9.792,14.741,16.832c3.075,3.828,8.668,4.441,12.498,1.367c3.828,-3.073,4.44,-8.669,1.367,-12.496c-6.054,-7.542,-11.45,-13.689,-16.032,-18.273c-14.07,-14.07,-32.203,-17.972,-52.672,-11.427c-42.203,-32.688,-64.216,-115.66,-64.439,-116.514c-0.967,-3.723,-4.217,-6.401,-8.055,-6.639c-3.841,-0.231,-7.394,2.021,-8.813,5.596c-7.666,19.327,-10.587,39.605,-8.783,60.548c-20.502,-18.23,-54.204,-44.594,-89.392,-56.869c-3.22,-1.124,-6.801,-0.305,-9.213,2.107c-2.412,2.412,-3.231,5.993,-2.107,9.213c12.275,35.189,38.641,68.893,56.87,89.394c-20.951,-1.806,-41.229,1.114,-60.55,8.782c-3.574,1.418,-5.829,4.972,-5.593,8.809c0.236,3.837,2.913,7.088,6.634,8.056c0.653,0.171,65.74,17.398,103.506,50.766c1.69,1.493,3.791,2.227,5.883,2.227c2.459,0.0,4.908,-1.015,6.666,-3.003c3.251,-3.679,2.903,-9.297,-0.776,-12.547c-24.148,-21.335,-57.314,-36.244,-81.074,-45.042c15.508,-1.818,31.603,-0.458,48.117,4.084c0.007,0.002,0.014,0.004,0.023,0.006c0.023,0.006,0.045,0.012,0.068,0.018c26.32,7.247,47.214,20.841,57.611,28.544c-6.553,7.544,-16.184,20.162,-21.858,34.685c-8.738,22.41,-5.354,42.252,9.783,57.377c36.172,36.172,172.546,123.947,251.718,144.378c0.735,0.19,1.48,0.282,2.221,0.282c2.328,0.0,4.598,-0.915,6.287,-2.604C453.324,446.985,454.207,443.749,453.42,440.701zM152.29,170.048c-7.495,-7.38,-41.53,-42.008,-61.35,-80.993c38.985,19.82,73.615,53.856,80.994,61.35c3.537,12.184,8.215,23.209,13.074,32.716C175.5,178.262,164.475,173.585,152.29,170.048zM188.453,143.523c-0.002,-0.008,-0.005,-0.015,-0.007,-0.024c-0.006,-0.02,-0.012,-0.039,-0.017,-0.059c-4.568,-16.561,-5.932,-32.704,-4.099,-48.263c2.431,6.555,5.329,13.837,8.7,21.462c13.47,30.466,28.698,53.597,45.397,69.0c-8.834,5.088,-16.319,10.964,-21.452,15.419C209.281,190.672,195.706,169.804,188.453,143.523z"">
   </path>
  </g>
 </g>
</svg>


Question: How many circles are present in the image?",1,2,3,4,B,fruit
170,"Examine the following SVG code carefully and answer the question based on your interpretation of the rendered image.

<svg id=""Layer_1"" style=""enable-background:new 0 0 512.001 512.001;"" version=""1.1"" viewbox=""0 0 512.001 512.001"" x=""0px"" xml:space=""preserve"" y=""0px"">
 <g>
  <g>
   <path d=""M57.582,117.12c-4.122,-2.666,-9.627,-1.485,-12.291,2.64C12.912,169.844,-0.918,230.214,6.347,289.75c0.55,4.508,4.384,7.813,8.814,7.813c0.359,0.0,0.722,-0.023,1.088,-0.066c4.873,-0.595,8.342,-5.028,7.747,-9.902c-6.762,-55.411,6.103,-111.588,36.226,-158.184C62.887,125.287,61.705,119.784,57.582,117.12z"">
   </path>
  </g>
 </g>
 <g>
  <g>
   <path d=""M379.64,139.387c-39.648,-39.646,-96.232,-56.952,-151.36,-46.294c-4.82,0.933,-7.972,5.596,-7.041,10.416c0.933,4.819,5.593,7.97,10.416,7.041c49.327,-9.537,99.948,5.943,135.412,41.409c39.006,39.006,53.594,96.151,38.069,149.133c-1.381,4.71,1.319,9.648,6.031,11.029c0.834,0.245,1.676,0.362,2.503,0.362c3.846,0.0,7.391,-2.515,8.527,-6.392C439.551,246.869,423.244,182.992,379.64,139.387z"">
   </path>
  </g>
 </g>
 <g>
  <g>
   <path d=""M314.004,409.285c-1.38,-4.71,-6.312,-7.414,-11.031,-6.031c-52.979,15.526,-110.126,0.939,-149.132,-38.069c-35.465,-35.465,-50.945,-86.087,-41.409,-135.412c0.933,-4.822,-2.219,-9.485,-7.039,-10.416c-4.816,-0.93,-9.483,2.22,-10.416,7.041c-10.659,55.13,6.647,111.714,46.294,151.359c32.078,32.078,75.121,49.382,119.218,49.382c15.845,0.0,31.831,-2.235,47.486,-6.824C312.685,418.935,315.385,413.996,314.004,409.285z"">
   </path>
  </g>
 </g>
 <g>
  <g>
   <path d=""M515.681,238.546c-4.736,-60.704,-31.089,-117.881,-74.203,-160.996c-41.65,-41.65,-96.805,-67.821,-155.306,-73.694c-57.689,-5.791,-116.118,8.254,-164.529,39.552c-4.124,2.666,-5.305,8.169,-2.64,12.291c2.667,4.124,8.169,5.305,12.291,2.64c45.037,-29.115,99.41,-42.184,153.099,-36.791c54.432,5.464,105.753,29.818,144.509,68.574c40.122,40.121,64.644,93.323,69.051,149.806c4.359,55.873,-11.082,111.608,-43.478,156.94c-2.855,3.994,-1.931,9.546,2.062,12.402c1.567,1.119,3.373,1.657,5.162,1.657c2.772,0.0,5.505,-1.293,7.239,-3.722C503.765,358.478,520.364,298.58,515.681,238.546z"">
   </path>
  </g>
 </g>
 <g>
  <g>
   <path d=""M411.16,454.666c-2.853,-3.997,-8.406,-4.92,-12.4,-2.066c-45.336,32.394,-101.07,47.837,-156.944,43.475c-56.483,-4.407,-109.688,-28.93,-149.811,-69.053c-31.216,-31.216,-53.094,-70.295,-63.269,-113.013c-1.137,-4.776,-5.929,-7.724,-10.708,-6.588c-4.775,1.138,-7.726,5.931,-6.588,10.708c10.938,45.92,34.449,87.922,67.992,121.465c43.117,43.117,100.295,69.472,161.0,74.207c6.661,0.519,13.315,0.778,19.958,0.778c53.224,0.0,105.38,-16.555,148.705,-47.512C413.09,464.213,414.015,458.661,411.16,454.666z"">
   </path>
  </g>
 </g>
 <g>
  <g>
   <path d=""M453.42,440.701c-8.949,-34.652,-29.681,-76.606,-45.497,-105.7c-18.995,-34.94,-42.358,-72.425,-64.1,-102.846c-2.855,-3.994,-8.406,-4.917,-12.402,-2.064c-3.993,2.855,-4.918,8.407,-2.062,12.402c4.599,6.436,9.293,13.224,14.022,20.268l-26.796,26.796c-3.472,3.472,-3.472,9.101,0.0,12.571c1.736,1.735,4.012,2.604,6.287,2.604c2.274,0.0,4.55,-0.868,6.287,-2.604l24.196,-24.198c31.827,49.382,63.531,108.05,78.22,151.768c-24.283,-8.117,-54.114,-21.745,-87.14,-39.776l17.401,-17.401c3.472,-3.472,3.472,-9.101,0.0,-12.571c-3.473,-3.472,-9.101,-3.472,-12.572,0.0l-20.957,20.957c-6.177,-3.529,-12.438,-7.184,-18.788,-10.985c-27.532,-16.484,-53.908,-33.994,-74.41,-49.176l14.846,-14.846c3.472,-3.472,3.472,-9.101,0.0,-12.571c-3.472,-3.472,-9.101,-3.472,-12.571,0.0l-16.5,16.5c-7.133,-5.706,-13.062,-10.87,-17.445,-15.253c-10.043,-10.035,-11.936,-22.577,-5.79,-38.339c7.541,-19.3,24.337,-35.523,24.499,-35.678c0.097,-0.092,0.199,-0.194,0.293,-0.292c0.161,-0.168,16.384,-16.953,35.688,-24.484c15.755,-6.16,28.297,-4.273,38.338,5.77c4.128,4.128,9.089,9.792,14.741,16.832c3.075,3.828,8.668,4.441,12.498,1.367c3.828,-3.073,4.44,-8.669,1.367,-12.496c-6.054,-7.542,-11.45,-13.689,-16.032,-18.273c-14.07,-14.07,-32.203,-17.972,-52.672,-11.427c-42.203,-32.688,-64.216,-115.66,-64.439,-116.514c-0.967,-3.723,-4.217,-6.401,-8.055,-6.639c-3.841,-0.231,-7.394,2.021,-8.813,5.596c-7.666,19.327,-10.587,39.605,-8.783,60.548c-20.502,-18.23,-54.204,-44.594,-89.392,-56.869c-3.22,-1.124,-6.801,-0.305,-9.213,2.107c-2.412,2.412,-3.231,5.993,-2.107,9.213c12.275,35.189,38.641,68.893,56.87,89.394c-20.951,-1.806,-41.229,1.114,-60.55,8.782c-3.574,1.418,-5.829,4.972,-5.593,8.809c0.236,3.837,2.913,7.088,6.634,8.056c0.653,0.171,65.74,17.398,103.506,50.766c1.69,1.493,3.791,2.227,5.883,2.227c2.459,0.0,4.908,-1.015,6.666,-3.003c3.251,-3.679,2.903,-9.297,-0.776,-12.547c-24.148,-21.335,-57.314,-36.244,-81.074,-45.042c15.508,-1.818,31.603,-0.458,48.117,4.084c0.007,0.002,0.014,0.004,0.023,0.006c0.023,0.006,0.045,0.012,0.068,0.018c26.32,7.247,47.214,20.841,57.611,28.544c-6.553,7.544,-16.184,20.162,-21.858,34.685c-8.738,22.41,-5.354,42.252,9.783,57.377c36.172,36.172,172.546,123.947,251.718,144.378c0.735,0.19,1.48,0.282,2.221,0.282c2.328,0.0,4.598,-0.915,6.287,-2.604C453.324,446.985,454.207,443.749,453.42,440.701zM152.29,170.048c-7.495,-7.38,-41.53,-42.008,-61.35,-80.993c38.985,19.82,73.615,53.856,80.994,61.35c3.537,12.184,8.215,23.209,13.074,32.716C175.5,178.262,164.475,173.585,152.29,170.048zM188.453,143.523c-0.002,-0.008,-0.005,-0.015,-0.007,-0.024c-0.006,-0.02,-0.012,-0.039,-0.017,-0.059c-4.568,-16.561,-5.932,-32.704,-4.099,-48.263c2.431,6.555,5.329,13.837,8.7,21.462c13.47,30.466,28.698,53.597,45.397,69.0c-8.834,5.088,-16.319,10.964,-21.452,15.419C209.281,190.672,195.706,169.804,188.453,143.523z"">
   </path>
  </g>
 </g>
</svg>


Question: What is the orientation of the arrows in the image?",Upward,Downward,Diagonal,Horizontal,C,fruit
171,"Examine the following SVG code carefully and answer the question based on your interpretation of the rendered image.

<svg id=""Layer_1"" style=""enable-background:new 0 0 512.001 512.001;"" version=""1.1"" viewbox=""0 0 512.001 512.001"" x=""0px"" xml:space=""preserve"" y=""0px"">
 <g>
  <g>
   <path d=""M57.582,117.12c-4.122,-2.666,-9.627,-1.485,-12.291,2.64C12.912,169.844,-0.918,230.214,6.347,289.75c0.55,4.508,4.384,7.813,8.814,7.813c0.359,0.0,0.722,-0.023,1.088,-0.066c4.873,-0.595,8.342,-5.028,7.747,-9.902c-6.762,-55.411,6.103,-111.588,36.226,-158.184C62.887,125.287,61.705,119.784,57.582,117.12z"">
   </path>
  </g>
 </g>
 <g>
  <g>
   <path d=""M379.64,139.387c-39.648,-39.646,-96.232,-56.952,-151.36,-46.294c-4.82,0.933,-7.972,5.596,-7.041,10.416c0.933,4.819,5.593,7.97,10.416,7.041c49.327,-9.537,99.948,5.943,135.412,41.409c39.006,39.006,53.594,96.151,38.069,149.133c-1.381,4.71,1.319,9.648,6.031,11.029c0.834,0.245,1.676,0.362,2.503,0.362c3.846,0.0,7.391,-2.515,8.527,-6.392C439.551,246.869,423.244,182.992,379.64,139.387z"">
   </path>
  </g>
 </g>
 <g>
  <g>
   <path d=""M314.004,409.285c-1.38,-4.71,-6.312,-7.414,-11.031,-6.031c-52.979,15.526,-110.126,0.939,-149.132,-38.069c-35.465,-35.465,-50.945,-86.087,-41.409,-135.412c0.933,-4.822,-2.219,-9.485,-7.039,-10.416c-4.816,-0.93,-9.483,2.22,-10.416,7.041c-10.659,55.13,6.647,111.714,46.294,151.359c32.078,32.078,75.121,49.382,119.218,49.382c15.845,0.0,31.831,-2.235,47.486,-6.824C312.685,418.935,315.385,413.996,314.004,409.285z"">
   </path>
  </g>
 </g>
 <g>
  <g>
   <path d=""M515.681,238.546c-4.736,-60.704,-31.089,-117.881,-74.203,-160.996c-41.65,-41.65,-96.805,-67.821,-155.306,-73.694c-57.689,-5.791,-116.118,8.254,-164.529,39.552c-4.124,2.666,-5.305,8.169,-2.64,12.291c2.667,4.124,8.169,5.305,12.291,2.64c45.037,-29.115,99.41,-42.184,153.099,-36.791c54.432,5.464,105.753,29.818,144.509,68.574c40.122,40.121,64.644,93.323,69.051,149.806c4.359,55.873,-11.082,111.608,-43.478,156.94c-2.855,3.994,-1.931,9.546,2.062,12.402c1.567,1.119,3.373,1.657,5.162,1.657c2.772,0.0,5.505,-1.293,7.239,-3.722C503.765,358.478,520.364,298.58,515.681,238.546z"">
   </path>
  </g>
 </g>
 <g>
  <g>
   <path d=""M411.16,454.666c-2.853,-3.997,-8.406,-4.92,-12.4,-2.066c-45.336,32.394,-101.07,47.837,-156.944,43.475c-56.483,-4.407,-109.688,-28.93,-149.811,-69.053c-31.216,-31.216,-53.094,-70.295,-63.269,-113.013c-1.137,-4.776,-5.929,-7.724,-10.708,-6.588c-4.775,1.138,-7.726,5.931,-6.588,10.708c10.938,45.92,34.449,87.922,67.992,121.465c43.117,43.117,100.295,69.472,161.0,74.207c6.661,0.519,13.315,0.778,19.958,0.778c53.224,0.0,105.38,-16.555,148.705,-47.512C413.09,464.213,414.015,458.661,411.16,454.666z"">
   </path>
  </g>
 </g>
 <g>
  <g>
   <path d=""M453.42,440.701c-8.949,-34.652,-29.681,-76.606,-45.497,-105.7c-18.995,-34.94,-42.358,-72.425,-64.1,-102.846c-2.855,-3.994,-8.406,-4.917,-12.402,-2.064c-3.993,2.855,-4.918,8.407,-2.062,12.402c4.599,6.436,9.293,13.224,14.022,20.268l-26.796,26.796c-3.472,3.472,-3.472,9.101,0.0,12.571c1.736,1.735,4.012,2.604,6.287,2.604c2.274,0.0,4.55,-0.868,6.287,-2.604l24.196,-24.198c31.827,49.382,63.531,108.05,78.22,151.768c-24.283,-8.117,-54.114,-21.745,-87.14,-39.776l17.401,-17.401c3.472,-3.472,3.472,-9.101,0.0,-12.571c-3.473,-3.472,-9.101,-3.472,-12.572,0.0l-20.957,20.957c-6.177,-3.529,-12.438,-7.184,-18.788,-10.985c-27.532,-16.484,-53.908,-33.994,-74.41,-49.176l14.846,-14.846c3.472,-3.472,3.472,-9.101,0.0,-12.571c-3.472,-3.472,-9.101,-3.472,-12.571,0.0l-16.5,16.5c-7.133,-5.706,-13.062,-10.87,-17.445,-15.253c-10.043,-10.035,-11.936,-22.577,-5.79,-38.339c7.541,-19.3,24.337,-35.523,24.499,-35.678c0.097,-0.092,0.199,-0.194,0.293,-0.292c0.161,-0.168,16.384,-16.953,35.688,-24.484c15.755,-6.16,28.297,-4.273,38.338,5.77c4.128,4.128,9.089,9.792,14.741,16.832c3.075,3.828,8.668,4.441,12.498,1.367c3.828,-3.073,4.44,-8.669,1.367,-12.496c-6.054,-7.542,-11.45,-13.689,-16.032,-18.273c-14.07,-14.07,-32.203,-17.972,-52.672,-11.427c-42.203,-32.688,-64.216,-115.66,-64.439,-116.514c-0.967,-3.723,-4.217,-6.401,-8.055,-6.639c-3.841,-0.231,-7.394,2.021,-8.813,5.596c-7.666,19.327,-10.587,39.605,-8.783,60.548c-20.502,-18.23,-54.204,-44.594,-89.392,-56.869c-3.22,-1.124,-6.801,-0.305,-9.213,2.107c-2.412,2.412,-3.231,5.993,-2.107,9.213c12.275,35.189,38.641,68.893,56.87,89.394c-20.951,-1.806,-41.229,1.114,-60.55,8.782c-3.574,1.418,-5.829,4.972,-5.593,8.809c0.236,3.837,2.913,7.088,6.634,8.056c0.653,0.171,65.74,17.398,103.506,50.766c1.69,1.493,3.791,2.227,5.883,2.227c2.459,0.0,4.908,-1.015,6.666,-3.003c3.251,-3.679,2.903,-9.297,-0.776,-12.547c-24.148,-21.335,-57.314,-36.244,-81.074,-45.042c15.508,-1.818,31.603,-0.458,48.117,4.084c0.007,0.002,0.014,0.004,0.023,0.006c0.023,0.006,0.045,0.012,0.068,0.018c26.32,7.247,47.214,20.841,57.611,28.544c-6.553,7.544,-16.184,20.162,-21.858,34.685c-8.738,22.41,-5.354,42.252,9.783,57.377c36.172,36.172,172.546,123.947,251.718,144.378c0.735,0.19,1.48,0.282,2.221,0.282c2.328,0.0,4.598,-0.915,6.287,-2.604C453.324,446.985,454.207,443.749,453.42,440.701zM152.29,170.048c-7.495,-7.38,-41.53,-42.008,-61.35,-80.993c38.985,19.82,73.615,53.856,80.994,61.35c3.537,12.184,8.215,23.209,13.074,32.716C175.5,178.262,164.475,173.585,152.29,170.048zM188.453,143.523c-0.002,-0.008,-0.005,-0.015,-0.007,-0.024c-0.006,-0.02,-0.012,-0.039,-0.017,-0.059c-4.568,-16.561,-5.932,-32.704,-4.099,-48.263c2.431,6.555,5.329,13.837,8.7,21.462c13.47,30.466,28.698,53.597,45.397,69.0c-8.834,5.088,-16.319,10.964,-21.452,15.419C209.281,190.672,195.706,169.804,188.453,143.523z"">
   </path>
  </g>
 </g>
</svg>


Question: What does the whole object in the image represent?",carrot with plate,carrot with bowl,carrot with glass,carrot with bottle,A,fruit
172,"Examine the following SVG code carefully and answer the question based on your interpretation of the rendered image.

<svg id=""Layer_1"" style=""enable-background:new 0 0 512.001 512.001;"" version=""1.1"" viewbox=""0 0 512.001 512.001"" x=""0px"" xml:space=""preserve"" y=""0px"">
 <path d=""M259.177,68.879c0.0,-30.941,25.083,-56.025,56.025,-56.025c30.941,0.0,56.025,25.083,56.025,56.025c0.0,17.681,-14.334,32.014,-32.014,32.014s-32.014,-14.334,-32.014,-32.014c0.0,-13.261,-10.75,-24.01,-24.01,-24.01C269.928,44.868,259.177,55.619,259.177,68.879z"" style=""fill:#39B54A;"">
 </path>
 <path d=""M315.202,12.855c-2.725,0.0,-5.382,0.261,-8.003,0.636c27.139,3.893,48.021,27.171,48.021,55.388c0.0,14.9,-10.226,27.312,-24.01,30.882c2.572,0.666,5.223,1.132,8.003,1.132c17.681,0.0,32.013,-14.334,32.013,-32.014C371.226,37.938,346.143,12.855,315.202,12.855z"" style=""fill:#8CC63F;"">
 </path>
 <path d=""M259.177,68.879c0.0,-30.941,-25.083,-56.025,-56.025,-56.025S147.128,37.937,147.128,68.879c0.0,17.681,14.334,32.014,32.014,32.014s32.014,-14.334,32.014,-32.014c0.0,-13.261,10.75,-24.01,24.01,-24.01C248.428,44.868,259.177,55.619,259.177,68.879z"" style=""fill:#39B54A;"">
 </path>
 <path d=""M203.154,12.855c2.725,0.0,5.382,0.261,8.003,0.636c-27.139,3.893,-48.021,27.171,-48.021,55.388c0.0,14.9,10.226,27.312,24.01,30.882c-2.572,0.666,-5.223,1.132,-8.003,1.132c-17.681,0.0,-32.014,-14.334,-32.014,-32.014C147.129,37.938,172.212,12.855,203.154,12.855z"" style=""fill:#006837;"">
 </path>
 <path d=""M195.149,196.935c0.0,-35.362,28.666,-64.028,64.028,-64.028s64.028,28.666,64.028,64.028l-48.021,296.128c0.0,8.84,-7.167,16.007,-16.007,16.007s-16.007,-7.167,-16.007,-16.007L195.149,196.935z"" style=""fill:#F7931E;"">
 </path>
 <path d=""M259.177,493.063l-48.021,-296.128c0.0,-32.645,24.449,-59.528,56.025,-63.475c-2.627,-0.328,-5.287,-0.553,-8.003,-0.553c-35.362,0.0,-64.028,28.666,-64.028,64.028l48.021,296.128c0.0,8.84,7.167,16.007,16.007,16.007c2.931,0.0,5.641,-0.845,8.003,-2.22C262.417,504.077,259.177,498.973,259.177,493.063z"" style=""fill:#F15A24;"">
 </path>
 <path d=""M259.177,132.907c-2.717,0.0,-5.376,0.224,-8.003,0.553c31.576,3.946,56.025,30.83,56.025,63.475l-48.021,296.128c0.0,5.91,-3.239,11.014,-8.003,13.787c2.362,1.375,5.073,2.22,8.003,2.22c8.84,0.0,16.007,-7.167,16.007,-16.007l48.021,-296.128C323.206,161.573,294.54,132.907,259.177,132.907z"" style=""fill:#FBB03B;"">
 </path>
 <rect height=""15.589"" width=""15.589"" x=""259.678"" y=""381.306"">
 </rect>
 <rect height=""15.589"" width=""16.628"" x=""235.775"" y=""284.655"">
 </rect>
 <path d=""M315.202,4.864c-24.136,0.0,-45.181,13.797,-56.025,33.53C248.335,18.661,227.289,4.864,203.154,4.864c-35.189,0.0,-63.819,28.825,-63.819,64.015c0.0,21.95,17.859,39.808,39.809,39.808s39.808,-17.955,39.808,-39.906c0.0,-8.942,7.275,-16.314,16.216,-16.314c8.796,0.0,15.963,7.459,16.195,15.617v57.459c-35.999,3.896,-64.434,34.421,-64.434,71.392v0.628l48.245,296.189c0.366,12.808,11.112,23.113,24.006,23.113c12.894,0.0,23.619,-10.306,23.984,-23.113l48.223,-296.189v-0.628c0.0,-36.97,-28.435,-67.496,-64.434,-71.392V68.487h0.022c0.0,-8.314,7.275,-16.02,16.216,-16.02c8.942,0.0,16.217,7.47,16.217,16.412c0.0,21.95,17.858,39.808,39.808,39.808c21.95,0.0,39.809,-17.955,39.809,-39.906C379.021,33.591,350.392,4.864,315.202,4.864zM203.363,68.879c0.0,13.355,-10.864,24.219,-24.219,24.219c-13.355,0.0,-24.22,-10.864,-24.22,-24.219c0.0,-26.594,21.635,-48.23,48.23,-48.23c7.489,0.0,14.579,1.726,20.909,4.786c-0.737,-0.015,-1.479,-0.018,-2.233,0.006c-14.471,0.442,-28.121,7.953,-40.574,22.328l11.783,10.207c8.553,-9.873,17.404,-15.466,26.348,-16.693C209.823,46.773,203.363,57.083,203.363,68.879zM314.626,189.041h-16.497v15.589h15.707l-2.878,17.667h-75.185v15.589h72.646l-13.037,80.023h-28.431v15.589h25.891l-18.285,112.241h-14.882v15.589h12.342l-5.067,31.106v0.628c0.0,4.528,-3.266,8.212,-7.794,8.212c-4.366,0.0,-7.548,-3.426,-7.773,-7.73h8.292v-15.589h-10.671l-8.123,-49.885h18.794v-15.589h-21.334l-7.615,-46.767h44.537v-15.589h-47.076l-13.2,-81.063h29.097v-15.589h-31.635l-7.953,-48.845h22.96v-15.589h-23.75c0.824,-5.88,2.542,-11.475,5.033,-16.628h50.934v-15.589h-39.774c10.1,-9.966,23.949,-16.123,39.264,-16.123C287.494,140.701,310.803,161.761,314.626,189.041zM339.212,93.099c-13.355,0.0,-24.219,-10.864,-24.219,-24.219c0.0,-11.797,-6.46,-22.106,-16.024,-27.597c8.945,1.226,17.795,6.82,26.348,16.693l11.783,-10.207c-12.452,-14.375,-26.103,-21.887,-40.574,-22.328c-0.755,-0.023,-1.498,-0.021,-2.234,-0.006c6.33,-3.06,13.421,-4.786,20.91,-4.786c26.594,0.0,48.23,21.635,48.23,48.23C363.432,82.234,352.567,93.099,339.212,93.099z"">
 </path>
</svg>


Question: What is the primary color of the object?",Orange,Blue,Red,Yellow,A,fruit
173,"Examine the following SVG code carefully and answer the question based on your interpretation of the rendered image.

<svg id=""Layer_1"" style=""enable-background:new 0 0 512.001 512.001;"" version=""1.1"" viewbox=""0 0 512.001 512.001"" x=""0px"" xml:space=""preserve"" y=""0px"">
 <path d=""M259.177,68.879c0.0,-30.941,25.083,-56.025,56.025,-56.025c30.941,0.0,56.025,25.083,56.025,56.025c0.0,17.681,-14.334,32.014,-32.014,32.014s-32.014,-14.334,-32.014,-32.014c0.0,-13.261,-10.75,-24.01,-24.01,-24.01C269.928,44.868,259.177,55.619,259.177,68.879z"" style=""fill:#39B54A;"">
 </path>
 <path d=""M315.202,12.855c-2.725,0.0,-5.382,0.261,-8.003,0.636c27.139,3.893,48.021,27.171,48.021,55.388c0.0,14.9,-10.226,27.312,-24.01,30.882c2.572,0.666,5.223,1.132,8.003,1.132c17.681,0.0,32.013,-14.334,32.013,-32.014C371.226,37.938,346.143,12.855,315.202,12.855z"" style=""fill:#8CC63F;"">
 </path>
 <path d=""M259.177,68.879c0.0,-30.941,-25.083,-56.025,-56.025,-56.025S147.128,37.937,147.128,68.879c0.0,17.681,14.334,32.014,32.014,32.014s32.014,-14.334,32.014,-32.014c0.0,-13.261,10.75,-24.01,24.01,-24.01C248.428,44.868,259.177,55.619,259.177,68.879z"" style=""fill:#39B54A;"">
 </path>
 <path d=""M203.154,12.855c2.725,0.0,5.382,0.261,8.003,0.636c-27.139,3.893,-48.021,27.171,-48.021,55.388c0.0,14.9,10.226,27.312,24.01,30.882c-2.572,0.666,-5.223,1.132,-8.003,1.132c-17.681,0.0,-32.014,-14.334,-32.014,-32.014C147.129,37.938,172.212,12.855,203.154,12.855z"" style=""fill:#006837;"">
 </path>
 <path d=""M195.149,196.935c0.0,-35.362,28.666,-64.028,64.028,-64.028s64.028,28.666,64.028,64.028l-48.021,296.128c0.0,8.84,-7.167,16.007,-16.007,16.007s-16.007,-7.167,-16.007,-16.007L195.149,196.935z"" style=""fill:#F7931E;"">
 </path>
 <path d=""M259.177,493.063l-48.021,-296.128c0.0,-32.645,24.449,-59.528,56.025,-63.475c-2.627,-0.328,-5.287,-0.553,-8.003,-0.553c-35.362,0.0,-64.028,28.666,-64.028,64.028l48.021,296.128c0.0,8.84,7.167,16.007,16.007,16.007c2.931,0.0,5.641,-0.845,8.003,-2.22C262.417,504.077,259.177,498.973,259.177,493.063z"" style=""fill:#F15A24;"">
 </path>
 <path d=""M259.177,132.907c-2.717,0.0,-5.376,0.224,-8.003,0.553c31.576,3.946,56.025,30.83,56.025,63.475l-48.021,296.128c0.0,5.91,-3.239,11.014,-8.003,13.787c2.362,1.375,5.073,2.22,8.003,2.22c8.84,0.0,16.007,-7.167,16.007,-16.007l48.021,-296.128C323.206,161.573,294.54,132.907,259.177,132.907z"" style=""fill:#FBB03B;"">
 </path>
 <rect height=""15.589"" width=""15.589"" x=""259.678"" y=""381.306"">
 </rect>
 <rect height=""15.589"" width=""16.628"" x=""235.775"" y=""284.655"">
 </rect>
 <path d=""M315.202,4.864c-24.136,0.0,-45.181,13.797,-56.025,33.53C248.335,18.661,227.289,4.864,203.154,4.864c-35.189,0.0,-63.819,28.825,-63.819,64.015c0.0,21.95,17.859,39.808,39.809,39.808s39.808,-17.955,39.808,-39.906c0.0,-8.942,7.275,-16.314,16.216,-16.314c8.796,0.0,15.963,7.459,16.195,15.617v57.459c-35.999,3.896,-64.434,34.421,-64.434,71.392v0.628l48.245,296.189c0.366,12.808,11.112,23.113,24.006,23.113c12.894,0.0,23.619,-10.306,23.984,-23.113l48.223,-296.189v-0.628c0.0,-36.97,-28.435,-67.496,-64.434,-71.392V68.487h0.022c0.0,-8.314,7.275,-16.02,16.216,-16.02c8.942,0.0,16.217,7.47,16.217,16.412c0.0,21.95,17.858,39.808,39.808,39.808c21.95,0.0,39.809,-17.955,39.809,-39.906C379.021,33.591,350.392,4.864,315.202,4.864zM203.363,68.879c0.0,13.355,-10.864,24.219,-24.219,24.219c-13.355,0.0,-24.22,-10.864,-24.22,-24.219c0.0,-26.594,21.635,-48.23,48.23,-48.23c7.489,0.0,14.579,1.726,20.909,4.786c-0.737,-0.015,-1.479,-0.018,-2.233,0.006c-14.471,0.442,-28.121,7.953,-40.574,22.328l11.783,10.207c8.553,-9.873,17.404,-15.466,26.348,-16.693C209.823,46.773,203.363,57.083,203.363,68.879zM314.626,189.041h-16.497v15.589h15.707l-2.878,17.667h-75.185v15.589h72.646l-13.037,80.023h-28.431v15.589h25.891l-18.285,112.241h-14.882v15.589h12.342l-5.067,31.106v0.628c0.0,4.528,-3.266,8.212,-7.794,8.212c-4.366,0.0,-7.548,-3.426,-7.773,-7.73h8.292v-15.589h-10.671l-8.123,-49.885h18.794v-15.589h-21.334l-7.615,-46.767h44.537v-15.589h-47.076l-13.2,-81.063h29.097v-15.589h-31.635l-7.953,-48.845h22.96v-15.589h-23.75c0.824,-5.88,2.542,-11.475,5.033,-16.628h50.934v-15.589h-39.774c10.1,-9.966,23.949,-16.123,39.264,-16.123C287.494,140.701,310.803,161.761,314.626,189.041zM339.212,93.099c-13.355,0.0,-24.219,-10.864,-24.219,-24.219c0.0,-11.797,-6.46,-22.106,-16.024,-27.597c8.945,1.226,17.795,6.82,26.348,16.693l11.783,-10.207c-12.452,-14.375,-26.103,-21.887,-40.574,-22.328c-0.755,-0.023,-1.498,-0.021,-2.234,-0.006c6.33,-3.06,13.421,-4.786,20.91,-4.786c26.594,0.0,48.23,21.635,48.23,48.23C363.432,82.234,352.567,93.099,339.212,93.099z"">
 </path>
</svg>


Question: What color are the leaves of the object?",Green,Brown,Purple,Yellow,A,fruit
174,"Examine the following SVG code carefully and answer the question based on your interpretation of the rendered image.

<svg id=""Layer_1"" style=""enable-background:new 0 0 512.001 512.001;"" version=""1.1"" viewbox=""0 0 512.001 512.001"" x=""0px"" xml:space=""preserve"" y=""0px"">
 <path d=""M259.177,68.879c0.0,-30.941,25.083,-56.025,56.025,-56.025c30.941,0.0,56.025,25.083,56.025,56.025c0.0,17.681,-14.334,32.014,-32.014,32.014s-32.014,-14.334,-32.014,-32.014c0.0,-13.261,-10.75,-24.01,-24.01,-24.01C269.928,44.868,259.177,55.619,259.177,68.879z"" style=""fill:#39B54A;"">
 </path>
 <path d=""M315.202,12.855c-2.725,0.0,-5.382,0.261,-8.003,0.636c27.139,3.893,48.021,27.171,48.021,55.388c0.0,14.9,-10.226,27.312,-24.01,30.882c2.572,0.666,5.223,1.132,8.003,1.132c17.681,0.0,32.013,-14.334,32.013,-32.014C371.226,37.938,346.143,12.855,315.202,12.855z"" style=""fill:#8CC63F;"">
 </path>
 <path d=""M259.177,68.879c0.0,-30.941,-25.083,-56.025,-56.025,-56.025S147.128,37.937,147.128,68.879c0.0,17.681,14.334,32.014,32.014,32.014s32.014,-14.334,32.014,-32.014c0.0,-13.261,10.75,-24.01,24.01,-24.01C248.428,44.868,259.177,55.619,259.177,68.879z"" style=""fill:#39B54A;"">
 </path>
 <path d=""M203.154,12.855c2.725,0.0,5.382,0.261,8.003,0.636c-27.139,3.893,-48.021,27.171,-48.021,55.388c0.0,14.9,10.226,27.312,24.01,30.882c-2.572,0.666,-5.223,1.132,-8.003,1.132c-17.681,0.0,-32.014,-14.334,-32.014,-32.014C147.129,37.938,172.212,12.855,203.154,12.855z"" style=""fill:#006837;"">
 </path>
 <path d=""M195.149,196.935c0.0,-35.362,28.666,-64.028,64.028,-64.028s64.028,28.666,64.028,64.028l-48.021,296.128c0.0,8.84,-7.167,16.007,-16.007,16.007s-16.007,-7.167,-16.007,-16.007L195.149,196.935z"" style=""fill:#F7931E;"">
 </path>
 <path d=""M259.177,493.063l-48.021,-296.128c0.0,-32.645,24.449,-59.528,56.025,-63.475c-2.627,-0.328,-5.287,-0.553,-8.003,-0.553c-35.362,0.0,-64.028,28.666,-64.028,64.028l48.021,296.128c0.0,8.84,7.167,16.007,16.007,16.007c2.931,0.0,5.641,-0.845,8.003,-2.22C262.417,504.077,259.177,498.973,259.177,493.063z"" style=""fill:#F15A24;"">
 </path>
 <path d=""M259.177,132.907c-2.717,0.0,-5.376,0.224,-8.003,0.553c31.576,3.946,56.025,30.83,56.025,63.475l-48.021,296.128c0.0,5.91,-3.239,11.014,-8.003,13.787c2.362,1.375,5.073,2.22,8.003,2.22c8.84,0.0,16.007,-7.167,16.007,-16.007l48.021,-296.128C323.206,161.573,294.54,132.907,259.177,132.907z"" style=""fill:#FBB03B;"">
 </path>
 <rect height=""15.589"" width=""15.589"" x=""259.678"" y=""381.306"">
 </rect>
 <rect height=""15.589"" width=""16.628"" x=""235.775"" y=""284.655"">
 </rect>
 <path d=""M315.202,4.864c-24.136,0.0,-45.181,13.797,-56.025,33.53C248.335,18.661,227.289,4.864,203.154,4.864c-35.189,0.0,-63.819,28.825,-63.819,64.015c0.0,21.95,17.859,39.808,39.809,39.808s39.808,-17.955,39.808,-39.906c0.0,-8.942,7.275,-16.314,16.216,-16.314c8.796,0.0,15.963,7.459,16.195,15.617v57.459c-35.999,3.896,-64.434,34.421,-64.434,71.392v0.628l48.245,296.189c0.366,12.808,11.112,23.113,24.006,23.113c12.894,0.0,23.619,-10.306,23.984,-23.113l48.223,-296.189v-0.628c0.0,-36.97,-28.435,-67.496,-64.434,-71.392V68.487h0.022c0.0,-8.314,7.275,-16.02,16.216,-16.02c8.942,0.0,16.217,7.47,16.217,16.412c0.0,21.95,17.858,39.808,39.808,39.808c21.95,0.0,39.809,-17.955,39.809,-39.906C379.021,33.591,350.392,4.864,315.202,4.864zM203.363,68.879c0.0,13.355,-10.864,24.219,-24.219,24.219c-13.355,0.0,-24.22,-10.864,-24.22,-24.219c0.0,-26.594,21.635,-48.23,48.23,-48.23c7.489,0.0,14.579,1.726,20.909,4.786c-0.737,-0.015,-1.479,-0.018,-2.233,0.006c-14.471,0.442,-28.121,7.953,-40.574,22.328l11.783,10.207c8.553,-9.873,17.404,-15.466,26.348,-16.693C209.823,46.773,203.363,57.083,203.363,68.879zM314.626,189.041h-16.497v15.589h15.707l-2.878,17.667h-75.185v15.589h72.646l-13.037,80.023h-28.431v15.589h25.891l-18.285,112.241h-14.882v15.589h12.342l-5.067,31.106v0.628c0.0,4.528,-3.266,8.212,-7.794,8.212c-4.366,0.0,-7.548,-3.426,-7.773,-7.73h8.292v-15.589h-10.671l-8.123,-49.885h18.794v-15.589h-21.334l-7.615,-46.767h44.537v-15.589h-47.076l-13.2,-81.063h29.097v-15.589h-31.635l-7.953,-48.845h22.96v-15.589h-23.75c0.824,-5.88,2.542,-11.475,5.033,-16.628h50.934v-15.589h-39.774c10.1,-9.966,23.949,-16.123,39.264,-16.123C287.494,140.701,310.803,161.761,314.626,189.041zM339.212,93.099c-13.355,0.0,-24.219,-10.864,-24.219,-24.219c0.0,-11.797,-6.46,-22.106,-16.024,-27.597c8.945,1.226,17.795,6.82,26.348,16.693l11.783,-10.207c-12.452,-14.375,-26.103,-21.887,-40.574,-22.328c-0.755,-0.023,-1.498,-0.021,-2.234,-0.006c6.33,-3.06,13.421,-4.786,20.91,-4.786c26.594,0.0,48.23,21.635,48.23,48.23C363.432,82.234,352.567,93.099,339.212,93.099z"">
 </path>
</svg>


Question: What shape is the object?",Circular,Triangular,Rectangular,Conical,D,fruit
175,"Examine the following SVG code carefully and answer the question based on your interpretation of the rendered image.

<svg id=""Layer_1"" style=""enable-background:new 0 0 512.001 512.001;"" version=""1.1"" viewbox=""0 0 512.001 512.001"" x=""0px"" xml:space=""preserve"" y=""0px"">
 <path d=""M259.177,68.879c0.0,-30.941,25.083,-56.025,56.025,-56.025c30.941,0.0,56.025,25.083,56.025,56.025c0.0,17.681,-14.334,32.014,-32.014,32.014s-32.014,-14.334,-32.014,-32.014c0.0,-13.261,-10.75,-24.01,-24.01,-24.01C269.928,44.868,259.177,55.619,259.177,68.879z"" style=""fill:#39B54A;"">
 </path>
 <path d=""M315.202,12.855c-2.725,0.0,-5.382,0.261,-8.003,0.636c27.139,3.893,48.021,27.171,48.021,55.388c0.0,14.9,-10.226,27.312,-24.01,30.882c2.572,0.666,5.223,1.132,8.003,1.132c17.681,0.0,32.013,-14.334,32.013,-32.014C371.226,37.938,346.143,12.855,315.202,12.855z"" style=""fill:#8CC63F;"">
 </path>
 <path d=""M259.177,68.879c0.0,-30.941,-25.083,-56.025,-56.025,-56.025S147.128,37.937,147.128,68.879c0.0,17.681,14.334,32.014,32.014,32.014s32.014,-14.334,32.014,-32.014c0.0,-13.261,10.75,-24.01,24.01,-24.01C248.428,44.868,259.177,55.619,259.177,68.879z"" style=""fill:#39B54A;"">
 </path>
 <path d=""M203.154,12.855c2.725,0.0,5.382,0.261,8.003,0.636c-27.139,3.893,-48.021,27.171,-48.021,55.388c0.0,14.9,10.226,27.312,24.01,30.882c-2.572,0.666,-5.223,1.132,-8.003,1.132c-17.681,0.0,-32.014,-14.334,-32.014,-32.014C147.129,37.938,172.212,12.855,203.154,12.855z"" style=""fill:#006837;"">
 </path>
 <path d=""M195.149,196.935c0.0,-35.362,28.666,-64.028,64.028,-64.028s64.028,28.666,64.028,64.028l-48.021,296.128c0.0,8.84,-7.167,16.007,-16.007,16.007s-16.007,-7.167,-16.007,-16.007L195.149,196.935z"" style=""fill:#F7931E;"">
 </path>
 <path d=""M259.177,493.063l-48.021,-296.128c0.0,-32.645,24.449,-59.528,56.025,-63.475c-2.627,-0.328,-5.287,-0.553,-8.003,-0.553c-35.362,0.0,-64.028,28.666,-64.028,64.028l48.021,296.128c0.0,8.84,7.167,16.007,16.007,16.007c2.931,0.0,5.641,-0.845,8.003,-2.22C262.417,504.077,259.177,498.973,259.177,493.063z"" style=""fill:#F15A24;"">
 </path>
 <path d=""M259.177,132.907c-2.717,0.0,-5.376,0.224,-8.003,0.553c31.576,3.946,56.025,30.83,56.025,63.475l-48.021,296.128c0.0,5.91,-3.239,11.014,-8.003,13.787c2.362,1.375,5.073,2.22,8.003,2.22c8.84,0.0,16.007,-7.167,16.007,-16.007l48.021,-296.128C323.206,161.573,294.54,132.907,259.177,132.907z"" style=""fill:#FBB03B;"">
 </path>
 <rect height=""15.589"" width=""15.589"" x=""259.678"" y=""381.306"">
 </rect>
 <rect height=""15.589"" width=""16.628"" x=""235.775"" y=""284.655"">
 </rect>
 <path d=""M315.202,4.864c-24.136,0.0,-45.181,13.797,-56.025,33.53C248.335,18.661,227.289,4.864,203.154,4.864c-35.189,0.0,-63.819,28.825,-63.819,64.015c0.0,21.95,17.859,39.808,39.809,39.808s39.808,-17.955,39.808,-39.906c0.0,-8.942,7.275,-16.314,16.216,-16.314c8.796,0.0,15.963,7.459,16.195,15.617v57.459c-35.999,3.896,-64.434,34.421,-64.434,71.392v0.628l48.245,296.189c0.366,12.808,11.112,23.113,24.006,23.113c12.894,0.0,23.619,-10.306,23.984,-23.113l48.223,-296.189v-0.628c0.0,-36.97,-28.435,-67.496,-64.434,-71.392V68.487h0.022c0.0,-8.314,7.275,-16.02,16.216,-16.02c8.942,0.0,16.217,7.47,16.217,16.412c0.0,21.95,17.858,39.808,39.808,39.808c21.95,0.0,39.809,-17.955,39.809,-39.906C379.021,33.591,350.392,4.864,315.202,4.864zM203.363,68.879c0.0,13.355,-10.864,24.219,-24.219,24.219c-13.355,0.0,-24.22,-10.864,-24.22,-24.219c0.0,-26.594,21.635,-48.23,48.23,-48.23c7.489,0.0,14.579,1.726,20.909,4.786c-0.737,-0.015,-1.479,-0.018,-2.233,0.006c-14.471,0.442,-28.121,7.953,-40.574,22.328l11.783,10.207c8.553,-9.873,17.404,-15.466,26.348,-16.693C209.823,46.773,203.363,57.083,203.363,68.879zM314.626,189.041h-16.497v15.589h15.707l-2.878,17.667h-75.185v15.589h72.646l-13.037,80.023h-28.431v15.589h25.891l-18.285,112.241h-14.882v15.589h12.342l-5.067,31.106v0.628c0.0,4.528,-3.266,8.212,-7.794,8.212c-4.366,0.0,-7.548,-3.426,-7.773,-7.73h8.292v-15.589h-10.671l-8.123,-49.885h18.794v-15.589h-21.334l-7.615,-46.767h44.537v-15.589h-47.076l-13.2,-81.063h29.097v-15.589h-31.635l-7.953,-48.845h22.96v-15.589h-23.75c0.824,-5.88,2.542,-11.475,5.033,-16.628h50.934v-15.589h-39.774c10.1,-9.966,23.949,-16.123,39.264,-16.123C287.494,140.701,310.803,161.761,314.626,189.041zM339.212,93.099c-13.355,0.0,-24.219,-10.864,-24.219,-24.219c0.0,-11.797,-6.46,-22.106,-16.024,-27.597c8.945,1.226,17.795,6.82,26.348,16.693l11.783,-10.207c-12.452,-14.375,-26.103,-21.887,-40.574,-22.328c-0.755,-0.023,-1.498,-0.021,-2.234,-0.006c6.33,-3.06,13.421,-4.786,20.91,-4.786c26.594,0.0,48.23,21.635,48.23,48.23C363.432,82.234,352.567,93.099,339.212,93.099z"">
 </path>
</svg>


Question: What type of vegetable is depicted in the image?",Carrot,Potato,Tomato,Cucumber,A,fruit
0,"Examine the following SVG code carefully and answer the question based on your interpretation of the rendered image.

<svg id=""Layer_1"" style=""enable-background:new 0 0 511.999 511.999;"" version=""1.1"" viewbox=""0 0 511.999 511.999"" x=""0px"" xml:space=""preserve"" y=""0px"">
 <path d=""M505.027,374.475c0.0,23.083,-18.713,41.796,-41.797,41.796H55.721c-23.084,0.0,-41.796,-18.713,-41.796,-41.796l0.0,0.0c0.0,-23.083,18.712,-41.796,41.796,-41.796h407.509C486.314,332.679,505.027,351.392,505.027,374.475L505.027,374.475z"" style=""fill:#1EB615;"">
 </path>
 <rect height=""216.2"" style=""fill:#FFD41D;"" width=""200.62"" x=""58.856"" y=""116.472"">
 </rect>
 <rect height=""91.951"" style=""fill:#10BAFC;"" width=""117.029"" x=""100.651"" y=""163.409"">
 </rect>
 <polygon points=""259.476,49.511 58.856,49.511 14.970,116.476 303.362,116.476"" style=""fill:#D50707;"">
 </polygon>
 <path d=""M407.851,214.604H259.476v118.074h200.62v-65.83C460.096,237.994,436.705,214.604,407.851,214.604z"" style=""fill:#0084FF;"">
 </path>
 <rect height=""57.469"" style=""fill:#1EB615;"" width=""80.457"" x=""327.353"" y=""157.139"">
 </rect>
 <path d=""M327.246,387.013h-0.245c-5.77,0.0,-10.449,-4.679,-10.449,-10.449s4.679,-10.449,10.449,-10.449h0.245c5.77,0.0,10.449,4.679,10.449,10.449S333.017,387.013,327.246,387.013z"">
 </path>
 <path d=""M293.197,387.013H191.705c-5.771,0.0,-10.449,-4.679,-10.449,-10.449s4.678,-10.449,10.449,-10.449H293.197c5.77,0.0,10.449,4.679,10.449,10.449S298.968,387.013,293.197,387.013z"">
 </path>
 <g>
  <circle cx=""407.433"" cy=""416.169"" r=""52.663"" style=""fill:#FFD41D;"">
  </circle>
  <circle cx=""111.518"" cy=""416.169"" r=""52.663"" style=""fill:#FFD41D;"">
  </circle>
 </g>
 <path d=""M515.476,374.475c0.0,-26.324,-19.574,-48.152,-44.931,-51.722v-55.903c0.0,-31.023,-22.657,-56.84,-52.288,-61.814v-47.9c0.0,-5.771,-4.679,-10.449,-10.449,-10.449h-80.458c-5.771,0.0,-10.449,4.678,-10.449,10.449v47.02h-46.976v-77.23h33.437c3.839,0.0,7.369,-2.105,9.193,-5.483s1.651,-7.483,-0.453,-10.693l-43.886,-66.965c-1.932,-2.946,-5.217,-4.722,-8.74,-4.722H58.856c-3.522,0.0,-6.809,1.775,-8.74,4.722L6.231,110.748c-2.104,3.211,-2.28,7.316,-0.455,10.693c1.825,3.377,5.355,5.483,9.194,5.483h33.437v195.827C23.051,326.321,3.477,348.149,3.477,374.474c0.0,26.609,20.0,48.619,45.755,51.828c4.863,30.0,30.939,52.984,62.292,52.984c31.206,0.0,57.18,-22.771,62.217,-52.567h171.472c5.037,29.795,31.012,52.567,62.217,52.567c31.353,0.0,57.429,-22.984,62.292,-52.984C495.476,423.094,515.476,401.084,515.476,374.475zM337.799,167.584h59.56v36.571h-59.56V167.584zM407.851,225.053c23.046,0.0,41.796,18.75,41.796,41.796v55.381H269.925v-97.177L407.851,225.053L407.851,225.053zM64.5,59.96h189.33l30.19,46.067h-24.545H58.856H34.311L64.5,59.96zM249.027,126.925v195.305H69.305V126.925H249.027zM111.523,458.387c-23.279,0.0,-42.218,-18.939,-42.218,-42.218c0.0,-23.279,18.939,-42.218,42.218,-42.218s42.218,18.939,42.218,42.218C153.741,439.449,134.803,458.387,111.523,458.387zM407.429,458.387c-23.279,0.0,-42.218,-18.939,-42.218,-42.218c0.0,-23.279,18.939,-42.218,42.218,-42.218c23.279,0.0,42.218,18.939,42.218,42.218C449.647,439.449,430.709,458.387,407.429,458.387zM469.568,405.177c-5.219,-29.578,-31.088,-52.125,-62.139,-52.125c-31.278,0.0,-57.3,22.874,-62.254,52.768H173.777c-4.954,-29.895,-30.976,-52.768,-62.254,-52.768c-31.051,0.0,-56.92,22.547,-62.139,52.125c-14.257,-2.938,-25.01,-15.589,-25.01,-30.702c0.0,-17.285,14.062,-31.347,31.347,-31.347h404.375h3.134c17.286,0.0,31.348,14.062,31.348,31.347C494.578,389.588,483.825,402.239,469.568,405.177z"">
 </path>
 <path d=""M100.651,265.804h117.029c5.771,0.0,10.449,-4.679,10.449,-10.449V163.404c0.0,-5.771,-4.678,-10.449,-10.449,-10.449H100.651c-5.77,0.0,-10.449,4.678,-10.449,10.449v91.951C90.202,261.125,94.882,265.804,100.651,265.804zM111.1,173.853h96.131v71.053h-96.131V173.853z"">
 </path>
</svg>


Question: What color is the roof of the object?",Blue,Green,Yellow,Red,D,land_crafts
1,"Examine the following SVG code carefully and answer the question based on your interpretation of the rendered image.

<svg id=""Layer_1"" style=""enable-background:new 0 0 511.999 511.999;"" version=""1.1"" viewbox=""0 0 511.999 511.999"" x=""0px"" xml:space=""preserve"" y=""0px"">
 <path d=""M505.027,374.475c0.0,23.083,-18.713,41.796,-41.797,41.796H55.721c-23.084,0.0,-41.796,-18.713,-41.796,-41.796l0.0,0.0c0.0,-23.083,18.712,-41.796,41.796,-41.796h407.509C486.314,332.679,505.027,351.392,505.027,374.475L505.027,374.475z"" style=""fill:#1EB615;"">
 </path>
 <rect height=""216.2"" style=""fill:#FFD41D;"" width=""200.62"" x=""58.856"" y=""116.472"">
 </rect>
 <rect height=""91.951"" style=""fill:#10BAFC;"" width=""117.029"" x=""100.651"" y=""163.409"">
 </rect>
 <polygon points=""259.476,49.511 58.856,49.511 14.970,116.476 303.362,116.476"" style=""fill:#D50707;"">
 </polygon>
 <path d=""M407.851,214.604H259.476v118.074h200.62v-65.83C460.096,237.994,436.705,214.604,407.851,214.604z"" style=""fill:#0084FF;"">
 </path>
 <rect height=""57.469"" style=""fill:#1EB615;"" width=""80.457"" x=""327.353"" y=""157.139"">
 </rect>
 <path d=""M327.246,387.013h-0.245c-5.77,0.0,-10.449,-4.679,-10.449,-10.449s4.679,-10.449,10.449,-10.449h0.245c5.77,0.0,10.449,4.679,10.449,10.449S333.017,387.013,327.246,387.013z"">
 </path>
 <path d=""M293.197,387.013H191.705c-5.771,0.0,-10.449,-4.679,-10.449,-10.449s4.678,-10.449,10.449,-10.449H293.197c5.77,0.0,10.449,4.679,10.449,10.449S298.968,387.013,293.197,387.013z"">
 </path>
 <g>
  <circle cx=""407.433"" cy=""416.169"" r=""52.663"" style=""fill:#FFD41D;"">
  </circle>
  <circle cx=""111.518"" cy=""416.169"" r=""52.663"" style=""fill:#FFD41D;"">
  </circle>
 </g>
 <path d=""M515.476,374.475c0.0,-26.324,-19.574,-48.152,-44.931,-51.722v-55.903c0.0,-31.023,-22.657,-56.84,-52.288,-61.814v-47.9c0.0,-5.771,-4.679,-10.449,-10.449,-10.449h-80.458c-5.771,0.0,-10.449,4.678,-10.449,10.449v47.02h-46.976v-77.23h33.437c3.839,0.0,7.369,-2.105,9.193,-5.483s1.651,-7.483,-0.453,-10.693l-43.886,-66.965c-1.932,-2.946,-5.217,-4.722,-8.74,-4.722H58.856c-3.522,0.0,-6.809,1.775,-8.74,4.722L6.231,110.748c-2.104,3.211,-2.28,7.316,-0.455,10.693c1.825,3.377,5.355,5.483,9.194,5.483h33.437v195.827C23.051,326.321,3.477,348.149,3.477,374.474c0.0,26.609,20.0,48.619,45.755,51.828c4.863,30.0,30.939,52.984,62.292,52.984c31.206,0.0,57.18,-22.771,62.217,-52.567h171.472c5.037,29.795,31.012,52.567,62.217,52.567c31.353,0.0,57.429,-22.984,62.292,-52.984C495.476,423.094,515.476,401.084,515.476,374.475zM337.799,167.584h59.56v36.571h-59.56V167.584zM407.851,225.053c23.046,0.0,41.796,18.75,41.796,41.796v55.381H269.925v-97.177L407.851,225.053L407.851,225.053zM64.5,59.96h189.33l30.19,46.067h-24.545H58.856H34.311L64.5,59.96zM249.027,126.925v195.305H69.305V126.925H249.027zM111.523,458.387c-23.279,0.0,-42.218,-18.939,-42.218,-42.218c0.0,-23.279,18.939,-42.218,42.218,-42.218s42.218,18.939,42.218,42.218C153.741,439.449,134.803,458.387,111.523,458.387zM407.429,458.387c-23.279,0.0,-42.218,-18.939,-42.218,-42.218c0.0,-23.279,18.939,-42.218,42.218,-42.218c23.279,0.0,42.218,18.939,42.218,42.218C449.647,439.449,430.709,458.387,407.429,458.387zM469.568,405.177c-5.219,-29.578,-31.088,-52.125,-62.139,-52.125c-31.278,0.0,-57.3,22.874,-62.254,52.768H173.777c-4.954,-29.895,-30.976,-52.768,-62.254,-52.768c-31.051,0.0,-56.92,22.547,-62.139,52.125c-14.257,-2.938,-25.01,-15.589,-25.01,-30.702c0.0,-17.285,14.062,-31.347,31.347,-31.347h404.375h3.134c17.286,0.0,31.348,14.062,31.348,31.347C494.578,389.588,483.825,402.239,469.568,405.177z"">
 </path>
 <path d=""M100.651,265.804h117.029c5.771,0.0,10.449,-4.679,10.449,-10.449V163.404c0.0,-5.771,-4.678,-10.449,-10.449,-10.449H100.651c-5.77,0.0,-10.449,4.678,-10.449,10.449v91.951C90.202,261.125,94.882,265.804,100.651,265.804zM111.1,173.853h96.131v71.053h-96.131V173.853z"">
 </path>
</svg>


Question: How many wheels does the object have?",One,Two,Three,Four,B,land_crafts
2,"Examine the following SVG code carefully and answer the question based on your interpretation of the rendered image.

<svg id=""Layer_1"" style=""enable-background:new 0 0 511.999 511.999;"" version=""1.1"" viewbox=""0 0 511.999 511.999"" x=""0px"" xml:space=""preserve"" y=""0px"">
 <path d=""M505.027,374.475c0.0,23.083,-18.713,41.796,-41.797,41.796H55.721c-23.084,0.0,-41.796,-18.713,-41.796,-41.796l0.0,0.0c0.0,-23.083,18.712,-41.796,41.796,-41.796h407.509C486.314,332.679,505.027,351.392,505.027,374.475L505.027,374.475z"" style=""fill:#1EB615;"">
 </path>
 <rect height=""216.2"" style=""fill:#FFD41D;"" width=""200.62"" x=""58.856"" y=""116.472"">
 </rect>
 <rect height=""91.951"" style=""fill:#10BAFC;"" width=""117.029"" x=""100.651"" y=""163.409"">
 </rect>
 <polygon points=""259.476,49.511 58.856,49.511 14.970,116.476 303.362,116.476"" style=""fill:#D50707;"">
 </polygon>
 <path d=""M407.851,214.604H259.476v118.074h200.62v-65.83C460.096,237.994,436.705,214.604,407.851,214.604z"" style=""fill:#0084FF;"">
 </path>
 <rect height=""57.469"" style=""fill:#1EB615;"" width=""80.457"" x=""327.353"" y=""157.139"">
 </rect>
 <path d=""M327.246,387.013h-0.245c-5.77,0.0,-10.449,-4.679,-10.449,-10.449s4.679,-10.449,10.449,-10.449h0.245c5.77,0.0,10.449,4.679,10.449,10.449S333.017,387.013,327.246,387.013z"">
 </path>
 <path d=""M293.197,387.013H191.705c-5.771,0.0,-10.449,-4.679,-10.449,-10.449s4.678,-10.449,10.449,-10.449H293.197c5.77,0.0,10.449,4.679,10.449,10.449S298.968,387.013,293.197,387.013z"">
 </path>
 <g>
  <circle cx=""407.433"" cy=""416.169"" r=""52.663"" style=""fill:#FFD41D;"">
  </circle>
  <circle cx=""111.518"" cy=""416.169"" r=""52.663"" style=""fill:#FFD41D;"">
  </circle>
 </g>
 <path d=""M515.476,374.475c0.0,-26.324,-19.574,-48.152,-44.931,-51.722v-55.903c0.0,-31.023,-22.657,-56.84,-52.288,-61.814v-47.9c0.0,-5.771,-4.679,-10.449,-10.449,-10.449h-80.458c-5.771,0.0,-10.449,4.678,-10.449,10.449v47.02h-46.976v-77.23h33.437c3.839,0.0,7.369,-2.105,9.193,-5.483s1.651,-7.483,-0.453,-10.693l-43.886,-66.965c-1.932,-2.946,-5.217,-4.722,-8.74,-4.722H58.856c-3.522,0.0,-6.809,1.775,-8.74,4.722L6.231,110.748c-2.104,3.211,-2.28,7.316,-0.455,10.693c1.825,3.377,5.355,5.483,9.194,5.483h33.437v195.827C23.051,326.321,3.477,348.149,3.477,374.474c0.0,26.609,20.0,48.619,45.755,51.828c4.863,30.0,30.939,52.984,62.292,52.984c31.206,0.0,57.18,-22.771,62.217,-52.567h171.472c5.037,29.795,31.012,52.567,62.217,52.567c31.353,0.0,57.429,-22.984,62.292,-52.984C495.476,423.094,515.476,401.084,515.476,374.475zM337.799,167.584h59.56v36.571h-59.56V167.584zM407.851,225.053c23.046,0.0,41.796,18.75,41.796,41.796v55.381H269.925v-97.177L407.851,225.053L407.851,225.053zM64.5,59.96h189.33l30.19,46.067h-24.545H58.856H34.311L64.5,59.96zM249.027,126.925v195.305H69.305V126.925H249.027zM111.523,458.387c-23.279,0.0,-42.218,-18.939,-42.218,-42.218c0.0,-23.279,18.939,-42.218,42.218,-42.218s42.218,18.939,42.218,42.218C153.741,439.449,134.803,458.387,111.523,458.387zM407.429,458.387c-23.279,0.0,-42.218,-18.939,-42.218,-42.218c0.0,-23.279,18.939,-42.218,42.218,-42.218c23.279,0.0,42.218,18.939,42.218,42.218C449.647,439.449,430.709,458.387,407.429,458.387zM469.568,405.177c-5.219,-29.578,-31.088,-52.125,-62.139,-52.125c-31.278,0.0,-57.3,22.874,-62.254,52.768H173.777c-4.954,-29.895,-30.976,-52.768,-62.254,-52.768c-31.051,0.0,-56.92,22.547,-62.139,52.125c-14.257,-2.938,-25.01,-15.589,-25.01,-30.702c0.0,-17.285,14.062,-31.347,31.347,-31.347h404.375h3.134c17.286,0.0,31.348,14.062,31.348,31.347C494.578,389.588,483.825,402.239,469.568,405.177z"">
 </path>
 <path d=""M100.651,265.804h117.029c5.771,0.0,10.449,-4.679,10.449,-10.449V163.404c0.0,-5.771,-4.678,-10.449,-10.449,-10.449H100.651c-5.77,0.0,-10.449,4.678,-10.449,10.449v91.951C90.202,261.125,94.882,265.804,100.651,265.804zM111.1,173.853h96.131v71.053h-96.131V173.853z"">
 </path>
</svg>


Question: What shape is the window on the object?",Circle,Triangle,Square,Rectangle,C,land_crafts
3,"Examine the following SVG code carefully and answer the question based on your interpretation of the rendered image.

<svg id=""Layer_1"" style=""enable-background:new 0 0 511.999 511.999;"" version=""1.1"" viewbox=""0 0 511.999 511.999"" x=""0px"" xml:space=""preserve"" y=""0px"">
 <path d=""M505.027,374.475c0.0,23.083,-18.713,41.796,-41.797,41.796H55.721c-23.084,0.0,-41.796,-18.713,-41.796,-41.796l0.0,0.0c0.0,-23.083,18.712,-41.796,41.796,-41.796h407.509C486.314,332.679,505.027,351.392,505.027,374.475L505.027,374.475z"" style=""fill:#1EB615;"">
 </path>
 <rect height=""216.2"" style=""fill:#FFD41D;"" width=""200.62"" x=""58.856"" y=""116.472"">
 </rect>
 <rect height=""91.951"" style=""fill:#10BAFC;"" width=""117.029"" x=""100.651"" y=""163.409"">
 </rect>
 <polygon points=""259.476,49.511 58.856,49.511 14.970,116.476 303.362,116.476"" style=""fill:#D50707;"">
 </polygon>
 <path d=""M407.851,214.604H259.476v118.074h200.62v-65.83C460.096,237.994,436.705,214.604,407.851,214.604z"" style=""fill:#0084FF;"">
 </path>
 <rect height=""57.469"" style=""fill:#1EB615;"" width=""80.457"" x=""327.353"" y=""157.139"">
 </rect>
 <path d=""M327.246,387.013h-0.245c-5.77,0.0,-10.449,-4.679,-10.449,-10.449s4.679,-10.449,10.449,-10.449h0.245c5.77,0.0,10.449,4.679,10.449,10.449S333.017,387.013,327.246,387.013z"">
 </path>
 <path d=""M293.197,387.013H191.705c-5.771,0.0,-10.449,-4.679,-10.449,-10.449s4.678,-10.449,10.449,-10.449H293.197c5.77,0.0,10.449,4.679,10.449,10.449S298.968,387.013,293.197,387.013z"">
 </path>
 <g>
  <circle cx=""407.433"" cy=""416.169"" r=""52.663"" style=""fill:#FFD41D;"">
  </circle>
  <circle cx=""111.518"" cy=""416.169"" r=""52.663"" style=""fill:#FFD41D;"">
  </circle>
 </g>
 <path d=""M515.476,374.475c0.0,-26.324,-19.574,-48.152,-44.931,-51.722v-55.903c0.0,-31.023,-22.657,-56.84,-52.288,-61.814v-47.9c0.0,-5.771,-4.679,-10.449,-10.449,-10.449h-80.458c-5.771,0.0,-10.449,4.678,-10.449,10.449v47.02h-46.976v-77.23h33.437c3.839,0.0,7.369,-2.105,9.193,-5.483s1.651,-7.483,-0.453,-10.693l-43.886,-66.965c-1.932,-2.946,-5.217,-4.722,-8.74,-4.722H58.856c-3.522,0.0,-6.809,1.775,-8.74,4.722L6.231,110.748c-2.104,3.211,-2.28,7.316,-0.455,10.693c1.825,3.377,5.355,5.483,9.194,5.483h33.437v195.827C23.051,326.321,3.477,348.149,3.477,374.474c0.0,26.609,20.0,48.619,45.755,51.828c4.863,30.0,30.939,52.984,62.292,52.984c31.206,0.0,57.18,-22.771,62.217,-52.567h171.472c5.037,29.795,31.012,52.567,62.217,52.567c31.353,0.0,57.429,-22.984,62.292,-52.984C495.476,423.094,515.476,401.084,515.476,374.475zM337.799,167.584h59.56v36.571h-59.56V167.584zM407.851,225.053c23.046,0.0,41.796,18.75,41.796,41.796v55.381H269.925v-97.177L407.851,225.053L407.851,225.053zM64.5,59.96h189.33l30.19,46.067h-24.545H58.856H34.311L64.5,59.96zM249.027,126.925v195.305H69.305V126.925H249.027zM111.523,458.387c-23.279,0.0,-42.218,-18.939,-42.218,-42.218c0.0,-23.279,18.939,-42.218,42.218,-42.218s42.218,18.939,42.218,42.218C153.741,439.449,134.803,458.387,111.523,458.387zM407.429,458.387c-23.279,0.0,-42.218,-18.939,-42.218,-42.218c0.0,-23.279,18.939,-42.218,42.218,-42.218c23.279,0.0,42.218,18.939,42.218,42.218C449.647,439.449,430.709,458.387,407.429,458.387zM469.568,405.177c-5.219,-29.578,-31.088,-52.125,-62.139,-52.125c-31.278,0.0,-57.3,22.874,-62.254,52.768H173.777c-4.954,-29.895,-30.976,-52.768,-62.254,-52.768c-31.051,0.0,-56.92,22.547,-62.139,52.125c-14.257,-2.938,-25.01,-15.589,-25.01,-30.702c0.0,-17.285,14.062,-31.347,31.347,-31.347h404.375h3.134c17.286,0.0,31.348,14.062,31.348,31.347C494.578,389.588,483.825,402.239,469.568,405.177z"">
 </path>
 <path d=""M100.651,265.804h117.029c5.771,0.0,10.449,-4.679,10.449,-10.449V163.404c0.0,-5.771,-4.678,-10.449,-10.449,-10.449H100.651c-5.77,0.0,-10.449,4.678,-10.449,10.449v91.951C90.202,261.125,94.882,265.804,100.651,265.804zM111.1,173.853h96.131v71.053h-96.131V173.853z"">
 </path>
</svg>


Question: What is the object in the image?",Train,Car,Airplane,Boat,A,land_crafts
28,"Examine the following SVG code carefully and answer the question based on your interpretation of the rendered image.

<svg id=""Capa_1"" style=""enable-background:new 0 0 488.912 488.912;"" version=""1.1"" viewbox=""0 0 488.912 488.912"" x=""0px"" xml:space=""preserve"" y=""0px"">
 <g>
  <path d=""M484.319,451.822l-38.5,-28.1c-13.4,-8.5,-26.2,-12.7,-37.9,-14.2l51.4,-137.7c1.8,-5.4,3.2,-19.6,-12.5,-26.0l-32.3,-11.5v-59.2c0.0,-42.9,-36.1,-79.4,-84.3,-87.7V24.222c0.0,-11.4,-9.4,-20.8,-20.8,-20.8h-122.7c-11.4,0.0,-20.8,9.4,-20.8,20.8v62.8c-49.2,7.6,-86.3,44.5,-86.3,88.0v60.2l-29.1,10.5c-11.7,4.0,-16.7,15.4,-12.5,26.0l51.6,139.7c-13.9,1.6,-27.2,6.4,-38.1,14.3l-39.5,30.2c-9.4,6.2,-10.4,18.7,-4.2,28.1c4.2,5.2,14.9,13.3,29.1,4.2l39.5,-30.2c28.4,-17.2,51.0,2.1,51.0,2.1c27.0,19.8,69.7,19.8,96.8,0.0c0.0,0.0,21.3,-17.5,48.9,-1.0c27.0,19.8,69.7,19.8,96.8,0.0c0.0,0.0,22.0,-20.5,52.0,-3.1l38.5,28.1c8.3,6.2,21.8,5.2,28.1,-4.2C494.719,471.622,493.619,458.022,484.319,451.822zM207.519,44.022h82.2v40.6h-82.2L207.519,44.022L207.519,44.022zM227.319,414.722c-9.4,2.4,-18.6,6.5,-27.0,12.1c-1.2,0.8,-26.0,18.2,-52.0,-1.0c-3.9,-2.9,-8.2,-5.4,-12.7,-7.4l-52.9,-141.4l144.6,-51.6L227.319,414.722L227.319,414.722zM240.819,177.222l-119.6,43.1v-45.2c0.0,-27.0,29.1,-48.9,64.5,-48.9h123.8c35.4,0.0,64.5,21.8,64.5,48.9v44.8l-119.6,-42.7C250.219,175.122,245.019,175.122,240.819,177.222zM360.319,417.522c-9.8,4.6,-15.5,9.4,-15.5,9.4c-12.5,9.4,-35.4,9.4,-47.9,0.0c-8.4,-6.1,-18.0,-10.4,-28.1,-12.7V226.922l143.6,51.1L360.319,417.522z"">
  </path>
 </g>
</svg>


Question: What shape is at the top of the object?",Circle,Square,Triangle,Hexagon,B,land_crafts
29,"Examine the following SVG code carefully and answer the question based on your interpretation of the rendered image.

<svg id=""Capa_1"" style=""enable-background:new 0 0 488.912 488.912;"" version=""1.1"" viewbox=""0 0 488.912 488.912"" x=""0px"" xml:space=""preserve"" y=""0px"">
 <g>
  <path d=""M484.319,451.822l-38.5,-28.1c-13.4,-8.5,-26.2,-12.7,-37.9,-14.2l51.4,-137.7c1.8,-5.4,3.2,-19.6,-12.5,-26.0l-32.3,-11.5v-59.2c0.0,-42.9,-36.1,-79.4,-84.3,-87.7V24.222c0.0,-11.4,-9.4,-20.8,-20.8,-20.8h-122.7c-11.4,0.0,-20.8,9.4,-20.8,20.8v62.8c-49.2,7.6,-86.3,44.5,-86.3,88.0v60.2l-29.1,10.5c-11.7,4.0,-16.7,15.4,-12.5,26.0l51.6,139.7c-13.9,1.6,-27.2,6.4,-38.1,14.3l-39.5,30.2c-9.4,6.2,-10.4,18.7,-4.2,28.1c4.2,5.2,14.9,13.3,29.1,4.2l39.5,-30.2c28.4,-17.2,51.0,2.1,51.0,2.1c27.0,19.8,69.7,19.8,96.8,0.0c0.0,0.0,21.3,-17.5,48.9,-1.0c27.0,19.8,69.7,19.8,96.8,0.0c0.0,0.0,22.0,-20.5,52.0,-3.1l38.5,28.1c8.3,6.2,21.8,5.2,28.1,-4.2C494.719,471.622,493.619,458.022,484.319,451.822zM207.519,44.022h82.2v40.6h-82.2L207.519,44.022L207.519,44.022zM227.319,414.722c-9.4,2.4,-18.6,6.5,-27.0,12.1c-1.2,0.8,-26.0,18.2,-52.0,-1.0c-3.9,-2.9,-8.2,-5.4,-12.7,-7.4l-52.9,-141.4l144.6,-51.6L227.319,414.722L227.319,414.722zM240.819,177.222l-119.6,43.1v-45.2c0.0,-27.0,29.1,-48.9,64.5,-48.9h123.8c35.4,0.0,64.5,21.8,64.5,48.9v44.8l-119.6,-42.7C250.219,175.122,245.019,175.122,240.819,177.222zM360.319,417.522c-9.8,4.6,-15.5,9.4,-15.5,9.4c-12.5,9.4,-35.4,9.4,-47.9,0.0c-8.4,-6.1,-18.0,-10.4,-28.1,-12.7V226.922l143.6,51.1L360.319,417.522z"">
  </path>
 </g>
</svg>


Question: How many vertical lines are present in the object?",1,2,3,4,B,land_crafts
30,"Examine the following SVG code carefully and answer the question based on your interpretation of the rendered image.

<svg id=""Capa_1"" style=""enable-background:new 0 0 488.912 488.912;"" version=""1.1"" viewbox=""0 0 488.912 488.912"" x=""0px"" xml:space=""preserve"" y=""0px"">
 <g>
  <path d=""M484.319,451.822l-38.5,-28.1c-13.4,-8.5,-26.2,-12.7,-37.9,-14.2l51.4,-137.7c1.8,-5.4,3.2,-19.6,-12.5,-26.0l-32.3,-11.5v-59.2c0.0,-42.9,-36.1,-79.4,-84.3,-87.7V24.222c0.0,-11.4,-9.4,-20.8,-20.8,-20.8h-122.7c-11.4,0.0,-20.8,9.4,-20.8,20.8v62.8c-49.2,7.6,-86.3,44.5,-86.3,88.0v60.2l-29.1,10.5c-11.7,4.0,-16.7,15.4,-12.5,26.0l51.6,139.7c-13.9,1.6,-27.2,6.4,-38.1,14.3l-39.5,30.2c-9.4,6.2,-10.4,18.7,-4.2,28.1c4.2,5.2,14.9,13.3,29.1,4.2l39.5,-30.2c28.4,-17.2,51.0,2.1,51.0,2.1c27.0,19.8,69.7,19.8,96.8,0.0c0.0,0.0,21.3,-17.5,48.9,-1.0c27.0,19.8,69.7,19.8,96.8,0.0c0.0,0.0,22.0,-20.5,52.0,-3.1l38.5,28.1c8.3,6.2,21.8,5.2,28.1,-4.2C494.719,471.622,493.619,458.022,484.319,451.822zM207.519,44.022h82.2v40.6h-82.2L207.519,44.022L207.519,44.022zM227.319,414.722c-9.4,2.4,-18.6,6.5,-27.0,12.1c-1.2,0.8,-26.0,18.2,-52.0,-1.0c-3.9,-2.9,-8.2,-5.4,-12.7,-7.4l-52.9,-141.4l144.6,-51.6L227.319,414.722L227.319,414.722zM240.819,177.222l-119.6,43.1v-45.2c0.0,-27.0,29.1,-48.9,64.5,-48.9h123.8c35.4,0.0,64.5,21.8,64.5,48.9v44.8l-119.6,-42.7C250.219,175.122,245.019,175.122,240.819,177.222zM360.319,417.522c-9.8,4.6,-15.5,9.4,-15.5,9.4c-12.5,9.4,-35.4,9.4,-47.9,0.0c-8.4,-6.1,-18.0,-10.4,-28.1,-12.7V226.922l143.6,51.1L360.319,417.522z"">
  </path>
 </g>
</svg>


Question: What is the shape of the base of the object?",Wavy,Straight,Zigzag,Curved,A,land_crafts
31,"Examine the following SVG code carefully and answer the question based on your interpretation of the rendered image.

<svg id=""Capa_1"" style=""enable-background:new 0 0 488.912 488.912;"" version=""1.1"" viewbox=""0 0 488.912 488.912"" x=""0px"" xml:space=""preserve"" y=""0px"">
 <g>
  <path d=""M484.319,451.822l-38.5,-28.1c-13.4,-8.5,-26.2,-12.7,-37.9,-14.2l51.4,-137.7c1.8,-5.4,3.2,-19.6,-12.5,-26.0l-32.3,-11.5v-59.2c0.0,-42.9,-36.1,-79.4,-84.3,-87.7V24.222c0.0,-11.4,-9.4,-20.8,-20.8,-20.8h-122.7c-11.4,0.0,-20.8,9.4,-20.8,20.8v62.8c-49.2,7.6,-86.3,44.5,-86.3,88.0v60.2l-29.1,10.5c-11.7,4.0,-16.7,15.4,-12.5,26.0l51.6,139.7c-13.9,1.6,-27.2,6.4,-38.1,14.3l-39.5,30.2c-9.4,6.2,-10.4,18.7,-4.2,28.1c4.2,5.2,14.9,13.3,29.1,4.2l39.5,-30.2c28.4,-17.2,51.0,2.1,51.0,2.1c27.0,19.8,69.7,19.8,96.8,0.0c0.0,0.0,21.3,-17.5,48.9,-1.0c27.0,19.8,69.7,19.8,96.8,0.0c0.0,0.0,22.0,-20.5,52.0,-3.1l38.5,28.1c8.3,6.2,21.8,5.2,28.1,-4.2C494.719,471.622,493.619,458.022,484.319,451.822zM207.519,44.022h82.2v40.6h-82.2L207.519,44.022L207.519,44.022zM227.319,414.722c-9.4,2.4,-18.6,6.5,-27.0,12.1c-1.2,0.8,-26.0,18.2,-52.0,-1.0c-3.9,-2.9,-8.2,-5.4,-12.7,-7.4l-52.9,-141.4l144.6,-51.6L227.319,414.722L227.319,414.722zM240.819,177.222l-119.6,43.1v-45.2c0.0,-27.0,29.1,-48.9,64.5,-48.9h123.8c35.4,0.0,64.5,21.8,64.5,48.9v44.8l-119.6,-42.7C250.219,175.122,245.019,175.122,240.819,177.222zM360.319,417.522c-9.8,4.6,-15.5,9.4,-15.5,9.4c-12.5,9.4,-35.4,9.4,-47.9,0.0c-8.4,-6.1,-18.0,-10.4,-28.1,-12.7V226.922l143.6,51.1L360.319,417.522z"">
  </path>
 </g>
</svg>


Question: What is the object in the image?",Car,Airplane,House,Boat,D,land_crafts
44,"Examine the following SVG code carefully and answer the question based on your interpretation of the rendered image.

<svg id=""Layer_1"" style=""enable-background:new 0 0 511.999 511.999;"" version=""1.1"" viewbox=""0 0 511.999 511.999"" x=""0px"" xml:space=""preserve"" y=""0px"">
 <g>
  <path d=""M378.659,495.367h-265.44c-31.106,0.0,-59.503,-18.307,-72.344,-46.639L7.677,375.48c-5.395,-11.906,-4.388,-25.572,2.695,-36.557c7.081,-10.985,19.114,-17.543,32.183,-17.543h435.371c14.38,0.0,27.414,7.936,34.016,20.709c6.604,12.775,5.54,27.998,-2.776,39.729l-48.759,68.782c-4.719,6.66,-13.946,8.231,-20.606,3.51c-6.66,-4.721,-8.231,-13.947,-3.51,-20.606l48.759,-68.782c2.774,-3.914,1.367,-7.639,0.633,-9.059c-0.733,-1.419,-2.959,-4.722,-7.755,-4.722H42.556c-4.297,0.0,-6.563,2.798,-7.34,4.001c-0.775,1.202,-2.387,4.422,-0.613,8.336l33.197,73.247c8.061,17.787,25.891,29.282,45.42,29.282h265.44c8.162,0.0,14.781,6.617,14.781,14.781S386.822,495.367,378.659,495.367z"" style=""fill:#16153B;"">
  </path>
  <path d=""M455.26,349.461c-4.003,0.0,-7.989,-1.614,-10.905,-4.799L327.037,216.546c-5.512,-6.02,-5.101,-15.369,0.919,-20.882c6.02,-5.513,15.369,-5.101,20.882,0.919l117.317,128.116c5.512,6.02,5.101,15.369,-0.918,20.882C462.4,348.18,458.825,349.461,455.26,349.461z"" style=""fill:#16153B;"">
  </path>
 </g>
 <polygon points=""276.610,334.648 276.610,76.978 64.093,336.160"" style=""fill:#97C4E8;"">
 </polygon>
 <g>
  <path d=""M64.092,350.941c-5.692,0.0,-10.88,-3.27,-13.335,-8.41c-2.471,-5.173,-1.728,-11.309,1.908,-15.741L265.181,67.607c3.96,-4.829,10.524,-6.647,16.407,-4.545c5.88,2.102,9.804,7.673,9.804,13.917v257.67c0.0,8.122,-6.554,14.722,-14.676,14.781L64.2,350.942C64.164,350.941,64.127,350.941,64.092,350.941zM261.829,118.316L95.511,321.155l166.318,-1.184L261.829,118.316L261.829,118.316z"" style=""fill:#16153B;"">
  </path>
  <path d=""M276.725,350.941c-8.162,0.0,-14.781,-6.617,-14.781,-14.781V38.437c0.0,-8.163,6.619,-14.781,14.781,-14.781s14.781,6.617,14.781,14.781v297.723C291.506,344.323,284.888,350.941,276.725,350.941z"" style=""fill:#16153B;"">
  </path>
 </g>
</svg>


Question: What shape is the sail in the image?",Circle,Triangle,Square,Rectangle,B,land_crafts
45,"Examine the following SVG code carefully and answer the question based on your interpretation of the rendered image.

<svg id=""Layer_1"" style=""enable-background:new 0 0 511.999 511.999;"" version=""1.1"" viewbox=""0 0 511.999 511.999"" x=""0px"" xml:space=""preserve"" y=""0px"">
 <g>
  <path d=""M378.659,495.367h-265.44c-31.106,0.0,-59.503,-18.307,-72.344,-46.639L7.677,375.48c-5.395,-11.906,-4.388,-25.572,2.695,-36.557c7.081,-10.985,19.114,-17.543,32.183,-17.543h435.371c14.38,0.0,27.414,7.936,34.016,20.709c6.604,12.775,5.54,27.998,-2.776,39.729l-48.759,68.782c-4.719,6.66,-13.946,8.231,-20.606,3.51c-6.66,-4.721,-8.231,-13.947,-3.51,-20.606l48.759,-68.782c2.774,-3.914,1.367,-7.639,0.633,-9.059c-0.733,-1.419,-2.959,-4.722,-7.755,-4.722H42.556c-4.297,0.0,-6.563,2.798,-7.34,4.001c-0.775,1.202,-2.387,4.422,-0.613,8.336l33.197,73.247c8.061,17.787,25.891,29.282,45.42,29.282h265.44c8.162,0.0,14.781,6.617,14.781,14.781S386.822,495.367,378.659,495.367z"" style=""fill:#16153B;"">
  </path>
  <path d=""M455.26,349.461c-4.003,0.0,-7.989,-1.614,-10.905,-4.799L327.037,216.546c-5.512,-6.02,-5.101,-15.369,0.919,-20.882c6.02,-5.513,15.369,-5.101,20.882,0.919l117.317,128.116c5.512,6.02,5.101,15.369,-0.918,20.882C462.4,348.18,458.825,349.461,455.26,349.461z"" style=""fill:#16153B;"">
  </path>
 </g>
 <polygon points=""276.610,334.648 276.610,76.978 64.093,336.160"" style=""fill:#97C4E8;"">
 </polygon>
 <g>
  <path d=""M64.092,350.941c-5.692,0.0,-10.88,-3.27,-13.335,-8.41c-2.471,-5.173,-1.728,-11.309,1.908,-15.741L265.181,67.607c3.96,-4.829,10.524,-6.647,16.407,-4.545c5.88,2.102,9.804,7.673,9.804,13.917v257.67c0.0,8.122,-6.554,14.722,-14.676,14.781L64.2,350.942C64.164,350.941,64.127,350.941,64.092,350.941zM261.829,118.316L95.511,321.155l166.318,-1.184L261.829,118.316L261.829,118.316z"" style=""fill:#16153B;"">
  </path>
  <path d=""M276.725,350.941c-8.162,0.0,-14.781,-6.617,-14.781,-14.781V38.437c0.0,-8.163,6.619,-14.781,14.781,-14.781s14.781,6.617,14.781,14.781v297.723C291.506,344.323,284.888,350.941,276.725,350.941z"" style=""fill:#16153B;"">
  </path>
 </g>
</svg>


Question: What color is the sail in the image?",Red,Green,Yellow,Blue,D,land_crafts
46,"Examine the following SVG code carefully and answer the question based on your interpretation of the rendered image.

<svg id=""Layer_1"" style=""enable-background:new 0 0 511.999 511.999;"" version=""1.1"" viewbox=""0 0 511.999 511.999"" x=""0px"" xml:space=""preserve"" y=""0px"">
 <g>
  <path d=""M378.659,495.367h-265.44c-31.106,0.0,-59.503,-18.307,-72.344,-46.639L7.677,375.48c-5.395,-11.906,-4.388,-25.572,2.695,-36.557c7.081,-10.985,19.114,-17.543,32.183,-17.543h435.371c14.38,0.0,27.414,7.936,34.016,20.709c6.604,12.775,5.54,27.998,-2.776,39.729l-48.759,68.782c-4.719,6.66,-13.946,8.231,-20.606,3.51c-6.66,-4.721,-8.231,-13.947,-3.51,-20.606l48.759,-68.782c2.774,-3.914,1.367,-7.639,0.633,-9.059c-0.733,-1.419,-2.959,-4.722,-7.755,-4.722H42.556c-4.297,0.0,-6.563,2.798,-7.34,4.001c-0.775,1.202,-2.387,4.422,-0.613,8.336l33.197,73.247c8.061,17.787,25.891,29.282,45.42,29.282h265.44c8.162,0.0,14.781,6.617,14.781,14.781S386.822,495.367,378.659,495.367z"" style=""fill:#16153B;"">
  </path>
  <path d=""M455.26,349.461c-4.003,0.0,-7.989,-1.614,-10.905,-4.799L327.037,216.546c-5.512,-6.02,-5.101,-15.369,0.919,-20.882c6.02,-5.513,15.369,-5.101,20.882,0.919l117.317,128.116c5.512,6.02,5.101,15.369,-0.918,20.882C462.4,348.18,458.825,349.461,455.26,349.461z"" style=""fill:#16153B;"">
  </path>
 </g>
 <polygon points=""276.610,334.648 276.610,76.978 64.093,336.160"" style=""fill:#97C4E8;"">
 </polygon>
 <g>
  <path d=""M64.092,350.941c-5.692,0.0,-10.88,-3.27,-13.335,-8.41c-2.471,-5.173,-1.728,-11.309,1.908,-15.741L265.181,67.607c3.96,-4.829,10.524,-6.647,16.407,-4.545c5.88,2.102,9.804,7.673,9.804,13.917v257.67c0.0,8.122,-6.554,14.722,-14.676,14.781L64.2,350.942C64.164,350.941,64.127,350.941,64.092,350.941zM261.829,118.316L95.511,321.155l166.318,-1.184L261.829,118.316L261.829,118.316z"" style=""fill:#16153B;"">
  </path>
  <path d=""M276.725,350.941c-8.162,0.0,-14.781,-6.617,-14.781,-14.781V38.437c0.0,-8.163,6.619,-14.781,14.781,-14.781s14.781,6.617,14.781,14.781v297.723C291.506,344.323,284.888,350.941,276.725,350.941z"" style=""fill:#16153B;"">
  </path>
 </g>
</svg>


Question: How many straight lines form the outline of the boat's hull?",2,3,4,5,B,land_crafts
47,"Examine the following SVG code carefully and answer the question based on your interpretation of the rendered image.

<svg id=""Layer_1"" style=""enable-background:new 0 0 511.999 511.999;"" version=""1.1"" viewbox=""0 0 511.999 511.999"" x=""0px"" xml:space=""preserve"" y=""0px"">
 <g>
  <path d=""M378.659,495.367h-265.44c-31.106,0.0,-59.503,-18.307,-72.344,-46.639L7.677,375.48c-5.395,-11.906,-4.388,-25.572,2.695,-36.557c7.081,-10.985,19.114,-17.543,32.183,-17.543h435.371c14.38,0.0,27.414,7.936,34.016,20.709c6.604,12.775,5.54,27.998,-2.776,39.729l-48.759,68.782c-4.719,6.66,-13.946,8.231,-20.606,3.51c-6.66,-4.721,-8.231,-13.947,-3.51,-20.606l48.759,-68.782c2.774,-3.914,1.367,-7.639,0.633,-9.059c-0.733,-1.419,-2.959,-4.722,-7.755,-4.722H42.556c-4.297,0.0,-6.563,2.798,-7.34,4.001c-0.775,1.202,-2.387,4.422,-0.613,8.336l33.197,73.247c8.061,17.787,25.891,29.282,45.42,29.282h265.44c8.162,0.0,14.781,6.617,14.781,14.781S386.822,495.367,378.659,495.367z"" style=""fill:#16153B;"">
  </path>
  <path d=""M455.26,349.461c-4.003,0.0,-7.989,-1.614,-10.905,-4.799L327.037,216.546c-5.512,-6.02,-5.101,-15.369,0.919,-20.882c6.02,-5.513,15.369,-5.101,20.882,0.919l117.317,128.116c5.512,6.02,5.101,15.369,-0.918,20.882C462.4,348.18,458.825,349.461,455.26,349.461z"" style=""fill:#16153B;"">
  </path>
 </g>
 <polygon points=""276.610,334.648 276.610,76.978 64.093,336.160"" style=""fill:#97C4E8;"">
 </polygon>
 <g>
  <path d=""M64.092,350.941c-5.692,0.0,-10.88,-3.27,-13.335,-8.41c-2.471,-5.173,-1.728,-11.309,1.908,-15.741L265.181,67.607c3.96,-4.829,10.524,-6.647,16.407,-4.545c5.88,2.102,9.804,7.673,9.804,13.917v257.67c0.0,8.122,-6.554,14.722,-14.676,14.781L64.2,350.942C64.164,350.941,64.127,350.941,64.092,350.941zM261.829,118.316L95.511,321.155l166.318,-1.184L261.829,118.316L261.829,118.316z"" style=""fill:#16153B;"">
  </path>
  <path d=""M276.725,350.941c-8.162,0.0,-14.781,-6.617,-14.781,-14.781V38.437c0.0,-8.163,6.619,-14.781,14.781,-14.781s14.781,6.617,14.781,14.781v297.723C291.506,344.323,284.888,350.941,276.725,350.941z"" style=""fill:#16153B;"">
  </path>
 </g>
</svg>


Question: What is the object in the image?",Car,Airplane,House,Boat,D,land_crafts
56,"Examine the following SVG code carefully and answer the question based on your interpretation of the rendered image.

<svg id=""Layer_1"" style=""enable-background:new 0 0 512 512;"" version=""1.1"" viewbox=""0 0 512 512"" x=""0px"" xml:space=""preserve"" y=""0px"">
 <circle cx=""258.878"" cy=""258.998"" r=""256"" style=""fill:#4AB8A1;"">
 </circle>
 <g>
  <path d=""M108.686,514.498c-1.132,0.0,-2.28,-0.244,-3.372,-0.752c-4.004,-1.868,-5.74,-6.624,-3.876,-10.628l78.0,-167.5c1.864,-4.004,6.624,-5.752,10.628,-3.88c4.004,1.868,5.74,6.624,3.876,10.628l-78.0,167.5C114.586,512.786,111.698,514.498,108.686,514.498z"" style=""fill:#242424;"">
  </path>
  <path d=""M410.694,514.498c-2.988,0.0,-5.852,-1.68,-7.224,-4.556l-80.0,-167.5c-1.908,-3.988,-0.22,-8.76,3.772,-10.672c3.984,-1.9,8.756,-0.212,10.664,3.772l80.0,167.5c1.908,3.988,0.22,8.76,-3.772,10.668C413.026,514.25,411.854,514.498,410.694,514.498z"" style=""fill:#242424;"">
  </path>
  <path d=""M334.69,362.998h-152.0c-4.416,0.0,-8.0,-3.584,-8.0,-8.0s3.584,-8.0,8.0,-8.0h152.0c4.416,0.0,8.0,3.584,8.0,8.0S339.106,362.998,334.69,362.998z"" style=""fill:#242424;"">
  </path>
  <path d=""M350.69,394.998h-184.0c-4.416,0.0,-8.0,-3.584,-8.0,-8.0s3.584,-8.0,8.0,-8.0h184.0c4.416,0.0,8.0,3.584,8.0,8.0S355.106,394.998,350.69,394.998z"" style=""fill:#242424;"">
  </path>
  <path d=""M366.69,426.998h-212.0c-4.416,0.0,-8.0,-3.584,-8.0,-8.0s3.584,-8.0,8.0,-8.0h212.0c4.416,0.0,8.0,3.584,8.0,8.0S371.106,426.998,366.69,426.998z"" style=""fill:#242424;"">
  </path>
  <path d=""M378.69,458.998h-244.0c-4.416,0.0,-8.0,-3.584,-8.0,-8.0s3.584,-8.0,8.0,-8.0h244.0c4.416,0.0,8.0,3.584,8.0,8.0S383.106,458.998,378.69,458.998z"" style=""fill:#242424;"">
  </path>
  <path d=""M394.69,494.998h-268.0c-4.416,0.0,-8.0,-3.584,-8.0,-8.0s3.584,-8.0,8.0,-8.0h268.0c4.416,0.0,8.0,3.584,8.0,8.0S399.106,494.998,394.69,494.998z"" style=""fill:#242424;"">
  </path>
 </g>
 <path d=""M150.69,198.998v80.0c0.0,56.0,64.0,92.0,108.0,92.0s108.0,-36.0,108.0,-92.0v-80.0H150.69z"" id=""SVGCleanerId_0"" style=""fill:#FFD464;"">
 </path>
 <g>
  <path d=""M150.69,198.998v80.0c0.0,56.0,64.0,92.0,108.0,92.0s108.0,-36.0,108.0,-92.0v-80.0H150.69z"" id=""SVGCleanerId_0_1_"" style=""fill:#FFD464;"">
  </path>
 </g>
 <g>
  <path d=""M318.69,82.998c-1.024,0.0,-2.048,-0.392,-2.828,-1.172L309.034,74.998H208.346l-6.828,6.828c-1.564,1.564,-4.092,1.564,-5.656,0.0s-1.564,-4.092,0.0,-5.656L205.034,66.998h107.312l9.172,9.172c1.564,1.564,1.564,4.092,0.0,5.656C320.738,82.606,319.714,82.998,318.69,82.998z"" style=""fill:#263740;"">
  </path>
  <path d=""M258.69,98.998c-2.208,0.0,-4.0,-1.792,-4.0,-4.0V70.998c0.0,-2.208,1.792,-4.0,4.0,-4.0s4.0,1.792,4.0,4.0v24.0C262.69,97.206,260.898,98.998,258.69,98.998z"" style=""fill:#263740;"">
  </path>
 </g>
 <path d=""M354.69,126.998v152.0c0.0,53.504,-58.416,88.728,-102.0,91.756c2.032,0.14,4.04,0.244,6.0,0.244c44.0,0.0,108.0,-36.0,108.0,-92.0V126.998H354.69z"" style=""fill:#F2C95F;"">
 </path>
 <path d=""M335.09,94.998h-76.4h-76.396c-17.352,0.0,-31.604,14.328,-31.604,32.0v75.16c14.952,42.56,69.028,68.84,108.0,68.84s93.048,-26.28,108.0,-68.84V126.998C366.69,109.326,352.442,94.998,335.09,94.998z"" style=""fill:#263740;"">
 </path>
 <path d=""M258.69,254.998c-33.476,0.0,-78.684,-22.772,-92.0,-55.748V126.998c0.0,-8.824,7.0,-16.0,15.604,-16.0h152.788c8.604,0.0,15.604,7.176,15.604,16.0v72.252C337.374,232.226,292.166,254.998,258.69,254.998z"" style=""fill:#F5F5F5;"">
 </path>
 <path d=""M334.69,130.998c0.0,6.6,-5.4,12.0,-12.0,12.0h-128.0c-6.6,0.0,-12.0,-5.4,-12.0,-12.0l0.0,0.0c0.0,-6.6,5.4,-12.0,12.0,-12.0h128.0C329.294,118.998,334.69,124.398,334.69,130.998L334.69,130.998z"" style=""fill:#263740;"">
 </path>
 <rect height=""4"" style=""fill:#1E2C33;"" width=""8"" x=""254.690"" y=""90.998"">
 </rect>
 <path d=""M230.69,286.998h-48.0c-7.412,0.0,-13.632,-5.132,-15.428,-12.0c-0.336,1.288,-0.572,22.608,-0.572,24.0c0.0,8.8,7.2,16.0,16.0,16.0h48.0c4.4,0.0,8.0,-3.6,8.0,-8.0v-12.0C238.69,290.598,235.09,286.998,230.69,286.998z"" style=""fill:#263740;"">
 </path>
 <path d=""M182.69,306.998c-4.412,0.0,-8.0,-3.584,-8.0,-8.0c0.0,-0.712,0.02,-2.764,0.056,-5.364c2.5,0.888,5.18,1.364,7.944,1.364h48.0v12.0H182.69z"" style=""fill:#F5F5F5;"">
 </path>
 <path d=""M286.69,286.998h48.0c7.416,0.0,13.632,-5.132,15.428,-12.0c0.336,1.288,0.572,22.608,0.572,24.0c0.0,8.8,-7.2,16.0,-16.0,16.0h-48.0c-4.4,0.0,-8.0,-3.6,-8.0,-8.0v-12.0C278.69,290.598,282.294,286.998,286.69,286.998z"" style=""fill:#263740;"">
 </path>
 <path d=""M334.69,306.998c4.416,0.0,8.0,-3.584,8.0,-8.0c0.0,-0.712,-0.02,-2.764,-0.056,-5.364c-2.5,0.884,-5.176,1.364,-7.944,1.364h-48.0v12.0H334.69z"" style=""fill:#F5F5F5;"">
 </path>
</svg>


Question: What shape is the background of the image?",Circle,Square,Triangle,Hexagon,A,land_crafts
57,"Examine the following SVG code carefully and answer the question based on your interpretation of the rendered image.

<svg id=""Layer_1"" style=""enable-background:new 0 0 512 512;"" version=""1.1"" viewbox=""0 0 512 512"" x=""0px"" xml:space=""preserve"" y=""0px"">
 <circle cx=""258.878"" cy=""258.998"" r=""256"" style=""fill:#4AB8A1;"">
 </circle>
 <g>
  <path d=""M108.686,514.498c-1.132,0.0,-2.28,-0.244,-3.372,-0.752c-4.004,-1.868,-5.74,-6.624,-3.876,-10.628l78.0,-167.5c1.864,-4.004,6.624,-5.752,10.628,-3.88c4.004,1.868,5.74,6.624,3.876,10.628l-78.0,167.5C114.586,512.786,111.698,514.498,108.686,514.498z"" style=""fill:#242424;"">
  </path>
  <path d=""M410.694,514.498c-2.988,0.0,-5.852,-1.68,-7.224,-4.556l-80.0,-167.5c-1.908,-3.988,-0.22,-8.76,3.772,-10.672c3.984,-1.9,8.756,-0.212,10.664,3.772l80.0,167.5c1.908,3.988,0.22,8.76,-3.772,10.668C413.026,514.25,411.854,514.498,410.694,514.498z"" style=""fill:#242424;"">
  </path>
  <path d=""M334.69,362.998h-152.0c-4.416,0.0,-8.0,-3.584,-8.0,-8.0s3.584,-8.0,8.0,-8.0h152.0c4.416,0.0,8.0,3.584,8.0,8.0S339.106,362.998,334.69,362.998z"" style=""fill:#242424;"">
  </path>
  <path d=""M350.69,394.998h-184.0c-4.416,0.0,-8.0,-3.584,-8.0,-8.0s3.584,-8.0,8.0,-8.0h184.0c4.416,0.0,8.0,3.584,8.0,8.0S355.106,394.998,350.69,394.998z"" style=""fill:#242424;"">
  </path>
  <path d=""M366.69,426.998h-212.0c-4.416,0.0,-8.0,-3.584,-8.0,-8.0s3.584,-8.0,8.0,-8.0h212.0c4.416,0.0,8.0,3.584,8.0,8.0S371.106,426.998,366.69,426.998z"" style=""fill:#242424;"">
  </path>
  <path d=""M378.69,458.998h-244.0c-4.416,0.0,-8.0,-3.584,-8.0,-8.0s3.584,-8.0,8.0,-8.0h244.0c4.416,0.0,8.0,3.584,8.0,8.0S383.106,458.998,378.69,458.998z"" style=""fill:#242424;"">
  </path>
  <path d=""M394.69,494.998h-268.0c-4.416,0.0,-8.0,-3.584,-8.0,-8.0s3.584,-8.0,8.0,-8.0h268.0c4.416,0.0,8.0,3.584,8.0,8.0S399.106,494.998,394.69,494.998z"" style=""fill:#242424;"">
  </path>
 </g>
 <path d=""M150.69,198.998v80.0c0.0,56.0,64.0,92.0,108.0,92.0s108.0,-36.0,108.0,-92.0v-80.0H150.69z"" id=""SVGCleanerId_0"" style=""fill:#FFD464;"">
 </path>
 <g>
  <path d=""M150.69,198.998v80.0c0.0,56.0,64.0,92.0,108.0,92.0s108.0,-36.0,108.0,-92.0v-80.0H150.69z"" id=""SVGCleanerId_0_1_"" style=""fill:#FFD464;"">
  </path>
 </g>
 <g>
  <path d=""M318.69,82.998c-1.024,0.0,-2.048,-0.392,-2.828,-1.172L309.034,74.998H208.346l-6.828,6.828c-1.564,1.564,-4.092,1.564,-5.656,0.0s-1.564,-4.092,0.0,-5.656L205.034,66.998h107.312l9.172,9.172c1.564,1.564,1.564,4.092,0.0,5.656C320.738,82.606,319.714,82.998,318.69,82.998z"" style=""fill:#263740;"">
  </path>
  <path d=""M258.69,98.998c-2.208,0.0,-4.0,-1.792,-4.0,-4.0V70.998c0.0,-2.208,1.792,-4.0,4.0,-4.0s4.0,1.792,4.0,4.0v24.0C262.69,97.206,260.898,98.998,258.69,98.998z"" style=""fill:#263740;"">
  </path>
 </g>
 <path d=""M354.69,126.998v152.0c0.0,53.504,-58.416,88.728,-102.0,91.756c2.032,0.14,4.04,0.244,6.0,0.244c44.0,0.0,108.0,-36.0,108.0,-92.0V126.998H354.69z"" style=""fill:#F2C95F;"">
 </path>
 <path d=""M335.09,94.998h-76.4h-76.396c-17.352,0.0,-31.604,14.328,-31.604,32.0v75.16c14.952,42.56,69.028,68.84,108.0,68.84s93.048,-26.28,108.0,-68.84V126.998C366.69,109.326,352.442,94.998,335.09,94.998z"" style=""fill:#263740;"">
 </path>
 <path d=""M258.69,254.998c-33.476,0.0,-78.684,-22.772,-92.0,-55.748V126.998c0.0,-8.824,7.0,-16.0,15.604,-16.0h152.788c8.604,0.0,15.604,7.176,15.604,16.0v72.252C337.374,232.226,292.166,254.998,258.69,254.998z"" style=""fill:#F5F5F5;"">
 </path>
 <path d=""M334.69,130.998c0.0,6.6,-5.4,12.0,-12.0,12.0h-128.0c-6.6,0.0,-12.0,-5.4,-12.0,-12.0l0.0,0.0c0.0,-6.6,5.4,-12.0,12.0,-12.0h128.0C329.294,118.998,334.69,124.398,334.69,130.998L334.69,130.998z"" style=""fill:#263740;"">
 </path>
 <rect height=""4"" style=""fill:#1E2C33;"" width=""8"" x=""254.690"" y=""90.998"">
 </rect>
 <path d=""M230.69,286.998h-48.0c-7.412,0.0,-13.632,-5.132,-15.428,-12.0c-0.336,1.288,-0.572,22.608,-0.572,24.0c0.0,8.8,7.2,16.0,16.0,16.0h48.0c4.4,0.0,8.0,-3.6,8.0,-8.0v-12.0C238.69,290.598,235.09,286.998,230.69,286.998z"" style=""fill:#263740;"">
 </path>
 <path d=""M182.69,306.998c-4.412,0.0,-8.0,-3.584,-8.0,-8.0c0.0,-0.712,0.02,-2.764,0.056,-5.364c2.5,0.888,5.18,1.364,7.944,1.364h48.0v12.0H182.69z"" style=""fill:#F5F5F5;"">
 </path>
 <path d=""M286.69,286.998h48.0c7.416,0.0,13.632,-5.132,15.428,-12.0c0.336,1.288,0.572,22.608,0.572,24.0c0.0,8.8,-7.2,16.0,-16.0,16.0h-48.0c-4.4,0.0,-8.0,-3.6,-8.0,-8.0v-12.0C278.69,290.598,282.294,286.998,286.69,286.998z"" style=""fill:#263740;"">
 </path>
 <path d=""M334.69,306.998c4.416,0.0,8.0,-3.584,8.0,-8.0c0.0,-0.712,-0.02,-2.764,-0.056,-5.364c-2.5,0.884,-5.176,1.364,-7.944,1.364h-48.0v12.0H334.69z"" style=""fill:#F5F5F5;"">
 </path>
</svg>


Question: What color is the front of the train?",Red,Blue,Yellow,Green,C,land_crafts
58,"Examine the following SVG code carefully and answer the question based on your interpretation of the rendered image.

<svg id=""Layer_1"" style=""enable-background:new 0 0 512 512;"" version=""1.1"" viewbox=""0 0 512 512"" x=""0px"" xml:space=""preserve"" y=""0px"">
 <circle cx=""258.878"" cy=""258.998"" r=""256"" style=""fill:#4AB8A1;"">
 </circle>
 <g>
  <path d=""M108.686,514.498c-1.132,0.0,-2.28,-0.244,-3.372,-0.752c-4.004,-1.868,-5.74,-6.624,-3.876,-10.628l78.0,-167.5c1.864,-4.004,6.624,-5.752,10.628,-3.88c4.004,1.868,5.74,6.624,3.876,10.628l-78.0,167.5C114.586,512.786,111.698,514.498,108.686,514.498z"" style=""fill:#242424;"">
  </path>
  <path d=""M410.694,514.498c-2.988,0.0,-5.852,-1.68,-7.224,-4.556l-80.0,-167.5c-1.908,-3.988,-0.22,-8.76,3.772,-10.672c3.984,-1.9,8.756,-0.212,10.664,3.772l80.0,167.5c1.908,3.988,0.22,8.76,-3.772,10.668C413.026,514.25,411.854,514.498,410.694,514.498z"" style=""fill:#242424;"">
  </path>
  <path d=""M334.69,362.998h-152.0c-4.416,0.0,-8.0,-3.584,-8.0,-8.0s3.584,-8.0,8.0,-8.0h152.0c4.416,0.0,8.0,3.584,8.0,8.0S339.106,362.998,334.69,362.998z"" style=""fill:#242424;"">
  </path>
  <path d=""M350.69,394.998h-184.0c-4.416,0.0,-8.0,-3.584,-8.0,-8.0s3.584,-8.0,8.0,-8.0h184.0c4.416,0.0,8.0,3.584,8.0,8.0S355.106,394.998,350.69,394.998z"" style=""fill:#242424;"">
  </path>
  <path d=""M366.69,426.998h-212.0c-4.416,0.0,-8.0,-3.584,-8.0,-8.0s3.584,-8.0,8.0,-8.0h212.0c4.416,0.0,8.0,3.584,8.0,8.0S371.106,426.998,366.69,426.998z"" style=""fill:#242424;"">
  </path>
  <path d=""M378.69,458.998h-244.0c-4.416,0.0,-8.0,-3.584,-8.0,-8.0s3.584,-8.0,8.0,-8.0h244.0c4.416,0.0,8.0,3.584,8.0,8.0S383.106,458.998,378.69,458.998z"" style=""fill:#242424;"">
  </path>
  <path d=""M394.69,494.998h-268.0c-4.416,0.0,-8.0,-3.584,-8.0,-8.0s3.584,-8.0,8.0,-8.0h268.0c4.416,0.0,8.0,3.584,8.0,8.0S399.106,494.998,394.69,494.998z"" style=""fill:#242424;"">
  </path>
 </g>
 <path d=""M150.69,198.998v80.0c0.0,56.0,64.0,92.0,108.0,92.0s108.0,-36.0,108.0,-92.0v-80.0H150.69z"" id=""SVGCleanerId_0"" style=""fill:#FFD464;"">
 </path>
 <g>
  <path d=""M150.69,198.998v80.0c0.0,56.0,64.0,92.0,108.0,92.0s108.0,-36.0,108.0,-92.0v-80.0H150.69z"" id=""SVGCleanerId_0_1_"" style=""fill:#FFD464;"">
  </path>
 </g>
 <g>
  <path d=""M318.69,82.998c-1.024,0.0,-2.048,-0.392,-2.828,-1.172L309.034,74.998H208.346l-6.828,6.828c-1.564,1.564,-4.092,1.564,-5.656,0.0s-1.564,-4.092,0.0,-5.656L205.034,66.998h107.312l9.172,9.172c1.564,1.564,1.564,4.092,0.0,5.656C320.738,82.606,319.714,82.998,318.69,82.998z"" style=""fill:#263740;"">
  </path>
  <path d=""M258.69,98.998c-2.208,0.0,-4.0,-1.792,-4.0,-4.0V70.998c0.0,-2.208,1.792,-4.0,4.0,-4.0s4.0,1.792,4.0,4.0v24.0C262.69,97.206,260.898,98.998,258.69,98.998z"" style=""fill:#263740;"">
  </path>
 </g>
 <path d=""M354.69,126.998v152.0c0.0,53.504,-58.416,88.728,-102.0,91.756c2.032,0.14,4.04,0.244,6.0,0.244c44.0,0.0,108.0,-36.0,108.0,-92.0V126.998H354.69z"" style=""fill:#F2C95F;"">
 </path>
 <path d=""M335.09,94.998h-76.4h-76.396c-17.352,0.0,-31.604,14.328,-31.604,32.0v75.16c14.952,42.56,69.028,68.84,108.0,68.84s93.048,-26.28,108.0,-68.84V126.998C366.69,109.326,352.442,94.998,335.09,94.998z"" style=""fill:#263740;"">
 </path>
 <path d=""M258.69,254.998c-33.476,0.0,-78.684,-22.772,-92.0,-55.748V126.998c0.0,-8.824,7.0,-16.0,15.604,-16.0h152.788c8.604,0.0,15.604,7.176,15.604,16.0v72.252C337.374,232.226,292.166,254.998,258.69,254.998z"" style=""fill:#F5F5F5;"">
 </path>
 <path d=""M334.69,130.998c0.0,6.6,-5.4,12.0,-12.0,12.0h-128.0c-6.6,0.0,-12.0,-5.4,-12.0,-12.0l0.0,0.0c0.0,-6.6,5.4,-12.0,12.0,-12.0h128.0C329.294,118.998,334.69,124.398,334.69,130.998L334.69,130.998z"" style=""fill:#263740;"">
 </path>
 <rect height=""4"" style=""fill:#1E2C33;"" width=""8"" x=""254.690"" y=""90.998"">
 </rect>
 <path d=""M230.69,286.998h-48.0c-7.412,0.0,-13.632,-5.132,-15.428,-12.0c-0.336,1.288,-0.572,22.608,-0.572,24.0c0.0,8.8,7.2,16.0,16.0,16.0h48.0c4.4,0.0,8.0,-3.6,8.0,-8.0v-12.0C238.69,290.598,235.09,286.998,230.69,286.998z"" style=""fill:#263740;"">
 </path>
 <path d=""M182.69,306.998c-4.412,0.0,-8.0,-3.584,-8.0,-8.0c0.0,-0.712,0.02,-2.764,0.056,-5.364c2.5,0.888,5.18,1.364,7.944,1.364h48.0v12.0H182.69z"" style=""fill:#F5F5F5;"">
 </path>
 <path d=""M286.69,286.998h48.0c7.416,0.0,13.632,-5.132,15.428,-12.0c0.336,1.288,0.572,22.608,0.572,24.0c0.0,8.8,-7.2,16.0,-16.0,16.0h-48.0c-4.4,0.0,-8.0,-3.6,-8.0,-8.0v-12.0C278.69,290.598,282.294,286.998,286.69,286.998z"" style=""fill:#263740;"">
 </path>
 <path d=""M334.69,306.998c4.416,0.0,8.0,-3.584,8.0,-8.0c0.0,-0.712,-0.02,-2.764,-0.056,-5.364c-2.5,0.884,-5.176,1.364,-7.944,1.364h-48.0v12.0H334.69z"" style=""fill:#F5F5F5;"">
 </path>
</svg>


Question: How many tracks are visible in the image?",Two,Three,Four,Five,D,land_crafts
59,"Examine the following SVG code carefully and answer the question based on your interpretation of the rendered image.

<svg id=""Layer_1"" style=""enable-background:new 0 0 512 512;"" version=""1.1"" viewbox=""0 0 512 512"" x=""0px"" xml:space=""preserve"" y=""0px"">
 <circle cx=""258.878"" cy=""258.998"" r=""256"" style=""fill:#4AB8A1;"">
 </circle>
 <g>
  <path d=""M108.686,514.498c-1.132,0.0,-2.28,-0.244,-3.372,-0.752c-4.004,-1.868,-5.74,-6.624,-3.876,-10.628l78.0,-167.5c1.864,-4.004,6.624,-5.752,10.628,-3.88c4.004,1.868,5.74,6.624,3.876,10.628l-78.0,167.5C114.586,512.786,111.698,514.498,108.686,514.498z"" style=""fill:#242424;"">
  </path>
  <path d=""M410.694,514.498c-2.988,0.0,-5.852,-1.68,-7.224,-4.556l-80.0,-167.5c-1.908,-3.988,-0.22,-8.76,3.772,-10.672c3.984,-1.9,8.756,-0.212,10.664,3.772l80.0,167.5c1.908,3.988,0.22,8.76,-3.772,10.668C413.026,514.25,411.854,514.498,410.694,514.498z"" style=""fill:#242424;"">
  </path>
  <path d=""M334.69,362.998h-152.0c-4.416,0.0,-8.0,-3.584,-8.0,-8.0s3.584,-8.0,8.0,-8.0h152.0c4.416,0.0,8.0,3.584,8.0,8.0S339.106,362.998,334.69,362.998z"" style=""fill:#242424;"">
  </path>
  <path d=""M350.69,394.998h-184.0c-4.416,0.0,-8.0,-3.584,-8.0,-8.0s3.584,-8.0,8.0,-8.0h184.0c4.416,0.0,8.0,3.584,8.0,8.0S355.106,394.998,350.69,394.998z"" style=""fill:#242424;"">
  </path>
  <path d=""M366.69,426.998h-212.0c-4.416,0.0,-8.0,-3.584,-8.0,-8.0s3.584,-8.0,8.0,-8.0h212.0c4.416,0.0,8.0,3.584,8.0,8.0S371.106,426.998,366.69,426.998z"" style=""fill:#242424;"">
  </path>
  <path d=""M378.69,458.998h-244.0c-4.416,0.0,-8.0,-3.584,-8.0,-8.0s3.584,-8.0,8.0,-8.0h244.0c4.416,0.0,8.0,3.584,8.0,8.0S383.106,458.998,378.69,458.998z"" style=""fill:#242424;"">
  </path>
  <path d=""M394.69,494.998h-268.0c-4.416,0.0,-8.0,-3.584,-8.0,-8.0s3.584,-8.0,8.0,-8.0h268.0c4.416,0.0,8.0,3.584,8.0,8.0S399.106,494.998,394.69,494.998z"" style=""fill:#242424;"">
  </path>
 </g>
 <path d=""M150.69,198.998v80.0c0.0,56.0,64.0,92.0,108.0,92.0s108.0,-36.0,108.0,-92.0v-80.0H150.69z"" id=""SVGCleanerId_0"" style=""fill:#FFD464;"">
 </path>
 <g>
  <path d=""M150.69,198.998v80.0c0.0,56.0,64.0,92.0,108.0,92.0s108.0,-36.0,108.0,-92.0v-80.0H150.69z"" id=""SVGCleanerId_0_1_"" style=""fill:#FFD464;"">
  </path>
 </g>
 <g>
  <path d=""M318.69,82.998c-1.024,0.0,-2.048,-0.392,-2.828,-1.172L309.034,74.998H208.346l-6.828,6.828c-1.564,1.564,-4.092,1.564,-5.656,0.0s-1.564,-4.092,0.0,-5.656L205.034,66.998h107.312l9.172,9.172c1.564,1.564,1.564,4.092,0.0,5.656C320.738,82.606,319.714,82.998,318.69,82.998z"" style=""fill:#263740;"">
  </path>
  <path d=""M258.69,98.998c-2.208,0.0,-4.0,-1.792,-4.0,-4.0V70.998c0.0,-2.208,1.792,-4.0,4.0,-4.0s4.0,1.792,4.0,4.0v24.0C262.69,97.206,260.898,98.998,258.69,98.998z"" style=""fill:#263740;"">
  </path>
 </g>
 <path d=""M354.69,126.998v152.0c0.0,53.504,-58.416,88.728,-102.0,91.756c2.032,0.14,4.04,0.244,6.0,0.244c44.0,0.0,108.0,-36.0,108.0,-92.0V126.998H354.69z"" style=""fill:#F2C95F;"">
 </path>
 <path d=""M335.09,94.998h-76.4h-76.396c-17.352,0.0,-31.604,14.328,-31.604,32.0v75.16c14.952,42.56,69.028,68.84,108.0,68.84s93.048,-26.28,108.0,-68.84V126.998C366.69,109.326,352.442,94.998,335.09,94.998z"" style=""fill:#263740;"">
 </path>
 <path d=""M258.69,254.998c-33.476,0.0,-78.684,-22.772,-92.0,-55.748V126.998c0.0,-8.824,7.0,-16.0,15.604,-16.0h152.788c8.604,0.0,15.604,7.176,15.604,16.0v72.252C337.374,232.226,292.166,254.998,258.69,254.998z"" style=""fill:#F5F5F5;"">
 </path>
 <path d=""M334.69,130.998c0.0,6.6,-5.4,12.0,-12.0,12.0h-128.0c-6.6,0.0,-12.0,-5.4,-12.0,-12.0l0.0,0.0c0.0,-6.6,5.4,-12.0,12.0,-12.0h128.0C329.294,118.998,334.69,124.398,334.69,130.998L334.69,130.998z"" style=""fill:#263740;"">
 </path>
 <rect height=""4"" style=""fill:#1E2C33;"" width=""8"" x=""254.690"" y=""90.998"">
 </rect>
 <path d=""M230.69,286.998h-48.0c-7.412,0.0,-13.632,-5.132,-15.428,-12.0c-0.336,1.288,-0.572,22.608,-0.572,24.0c0.0,8.8,7.2,16.0,16.0,16.0h48.0c4.4,0.0,8.0,-3.6,8.0,-8.0v-12.0C238.69,290.598,235.09,286.998,230.69,286.998z"" style=""fill:#263740;"">
 </path>
 <path d=""M182.69,306.998c-4.412,0.0,-8.0,-3.584,-8.0,-8.0c0.0,-0.712,0.02,-2.764,0.056,-5.364c2.5,0.888,5.18,1.364,7.944,1.364h48.0v12.0H182.69z"" style=""fill:#F5F5F5;"">
 </path>
 <path d=""M286.69,286.998h48.0c7.416,0.0,13.632,-5.132,15.428,-12.0c0.336,1.288,0.572,22.608,0.572,24.0c0.0,8.8,-7.2,16.0,-16.0,16.0h-48.0c-4.4,0.0,-8.0,-3.6,-8.0,-8.0v-12.0C278.69,290.598,282.294,286.998,286.69,286.998z"" style=""fill:#263740;"">
 </path>
 <path d=""M334.69,306.998c4.416,0.0,8.0,-3.584,8.0,-8.0c0.0,-0.712,-0.02,-2.764,-0.056,-5.364c-2.5,0.884,-5.176,1.364,-7.944,1.364h-48.0v12.0H334.69z"" style=""fill:#F5F5F5;"">
 </path>
</svg>


Question: What is the object in the image?",Car,Airplane,Train,Boat,C,land_crafts
76,"Examine the following SVG code carefully and answer the question based on your interpretation of the rendered image.

<svg id=""Layer_1"" style=""enable-background:new 0 0 496.158 496.158;"" version=""1.1"" viewbox=""0 0 496.158 496.158"" x=""0px"" xml:space=""preserve"" y=""0px"">
 <path d=""M251.207,4.43C114.195,4.43,3.125,115.49,3.125,252.513c0.0,137.0,111.07,248.07,248.082,248.07c137.006,0.0,248.076,-111.07,248.076,-248.07C499.283,115.49,388.213,4.43,251.207,4.43z"" style=""fill:#4ABC96;"">
 </path>
 <circle cx=""381.604"" cy=""355.987"" r=""35.37"" style=""fill:#353432;"">
 </circle>
 <polygon points=""165.402,86.196 113.291,91.924 113.276,100.830 163.072,95.099 228.648,101.427 228.664,92.522"" style=""fill:#D8D8D8;"">
 </polygon>
 <polygon points=""165.402,90.545 113.291,96.272 113.276,100.830 163.072,95.099 228.648,101.427 228.664,96.870"" style=""fill:#C6C5C4;"">
 </polygon>
 <path d=""M121.808,96.153c-0.884,-6.467,-5.077,-11.07,-9.661,-10.44c-4.532,0.621,-7.388,6.179,-6.503,12.653c0.834,6.081,4.553,10.495,8.845,10.495c0.271,0.0,0.544,-0.018,0.818,-0.055C119.839,108.184,122.693,102.626,121.808,96.153z"" style=""fill:#282827;"">
 </path>
 <g>
  <path d=""M143.162,97.704c0.0,0.0,-3.748,-1.126,-4.186,-4.476c-0.431,-3.294,3.059,-4.516,3.059,-4.516c-0.19,-1.272,-1.685,-2.633,-2.945,-2.441l-24.101,3.61c-0.487,-0.121,-0.993,-0.158,-1.508,-0.088c-2.931,0.402,-4.775,3.995,-4.203,8.181c0.538,3.932,2.942,6.785,5.717,6.785c0.177,0.0,0.354,-0.012,0.53,-0.035c0.699,-0.096,1.335,-0.379,1.893,-0.803l23.785,-3.566c0.611,-0.091,1.16,-0.423,1.529,-0.919C143.1,98.938,143.255,98.315,143.162,97.704z"" style=""fill:#353432;"">
  </path>
  <path d=""M236.053,93.016l-38.029,-5.228c-0.61,-0.082,-1.232,0.083,-1.724,0.459c-0.491,0.375,-2.028,2.085,-2.624,5.128c-0.729,3.715,1.321,7.405,2.598,7.574l38.03,5.228c0.104,0.013,0.205,0.021,0.308,0.021c0.508,0.0,1.008,-0.167,1.417,-0.48c0.49,-0.375,0.813,-0.931,0.894,-1.544l1.135,-8.54C238.225,94.356,237.329,93.185,236.053,93.016z"" style=""fill:#353432;"">
  </path>
 </g>
 <circle cx=""381.764"" cy=""355.987"" r=""19.06"" style=""fill:#EA4949;"">
 </circle>
 <circle cx=""120.804"" cy=""355.987"" r=""35.37"" style=""fill:#353432;"">
 </circle>
 <circle cx=""120.804"" cy=""355.987"" r=""19.06"" style=""fill:#EA4949;"">
 </circle>
 <polygon points=""163.072,95.099 115.623,357.045 124.409,358.492 171.995,94.927"" style=""fill:#D8D8D8;"">
 </polygon>
 <polygon points=""163.072,95.099 115.623,357.045 119.941,358.298 167.528,94.734"" style=""fill:#EDEDED;"">
 </polygon>
 <g>
  <circle cx=""120.804"" cy=""355.987"" r=""9.152"" style=""fill:#D8D8D8;"">
  </circle>
  <polygon points=""383.349,351.961 331.551,351.791 331.260,361.113 383.664,360.859"" style=""fill:#D8D8D8;"">
  </polygon>
  <circle cx=""381.604"" cy=""355.987"" r=""9.152"" style=""fill:#D8D8D8;"">
  </circle>
 </g>
 <path d=""M244.331,94.585c-1.334,-2.642,-3.525,-4.505,-6.169,-5.243c-0.8,-0.225,-1.621,-0.337,-2.442,-0.337c-4.663,0.0,-8.789,3.547,-10.03,8.627c-1.484,6.08,1.696,12.254,7.09,13.765c0.799,0.224,1.621,0.336,2.443,0.336c4.664,0.0,8.789,-3.547,10.028,-8.626C245.963,100.192,245.637,97.165,244.331,94.585z"" style=""fill:#282827;"">
 </path>
 <g>
  <polygon points=""351.780,310.552 325.478,341.635 340.000,349.363 359.618,319.841 393.413,315.957 393.413,305.428"" style=""fill:#353432;"">
  </polygon>
  <rect height=""24.723"" style=""fill:#353432;"" width=""167.42"" x=""173.164"" y=""339.267"">
  </rect>
  <polygon points=""142.472,256.912 135.375,297.352 173.160,363.985 193.183,352.483"" style=""fill:#353432;"">
  </polygon>
 </g>
</svg>


Question: What is the color of the handlebar grips?",Red,Black,White,Green,B,land_crafts
77,"Examine the following SVG code carefully and answer the question based on your interpretation of the rendered image.

<svg id=""Layer_1"" style=""enable-background:new 0 0 496.158 496.158;"" version=""1.1"" viewbox=""0 0 496.158 496.158"" x=""0px"" xml:space=""preserve"" y=""0px"">
 <path d=""M251.207,4.43C114.195,4.43,3.125,115.49,3.125,252.513c0.0,137.0,111.07,248.07,248.082,248.07c137.006,0.0,248.076,-111.07,248.076,-248.07C499.283,115.49,388.213,4.43,251.207,4.43z"" style=""fill:#4ABC96;"">
 </path>
 <circle cx=""381.604"" cy=""355.987"" r=""35.37"" style=""fill:#353432;"">
 </circle>
 <polygon points=""165.402,86.196 113.291,91.924 113.276,100.830 163.072,95.099 228.648,101.427 228.664,92.522"" style=""fill:#D8D8D8;"">
 </polygon>
 <polygon points=""165.402,90.545 113.291,96.272 113.276,100.830 163.072,95.099 228.648,101.427 228.664,96.870"" style=""fill:#C6C5C4;"">
 </polygon>
 <path d=""M121.808,96.153c-0.884,-6.467,-5.077,-11.07,-9.661,-10.44c-4.532,0.621,-7.388,6.179,-6.503,12.653c0.834,6.081,4.553,10.495,8.845,10.495c0.271,0.0,0.544,-0.018,0.818,-0.055C119.839,108.184,122.693,102.626,121.808,96.153z"" style=""fill:#282827;"">
 </path>
 <g>
  <path d=""M143.162,97.704c0.0,0.0,-3.748,-1.126,-4.186,-4.476c-0.431,-3.294,3.059,-4.516,3.059,-4.516c-0.19,-1.272,-1.685,-2.633,-2.945,-2.441l-24.101,3.61c-0.487,-0.121,-0.993,-0.158,-1.508,-0.088c-2.931,0.402,-4.775,3.995,-4.203,8.181c0.538,3.932,2.942,6.785,5.717,6.785c0.177,0.0,0.354,-0.012,0.53,-0.035c0.699,-0.096,1.335,-0.379,1.893,-0.803l23.785,-3.566c0.611,-0.091,1.16,-0.423,1.529,-0.919C143.1,98.938,143.255,98.315,143.162,97.704z"" style=""fill:#353432;"">
  </path>
  <path d=""M236.053,93.016l-38.029,-5.228c-0.61,-0.082,-1.232,0.083,-1.724,0.459c-0.491,0.375,-2.028,2.085,-2.624,5.128c-0.729,3.715,1.321,7.405,2.598,7.574l38.03,5.228c0.104,0.013,0.205,0.021,0.308,0.021c0.508,0.0,1.008,-0.167,1.417,-0.48c0.49,-0.375,0.813,-0.931,0.894,-1.544l1.135,-8.54C238.225,94.356,237.329,93.185,236.053,93.016z"" style=""fill:#353432;"">
  </path>
 </g>
 <circle cx=""381.764"" cy=""355.987"" r=""19.06"" style=""fill:#EA4949;"">
 </circle>
 <circle cx=""120.804"" cy=""355.987"" r=""35.37"" style=""fill:#353432;"">
 </circle>
 <circle cx=""120.804"" cy=""355.987"" r=""19.06"" style=""fill:#EA4949;"">
 </circle>
 <polygon points=""163.072,95.099 115.623,357.045 124.409,358.492 171.995,94.927"" style=""fill:#D8D8D8;"">
 </polygon>
 <polygon points=""163.072,95.099 115.623,357.045 119.941,358.298 167.528,94.734"" style=""fill:#EDEDED;"">
 </polygon>
 <g>
  <circle cx=""120.804"" cy=""355.987"" r=""9.152"" style=""fill:#D8D8D8;"">
  </circle>
  <polygon points=""383.349,351.961 331.551,351.791 331.260,361.113 383.664,360.859"" style=""fill:#D8D8D8;"">
  </polygon>
  <circle cx=""381.604"" cy=""355.987"" r=""9.152"" style=""fill:#D8D8D8;"">
  </circle>
 </g>
 <path d=""M244.331,94.585c-1.334,-2.642,-3.525,-4.505,-6.169,-5.243c-0.8,-0.225,-1.621,-0.337,-2.442,-0.337c-4.663,0.0,-8.789,3.547,-10.03,8.627c-1.484,6.08,1.696,12.254,7.09,13.765c0.799,0.224,1.621,0.336,2.443,0.336c4.664,0.0,8.789,-3.547,10.028,-8.626C245.963,100.192,245.637,97.165,244.331,94.585z"" style=""fill:#282827;"">
 </path>
 <g>
  <polygon points=""351.780,310.552 325.478,341.635 340.000,349.363 359.618,319.841 393.413,315.957 393.413,305.428"" style=""fill:#353432;"">
  </polygon>
  <rect height=""24.723"" style=""fill:#353432;"" width=""167.42"" x=""173.164"" y=""339.267"">
  </rect>
  <polygon points=""142.472,256.912 135.375,297.352 173.160,363.985 193.183,352.483"" style=""fill:#353432;"">
  </polygon>
 </g>
</svg>


Question: How many wheels does the object have?",One,Two,Three,Four,B,land_crafts
78,"Examine the following SVG code carefully and answer the question based on your interpretation of the rendered image.

<svg id=""Layer_1"" style=""enable-background:new 0 0 496.158 496.158;"" version=""1.1"" viewbox=""0 0 496.158 496.158"" x=""0px"" xml:space=""preserve"" y=""0px"">
 <path d=""M251.207,4.43C114.195,4.43,3.125,115.49,3.125,252.513c0.0,137.0,111.07,248.07,248.082,248.07c137.006,0.0,248.076,-111.07,248.076,-248.07C499.283,115.49,388.213,4.43,251.207,4.43z"" style=""fill:#4ABC96;"">
 </path>
 <circle cx=""381.604"" cy=""355.987"" r=""35.37"" style=""fill:#353432;"">
 </circle>
 <polygon points=""165.402,86.196 113.291,91.924 113.276,100.830 163.072,95.099 228.648,101.427 228.664,92.522"" style=""fill:#D8D8D8;"">
 </polygon>
 <polygon points=""165.402,90.545 113.291,96.272 113.276,100.830 163.072,95.099 228.648,101.427 228.664,96.870"" style=""fill:#C6C5C4;"">
 </polygon>
 <path d=""M121.808,96.153c-0.884,-6.467,-5.077,-11.07,-9.661,-10.44c-4.532,0.621,-7.388,6.179,-6.503,12.653c0.834,6.081,4.553,10.495,8.845,10.495c0.271,0.0,0.544,-0.018,0.818,-0.055C119.839,108.184,122.693,102.626,121.808,96.153z"" style=""fill:#282827;"">
 </path>
 <g>
  <path d=""M143.162,97.704c0.0,0.0,-3.748,-1.126,-4.186,-4.476c-0.431,-3.294,3.059,-4.516,3.059,-4.516c-0.19,-1.272,-1.685,-2.633,-2.945,-2.441l-24.101,3.61c-0.487,-0.121,-0.993,-0.158,-1.508,-0.088c-2.931,0.402,-4.775,3.995,-4.203,8.181c0.538,3.932,2.942,6.785,5.717,6.785c0.177,0.0,0.354,-0.012,0.53,-0.035c0.699,-0.096,1.335,-0.379,1.893,-0.803l23.785,-3.566c0.611,-0.091,1.16,-0.423,1.529,-0.919C143.1,98.938,143.255,98.315,143.162,97.704z"" style=""fill:#353432;"">
  </path>
  <path d=""M236.053,93.016l-38.029,-5.228c-0.61,-0.082,-1.232,0.083,-1.724,0.459c-0.491,0.375,-2.028,2.085,-2.624,5.128c-0.729,3.715,1.321,7.405,2.598,7.574l38.03,5.228c0.104,0.013,0.205,0.021,0.308,0.021c0.508,0.0,1.008,-0.167,1.417,-0.48c0.49,-0.375,0.813,-0.931,0.894,-1.544l1.135,-8.54C238.225,94.356,237.329,93.185,236.053,93.016z"" style=""fill:#353432;"">
  </path>
 </g>
 <circle cx=""381.764"" cy=""355.987"" r=""19.06"" style=""fill:#EA4949;"">
 </circle>
 <circle cx=""120.804"" cy=""355.987"" r=""35.37"" style=""fill:#353432;"">
 </circle>
 <circle cx=""120.804"" cy=""355.987"" r=""19.06"" style=""fill:#EA4949;"">
 </circle>
 <polygon points=""163.072,95.099 115.623,357.045 124.409,358.492 171.995,94.927"" style=""fill:#D8D8D8;"">
 </polygon>
 <polygon points=""163.072,95.099 115.623,357.045 119.941,358.298 167.528,94.734"" style=""fill:#EDEDED;"">
 </polygon>
 <g>
  <circle cx=""120.804"" cy=""355.987"" r=""9.152"" style=""fill:#D8D8D8;"">
  </circle>
  <polygon points=""383.349,351.961 331.551,351.791 331.260,361.113 383.664,360.859"" style=""fill:#D8D8D8;"">
  </polygon>
  <circle cx=""381.604"" cy=""355.987"" r=""9.152"" style=""fill:#D8D8D8;"">
  </circle>
 </g>
 <path d=""M244.331,94.585c-1.334,-2.642,-3.525,-4.505,-6.169,-5.243c-0.8,-0.225,-1.621,-0.337,-2.442,-0.337c-4.663,0.0,-8.789,3.547,-10.03,8.627c-1.484,6.08,1.696,12.254,7.09,13.765c0.799,0.224,1.621,0.336,2.443,0.336c4.664,0.0,8.789,-3.547,10.028,-8.626C245.963,100.192,245.637,97.165,244.331,94.585z"" style=""fill:#282827;"">
 </path>
 <g>
  <polygon points=""351.780,310.552 325.478,341.635 340.000,349.363 359.618,319.841 393.413,315.957 393.413,305.428"" style=""fill:#353432;"">
  </polygon>
  <rect height=""24.723"" style=""fill:#353432;"" width=""167.42"" x=""173.164"" y=""339.267"">
  </rect>
  <polygon points=""142.472,256.912 135.375,297.352 173.160,363.985 193.183,352.483"" style=""fill:#353432;"">
  </polygon>
 </g>
</svg>


Question: What shape is the background of the image?",Square,Triangle,Circle,Rectangle,C,land_crafts
79,"Examine the following SVG code carefully and answer the question based on your interpretation of the rendered image.

<svg id=""Layer_1"" style=""enable-background:new 0 0 496.158 496.158;"" version=""1.1"" viewbox=""0 0 496.158 496.158"" x=""0px"" xml:space=""preserve"" y=""0px"">
 <path d=""M251.207,4.43C114.195,4.43,3.125,115.49,3.125,252.513c0.0,137.0,111.07,248.07,248.082,248.07c137.006,0.0,248.076,-111.07,248.076,-248.07C499.283,115.49,388.213,4.43,251.207,4.43z"" style=""fill:#4ABC96;"">
 </path>
 <circle cx=""381.604"" cy=""355.987"" r=""35.37"" style=""fill:#353432;"">
 </circle>
 <polygon points=""165.402,86.196 113.291,91.924 113.276,100.830 163.072,95.099 228.648,101.427 228.664,92.522"" style=""fill:#D8D8D8;"">
 </polygon>
 <polygon points=""165.402,90.545 113.291,96.272 113.276,100.830 163.072,95.099 228.648,101.427 228.664,96.870"" style=""fill:#C6C5C4;"">
 </polygon>
 <path d=""M121.808,96.153c-0.884,-6.467,-5.077,-11.07,-9.661,-10.44c-4.532,0.621,-7.388,6.179,-6.503,12.653c0.834,6.081,4.553,10.495,8.845,10.495c0.271,0.0,0.544,-0.018,0.818,-0.055C119.839,108.184,122.693,102.626,121.808,96.153z"" style=""fill:#282827;"">
 </path>
 <g>
  <path d=""M143.162,97.704c0.0,0.0,-3.748,-1.126,-4.186,-4.476c-0.431,-3.294,3.059,-4.516,3.059,-4.516c-0.19,-1.272,-1.685,-2.633,-2.945,-2.441l-24.101,3.61c-0.487,-0.121,-0.993,-0.158,-1.508,-0.088c-2.931,0.402,-4.775,3.995,-4.203,8.181c0.538,3.932,2.942,6.785,5.717,6.785c0.177,0.0,0.354,-0.012,0.53,-0.035c0.699,-0.096,1.335,-0.379,1.893,-0.803l23.785,-3.566c0.611,-0.091,1.16,-0.423,1.529,-0.919C143.1,98.938,143.255,98.315,143.162,97.704z"" style=""fill:#353432;"">
  </path>
  <path d=""M236.053,93.016l-38.029,-5.228c-0.61,-0.082,-1.232,0.083,-1.724,0.459c-0.491,0.375,-2.028,2.085,-2.624,5.128c-0.729,3.715,1.321,7.405,2.598,7.574l38.03,5.228c0.104,0.013,0.205,0.021,0.308,0.021c0.508,0.0,1.008,-0.167,1.417,-0.48c0.49,-0.375,0.813,-0.931,0.894,-1.544l1.135,-8.54C238.225,94.356,237.329,93.185,236.053,93.016z"" style=""fill:#353432;"">
  </path>
 </g>
 <circle cx=""381.764"" cy=""355.987"" r=""19.06"" style=""fill:#EA4949;"">
 </circle>
 <circle cx=""120.804"" cy=""355.987"" r=""35.37"" style=""fill:#353432;"">
 </circle>
 <circle cx=""120.804"" cy=""355.987"" r=""19.06"" style=""fill:#EA4949;"">
 </circle>
 <polygon points=""163.072,95.099 115.623,357.045 124.409,358.492 171.995,94.927"" style=""fill:#D8D8D8;"">
 </polygon>
 <polygon points=""163.072,95.099 115.623,357.045 119.941,358.298 167.528,94.734"" style=""fill:#EDEDED;"">
 </polygon>
 <g>
  <circle cx=""120.804"" cy=""355.987"" r=""9.152"" style=""fill:#D8D8D8;"">
  </circle>
  <polygon points=""383.349,351.961 331.551,351.791 331.260,361.113 383.664,360.859"" style=""fill:#D8D8D8;"">
  </polygon>
  <circle cx=""381.604"" cy=""355.987"" r=""9.152"" style=""fill:#D8D8D8;"">
  </circle>
 </g>
 <path d=""M244.331,94.585c-1.334,-2.642,-3.525,-4.505,-6.169,-5.243c-0.8,-0.225,-1.621,-0.337,-2.442,-0.337c-4.663,0.0,-8.789,3.547,-10.03,8.627c-1.484,6.08,1.696,12.254,7.09,13.765c0.799,0.224,1.621,0.336,2.443,0.336c4.664,0.0,8.789,-3.547,10.028,-8.626C245.963,100.192,245.637,97.165,244.331,94.585z"" style=""fill:#282827;"">
 </path>
 <g>
  <polygon points=""351.780,310.552 325.478,341.635 340.000,349.363 359.618,319.841 393.413,315.957 393.413,305.428"" style=""fill:#353432;"">
  </polygon>
  <rect height=""24.723"" style=""fill:#353432;"" width=""167.42"" x=""173.164"" y=""339.267"">
  </rect>
  <polygon points=""142.472,256.912 135.375,297.352 173.160,363.985 193.183,352.483"" style=""fill:#353432;"">
  </polygon>
 </g>
</svg>


Question: What is the object in the image?",Bicycle,Skateboard,Car,Scooter,D,land_crafts
84,"Examine the following SVG code carefully and answer the question based on your interpretation of the rendered image.

<svg id=""Layer_1"" style=""enable-background:new 0 0 191.712 191.712;"" version=""1.1"" viewbox=""0 0 191.712 191.712"" x=""0px"" xml:space=""preserve"" y=""0px"">
 <g>
  <g>
   <g>
    <path d=""M193.14,132.197l-2.025,-31.603c-0.511,-8.025,-6.509,-14.73,-14.111,-16.634l7.005,-7.076c1.36,-1.371,1.347,-3.589,-0.027,-4.949c-1.371,-1.357,-3.585,-1.35,-4.949,0.027l-9.214,9.307l-5.371,-23.543c-2.088,-9.174,-11.112,-16.358,-20.542,-16.358H50.732c-9.427,0.0,-18.454,7.184,-20.545,16.358L24.944,80.722l-8.678,-8.764c-1.364,-1.371,-3.575,-1.381,-4.952,-0.024c-1.371,1.36,-1.384,3.579,-0.024,4.952l6.852,6.92c-7.845,1.721,-14.092,8.58,-14.621,16.784v0.004l-2.02,31.603c-0.301,4.689,1.265,9.119,4.406,12.465c3.147,3.356,7.485,5.206,12.208,5.206h3.955v17.5c0.0,1.934,1.566,3.5,3.5,3.5h21.0c1.934,0.0,3.5,-1.566,3.5,-3.5v-17.5h94.5v17.5c0.0,1.934,1.566,3.5,3.5,3.5h21.0c1.934,0.0,3.5,-1.566,3.5,-3.5v-17.5h3.955c4.731,0.0,9.068,-1.846,12.216,-5.199C191.879,141.323,193.441,136.893,193.14,132.197zM37.009,59.284c1.35,-5.916,7.636,-10.917,13.723,-10.917h93.174c6.088,0.0,12.37,4.997,13.72,10.917l5.493,24.083H31.52L37.009,59.284zM43.069,163.868h-14.0v-14.0h14.0V163.868zM165.569,163.868h-14.0v-14.0h14.0V163.868zM183.633,139.88c-1.808,1.924,-4.334,2.987,-7.109,2.987h-7.455h-21.0h-101.5h-21.0H18.114c-2.768,0.0,-5.294,-1.063,-7.106,-2.994c-1.801,-1.921,-2.697,-4.491,-2.522,-7.232l2.02,-31.603c0.38,-5.882,5.507,-10.671,11.433,-10.671h5.192h140.376h5.192c5.93,0.0,11.057,4.785,11.43,10.671l2.023,31.603C186.327,135.389,185.435,137.959,183.633,139.88z"">
    </path>
    <path d=""M160.319,100.868c-8.685,0.0,-15.75,7.065,-15.75,15.75s7.065,15.75,15.75,15.75s15.75,-7.065,15.75,-15.75S169.004,100.868,160.319,100.868zM160.319,125.368c-4.826,0.0,-8.75,-3.924,-8.75,-8.75c0.0,-4.826,3.924,-8.75,8.75,-8.75c4.826,0.0,8.75,3.924,8.75,8.75S165.145,125.368,160.319,125.368z"">
    </path>
    <path d=""M34.319,100.868c-8.685,0.0,-15.75,7.065,-15.75,15.75s7.065,15.75,15.75,15.75s15.75,-7.065,15.75,-15.75S43.004,100.868,34.319,100.868zM34.319,125.368c-4.826,0.0,-8.75,-3.924,-8.75,-8.75c0.0,-4.826,3.924,-8.75,8.75,-8.75c4.826,0.0,8.75,3.924,8.75,8.75S39.145,125.368,34.319,125.368z"">
    </path>
    <rect height=""7"" width=""45.5"" x=""74.569"" y=""114.868"">
    </rect>
    <rect height=""7"" width=""45.5"" x=""74.569"" y=""125.368"">
    </rect>
    <path d=""M51.095,52.893l-10.5,10.5c-1.367,1.367,-1.367,3.582,0.0,4.949c0.684,0.683,1.579,1.025,2.475,1.025s1.791,-0.342,2.474,-1.025l10.5,-10.5c1.367,-1.367,1.367,-3.582,0.0,-4.949C54.677,51.525,52.462,51.526,51.095,52.893z"">
    </path>
    <polygon points=""81.569,30.868 88.569,30.868 88.569,37.868 106.069,37.868 106.069,30.868 113.069,30.868 113.069,37.868 134.069,37.868 134.069,30.868 120.069,30.868 120.069,23.868 99.069,23.868 99.069,30.868 95.569,30.868 95.569,23.868 74.569,23.868 74.569,30.868 60.569,30.868 60.569,37.868 81.569,37.868"">
    </polygon>
   </g>
  </g>
 </g>
</svg>


Question: What shape are the headlights of the object?",Square,Triangle,Hexagon,Circle,D,land_crafts
85,"Examine the following SVG code carefully and answer the question based on your interpretation of the rendered image.

<svg id=""Layer_1"" style=""enable-background:new 0 0 191.712 191.712;"" version=""1.1"" viewbox=""0 0 191.712 191.712"" x=""0px"" xml:space=""preserve"" y=""0px"">
 <g>
  <g>
   <g>
    <path d=""M193.14,132.197l-2.025,-31.603c-0.511,-8.025,-6.509,-14.73,-14.111,-16.634l7.005,-7.076c1.36,-1.371,1.347,-3.589,-0.027,-4.949c-1.371,-1.357,-3.585,-1.35,-4.949,0.027l-9.214,9.307l-5.371,-23.543c-2.088,-9.174,-11.112,-16.358,-20.542,-16.358H50.732c-9.427,0.0,-18.454,7.184,-20.545,16.358L24.944,80.722l-8.678,-8.764c-1.364,-1.371,-3.575,-1.381,-4.952,-0.024c-1.371,1.36,-1.384,3.579,-0.024,4.952l6.852,6.92c-7.845,1.721,-14.092,8.58,-14.621,16.784v0.004l-2.02,31.603c-0.301,4.689,1.265,9.119,4.406,12.465c3.147,3.356,7.485,5.206,12.208,5.206h3.955v17.5c0.0,1.934,1.566,3.5,3.5,3.5h21.0c1.934,0.0,3.5,-1.566,3.5,-3.5v-17.5h94.5v17.5c0.0,1.934,1.566,3.5,3.5,3.5h21.0c1.934,0.0,3.5,-1.566,3.5,-3.5v-17.5h3.955c4.731,0.0,9.068,-1.846,12.216,-5.199C191.879,141.323,193.441,136.893,193.14,132.197zM37.009,59.284c1.35,-5.916,7.636,-10.917,13.723,-10.917h93.174c6.088,0.0,12.37,4.997,13.72,10.917l5.493,24.083H31.52L37.009,59.284zM43.069,163.868h-14.0v-14.0h14.0V163.868zM165.569,163.868h-14.0v-14.0h14.0V163.868zM183.633,139.88c-1.808,1.924,-4.334,2.987,-7.109,2.987h-7.455h-21.0h-101.5h-21.0H18.114c-2.768,0.0,-5.294,-1.063,-7.106,-2.994c-1.801,-1.921,-2.697,-4.491,-2.522,-7.232l2.02,-31.603c0.38,-5.882,5.507,-10.671,11.433,-10.671h5.192h140.376h5.192c5.93,0.0,11.057,4.785,11.43,10.671l2.023,31.603C186.327,135.389,185.435,137.959,183.633,139.88z"">
    </path>
    <path d=""M160.319,100.868c-8.685,0.0,-15.75,7.065,-15.75,15.75s7.065,15.75,15.75,15.75s15.75,-7.065,15.75,-15.75S169.004,100.868,160.319,100.868zM160.319,125.368c-4.826,0.0,-8.75,-3.924,-8.75,-8.75c0.0,-4.826,3.924,-8.75,8.75,-8.75c4.826,0.0,8.75,3.924,8.75,8.75S165.145,125.368,160.319,125.368z"">
    </path>
    <path d=""M34.319,100.868c-8.685,0.0,-15.75,7.065,-15.75,15.75s7.065,15.75,15.75,15.75s15.75,-7.065,15.75,-15.75S43.004,100.868,34.319,100.868zM34.319,125.368c-4.826,0.0,-8.75,-3.924,-8.75,-8.75c0.0,-4.826,3.924,-8.75,8.75,-8.75c4.826,0.0,8.75,3.924,8.75,8.75S39.145,125.368,34.319,125.368z"">
    </path>
    <rect height=""7"" width=""45.5"" x=""74.569"" y=""114.868"">
    </rect>
    <rect height=""7"" width=""45.5"" x=""74.569"" y=""125.368"">
    </rect>
    <path d=""M51.095,52.893l-10.5,10.5c-1.367,1.367,-1.367,3.582,0.0,4.949c0.684,0.683,1.579,1.025,2.475,1.025s1.791,-0.342,2.474,-1.025l10.5,-10.5c1.367,-1.367,1.367,-3.582,0.0,-4.949C54.677,51.525,52.462,51.526,51.095,52.893z"">
    </path>
    <polygon points=""81.569,30.868 88.569,30.868 88.569,37.868 106.069,37.868 106.069,30.868 113.069,30.868 113.069,37.868 134.069,37.868 134.069,30.868 120.069,30.868 120.069,23.868 99.069,23.868 99.069,30.868 95.569,30.868 95.569,23.868 74.569,23.868 74.569,30.868 60.569,30.868 60.569,37.868 81.569,37.868"">
    </polygon>
   </g>
  </g>
 </g>
</svg>


Question: How many horizontal lines are present in the middle of the object?",One,Two,Three,Four,B,land_crafts
86,"Examine the following SVG code carefully and answer the question based on your interpretation of the rendered image.

<svg id=""Layer_1"" style=""enable-background:new 0 0 191.712 191.712;"" version=""1.1"" viewbox=""0 0 191.712 191.712"" x=""0px"" xml:space=""preserve"" y=""0px"">
 <g>
  <g>
   <g>
    <path d=""M193.14,132.197l-2.025,-31.603c-0.511,-8.025,-6.509,-14.73,-14.111,-16.634l7.005,-7.076c1.36,-1.371,1.347,-3.589,-0.027,-4.949c-1.371,-1.357,-3.585,-1.35,-4.949,0.027l-9.214,9.307l-5.371,-23.543c-2.088,-9.174,-11.112,-16.358,-20.542,-16.358H50.732c-9.427,0.0,-18.454,7.184,-20.545,16.358L24.944,80.722l-8.678,-8.764c-1.364,-1.371,-3.575,-1.381,-4.952,-0.024c-1.371,1.36,-1.384,3.579,-0.024,4.952l6.852,6.92c-7.845,1.721,-14.092,8.58,-14.621,16.784v0.004l-2.02,31.603c-0.301,4.689,1.265,9.119,4.406,12.465c3.147,3.356,7.485,5.206,12.208,5.206h3.955v17.5c0.0,1.934,1.566,3.5,3.5,3.5h21.0c1.934,0.0,3.5,-1.566,3.5,-3.5v-17.5h94.5v17.5c0.0,1.934,1.566,3.5,3.5,3.5h21.0c1.934,0.0,3.5,-1.566,3.5,-3.5v-17.5h3.955c4.731,0.0,9.068,-1.846,12.216,-5.199C191.879,141.323,193.441,136.893,193.14,132.197zM37.009,59.284c1.35,-5.916,7.636,-10.917,13.723,-10.917h93.174c6.088,0.0,12.37,4.997,13.72,10.917l5.493,24.083H31.52L37.009,59.284zM43.069,163.868h-14.0v-14.0h14.0V163.868zM165.569,163.868h-14.0v-14.0h14.0V163.868zM183.633,139.88c-1.808,1.924,-4.334,2.987,-7.109,2.987h-7.455h-21.0h-101.5h-21.0H18.114c-2.768,0.0,-5.294,-1.063,-7.106,-2.994c-1.801,-1.921,-2.697,-4.491,-2.522,-7.232l2.02,-31.603c0.38,-5.882,5.507,-10.671,11.433,-10.671h5.192h140.376h5.192c5.93,0.0,11.057,4.785,11.43,10.671l2.023,31.603C186.327,135.389,185.435,137.959,183.633,139.88z"">
    </path>
    <path d=""M160.319,100.868c-8.685,0.0,-15.75,7.065,-15.75,15.75s7.065,15.75,15.75,15.75s15.75,-7.065,15.75,-15.75S169.004,100.868,160.319,100.868zM160.319,125.368c-4.826,0.0,-8.75,-3.924,-8.75,-8.75c0.0,-4.826,3.924,-8.75,8.75,-8.75c4.826,0.0,8.75,3.924,8.75,8.75S165.145,125.368,160.319,125.368z"">
    </path>
    <path d=""M34.319,100.868c-8.685,0.0,-15.75,7.065,-15.75,15.75s7.065,15.75,15.75,15.75s15.75,-7.065,15.75,-15.75S43.004,100.868,34.319,100.868zM34.319,125.368c-4.826,0.0,-8.75,-3.924,-8.75,-8.75c0.0,-4.826,3.924,-8.75,8.75,-8.75c4.826,0.0,8.75,3.924,8.75,8.75S39.145,125.368,34.319,125.368z"">
    </path>
    <rect height=""7"" width=""45.5"" x=""74.569"" y=""114.868"">
    </rect>
    <rect height=""7"" width=""45.5"" x=""74.569"" y=""125.368"">
    </rect>
    <path d=""M51.095,52.893l-10.5,10.5c-1.367,1.367,-1.367,3.582,0.0,4.949c0.684,0.683,1.579,1.025,2.475,1.025s1.791,-0.342,2.474,-1.025l10.5,-10.5c1.367,-1.367,1.367,-3.582,0.0,-4.949C54.677,51.525,52.462,51.526,51.095,52.893z"">
    </path>
    <polygon points=""81.569,30.868 88.569,30.868 88.569,37.868 106.069,37.868 106.069,30.868 113.069,30.868 113.069,37.868 134.069,37.868 134.069,30.868 120.069,30.868 120.069,23.868 99.069,23.868 99.069,30.868 95.569,30.868 95.569,23.868 74.569,23.868 74.569,30.868 60.569,30.868 60.569,37.868 81.569,37.868"">
    </polygon>
   </g>
  </g>
 </g>
</svg>


Question: What is the shape of the windows on the object?",Circular,Rectangular,Triangular,Oval,B,land_crafts
87,"Examine the following SVG code carefully and answer the question based on your interpretation of the rendered image.

<svg id=""Layer_1"" style=""enable-background:new 0 0 191.712 191.712;"" version=""1.1"" viewbox=""0 0 191.712 191.712"" x=""0px"" xml:space=""preserve"" y=""0px"">
 <g>
  <g>
   <g>
    <path d=""M193.14,132.197l-2.025,-31.603c-0.511,-8.025,-6.509,-14.73,-14.111,-16.634l7.005,-7.076c1.36,-1.371,1.347,-3.589,-0.027,-4.949c-1.371,-1.357,-3.585,-1.35,-4.949,0.027l-9.214,9.307l-5.371,-23.543c-2.088,-9.174,-11.112,-16.358,-20.542,-16.358H50.732c-9.427,0.0,-18.454,7.184,-20.545,16.358L24.944,80.722l-8.678,-8.764c-1.364,-1.371,-3.575,-1.381,-4.952,-0.024c-1.371,1.36,-1.384,3.579,-0.024,4.952l6.852,6.92c-7.845,1.721,-14.092,8.58,-14.621,16.784v0.004l-2.02,31.603c-0.301,4.689,1.265,9.119,4.406,12.465c3.147,3.356,7.485,5.206,12.208,5.206h3.955v17.5c0.0,1.934,1.566,3.5,3.5,3.5h21.0c1.934,0.0,3.5,-1.566,3.5,-3.5v-17.5h94.5v17.5c0.0,1.934,1.566,3.5,3.5,3.5h21.0c1.934,0.0,3.5,-1.566,3.5,-3.5v-17.5h3.955c4.731,0.0,9.068,-1.846,12.216,-5.199C191.879,141.323,193.441,136.893,193.14,132.197zM37.009,59.284c1.35,-5.916,7.636,-10.917,13.723,-10.917h93.174c6.088,0.0,12.37,4.997,13.72,10.917l5.493,24.083H31.52L37.009,59.284zM43.069,163.868h-14.0v-14.0h14.0V163.868zM165.569,163.868h-14.0v-14.0h14.0V163.868zM183.633,139.88c-1.808,1.924,-4.334,2.987,-7.109,2.987h-7.455h-21.0h-101.5h-21.0H18.114c-2.768,0.0,-5.294,-1.063,-7.106,-2.994c-1.801,-1.921,-2.697,-4.491,-2.522,-7.232l2.02,-31.603c0.38,-5.882,5.507,-10.671,11.433,-10.671h5.192h140.376h5.192c5.93,0.0,11.057,4.785,11.43,10.671l2.023,31.603C186.327,135.389,185.435,137.959,183.633,139.88z"">
    </path>
    <path d=""M160.319,100.868c-8.685,0.0,-15.75,7.065,-15.75,15.75s7.065,15.75,15.75,15.75s15.75,-7.065,15.75,-15.75S169.004,100.868,160.319,100.868zM160.319,125.368c-4.826,0.0,-8.75,-3.924,-8.75,-8.75c0.0,-4.826,3.924,-8.75,8.75,-8.75c4.826,0.0,8.75,3.924,8.75,8.75S165.145,125.368,160.319,125.368z"">
    </path>
    <path d=""M34.319,100.868c-8.685,0.0,-15.75,7.065,-15.75,15.75s7.065,15.75,15.75,15.75s15.75,-7.065,15.75,-15.75S43.004,100.868,34.319,100.868zM34.319,125.368c-4.826,0.0,-8.75,-3.924,-8.75,-8.75c0.0,-4.826,3.924,-8.75,8.75,-8.75c4.826,0.0,8.75,3.924,8.75,8.75S39.145,125.368,34.319,125.368z"">
    </path>
    <rect height=""7"" width=""45.5"" x=""74.569"" y=""114.868"">
    </rect>
    <rect height=""7"" width=""45.5"" x=""74.569"" y=""125.368"">
    </rect>
    <path d=""M51.095,52.893l-10.5,10.5c-1.367,1.367,-1.367,3.582,0.0,4.949c0.684,0.683,1.579,1.025,2.475,1.025s1.791,-0.342,2.474,-1.025l10.5,-10.5c1.367,-1.367,1.367,-3.582,0.0,-4.949C54.677,51.525,52.462,51.526,51.095,52.893z"">
    </path>
    <polygon points=""81.569,30.868 88.569,30.868 88.569,37.868 106.069,37.868 106.069,30.868 113.069,30.868 113.069,37.868 134.069,37.868 134.069,30.868 120.069,30.868 120.069,23.868 99.069,23.868 99.069,30.868 95.569,30.868 95.569,23.868 74.569,23.868 74.569,30.868 60.569,30.868 60.569,37.868 81.569,37.868"">
    </polygon>
   </g>
  </g>
 </g>
</svg>


Question: What type of object is depicted in the image?",Bicycle,Airplane,Car,Boat,C,land_crafts
96,"Examine the following SVG code carefully and answer the question based on your interpretation of the rendered image.

<svg id=""Layer_1"" style=""enable-background:new 0 0 393.309 393.309;"" version=""1.1"" viewbox=""0 0 393.309 393.309"" x=""0px"" xml:space=""preserve"" y=""0px"">
 <path d=""M395.578,199.614C395.578,90.943,307.594,2.959,198.924,2.959S2.269,90.943,2.269,199.614c0.0,26.634,5.301,52.17,14.998,75.313h363.313C390.277,251.783,395.578,226.248,395.578,199.614z"" style=""fill:#6EB1E1;"">
 </path>
 <path d=""M17.267,274.927c29.608,71.24,99.749,121.341,181.657,121.341s152.048,-50.101,181.657,-121.341H17.267z"" style=""fill:#DEDEDF;"">
 </path>
 <path d=""M316.192,272.405h-11.96c0.0,-57.212,-28.121,-98.198,-83.459,-121.923c-42.085,-18.101,-85.075,-18.877,-85.463,-18.877l0.129,-11.96c1.875,0.0,45.446,0.84,89.729,19.717C284.774,164.769,316.192,210.733,316.192,272.405z"" style=""fill:#414753;"">
 </path>
 <g>
  <polygon points=""195.433,247.581 143.651,247.581 180.305,210.927 176.039,206.725 139.449,243.379 139.449,191.468 133.372,191.468 133.372,243.379 96.782,206.725 92.515,210.991 129.170,247.581 77.388,247.581 77.388,253.529 129.170,253.529 92.515,290.248 96.782,294.450 133.372,257.795 133.372,309.642 139.449,309.642 139.449,257.795 176.039,294.450 180.305,290.248 143.651,253.529 195.433,253.529"" style=""fill:#4F5565;"">
  </polygon>
  <path d=""M136.41,171.104c-43.895,0.0,-79.515,35.62,-79.515,79.515s35.62,79.515,79.515,79.515s79.515,-35.62,79.515,-79.515S180.305,171.104,136.41,171.104zM136.41,315.137c-35.62,0.0,-64.517,-28.897,-64.517,-64.517s28.897,-64.517,64.517,-64.517s64.517,28.897,64.517,64.517S172.031,315.137,136.41,315.137z"" style=""fill:#4F5565;"">
  </path>
 </g>
 <g>
  <path d=""M136.41,186.038c-35.62,0.0,-64.517,28.897,-64.517,64.517s28.897,64.517,64.517,64.517s64.517,-28.897,64.517,-64.517S172.031,186.038,136.41,186.038zM136.41,307.315c-31.354,0.0,-56.824,-25.406,-56.824,-56.824s25.406,-56.824,56.824,-56.824s56.824,25.406,56.824,56.824S167.764,307.315,136.41,307.315z"" style=""fill:#BDBDBE;"">
  </path>
  <circle cx=""136.410"" cy=""250.620"" r=""17.648"" style=""fill:#BDBDBE;"">
  </circle>
 </g>
 <path d=""M141.582,258.183h-10.408c-1.228,0.0,-2.133,-1.034,-2.133,-2.133V79.824c0.0,-1.228,1.034,-2.133,2.133,-2.133h10.408c1.228,0.0,2.133,1.034,2.133,2.133v176.162C143.845,257.214,142.81,258.183,141.582,258.183z"" style=""fill:#4B5AA7;"">
 </path>
 <path d=""M168.992,69.739c-21.075,7.434,-44.154,7.434,-65.293,0.0c-4.267,-1.487,-9.115,0.129,-10.99,4.202l0.0,0.0c-1.875,3.943,0.646,9.051,5.624,10.796c24.501,8.663,51.329,8.663,75.895,0.0c5.042,-1.745,7.499,-6.853,5.624,-10.796l0.0,0.0C178.107,69.868,173.259,68.252,168.992,69.739z"" style=""fill:#F0582F;"">
 </path>
 <path d=""M310.245,268.785c-16.937,0.0,-30.707,13.77,-30.707,30.707c0.0,16.937,13.77,30.707,30.707,30.707s30.707,-13.77,30.707,-30.707C340.952,282.426,327.182,268.785,310.245,268.785zM310.245,319.856c-11.313,0.0,-20.493,-9.18,-20.493,-20.493c0.0,-11.313,9.18,-20.493,20.493,-20.493s20.493,9.18,20.493,20.493C330.738,310.676,321.558,319.856,310.245,319.856z"" style=""fill:#333842;"">
 </path>
</svg>


Question: What is the color of the seat in the image?",Red,Blue,Green,Yellow,A,land_crafts
97,"Examine the following SVG code carefully and answer the question based on your interpretation of the rendered image.

<svg id=""Layer_1"" style=""enable-background:new 0 0 393.309 393.309;"" version=""1.1"" viewbox=""0 0 393.309 393.309"" x=""0px"" xml:space=""preserve"" y=""0px"">
 <path d=""M395.578,199.614C395.578,90.943,307.594,2.959,198.924,2.959S2.269,90.943,2.269,199.614c0.0,26.634,5.301,52.17,14.998,75.313h363.313C390.277,251.783,395.578,226.248,395.578,199.614z"" style=""fill:#6EB1E1;"">
 </path>
 <path d=""M17.267,274.927c29.608,71.24,99.749,121.341,181.657,121.341s152.048,-50.101,181.657,-121.341H17.267z"" style=""fill:#DEDEDF;"">
 </path>
 <path d=""M316.192,272.405h-11.96c0.0,-57.212,-28.121,-98.198,-83.459,-121.923c-42.085,-18.101,-85.075,-18.877,-85.463,-18.877l0.129,-11.96c1.875,0.0,45.446,0.84,89.729,19.717C284.774,164.769,316.192,210.733,316.192,272.405z"" style=""fill:#414753;"">
 </path>
 <g>
  <polygon points=""195.433,247.581 143.651,247.581 180.305,210.927 176.039,206.725 139.449,243.379 139.449,191.468 133.372,191.468 133.372,243.379 96.782,206.725 92.515,210.991 129.170,247.581 77.388,247.581 77.388,253.529 129.170,253.529 92.515,290.248 96.782,294.450 133.372,257.795 133.372,309.642 139.449,309.642 139.449,257.795 176.039,294.450 180.305,290.248 143.651,253.529 195.433,253.529"" style=""fill:#4F5565;"">
  </polygon>
  <path d=""M136.41,171.104c-43.895,0.0,-79.515,35.62,-79.515,79.515s35.62,79.515,79.515,79.515s79.515,-35.62,79.515,-79.515S180.305,171.104,136.41,171.104zM136.41,315.137c-35.62,0.0,-64.517,-28.897,-64.517,-64.517s28.897,-64.517,64.517,-64.517s64.517,28.897,64.517,64.517S172.031,315.137,136.41,315.137z"" style=""fill:#4F5565;"">
  </path>
 </g>
 <g>
  <path d=""M136.41,186.038c-35.62,0.0,-64.517,28.897,-64.517,64.517s28.897,64.517,64.517,64.517s64.517,-28.897,64.517,-64.517S172.031,186.038,136.41,186.038zM136.41,307.315c-31.354,0.0,-56.824,-25.406,-56.824,-56.824s25.406,-56.824,56.824,-56.824s56.824,25.406,56.824,56.824S167.764,307.315,136.41,307.315z"" style=""fill:#BDBDBE;"">
  </path>
  <circle cx=""136.410"" cy=""250.620"" r=""17.648"" style=""fill:#BDBDBE;"">
  </circle>
 </g>
 <path d=""M141.582,258.183h-10.408c-1.228,0.0,-2.133,-1.034,-2.133,-2.133V79.824c0.0,-1.228,1.034,-2.133,2.133,-2.133h10.408c1.228,0.0,2.133,1.034,2.133,2.133v176.162C143.845,257.214,142.81,258.183,141.582,258.183z"" style=""fill:#4B5AA7;"">
 </path>
 <path d=""M168.992,69.739c-21.075,7.434,-44.154,7.434,-65.293,0.0c-4.267,-1.487,-9.115,0.129,-10.99,4.202l0.0,0.0c-1.875,3.943,0.646,9.051,5.624,10.796c24.501,8.663,51.329,8.663,75.895,0.0c5.042,-1.745,7.499,-6.853,5.624,-10.796l0.0,0.0C178.107,69.868,173.259,68.252,168.992,69.739z"" style=""fill:#F0582F;"">
 </path>
 <path d=""M310.245,268.785c-16.937,0.0,-30.707,13.77,-30.707,30.707c0.0,16.937,13.77,30.707,30.707,30.707s30.707,-13.77,30.707,-30.707C340.952,282.426,327.182,268.785,310.245,268.785zM310.245,319.856c-11.313,0.0,-20.493,-9.18,-20.493,-20.493c0.0,-11.313,9.18,-20.493,20.493,-20.493s20.493,9.18,20.493,20.493C330.738,310.676,321.558,319.856,310.245,319.856z"" style=""fill:#333842;"">
 </path>
</svg>


Question: How many wheels does the object in the image have?",One,Two,Three,Four,A,land_crafts
98,"Examine the following SVG code carefully and answer the question based on your interpretation of the rendered image.

<svg id=""Layer_1"" style=""enable-background:new 0 0 393.309 393.309;"" version=""1.1"" viewbox=""0 0 393.309 393.309"" x=""0px"" xml:space=""preserve"" y=""0px"">
 <path d=""M395.578,199.614C395.578,90.943,307.594,2.959,198.924,2.959S2.269,90.943,2.269,199.614c0.0,26.634,5.301,52.17,14.998,75.313h363.313C390.277,251.783,395.578,226.248,395.578,199.614z"" style=""fill:#6EB1E1;"">
 </path>
 <path d=""M17.267,274.927c29.608,71.24,99.749,121.341,181.657,121.341s152.048,-50.101,181.657,-121.341H17.267z"" style=""fill:#DEDEDF;"">
 </path>
 <path d=""M316.192,272.405h-11.96c0.0,-57.212,-28.121,-98.198,-83.459,-121.923c-42.085,-18.101,-85.075,-18.877,-85.463,-18.877l0.129,-11.96c1.875,0.0,45.446,0.84,89.729,19.717C284.774,164.769,316.192,210.733,316.192,272.405z"" style=""fill:#414753;"">
 </path>
 <g>
  <polygon points=""195.433,247.581 143.651,247.581 180.305,210.927 176.039,206.725 139.449,243.379 139.449,191.468 133.372,191.468 133.372,243.379 96.782,206.725 92.515,210.991 129.170,247.581 77.388,247.581 77.388,253.529 129.170,253.529 92.515,290.248 96.782,294.450 133.372,257.795 133.372,309.642 139.449,309.642 139.449,257.795 176.039,294.450 180.305,290.248 143.651,253.529 195.433,253.529"" style=""fill:#4F5565;"">
  </polygon>
  <path d=""M136.41,171.104c-43.895,0.0,-79.515,35.62,-79.515,79.515s35.62,79.515,79.515,79.515s79.515,-35.62,79.515,-79.515S180.305,171.104,136.41,171.104zM136.41,315.137c-35.62,0.0,-64.517,-28.897,-64.517,-64.517s28.897,-64.517,64.517,-64.517s64.517,28.897,64.517,64.517S172.031,315.137,136.41,315.137z"" style=""fill:#4F5565;"">
  </path>
 </g>
 <g>
  <path d=""M136.41,186.038c-35.62,0.0,-64.517,28.897,-64.517,64.517s28.897,64.517,64.517,64.517s64.517,-28.897,64.517,-64.517S172.031,186.038,136.41,186.038zM136.41,307.315c-31.354,0.0,-56.824,-25.406,-56.824,-56.824s25.406,-56.824,56.824,-56.824s56.824,25.406,56.824,56.824S167.764,307.315,136.41,307.315z"" style=""fill:#BDBDBE;"">
  </path>
  <circle cx=""136.410"" cy=""250.620"" r=""17.648"" style=""fill:#BDBDBE;"">
  </circle>
 </g>
 <path d=""M141.582,258.183h-10.408c-1.228,0.0,-2.133,-1.034,-2.133,-2.133V79.824c0.0,-1.228,1.034,-2.133,2.133,-2.133h10.408c1.228,0.0,2.133,1.034,2.133,2.133v176.162C143.845,257.214,142.81,258.183,141.582,258.183z"" style=""fill:#4B5AA7;"">
 </path>
 <path d=""M168.992,69.739c-21.075,7.434,-44.154,7.434,-65.293,0.0c-4.267,-1.487,-9.115,0.129,-10.99,4.202l0.0,0.0c-1.875,3.943,0.646,9.051,5.624,10.796c24.501,8.663,51.329,8.663,75.895,0.0c5.042,-1.745,7.499,-6.853,5.624,-10.796l0.0,0.0C178.107,69.868,173.259,68.252,168.992,69.739z"" style=""fill:#F0582F;"">
 </path>
 <path d=""M310.245,268.785c-16.937,0.0,-30.707,13.77,-30.707,30.707c0.0,16.937,13.77,30.707,30.707,30.707s30.707,-13.77,30.707,-30.707C340.952,282.426,327.182,268.785,310.245,268.785zM310.245,319.856c-11.313,0.0,-20.493,-9.18,-20.493,-20.493c0.0,-11.313,9.18,-20.493,20.493,-20.493s20.493,9.18,20.493,20.493C330.738,310.676,321.558,319.856,310.245,319.856z"" style=""fill:#333842;"">
 </path>
</svg>


Question: What shape is the background of the image?",Square,Triangle,Circle,Rectangle,C,land_crafts
99,"Examine the following SVG code carefully and answer the question based on your interpretation of the rendered image.

<svg id=""Layer_1"" style=""enable-background:new 0 0 393.309 393.309;"" version=""1.1"" viewbox=""0 0 393.309 393.309"" x=""0px"" xml:space=""preserve"" y=""0px"">
 <path d=""M395.578,199.614C395.578,90.943,307.594,2.959,198.924,2.959S2.269,90.943,2.269,199.614c0.0,26.634,5.301,52.17,14.998,75.313h363.313C390.277,251.783,395.578,226.248,395.578,199.614z"" style=""fill:#6EB1E1;"">
 </path>
 <path d=""M17.267,274.927c29.608,71.24,99.749,121.341,181.657,121.341s152.048,-50.101,181.657,-121.341H17.267z"" style=""fill:#DEDEDF;"">
 </path>
 <path d=""M316.192,272.405h-11.96c0.0,-57.212,-28.121,-98.198,-83.459,-121.923c-42.085,-18.101,-85.075,-18.877,-85.463,-18.877l0.129,-11.96c1.875,0.0,45.446,0.84,89.729,19.717C284.774,164.769,316.192,210.733,316.192,272.405z"" style=""fill:#414753;"">
 </path>
 <g>
  <polygon points=""195.433,247.581 143.651,247.581 180.305,210.927 176.039,206.725 139.449,243.379 139.449,191.468 133.372,191.468 133.372,243.379 96.782,206.725 92.515,210.991 129.170,247.581 77.388,247.581 77.388,253.529 129.170,253.529 92.515,290.248 96.782,294.450 133.372,257.795 133.372,309.642 139.449,309.642 139.449,257.795 176.039,294.450 180.305,290.248 143.651,253.529 195.433,253.529"" style=""fill:#4F5565;"">
  </polygon>
  <path d=""M136.41,171.104c-43.895,0.0,-79.515,35.62,-79.515,79.515s35.62,79.515,79.515,79.515s79.515,-35.62,79.515,-79.515S180.305,171.104,136.41,171.104zM136.41,315.137c-35.62,0.0,-64.517,-28.897,-64.517,-64.517s28.897,-64.517,64.517,-64.517s64.517,28.897,64.517,64.517S172.031,315.137,136.41,315.137z"" style=""fill:#4F5565;"">
  </path>
 </g>
 <g>
  <path d=""M136.41,186.038c-35.62,0.0,-64.517,28.897,-64.517,64.517s28.897,64.517,64.517,64.517s64.517,-28.897,64.517,-64.517S172.031,186.038,136.41,186.038zM136.41,307.315c-31.354,0.0,-56.824,-25.406,-56.824,-56.824s25.406,-56.824,56.824,-56.824s56.824,25.406,56.824,56.824S167.764,307.315,136.41,307.315z"" style=""fill:#BDBDBE;"">
  </path>
  <circle cx=""136.410"" cy=""250.620"" r=""17.648"" style=""fill:#BDBDBE;"">
  </circle>
 </g>
 <path d=""M141.582,258.183h-10.408c-1.228,0.0,-2.133,-1.034,-2.133,-2.133V79.824c0.0,-1.228,1.034,-2.133,2.133,-2.133h10.408c1.228,0.0,2.133,1.034,2.133,2.133v176.162C143.845,257.214,142.81,258.183,141.582,258.183z"" style=""fill:#4B5AA7;"">
 </path>
 <path d=""M168.992,69.739c-21.075,7.434,-44.154,7.434,-65.293,0.0c-4.267,-1.487,-9.115,0.129,-10.99,4.202l0.0,0.0c-1.875,3.943,0.646,9.051,5.624,10.796c24.501,8.663,51.329,8.663,75.895,0.0c5.042,-1.745,7.499,-6.853,5.624,-10.796l0.0,0.0C178.107,69.868,173.259,68.252,168.992,69.739z"" style=""fill:#F0582F;"">
 </path>
 <path d=""M310.245,268.785c-16.937,0.0,-30.707,13.77,-30.707,30.707c0.0,16.937,13.77,30.707,30.707,30.707s30.707,-13.77,30.707,-30.707C340.952,282.426,327.182,268.785,310.245,268.785zM310.245,319.856c-11.313,0.0,-20.493,-9.18,-20.493,-20.493c0.0,-11.313,9.18,-20.493,20.493,-20.493s20.493,9.18,20.493,20.493C330.738,310.676,321.558,319.856,310.245,319.856z"" style=""fill:#333842;"">
 </path>
</svg>


Question: What type of object is depicted in the image?",Unicycle,Bicycle,Tricycle,Car,A,land_crafts
104,"Examine the following SVG code carefully and answer the question based on your interpretation of the rendered image.

<svg id=""Layer_1"" style=""enable-background:new 0 0 196 196;"" version=""1.1"" viewbox=""0 0 196 196"" x=""0px"" xml:space=""preserve"" y=""0px"">
 <g>
  <g>
   <path d=""M183.163,4.508h-38.5c-1.934,0.0,-3.5,1.566,-3.5,3.5v5.301L126.647,23.728C124.169,10.807,112.796,1.008,99.163,1.008S74.157,10.807,71.679,23.728L57.163,13.309V8.008c0.0,-1.934,-1.566,-3.5,-3.5,-3.5H15.163c-1.934,0.0,-3.5,1.566,-3.5,3.5v14.0c0.0,1.934,1.566,3.5,3.5,3.5h38.5c1.934,0.0,3.5,-1.566,3.5,-3.5v-0.082l11.458,8.224c-5.216,4.243,-8.666,10.804,-9.075,17.879l-4.751,81.953c-0.376,6.45,1.777,12.657,5.903,17.028c3.695,3.917,8.651,6.074,13.952,6.074H78.163v22.928C78.163,187.588,87.583,197.008,99.163,197.008s21.0,-9.42,21.0,-20.997v-22.928h3.493c5.318,0.0,10.281,-2.157,13.976,-6.074c4.125,-4.372,6.275,-10.579,5.899,-17.028l-4.751,-81.952c-0.41,-7.055,-3.803,-13.645,-9.042,-17.903l11.424,-8.2V22.008c0.0,1.934,1.566,3.5,3.5,3.5H183.163c1.934,0.0,3.5,-1.566,3.5,-3.5V8.008C186.663,6.074,185.097,4.508,183.163,4.508zM50.163,18.508H18.663v-7.0H50.163V18.508zM106.223,9.256C114.335,12.164,120.163,19.908,120.163,29.008c0.0,11.58,-9.42,21.0,-21.0,21.0c-8.111,0.0,-15.148,-4.63,-18.645,-11.377L106.223,9.256zM97.96,8.069L78.244,30.6C78.204,30.073,78.163,29.545,78.163,29.008C78.163,17.834,86.941,8.698,97.96,8.069zM113.163,176.011c0.0,7.718,-6.279,13.997,-14.0,13.997s-14.0,-6.279,-14.0,-13.997v-52.507c0.0,-7.718,6.279,-13.997,14.0,-13.997s14.0,6.279,14.0,13.997V176.011zM131.794,48.432l4.751,81.952c0.263,4.539,-1.196,8.846,-4.003,11.82c-2.362,2.502,-5.517,3.879,-8.887,3.879H120.163v-22.579c0.0,-11.577,-9.42,-20.997,-21.0,-20.997s-21.0,9.42,-21.0,20.997v22.579h-3.514c-3.353,0.0,-6.501,-1.378,-8.859,-3.876c-2.809,-2.981,-4.272,-7.287,-4.009,-11.823l4.751,-81.952c0.275,-4.726,2.379,-9.141,5.621,-12.16C75.364,48.195,86.24,57.008,99.163,57.008c12.911,0.0,23.78,-8.797,27.002,-20.704C129.42,39.334,131.521,43.721,131.794,48.432zM179.663,18.508H148.163v-7.0h31.5V18.508z"">
   </path>
  </g>
 </g>
</svg>


Question: What shape is at the top of the object?",Square,Triangle,Circle,Hexagon,C,land_crafts
105,"Examine the following SVG code carefully and answer the question based on your interpretation of the rendered image.

<svg id=""Layer_1"" style=""enable-background:new 0 0 196 196;"" version=""1.1"" viewbox=""0 0 196 196"" x=""0px"" xml:space=""preserve"" y=""0px"">
 <g>
  <g>
   <path d=""M183.163,4.508h-38.5c-1.934,0.0,-3.5,1.566,-3.5,3.5v5.301L126.647,23.728C124.169,10.807,112.796,1.008,99.163,1.008S74.157,10.807,71.679,23.728L57.163,13.309V8.008c0.0,-1.934,-1.566,-3.5,-3.5,-3.5H15.163c-1.934,0.0,-3.5,1.566,-3.5,3.5v14.0c0.0,1.934,1.566,3.5,3.5,3.5h38.5c1.934,0.0,3.5,-1.566,3.5,-3.5v-0.082l11.458,8.224c-5.216,4.243,-8.666,10.804,-9.075,17.879l-4.751,81.953c-0.376,6.45,1.777,12.657,5.903,17.028c3.695,3.917,8.651,6.074,13.952,6.074H78.163v22.928C78.163,187.588,87.583,197.008,99.163,197.008s21.0,-9.42,21.0,-20.997v-22.928h3.493c5.318,0.0,10.281,-2.157,13.976,-6.074c4.125,-4.372,6.275,-10.579,5.899,-17.028l-4.751,-81.952c-0.41,-7.055,-3.803,-13.645,-9.042,-17.903l11.424,-8.2V22.008c0.0,1.934,1.566,3.5,3.5,3.5H183.163c1.934,0.0,3.5,-1.566,3.5,-3.5V8.008C186.663,6.074,185.097,4.508,183.163,4.508zM50.163,18.508H18.663v-7.0H50.163V18.508zM106.223,9.256C114.335,12.164,120.163,19.908,120.163,29.008c0.0,11.58,-9.42,21.0,-21.0,21.0c-8.111,0.0,-15.148,-4.63,-18.645,-11.377L106.223,9.256zM97.96,8.069L78.244,30.6C78.204,30.073,78.163,29.545,78.163,29.008C78.163,17.834,86.941,8.698,97.96,8.069zM113.163,176.011c0.0,7.718,-6.279,13.997,-14.0,13.997s-14.0,-6.279,-14.0,-13.997v-52.507c0.0,-7.718,6.279,-13.997,14.0,-13.997s14.0,6.279,14.0,13.997V176.011zM131.794,48.432l4.751,81.952c0.263,4.539,-1.196,8.846,-4.003,11.82c-2.362,2.502,-5.517,3.879,-8.887,3.879H120.163v-22.579c0.0,-11.577,-9.42,-20.997,-21.0,-20.997s-21.0,9.42,-21.0,20.997v22.579h-3.514c-3.353,0.0,-6.501,-1.378,-8.859,-3.876c-2.809,-2.981,-4.272,-7.287,-4.009,-11.823l4.751,-81.952c0.275,-4.726,2.379,-9.141,5.621,-12.16C75.364,48.195,86.24,57.008,99.163,57.008c12.911,0.0,23.78,-8.797,27.002,-20.704C129.42,39.334,131.521,43.721,131.794,48.432zM179.663,18.508H148.163v-7.0h31.5V18.508z"">
   </path>
  </g>
 </g>
</svg>


Question: How many circles are present in the image?",2,1,3,4,A,land_crafts
106,"Examine the following SVG code carefully and answer the question based on your interpretation of the rendered image.

<svg id=""Layer_1"" style=""enable-background:new 0 0 196 196;"" version=""1.1"" viewbox=""0 0 196 196"" x=""0px"" xml:space=""preserve"" y=""0px"">
 <g>
  <g>
   <path d=""M183.163,4.508h-38.5c-1.934,0.0,-3.5,1.566,-3.5,3.5v5.301L126.647,23.728C124.169,10.807,112.796,1.008,99.163,1.008S74.157,10.807,71.679,23.728L57.163,13.309V8.008c0.0,-1.934,-1.566,-3.5,-3.5,-3.5H15.163c-1.934,0.0,-3.5,1.566,-3.5,3.5v14.0c0.0,1.934,1.566,3.5,3.5,3.5h38.5c1.934,0.0,3.5,-1.566,3.5,-3.5v-0.082l11.458,8.224c-5.216,4.243,-8.666,10.804,-9.075,17.879l-4.751,81.953c-0.376,6.45,1.777,12.657,5.903,17.028c3.695,3.917,8.651,6.074,13.952,6.074H78.163v22.928C78.163,187.588,87.583,197.008,99.163,197.008s21.0,-9.42,21.0,-20.997v-22.928h3.493c5.318,0.0,10.281,-2.157,13.976,-6.074c4.125,-4.372,6.275,-10.579,5.899,-17.028l-4.751,-81.952c-0.41,-7.055,-3.803,-13.645,-9.042,-17.903l11.424,-8.2V22.008c0.0,1.934,1.566,3.5,3.5,3.5H183.163c1.934,0.0,3.5,-1.566,3.5,-3.5V8.008C186.663,6.074,185.097,4.508,183.163,4.508zM50.163,18.508H18.663v-7.0H50.163V18.508zM106.223,9.256C114.335,12.164,120.163,19.908,120.163,29.008c0.0,11.58,-9.42,21.0,-21.0,21.0c-8.111,0.0,-15.148,-4.63,-18.645,-11.377L106.223,9.256zM97.96,8.069L78.244,30.6C78.204,30.073,78.163,29.545,78.163,29.008C78.163,17.834,86.941,8.698,97.96,8.069zM113.163,176.011c0.0,7.718,-6.279,13.997,-14.0,13.997s-14.0,-6.279,-14.0,-13.997v-52.507c0.0,-7.718,6.279,-13.997,14.0,-13.997s14.0,6.279,14.0,13.997V176.011zM131.794,48.432l4.751,81.952c0.263,4.539,-1.196,8.846,-4.003,11.82c-2.362,2.502,-5.517,3.879,-8.887,3.879H120.163v-22.579c0.0,-11.577,-9.42,-20.997,-21.0,-20.997s-21.0,9.42,-21.0,20.997v22.579h-3.514c-3.353,0.0,-6.501,-1.378,-8.859,-3.876c-2.809,-2.981,-4.272,-7.287,-4.009,-11.823l4.751,-81.952c0.275,-4.726,2.379,-9.141,5.621,-12.16C75.364,48.195,86.24,57.008,99.163,57.008c12.911,0.0,23.78,-8.797,27.002,-20.704C129.42,39.334,131.521,43.721,131.794,48.432zM179.663,18.508H148.163v-7.0h31.5V18.508z"">
   </path>
  </g>
 </g>
</svg>


Question: What is the shape of the object at the bottom?",Square,Rectangle,Circle,Triangle,B,land_crafts
107,"Examine the following SVG code carefully and answer the question based on your interpretation of the rendered image.

<svg id=""Layer_1"" style=""enable-background:new 0 0 196 196;"" version=""1.1"" viewbox=""0 0 196 196"" x=""0px"" xml:space=""preserve"" y=""0px"">
 <g>
  <g>
   <path d=""M183.163,4.508h-38.5c-1.934,0.0,-3.5,1.566,-3.5,3.5v5.301L126.647,23.728C124.169,10.807,112.796,1.008,99.163,1.008S74.157,10.807,71.679,23.728L57.163,13.309V8.008c0.0,-1.934,-1.566,-3.5,-3.5,-3.5H15.163c-1.934,0.0,-3.5,1.566,-3.5,3.5v14.0c0.0,1.934,1.566,3.5,3.5,3.5h38.5c1.934,0.0,3.5,-1.566,3.5,-3.5v-0.082l11.458,8.224c-5.216,4.243,-8.666,10.804,-9.075,17.879l-4.751,81.953c-0.376,6.45,1.777,12.657,5.903,17.028c3.695,3.917,8.651,6.074,13.952,6.074H78.163v22.928C78.163,187.588,87.583,197.008,99.163,197.008s21.0,-9.42,21.0,-20.997v-22.928h3.493c5.318,0.0,10.281,-2.157,13.976,-6.074c4.125,-4.372,6.275,-10.579,5.899,-17.028l-4.751,-81.952c-0.41,-7.055,-3.803,-13.645,-9.042,-17.903l11.424,-8.2V22.008c0.0,1.934,1.566,3.5,3.5,3.5H183.163c1.934,0.0,3.5,-1.566,3.5,-3.5V8.008C186.663,6.074,185.097,4.508,183.163,4.508zM50.163,18.508H18.663v-7.0H50.163V18.508zM106.223,9.256C114.335,12.164,120.163,19.908,120.163,29.008c0.0,11.58,-9.42,21.0,-21.0,21.0c-8.111,0.0,-15.148,-4.63,-18.645,-11.377L106.223,9.256zM97.96,8.069L78.244,30.6C78.204,30.073,78.163,29.545,78.163,29.008C78.163,17.834,86.941,8.698,97.96,8.069zM113.163,176.011c0.0,7.718,-6.279,13.997,-14.0,13.997s-14.0,-6.279,-14.0,-13.997v-52.507c0.0,-7.718,6.279,-13.997,14.0,-13.997s14.0,6.279,14.0,13.997V176.011zM131.794,48.432l4.751,81.952c0.263,4.539,-1.196,8.846,-4.003,11.82c-2.362,2.502,-5.517,3.879,-8.887,3.879H120.163v-22.579c0.0,-11.577,-9.42,-20.997,-21.0,-20.997s-21.0,9.42,-21.0,20.997v22.579h-3.514c-3.353,0.0,-6.501,-1.378,-8.859,-3.876c-2.809,-2.981,-4.272,-7.287,-4.009,-11.823l4.751,-81.952c0.275,-4.726,2.379,-9.141,5.621,-12.16C75.364,48.195,86.24,57.008,99.163,57.008c12.911,0.0,23.78,-8.797,27.002,-20.704C129.42,39.334,131.521,43.721,131.794,48.432zM179.663,18.508H148.163v-7.0h31.5V18.508z"">
   </path>
  </g>
 </g>
</svg>


Question: What is the object in the image?",Scooter,Bicycle,Car,Airplane,A,land_crafts
116,"Examine the following SVG code carefully and answer the question based on your interpretation of the rendered image.

<svg id=""Layer_1"" style=""enable-background:new 0 0 512 512;"" version=""1.1"" viewbox=""0 0 512 512"" x=""0px"" xml:space=""preserve"" y=""0px"">
 <circle cx=""258.729"" cy=""258.819"" r=""256"" style=""fill:#F2CF61;"">
 </circle>
 <polygon points=""440.229,240.195 373.729,149.943 169.477,211.695 107.729,282.943"" style=""fill:#C2E2F2;"">
 </polygon>
 <line style=""fill:none;stroke:#263740;stroke-width:2;stroke-linecap:round;stroke-linejoin:round;stroke-miterlimit:10;"" x1=""311.969"" x2=""340.489"" y1=""168.853"" y2=""249.605"">
 </line>
 <path d=""M107.729,286.943c-1.46,0.0,-2.82,-0.8,-3.524,-2.108c-0.784,-1.46,-0.584,-3.256,0.5,-4.512l61.748,-71.248c0.496,-0.572,1.144,-0.992,1.864,-1.208l204.252,-61.752c1.604,-0.492,3.376,0.092,4.376,1.456l66.5,90.252c0.844,1.14,1.016,2.644,0.46,3.944c-0.56,1.304,-1.764,2.216,-3.168,2.396l-332.5,42.748C108.069,286.931,107.897,286.943,107.729,286.943zM171.741,215.191l-54.12,62.448l315.356,-40.544l-60.796,-82.508L171.741,215.191z"" style=""fill:#263740;"">
 </path>
 <polygon points=""397.481,366.819 506.729,225.131 50.729,282.943 50.729,366.819"" style=""fill:#E6E6E6;"">
 </polygon>
 <polygon points=""50.729,309.891 50.729,328.999 460.813,285.831 467.189,277.519 476.749,265.055"" style=""fill:#CC584C;"">
 </polygon>
 <path d=""M498.573,348.411C486.929,343.627,478.729,332.183,478.729,318.819c0.0,-2.212,-1.788,-4.0,-4.0,-4.0s-4.0,1.788,-4.0,4.0c0.0,17.672,-14.328,32.0,-32.0,32.0s-32.0,-14.328,-32.0,-32.0c0.0,-2.212,-1.788,-4.0,-4.0,-4.0s-4.0,1.788,-4.0,4.0c0.0,17.672,-14.328,32.0,-32.0,32.0s-32.0,-14.328,-32.0,-32.0c0.0,-2.212,-1.788,-4.0,-4.0,-4.0s-4.0,1.788,-4.0,4.0c0.0,17.672,-14.328,32.0,-32.0,32.0s-32.0,-14.328,-32.0,-32.0c0.0,-2.212,-1.788,-4.0,-4.0,-4.0s-4.0,1.788,-4.0,4.0c0.0,17.672,-14.328,32.0,-32.0,32.0s-32.0,-14.328,-32.0,-32.0c0.0,-2.212,-1.788,-4.0,-4.0,-4.0s-4.0,1.788,-4.0,4.0c0.0,17.672,-14.328,32.0,-32.0,32.0s-32.0,-14.328,-32.0,-32.0c0.0,-2.212,-1.788,-4.0,-4.0,-4.0s-4.0,1.788,-4.0,4.0c0.0,17.672,-14.328,32.0,-32.0,32.0s-32.0,-14.328,-32.0,-32.0c0.0,-2.212,-1.788,-4.0,-4.0,-4.0s-4.0,1.788,-4.0,4.0c0.0,13.368,-8.204,24.808,-19.844,29.592C55.209,445.599,148.873,514.819,258.729,514.819S462.249,445.599,498.573,348.411z"" style=""fill:#406A80;"">
 </path>
 <path d=""M442.729,354.819c0.0,-2.212,-1.788,-4.0,-4.0,-4.0s-4.0,1.788,-4.0,4.0c0.0,17.672,-14.328,32.0,-32.0,32.0s-32.0,-14.328,-32.0,-32.0c0.0,-2.212,-1.788,-4.0,-4.0,-4.0s-4.0,1.788,-4.0,4.0c0.0,17.672,-14.328,32.0,-32.0,32.0s-32.0,-14.328,-32.0,-32.0c0.0,-2.212,-1.788,-4.0,-4.0,-4.0s-4.0,1.788,-4.0,4.0c0.0,17.672,-14.328,32.0,-32.0,32.0s-32.0,-14.328,-32.0,-32.0c0.0,-2.212,-1.788,-4.0,-4.0,-4.0s-4.0,1.788,-4.0,4.0c0.0,17.672,-14.328,32.0,-32.0,32.0s-32.0,-14.328,-32.0,-32.0c0.0,-2.212,-1.788,-4.0,-4.0,-4.0s-4.0,1.788,-4.0,4.0c0.0,17.672,-14.328,32.0,-32.0,32.0s-32.0,-14.328,-32.0,-32.0c0.0,-2.212,-1.788,-4.0,-4.0,-4.0s-4.0,1.788,-4.0,4.0c0.0,17.672,-14.328,32.0,-32.0,32.0c-2.052,0.0,-4.056,-0.212,-6.0,-0.584C80.917,463.055,163.753,514.819,258.729,514.819s177.812,-51.764,222.0,-128.584c-1.944,0.372,-3.944,0.584,-6.0,0.584C457.057,386.819,442.729,372.491,442.729,354.819z"" style=""fill:#2179A6;"">
 </path>
 <g>
  <path d=""M50.625,407.823C97.077,472.583,172.949,514.819,258.729,514.819c91.492,0.0,171.728,-48.032,216.992,-120.228C475.097,392.099,474.729,389.507,474.729,386.819c0.0,-2.212,-1.788,-4.0,-4.0,-4.0s-4.0,1.788,-4.0,4.0c0.0,17.672,-14.328,32.0,-32.0,32.0s-32.0,-14.328,-32.0,-32.0c0.0,-2.212,-1.788,-4.0,-4.0,-4.0s-4.0,1.788,-4.0,4.0c0.0,17.672,-14.328,32.0,-32.0,32.0s-32.0,-14.328,-32.0,-32.0c0.0,-2.212,-1.788,-4.0,-4.0,-4.0s-4.0,1.788,-4.0,4.0c0.0,17.672,-14.328,32.0,-32.0,32.0s-32.0,-14.328,-32.0,-32.0c0.0,-2.212,-1.788,-4.0,-4.0,-4.0s-4.0,1.788,-4.0,4.0c0.0,17.672,-14.328,32.0,-32.0,32.0s-32.0,-14.328,-32.0,-32.0c0.0,-2.212,-1.788,-4.0,-4.0,-4.0s-4.0,1.788,-4.0,4.0c0.0,17.672,-14.328,32.0,-32.0,32.0s-32.0,-14.328,-32.0,-32.0c0.0,-2.212,-1.788,-4.0,-4.0,-4.0s-4.0,1.788,-4.0,4.0c0.0,17.672,-14.328,32.0,-32.0,32.0C65.105,418.819,56.493,414.555,50.625,407.823z"" style=""fill:#2995CC;"">
  </path>
  <path d=""M46.913,402.599C44.261,397.939,42.729,392.563,42.729,386.819c0.0,-2.212,-1.788,-4.0,-4.0,-4.0c-1.264,0.0,-2.344,0.624,-3.08,1.544C39.169,390.599,42.901,396.703,46.913,402.599z"" style=""fill:#2995CC;"">
  </path>
 </g>
</svg>


Question: What is the primary color of the background in the image?",Blue,Yellow,Green,Red,B,land_crafts
117,"Examine the following SVG code carefully and answer the question based on your interpretation of the rendered image.

<svg id=""Layer_1"" style=""enable-background:new 0 0 512 512;"" version=""1.1"" viewbox=""0 0 512 512"" x=""0px"" xml:space=""preserve"" y=""0px"">
 <circle cx=""258.729"" cy=""258.819"" r=""256"" style=""fill:#F2CF61;"">
 </circle>
 <polygon points=""440.229,240.195 373.729,149.943 169.477,211.695 107.729,282.943"" style=""fill:#C2E2F2;"">
 </polygon>
 <line style=""fill:none;stroke:#263740;stroke-width:2;stroke-linecap:round;stroke-linejoin:round;stroke-miterlimit:10;"" x1=""311.969"" x2=""340.489"" y1=""168.853"" y2=""249.605"">
 </line>
 <path d=""M107.729,286.943c-1.46,0.0,-2.82,-0.8,-3.524,-2.108c-0.784,-1.46,-0.584,-3.256,0.5,-4.512l61.748,-71.248c0.496,-0.572,1.144,-0.992,1.864,-1.208l204.252,-61.752c1.604,-0.492,3.376,0.092,4.376,1.456l66.5,90.252c0.844,1.14,1.016,2.644,0.46,3.944c-0.56,1.304,-1.764,2.216,-3.168,2.396l-332.5,42.748C108.069,286.931,107.897,286.943,107.729,286.943zM171.741,215.191l-54.12,62.448l315.356,-40.544l-60.796,-82.508L171.741,215.191z"" style=""fill:#263740;"">
 </path>
 <polygon points=""397.481,366.819 506.729,225.131 50.729,282.943 50.729,366.819"" style=""fill:#E6E6E6;"">
 </polygon>
 <polygon points=""50.729,309.891 50.729,328.999 460.813,285.831 467.189,277.519 476.749,265.055"" style=""fill:#CC584C;"">
 </polygon>
 <path d=""M498.573,348.411C486.929,343.627,478.729,332.183,478.729,318.819c0.0,-2.212,-1.788,-4.0,-4.0,-4.0s-4.0,1.788,-4.0,4.0c0.0,17.672,-14.328,32.0,-32.0,32.0s-32.0,-14.328,-32.0,-32.0c0.0,-2.212,-1.788,-4.0,-4.0,-4.0s-4.0,1.788,-4.0,4.0c0.0,17.672,-14.328,32.0,-32.0,32.0s-32.0,-14.328,-32.0,-32.0c0.0,-2.212,-1.788,-4.0,-4.0,-4.0s-4.0,1.788,-4.0,4.0c0.0,17.672,-14.328,32.0,-32.0,32.0s-32.0,-14.328,-32.0,-32.0c0.0,-2.212,-1.788,-4.0,-4.0,-4.0s-4.0,1.788,-4.0,4.0c0.0,17.672,-14.328,32.0,-32.0,32.0s-32.0,-14.328,-32.0,-32.0c0.0,-2.212,-1.788,-4.0,-4.0,-4.0s-4.0,1.788,-4.0,4.0c0.0,17.672,-14.328,32.0,-32.0,32.0s-32.0,-14.328,-32.0,-32.0c0.0,-2.212,-1.788,-4.0,-4.0,-4.0s-4.0,1.788,-4.0,4.0c0.0,17.672,-14.328,32.0,-32.0,32.0s-32.0,-14.328,-32.0,-32.0c0.0,-2.212,-1.788,-4.0,-4.0,-4.0s-4.0,1.788,-4.0,4.0c0.0,13.368,-8.204,24.808,-19.844,29.592C55.209,445.599,148.873,514.819,258.729,514.819S462.249,445.599,498.573,348.411z"" style=""fill:#406A80;"">
 </path>
 <path d=""M442.729,354.819c0.0,-2.212,-1.788,-4.0,-4.0,-4.0s-4.0,1.788,-4.0,4.0c0.0,17.672,-14.328,32.0,-32.0,32.0s-32.0,-14.328,-32.0,-32.0c0.0,-2.212,-1.788,-4.0,-4.0,-4.0s-4.0,1.788,-4.0,4.0c0.0,17.672,-14.328,32.0,-32.0,32.0s-32.0,-14.328,-32.0,-32.0c0.0,-2.212,-1.788,-4.0,-4.0,-4.0s-4.0,1.788,-4.0,4.0c0.0,17.672,-14.328,32.0,-32.0,32.0s-32.0,-14.328,-32.0,-32.0c0.0,-2.212,-1.788,-4.0,-4.0,-4.0s-4.0,1.788,-4.0,4.0c0.0,17.672,-14.328,32.0,-32.0,32.0s-32.0,-14.328,-32.0,-32.0c0.0,-2.212,-1.788,-4.0,-4.0,-4.0s-4.0,1.788,-4.0,4.0c0.0,17.672,-14.328,32.0,-32.0,32.0s-32.0,-14.328,-32.0,-32.0c0.0,-2.212,-1.788,-4.0,-4.0,-4.0s-4.0,1.788,-4.0,4.0c0.0,17.672,-14.328,32.0,-32.0,32.0c-2.052,0.0,-4.056,-0.212,-6.0,-0.584C80.917,463.055,163.753,514.819,258.729,514.819s177.812,-51.764,222.0,-128.584c-1.944,0.372,-3.944,0.584,-6.0,0.584C457.057,386.819,442.729,372.491,442.729,354.819z"" style=""fill:#2179A6;"">
 </path>
 <g>
  <path d=""M50.625,407.823C97.077,472.583,172.949,514.819,258.729,514.819c91.492,0.0,171.728,-48.032,216.992,-120.228C475.097,392.099,474.729,389.507,474.729,386.819c0.0,-2.212,-1.788,-4.0,-4.0,-4.0s-4.0,1.788,-4.0,4.0c0.0,17.672,-14.328,32.0,-32.0,32.0s-32.0,-14.328,-32.0,-32.0c0.0,-2.212,-1.788,-4.0,-4.0,-4.0s-4.0,1.788,-4.0,4.0c0.0,17.672,-14.328,32.0,-32.0,32.0s-32.0,-14.328,-32.0,-32.0c0.0,-2.212,-1.788,-4.0,-4.0,-4.0s-4.0,1.788,-4.0,4.0c0.0,17.672,-14.328,32.0,-32.0,32.0s-32.0,-14.328,-32.0,-32.0c0.0,-2.212,-1.788,-4.0,-4.0,-4.0s-4.0,1.788,-4.0,4.0c0.0,17.672,-14.328,32.0,-32.0,32.0s-32.0,-14.328,-32.0,-32.0c0.0,-2.212,-1.788,-4.0,-4.0,-4.0s-4.0,1.788,-4.0,4.0c0.0,17.672,-14.328,32.0,-32.0,32.0s-32.0,-14.328,-32.0,-32.0c0.0,-2.212,-1.788,-4.0,-4.0,-4.0s-4.0,1.788,-4.0,4.0c0.0,17.672,-14.328,32.0,-32.0,32.0C65.105,418.819,56.493,414.555,50.625,407.823z"" style=""fill:#2995CC;"">
  </path>
  <path d=""M46.913,402.599C44.261,397.939,42.729,392.563,42.729,386.819c0.0,-2.212,-1.788,-4.0,-4.0,-4.0c-1.264,0.0,-2.344,0.624,-3.08,1.544C39.169,390.599,42.901,396.703,46.913,402.599z"" style=""fill:#2995CC;"">
  </path>
 </g>
</svg>


Question: What shape is the object floating on?",Circle,Triangle,Square,Rectangle,A,land_crafts
118,"Examine the following SVG code carefully and answer the question based on your interpretation of the rendered image.

<svg id=""Layer_1"" style=""enable-background:new 0 0 512 512;"" version=""1.1"" viewbox=""0 0 512 512"" x=""0px"" xml:space=""preserve"" y=""0px"">
 <circle cx=""258.729"" cy=""258.819"" r=""256"" style=""fill:#F2CF61;"">
 </circle>
 <polygon points=""440.229,240.195 373.729,149.943 169.477,211.695 107.729,282.943"" style=""fill:#C2E2F2;"">
 </polygon>
 <line style=""fill:none;stroke:#263740;stroke-width:2;stroke-linecap:round;stroke-linejoin:round;stroke-miterlimit:10;"" x1=""311.969"" x2=""340.489"" y1=""168.853"" y2=""249.605"">
 </line>
 <path d=""M107.729,286.943c-1.46,0.0,-2.82,-0.8,-3.524,-2.108c-0.784,-1.46,-0.584,-3.256,0.5,-4.512l61.748,-71.248c0.496,-0.572,1.144,-0.992,1.864,-1.208l204.252,-61.752c1.604,-0.492,3.376,0.092,4.376,1.456l66.5,90.252c0.844,1.14,1.016,2.644,0.46,3.944c-0.56,1.304,-1.764,2.216,-3.168,2.396l-332.5,42.748C108.069,286.931,107.897,286.943,107.729,286.943zM171.741,215.191l-54.12,62.448l315.356,-40.544l-60.796,-82.508L171.741,215.191z"" style=""fill:#263740;"">
 </path>
 <polygon points=""397.481,366.819 506.729,225.131 50.729,282.943 50.729,366.819"" style=""fill:#E6E6E6;"">
 </polygon>
 <polygon points=""50.729,309.891 50.729,328.999 460.813,285.831 467.189,277.519 476.749,265.055"" style=""fill:#CC584C;"">
 </polygon>
 <path d=""M498.573,348.411C486.929,343.627,478.729,332.183,478.729,318.819c0.0,-2.212,-1.788,-4.0,-4.0,-4.0s-4.0,1.788,-4.0,4.0c0.0,17.672,-14.328,32.0,-32.0,32.0s-32.0,-14.328,-32.0,-32.0c0.0,-2.212,-1.788,-4.0,-4.0,-4.0s-4.0,1.788,-4.0,4.0c0.0,17.672,-14.328,32.0,-32.0,32.0s-32.0,-14.328,-32.0,-32.0c0.0,-2.212,-1.788,-4.0,-4.0,-4.0s-4.0,1.788,-4.0,4.0c0.0,17.672,-14.328,32.0,-32.0,32.0s-32.0,-14.328,-32.0,-32.0c0.0,-2.212,-1.788,-4.0,-4.0,-4.0s-4.0,1.788,-4.0,4.0c0.0,17.672,-14.328,32.0,-32.0,32.0s-32.0,-14.328,-32.0,-32.0c0.0,-2.212,-1.788,-4.0,-4.0,-4.0s-4.0,1.788,-4.0,4.0c0.0,17.672,-14.328,32.0,-32.0,32.0s-32.0,-14.328,-32.0,-32.0c0.0,-2.212,-1.788,-4.0,-4.0,-4.0s-4.0,1.788,-4.0,4.0c0.0,17.672,-14.328,32.0,-32.0,32.0s-32.0,-14.328,-32.0,-32.0c0.0,-2.212,-1.788,-4.0,-4.0,-4.0s-4.0,1.788,-4.0,4.0c0.0,13.368,-8.204,24.808,-19.844,29.592C55.209,445.599,148.873,514.819,258.729,514.819S462.249,445.599,498.573,348.411z"" style=""fill:#406A80;"">
 </path>
 <path d=""M442.729,354.819c0.0,-2.212,-1.788,-4.0,-4.0,-4.0s-4.0,1.788,-4.0,4.0c0.0,17.672,-14.328,32.0,-32.0,32.0s-32.0,-14.328,-32.0,-32.0c0.0,-2.212,-1.788,-4.0,-4.0,-4.0s-4.0,1.788,-4.0,4.0c0.0,17.672,-14.328,32.0,-32.0,32.0s-32.0,-14.328,-32.0,-32.0c0.0,-2.212,-1.788,-4.0,-4.0,-4.0s-4.0,1.788,-4.0,4.0c0.0,17.672,-14.328,32.0,-32.0,32.0s-32.0,-14.328,-32.0,-32.0c0.0,-2.212,-1.788,-4.0,-4.0,-4.0s-4.0,1.788,-4.0,4.0c0.0,17.672,-14.328,32.0,-32.0,32.0s-32.0,-14.328,-32.0,-32.0c0.0,-2.212,-1.788,-4.0,-4.0,-4.0s-4.0,1.788,-4.0,4.0c0.0,17.672,-14.328,32.0,-32.0,32.0s-32.0,-14.328,-32.0,-32.0c0.0,-2.212,-1.788,-4.0,-4.0,-4.0s-4.0,1.788,-4.0,4.0c0.0,17.672,-14.328,32.0,-32.0,32.0c-2.052,0.0,-4.056,-0.212,-6.0,-0.584C80.917,463.055,163.753,514.819,258.729,514.819s177.812,-51.764,222.0,-128.584c-1.944,0.372,-3.944,0.584,-6.0,0.584C457.057,386.819,442.729,372.491,442.729,354.819z"" style=""fill:#2179A6;"">
 </path>
 <g>
  <path d=""M50.625,407.823C97.077,472.583,172.949,514.819,258.729,514.819c91.492,0.0,171.728,-48.032,216.992,-120.228C475.097,392.099,474.729,389.507,474.729,386.819c0.0,-2.212,-1.788,-4.0,-4.0,-4.0s-4.0,1.788,-4.0,4.0c0.0,17.672,-14.328,32.0,-32.0,32.0s-32.0,-14.328,-32.0,-32.0c0.0,-2.212,-1.788,-4.0,-4.0,-4.0s-4.0,1.788,-4.0,4.0c0.0,17.672,-14.328,32.0,-32.0,32.0s-32.0,-14.328,-32.0,-32.0c0.0,-2.212,-1.788,-4.0,-4.0,-4.0s-4.0,1.788,-4.0,4.0c0.0,17.672,-14.328,32.0,-32.0,32.0s-32.0,-14.328,-32.0,-32.0c0.0,-2.212,-1.788,-4.0,-4.0,-4.0s-4.0,1.788,-4.0,4.0c0.0,17.672,-14.328,32.0,-32.0,32.0s-32.0,-14.328,-32.0,-32.0c0.0,-2.212,-1.788,-4.0,-4.0,-4.0s-4.0,1.788,-4.0,4.0c0.0,17.672,-14.328,32.0,-32.0,32.0s-32.0,-14.328,-32.0,-32.0c0.0,-2.212,-1.788,-4.0,-4.0,-4.0s-4.0,1.788,-4.0,4.0c0.0,17.672,-14.328,32.0,-32.0,32.0C65.105,418.819,56.493,414.555,50.625,407.823z"" style=""fill:#2995CC;"">
  </path>
  <path d=""M46.913,402.599C44.261,397.939,42.729,392.563,42.729,386.819c0.0,-2.212,-1.788,-4.0,-4.0,-4.0c-1.264,0.0,-2.344,0.624,-3.08,1.544C39.169,390.599,42.901,396.703,46.913,402.599z"" style=""fill:#2995CC;"">
  </path>
 </g>
</svg>


Question: What color is the stripe on the object?",Blue,Green,Red,Yellow,C,land_crafts
119,"Examine the following SVG code carefully and answer the question based on your interpretation of the rendered image.

<svg id=""Layer_1"" style=""enable-background:new 0 0 512 512;"" version=""1.1"" viewbox=""0 0 512 512"" x=""0px"" xml:space=""preserve"" y=""0px"">
 <circle cx=""258.729"" cy=""258.819"" r=""256"" style=""fill:#F2CF61;"">
 </circle>
 <polygon points=""440.229,240.195 373.729,149.943 169.477,211.695 107.729,282.943"" style=""fill:#C2E2F2;"">
 </polygon>
 <line style=""fill:none;stroke:#263740;stroke-width:2;stroke-linecap:round;stroke-linejoin:round;stroke-miterlimit:10;"" x1=""311.969"" x2=""340.489"" y1=""168.853"" y2=""249.605"">
 </line>
 <path d=""M107.729,286.943c-1.46,0.0,-2.82,-0.8,-3.524,-2.108c-0.784,-1.46,-0.584,-3.256,0.5,-4.512l61.748,-71.248c0.496,-0.572,1.144,-0.992,1.864,-1.208l204.252,-61.752c1.604,-0.492,3.376,0.092,4.376,1.456l66.5,90.252c0.844,1.14,1.016,2.644,0.46,3.944c-0.56,1.304,-1.764,2.216,-3.168,2.396l-332.5,42.748C108.069,286.931,107.897,286.943,107.729,286.943zM171.741,215.191l-54.12,62.448l315.356,-40.544l-60.796,-82.508L171.741,215.191z"" style=""fill:#263740;"">
 </path>
 <polygon points=""397.481,366.819 506.729,225.131 50.729,282.943 50.729,366.819"" style=""fill:#E6E6E6;"">
 </polygon>
 <polygon points=""50.729,309.891 50.729,328.999 460.813,285.831 467.189,277.519 476.749,265.055"" style=""fill:#CC584C;"">
 </polygon>
 <path d=""M498.573,348.411C486.929,343.627,478.729,332.183,478.729,318.819c0.0,-2.212,-1.788,-4.0,-4.0,-4.0s-4.0,1.788,-4.0,4.0c0.0,17.672,-14.328,32.0,-32.0,32.0s-32.0,-14.328,-32.0,-32.0c0.0,-2.212,-1.788,-4.0,-4.0,-4.0s-4.0,1.788,-4.0,4.0c0.0,17.672,-14.328,32.0,-32.0,32.0s-32.0,-14.328,-32.0,-32.0c0.0,-2.212,-1.788,-4.0,-4.0,-4.0s-4.0,1.788,-4.0,4.0c0.0,17.672,-14.328,32.0,-32.0,32.0s-32.0,-14.328,-32.0,-32.0c0.0,-2.212,-1.788,-4.0,-4.0,-4.0s-4.0,1.788,-4.0,4.0c0.0,17.672,-14.328,32.0,-32.0,32.0s-32.0,-14.328,-32.0,-32.0c0.0,-2.212,-1.788,-4.0,-4.0,-4.0s-4.0,1.788,-4.0,4.0c0.0,17.672,-14.328,32.0,-32.0,32.0s-32.0,-14.328,-32.0,-32.0c0.0,-2.212,-1.788,-4.0,-4.0,-4.0s-4.0,1.788,-4.0,4.0c0.0,17.672,-14.328,32.0,-32.0,32.0s-32.0,-14.328,-32.0,-32.0c0.0,-2.212,-1.788,-4.0,-4.0,-4.0s-4.0,1.788,-4.0,4.0c0.0,13.368,-8.204,24.808,-19.844,29.592C55.209,445.599,148.873,514.819,258.729,514.819S462.249,445.599,498.573,348.411z"" style=""fill:#406A80;"">
 </path>
 <path d=""M442.729,354.819c0.0,-2.212,-1.788,-4.0,-4.0,-4.0s-4.0,1.788,-4.0,4.0c0.0,17.672,-14.328,32.0,-32.0,32.0s-32.0,-14.328,-32.0,-32.0c0.0,-2.212,-1.788,-4.0,-4.0,-4.0s-4.0,1.788,-4.0,4.0c0.0,17.672,-14.328,32.0,-32.0,32.0s-32.0,-14.328,-32.0,-32.0c0.0,-2.212,-1.788,-4.0,-4.0,-4.0s-4.0,1.788,-4.0,4.0c0.0,17.672,-14.328,32.0,-32.0,32.0s-32.0,-14.328,-32.0,-32.0c0.0,-2.212,-1.788,-4.0,-4.0,-4.0s-4.0,1.788,-4.0,4.0c0.0,17.672,-14.328,32.0,-32.0,32.0s-32.0,-14.328,-32.0,-32.0c0.0,-2.212,-1.788,-4.0,-4.0,-4.0s-4.0,1.788,-4.0,4.0c0.0,17.672,-14.328,32.0,-32.0,32.0s-32.0,-14.328,-32.0,-32.0c0.0,-2.212,-1.788,-4.0,-4.0,-4.0s-4.0,1.788,-4.0,4.0c0.0,17.672,-14.328,32.0,-32.0,32.0c-2.052,0.0,-4.056,-0.212,-6.0,-0.584C80.917,463.055,163.753,514.819,258.729,514.819s177.812,-51.764,222.0,-128.584c-1.944,0.372,-3.944,0.584,-6.0,0.584C457.057,386.819,442.729,372.491,442.729,354.819z"" style=""fill:#2179A6;"">
 </path>
 <g>
  <path d=""M50.625,407.823C97.077,472.583,172.949,514.819,258.729,514.819c91.492,0.0,171.728,-48.032,216.992,-120.228C475.097,392.099,474.729,389.507,474.729,386.819c0.0,-2.212,-1.788,-4.0,-4.0,-4.0s-4.0,1.788,-4.0,4.0c0.0,17.672,-14.328,32.0,-32.0,32.0s-32.0,-14.328,-32.0,-32.0c0.0,-2.212,-1.788,-4.0,-4.0,-4.0s-4.0,1.788,-4.0,4.0c0.0,17.672,-14.328,32.0,-32.0,32.0s-32.0,-14.328,-32.0,-32.0c0.0,-2.212,-1.788,-4.0,-4.0,-4.0s-4.0,1.788,-4.0,4.0c0.0,17.672,-14.328,32.0,-32.0,32.0s-32.0,-14.328,-32.0,-32.0c0.0,-2.212,-1.788,-4.0,-4.0,-4.0s-4.0,1.788,-4.0,4.0c0.0,17.672,-14.328,32.0,-32.0,32.0s-32.0,-14.328,-32.0,-32.0c0.0,-2.212,-1.788,-4.0,-4.0,-4.0s-4.0,1.788,-4.0,4.0c0.0,17.672,-14.328,32.0,-32.0,32.0s-32.0,-14.328,-32.0,-32.0c0.0,-2.212,-1.788,-4.0,-4.0,-4.0s-4.0,1.788,-4.0,4.0c0.0,17.672,-14.328,32.0,-32.0,32.0C65.105,418.819,56.493,414.555,50.625,407.823z"" style=""fill:#2995CC;"">
  </path>
  <path d=""M46.913,402.599C44.261,397.939,42.729,392.563,42.729,386.819c0.0,-2.212,-1.788,-4.0,-4.0,-4.0c-1.264,0.0,-2.344,0.624,-3.08,1.544C39.169,390.599,42.901,396.703,46.913,402.599z"" style=""fill:#2995CC;"">
  </path>
 </g>
</svg>


Question: What is the object in the image?",Car,Airplane,Boat,Train,C,land_crafts
124,"Examine the following SVG code carefully and answer the question based on your interpretation of the rendered image.

<svg id=""Layer_1"" style=""enable-background:new 0 0 295.241 295.241;"" version=""1.1"" viewbox=""0 0 295.241 295.241"" x=""0px"" xml:space=""preserve"" y=""0px"">
 <g>
  <g>
   <path d=""M56.689,217.101c6.567,0.0,11.905,-5.338,11.905,-11.905s-5.338,-11.905,-11.905,-11.905s-11.905,5.338,-11.905,11.905C44.784,211.763,50.122,217.101,56.689,217.101zM56.689,202.815c1.31,0.0,2.381,1.071,2.381,2.381s-1.071,2.381,-2.381,2.381s-2.381,-1.071,-2.381,-2.381S55.379,202.815,56.689,202.815z"" style=""fill:#333333;"">
   </path>
   <path d=""M68.594,205.196c0.0,6.567,5.338,11.905,11.905,11.905s11.905,-5.338,11.905,-11.905s-5.338,-11.905,-11.905,-11.905S68.594,198.629,68.594,205.196zM80.498,202.815c1.31,0.0,2.381,1.071,2.381,2.381s-1.071,2.381,-2.381,2.381s-2.381,-1.071,-2.381,-2.381C78.118,203.886,79.189,202.815,80.498,202.815z"" style=""fill:#333333;"">
   </path>
   <path d=""M254.308,205.196c0.0,-6.567,-5.338,-11.905,-11.905,-11.905s-11.905,5.338,-11.905,11.905s5.338,11.905,11.905,11.905S254.308,211.763,254.308,205.196zM242.403,207.577c-1.31,0.0,-2.381,-1.071,-2.381,-2.381s1.071,-2.381,2.381,-2.381s2.381,1.071,2.381,2.381C244.784,206.505,243.713,207.577,242.403,207.577z"" style=""fill:#333333;"">
   </path>
   <path d=""M230.498,205.196c0.0,-6.567,-5.338,-11.905,-11.905,-11.905s-11.905,5.338,-11.905,11.905s5.338,11.905,11.905,11.905S230.498,211.763,230.498,205.196zM218.594,207.577c-1.31,0.0,-2.381,-1.071,-2.381,-2.381s1.071,-2.381,2.381,-2.381s2.381,1.071,2.381,2.381C220.975,206.505,219.903,207.577,218.594,207.577z"" style=""fill:#333333;"">
   </path>
   <path d=""M282.879,74.244c-3.7,0.0,-7.043,1.448,-9.581,3.762l-9.467,-6.31V16.525c0.0,-7.557,-6.148,-13.71,-13.71,-13.71H48.97c-7.562,0.0,-13.71,6.152,-13.71,13.71v55.171l-9.467,6.31c-2.538,-2.314,-5.881,-3.762,-9.581,-3.762C8.337,74.244,1.927,80.653,1.927,88.529v23.81c0.0,7.876,6.41,14.286,14.286,14.286s14.286,-6.41,14.286,-14.286V102.815h4.762v114.286c-5.252,0.0,-9.524,4.271,-9.524,9.524v19.048c0.0,5.252,4.271,9.524,9.524,9.524h4.762v23.81c0.0,10.505,8.543,19.048,19.048,19.048s19.048,-8.543,19.048,-19.048v-23.81h142.857v23.81c0.0,10.505,8.543,19.048,19.048,19.048s19.048,-8.543,19.048,-19.048v-23.81h4.762c5.252,0.0,9.524,-4.271,9.524,-9.524V226.625c0.0,-5.252,-4.271,-9.524,-9.524,-9.524V102.815h4.762v9.524c0.0,7.876,6.41,14.286,14.286,14.286s14.286,-6.41,14.286,-14.286v-23.81C297.165,80.653,290.755,74.244,282.879,74.244zM254.308,183.767H209.827c-3.819,0.0,-7.252,2.271,-8.752,5.776l-11.81,27.557H109.827l-11.805,-27.552c-1.505,-3.51,-4.938,-5.781,-8.757,-5.781H44.784v-9.524h209.524V183.767zM44.784,45.672h209.524v119.048H44.784V45.672zM48.97,12.339h201.152c2.305,0.0,4.186,1.876,4.186,4.186v19.624H44.784V16.525C44.784,14.215,46.665,12.339,48.97,12.339zM20.975,112.339c0.0,2.624,-2.133,4.762,-4.762,4.762s-4.762,-2.138,-4.762,-4.762v-23.81c0.0,-2.624,2.133,-4.762,4.762,-4.762s4.762,2.138,4.762,4.762V112.339zM30.498,93.291v-4.762c0.0,-0.71,-0.11,-1.39,-0.21,-2.071l4.971,-3.319v10.152H30.498zM44.784,205.196v-11.905h11.905h23.81h8.767l10.205,23.81H80.498h-23.81H44.784V205.196zM68.594,279.005c0.0,5.252,-4.271,9.524,-9.524,9.524s-9.524,-4.271,-9.524,-9.524v-23.81h19.048C68.594,255.195,68.594,279.005,68.594,279.005zM249.546,279.005c0.0,5.252,-4.271,9.524,-9.524,9.524s-9.524,-4.271,-9.524,-9.524v-23.81h19.048V279.005zM263.832,245.672h-4.762h-38.095H78.118H40.022h-4.762V226.625h228.571v19.047H263.832zM242.403,217.101h-23.81h-18.971l10.205,-23.81h8.767h23.81h11.905v11.905v11.905H242.403zM263.832,93.291V83.139l4.971,3.314c-0.1,0.686,-0.21,1.367,-0.21,2.076v4.762H263.832zM287.641,112.339c0.0,2.624,-2.133,4.762,-4.762,4.762s-4.762,-2.138,-4.762,-4.762v-23.81c0.0,-2.624,2.133,-4.762,4.762,-4.762s4.762,2.138,4.762,4.762V112.339z"" style=""fill:#333333;"">
   </path>
   <rect height=""9.519"" style=""fill:#333333;"" transform=""matrix(0.6357 -0.7719 0.7719 0.6357 -35.6625 129.1909)"" width=""104.865"" x=""68.542"" y=""100.436"">
   </rect>
   <rect height=""9.519"" style=""fill:#333333;"" transform=""matrix(0.6357 -0.7719 0.7719 0.6357 -18.3162 165.949)"" width=""104.865"" x=""116.161"" y=""100.436"">
   </rect>
   <rect height=""42.857"" style=""fill:#F9BA48;"" width=""104.762"" x=""97.165"" y=""2.815"">
   </rect>
  </g>
 </g>
</svg>


Question: What shape are the windows on the object?",Circular,Triangular,Rectangular,Hexagonal,C,land_crafts
125,"Examine the following SVG code carefully and answer the question based on your interpretation of the rendered image.

<svg id=""Layer_1"" style=""enable-background:new 0 0 295.241 295.241;"" version=""1.1"" viewbox=""0 0 295.241 295.241"" x=""0px"" xml:space=""preserve"" y=""0px"">
 <g>
  <g>
   <path d=""M56.689,217.101c6.567,0.0,11.905,-5.338,11.905,-11.905s-5.338,-11.905,-11.905,-11.905s-11.905,5.338,-11.905,11.905C44.784,211.763,50.122,217.101,56.689,217.101zM56.689,202.815c1.31,0.0,2.381,1.071,2.381,2.381s-1.071,2.381,-2.381,2.381s-2.381,-1.071,-2.381,-2.381S55.379,202.815,56.689,202.815z"" style=""fill:#333333;"">
   </path>
   <path d=""M68.594,205.196c0.0,6.567,5.338,11.905,11.905,11.905s11.905,-5.338,11.905,-11.905s-5.338,-11.905,-11.905,-11.905S68.594,198.629,68.594,205.196zM80.498,202.815c1.31,0.0,2.381,1.071,2.381,2.381s-1.071,2.381,-2.381,2.381s-2.381,-1.071,-2.381,-2.381C78.118,203.886,79.189,202.815,80.498,202.815z"" style=""fill:#333333;"">
   </path>
   <path d=""M254.308,205.196c0.0,-6.567,-5.338,-11.905,-11.905,-11.905s-11.905,5.338,-11.905,11.905s5.338,11.905,11.905,11.905S254.308,211.763,254.308,205.196zM242.403,207.577c-1.31,0.0,-2.381,-1.071,-2.381,-2.381s1.071,-2.381,2.381,-2.381s2.381,1.071,2.381,2.381C244.784,206.505,243.713,207.577,242.403,207.577z"" style=""fill:#333333;"">
   </path>
   <path d=""M230.498,205.196c0.0,-6.567,-5.338,-11.905,-11.905,-11.905s-11.905,5.338,-11.905,11.905s5.338,11.905,11.905,11.905S230.498,211.763,230.498,205.196zM218.594,207.577c-1.31,0.0,-2.381,-1.071,-2.381,-2.381s1.071,-2.381,2.381,-2.381s2.381,1.071,2.381,2.381C220.975,206.505,219.903,207.577,218.594,207.577z"" style=""fill:#333333;"">
   </path>
   <path d=""M282.879,74.244c-3.7,0.0,-7.043,1.448,-9.581,3.762l-9.467,-6.31V16.525c0.0,-7.557,-6.148,-13.71,-13.71,-13.71H48.97c-7.562,0.0,-13.71,6.152,-13.71,13.71v55.171l-9.467,6.31c-2.538,-2.314,-5.881,-3.762,-9.581,-3.762C8.337,74.244,1.927,80.653,1.927,88.529v23.81c0.0,7.876,6.41,14.286,14.286,14.286s14.286,-6.41,14.286,-14.286V102.815h4.762v114.286c-5.252,0.0,-9.524,4.271,-9.524,9.524v19.048c0.0,5.252,4.271,9.524,9.524,9.524h4.762v23.81c0.0,10.505,8.543,19.048,19.048,19.048s19.048,-8.543,19.048,-19.048v-23.81h142.857v23.81c0.0,10.505,8.543,19.048,19.048,19.048s19.048,-8.543,19.048,-19.048v-23.81h4.762c5.252,0.0,9.524,-4.271,9.524,-9.524V226.625c0.0,-5.252,-4.271,-9.524,-9.524,-9.524V102.815h4.762v9.524c0.0,7.876,6.41,14.286,14.286,14.286s14.286,-6.41,14.286,-14.286v-23.81C297.165,80.653,290.755,74.244,282.879,74.244zM254.308,183.767H209.827c-3.819,0.0,-7.252,2.271,-8.752,5.776l-11.81,27.557H109.827l-11.805,-27.552c-1.505,-3.51,-4.938,-5.781,-8.757,-5.781H44.784v-9.524h209.524V183.767zM44.784,45.672h209.524v119.048H44.784V45.672zM48.97,12.339h201.152c2.305,0.0,4.186,1.876,4.186,4.186v19.624H44.784V16.525C44.784,14.215,46.665,12.339,48.97,12.339zM20.975,112.339c0.0,2.624,-2.133,4.762,-4.762,4.762s-4.762,-2.138,-4.762,-4.762v-23.81c0.0,-2.624,2.133,-4.762,4.762,-4.762s4.762,2.138,4.762,4.762V112.339zM30.498,93.291v-4.762c0.0,-0.71,-0.11,-1.39,-0.21,-2.071l4.971,-3.319v10.152H30.498zM44.784,205.196v-11.905h11.905h23.81h8.767l10.205,23.81H80.498h-23.81H44.784V205.196zM68.594,279.005c0.0,5.252,-4.271,9.524,-9.524,9.524s-9.524,-4.271,-9.524,-9.524v-23.81h19.048C68.594,255.195,68.594,279.005,68.594,279.005zM249.546,279.005c0.0,5.252,-4.271,9.524,-9.524,9.524s-9.524,-4.271,-9.524,-9.524v-23.81h19.048V279.005zM263.832,245.672h-4.762h-38.095H78.118H40.022h-4.762V226.625h228.571v19.047H263.832zM242.403,217.101h-23.81h-18.971l10.205,-23.81h8.767h23.81h11.905v11.905v11.905H242.403zM263.832,93.291V83.139l4.971,3.314c-0.1,0.686,-0.21,1.367,-0.21,2.076v4.762H263.832zM287.641,112.339c0.0,2.624,-2.133,4.762,-4.762,4.762s-4.762,-2.138,-4.762,-4.762v-23.81c0.0,-2.624,2.133,-4.762,4.762,-4.762s4.762,2.138,4.762,4.762V112.339z"" style=""fill:#333333;"">
   </path>
   <rect height=""9.519"" style=""fill:#333333;"" transform=""matrix(0.6357 -0.7719 0.7719 0.6357 -35.6625 129.1909)"" width=""104.865"" x=""68.542"" y=""100.436"">
   </rect>
   <rect height=""9.519"" style=""fill:#333333;"" transform=""matrix(0.6357 -0.7719 0.7719 0.6357 -18.3162 165.949)"" width=""104.865"" x=""116.161"" y=""100.436"">
   </rect>
   <rect height=""42.857"" style=""fill:#F9BA48;"" width=""104.762"" x=""97.165"" y=""2.815"">
   </rect>
  </g>
 </g>
</svg>


Question: How many wheels are visible on the object?",1,2,3,4,B,land_crafts
126,"Examine the following SVG code carefully and answer the question based on your interpretation of the rendered image.

<svg id=""Layer_1"" style=""enable-background:new 0 0 295.241 295.241;"" version=""1.1"" viewbox=""0 0 295.241 295.241"" x=""0px"" xml:space=""preserve"" y=""0px"">
 <g>
  <g>
   <path d=""M56.689,217.101c6.567,0.0,11.905,-5.338,11.905,-11.905s-5.338,-11.905,-11.905,-11.905s-11.905,5.338,-11.905,11.905C44.784,211.763,50.122,217.101,56.689,217.101zM56.689,202.815c1.31,0.0,2.381,1.071,2.381,2.381s-1.071,2.381,-2.381,2.381s-2.381,-1.071,-2.381,-2.381S55.379,202.815,56.689,202.815z"" style=""fill:#333333;"">
   </path>
   <path d=""M68.594,205.196c0.0,6.567,5.338,11.905,11.905,11.905s11.905,-5.338,11.905,-11.905s-5.338,-11.905,-11.905,-11.905S68.594,198.629,68.594,205.196zM80.498,202.815c1.31,0.0,2.381,1.071,2.381,2.381s-1.071,2.381,-2.381,2.381s-2.381,-1.071,-2.381,-2.381C78.118,203.886,79.189,202.815,80.498,202.815z"" style=""fill:#333333;"">
   </path>
   <path d=""M254.308,205.196c0.0,-6.567,-5.338,-11.905,-11.905,-11.905s-11.905,5.338,-11.905,11.905s5.338,11.905,11.905,11.905S254.308,211.763,254.308,205.196zM242.403,207.577c-1.31,0.0,-2.381,-1.071,-2.381,-2.381s1.071,-2.381,2.381,-2.381s2.381,1.071,2.381,2.381C244.784,206.505,243.713,207.577,242.403,207.577z"" style=""fill:#333333;"">
   </path>
   <path d=""M230.498,205.196c0.0,-6.567,-5.338,-11.905,-11.905,-11.905s-11.905,5.338,-11.905,11.905s5.338,11.905,11.905,11.905S230.498,211.763,230.498,205.196zM218.594,207.577c-1.31,0.0,-2.381,-1.071,-2.381,-2.381s1.071,-2.381,2.381,-2.381s2.381,1.071,2.381,2.381C220.975,206.505,219.903,207.577,218.594,207.577z"" style=""fill:#333333;"">
   </path>
   <path d=""M282.879,74.244c-3.7,0.0,-7.043,1.448,-9.581,3.762l-9.467,-6.31V16.525c0.0,-7.557,-6.148,-13.71,-13.71,-13.71H48.97c-7.562,0.0,-13.71,6.152,-13.71,13.71v55.171l-9.467,6.31c-2.538,-2.314,-5.881,-3.762,-9.581,-3.762C8.337,74.244,1.927,80.653,1.927,88.529v23.81c0.0,7.876,6.41,14.286,14.286,14.286s14.286,-6.41,14.286,-14.286V102.815h4.762v114.286c-5.252,0.0,-9.524,4.271,-9.524,9.524v19.048c0.0,5.252,4.271,9.524,9.524,9.524h4.762v23.81c0.0,10.505,8.543,19.048,19.048,19.048s19.048,-8.543,19.048,-19.048v-23.81h142.857v23.81c0.0,10.505,8.543,19.048,19.048,19.048s19.048,-8.543,19.048,-19.048v-23.81h4.762c5.252,0.0,9.524,-4.271,9.524,-9.524V226.625c0.0,-5.252,-4.271,-9.524,-9.524,-9.524V102.815h4.762v9.524c0.0,7.876,6.41,14.286,14.286,14.286s14.286,-6.41,14.286,-14.286v-23.81C297.165,80.653,290.755,74.244,282.879,74.244zM254.308,183.767H209.827c-3.819,0.0,-7.252,2.271,-8.752,5.776l-11.81,27.557H109.827l-11.805,-27.552c-1.505,-3.51,-4.938,-5.781,-8.757,-5.781H44.784v-9.524h209.524V183.767zM44.784,45.672h209.524v119.048H44.784V45.672zM48.97,12.339h201.152c2.305,0.0,4.186,1.876,4.186,4.186v19.624H44.784V16.525C44.784,14.215,46.665,12.339,48.97,12.339zM20.975,112.339c0.0,2.624,-2.133,4.762,-4.762,4.762s-4.762,-2.138,-4.762,-4.762v-23.81c0.0,-2.624,2.133,-4.762,4.762,-4.762s4.762,2.138,4.762,4.762V112.339zM30.498,93.291v-4.762c0.0,-0.71,-0.11,-1.39,-0.21,-2.071l4.971,-3.319v10.152H30.498zM44.784,205.196v-11.905h11.905h23.81h8.767l10.205,23.81H80.498h-23.81H44.784V205.196zM68.594,279.005c0.0,5.252,-4.271,9.524,-9.524,9.524s-9.524,-4.271,-9.524,-9.524v-23.81h19.048C68.594,255.195,68.594,279.005,68.594,279.005zM249.546,279.005c0.0,5.252,-4.271,9.524,-9.524,9.524s-9.524,-4.271,-9.524,-9.524v-23.81h19.048V279.005zM263.832,245.672h-4.762h-38.095H78.118H40.022h-4.762V226.625h228.571v19.047H263.832zM242.403,217.101h-23.81h-18.971l10.205,-23.81h8.767h23.81h11.905v11.905v11.905H242.403zM263.832,93.291V83.139l4.971,3.314c-0.1,0.686,-0.21,1.367,-0.21,2.076v4.762H263.832zM287.641,112.339c0.0,2.624,-2.133,4.762,-4.762,4.762s-4.762,-2.138,-4.762,-4.762v-23.81c0.0,-2.624,2.133,-4.762,4.762,-4.762s4.762,2.138,4.762,4.762V112.339z"" style=""fill:#333333;"">
   </path>
   <rect height=""9.519"" style=""fill:#333333;"" transform=""matrix(0.6357 -0.7719 0.7719 0.6357 -35.6625 129.1909)"" width=""104.865"" x=""68.542"" y=""100.436"">
   </rect>
   <rect height=""9.519"" style=""fill:#333333;"" transform=""matrix(0.6357 -0.7719 0.7719 0.6357 -18.3162 165.949)"" width=""104.865"" x=""116.161"" y=""100.436"">
   </rect>
   <rect height=""42.857"" style=""fill:#F9BA48;"" width=""104.762"" x=""97.165"" y=""2.815"">
   </rect>
  </g>
 </g>
</svg>


Question: What color is the top section of the object?",Blue,Red,Yellow,Green,C,land_crafts
127,"Examine the following SVG code carefully and answer the question based on your interpretation of the rendered image.

<svg id=""Layer_1"" style=""enable-background:new 0 0 295.241 295.241;"" version=""1.1"" viewbox=""0 0 295.241 295.241"" x=""0px"" xml:space=""preserve"" y=""0px"">
 <g>
  <g>
   <path d=""M56.689,217.101c6.567,0.0,11.905,-5.338,11.905,-11.905s-5.338,-11.905,-11.905,-11.905s-11.905,5.338,-11.905,11.905C44.784,211.763,50.122,217.101,56.689,217.101zM56.689,202.815c1.31,0.0,2.381,1.071,2.381,2.381s-1.071,2.381,-2.381,2.381s-2.381,-1.071,-2.381,-2.381S55.379,202.815,56.689,202.815z"" style=""fill:#333333;"">
   </path>
   <path d=""M68.594,205.196c0.0,6.567,5.338,11.905,11.905,11.905s11.905,-5.338,11.905,-11.905s-5.338,-11.905,-11.905,-11.905S68.594,198.629,68.594,205.196zM80.498,202.815c1.31,0.0,2.381,1.071,2.381,2.381s-1.071,2.381,-2.381,2.381s-2.381,-1.071,-2.381,-2.381C78.118,203.886,79.189,202.815,80.498,202.815z"" style=""fill:#333333;"">
   </path>
   <path d=""M254.308,205.196c0.0,-6.567,-5.338,-11.905,-11.905,-11.905s-11.905,5.338,-11.905,11.905s5.338,11.905,11.905,11.905S254.308,211.763,254.308,205.196zM242.403,207.577c-1.31,0.0,-2.381,-1.071,-2.381,-2.381s1.071,-2.381,2.381,-2.381s2.381,1.071,2.381,2.381C244.784,206.505,243.713,207.577,242.403,207.577z"" style=""fill:#333333;"">
   </path>
   <path d=""M230.498,205.196c0.0,-6.567,-5.338,-11.905,-11.905,-11.905s-11.905,5.338,-11.905,11.905s5.338,11.905,11.905,11.905S230.498,211.763,230.498,205.196zM218.594,207.577c-1.31,0.0,-2.381,-1.071,-2.381,-2.381s1.071,-2.381,2.381,-2.381s2.381,1.071,2.381,2.381C220.975,206.505,219.903,207.577,218.594,207.577z"" style=""fill:#333333;"">
   </path>
   <path d=""M282.879,74.244c-3.7,0.0,-7.043,1.448,-9.581,3.762l-9.467,-6.31V16.525c0.0,-7.557,-6.148,-13.71,-13.71,-13.71H48.97c-7.562,0.0,-13.71,6.152,-13.71,13.71v55.171l-9.467,6.31c-2.538,-2.314,-5.881,-3.762,-9.581,-3.762C8.337,74.244,1.927,80.653,1.927,88.529v23.81c0.0,7.876,6.41,14.286,14.286,14.286s14.286,-6.41,14.286,-14.286V102.815h4.762v114.286c-5.252,0.0,-9.524,4.271,-9.524,9.524v19.048c0.0,5.252,4.271,9.524,9.524,9.524h4.762v23.81c0.0,10.505,8.543,19.048,19.048,19.048s19.048,-8.543,19.048,-19.048v-23.81h142.857v23.81c0.0,10.505,8.543,19.048,19.048,19.048s19.048,-8.543,19.048,-19.048v-23.81h4.762c5.252,0.0,9.524,-4.271,9.524,-9.524V226.625c0.0,-5.252,-4.271,-9.524,-9.524,-9.524V102.815h4.762v9.524c0.0,7.876,6.41,14.286,14.286,14.286s14.286,-6.41,14.286,-14.286v-23.81C297.165,80.653,290.755,74.244,282.879,74.244zM254.308,183.767H209.827c-3.819,0.0,-7.252,2.271,-8.752,5.776l-11.81,27.557H109.827l-11.805,-27.552c-1.505,-3.51,-4.938,-5.781,-8.757,-5.781H44.784v-9.524h209.524V183.767zM44.784,45.672h209.524v119.048H44.784V45.672zM48.97,12.339h201.152c2.305,0.0,4.186,1.876,4.186,4.186v19.624H44.784V16.525C44.784,14.215,46.665,12.339,48.97,12.339zM20.975,112.339c0.0,2.624,-2.133,4.762,-4.762,4.762s-4.762,-2.138,-4.762,-4.762v-23.81c0.0,-2.624,2.133,-4.762,4.762,-4.762s4.762,2.138,4.762,4.762V112.339zM30.498,93.291v-4.762c0.0,-0.71,-0.11,-1.39,-0.21,-2.071l4.971,-3.319v10.152H30.498zM44.784,205.196v-11.905h11.905h23.81h8.767l10.205,23.81H80.498h-23.81H44.784V205.196zM68.594,279.005c0.0,5.252,-4.271,9.524,-9.524,9.524s-9.524,-4.271,-9.524,-9.524v-23.81h19.048C68.594,255.195,68.594,279.005,68.594,279.005zM249.546,279.005c0.0,5.252,-4.271,9.524,-9.524,9.524s-9.524,-4.271,-9.524,-9.524v-23.81h19.048V279.005zM263.832,245.672h-4.762h-38.095H78.118H40.022h-4.762V226.625h228.571v19.047H263.832zM242.403,217.101h-23.81h-18.971l10.205,-23.81h8.767h23.81h11.905v11.905v11.905H242.403zM263.832,93.291V83.139l4.971,3.314c-0.1,0.686,-0.21,1.367,-0.21,2.076v4.762H263.832zM287.641,112.339c0.0,2.624,-2.133,4.762,-4.762,4.762s-4.762,-2.138,-4.762,-4.762v-23.81c0.0,-2.624,2.133,-4.762,4.762,-4.762s4.762,2.138,4.762,4.762V112.339z"" style=""fill:#333333;"">
   </path>
   <rect height=""9.519"" style=""fill:#333333;"" transform=""matrix(0.6357 -0.7719 0.7719 0.6357 -35.6625 129.1909)"" width=""104.865"" x=""68.542"" y=""100.436"">
   </rect>
   <rect height=""9.519"" style=""fill:#333333;"" transform=""matrix(0.6357 -0.7719 0.7719 0.6357 -18.3162 165.949)"" width=""104.865"" x=""116.161"" y=""100.436"">
   </rect>
   <rect height=""42.857"" style=""fill:#F9BA48;"" width=""104.762"" x=""97.165"" y=""2.815"">
   </rect>
  </g>
 </g>
</svg>


Question: What type of vehicle is depicted in the image?",Bus,Bicycle,Car,Motorcycle,A,land_crafts
136,"Examine the following SVG code carefully and answer the question based on your interpretation of the rendered image.

<svg id=""Layer_1"" style=""enable-background:new 0 0 499.2 499.2;"" version=""1.1"" viewbox=""0 0 499.2 499.2"" x=""0px"" xml:space=""preserve"" y=""0px"">
 <path d=""M257.656,445.134c0.0,2.4,-2.4,4.8,-4.8,4.8l0.0,0.0c-2.4,0.0,-4.8,-2.4,-4.8,-4.8V28.334c0.0,-2.4,2.4,-4.8,4.8,-4.8l0.0,0.0c2.4,0.0,4.8,2.4,4.8,4.8V445.134z"" style=""fill:#788787;"">
 </path>
 <path d=""M12.856,422.734c10.4,45.6,113.6,80.8,240.0,80.8s229.6,-36.0,240.0,-80.8H12.856z"" style=""fill:#9E6226;"">
 </path>
 <g>
  <path d=""M20.856,438.734c4.8,6.4,12.0,12.8,20.0,18.4h423.2c8.8,-5.6,15.2,-12.0,20.0,-18.4H20.856z"" style=""fill:#AF7643;"">
  </path>
  <path d=""M370.456,492.334c24.0,-4.8,44.8,-11.2,63.2,-18.4H72.056c17.6,7.2,39.2,13.6,63.2,18.4H370.456z"" style=""fill:#AF7643;"">
  </path>
  <path d=""M500.856,418.734c0.0,2.4,-2.4,4.8,-4.8,4.8H9.656c-3.2,0.0,-4.8,-2.4,-4.8,-4.8l0.0,0.0c0.0,-3.2,2.4,-4.8,4.8,-4.8H495.256C498.456,413.934,500.856,415.534,500.856,418.734L500.856,418.734z"" style=""fill:#AF7643;"">
  </path>
 </g>
 <circle cx=""252.856"" cy=""22.734"" r=""18.4"" style=""fill:#788787;"">
 </circle>
 <path d=""M457.656,375.534c0.0,-7.2,0.8,-14.4,0.8,-22.4c0.0,-166.4,-84.8,-302.4,-189.6,-305.6v328.0H457.656z"" style=""fill:#0C91C4;"">
 </path>
 <path d=""M457.656,375.534c0.0,-7.2,0.8,-14.4,0.8,-22.4c0.0,-166.4,-84.8,-302.4,-189.6,-305.6"" style=""fill:#22B3E0;"">
 </path>
 <polygon points=""236.056,47.534 148.056,91.534 236.056,134.734"" style=""fill:#FFAE0B;"">
 </polygon>
 <polygon points=""236.056,85.134 148.056,91.534 236.056,134.734"" style=""fill:#FF860D;"">
 </polygon>
 <polygon points=""234.456,149.134 234.456,367.534 92.856,367.534"" style=""fill:#E00E0E;"">
 </polygon>
 <polygon points=""234.456,202.734 234.456,367.534 92.856,367.534"" style=""fill:#BF1111;"">
 </polygon>
</svg>


Question: What is the color of the larger sail on the object?",Blue,Red,Yellow,Green,A,land_crafts
137,"Examine the following SVG code carefully and answer the question based on your interpretation of the rendered image.

<svg id=""Layer_1"" style=""enable-background:new 0 0 499.2 499.2;"" version=""1.1"" viewbox=""0 0 499.2 499.2"" x=""0px"" xml:space=""preserve"" y=""0px"">
 <path d=""M257.656,445.134c0.0,2.4,-2.4,4.8,-4.8,4.8l0.0,0.0c-2.4,0.0,-4.8,-2.4,-4.8,-4.8V28.334c0.0,-2.4,2.4,-4.8,4.8,-4.8l0.0,0.0c2.4,0.0,4.8,2.4,4.8,4.8V445.134z"" style=""fill:#788787;"">
 </path>
 <path d=""M12.856,422.734c10.4,45.6,113.6,80.8,240.0,80.8s229.6,-36.0,240.0,-80.8H12.856z"" style=""fill:#9E6226;"">
 </path>
 <g>
  <path d=""M20.856,438.734c4.8,6.4,12.0,12.8,20.0,18.4h423.2c8.8,-5.6,15.2,-12.0,20.0,-18.4H20.856z"" style=""fill:#AF7643;"">
  </path>
  <path d=""M370.456,492.334c24.0,-4.8,44.8,-11.2,63.2,-18.4H72.056c17.6,7.2,39.2,13.6,63.2,18.4H370.456z"" style=""fill:#AF7643;"">
  </path>
  <path d=""M500.856,418.734c0.0,2.4,-2.4,4.8,-4.8,4.8H9.656c-3.2,0.0,-4.8,-2.4,-4.8,-4.8l0.0,0.0c0.0,-3.2,2.4,-4.8,4.8,-4.8H495.256C498.456,413.934,500.856,415.534,500.856,418.734L500.856,418.734z"" style=""fill:#AF7643;"">
  </path>
 </g>
 <circle cx=""252.856"" cy=""22.734"" r=""18.4"" style=""fill:#788787;"">
 </circle>
 <path d=""M457.656,375.534c0.0,-7.2,0.8,-14.4,0.8,-22.4c0.0,-166.4,-84.8,-302.4,-189.6,-305.6v328.0H457.656z"" style=""fill:#0C91C4;"">
 </path>
 <path d=""M457.656,375.534c0.0,-7.2,0.8,-14.4,0.8,-22.4c0.0,-166.4,-84.8,-302.4,-189.6,-305.6"" style=""fill:#22B3E0;"">
 </path>
 <polygon points=""236.056,47.534 148.056,91.534 236.056,134.734"" style=""fill:#FFAE0B;"">
 </polygon>
 <polygon points=""236.056,85.134 148.056,91.534 236.056,134.734"" style=""fill:#FF860D;"">
 </polygon>
 <polygon points=""234.456,149.134 234.456,367.534 92.856,367.534"" style=""fill:#E00E0E;"">
 </polygon>
 <polygon points=""234.456,202.734 234.456,367.534 92.856,367.534"" style=""fill:#BF1111;"">
 </polygon>
</svg>


Question: What shape is the smaller sail on the object?",Square,Circle,Triangle,Rectangle,C,land_crafts
138,"Examine the following SVG code carefully and answer the question based on your interpretation of the rendered image.

<svg id=""Layer_1"" style=""enable-background:new 0 0 499.2 499.2;"" version=""1.1"" viewbox=""0 0 499.2 499.2"" x=""0px"" xml:space=""preserve"" y=""0px"">
 <path d=""M257.656,445.134c0.0,2.4,-2.4,4.8,-4.8,4.8l0.0,0.0c-2.4,0.0,-4.8,-2.4,-4.8,-4.8V28.334c0.0,-2.4,2.4,-4.8,4.8,-4.8l0.0,0.0c2.4,0.0,4.8,2.4,4.8,4.8V445.134z"" style=""fill:#788787;"">
 </path>
 <path d=""M12.856,422.734c10.4,45.6,113.6,80.8,240.0,80.8s229.6,-36.0,240.0,-80.8H12.856z"" style=""fill:#9E6226;"">
 </path>
 <g>
  <path d=""M20.856,438.734c4.8,6.4,12.0,12.8,20.0,18.4h423.2c8.8,-5.6,15.2,-12.0,20.0,-18.4H20.856z"" style=""fill:#AF7643;"">
  </path>
  <path d=""M370.456,492.334c24.0,-4.8,44.8,-11.2,63.2,-18.4H72.056c17.6,7.2,39.2,13.6,63.2,18.4H370.456z"" style=""fill:#AF7643;"">
  </path>
  <path d=""M500.856,418.734c0.0,2.4,-2.4,4.8,-4.8,4.8H9.656c-3.2,0.0,-4.8,-2.4,-4.8,-4.8l0.0,0.0c0.0,-3.2,2.4,-4.8,4.8,-4.8H495.256C498.456,413.934,500.856,415.534,500.856,418.734L500.856,418.734z"" style=""fill:#AF7643;"">
  </path>
 </g>
 <circle cx=""252.856"" cy=""22.734"" r=""18.4"" style=""fill:#788787;"">
 </circle>
 <path d=""M457.656,375.534c0.0,-7.2,0.8,-14.4,0.8,-22.4c0.0,-166.4,-84.8,-302.4,-189.6,-305.6v328.0H457.656z"" style=""fill:#0C91C4;"">
 </path>
 <path d=""M457.656,375.534c0.0,-7.2,0.8,-14.4,0.8,-22.4c0.0,-166.4,-84.8,-302.4,-189.6,-305.6"" style=""fill:#22B3E0;"">
 </path>
 <polygon points=""236.056,47.534 148.056,91.534 236.056,134.734"" style=""fill:#FFAE0B;"">
 </polygon>
 <polygon points=""236.056,85.134 148.056,91.534 236.056,134.734"" style=""fill:#FF860D;"">
 </polygon>
 <polygon points=""234.456,149.134 234.456,367.534 92.856,367.534"" style=""fill:#E00E0E;"">
 </polygon>
 <polygon points=""234.456,202.734 234.456,367.534 92.856,367.534"" style=""fill:#BF1111;"">
 </polygon>
</svg>


Question: What is the color of the flag on top of the object?",Blue,Red,Green,Yellow,D,land_crafts
139,"Examine the following SVG code carefully and answer the question based on your interpretation of the rendered image.

<svg id=""Layer_1"" style=""enable-background:new 0 0 499.2 499.2;"" version=""1.1"" viewbox=""0 0 499.2 499.2"" x=""0px"" xml:space=""preserve"" y=""0px"">
 <path d=""M257.656,445.134c0.0,2.4,-2.4,4.8,-4.8,4.8l0.0,0.0c-2.4,0.0,-4.8,-2.4,-4.8,-4.8V28.334c0.0,-2.4,2.4,-4.8,4.8,-4.8l0.0,0.0c2.4,0.0,4.8,2.4,4.8,4.8V445.134z"" style=""fill:#788787;"">
 </path>
 <path d=""M12.856,422.734c10.4,45.6,113.6,80.8,240.0,80.8s229.6,-36.0,240.0,-80.8H12.856z"" style=""fill:#9E6226;"">
 </path>
 <g>
  <path d=""M20.856,438.734c4.8,6.4,12.0,12.8,20.0,18.4h423.2c8.8,-5.6,15.2,-12.0,20.0,-18.4H20.856z"" style=""fill:#AF7643;"">
  </path>
  <path d=""M370.456,492.334c24.0,-4.8,44.8,-11.2,63.2,-18.4H72.056c17.6,7.2,39.2,13.6,63.2,18.4H370.456z"" style=""fill:#AF7643;"">
  </path>
  <path d=""M500.856,418.734c0.0,2.4,-2.4,4.8,-4.8,4.8H9.656c-3.2,0.0,-4.8,-2.4,-4.8,-4.8l0.0,0.0c0.0,-3.2,2.4,-4.8,4.8,-4.8H495.256C498.456,413.934,500.856,415.534,500.856,418.734L500.856,418.734z"" style=""fill:#AF7643;"">
  </path>
 </g>
 <circle cx=""252.856"" cy=""22.734"" r=""18.4"" style=""fill:#788787;"">
 </circle>
 <path d=""M457.656,375.534c0.0,-7.2,0.8,-14.4,0.8,-22.4c0.0,-166.4,-84.8,-302.4,-189.6,-305.6v328.0H457.656z"" style=""fill:#0C91C4;"">
 </path>
 <path d=""M457.656,375.534c0.0,-7.2,0.8,-14.4,0.8,-22.4c0.0,-166.4,-84.8,-302.4,-189.6,-305.6"" style=""fill:#22B3E0;"">
 </path>
 <polygon points=""236.056,47.534 148.056,91.534 236.056,134.734"" style=""fill:#FFAE0B;"">
 </polygon>
 <polygon points=""236.056,85.134 148.056,91.534 236.056,134.734"" style=""fill:#FF860D;"">
 </polygon>
 <polygon points=""234.456,149.134 234.456,367.534 92.856,367.534"" style=""fill:#E00E0E;"">
 </polygon>
 <polygon points=""234.456,202.734 234.456,367.534 92.856,367.534"" style=""fill:#BF1111;"">
 </polygon>
</svg>


Question: What type of object is shown in the image?",Car,Airplane,Train,Boat,D,land_crafts
180,"Examine the following SVG code carefully and answer the question based on your interpretation of the rendered image.

<svg id=""Capa_1"" style=""enable-background:new 0 0 51.07 51.07;"" version=""1.1"" viewbox=""0 0 51.07 51.07"" x=""0px"" xml:space=""preserve"" y=""0px"">
 <g>
  <path d=""M0.4,31.548c0.0,6.004,4.887,10.888,10.89,10.888c6.006,0.0,10.889,-4.884,10.889,-10.888c0.0,-4.718,-3.021,-8.732,-7.227,-10.242l0.854,-3.393l11.711,14.688h2.229c0.531,5.512,5.188,9.834,10.835,9.834c6.005,0.0,10.889,-4.884,10.889,-10.888s-4.885,-10.888,-10.89,-10.888c-1.903,0.0,-3.694,0.494,-5.253,1.356l-2.911,-4.249l1.656,-6.896h-6.049v2.107h3.375l-0.761,3.16H16.25l1.148,-4.565h3.726V9.465h-9.835v2.107h3.938l-2.318,9.22c-0.53,-0.078,-1.066,-0.133,-1.619,-0.133C5.287,20.659,0.4,25.544,0.4,31.548zM33.589,23.21c-2.126,1.786,-3.562,4.368,-3.845,7.283h-0.386l2.394,-9.966L33.589,23.21zM34.792,24.962l3.789,5.532h-6.712C32.131,28.298,33.211,26.355,34.792,24.962zM31.869,32.603h10.71l-6.054,-8.835c1.215,-0.635,2.593,-0.999,4.055,-0.999c4.842,0.0,8.781,3.938,8.781,8.781c0.0,4.841,-3.939,8.78,-8.781,8.78C36.094,40.329,32.391,36.948,31.869,32.603zM18.768,18.246h11.365l-2.632,10.958L18.768,18.246zM2.509,31.548c0.0,-4.843,3.939,-8.781,8.78,-8.781c0.375,0.0,0.742,0.031,1.104,0.077l-2.125,8.447l2.044,0.514l2.123,-8.444c3.291,1.269,5.635,4.456,5.635,8.188c0.0,4.841,-3.938,8.78,-8.781,8.78C6.449,40.329,2.509,36.39,2.509,31.548z"" style=""fill:#030104;"">
  </path>
 </g>
</svg>


Question: What shape is the front wheel of the object?",Square,Triangle,Rectangle,Circle,D,land_crafts
181,"Examine the following SVG code carefully and answer the question based on your interpretation of the rendered image.

<svg id=""Capa_1"" style=""enable-background:new 0 0 51.07 51.07;"" version=""1.1"" viewbox=""0 0 51.07 51.07"" x=""0px"" xml:space=""preserve"" y=""0px"">
 <g>
  <path d=""M0.4,31.548c0.0,6.004,4.887,10.888,10.89,10.888c6.006,0.0,10.889,-4.884,10.889,-10.888c0.0,-4.718,-3.021,-8.732,-7.227,-10.242l0.854,-3.393l11.711,14.688h2.229c0.531,5.512,5.188,9.834,10.835,9.834c6.005,0.0,10.889,-4.884,10.889,-10.888s-4.885,-10.888,-10.89,-10.888c-1.903,0.0,-3.694,0.494,-5.253,1.356l-2.911,-4.249l1.656,-6.896h-6.049v2.107h3.375l-0.761,3.16H16.25l1.148,-4.565h3.726V9.465h-9.835v2.107h3.938l-2.318,9.22c-0.53,-0.078,-1.066,-0.133,-1.619,-0.133C5.287,20.659,0.4,25.544,0.4,31.548zM33.589,23.21c-2.126,1.786,-3.562,4.368,-3.845,7.283h-0.386l2.394,-9.966L33.589,23.21zM34.792,24.962l3.789,5.532h-6.712C32.131,28.298,33.211,26.355,34.792,24.962zM31.869,32.603h10.71l-6.054,-8.835c1.215,-0.635,2.593,-0.999,4.055,-0.999c4.842,0.0,8.781,3.938,8.781,8.781c0.0,4.841,-3.939,8.78,-8.781,8.78C36.094,40.329,32.391,36.948,31.869,32.603zM18.768,18.246h11.365l-2.632,10.958L18.768,18.246zM2.509,31.548c0.0,-4.843,3.939,-8.781,8.78,-8.781c0.375,0.0,0.742,0.031,1.104,0.077l-2.125,8.447l2.044,0.514l2.123,-8.444c3.291,1.269,5.635,4.456,5.635,8.188c0.0,4.841,-3.938,8.78,-8.781,8.78C6.449,40.329,2.509,36.39,2.509,31.548z"" style=""fill:#030104;"">
  </path>
 </g>
</svg>


Question: How many wheels does the object have?",One,Two,Three,Four,B,land_crafts
182,"Examine the following SVG code carefully and answer the question based on your interpretation of the rendered image.

<svg id=""Capa_1"" style=""enable-background:new 0 0 51.07 51.07;"" version=""1.1"" viewbox=""0 0 51.07 51.07"" x=""0px"" xml:space=""preserve"" y=""0px"">
 <g>
  <path d=""M0.4,31.548c0.0,6.004,4.887,10.888,10.89,10.888c6.006,0.0,10.889,-4.884,10.889,-10.888c0.0,-4.718,-3.021,-8.732,-7.227,-10.242l0.854,-3.393l11.711,14.688h2.229c0.531,5.512,5.188,9.834,10.835,9.834c6.005,0.0,10.889,-4.884,10.889,-10.888s-4.885,-10.888,-10.89,-10.888c-1.903,0.0,-3.694,0.494,-5.253,1.356l-2.911,-4.249l1.656,-6.896h-6.049v2.107h3.375l-0.761,3.16H16.25l1.148,-4.565h3.726V9.465h-9.835v2.107h3.938l-2.318,9.22c-0.53,-0.078,-1.066,-0.133,-1.619,-0.133C5.287,20.659,0.4,25.544,0.4,31.548zM33.589,23.21c-2.126,1.786,-3.562,4.368,-3.845,7.283h-0.386l2.394,-9.966L33.589,23.21zM34.792,24.962l3.789,5.532h-6.712C32.131,28.298,33.211,26.355,34.792,24.962zM31.869,32.603h10.71l-6.054,-8.835c1.215,-0.635,2.593,-0.999,4.055,-0.999c4.842,0.0,8.781,3.938,8.781,8.781c0.0,4.841,-3.939,8.78,-8.781,8.78C36.094,40.329,32.391,36.948,31.869,32.603zM18.768,18.246h11.365l-2.632,10.958L18.768,18.246zM2.509,31.548c0.0,-4.843,3.939,-8.781,8.78,-8.781c0.375,0.0,0.742,0.031,1.104,0.077l-2.125,8.447l2.044,0.514l2.123,-8.444c3.291,1.269,5.635,4.456,5.635,8.188c0.0,4.841,-3.938,8.78,-8.781,8.78C6.449,40.329,2.509,36.39,2.509,31.548z"" style=""fill:#030104;"">
  </path>
 </g>
</svg>


Question: What is the shape of the frame connecting the two wheels?",Circle,Triangle,Square,Hexagon,B,land_crafts
183,"Examine the following SVG code carefully and answer the question based on your interpretation of the rendered image.

<svg id=""Capa_1"" style=""enable-background:new 0 0 51.07 51.07;"" version=""1.1"" viewbox=""0 0 51.07 51.07"" x=""0px"" xml:space=""preserve"" y=""0px"">
 <g>
  <path d=""M0.4,31.548c0.0,6.004,4.887,10.888,10.89,10.888c6.006,0.0,10.889,-4.884,10.889,-10.888c0.0,-4.718,-3.021,-8.732,-7.227,-10.242l0.854,-3.393l11.711,14.688h2.229c0.531,5.512,5.188,9.834,10.835,9.834c6.005,0.0,10.889,-4.884,10.889,-10.888s-4.885,-10.888,-10.89,-10.888c-1.903,0.0,-3.694,0.494,-5.253,1.356l-2.911,-4.249l1.656,-6.896h-6.049v2.107h3.375l-0.761,3.16H16.25l1.148,-4.565h3.726V9.465h-9.835v2.107h3.938l-2.318,9.22c-0.53,-0.078,-1.066,-0.133,-1.619,-0.133C5.287,20.659,0.4,25.544,0.4,31.548zM33.589,23.21c-2.126,1.786,-3.562,4.368,-3.845,7.283h-0.386l2.394,-9.966L33.589,23.21zM34.792,24.962l3.789,5.532h-6.712C32.131,28.298,33.211,26.355,34.792,24.962zM31.869,32.603h10.71l-6.054,-8.835c1.215,-0.635,2.593,-0.999,4.055,-0.999c4.842,0.0,8.781,3.938,8.781,8.781c0.0,4.841,-3.939,8.78,-8.781,8.78C36.094,40.329,32.391,36.948,31.869,32.603zM18.768,18.246h11.365l-2.632,10.958L18.768,18.246zM2.509,31.548c0.0,-4.843,3.939,-8.781,8.78,-8.781c0.375,0.0,0.742,0.031,1.104,0.077l-2.125,8.447l2.044,0.514l2.123,-8.444c3.291,1.269,5.635,4.456,5.635,8.188c0.0,4.841,-3.938,8.78,-8.781,8.78C6.449,40.329,2.509,36.39,2.509,31.548z"" style=""fill:#030104;"">
  </path>
 </g>
</svg>


Question: What is the object in the image?",Car,Bicycle,Motorcycle,Scooter,B,land_crafts
192,"Examine the following SVG code carefully and answer the question based on your interpretation of the rendered image.

<svg id=""Layer_1"" style=""enable-background:new 0 0 511.994 511.994;"" version=""1.1"" viewbox=""0 0 511.994 511.994"" x=""0px"" xml:space=""preserve"" y=""0px"">
 <g>
  <circle cx=""395.613"" cy=""90.632"" r=""24.005"" style=""fill:#E30613;"">
  </circle>
  <circle cx=""123.560"" cy=""90.632"" r=""24.005"" style=""fill:#E30613;"">
  </circle>
  <rect height=""32.006"" style=""fill:#E30613;"" width=""208.039"" x=""155.567"" y=""10.621"">
  </rect>
 </g>
 <circle cx=""259.586"" cy=""50.627"" r=""40.006"" style=""fill:#F9B233;"">
 </circle>
 <circle cx=""259.586"" cy=""50.627"" r=""16.002"" style=""fill:#FFFFFF;"">
 </circle>
 <path d=""M261.876,114.639h-4.582c-65.02,0.0,-117.73,52.709,-117.73,117.73v194.324h240.041V232.369C379.606,167.348,326.897,114.639,261.876,114.639z"" style=""fill:#F9B233;"">
 </path>
 <rect height=""48.008"" style=""fill:#E30613;"" width=""240.045"" x=""139.569"" y=""378.683"">
 </rect>
 <rect height=""112.018"" style=""fill:#575756;"" width=""80.012"" x=""219.581"" y=""394.691"">
 </rect>
 <rect height=""32.006"" style=""fill:#E30613;"" width=""128.016"" x=""195.573"" y=""362.684"">
 </rect>
 <g>
  <rect height=""15.726"" style=""fill:#FFFFFF;"" width=""16.003"" x=""171.565"" y=""242.803"">
  </rect>
  <rect height=""15.726"" style=""fill:#FFFFFF;"" width=""16.003"" x=""195.573"" y=""242.803"">
  </rect>
  <rect height=""15.726"" style=""fill:#FFFFFF;"" width=""16.003"" x=""219.581"" y=""242.803"">
  </rect>
 </g>
 <g>
  <rect height=""32.006"" style=""fill:#1D1D1B;"" width=""15.726"" x=""107.699"" y=""386.682"">
  </rect>
  <rect height=""15.726"" style=""fill:#1D1D1B;"" width=""32.006"" x=""67.556"" y=""386.828"">
  </rect>
  <rect height=""32.006"" style=""fill:#1D1D1B;"" width=""15.726"" x=""395.749"" y=""386.682"">
  </rect>
  <rect height=""15.726"" style=""fill:#1D1D1B;"" width=""32.005"" x=""419.610"" y=""386.828"">
  </rect>
  <rect height=""15.726"" style=""fill:#1D1D1B;"" width=""96.02"" x=""211.582"" y=""354.822"">
  </rect>
  <rect height=""15.726"" style=""fill:#1D1D1B;"" width=""24.003"" x=""339.598"" y=""370.820"">
  </rect>
  <rect height=""15.726"" style=""fill:#1D1D1B;"" width=""24.005"" x=""155.567"" y=""370.820"">
  </rect>
  <path d=""M259.584,74.494c-13.159,0.0,-23.865,-10.706,-23.865,-23.866s10.706,-23.865,23.865,-23.865c13.16,0.0,23.866,10.706,23.866,23.865S272.745,74.494,259.584,74.494zM259.584,42.488c-4.488,0.0,-8.14,3.651,-8.14,8.14s3.65,8.141,8.14,8.141c4.489,0.0,8.141,-3.651,8.141,-8.141S264.074,42.488,259.584,42.488z"" style=""fill:#1D1D1B;"">
  </path>
  <rect height=""24.003"" style=""fill:#1D1D1B;"" width=""15.726"" x=""379.740"" y=""2.619"">
  </rect>
  <rect height=""15.726"" style=""fill:#1D1D1B;"" width=""48.008"" x=""403.612"" y=""2.759"">
  </rect>
  <rect height=""15.726"" style=""fill:#1D1D1B;"" transform=""matrix(-0.0064 -1 1 -0.0064 116.6558 140.0168)"" width=""24.005"" x=""119.478"" y=""6.765"">
  </rect>
  <rect height=""15.726"" style=""fill:#1D1D1B;"" width=""47.596"" x=""67.955"" y=""2.759"">
  </rect>
  <path d=""M395.609,58.768c-14.859,0.0,-27.373,10.223,-30.883,24.003h-9.263V50.489h16.003V2.759H147.704v47.731h16.003v32.282h-9.262c-3.511,-13.781,-16.024,-24.003,-30.883,-24.003c-17.572,0.0,-31.866,14.296,-31.866,31.866s14.296,31.866,31.866,31.866c14.859,0.0,27.373,-10.223,30.883,-24.003h24.988V50.489h32.286c0.0,0.046,-0.003,0.092,-0.003,0.138c0.0,23.717,17.341,43.45,40.007,47.213v9.184c-66.866,4.076,-120.02,59.76,-120.02,127.635V434.555h71.874v-15.726h-56.149v-184.17c0.0,-59.2,46.106,-107.828,104.294,-111.878v152.345c-35.853,3.36,-64.011,33.613,-64.011,70.33v57.093h24.003v112.019h95.739V402.55h24.003v-57.093c0.0,-36.717,-28.157,-66.971,-64.011,-70.33V122.782c58.19,4.05,104.295,52.677,104.295,111.878v184.17h-56.149v15.726h71.874V234.659c0.0,-67.875,-53.154,-123.558,-120.021,-127.635v-9.184c22.667,-3.763,40.007,-23.496,40.007,-47.213c0.0,-0.046,-0.003,-0.092,-0.003,-0.138h32.286v48.008h24.989c3.511,13.781,16.024,24.003,30.883,24.003c17.572,0.0,31.866,-14.296,31.866,-31.866S413.18,58.768,395.609,58.768zM123.561,106.776c-8.9,0.0,-16.141,-7.241,-16.141,-16.141s7.241,-16.141,16.141,-16.141s16.141,7.241,16.141,16.141S132.462,106.776,123.561,106.776zM163.43,34.764V18.484h60.713c-4.247,4.678,-7.573,10.202,-9.715,16.28h-50.998V34.764zM291.73,498.844H227.441v-96.294h64.288V498.844zM315.733,345.457v41.368h-8.278h-95.739h-8.278v-41.368c0.0,-30.286,24.64,-54.926,54.927,-54.926h2.444C291.093,290.53,315.733,315.17,315.733,345.457zM259.584,82.772c-17.724,0.0,-32.144,-14.419,-32.144,-32.144c0.0,-17.724,14.42,-32.144,32.144,-32.144s32.144,14.419,32.144,32.144C291.73,68.352,277.309,82.772,259.584,82.772zM295.027,18.484h60.713v16.28H304.741C302.6,28.686,299.274,23.162,295.027,18.484zM395.609,106.776c-8.9,0.0,-16.141,-7.241,-16.141,-16.141s7.241,-16.141,16.141,-16.141s16.141,7.241,16.141,16.141S404.509,106.776,395.609,106.776z"" style=""fill:#1D1D1B;"">
  </path>
 </g>
</svg>


Question: What is the primary color of the main body of the object?",Blue,Green,Yellow,Purple,C,land_crafts
193,"Examine the following SVG code carefully and answer the question based on your interpretation of the rendered image.

<svg id=""Layer_1"" style=""enable-background:new 0 0 511.994 511.994;"" version=""1.1"" viewbox=""0 0 511.994 511.994"" x=""0px"" xml:space=""preserve"" y=""0px"">
 <g>
  <circle cx=""395.613"" cy=""90.632"" r=""24.005"" style=""fill:#E30613;"">
  </circle>
  <circle cx=""123.560"" cy=""90.632"" r=""24.005"" style=""fill:#E30613;"">
  </circle>
  <rect height=""32.006"" style=""fill:#E30613;"" width=""208.039"" x=""155.567"" y=""10.621"">
  </rect>
 </g>
 <circle cx=""259.586"" cy=""50.627"" r=""40.006"" style=""fill:#F9B233;"">
 </circle>
 <circle cx=""259.586"" cy=""50.627"" r=""16.002"" style=""fill:#FFFFFF;"">
 </circle>
 <path d=""M261.876,114.639h-4.582c-65.02,0.0,-117.73,52.709,-117.73,117.73v194.324h240.041V232.369C379.606,167.348,326.897,114.639,261.876,114.639z"" style=""fill:#F9B233;"">
 </path>
 <rect height=""48.008"" style=""fill:#E30613;"" width=""240.045"" x=""139.569"" y=""378.683"">
 </rect>
 <rect height=""112.018"" style=""fill:#575756;"" width=""80.012"" x=""219.581"" y=""394.691"">
 </rect>
 <rect height=""32.006"" style=""fill:#E30613;"" width=""128.016"" x=""195.573"" y=""362.684"">
 </rect>
 <g>
  <rect height=""15.726"" style=""fill:#FFFFFF;"" width=""16.003"" x=""171.565"" y=""242.803"">
  </rect>
  <rect height=""15.726"" style=""fill:#FFFFFF;"" width=""16.003"" x=""195.573"" y=""242.803"">
  </rect>
  <rect height=""15.726"" style=""fill:#FFFFFF;"" width=""16.003"" x=""219.581"" y=""242.803"">
  </rect>
 </g>
 <g>
  <rect height=""32.006"" style=""fill:#1D1D1B;"" width=""15.726"" x=""107.699"" y=""386.682"">
  </rect>
  <rect height=""15.726"" style=""fill:#1D1D1B;"" width=""32.006"" x=""67.556"" y=""386.828"">
  </rect>
  <rect height=""32.006"" style=""fill:#1D1D1B;"" width=""15.726"" x=""395.749"" y=""386.682"">
  </rect>
  <rect height=""15.726"" style=""fill:#1D1D1B;"" width=""32.005"" x=""419.610"" y=""386.828"">
  </rect>
  <rect height=""15.726"" style=""fill:#1D1D1B;"" width=""96.02"" x=""211.582"" y=""354.822"">
  </rect>
  <rect height=""15.726"" style=""fill:#1D1D1B;"" width=""24.003"" x=""339.598"" y=""370.820"">
  </rect>
  <rect height=""15.726"" style=""fill:#1D1D1B;"" width=""24.005"" x=""155.567"" y=""370.820"">
  </rect>
  <path d=""M259.584,74.494c-13.159,0.0,-23.865,-10.706,-23.865,-23.866s10.706,-23.865,23.865,-23.865c13.16,0.0,23.866,10.706,23.866,23.865S272.745,74.494,259.584,74.494zM259.584,42.488c-4.488,0.0,-8.14,3.651,-8.14,8.14s3.65,8.141,8.14,8.141c4.489,0.0,8.141,-3.651,8.141,-8.141S264.074,42.488,259.584,42.488z"" style=""fill:#1D1D1B;"">
  </path>
  <rect height=""24.003"" style=""fill:#1D1D1B;"" width=""15.726"" x=""379.740"" y=""2.619"">
  </rect>
  <rect height=""15.726"" style=""fill:#1D1D1B;"" width=""48.008"" x=""403.612"" y=""2.759"">
  </rect>
  <rect height=""15.726"" style=""fill:#1D1D1B;"" transform=""matrix(-0.0064 -1 1 -0.0064 116.6558 140.0168)"" width=""24.005"" x=""119.478"" y=""6.765"">
  </rect>
  <rect height=""15.726"" style=""fill:#1D1D1B;"" width=""47.596"" x=""67.955"" y=""2.759"">
  </rect>
  <path d=""M395.609,58.768c-14.859,0.0,-27.373,10.223,-30.883,24.003h-9.263V50.489h16.003V2.759H147.704v47.731h16.003v32.282h-9.262c-3.511,-13.781,-16.024,-24.003,-30.883,-24.003c-17.572,0.0,-31.866,14.296,-31.866,31.866s14.296,31.866,31.866,31.866c14.859,0.0,27.373,-10.223,30.883,-24.003h24.988V50.489h32.286c0.0,0.046,-0.003,0.092,-0.003,0.138c0.0,23.717,17.341,43.45,40.007,47.213v9.184c-66.866,4.076,-120.02,59.76,-120.02,127.635V434.555h71.874v-15.726h-56.149v-184.17c0.0,-59.2,46.106,-107.828,104.294,-111.878v152.345c-35.853,3.36,-64.011,33.613,-64.011,70.33v57.093h24.003v112.019h95.739V402.55h24.003v-57.093c0.0,-36.717,-28.157,-66.971,-64.011,-70.33V122.782c58.19,4.05,104.295,52.677,104.295,111.878v184.17h-56.149v15.726h71.874V234.659c0.0,-67.875,-53.154,-123.558,-120.021,-127.635v-9.184c22.667,-3.763,40.007,-23.496,40.007,-47.213c0.0,-0.046,-0.003,-0.092,-0.003,-0.138h32.286v48.008h24.989c3.511,13.781,16.024,24.003,30.883,24.003c17.572,0.0,31.866,-14.296,31.866,-31.866S413.18,58.768,395.609,58.768zM123.561,106.776c-8.9,0.0,-16.141,-7.241,-16.141,-16.141s7.241,-16.141,16.141,-16.141s16.141,7.241,16.141,16.141S132.462,106.776,123.561,106.776zM163.43,34.764V18.484h60.713c-4.247,4.678,-7.573,10.202,-9.715,16.28h-50.998V34.764zM291.73,498.844H227.441v-96.294h64.288V498.844zM315.733,345.457v41.368h-8.278h-95.739h-8.278v-41.368c0.0,-30.286,24.64,-54.926,54.927,-54.926h2.444C291.093,290.53,315.733,315.17,315.733,345.457zM259.584,82.772c-17.724,0.0,-32.144,-14.419,-32.144,-32.144c0.0,-17.724,14.42,-32.144,32.144,-32.144s32.144,14.419,32.144,32.144C291.73,68.352,277.309,82.772,259.584,82.772zM295.027,18.484h60.713v16.28H304.741C302.6,28.686,299.274,23.162,295.027,18.484zM395.609,106.776c-8.9,0.0,-16.141,-7.241,-16.141,-16.141s7.241,-16.141,16.141,-16.141s16.141,7.241,16.141,16.141S404.509,106.776,395.609,106.776z"" style=""fill:#1D1D1B;"">
  </path>
 </g>
</svg>


Question: How many red circles are present in the image?",1,2,3,4,B,land_crafts
194,"Examine the following SVG code carefully and answer the question based on your interpretation of the rendered image.

<svg id=""Layer_1"" style=""enable-background:new 0 0 511.994 511.994;"" version=""1.1"" viewbox=""0 0 511.994 511.994"" x=""0px"" xml:space=""preserve"" y=""0px"">
 <g>
  <circle cx=""395.613"" cy=""90.632"" r=""24.005"" style=""fill:#E30613;"">
  </circle>
  <circle cx=""123.560"" cy=""90.632"" r=""24.005"" style=""fill:#E30613;"">
  </circle>
  <rect height=""32.006"" style=""fill:#E30613;"" width=""208.039"" x=""155.567"" y=""10.621"">
  </rect>
 </g>
 <circle cx=""259.586"" cy=""50.627"" r=""40.006"" style=""fill:#F9B233;"">
 </circle>
 <circle cx=""259.586"" cy=""50.627"" r=""16.002"" style=""fill:#FFFFFF;"">
 </circle>
 <path d=""M261.876,114.639h-4.582c-65.02,0.0,-117.73,52.709,-117.73,117.73v194.324h240.041V232.369C379.606,167.348,326.897,114.639,261.876,114.639z"" style=""fill:#F9B233;"">
 </path>
 <rect height=""48.008"" style=""fill:#E30613;"" width=""240.045"" x=""139.569"" y=""378.683"">
 </rect>
 <rect height=""112.018"" style=""fill:#575756;"" width=""80.012"" x=""219.581"" y=""394.691"">
 </rect>
 <rect height=""32.006"" style=""fill:#E30613;"" width=""128.016"" x=""195.573"" y=""362.684"">
 </rect>
 <g>
  <rect height=""15.726"" style=""fill:#FFFFFF;"" width=""16.003"" x=""171.565"" y=""242.803"">
  </rect>
  <rect height=""15.726"" style=""fill:#FFFFFF;"" width=""16.003"" x=""195.573"" y=""242.803"">
  </rect>
  <rect height=""15.726"" style=""fill:#FFFFFF;"" width=""16.003"" x=""219.581"" y=""242.803"">
  </rect>
 </g>
 <g>
  <rect height=""32.006"" style=""fill:#1D1D1B;"" width=""15.726"" x=""107.699"" y=""386.682"">
  </rect>
  <rect height=""15.726"" style=""fill:#1D1D1B;"" width=""32.006"" x=""67.556"" y=""386.828"">
  </rect>
  <rect height=""32.006"" style=""fill:#1D1D1B;"" width=""15.726"" x=""395.749"" y=""386.682"">
  </rect>
  <rect height=""15.726"" style=""fill:#1D1D1B;"" width=""32.005"" x=""419.610"" y=""386.828"">
  </rect>
  <rect height=""15.726"" style=""fill:#1D1D1B;"" width=""96.02"" x=""211.582"" y=""354.822"">
  </rect>
  <rect height=""15.726"" style=""fill:#1D1D1B;"" width=""24.003"" x=""339.598"" y=""370.820"">
  </rect>
  <rect height=""15.726"" style=""fill:#1D1D1B;"" width=""24.005"" x=""155.567"" y=""370.820"">
  </rect>
  <path d=""M259.584,74.494c-13.159,0.0,-23.865,-10.706,-23.865,-23.866s10.706,-23.865,23.865,-23.865c13.16,0.0,23.866,10.706,23.866,23.865S272.745,74.494,259.584,74.494zM259.584,42.488c-4.488,0.0,-8.14,3.651,-8.14,8.14s3.65,8.141,8.14,8.141c4.489,0.0,8.141,-3.651,8.141,-8.141S264.074,42.488,259.584,42.488z"" style=""fill:#1D1D1B;"">
  </path>
  <rect height=""24.003"" style=""fill:#1D1D1B;"" width=""15.726"" x=""379.740"" y=""2.619"">
  </rect>
  <rect height=""15.726"" style=""fill:#1D1D1B;"" width=""48.008"" x=""403.612"" y=""2.759"">
  </rect>
  <rect height=""15.726"" style=""fill:#1D1D1B;"" transform=""matrix(-0.0064 -1 1 -0.0064 116.6558 140.0168)"" width=""24.005"" x=""119.478"" y=""6.765"">
  </rect>
  <rect height=""15.726"" style=""fill:#1D1D1B;"" width=""47.596"" x=""67.955"" y=""2.759"">
  </rect>
  <path d=""M395.609,58.768c-14.859,0.0,-27.373,10.223,-30.883,24.003h-9.263V50.489h16.003V2.759H147.704v47.731h16.003v32.282h-9.262c-3.511,-13.781,-16.024,-24.003,-30.883,-24.003c-17.572,0.0,-31.866,14.296,-31.866,31.866s14.296,31.866,31.866,31.866c14.859,0.0,27.373,-10.223,30.883,-24.003h24.988V50.489h32.286c0.0,0.046,-0.003,0.092,-0.003,0.138c0.0,23.717,17.341,43.45,40.007,47.213v9.184c-66.866,4.076,-120.02,59.76,-120.02,127.635V434.555h71.874v-15.726h-56.149v-184.17c0.0,-59.2,46.106,-107.828,104.294,-111.878v152.345c-35.853,3.36,-64.011,33.613,-64.011,70.33v57.093h24.003v112.019h95.739V402.55h24.003v-57.093c0.0,-36.717,-28.157,-66.971,-64.011,-70.33V122.782c58.19,4.05,104.295,52.677,104.295,111.878v184.17h-56.149v15.726h71.874V234.659c0.0,-67.875,-53.154,-123.558,-120.021,-127.635v-9.184c22.667,-3.763,40.007,-23.496,40.007,-47.213c0.0,-0.046,-0.003,-0.092,-0.003,-0.138h32.286v48.008h24.989c3.511,13.781,16.024,24.003,30.883,24.003c17.572,0.0,31.866,-14.296,31.866,-31.866S413.18,58.768,395.609,58.768zM123.561,106.776c-8.9,0.0,-16.141,-7.241,-16.141,-16.141s7.241,-16.141,16.141,-16.141s16.141,7.241,16.141,16.141S132.462,106.776,123.561,106.776zM163.43,34.764V18.484h60.713c-4.247,4.678,-7.573,10.202,-9.715,16.28h-50.998V34.764zM291.73,498.844H227.441v-96.294h64.288V498.844zM315.733,345.457v41.368h-8.278h-95.739h-8.278v-41.368c0.0,-30.286,24.64,-54.926,54.927,-54.926h2.444C291.093,290.53,315.733,315.17,315.733,345.457zM259.584,82.772c-17.724,0.0,-32.144,-14.419,-32.144,-32.144c0.0,-17.724,14.42,-32.144,32.144,-32.144s32.144,14.419,32.144,32.144C291.73,68.352,277.309,82.772,259.584,82.772zM295.027,18.484h60.713v16.28H304.741C302.6,28.686,299.274,23.162,295.027,18.484zM395.609,106.776c-8.9,0.0,-16.141,-7.241,-16.141,-16.141s7.241,-16.141,16.141,-16.141s16.141,7.241,16.141,16.141S404.509,106.776,395.609,106.776z"" style=""fill:#1D1D1B;"">
  </path>
 </g>
</svg>


Question: What shape is located at the bottom center of the object?",Circle,Square,Rectangle,Triangle,C,land_crafts
195,"Examine the following SVG code carefully and answer the question based on your interpretation of the rendered image.

<svg id=""Layer_1"" style=""enable-background:new 0 0 511.994 511.994;"" version=""1.1"" viewbox=""0 0 511.994 511.994"" x=""0px"" xml:space=""preserve"" y=""0px"">
 <g>
  <circle cx=""395.613"" cy=""90.632"" r=""24.005"" style=""fill:#E30613;"">
  </circle>
  <circle cx=""123.560"" cy=""90.632"" r=""24.005"" style=""fill:#E30613;"">
  </circle>
  <rect height=""32.006"" style=""fill:#E30613;"" width=""208.039"" x=""155.567"" y=""10.621"">
  </rect>
 </g>
 <circle cx=""259.586"" cy=""50.627"" r=""40.006"" style=""fill:#F9B233;"">
 </circle>
 <circle cx=""259.586"" cy=""50.627"" r=""16.002"" style=""fill:#FFFFFF;"">
 </circle>
 <path d=""M261.876,114.639h-4.582c-65.02,0.0,-117.73,52.709,-117.73,117.73v194.324h240.041V232.369C379.606,167.348,326.897,114.639,261.876,114.639z"" style=""fill:#F9B233;"">
 </path>
 <rect height=""48.008"" style=""fill:#E30613;"" width=""240.045"" x=""139.569"" y=""378.683"">
 </rect>
 <rect height=""112.018"" style=""fill:#575756;"" width=""80.012"" x=""219.581"" y=""394.691"">
 </rect>
 <rect height=""32.006"" style=""fill:#E30613;"" width=""128.016"" x=""195.573"" y=""362.684"">
 </rect>
 <g>
  <rect height=""15.726"" style=""fill:#FFFFFF;"" width=""16.003"" x=""171.565"" y=""242.803"">
  </rect>
  <rect height=""15.726"" style=""fill:#FFFFFF;"" width=""16.003"" x=""195.573"" y=""242.803"">
  </rect>
  <rect height=""15.726"" style=""fill:#FFFFFF;"" width=""16.003"" x=""219.581"" y=""242.803"">
  </rect>
 </g>
 <g>
  <rect height=""32.006"" style=""fill:#1D1D1B;"" width=""15.726"" x=""107.699"" y=""386.682"">
  </rect>
  <rect height=""15.726"" style=""fill:#1D1D1B;"" width=""32.006"" x=""67.556"" y=""386.828"">
  </rect>
  <rect height=""32.006"" style=""fill:#1D1D1B;"" width=""15.726"" x=""395.749"" y=""386.682"">
  </rect>
  <rect height=""15.726"" style=""fill:#1D1D1B;"" width=""32.005"" x=""419.610"" y=""386.828"">
  </rect>
  <rect height=""15.726"" style=""fill:#1D1D1B;"" width=""96.02"" x=""211.582"" y=""354.822"">
  </rect>
  <rect height=""15.726"" style=""fill:#1D1D1B;"" width=""24.003"" x=""339.598"" y=""370.820"">
  </rect>
  <rect height=""15.726"" style=""fill:#1D1D1B;"" width=""24.005"" x=""155.567"" y=""370.820"">
  </rect>
  <path d=""M259.584,74.494c-13.159,0.0,-23.865,-10.706,-23.865,-23.866s10.706,-23.865,23.865,-23.865c13.16,0.0,23.866,10.706,23.866,23.865S272.745,74.494,259.584,74.494zM259.584,42.488c-4.488,0.0,-8.14,3.651,-8.14,8.14s3.65,8.141,8.14,8.141c4.489,0.0,8.141,-3.651,8.141,-8.141S264.074,42.488,259.584,42.488z"" style=""fill:#1D1D1B;"">
  </path>
  <rect height=""24.003"" style=""fill:#1D1D1B;"" width=""15.726"" x=""379.740"" y=""2.619"">
  </rect>
  <rect height=""15.726"" style=""fill:#1D1D1B;"" width=""48.008"" x=""403.612"" y=""2.759"">
  </rect>
  <rect height=""15.726"" style=""fill:#1D1D1B;"" transform=""matrix(-0.0064 -1 1 -0.0064 116.6558 140.0168)"" width=""24.005"" x=""119.478"" y=""6.765"">
  </rect>
  <rect height=""15.726"" style=""fill:#1D1D1B;"" width=""47.596"" x=""67.955"" y=""2.759"">
  </rect>
  <path d=""M395.609,58.768c-14.859,0.0,-27.373,10.223,-30.883,24.003h-9.263V50.489h16.003V2.759H147.704v47.731h16.003v32.282h-9.262c-3.511,-13.781,-16.024,-24.003,-30.883,-24.003c-17.572,0.0,-31.866,14.296,-31.866,31.866s14.296,31.866,31.866,31.866c14.859,0.0,27.373,-10.223,30.883,-24.003h24.988V50.489h32.286c0.0,0.046,-0.003,0.092,-0.003,0.138c0.0,23.717,17.341,43.45,40.007,47.213v9.184c-66.866,4.076,-120.02,59.76,-120.02,127.635V434.555h71.874v-15.726h-56.149v-184.17c0.0,-59.2,46.106,-107.828,104.294,-111.878v152.345c-35.853,3.36,-64.011,33.613,-64.011,70.33v57.093h24.003v112.019h95.739V402.55h24.003v-57.093c0.0,-36.717,-28.157,-66.971,-64.011,-70.33V122.782c58.19,4.05,104.295,52.677,104.295,111.878v184.17h-56.149v15.726h71.874V234.659c0.0,-67.875,-53.154,-123.558,-120.021,-127.635v-9.184c22.667,-3.763,40.007,-23.496,40.007,-47.213c0.0,-0.046,-0.003,-0.092,-0.003,-0.138h32.286v48.008h24.989c3.511,13.781,16.024,24.003,30.883,24.003c17.572,0.0,31.866,-14.296,31.866,-31.866S413.18,58.768,395.609,58.768zM123.561,106.776c-8.9,0.0,-16.141,-7.241,-16.141,-16.141s7.241,-16.141,16.141,-16.141s16.141,7.241,16.141,16.141S132.462,106.776,123.561,106.776zM163.43,34.764V18.484h60.713c-4.247,4.678,-7.573,10.202,-9.715,16.28h-50.998V34.764zM291.73,498.844H227.441v-96.294h64.288V498.844zM315.733,345.457v41.368h-8.278h-95.739h-8.278v-41.368c0.0,-30.286,24.64,-54.926,54.927,-54.926h2.444C291.093,290.53,315.733,315.17,315.733,345.457zM259.584,82.772c-17.724,0.0,-32.144,-14.419,-32.144,-32.144c0.0,-17.724,14.42,-32.144,32.144,-32.144s32.144,14.419,32.144,32.144C291.73,68.352,277.309,82.772,259.584,82.772zM295.027,18.484h60.713v16.28H304.741C302.6,28.686,299.274,23.162,295.027,18.484zM395.609,106.776c-8.9,0.0,-16.141,-7.241,-16.141,-16.141s7.241,-16.141,16.141,-16.141s16.141,7.241,16.141,16.141S404.509,106.776,395.609,106.776z"" style=""fill:#1D1D1B;"">
  </path>
 </g>
</svg>


Question: What type of object is depicted in the image?",Car,Bicycle,Scooter,Airplane,C,land_crafts
208,"Examine the following SVG code carefully and answer the question based on your interpretation of the rendered image.

<svg id=""Layer_1"" style=""enable-background:new 0 0 512 512;"" version=""1.1"" viewbox=""0 0 512 512"" x=""0px"" xml:space=""preserve"" y=""0px"">
 <g transform=""translate(0 -1)"">
  <g>
   <path d=""M500.369,186.272l-30.064,39.558C454.009,214.888,434.399,208.502,413.296,208.502c-3.919,0.0,-7.785,0.228,-11.59,0.657l-5.377,-26.961c-0.006,-0.032,-0.017,-0.062,-0.024,-0.094c-0.031,-0.145,-0.069,-0.287,-0.107,-0.43c-0.134,-8.537,-1.651,-16.731,-4.349,-24.371h12.913v17.065c0.0,4.713,3.82,8.533,8.533,8.533h51.2c4.713,0.0,8.533,-3.82,8.533,-8.533v-51.2c0.0,-4.713,-3.82,-8.533,-8.533,-8.533h-51.2c-4.713,0.0,-8.533,3.82,-8.533,8.533v17.068h-21.457c-13.77,-20.586,-37.224,-34.133,-63.876,-34.133c-4.713,0.0,-8.533,3.82,-8.533,8.533s3.82,8.533,8.533,8.533c28.886,0.0,52.943,20.44,58.516,47.663l-55.432,-21.487c-0.065,-0.025,-0.131,-0.041,-0.196,-0.065c-0.171,-0.062,-0.344,-0.121,-0.52,-0.172c-0.117,-0.034,-0.234,-0.062,-0.351,-0.09c-0.149,-0.036,-0.298,-0.072,-0.45,-0.1c-0.152,-0.029,-0.305,-0.05,-0.457,-0.07c-0.119,-0.016,-0.237,-0.032,-0.357,-0.042c-0.184,-0.016,-0.367,-0.023,-0.55,-0.028c-0.068,-0.002,-0.135,-0.01,-0.203,-0.01H174.363v-8.533h17.067c4.713,0.0,8.533,-3.82,8.533,-8.533c0.0,-4.713,-3.82,-8.533,-8.533,-8.533h-51.2c-4.713,0.0,-8.533,3.82,-8.533,8.533c0.0,4.713,3.82,8.533,8.533,8.533H157.296v8.533h-8.533c-4.713,0.0,-8.533,3.82,-8.533,8.533s3.82,8.533,8.533,8.533h4.592l-6.119,15.735c-38.676,-15.279,-75.904,-10.69,-105.948,11.538c-3.789,2.803,-4.588,8.147,-1.785,11.935c2.803,3.789,8.147,4.588,11.935,1.785c25.275,-18.699,56.331,-22.537,89.613,-9.354l-5.915,15.211c-9.207,-2.718,-18.951,-4.184,-29.039,-4.184C49.543,208.502,3.696,254.349,3.696,310.902c0.0,35.62,18.193,66.989,45.789,85.333H12.229c-4.713,0.0,-8.533,3.82,-8.533,8.533s3.82,8.533,8.533,8.533h332.8h162.133c4.713,0.0,8.533,-3.82,8.533,-8.533V191.435C515.696,183.262,505.314,179.765,500.369,186.272zM421.829,131.7h34.133v34.133h-34.133V131.7zM413.296,225.569c17.221,0.0,33.239,5.119,46.648,13.893l-41.345,54.401l-13.54,-67.891C407.771,225.712,410.516,225.569,413.296,225.569zM498.629,310.902c0.0,47.127,-38.206,85.333,-85.333,85.333c-15.462,0.0,-29.95,-4.133,-42.457,-11.324l102.395,-134.731C488.908,265.653,498.629,287.139,498.629,310.902zM327.963,310.902c0.0,-38.435,25.417,-70.929,60.356,-81.61l16.495,82.71l-47.854,62.966C339.19,359.329,327.963,336.433,327.963,310.902zM260.117,295.227l-79.073,-129.391h136.789l24.667,9.561L260.117,295.227zM167.535,176.459l76.945,125.91h-36.341c-3.034,-36.771,-25.495,-68.031,-57.099,-83.495L167.535,176.459zM191.003,302.369h-72.433l26.25,-67.499C170.076,247.759,188.071,272.84,191.003,302.369zM106.096,225.569c7.907,0.0,15.553,1.098,22.82,3.111L101.689,298.692l-65.658,-36.476C51.447,240.073,77.071,225.569,106.096,225.569zM20.763,310.902c0.0,-12.001,2.489,-23.418,6.961,-33.779l74.228,41.238c0.007,0.004,0.015,0.007,0.023,0.011c0.052,0.029,0.105,0.055,0.158,0.083c0.092,0.048,0.187,0.091,0.281,0.136c0.09,0.043,0.177,0.09,0.269,0.13c0.02,0.009,0.039,0.02,0.058,0.028c0.059,0.025,0.121,0.046,0.181,0.07c0.028,0.011,0.054,0.026,0.082,0.037c0.065,0.025,0.131,0.042,0.197,0.065c0.085,0.031,0.169,0.065,0.255,0.094c0.03,0.01,0.059,0.023,0.088,0.032c0.058,0.018,0.12,0.03,0.179,0.047c0.112,0.033,0.225,0.06,0.338,0.087c0.104,0.026,0.207,0.058,0.312,0.08c0.029,0.006,0.058,0.008,0.087,0.014c0.023,0.005,0.046,0.007,0.069,0.011c0.128,0.024,0.256,0.042,0.384,0.06c0.102,0.014,0.204,0.034,0.307,0.045c0.019,0.002,0.038,0.002,0.056,0.003c0.023,0.002,0.047,0.002,0.07,0.004c0.141,0.013,0.281,0.019,0.422,0.025c0.101,0.004,0.202,0.011,0.303,0.012c0.009,0.0,0.017,0.001,0.025,0.001h84.907c-4.282,43.12,-40.661,76.8,-84.907,76.8C58.969,396.235,20.763,358.029,20.763,310.902zM208.139,319.435h51.47c0.008,0.0,0.016,0.0,0.023,0.0H259.696c0.061,0.0,0.12,-0.008,0.181,-0.009c0.144,-0.003,0.288,-0.008,0.433,-0.018c0.064,-0.005,0.128,-0.008,0.192,-0.014c0.079,-0.007,0.156,-0.019,0.234,-0.029c0.134,-0.016,0.268,-0.035,0.402,-0.058c0.059,-0.01,0.119,-0.019,0.178,-0.031c0.091,-0.018,0.181,-0.039,0.272,-0.059c0.118,-0.027,0.235,-0.055,0.352,-0.087c0.06,-0.016,0.12,-0.032,0.179,-0.049c0.101,-0.03,0.201,-0.064,0.3,-0.097c0.098,-0.033,0.196,-0.067,0.293,-0.104c0.065,-0.024,0.129,-0.049,0.194,-0.075c0.107,-0.044,0.212,-0.092,0.317,-0.14c0.079,-0.036,0.159,-0.071,0.238,-0.11c0.07,-0.034,0.139,-0.069,0.208,-0.105c0.108,-0.057,0.213,-0.12,0.319,-0.182c0.053,-0.031,0.107,-0.055,0.159,-0.087c0.017,-0.01,0.031,-0.022,0.047,-0.032c0.067,-0.042,0.133,-0.084,0.199,-0.128c0.096,-0.063,0.187,-0.132,0.28,-0.199c0.008,-0.006,0.016,-0.011,0.024,-0.017c0.069,-0.05,0.141,-0.096,0.208,-0.147c0.055,-0.042,0.109,-0.087,0.163,-0.13c0.083,-0.067,0.161,-0.14,0.241,-0.21c0.086,-0.075,0.175,-0.147,0.258,-0.225c0.039,-0.037,0.077,-0.076,0.115,-0.114c0.07,-0.069,0.136,-0.143,0.204,-0.214c0.095,-0.1,0.192,-0.198,0.281,-0.302c0.025,-0.029,0.049,-0.059,0.074,-0.089c0.063,-0.075,0.12,-0.155,0.181,-0.232c0.093,-0.12,0.187,-0.238,0.273,-0.362c0.011,-0.016,0.024,-0.03,0.035,-0.046l0.037,-0.054c0.004,-0.006,0.008,-0.011,0.011,-0.017l92.077,-133.93l21.655,8.394l4.457,22.346c-42.772,12.29,-74.069,51.703,-74.069,98.427c0.0,31.076,13.847,58.917,35.704,77.697l-5.804,7.636H162.707C188.077,379.371,205.493,351.499,208.139,319.435zM498.629,396.235h-28.722c11.379,-7.564,21.158,-17.343,28.722,-28.722V396.235zM483.638,236.492l14.992,-19.726v37.525C494.314,247.799,489.28,241.828,483.638,236.492z"">
   </path>
  </g>
 </g>
</svg>


Question: What shape are the wheels of the object?",Square,Triangle,Hexagon,Circle,D,land_crafts
209,"Examine the following SVG code carefully and answer the question based on your interpretation of the rendered image.

<svg id=""Layer_1"" style=""enable-background:new 0 0 512 512;"" version=""1.1"" viewbox=""0 0 512 512"" x=""0px"" xml:space=""preserve"" y=""0px"">
 <g transform=""translate(0 -1)"">
  <g>
   <path d=""M500.369,186.272l-30.064,39.558C454.009,214.888,434.399,208.502,413.296,208.502c-3.919,0.0,-7.785,0.228,-11.59,0.657l-5.377,-26.961c-0.006,-0.032,-0.017,-0.062,-0.024,-0.094c-0.031,-0.145,-0.069,-0.287,-0.107,-0.43c-0.134,-8.537,-1.651,-16.731,-4.349,-24.371h12.913v17.065c0.0,4.713,3.82,8.533,8.533,8.533h51.2c4.713,0.0,8.533,-3.82,8.533,-8.533v-51.2c0.0,-4.713,-3.82,-8.533,-8.533,-8.533h-51.2c-4.713,0.0,-8.533,3.82,-8.533,8.533v17.068h-21.457c-13.77,-20.586,-37.224,-34.133,-63.876,-34.133c-4.713,0.0,-8.533,3.82,-8.533,8.533s3.82,8.533,8.533,8.533c28.886,0.0,52.943,20.44,58.516,47.663l-55.432,-21.487c-0.065,-0.025,-0.131,-0.041,-0.196,-0.065c-0.171,-0.062,-0.344,-0.121,-0.52,-0.172c-0.117,-0.034,-0.234,-0.062,-0.351,-0.09c-0.149,-0.036,-0.298,-0.072,-0.45,-0.1c-0.152,-0.029,-0.305,-0.05,-0.457,-0.07c-0.119,-0.016,-0.237,-0.032,-0.357,-0.042c-0.184,-0.016,-0.367,-0.023,-0.55,-0.028c-0.068,-0.002,-0.135,-0.01,-0.203,-0.01H174.363v-8.533h17.067c4.713,0.0,8.533,-3.82,8.533,-8.533c0.0,-4.713,-3.82,-8.533,-8.533,-8.533h-51.2c-4.713,0.0,-8.533,3.82,-8.533,8.533c0.0,4.713,3.82,8.533,8.533,8.533H157.296v8.533h-8.533c-4.713,0.0,-8.533,3.82,-8.533,8.533s3.82,8.533,8.533,8.533h4.592l-6.119,15.735c-38.676,-15.279,-75.904,-10.69,-105.948,11.538c-3.789,2.803,-4.588,8.147,-1.785,11.935c2.803,3.789,8.147,4.588,11.935,1.785c25.275,-18.699,56.331,-22.537,89.613,-9.354l-5.915,15.211c-9.207,-2.718,-18.951,-4.184,-29.039,-4.184C49.543,208.502,3.696,254.349,3.696,310.902c0.0,35.62,18.193,66.989,45.789,85.333H12.229c-4.713,0.0,-8.533,3.82,-8.533,8.533s3.82,8.533,8.533,8.533h332.8h162.133c4.713,0.0,8.533,-3.82,8.533,-8.533V191.435C515.696,183.262,505.314,179.765,500.369,186.272zM421.829,131.7h34.133v34.133h-34.133V131.7zM413.296,225.569c17.221,0.0,33.239,5.119,46.648,13.893l-41.345,54.401l-13.54,-67.891C407.771,225.712,410.516,225.569,413.296,225.569zM498.629,310.902c0.0,47.127,-38.206,85.333,-85.333,85.333c-15.462,0.0,-29.95,-4.133,-42.457,-11.324l102.395,-134.731C488.908,265.653,498.629,287.139,498.629,310.902zM327.963,310.902c0.0,-38.435,25.417,-70.929,60.356,-81.61l16.495,82.71l-47.854,62.966C339.19,359.329,327.963,336.433,327.963,310.902zM260.117,295.227l-79.073,-129.391h136.789l24.667,9.561L260.117,295.227zM167.535,176.459l76.945,125.91h-36.341c-3.034,-36.771,-25.495,-68.031,-57.099,-83.495L167.535,176.459zM191.003,302.369h-72.433l26.25,-67.499C170.076,247.759,188.071,272.84,191.003,302.369zM106.096,225.569c7.907,0.0,15.553,1.098,22.82,3.111L101.689,298.692l-65.658,-36.476C51.447,240.073,77.071,225.569,106.096,225.569zM20.763,310.902c0.0,-12.001,2.489,-23.418,6.961,-33.779l74.228,41.238c0.007,0.004,0.015,0.007,0.023,0.011c0.052,0.029,0.105,0.055,0.158,0.083c0.092,0.048,0.187,0.091,0.281,0.136c0.09,0.043,0.177,0.09,0.269,0.13c0.02,0.009,0.039,0.02,0.058,0.028c0.059,0.025,0.121,0.046,0.181,0.07c0.028,0.011,0.054,0.026,0.082,0.037c0.065,0.025,0.131,0.042,0.197,0.065c0.085,0.031,0.169,0.065,0.255,0.094c0.03,0.01,0.059,0.023,0.088,0.032c0.058,0.018,0.12,0.03,0.179,0.047c0.112,0.033,0.225,0.06,0.338,0.087c0.104,0.026,0.207,0.058,0.312,0.08c0.029,0.006,0.058,0.008,0.087,0.014c0.023,0.005,0.046,0.007,0.069,0.011c0.128,0.024,0.256,0.042,0.384,0.06c0.102,0.014,0.204,0.034,0.307,0.045c0.019,0.002,0.038,0.002,0.056,0.003c0.023,0.002,0.047,0.002,0.07,0.004c0.141,0.013,0.281,0.019,0.422,0.025c0.101,0.004,0.202,0.011,0.303,0.012c0.009,0.0,0.017,0.001,0.025,0.001h84.907c-4.282,43.12,-40.661,76.8,-84.907,76.8C58.969,396.235,20.763,358.029,20.763,310.902zM208.139,319.435h51.47c0.008,0.0,0.016,0.0,0.023,0.0H259.696c0.061,0.0,0.12,-0.008,0.181,-0.009c0.144,-0.003,0.288,-0.008,0.433,-0.018c0.064,-0.005,0.128,-0.008,0.192,-0.014c0.079,-0.007,0.156,-0.019,0.234,-0.029c0.134,-0.016,0.268,-0.035,0.402,-0.058c0.059,-0.01,0.119,-0.019,0.178,-0.031c0.091,-0.018,0.181,-0.039,0.272,-0.059c0.118,-0.027,0.235,-0.055,0.352,-0.087c0.06,-0.016,0.12,-0.032,0.179,-0.049c0.101,-0.03,0.201,-0.064,0.3,-0.097c0.098,-0.033,0.196,-0.067,0.293,-0.104c0.065,-0.024,0.129,-0.049,0.194,-0.075c0.107,-0.044,0.212,-0.092,0.317,-0.14c0.079,-0.036,0.159,-0.071,0.238,-0.11c0.07,-0.034,0.139,-0.069,0.208,-0.105c0.108,-0.057,0.213,-0.12,0.319,-0.182c0.053,-0.031,0.107,-0.055,0.159,-0.087c0.017,-0.01,0.031,-0.022,0.047,-0.032c0.067,-0.042,0.133,-0.084,0.199,-0.128c0.096,-0.063,0.187,-0.132,0.28,-0.199c0.008,-0.006,0.016,-0.011,0.024,-0.017c0.069,-0.05,0.141,-0.096,0.208,-0.147c0.055,-0.042,0.109,-0.087,0.163,-0.13c0.083,-0.067,0.161,-0.14,0.241,-0.21c0.086,-0.075,0.175,-0.147,0.258,-0.225c0.039,-0.037,0.077,-0.076,0.115,-0.114c0.07,-0.069,0.136,-0.143,0.204,-0.214c0.095,-0.1,0.192,-0.198,0.281,-0.302c0.025,-0.029,0.049,-0.059,0.074,-0.089c0.063,-0.075,0.12,-0.155,0.181,-0.232c0.093,-0.12,0.187,-0.238,0.273,-0.362c0.011,-0.016,0.024,-0.03,0.035,-0.046l0.037,-0.054c0.004,-0.006,0.008,-0.011,0.011,-0.017l92.077,-133.93l21.655,8.394l4.457,22.346c-42.772,12.29,-74.069,51.703,-74.069,98.427c0.0,31.076,13.847,58.917,35.704,77.697l-5.804,7.636H162.707C188.077,379.371,205.493,351.499,208.139,319.435zM498.629,396.235h-28.722c11.379,-7.564,21.158,-17.343,28.722,-28.722V396.235zM483.638,236.492l14.992,-19.726v37.525C494.314,247.799,489.28,241.828,483.638,236.492z"">
   </path>
  </g>
 </g>
</svg>


Question: How many wheels does the object have?",One,Two,Three,Four,B,land_crafts
210,"Examine the following SVG code carefully and answer the question based on your interpretation of the rendered image.

<svg id=""Layer_1"" style=""enable-background:new 0 0 512 512;"" version=""1.1"" viewbox=""0 0 512 512"" x=""0px"" xml:space=""preserve"" y=""0px"">
 <g transform=""translate(0 -1)"">
  <g>
   <path d=""M500.369,186.272l-30.064,39.558C454.009,214.888,434.399,208.502,413.296,208.502c-3.919,0.0,-7.785,0.228,-11.59,0.657l-5.377,-26.961c-0.006,-0.032,-0.017,-0.062,-0.024,-0.094c-0.031,-0.145,-0.069,-0.287,-0.107,-0.43c-0.134,-8.537,-1.651,-16.731,-4.349,-24.371h12.913v17.065c0.0,4.713,3.82,8.533,8.533,8.533h51.2c4.713,0.0,8.533,-3.82,8.533,-8.533v-51.2c0.0,-4.713,-3.82,-8.533,-8.533,-8.533h-51.2c-4.713,0.0,-8.533,3.82,-8.533,8.533v17.068h-21.457c-13.77,-20.586,-37.224,-34.133,-63.876,-34.133c-4.713,0.0,-8.533,3.82,-8.533,8.533s3.82,8.533,8.533,8.533c28.886,0.0,52.943,20.44,58.516,47.663l-55.432,-21.487c-0.065,-0.025,-0.131,-0.041,-0.196,-0.065c-0.171,-0.062,-0.344,-0.121,-0.52,-0.172c-0.117,-0.034,-0.234,-0.062,-0.351,-0.09c-0.149,-0.036,-0.298,-0.072,-0.45,-0.1c-0.152,-0.029,-0.305,-0.05,-0.457,-0.07c-0.119,-0.016,-0.237,-0.032,-0.357,-0.042c-0.184,-0.016,-0.367,-0.023,-0.55,-0.028c-0.068,-0.002,-0.135,-0.01,-0.203,-0.01H174.363v-8.533h17.067c4.713,0.0,8.533,-3.82,8.533,-8.533c0.0,-4.713,-3.82,-8.533,-8.533,-8.533h-51.2c-4.713,0.0,-8.533,3.82,-8.533,8.533c0.0,4.713,3.82,8.533,8.533,8.533H157.296v8.533h-8.533c-4.713,0.0,-8.533,3.82,-8.533,8.533s3.82,8.533,8.533,8.533h4.592l-6.119,15.735c-38.676,-15.279,-75.904,-10.69,-105.948,11.538c-3.789,2.803,-4.588,8.147,-1.785,11.935c2.803,3.789,8.147,4.588,11.935,1.785c25.275,-18.699,56.331,-22.537,89.613,-9.354l-5.915,15.211c-9.207,-2.718,-18.951,-4.184,-29.039,-4.184C49.543,208.502,3.696,254.349,3.696,310.902c0.0,35.62,18.193,66.989,45.789,85.333H12.229c-4.713,0.0,-8.533,3.82,-8.533,8.533s3.82,8.533,8.533,8.533h332.8h162.133c4.713,0.0,8.533,-3.82,8.533,-8.533V191.435C515.696,183.262,505.314,179.765,500.369,186.272zM421.829,131.7h34.133v34.133h-34.133V131.7zM413.296,225.569c17.221,0.0,33.239,5.119,46.648,13.893l-41.345,54.401l-13.54,-67.891C407.771,225.712,410.516,225.569,413.296,225.569zM498.629,310.902c0.0,47.127,-38.206,85.333,-85.333,85.333c-15.462,0.0,-29.95,-4.133,-42.457,-11.324l102.395,-134.731C488.908,265.653,498.629,287.139,498.629,310.902zM327.963,310.902c0.0,-38.435,25.417,-70.929,60.356,-81.61l16.495,82.71l-47.854,62.966C339.19,359.329,327.963,336.433,327.963,310.902zM260.117,295.227l-79.073,-129.391h136.789l24.667,9.561L260.117,295.227zM167.535,176.459l76.945,125.91h-36.341c-3.034,-36.771,-25.495,-68.031,-57.099,-83.495L167.535,176.459zM191.003,302.369h-72.433l26.25,-67.499C170.076,247.759,188.071,272.84,191.003,302.369zM106.096,225.569c7.907,0.0,15.553,1.098,22.82,3.111L101.689,298.692l-65.658,-36.476C51.447,240.073,77.071,225.569,106.096,225.569zM20.763,310.902c0.0,-12.001,2.489,-23.418,6.961,-33.779l74.228,41.238c0.007,0.004,0.015,0.007,0.023,0.011c0.052,0.029,0.105,0.055,0.158,0.083c0.092,0.048,0.187,0.091,0.281,0.136c0.09,0.043,0.177,0.09,0.269,0.13c0.02,0.009,0.039,0.02,0.058,0.028c0.059,0.025,0.121,0.046,0.181,0.07c0.028,0.011,0.054,0.026,0.082,0.037c0.065,0.025,0.131,0.042,0.197,0.065c0.085,0.031,0.169,0.065,0.255,0.094c0.03,0.01,0.059,0.023,0.088,0.032c0.058,0.018,0.12,0.03,0.179,0.047c0.112,0.033,0.225,0.06,0.338,0.087c0.104,0.026,0.207,0.058,0.312,0.08c0.029,0.006,0.058,0.008,0.087,0.014c0.023,0.005,0.046,0.007,0.069,0.011c0.128,0.024,0.256,0.042,0.384,0.06c0.102,0.014,0.204,0.034,0.307,0.045c0.019,0.002,0.038,0.002,0.056,0.003c0.023,0.002,0.047,0.002,0.07,0.004c0.141,0.013,0.281,0.019,0.422,0.025c0.101,0.004,0.202,0.011,0.303,0.012c0.009,0.0,0.017,0.001,0.025,0.001h84.907c-4.282,43.12,-40.661,76.8,-84.907,76.8C58.969,396.235,20.763,358.029,20.763,310.902zM208.139,319.435h51.47c0.008,0.0,0.016,0.0,0.023,0.0H259.696c0.061,0.0,0.12,-0.008,0.181,-0.009c0.144,-0.003,0.288,-0.008,0.433,-0.018c0.064,-0.005,0.128,-0.008,0.192,-0.014c0.079,-0.007,0.156,-0.019,0.234,-0.029c0.134,-0.016,0.268,-0.035,0.402,-0.058c0.059,-0.01,0.119,-0.019,0.178,-0.031c0.091,-0.018,0.181,-0.039,0.272,-0.059c0.118,-0.027,0.235,-0.055,0.352,-0.087c0.06,-0.016,0.12,-0.032,0.179,-0.049c0.101,-0.03,0.201,-0.064,0.3,-0.097c0.098,-0.033,0.196,-0.067,0.293,-0.104c0.065,-0.024,0.129,-0.049,0.194,-0.075c0.107,-0.044,0.212,-0.092,0.317,-0.14c0.079,-0.036,0.159,-0.071,0.238,-0.11c0.07,-0.034,0.139,-0.069,0.208,-0.105c0.108,-0.057,0.213,-0.12,0.319,-0.182c0.053,-0.031,0.107,-0.055,0.159,-0.087c0.017,-0.01,0.031,-0.022,0.047,-0.032c0.067,-0.042,0.133,-0.084,0.199,-0.128c0.096,-0.063,0.187,-0.132,0.28,-0.199c0.008,-0.006,0.016,-0.011,0.024,-0.017c0.069,-0.05,0.141,-0.096,0.208,-0.147c0.055,-0.042,0.109,-0.087,0.163,-0.13c0.083,-0.067,0.161,-0.14,0.241,-0.21c0.086,-0.075,0.175,-0.147,0.258,-0.225c0.039,-0.037,0.077,-0.076,0.115,-0.114c0.07,-0.069,0.136,-0.143,0.204,-0.214c0.095,-0.1,0.192,-0.198,0.281,-0.302c0.025,-0.029,0.049,-0.059,0.074,-0.089c0.063,-0.075,0.12,-0.155,0.181,-0.232c0.093,-0.12,0.187,-0.238,0.273,-0.362c0.011,-0.016,0.024,-0.03,0.035,-0.046l0.037,-0.054c0.004,-0.006,0.008,-0.011,0.011,-0.017l92.077,-133.93l21.655,8.394l4.457,22.346c-42.772,12.29,-74.069,51.703,-74.069,98.427c0.0,31.076,13.847,58.917,35.704,77.697l-5.804,7.636H162.707C188.077,379.371,205.493,351.499,208.139,319.435zM498.629,396.235h-28.722c11.379,-7.564,21.158,-17.343,28.722,-28.722V396.235zM483.638,236.492l14.992,-19.726v37.525C494.314,247.799,489.28,241.828,483.638,236.492z"">
   </path>
  </g>
 </g>
</svg>


Question: What is the shape of the frame connecting the wheels?",Triangular,Circular,Rectangular,Hexagonal,A,land_crafts
211,"Examine the following SVG code carefully and answer the question based on your interpretation of the rendered image.

<svg id=""Layer_1"" style=""enable-background:new 0 0 512 512;"" version=""1.1"" viewbox=""0 0 512 512"" x=""0px"" xml:space=""preserve"" y=""0px"">
 <g transform=""translate(0 -1)"">
  <g>
   <path d=""M500.369,186.272l-30.064,39.558C454.009,214.888,434.399,208.502,413.296,208.502c-3.919,0.0,-7.785,0.228,-11.59,0.657l-5.377,-26.961c-0.006,-0.032,-0.017,-0.062,-0.024,-0.094c-0.031,-0.145,-0.069,-0.287,-0.107,-0.43c-0.134,-8.537,-1.651,-16.731,-4.349,-24.371h12.913v17.065c0.0,4.713,3.82,8.533,8.533,8.533h51.2c4.713,0.0,8.533,-3.82,8.533,-8.533v-51.2c0.0,-4.713,-3.82,-8.533,-8.533,-8.533h-51.2c-4.713,0.0,-8.533,3.82,-8.533,8.533v17.068h-21.457c-13.77,-20.586,-37.224,-34.133,-63.876,-34.133c-4.713,0.0,-8.533,3.82,-8.533,8.533s3.82,8.533,8.533,8.533c28.886,0.0,52.943,20.44,58.516,47.663l-55.432,-21.487c-0.065,-0.025,-0.131,-0.041,-0.196,-0.065c-0.171,-0.062,-0.344,-0.121,-0.52,-0.172c-0.117,-0.034,-0.234,-0.062,-0.351,-0.09c-0.149,-0.036,-0.298,-0.072,-0.45,-0.1c-0.152,-0.029,-0.305,-0.05,-0.457,-0.07c-0.119,-0.016,-0.237,-0.032,-0.357,-0.042c-0.184,-0.016,-0.367,-0.023,-0.55,-0.028c-0.068,-0.002,-0.135,-0.01,-0.203,-0.01H174.363v-8.533h17.067c4.713,0.0,8.533,-3.82,8.533,-8.533c0.0,-4.713,-3.82,-8.533,-8.533,-8.533h-51.2c-4.713,0.0,-8.533,3.82,-8.533,8.533c0.0,4.713,3.82,8.533,8.533,8.533H157.296v8.533h-8.533c-4.713,0.0,-8.533,3.82,-8.533,8.533s3.82,8.533,8.533,8.533h4.592l-6.119,15.735c-38.676,-15.279,-75.904,-10.69,-105.948,11.538c-3.789,2.803,-4.588,8.147,-1.785,11.935c2.803,3.789,8.147,4.588,11.935,1.785c25.275,-18.699,56.331,-22.537,89.613,-9.354l-5.915,15.211c-9.207,-2.718,-18.951,-4.184,-29.039,-4.184C49.543,208.502,3.696,254.349,3.696,310.902c0.0,35.62,18.193,66.989,45.789,85.333H12.229c-4.713,0.0,-8.533,3.82,-8.533,8.533s3.82,8.533,8.533,8.533h332.8h162.133c4.713,0.0,8.533,-3.82,8.533,-8.533V191.435C515.696,183.262,505.314,179.765,500.369,186.272zM421.829,131.7h34.133v34.133h-34.133V131.7zM413.296,225.569c17.221,0.0,33.239,5.119,46.648,13.893l-41.345,54.401l-13.54,-67.891C407.771,225.712,410.516,225.569,413.296,225.569zM498.629,310.902c0.0,47.127,-38.206,85.333,-85.333,85.333c-15.462,0.0,-29.95,-4.133,-42.457,-11.324l102.395,-134.731C488.908,265.653,498.629,287.139,498.629,310.902zM327.963,310.902c0.0,-38.435,25.417,-70.929,60.356,-81.61l16.495,82.71l-47.854,62.966C339.19,359.329,327.963,336.433,327.963,310.902zM260.117,295.227l-79.073,-129.391h136.789l24.667,9.561L260.117,295.227zM167.535,176.459l76.945,125.91h-36.341c-3.034,-36.771,-25.495,-68.031,-57.099,-83.495L167.535,176.459zM191.003,302.369h-72.433l26.25,-67.499C170.076,247.759,188.071,272.84,191.003,302.369zM106.096,225.569c7.907,0.0,15.553,1.098,22.82,3.111L101.689,298.692l-65.658,-36.476C51.447,240.073,77.071,225.569,106.096,225.569zM20.763,310.902c0.0,-12.001,2.489,-23.418,6.961,-33.779l74.228,41.238c0.007,0.004,0.015,0.007,0.023,0.011c0.052,0.029,0.105,0.055,0.158,0.083c0.092,0.048,0.187,0.091,0.281,0.136c0.09,0.043,0.177,0.09,0.269,0.13c0.02,0.009,0.039,0.02,0.058,0.028c0.059,0.025,0.121,0.046,0.181,0.07c0.028,0.011,0.054,0.026,0.082,0.037c0.065,0.025,0.131,0.042,0.197,0.065c0.085,0.031,0.169,0.065,0.255,0.094c0.03,0.01,0.059,0.023,0.088,0.032c0.058,0.018,0.12,0.03,0.179,0.047c0.112,0.033,0.225,0.06,0.338,0.087c0.104,0.026,0.207,0.058,0.312,0.08c0.029,0.006,0.058,0.008,0.087,0.014c0.023,0.005,0.046,0.007,0.069,0.011c0.128,0.024,0.256,0.042,0.384,0.06c0.102,0.014,0.204,0.034,0.307,0.045c0.019,0.002,0.038,0.002,0.056,0.003c0.023,0.002,0.047,0.002,0.07,0.004c0.141,0.013,0.281,0.019,0.422,0.025c0.101,0.004,0.202,0.011,0.303,0.012c0.009,0.0,0.017,0.001,0.025,0.001h84.907c-4.282,43.12,-40.661,76.8,-84.907,76.8C58.969,396.235,20.763,358.029,20.763,310.902zM208.139,319.435h51.47c0.008,0.0,0.016,0.0,0.023,0.0H259.696c0.061,0.0,0.12,-0.008,0.181,-0.009c0.144,-0.003,0.288,-0.008,0.433,-0.018c0.064,-0.005,0.128,-0.008,0.192,-0.014c0.079,-0.007,0.156,-0.019,0.234,-0.029c0.134,-0.016,0.268,-0.035,0.402,-0.058c0.059,-0.01,0.119,-0.019,0.178,-0.031c0.091,-0.018,0.181,-0.039,0.272,-0.059c0.118,-0.027,0.235,-0.055,0.352,-0.087c0.06,-0.016,0.12,-0.032,0.179,-0.049c0.101,-0.03,0.201,-0.064,0.3,-0.097c0.098,-0.033,0.196,-0.067,0.293,-0.104c0.065,-0.024,0.129,-0.049,0.194,-0.075c0.107,-0.044,0.212,-0.092,0.317,-0.14c0.079,-0.036,0.159,-0.071,0.238,-0.11c0.07,-0.034,0.139,-0.069,0.208,-0.105c0.108,-0.057,0.213,-0.12,0.319,-0.182c0.053,-0.031,0.107,-0.055,0.159,-0.087c0.017,-0.01,0.031,-0.022,0.047,-0.032c0.067,-0.042,0.133,-0.084,0.199,-0.128c0.096,-0.063,0.187,-0.132,0.28,-0.199c0.008,-0.006,0.016,-0.011,0.024,-0.017c0.069,-0.05,0.141,-0.096,0.208,-0.147c0.055,-0.042,0.109,-0.087,0.163,-0.13c0.083,-0.067,0.161,-0.14,0.241,-0.21c0.086,-0.075,0.175,-0.147,0.258,-0.225c0.039,-0.037,0.077,-0.076,0.115,-0.114c0.07,-0.069,0.136,-0.143,0.204,-0.214c0.095,-0.1,0.192,-0.198,0.281,-0.302c0.025,-0.029,0.049,-0.059,0.074,-0.089c0.063,-0.075,0.12,-0.155,0.181,-0.232c0.093,-0.12,0.187,-0.238,0.273,-0.362c0.011,-0.016,0.024,-0.03,0.035,-0.046l0.037,-0.054c0.004,-0.006,0.008,-0.011,0.011,-0.017l92.077,-133.93l21.655,8.394l4.457,22.346c-42.772,12.29,-74.069,51.703,-74.069,98.427c0.0,31.076,13.847,58.917,35.704,77.697l-5.804,7.636H162.707C188.077,379.371,205.493,351.499,208.139,319.435zM498.629,396.235h-28.722c11.379,-7.564,21.158,-17.343,28.722,-28.722V396.235zM483.638,236.492l14.992,-19.726v37.525C494.314,247.799,489.28,241.828,483.638,236.492z"">
   </path>
  </g>
 </g>
</svg>


Question: What is the object in the image?",Bicycle,Car,Motorcycle,Scooter,A,land_crafts
216,"Examine the following SVG code carefully and answer the question based on your interpretation of the rendered image.

<svg id=""Layer_1"" style=""enable-background:new 0 0 512 512;"" version=""1.1"" viewbox=""0 0 512 512"" x=""0px"" xml:space=""preserve"" y=""0px"">
 <path d=""M260.612,139.841c-84.11,0.555,-152.533,67.434,-152.533,149.076v119.603c0.0,22.345,18.734,40.522,41.755,40.522h221.789c23.022,0.0,41.755,-18.177,41.755,-40.522V288.917C413.379,207.275,344.946,140.396,260.612,139.841z"" style=""fill:#E3B236;"">
 </path>
 <path d=""M260.612,139.841c-0.281,0.002,-0.553,0.043,-0.833,0.047v309.156h111.845c23.022,0.0,41.755,-18.177,41.755,-40.522V288.918C413.379,207.275,344.946,140.396,260.612,139.841z"" style=""fill:#DA9A2B;"">
 </path>
 <path d=""M430.446,105.702h-102.4c-9.422,0.0,-17.067,-7.639,-17.067,-17.067s7.645,-17.067,17.067,-17.067h102.4c9.422,0.0,17.067,7.639,17.067,17.067S439.868,105.702,430.446,105.702z"" style=""fill:#765B43;"">
 </path>
 <path d=""M191.512,105.702h-102.4c-9.422,0.0,-17.067,-7.639,-17.067,-17.067s7.645,-17.067,17.067,-17.067h102.4c9.422,0.0,17.067,7.639,17.067,17.067S200.934,105.702,191.512,105.702z"" style=""fill:#8C6D50;"">
 </path>
 <path d=""M259.779,173.969c-47.055,0.0,-85.333,-38.278,-85.333,-85.333S212.724,3.302,259.779,3.302s85.333,38.278,85.333,85.333S306.834,173.969,259.779,173.969z"" style=""fill:#DA9A2B;"">
 </path>
 <path d=""M345.112,88.635C345.112,41.58,306.834,3.302,259.779,3.302v170.667C306.834,173.969,345.112,135.69,345.112,88.635z"" style=""fill:#CF8B27;"">
 </path>
 <path d=""M259.779,515.302c-28.233,0.0,-51.2,-22.291,-51.2,-49.694v-66.259c0.0,-27.403,22.967,-49.694,51.2,-49.694s51.2,22.291,51.2,49.694v66.258C310.979,493.011,288.012,515.302,259.779,515.302z"" style=""fill:#6E6057;"">
 </path>
 <path d=""M310.979,465.608v-66.259c0.0,-27.403,-22.967,-49.694,-51.2,-49.694V515.302C288.012,515.302,310.979,493.011,310.979,465.608z"" style=""fill:#615349;"">
 </path>
 <path d=""M259.779,139.835c-28.233,0.0,-51.2,-22.967,-51.2,-51.2s22.967,-51.2,51.2,-51.2s51.2,22.967,51.2,51.2S288.012,139.835,259.779,139.835z"" style=""fill:#E2E7EC;"">
 </path>
 <path d=""M310.979,88.635c0.0,-28.233,-22.967,-51.2,-51.2,-51.2v102.4C288.012,139.835,310.979,116.868,310.979,88.635z"" style=""fill:#CCD5E0;"">
 </path>
</svg>


Question: What is the primary color of the object in the image?",Red,Blue,Yellow,Green,C,land_crafts
217,"Examine the following SVG code carefully and answer the question based on your interpretation of the rendered image.

<svg id=""Layer_1"" style=""enable-background:new 0 0 512 512;"" version=""1.1"" viewbox=""0 0 512 512"" x=""0px"" xml:space=""preserve"" y=""0px"">
 <path d=""M260.612,139.841c-84.11,0.555,-152.533,67.434,-152.533,149.076v119.603c0.0,22.345,18.734,40.522,41.755,40.522h221.789c23.022,0.0,41.755,-18.177,41.755,-40.522V288.917C413.379,207.275,344.946,140.396,260.612,139.841z"" style=""fill:#E3B236;"">
 </path>
 <path d=""M260.612,139.841c-0.281,0.002,-0.553,0.043,-0.833,0.047v309.156h111.845c23.022,0.0,41.755,-18.177,41.755,-40.522V288.918C413.379,207.275,344.946,140.396,260.612,139.841z"" style=""fill:#DA9A2B;"">
 </path>
 <path d=""M430.446,105.702h-102.4c-9.422,0.0,-17.067,-7.639,-17.067,-17.067s7.645,-17.067,17.067,-17.067h102.4c9.422,0.0,17.067,7.639,17.067,17.067S439.868,105.702,430.446,105.702z"" style=""fill:#765B43;"">
 </path>
 <path d=""M191.512,105.702h-102.4c-9.422,0.0,-17.067,-7.639,-17.067,-17.067s7.645,-17.067,17.067,-17.067h102.4c9.422,0.0,17.067,7.639,17.067,17.067S200.934,105.702,191.512,105.702z"" style=""fill:#8C6D50;"">
 </path>
 <path d=""M259.779,173.969c-47.055,0.0,-85.333,-38.278,-85.333,-85.333S212.724,3.302,259.779,3.302s85.333,38.278,85.333,85.333S306.834,173.969,259.779,173.969z"" style=""fill:#DA9A2B;"">
 </path>
 <path d=""M345.112,88.635C345.112,41.58,306.834,3.302,259.779,3.302v170.667C306.834,173.969,345.112,135.69,345.112,88.635z"" style=""fill:#CF8B27;"">
 </path>
 <path d=""M259.779,515.302c-28.233,0.0,-51.2,-22.291,-51.2,-49.694v-66.259c0.0,-27.403,22.967,-49.694,51.2,-49.694s51.2,22.291,51.2,49.694v66.258C310.979,493.011,288.012,515.302,259.779,515.302z"" style=""fill:#6E6057;"">
 </path>
 <path d=""M310.979,465.608v-66.259c0.0,-27.403,-22.967,-49.694,-51.2,-49.694V515.302C288.012,515.302,310.979,493.011,310.979,465.608z"" style=""fill:#615349;"">
 </path>
 <path d=""M259.779,139.835c-28.233,0.0,-51.2,-22.967,-51.2,-51.2s22.967,-51.2,51.2,-51.2s51.2,22.967,51.2,51.2S288.012,139.835,259.779,139.835z"" style=""fill:#E2E7EC;"">
 </path>
 <path d=""M310.979,88.635c0.0,-28.233,-22.967,-51.2,-51.2,-51.2v102.4C288.012,139.835,310.979,116.868,310.979,88.635z"" style=""fill:#CCD5E0;"">
 </path>
</svg>


Question: What shape is prominently featured at the top of the object?",Square,Circle,Triangle,Hexagon,B,land_crafts
218,"Examine the following SVG code carefully and answer the question based on your interpretation of the rendered image.

<svg id=""Layer_1"" style=""enable-background:new 0 0 512 512;"" version=""1.1"" viewbox=""0 0 512 512"" x=""0px"" xml:space=""preserve"" y=""0px"">
 <path d=""M260.612,139.841c-84.11,0.555,-152.533,67.434,-152.533,149.076v119.603c0.0,22.345,18.734,40.522,41.755,40.522h221.789c23.022,0.0,41.755,-18.177,41.755,-40.522V288.917C413.379,207.275,344.946,140.396,260.612,139.841z"" style=""fill:#E3B236;"">
 </path>
 <path d=""M260.612,139.841c-0.281,0.002,-0.553,0.043,-0.833,0.047v309.156h111.845c23.022,0.0,41.755,-18.177,41.755,-40.522V288.918C413.379,207.275,344.946,140.396,260.612,139.841z"" style=""fill:#DA9A2B;"">
 </path>
 <path d=""M430.446,105.702h-102.4c-9.422,0.0,-17.067,-7.639,-17.067,-17.067s7.645,-17.067,17.067,-17.067h102.4c9.422,0.0,17.067,7.639,17.067,17.067S439.868,105.702,430.446,105.702z"" style=""fill:#765B43;"">
 </path>
 <path d=""M191.512,105.702h-102.4c-9.422,0.0,-17.067,-7.639,-17.067,-17.067s7.645,-17.067,17.067,-17.067h102.4c9.422,0.0,17.067,7.639,17.067,17.067S200.934,105.702,191.512,105.702z"" style=""fill:#8C6D50;"">
 </path>
 <path d=""M259.779,173.969c-47.055,0.0,-85.333,-38.278,-85.333,-85.333S212.724,3.302,259.779,3.302s85.333,38.278,85.333,85.333S306.834,173.969,259.779,173.969z"" style=""fill:#DA9A2B;"">
 </path>
 <path d=""M345.112,88.635C345.112,41.58,306.834,3.302,259.779,3.302v170.667C306.834,173.969,345.112,135.69,345.112,88.635z"" style=""fill:#CF8B27;"">
 </path>
 <path d=""M259.779,515.302c-28.233,0.0,-51.2,-22.291,-51.2,-49.694v-66.259c0.0,-27.403,22.967,-49.694,51.2,-49.694s51.2,22.291,51.2,49.694v66.258C310.979,493.011,288.012,515.302,259.779,515.302z"" style=""fill:#6E6057;"">
 </path>
 <path d=""M310.979,465.608v-66.259c0.0,-27.403,-22.967,-49.694,-51.2,-49.694V515.302C288.012,515.302,310.979,493.011,310.979,465.608z"" style=""fill:#615349;"">
 </path>
 <path d=""M259.779,139.835c-28.233,0.0,-51.2,-22.967,-51.2,-51.2s22.967,-51.2,51.2,-51.2s51.2,22.967,51.2,51.2S288.012,139.835,259.779,139.835z"" style=""fill:#E2E7EC;"">
 </path>
 <path d=""M310.979,88.635c0.0,-28.233,-22.967,-51.2,-51.2,-51.2v102.4C288.012,139.835,310.979,116.868,310.979,88.635z"" style=""fill:#CCD5E0;"">
 </path>
</svg>


Question: What color is the circular shape at the top of the object?",Blue,Gray,Black,White,B,land_crafts
219,"Examine the following SVG code carefully and answer the question based on your interpretation of the rendered image.

<svg id=""Layer_1"" style=""enable-background:new 0 0 512 512;"" version=""1.1"" viewbox=""0 0 512 512"" x=""0px"" xml:space=""preserve"" y=""0px"">
 <path d=""M260.612,139.841c-84.11,0.555,-152.533,67.434,-152.533,149.076v119.603c0.0,22.345,18.734,40.522,41.755,40.522h221.789c23.022,0.0,41.755,-18.177,41.755,-40.522V288.917C413.379,207.275,344.946,140.396,260.612,139.841z"" style=""fill:#E3B236;"">
 </path>
 <path d=""M260.612,139.841c-0.281,0.002,-0.553,0.043,-0.833,0.047v309.156h111.845c23.022,0.0,41.755,-18.177,41.755,-40.522V288.918C413.379,207.275,344.946,140.396,260.612,139.841z"" style=""fill:#DA9A2B;"">
 </path>
 <path d=""M430.446,105.702h-102.4c-9.422,0.0,-17.067,-7.639,-17.067,-17.067s7.645,-17.067,17.067,-17.067h102.4c9.422,0.0,17.067,7.639,17.067,17.067S439.868,105.702,430.446,105.702z"" style=""fill:#765B43;"">
 </path>
 <path d=""M191.512,105.702h-102.4c-9.422,0.0,-17.067,-7.639,-17.067,-17.067s7.645,-17.067,17.067,-17.067h102.4c9.422,0.0,17.067,7.639,17.067,17.067S200.934,105.702,191.512,105.702z"" style=""fill:#8C6D50;"">
 </path>
 <path d=""M259.779,173.969c-47.055,0.0,-85.333,-38.278,-85.333,-85.333S212.724,3.302,259.779,3.302s85.333,38.278,85.333,85.333S306.834,173.969,259.779,173.969z"" style=""fill:#DA9A2B;"">
 </path>
 <path d=""M345.112,88.635C345.112,41.58,306.834,3.302,259.779,3.302v170.667C306.834,173.969,345.112,135.69,345.112,88.635z"" style=""fill:#CF8B27;"">
 </path>
 <path d=""M259.779,515.302c-28.233,0.0,-51.2,-22.291,-51.2,-49.694v-66.259c0.0,-27.403,22.967,-49.694,51.2,-49.694s51.2,22.291,51.2,49.694v66.258C310.979,493.011,288.012,515.302,259.779,515.302z"" style=""fill:#6E6057;"">
 </path>
 <path d=""M310.979,465.608v-66.259c0.0,-27.403,-22.967,-49.694,-51.2,-49.694V515.302C288.012,515.302,310.979,493.011,310.979,465.608z"" style=""fill:#615349;"">
 </path>
 <path d=""M259.779,139.835c-28.233,0.0,-51.2,-22.967,-51.2,-51.2s22.967,-51.2,51.2,-51.2s51.2,22.967,51.2,51.2S288.012,139.835,259.779,139.835z"" style=""fill:#E2E7EC;"">
 </path>
 <path d=""M310.979,88.635c0.0,-28.233,-22.967,-51.2,-51.2,-51.2v102.4C288.012,139.835,310.979,116.868,310.979,88.635z"" style=""fill:#CCD5E0;"">
 </path>
</svg>


Question: What type of object is depicted in the image?",Car,Bicycle,Scooter,Airplane,C,land_crafts
256,"Examine the following SVG code carefully and answer the question based on your interpretation of the rendered image.

<svg height=""512"" id=""Capa_1"" style=""enable-background:new 0 0 455 455;"" version=""1.1"" viewbox=""0 0 455 455"" width=""512"" x=""0px"" xml:space=""preserve"" y=""0px"">
 <g>
  <path d=""M429.516,212.508L358.796,196.698L338.796,124.738h20.0c0.0,-16.5,-13.5,-30.0,-30.0,-30.0H33.796c-16.5,0.0,-30.0,13.5,-30.0,30.0h17.191L3.796,226.698V330.738h455.0v-81.69C458.796,232.548,445.626,216.108,429.516,212.508z"" style=""fill:#FFCC75;"">
  </path>
  <polygon points=""328.796,124.738 318.796,196.698 358.796,196.698 358.796,124.738"" style=""fill:#C1E8E6;"">
  </polygon>
  <circle cx=""78.796"" cy=""330.738"" r=""35"" style=""fill:#185F8D;"">
  </circle>
  <circle cx=""393.796"" cy=""330.738"" r=""35"" style=""fill:#185F8D;"">
  </circle>
  <polygon points=""68.796,124.738 3.796,124.738 3.796,196.698 78.796,206.698"" style=""fill:#98D9D5;"">
  </polygon>
  <polygon points=""65.046,206.698 143.796,206.698 133.796,124.738 65.046,124.738"" style=""fill:#C1E8E6;"">
  </polygon>
  <polygon points=""198.796,124.738 133.796,124.738 133.796,206.698 212.546,206.698"" style=""fill:#98D9D5;"">
  </polygon>
  <polygon points=""202.546,124.738 202.546,206.698 273.796,206.698 263.796,124.738"" style=""fill:#C1E8E6;"">
  </polygon>
  <path d=""M438.796,241.548c-4.143,0.0,-7.5,3.358,-7.5,7.5s3.357,7.5,7.5,7.5h20.0v-15.0H438.796z"" style=""fill:#FF6E1D;"">
  </path>
  <path d=""M438.796,271.548c-4.143,0.0,-7.5,3.358,-7.5,7.5s3.357,7.5,7.5,7.5h20.0v-15.0H438.796z"" style=""fill:#FF6E1D;"">
  </path>
  <rect height=""30.001"" style=""fill:#FFCC75;"" width=""305"" x=""3.7961975182881127"" y=""196.698"">
  </rect>
  <rect height=""206"" style=""fill:#98D9D5;"" width=""65"" x=""263.796"" y=""124.738"">
  </rect>
 </g>
</svg>


Question: What is the primary color of the object?",Yellow,Red,Green,Blue,A,land_crafts
257,"Examine the following SVG code carefully and answer the question based on your interpretation of the rendered image.

<svg height=""512"" id=""Capa_1"" style=""enable-background:new 0 0 455 455;"" version=""1.1"" viewbox=""0 0 455 455"" width=""512"" x=""0px"" xml:space=""preserve"" y=""0px"">
 <g>
  <path d=""M429.516,212.508L358.796,196.698L338.796,124.738h20.0c0.0,-16.5,-13.5,-30.0,-30.0,-30.0H33.796c-16.5,0.0,-30.0,13.5,-30.0,30.0h17.191L3.796,226.698V330.738h455.0v-81.69C458.796,232.548,445.626,216.108,429.516,212.508z"" style=""fill:#FFCC75;"">
  </path>
  <polygon points=""328.796,124.738 318.796,196.698 358.796,196.698 358.796,124.738"" style=""fill:#C1E8E6;"">
  </polygon>
  <circle cx=""78.796"" cy=""330.738"" r=""35"" style=""fill:#185F8D;"">
  </circle>
  <circle cx=""393.796"" cy=""330.738"" r=""35"" style=""fill:#185F8D;"">
  </circle>
  <polygon points=""68.796,124.738 3.796,124.738 3.796,196.698 78.796,206.698"" style=""fill:#98D9D5;"">
  </polygon>
  <polygon points=""65.046,206.698 143.796,206.698 133.796,124.738 65.046,124.738"" style=""fill:#C1E8E6;"">
  </polygon>
  <polygon points=""198.796,124.738 133.796,124.738 133.796,206.698 212.546,206.698"" style=""fill:#98D9D5;"">
  </polygon>
  <polygon points=""202.546,124.738 202.546,206.698 273.796,206.698 263.796,124.738"" style=""fill:#C1E8E6;"">
  </polygon>
  <path d=""M438.796,241.548c-4.143,0.0,-7.5,3.358,-7.5,7.5s3.357,7.5,7.5,7.5h20.0v-15.0H438.796z"" style=""fill:#FF6E1D;"">
  </path>
  <path d=""M438.796,271.548c-4.143,0.0,-7.5,3.358,-7.5,7.5s3.357,7.5,7.5,7.5h20.0v-15.0H438.796z"" style=""fill:#FF6E1D;"">
  </path>
  <rect height=""30.001"" style=""fill:#FFCC75;"" width=""305"" x=""3.7961975182881127"" y=""196.698"">
  </rect>
  <rect height=""206"" style=""fill:#98D9D5;"" width=""65"" x=""263.796"" y=""124.738"">
  </rect>
 </g>
</svg>


Question: How many wheels does the object have?",One,Two,Three,Four,B,land_crafts
258,"Examine the following SVG code carefully and answer the question based on your interpretation of the rendered image.

<svg height=""512"" id=""Capa_1"" style=""enable-background:new 0 0 455 455;"" version=""1.1"" viewbox=""0 0 455 455"" width=""512"" x=""0px"" xml:space=""preserve"" y=""0px"">
 <g>
  <path d=""M429.516,212.508L358.796,196.698L338.796,124.738h20.0c0.0,-16.5,-13.5,-30.0,-30.0,-30.0H33.796c-16.5,0.0,-30.0,13.5,-30.0,30.0h17.191L3.796,226.698V330.738h455.0v-81.69C458.796,232.548,445.626,216.108,429.516,212.508z"" style=""fill:#FFCC75;"">
  </path>
  <polygon points=""328.796,124.738 318.796,196.698 358.796,196.698 358.796,124.738"" style=""fill:#C1E8E6;"">
  </polygon>
  <circle cx=""78.796"" cy=""330.738"" r=""35"" style=""fill:#185F8D;"">
  </circle>
  <circle cx=""393.796"" cy=""330.738"" r=""35"" style=""fill:#185F8D;"">
  </circle>
  <polygon points=""68.796,124.738 3.796,124.738 3.796,196.698 78.796,206.698"" style=""fill:#98D9D5;"">
  </polygon>
  <polygon points=""65.046,206.698 143.796,206.698 133.796,124.738 65.046,124.738"" style=""fill:#C1E8E6;"">
  </polygon>
  <polygon points=""198.796,124.738 133.796,124.738 133.796,206.698 212.546,206.698"" style=""fill:#98D9D5;"">
  </polygon>
  <polygon points=""202.546,124.738 202.546,206.698 273.796,206.698 263.796,124.738"" style=""fill:#C1E8E6;"">
  </polygon>
  <path d=""M438.796,241.548c-4.143,0.0,-7.5,3.358,-7.5,7.5s3.357,7.5,7.5,7.5h20.0v-15.0H438.796z"" style=""fill:#FF6E1D;"">
  </path>
  <path d=""M438.796,271.548c-4.143,0.0,-7.5,3.358,-7.5,7.5s3.357,7.5,7.5,7.5h20.0v-15.0H438.796z"" style=""fill:#FF6E1D;"">
  </path>
  <rect height=""30.001"" style=""fill:#FFCC75;"" width=""305"" x=""3.7961975182881127"" y=""196.698"">
  </rect>
  <rect height=""206"" style=""fill:#98D9D5;"" width=""65"" x=""263.796"" y=""124.738"">
  </rect>
 </g>
</svg>


Question: What is the color of the wheels?",Red,Yellow,Blue,Green,C,land_crafts
259,"Examine the following SVG code carefully and answer the question based on your interpretation of the rendered image.

<svg height=""512"" id=""Capa_1"" style=""enable-background:new 0 0 455 455;"" version=""1.1"" viewbox=""0 0 455 455"" width=""512"" x=""0px"" xml:space=""preserve"" y=""0px"">
 <g>
  <path d=""M429.516,212.508L358.796,196.698L338.796,124.738h20.0c0.0,-16.5,-13.5,-30.0,-30.0,-30.0H33.796c-16.5,0.0,-30.0,13.5,-30.0,30.0h17.191L3.796,226.698V330.738h455.0v-81.69C458.796,232.548,445.626,216.108,429.516,212.508z"" style=""fill:#FFCC75;"">
  </path>
  <polygon points=""328.796,124.738 318.796,196.698 358.796,196.698 358.796,124.738"" style=""fill:#C1E8E6;"">
  </polygon>
  <circle cx=""78.796"" cy=""330.738"" r=""35"" style=""fill:#185F8D;"">
  </circle>
  <circle cx=""393.796"" cy=""330.738"" r=""35"" style=""fill:#185F8D;"">
  </circle>
  <polygon points=""68.796,124.738 3.796,124.738 3.796,196.698 78.796,206.698"" style=""fill:#98D9D5;"">
  </polygon>
  <polygon points=""65.046,206.698 143.796,206.698 133.796,124.738 65.046,124.738"" style=""fill:#C1E8E6;"">
  </polygon>
  <polygon points=""198.796,124.738 133.796,124.738 133.796,206.698 212.546,206.698"" style=""fill:#98D9D5;"">
  </polygon>
  <polygon points=""202.546,124.738 202.546,206.698 273.796,206.698 263.796,124.738"" style=""fill:#C1E8E6;"">
  </polygon>
  <path d=""M438.796,241.548c-4.143,0.0,-7.5,3.358,-7.5,7.5s3.357,7.5,7.5,7.5h20.0v-15.0H438.796z"" style=""fill:#FF6E1D;"">
  </path>
  <path d=""M438.796,271.548c-4.143,0.0,-7.5,3.358,-7.5,7.5s3.357,7.5,7.5,7.5h20.0v-15.0H438.796z"" style=""fill:#FF6E1D;"">
  </path>
  <rect height=""30.001"" style=""fill:#FFCC75;"" width=""305"" x=""3.7961975182881127"" y=""196.698"">
  </rect>
  <rect height=""206"" style=""fill:#98D9D5;"" width=""65"" x=""263.796"" y=""124.738"">
  </rect>
 </g>
</svg>


Question: What type of vehicle is depicted in the image?",Bus,Bicycle,Car,Motorcycle,A,land_crafts
12,"Examine the following SVG code carefully and answer the question based on your interpretation of the rendered image.

<svg id=""Layer_1"" style=""enable-background:new 0 0 512 512;"" version=""1.1"" viewbox=""0 0 512 512"" x=""0px"" xml:space=""preserve"" y=""0px"">
 <path d=""M249.164,383.415v97.258c0.0,13.691,-11.091,24.783,-24.783,24.783H58.258c-13.691,0.0,-24.794,-11.091,-24.794,-24.783v-97.258c17.983,0.0,17.983,11.353,35.954,11.353s17.971,-11.353,35.942,-11.353c17.983,0.0,17.983,11.353,35.954,11.353s17.971,-11.353,35.954,-11.353c17.971,0.0,17.971,11.353,35.954,11.353C231.192,394.768,231.192,383.415,249.164,383.415z"" style=""fill:#27AAE1;"">
 </path>
 <path d=""M249.164,272.727v110.688c-17.971,0.0,-17.971,11.353,-35.942,11.353c-17.983,0.0,-17.983,-11.353,-35.954,-11.353c-17.983,0.0,-17.983,11.353,-35.954,11.353s-17.971,-11.353,-35.954,-11.353c-17.971,0.0,-17.971,11.353,-35.942,11.353s-17.971,-11.353,-35.954,-11.353V272.727L249.164,272.727L249.164,272.727z"" style=""fill:#EFEFEF;"">
 </path>
 <rect height=""51.087"" style=""fill:#F15A29;"" width=""51.087"" x=""115.775"" y=""123.397"">
 </rect>
 <rect height=""488.162"" style=""fill:#EFEFEF;"" width=""170.289"" x=""316.761"" y=""16.161"">
 </rect>
 <rect height=""65.277"" style=""fill:#39B54A;"" width=""79.468"" x=""362.171"" y=""61.571"">
 </rect>
 <rect height=""65.277"" style=""fill:#27AAE1;"" width=""79.468"" x=""362.171"" y=""172.259"">
 </rect>
 <rect height=""65.277"" style=""fill:#F15A29;"" width=""79.468"" x=""362.171"" y=""282.947"">
 </rect>
 <rect height=""65.277"" style=""fill:#FAC51C;"" width=""79.468"" x=""362.171"" y=""393.635"">
 </rect>
 <g>
  <path d=""M249.164,261.375h-70.948V123.394c0.0,-6.269,-5.084,-11.353,-11.353,-11.353h-51.087c-6.269,0.0,-11.353,5.084,-11.353,11.353v137.981H33.465c-6.269,0.0,-11.353,5.084,-11.353,11.353v207.946C22.112,500.598,38.327,516.808,58.259,516.808h166.123c19.925,0.0,36.135,-16.21,36.135,-36.135V272.727C260.517,266.458,255.433,261.375,249.164,261.375zM127.128,134.746h28.382v28.382H127.128V134.746zM127.128,185.833h28.382v75.541H127.128V185.833zM44.817,373.493v-89.413h59.607v88.003c-11.673,0.215,-18.263,4.356,-23.098,7.411c-4.003,2.529,-6.208,3.921,-11.908,3.921s-7.905,-1.393,-11.909,-3.921c-3.169,-2.001,-7.092,-4.47,-12.701,-5.998L44.817,373.493zM127.128,403.784c3.754,1.358,8.344,2.336,14.185,2.336c5.847,0.0,10.441,-0.98,14.196,-2.34v37.486H127.128V403.784zM237.812,480.673c0.0,7.405,-6.025,13.43,-13.43,13.43H58.258c-7.411,0.0,-13.441,-6.025,-13.441,-13.43v-82.339c0.186,0.117,0.375,0.236,0.569,0.358c4.964,3.136,11.764,7.429,24.032,7.429c12.271,0.0,19.07,-4.295,24.035,-7.431c3.776,-2.385,5.954,-3.758,10.971,-3.906v57.837c0.0,6.269,5.084,11.353,11.353,11.353h51.087c6.269,0.0,11.353,-5.084,11.353,-11.353v-57.837c5.009,0.15,7.187,1.524,10.961,3.906c4.966,3.137,11.767,7.431,24.045,7.431c12.271,0.0,19.07,-4.295,24.035,-7.431c0.188,-0.118,0.373,-0.236,0.555,-0.351v82.335H237.812zM225.13,379.494c-4.003,2.529,-6.208,3.921,-11.908,3.921c-5.708,0.0,-7.915,-1.394,-11.921,-3.923c-4.964,-3.136,-11.764,-7.429,-24.032,-7.429c-12.277,0.0,-19.079,4.295,-24.045,7.431c-4.004,2.529,-6.21,3.921,-11.909,3.921s-7.905,-1.393,-11.909,-3.921c-0.715,-0.452,-1.474,-0.927,-2.276,-1.411v-94.003h28.382v13.625c0.0,6.269,5.084,11.353,11.353,11.353c6.269,0.0,11.353,-5.084,11.353,-11.353v-13.625h59.595v89.414l0.009,0.003C232.217,375.025,228.296,377.493,225.13,379.494z"" style=""fill:#231F20;"">
  </path>
  <path d=""M166.862,328.922c-6.269,0.0,-11.353,5.084,-11.353,11.353v1.135c0.0,6.269,5.084,11.353,11.353,11.353c6.269,0.0,11.353,-5.084,11.353,-11.353v-1.135C178.215,334.006,173.132,328.922,166.862,328.922z"" style=""fill:#231F20;"">
  </path>
  <path d=""M487.051,4.808H316.762c-6.269,0.0,-11.353,5.084,-11.353,11.353v488.162c0.0,6.269,5.084,11.353,11.353,11.353h170.289c6.269,0.0,11.353,-5.084,11.353,-11.353V16.161C498.404,9.892,493.321,4.808,487.051,4.808zM475.699,492.97H328.115V27.513h147.584V492.97z"" style=""fill:#231F20;"">
  </path>
  <path d=""M362.173,138.201h79.468c6.269,0.0,11.353,-5.084,11.353,-11.353V61.571c0.0,-6.269,-5.084,-11.353,-11.353,-11.353h-79.468c-6.269,0.0,-11.353,5.084,-11.353,11.353v65.277C350.82,133.117,355.904,138.201,362.173,138.201zM373.525,72.924h56.763v42.572h-56.763V72.924z"" style=""fill:#231F20;"">
  </path>
  <path d=""M362.173,248.889h79.468c6.269,0.0,11.353,-5.084,11.353,-11.353v-65.277c0.0,-6.269,-5.084,-11.353,-11.353,-11.353h-79.468c-6.269,0.0,-11.353,5.084,-11.353,11.353v65.277C350.82,243.805,355.904,248.889,362.173,248.889zM373.525,183.611h56.763v42.572h-56.763V183.611z"" style=""fill:#231F20;"">
  </path>
  <path d=""M362.173,359.577h79.468c6.269,0.0,11.353,-5.084,11.353,-11.353v-65.277c0.0,-6.269,-5.084,-11.353,-11.353,-11.353h-79.468c-6.269,0.0,-11.353,5.084,-11.353,11.353v65.277C350.82,354.493,355.904,359.577,362.173,359.577zM373.525,294.299h56.763v42.572h-56.763V294.299z"" style=""fill:#231F20;"">
  </path>
  <path d=""M362.173,470.265h79.468c6.269,0.0,11.353,-5.084,11.353,-11.353v-65.277c0.0,-6.269,-5.084,-11.353,-11.353,-11.353h-79.468c-6.269,0.0,-11.353,5.084,-11.353,11.353v65.277C350.82,465.181,355.904,470.265,362.173,470.265zM373.525,404.987h56.763v42.572h-56.763V404.987z"" style=""fill:#231F20;"">
  </path>
 </g>
</svg>


Question: What is the color of the liquid in the container?",Green,Blue,Red,Yellow,B,science
13,"Examine the following SVG code carefully and answer the question based on your interpretation of the rendered image.

<svg id=""Layer_1"" style=""enable-background:new 0 0 512 512;"" version=""1.1"" viewbox=""0 0 512 512"" x=""0px"" xml:space=""preserve"" y=""0px"">
 <path d=""M249.164,383.415v97.258c0.0,13.691,-11.091,24.783,-24.783,24.783H58.258c-13.691,0.0,-24.794,-11.091,-24.794,-24.783v-97.258c17.983,0.0,17.983,11.353,35.954,11.353s17.971,-11.353,35.942,-11.353c17.983,0.0,17.983,11.353,35.954,11.353s17.971,-11.353,35.954,-11.353c17.971,0.0,17.971,11.353,35.954,11.353C231.192,394.768,231.192,383.415,249.164,383.415z"" style=""fill:#27AAE1;"">
 </path>
 <path d=""M249.164,272.727v110.688c-17.971,0.0,-17.971,11.353,-35.942,11.353c-17.983,0.0,-17.983,-11.353,-35.954,-11.353c-17.983,0.0,-17.983,11.353,-35.954,11.353s-17.971,-11.353,-35.954,-11.353c-17.971,0.0,-17.971,11.353,-35.942,11.353s-17.971,-11.353,-35.954,-11.353V272.727L249.164,272.727L249.164,272.727z"" style=""fill:#EFEFEF;"">
 </path>
 <rect height=""51.087"" style=""fill:#F15A29;"" width=""51.087"" x=""115.775"" y=""123.397"">
 </rect>
 <rect height=""488.162"" style=""fill:#EFEFEF;"" width=""170.289"" x=""316.761"" y=""16.161"">
 </rect>
 <rect height=""65.277"" style=""fill:#39B54A;"" width=""79.468"" x=""362.171"" y=""61.571"">
 </rect>
 <rect height=""65.277"" style=""fill:#27AAE1;"" width=""79.468"" x=""362.171"" y=""172.259"">
 </rect>
 <rect height=""65.277"" style=""fill:#F15A29;"" width=""79.468"" x=""362.171"" y=""282.947"">
 </rect>
 <rect height=""65.277"" style=""fill:#FAC51C;"" width=""79.468"" x=""362.171"" y=""393.635"">
 </rect>
 <g>
  <path d=""M249.164,261.375h-70.948V123.394c0.0,-6.269,-5.084,-11.353,-11.353,-11.353h-51.087c-6.269,0.0,-11.353,5.084,-11.353,11.353v137.981H33.465c-6.269,0.0,-11.353,5.084,-11.353,11.353v207.946C22.112,500.598,38.327,516.808,58.259,516.808h166.123c19.925,0.0,36.135,-16.21,36.135,-36.135V272.727C260.517,266.458,255.433,261.375,249.164,261.375zM127.128,134.746h28.382v28.382H127.128V134.746zM127.128,185.833h28.382v75.541H127.128V185.833zM44.817,373.493v-89.413h59.607v88.003c-11.673,0.215,-18.263,4.356,-23.098,7.411c-4.003,2.529,-6.208,3.921,-11.908,3.921s-7.905,-1.393,-11.909,-3.921c-3.169,-2.001,-7.092,-4.47,-12.701,-5.998L44.817,373.493zM127.128,403.784c3.754,1.358,8.344,2.336,14.185,2.336c5.847,0.0,10.441,-0.98,14.196,-2.34v37.486H127.128V403.784zM237.812,480.673c0.0,7.405,-6.025,13.43,-13.43,13.43H58.258c-7.411,0.0,-13.441,-6.025,-13.441,-13.43v-82.339c0.186,0.117,0.375,0.236,0.569,0.358c4.964,3.136,11.764,7.429,24.032,7.429c12.271,0.0,19.07,-4.295,24.035,-7.431c3.776,-2.385,5.954,-3.758,10.971,-3.906v57.837c0.0,6.269,5.084,11.353,11.353,11.353h51.087c6.269,0.0,11.353,-5.084,11.353,-11.353v-57.837c5.009,0.15,7.187,1.524,10.961,3.906c4.966,3.137,11.767,7.431,24.045,7.431c12.271,0.0,19.07,-4.295,24.035,-7.431c0.188,-0.118,0.373,-0.236,0.555,-0.351v82.335H237.812zM225.13,379.494c-4.003,2.529,-6.208,3.921,-11.908,3.921c-5.708,0.0,-7.915,-1.394,-11.921,-3.923c-4.964,-3.136,-11.764,-7.429,-24.032,-7.429c-12.277,0.0,-19.079,4.295,-24.045,7.431c-4.004,2.529,-6.21,3.921,-11.909,3.921s-7.905,-1.393,-11.909,-3.921c-0.715,-0.452,-1.474,-0.927,-2.276,-1.411v-94.003h28.382v13.625c0.0,6.269,5.084,11.353,11.353,11.353c6.269,0.0,11.353,-5.084,11.353,-11.353v-13.625h59.595v89.414l0.009,0.003C232.217,375.025,228.296,377.493,225.13,379.494z"" style=""fill:#231F20;"">
  </path>
  <path d=""M166.862,328.922c-6.269,0.0,-11.353,5.084,-11.353,11.353v1.135c0.0,6.269,5.084,11.353,11.353,11.353c6.269,0.0,11.353,-5.084,11.353,-11.353v-1.135C178.215,334.006,173.132,328.922,166.862,328.922z"" style=""fill:#231F20;"">
  </path>
  <path d=""M487.051,4.808H316.762c-6.269,0.0,-11.353,5.084,-11.353,11.353v488.162c0.0,6.269,5.084,11.353,11.353,11.353h170.289c6.269,0.0,11.353,-5.084,11.353,-11.353V16.161C498.404,9.892,493.321,4.808,487.051,4.808zM475.699,492.97H328.115V27.513h147.584V492.97z"" style=""fill:#231F20;"">
  </path>
  <path d=""M362.173,138.201h79.468c6.269,0.0,11.353,-5.084,11.353,-11.353V61.571c0.0,-6.269,-5.084,-11.353,-11.353,-11.353h-79.468c-6.269,0.0,-11.353,5.084,-11.353,11.353v65.277C350.82,133.117,355.904,138.201,362.173,138.201zM373.525,72.924h56.763v42.572h-56.763V72.924z"" style=""fill:#231F20;"">
  </path>
  <path d=""M362.173,248.889h79.468c6.269,0.0,11.353,-5.084,11.353,-11.353v-65.277c0.0,-6.269,-5.084,-11.353,-11.353,-11.353h-79.468c-6.269,0.0,-11.353,5.084,-11.353,11.353v65.277C350.82,243.805,355.904,248.889,362.173,248.889zM373.525,183.611h56.763v42.572h-56.763V183.611z"" style=""fill:#231F20;"">
  </path>
  <path d=""M362.173,359.577h79.468c6.269,0.0,11.353,-5.084,11.353,-11.353v-65.277c0.0,-6.269,-5.084,-11.353,-11.353,-11.353h-79.468c-6.269,0.0,-11.353,5.084,-11.353,11.353v65.277C350.82,354.493,355.904,359.577,362.173,359.577zM373.525,294.299h56.763v42.572h-56.763V294.299z"" style=""fill:#231F20;"">
  </path>
  <path d=""M362.173,470.265h79.468c6.269,0.0,11.353,-5.084,11.353,-11.353v-65.277c0.0,-6.269,-5.084,-11.353,-11.353,-11.353h-79.468c-6.269,0.0,-11.353,5.084,-11.353,11.353v65.277C350.82,465.181,355.904,470.265,362.173,470.265zM373.525,404.987h56.763v42.572h-56.763V404.987z"" style=""fill:#231F20;"">
  </path>
 </g>
</svg>


Question: How many colored squares are there in the vertical column?",2,3,4,5,C,science
14,"Examine the following SVG code carefully and answer the question based on your interpretation of the rendered image.

<svg id=""Layer_1"" style=""enable-background:new 0 0 512 512;"" version=""1.1"" viewbox=""0 0 512 512"" x=""0px"" xml:space=""preserve"" y=""0px"">
 <path d=""M249.164,383.415v97.258c0.0,13.691,-11.091,24.783,-24.783,24.783H58.258c-13.691,0.0,-24.794,-11.091,-24.794,-24.783v-97.258c17.983,0.0,17.983,11.353,35.954,11.353s17.971,-11.353,35.942,-11.353c17.983,0.0,17.983,11.353,35.954,11.353s17.971,-11.353,35.954,-11.353c17.971,0.0,17.971,11.353,35.954,11.353C231.192,394.768,231.192,383.415,249.164,383.415z"" style=""fill:#27AAE1;"">
 </path>
 <path d=""M249.164,272.727v110.688c-17.971,0.0,-17.971,11.353,-35.942,11.353c-17.983,0.0,-17.983,-11.353,-35.954,-11.353c-17.983,0.0,-17.983,11.353,-35.954,11.353s-17.971,-11.353,-35.954,-11.353c-17.971,0.0,-17.971,11.353,-35.942,11.353s-17.971,-11.353,-35.954,-11.353V272.727L249.164,272.727L249.164,272.727z"" style=""fill:#EFEFEF;"">
 </path>
 <rect height=""51.087"" style=""fill:#F15A29;"" width=""51.087"" x=""115.775"" y=""123.397"">
 </rect>
 <rect height=""488.162"" style=""fill:#EFEFEF;"" width=""170.289"" x=""316.761"" y=""16.161"">
 </rect>
 <rect height=""65.277"" style=""fill:#39B54A;"" width=""79.468"" x=""362.171"" y=""61.571"">
 </rect>
 <rect height=""65.277"" style=""fill:#27AAE1;"" width=""79.468"" x=""362.171"" y=""172.259"">
 </rect>
 <rect height=""65.277"" style=""fill:#F15A29;"" width=""79.468"" x=""362.171"" y=""282.947"">
 </rect>
 <rect height=""65.277"" style=""fill:#FAC51C;"" width=""79.468"" x=""362.171"" y=""393.635"">
 </rect>
 <g>
  <path d=""M249.164,261.375h-70.948V123.394c0.0,-6.269,-5.084,-11.353,-11.353,-11.353h-51.087c-6.269,0.0,-11.353,5.084,-11.353,11.353v137.981H33.465c-6.269,0.0,-11.353,5.084,-11.353,11.353v207.946C22.112,500.598,38.327,516.808,58.259,516.808h166.123c19.925,0.0,36.135,-16.21,36.135,-36.135V272.727C260.517,266.458,255.433,261.375,249.164,261.375zM127.128,134.746h28.382v28.382H127.128V134.746zM127.128,185.833h28.382v75.541H127.128V185.833zM44.817,373.493v-89.413h59.607v88.003c-11.673,0.215,-18.263,4.356,-23.098,7.411c-4.003,2.529,-6.208,3.921,-11.908,3.921s-7.905,-1.393,-11.909,-3.921c-3.169,-2.001,-7.092,-4.47,-12.701,-5.998L44.817,373.493zM127.128,403.784c3.754,1.358,8.344,2.336,14.185,2.336c5.847,0.0,10.441,-0.98,14.196,-2.34v37.486H127.128V403.784zM237.812,480.673c0.0,7.405,-6.025,13.43,-13.43,13.43H58.258c-7.411,0.0,-13.441,-6.025,-13.441,-13.43v-82.339c0.186,0.117,0.375,0.236,0.569,0.358c4.964,3.136,11.764,7.429,24.032,7.429c12.271,0.0,19.07,-4.295,24.035,-7.431c3.776,-2.385,5.954,-3.758,10.971,-3.906v57.837c0.0,6.269,5.084,11.353,11.353,11.353h51.087c6.269,0.0,11.353,-5.084,11.353,-11.353v-57.837c5.009,0.15,7.187,1.524,10.961,3.906c4.966,3.137,11.767,7.431,24.045,7.431c12.271,0.0,19.07,-4.295,24.035,-7.431c0.188,-0.118,0.373,-0.236,0.555,-0.351v82.335H237.812zM225.13,379.494c-4.003,2.529,-6.208,3.921,-11.908,3.921c-5.708,0.0,-7.915,-1.394,-11.921,-3.923c-4.964,-3.136,-11.764,-7.429,-24.032,-7.429c-12.277,0.0,-19.079,4.295,-24.045,7.431c-4.004,2.529,-6.21,3.921,-11.909,3.921s-7.905,-1.393,-11.909,-3.921c-0.715,-0.452,-1.474,-0.927,-2.276,-1.411v-94.003h28.382v13.625c0.0,6.269,5.084,11.353,11.353,11.353c6.269,0.0,11.353,-5.084,11.353,-11.353v-13.625h59.595v89.414l0.009,0.003C232.217,375.025,228.296,377.493,225.13,379.494z"" style=""fill:#231F20;"">
  </path>
  <path d=""M166.862,328.922c-6.269,0.0,-11.353,5.084,-11.353,11.353v1.135c0.0,6.269,5.084,11.353,11.353,11.353c6.269,0.0,11.353,-5.084,11.353,-11.353v-1.135C178.215,334.006,173.132,328.922,166.862,328.922z"" style=""fill:#231F20;"">
  </path>
  <path d=""M487.051,4.808H316.762c-6.269,0.0,-11.353,5.084,-11.353,11.353v488.162c0.0,6.269,5.084,11.353,11.353,11.353h170.289c6.269,0.0,11.353,-5.084,11.353,-11.353V16.161C498.404,9.892,493.321,4.808,487.051,4.808zM475.699,492.97H328.115V27.513h147.584V492.97z"" style=""fill:#231F20;"">
  </path>
  <path d=""M362.173,138.201h79.468c6.269,0.0,11.353,-5.084,11.353,-11.353V61.571c0.0,-6.269,-5.084,-11.353,-11.353,-11.353h-79.468c-6.269,0.0,-11.353,5.084,-11.353,11.353v65.277C350.82,133.117,355.904,138.201,362.173,138.201zM373.525,72.924h56.763v42.572h-56.763V72.924z"" style=""fill:#231F20;"">
  </path>
  <path d=""M362.173,248.889h79.468c6.269,0.0,11.353,-5.084,11.353,-11.353v-65.277c0.0,-6.269,-5.084,-11.353,-11.353,-11.353h-79.468c-6.269,0.0,-11.353,5.084,-11.353,11.353v65.277C350.82,243.805,355.904,248.889,362.173,248.889zM373.525,183.611h56.763v42.572h-56.763V183.611z"" style=""fill:#231F20;"">
  </path>
  <path d=""M362.173,359.577h79.468c6.269,0.0,11.353,-5.084,11.353,-11.353v-65.277c0.0,-6.269,-5.084,-11.353,-11.353,-11.353h-79.468c-6.269,0.0,-11.353,5.084,-11.353,11.353v65.277C350.82,354.493,355.904,359.577,362.173,359.577zM373.525,294.299h56.763v42.572h-56.763V294.299z"" style=""fill:#231F20;"">
  </path>
  <path d=""M362.173,470.265h79.468c6.269,0.0,11.353,-5.084,11.353,-11.353v-65.277c0.0,-6.269,-5.084,-11.353,-11.353,-11.353h-79.468c-6.269,0.0,-11.353,5.084,-11.353,11.353v65.277C350.82,465.181,355.904,470.265,362.173,470.265zM373.525,404.987h56.763v42.572h-56.763V404.987z"" style=""fill:#231F20;"">
  </path>
 </g>
</svg>


Question: What is the color of the topmost square in the vertical column?",Green,Blue,Red,Yellow,A,science
15,"Examine the following SVG code carefully and answer the question based on your interpretation of the rendered image.

<svg id=""Layer_1"" style=""enable-background:new 0 0 512 512;"" version=""1.1"" viewbox=""0 0 512 512"" x=""0px"" xml:space=""preserve"" y=""0px"">
 <path d=""M249.164,383.415v97.258c0.0,13.691,-11.091,24.783,-24.783,24.783H58.258c-13.691,0.0,-24.794,-11.091,-24.794,-24.783v-97.258c17.983,0.0,17.983,11.353,35.954,11.353s17.971,-11.353,35.942,-11.353c17.983,0.0,17.983,11.353,35.954,11.353s17.971,-11.353,35.954,-11.353c17.971,0.0,17.971,11.353,35.954,11.353C231.192,394.768,231.192,383.415,249.164,383.415z"" style=""fill:#27AAE1;"">
 </path>
 <path d=""M249.164,272.727v110.688c-17.971,0.0,-17.971,11.353,-35.942,11.353c-17.983,0.0,-17.983,-11.353,-35.954,-11.353c-17.983,0.0,-17.983,11.353,-35.954,11.353s-17.971,-11.353,-35.954,-11.353c-17.971,0.0,-17.971,11.353,-35.942,11.353s-17.971,-11.353,-35.954,-11.353V272.727L249.164,272.727L249.164,272.727z"" style=""fill:#EFEFEF;"">
 </path>
 <rect height=""51.087"" style=""fill:#F15A29;"" width=""51.087"" x=""115.775"" y=""123.397"">
 </rect>
 <rect height=""488.162"" style=""fill:#EFEFEF;"" width=""170.289"" x=""316.761"" y=""16.161"">
 </rect>
 <rect height=""65.277"" style=""fill:#39B54A;"" width=""79.468"" x=""362.171"" y=""61.571"">
 </rect>
 <rect height=""65.277"" style=""fill:#27AAE1;"" width=""79.468"" x=""362.171"" y=""172.259"">
 </rect>
 <rect height=""65.277"" style=""fill:#F15A29;"" width=""79.468"" x=""362.171"" y=""282.947"">
 </rect>
 <rect height=""65.277"" style=""fill:#FAC51C;"" width=""79.468"" x=""362.171"" y=""393.635"">
 </rect>
 <g>
  <path d=""M249.164,261.375h-70.948V123.394c0.0,-6.269,-5.084,-11.353,-11.353,-11.353h-51.087c-6.269,0.0,-11.353,5.084,-11.353,11.353v137.981H33.465c-6.269,0.0,-11.353,5.084,-11.353,11.353v207.946C22.112,500.598,38.327,516.808,58.259,516.808h166.123c19.925,0.0,36.135,-16.21,36.135,-36.135V272.727C260.517,266.458,255.433,261.375,249.164,261.375zM127.128,134.746h28.382v28.382H127.128V134.746zM127.128,185.833h28.382v75.541H127.128V185.833zM44.817,373.493v-89.413h59.607v88.003c-11.673,0.215,-18.263,4.356,-23.098,7.411c-4.003,2.529,-6.208,3.921,-11.908,3.921s-7.905,-1.393,-11.909,-3.921c-3.169,-2.001,-7.092,-4.47,-12.701,-5.998L44.817,373.493zM127.128,403.784c3.754,1.358,8.344,2.336,14.185,2.336c5.847,0.0,10.441,-0.98,14.196,-2.34v37.486H127.128V403.784zM237.812,480.673c0.0,7.405,-6.025,13.43,-13.43,13.43H58.258c-7.411,0.0,-13.441,-6.025,-13.441,-13.43v-82.339c0.186,0.117,0.375,0.236,0.569,0.358c4.964,3.136,11.764,7.429,24.032,7.429c12.271,0.0,19.07,-4.295,24.035,-7.431c3.776,-2.385,5.954,-3.758,10.971,-3.906v57.837c0.0,6.269,5.084,11.353,11.353,11.353h51.087c6.269,0.0,11.353,-5.084,11.353,-11.353v-57.837c5.009,0.15,7.187,1.524,10.961,3.906c4.966,3.137,11.767,7.431,24.045,7.431c12.271,0.0,19.07,-4.295,24.035,-7.431c0.188,-0.118,0.373,-0.236,0.555,-0.351v82.335H237.812zM225.13,379.494c-4.003,2.529,-6.208,3.921,-11.908,3.921c-5.708,0.0,-7.915,-1.394,-11.921,-3.923c-4.964,-3.136,-11.764,-7.429,-24.032,-7.429c-12.277,0.0,-19.079,4.295,-24.045,7.431c-4.004,2.529,-6.21,3.921,-11.909,3.921s-7.905,-1.393,-11.909,-3.921c-0.715,-0.452,-1.474,-0.927,-2.276,-1.411v-94.003h28.382v13.625c0.0,6.269,5.084,11.353,11.353,11.353c6.269,0.0,11.353,-5.084,11.353,-11.353v-13.625h59.595v89.414l0.009,0.003C232.217,375.025,228.296,377.493,225.13,379.494z"" style=""fill:#231F20;"">
  </path>
  <path d=""M166.862,328.922c-6.269,0.0,-11.353,5.084,-11.353,11.353v1.135c0.0,6.269,5.084,11.353,11.353,11.353c6.269,0.0,11.353,-5.084,11.353,-11.353v-1.135C178.215,334.006,173.132,328.922,166.862,328.922z"" style=""fill:#231F20;"">
  </path>
  <path d=""M487.051,4.808H316.762c-6.269,0.0,-11.353,5.084,-11.353,11.353v488.162c0.0,6.269,5.084,11.353,11.353,11.353h170.289c6.269,0.0,11.353,-5.084,11.353,-11.353V16.161C498.404,9.892,493.321,4.808,487.051,4.808zM475.699,492.97H328.115V27.513h147.584V492.97z"" style=""fill:#231F20;"">
  </path>
  <path d=""M362.173,138.201h79.468c6.269,0.0,11.353,-5.084,11.353,-11.353V61.571c0.0,-6.269,-5.084,-11.353,-11.353,-11.353h-79.468c-6.269,0.0,-11.353,5.084,-11.353,11.353v65.277C350.82,133.117,355.904,138.201,362.173,138.201zM373.525,72.924h56.763v42.572h-56.763V72.924z"" style=""fill:#231F20;"">
  </path>
  <path d=""M362.173,248.889h79.468c6.269,0.0,11.353,-5.084,11.353,-11.353v-65.277c0.0,-6.269,-5.084,-11.353,-11.353,-11.353h-79.468c-6.269,0.0,-11.353,5.084,-11.353,11.353v65.277C350.82,243.805,355.904,248.889,362.173,248.889zM373.525,183.611h56.763v42.572h-56.763V183.611z"" style=""fill:#231F20;"">
  </path>
  <path d=""M362.173,359.577h79.468c6.269,0.0,11.353,-5.084,11.353,-11.353v-65.277c0.0,-6.269,-5.084,-11.353,-11.353,-11.353h-79.468c-6.269,0.0,-11.353,5.084,-11.353,11.353v65.277C350.82,354.493,355.904,359.577,362.173,359.577zM373.525,294.299h56.763v42.572h-56.763V294.299z"" style=""fill:#231F20;"">
  </path>
  <path d=""M362.173,470.265h79.468c6.269,0.0,11.353,-5.084,11.353,-11.353v-65.277c0.0,-6.269,-5.084,-11.353,-11.353,-11.353h-79.468c-6.269,0.0,-11.353,5.084,-11.353,11.353v65.277C350.82,465.181,355.904,470.265,362.173,470.265zM373.525,404.987h56.763v42.572h-56.763V404.987z"" style=""fill:#231F20;"">
  </path>
 </g>
</svg>


Question: What is the object on the left side of the image?",container,cup,beaker,glass,A,science
20,"Examine the following SVG code carefully and answer the question based on your interpretation of the rendered image.

<svg id=""Layer_1"" style=""enable-background:new 0 0 546.842 546.842;"" version=""1.1"" viewbox=""0 0 546.842 546.842"" x=""0px"" xml:space=""preserve"" y=""0px"">
 <polygon points=""42.453,550.756 513.413,550.756 350.631,303.802 350.631,38.755 210.104,38.755 210.104,192.701 210.104,304.426"" style=""fill:#E21B1B;"">
 </polygon>
 <g>
  <g>
   <path d=""M204.553,179.685c0.0,0.0,27.689,-16.005,45.952,-3.075c18.833,14.249,36.884,29.505,54.073,45.699c15.549,12.386,38.194,9.823,50.582,-5.725c0.083,-0.104,0.166,-0.209,0.247,-0.314V3.914H204.452L204.553,179.685z"" style=""fill:#F2F2F2;"">
   </path>
  </g>
 </g>
 <rect height=""32"" width=""242.782"" x=""155.271"" y=""38.755"">
 </rect>
</svg>


Question: What is the primary color of the liquid in the object?",Red,Green,Blue,Yellow,A,science
21,"Examine the following SVG code carefully and answer the question based on your interpretation of the rendered image.

<svg id=""Layer_1"" style=""enable-background:new 0 0 546.842 546.842;"" version=""1.1"" viewbox=""0 0 546.842 546.842"" x=""0px"" xml:space=""preserve"" y=""0px"">
 <polygon points=""42.453,550.756 513.413,550.756 350.631,303.802 350.631,38.755 210.104,38.755 210.104,192.701 210.104,304.426"" style=""fill:#E21B1B;"">
 </polygon>
 <g>
  <g>
   <path d=""M204.553,179.685c0.0,0.0,27.689,-16.005,45.952,-3.075c18.833,14.249,36.884,29.505,54.073,45.699c15.549,12.386,38.194,9.823,50.582,-5.725c0.083,-0.104,0.166,-0.209,0.247,-0.314V3.914H204.452L204.553,179.685z"" style=""fill:#F2F2F2;"">
   </path>
  </g>
 </g>
 <rect height=""32"" width=""242.782"" x=""155.271"" y=""38.755"">
 </rect>
</svg>


Question: What shape is the base of the object?",Square,Circle,Rectangle,Triangle,D,science
22,"Examine the following SVG code carefully and answer the question based on your interpretation of the rendered image.

<svg id=""Layer_1"" style=""enable-background:new 0 0 546.842 546.842;"" version=""1.1"" viewbox=""0 0 546.842 546.842"" x=""0px"" xml:space=""preserve"" y=""0px"">
 <polygon points=""42.453,550.756 513.413,550.756 350.631,303.802 350.631,38.755 210.104,38.755 210.104,192.701 210.104,304.426"" style=""fill:#E21B1B;"">
 </polygon>
 <g>
  <g>
   <path d=""M204.553,179.685c0.0,0.0,27.689,-16.005,45.952,-3.075c18.833,14.249,36.884,29.505,54.073,45.699c15.549,12.386,38.194,9.823,50.582,-5.725c0.083,-0.104,0.166,-0.209,0.247,-0.314V3.914H204.452L204.553,179.685z"" style=""fill:#F2F2F2;"">
   </path>
  </g>
 </g>
 <rect height=""32"" width=""242.782"" x=""155.271"" y=""38.755"">
 </rect>
</svg>


Question: What is the color of the cap on the object?",Black,White,Red,Blue,A,science
23,"Examine the following SVG code carefully and answer the question based on your interpretation of the rendered image.

<svg id=""Layer_1"" style=""enable-background:new 0 0 546.842 546.842;"" version=""1.1"" viewbox=""0 0 546.842 546.842"" x=""0px"" xml:space=""preserve"" y=""0px"">
 <polygon points=""42.453,550.756 513.413,550.756 350.631,303.802 350.631,38.755 210.104,38.755 210.104,192.701 210.104,304.426"" style=""fill:#E21B1B;"">
 </polygon>
 <g>
  <g>
   <path d=""M204.553,179.685c0.0,0.0,27.689,-16.005,45.952,-3.075c18.833,14.249,36.884,29.505,54.073,45.699c15.549,12.386,38.194,9.823,50.582,-5.725c0.083,-0.104,0.166,-0.209,0.247,-0.314V3.914H204.452L204.553,179.685z"" style=""fill:#F2F2F2;"">
   </path>
  </g>
 </g>
 <rect height=""32"" width=""242.782"" x=""155.271"" y=""38.755"">
 </rect>
</svg>


Question: What type of object is depicted in the image?",Beaker,Flask,tube,Pipette,B,science
40,"Examine the following SVG code carefully and answer the question based on your interpretation of the rendered image.

<svg id=""Layer_1"" style=""enable-background:new 0 0 512 512;"" version=""1.1"" viewbox=""0 0 512 512"" x=""0px"" xml:space=""preserve"" y=""0px"">
 <path d=""M491.064,293.918c3.224,3.659,5.177,8.472,5.177,13.732c0.0,11.508,-9.331,20.839,-20.839,20.839c-7.448,0.0,-13.99,-3.906,-17.662,-9.79c-2.024,-3.201,-3.177,-6.989,-3.177,-11.049c0.0,-11.508,9.331,-20.839,20.839,-20.839C481.651,286.811,487.252,289.565,491.064,293.918z"" style=""fill:#F95428;"">
 </path>
 <path d=""M230.988,447.39c2.518,3.436,4.001,7.684,4.001,12.273c0.0,11.508,-9.331,20.839,-20.839,20.839c-7.966,0.0,-14.896,-4.471,-18.391,-11.049c-1.565,-2.918,-2.447,-6.248,-2.447,-9.79c0.0,-11.508,9.331,-20.827,20.839,-20.827C221.068,438.835,227.199,442.201,230.988,447.39z"" style=""fill:#2BA5F7;"">
 </path>
 <path d=""M109.251,130.269c-0.306,0.012,-0.612,0.024,-0.93,0.024c-11.508,0.0,-20.839,-9.319,-20.839,-20.827s9.331,-20.839,20.839,-20.839c0.647,0.0,1.283,0.035,1.918,0.094c10.613,0.965,18.909,9.884,18.909,20.744C129.148,120.656,120.323,129.786,109.251,130.269z"" style=""fill:#F7B239;"">
 </path>
 <path d=""M515.201,259.288c0.0,-35.8,-37.73,-67.574,-103.859,-87.846c15.518,-67.397,6.867,-115.955,-24.143,-133.864c-31.007,-17.898,-77.385,-1.106,-127.998,46.025c-50.606,-47.136,-96.982,-63.925,-128.001,-46.025c-13.892,8.022,-23.566,22.722,-28.255,42.717c-13.797,2.536,-24.289,14.645,-24.289,29.165c0.0,13.908,9.624,25.604,22.56,28.796c1.244,10.544,3.202,21.652,5.847,33.184C40.932,191.713,3.201,223.487,3.201,259.288c0.0,35.794,37.728,67.565,103.858,87.835C91.551,414.524,100.201,463.084,131.2,480.986c8.017,4.628,17.179,6.935,27.264,6.935c10.557,0.0,22.126,-2.539,34.437,-7.585c5.393,5.541,12.921,8.993,21.246,8.993c16.354,0.0,29.661,-13.306,29.661,-29.661c0.0,-3.448,-0.598,-6.756,-1.684,-9.836c5.675,-4.594,11.385,-9.563,17.079,-14.863c37.335,34.768,72.36,53.026,100.616,53.023c10.049,0.0,19.248,-2.31,27.382,-7.005c31.007,-17.906,39.658,-66.462,24.144,-133.852c16.41,-5.036,31.254,-10.863,44.298,-17.39c5.25,4.701,12.177,7.566,19.762,7.566c16.354,0.0,29.661,-13.306,29.661,-29.661c0.0,-4.678,-1.093,-9.105,-3.03,-13.044C510.771,283.386,515.201,271.535,515.201,259.288zM497.551,259.288c0.0,7.487,-2.655,14.982,-7.88,22.364c-4.236,-2.333,-9.098,-3.665,-14.266,-3.665c-16.356,0.0,-29.662,13.307,-29.662,29.661c0.0,2.373,0.288,4.68,0.818,6.894c-11.665,5.747,-24.915,10.924,-39.564,15.46c-6.337,-22.832,-15.035,-46.56,-25.922,-70.715c10.885,-24.16,19.582,-47.889,25.918,-70.711C463.086,205.989,497.551,232.707,497.551,259.288zM259.202,410.331c-12.819,-13.048,-25.393,-27.653,-37.57,-43.621c12.395,0.751,24.966,1.137,37.568,1.137c12.603,0.0,25.177,-0.386,37.579,-1.137C284.601,382.682,272.022,397.285,259.202,410.331zM259.203,108.235c12.82,13.044,25.399,27.65,37.58,43.626c-24.823,-1.494,-50.341,-1.494,-75.154,0.0C233.805,135.891,246.382,121.285,259.203,108.235zM371.023,238.12c-5.561,-11.144,-11.514,-22.231,-17.803,-33.124c-6.325,-10.946,-12.942,-21.636,-19.763,-31.957c19.928,2.569,38.865,6.152,56.554,10.725C385.127,201.369,378.77,219.565,371.023,238.12zM207.984,348.012c-9.576,-13.705,-18.822,-28.236,-27.509,-43.272c-8.607,-14.896,-16.567,-30.169,-23.713,-45.452c7.141,-15.271,15.101,-30.546,23.713,-45.462c8.687,-15.037,17.933,-29.567,27.51,-43.272c33.484,-2.884,68.934,-2.885,102.443,0.0c9.576,13.705,18.822,28.235,27.508,43.27c8.611,14.909,16.57,30.185,23.714,45.465c-7.151,15.291,-15.109,30.562,-23.713,45.451c-8.686,15.037,-17.933,29.567,-27.509,43.272C276.918,350.897,241.468,350.896,207.984,348.012zM165.191,204.998c-6.292,10.897,-12.244,21.983,-17.803,33.123c-7.757,-18.572,-14.118,-36.769,-18.997,-54.357c17.699,-4.575,36.64,-8.158,56.564,-10.726C178.135,183.361,171.517,194.051,165.191,204.998zM147.387,280.451c5.563,11.146,11.516,22.232,17.805,33.117c6.325,10.948,12.942,21.636,19.763,31.957c-19.926,-2.569,-38.866,-6.152,-56.564,-10.725C133.275,317.204,139.636,299.011,147.387,280.451zM353.22,313.57c6.288,-10.882,12.241,-21.966,17.804,-33.117c7.745,18.546,14.102,36.74,18.987,54.347c-17.686,4.574,-36.625,8.157,-56.554,10.725C340.278,335.205,346.895,324.516,353.22,313.57zM378.375,52.864c23.026,13.297,28.929,56.504,15.953,113.785c-22.938,-5.923,-47.836,-10.243,-74.184,-12.896c-15.459,-21.494,-31.658,-40.895,-48.278,-57.814C314.985,56.068,355.354,39.58,378.375,52.864zM140.024,52.866c23.027,-13.292,63.398,3.197,106.515,43.074c-16.623,16.931,-32.818,36.329,-48.27,57.813c-26.341,2.652,-51.241,6.972,-74.193,12.897c-2.324,-10.249,-4.067,-20.109,-5.209,-29.473c11.161,-4.263,19.112,-15.075,19.112,-27.716c0.0,-11.989,-7.154,-22.332,-17.413,-27.004C124.201,68.184,130.721,58.236,140.024,52.866zM96.306,109.461c0.0,-6.623,5.388,-12.011,12.011,-12.011c6.623,0.0,12.011,5.389,12.011,12.011s-5.388,12.011,-12.011,12.011C101.694,121.472,96.306,116.084,96.306,109.461zM20.851,259.288c0.0,-26.581,34.464,-53.299,90.558,-70.712c6.332,22.798,15.031,46.525,25.929,70.711c-10.891,24.167,-19.593,47.892,-25.929,70.703C55.315,312.578,20.851,285.863,20.851,259.288zM140.026,465.702c-23.017,-13.292,-28.921,-56.501,-15.951,-113.786c22.95,5.926,47.851,10.245,74.194,12.897c15.454,21.489,31.656,40.892,48.281,57.824c-5.007,4.638,-10.017,8.994,-14.989,13.041c-4.894,-3.562,-10.91,-5.67,-17.413,-5.67c-16.354,0.0,-29.661,13.306,-29.661,29.661c0.0,1.66,0.144,3.285,0.407,4.873C170.885,470.073,153.619,473.548,140.026,465.702zM214.146,471.679c-6.623,0.0,-12.011,-5.388,-12.011,-12.011c0.0,-6.623,5.388,-12.011,12.011,-12.011s12.011,5.388,12.011,12.011C226.158,466.291,220.77,471.679,214.146,471.679zM378.377,465.701c-23.022,13.286,-63.391,-3.203,-106.511,-43.074c16.62,-16.92,32.819,-36.32,48.277,-57.814c26.351,-2.653,51.249,-6.973,74.185,-12.896C407.304,409.197,401.401,452.405,378.377,465.701zM475.405,319.659c-6.623,0.0,-12.012,-5.388,-12.012,-12.011c0.0,-6.623,5.389,-12.011,12.012,-12.011c6.623,0.0,12.011,5.389,12.011,12.011C487.417,314.271,482.027,319.659,475.405,319.659z"" style=""fill:#333333;"">
 </path>
</svg>


Question: How many loops are present in the object?",2,3,4,5,B,science
41,"Examine the following SVG code carefully and answer the question based on your interpretation of the rendered image.

<svg id=""Layer_1"" style=""enable-background:new 0 0 512 512;"" version=""1.1"" viewbox=""0 0 512 512"" x=""0px"" xml:space=""preserve"" y=""0px"">
 <path d=""M491.064,293.918c3.224,3.659,5.177,8.472,5.177,13.732c0.0,11.508,-9.331,20.839,-20.839,20.839c-7.448,0.0,-13.99,-3.906,-17.662,-9.79c-2.024,-3.201,-3.177,-6.989,-3.177,-11.049c0.0,-11.508,9.331,-20.839,20.839,-20.839C481.651,286.811,487.252,289.565,491.064,293.918z"" style=""fill:#F95428;"">
 </path>
 <path d=""M230.988,447.39c2.518,3.436,4.001,7.684,4.001,12.273c0.0,11.508,-9.331,20.839,-20.839,20.839c-7.966,0.0,-14.896,-4.471,-18.391,-11.049c-1.565,-2.918,-2.447,-6.248,-2.447,-9.79c0.0,-11.508,9.331,-20.827,20.839,-20.827C221.068,438.835,227.199,442.201,230.988,447.39z"" style=""fill:#2BA5F7;"">
 </path>
 <path d=""M109.251,130.269c-0.306,0.012,-0.612,0.024,-0.93,0.024c-11.508,0.0,-20.839,-9.319,-20.839,-20.827s9.331,-20.839,20.839,-20.839c0.647,0.0,1.283,0.035,1.918,0.094c10.613,0.965,18.909,9.884,18.909,20.744C129.148,120.656,120.323,129.786,109.251,130.269z"" style=""fill:#F7B239;"">
 </path>
 <path d=""M515.201,259.288c0.0,-35.8,-37.73,-67.574,-103.859,-87.846c15.518,-67.397,6.867,-115.955,-24.143,-133.864c-31.007,-17.898,-77.385,-1.106,-127.998,46.025c-50.606,-47.136,-96.982,-63.925,-128.001,-46.025c-13.892,8.022,-23.566,22.722,-28.255,42.717c-13.797,2.536,-24.289,14.645,-24.289,29.165c0.0,13.908,9.624,25.604,22.56,28.796c1.244,10.544,3.202,21.652,5.847,33.184C40.932,191.713,3.201,223.487,3.201,259.288c0.0,35.794,37.728,67.565,103.858,87.835C91.551,414.524,100.201,463.084,131.2,480.986c8.017,4.628,17.179,6.935,27.264,6.935c10.557,0.0,22.126,-2.539,34.437,-7.585c5.393,5.541,12.921,8.993,21.246,8.993c16.354,0.0,29.661,-13.306,29.661,-29.661c0.0,-3.448,-0.598,-6.756,-1.684,-9.836c5.675,-4.594,11.385,-9.563,17.079,-14.863c37.335,34.768,72.36,53.026,100.616,53.023c10.049,0.0,19.248,-2.31,27.382,-7.005c31.007,-17.906,39.658,-66.462,24.144,-133.852c16.41,-5.036,31.254,-10.863,44.298,-17.39c5.25,4.701,12.177,7.566,19.762,7.566c16.354,0.0,29.661,-13.306,29.661,-29.661c0.0,-4.678,-1.093,-9.105,-3.03,-13.044C510.771,283.386,515.201,271.535,515.201,259.288zM497.551,259.288c0.0,7.487,-2.655,14.982,-7.88,22.364c-4.236,-2.333,-9.098,-3.665,-14.266,-3.665c-16.356,0.0,-29.662,13.307,-29.662,29.661c0.0,2.373,0.288,4.68,0.818,6.894c-11.665,5.747,-24.915,10.924,-39.564,15.46c-6.337,-22.832,-15.035,-46.56,-25.922,-70.715c10.885,-24.16,19.582,-47.889,25.918,-70.711C463.086,205.989,497.551,232.707,497.551,259.288zM259.202,410.331c-12.819,-13.048,-25.393,-27.653,-37.57,-43.621c12.395,0.751,24.966,1.137,37.568,1.137c12.603,0.0,25.177,-0.386,37.579,-1.137C284.601,382.682,272.022,397.285,259.202,410.331zM259.203,108.235c12.82,13.044,25.399,27.65,37.58,43.626c-24.823,-1.494,-50.341,-1.494,-75.154,0.0C233.805,135.891,246.382,121.285,259.203,108.235zM371.023,238.12c-5.561,-11.144,-11.514,-22.231,-17.803,-33.124c-6.325,-10.946,-12.942,-21.636,-19.763,-31.957c19.928,2.569,38.865,6.152,56.554,10.725C385.127,201.369,378.77,219.565,371.023,238.12zM207.984,348.012c-9.576,-13.705,-18.822,-28.236,-27.509,-43.272c-8.607,-14.896,-16.567,-30.169,-23.713,-45.452c7.141,-15.271,15.101,-30.546,23.713,-45.462c8.687,-15.037,17.933,-29.567,27.51,-43.272c33.484,-2.884,68.934,-2.885,102.443,0.0c9.576,13.705,18.822,28.235,27.508,43.27c8.611,14.909,16.57,30.185,23.714,45.465c-7.151,15.291,-15.109,30.562,-23.713,45.451c-8.686,15.037,-17.933,29.567,-27.509,43.272C276.918,350.897,241.468,350.896,207.984,348.012zM165.191,204.998c-6.292,10.897,-12.244,21.983,-17.803,33.123c-7.757,-18.572,-14.118,-36.769,-18.997,-54.357c17.699,-4.575,36.64,-8.158,56.564,-10.726C178.135,183.361,171.517,194.051,165.191,204.998zM147.387,280.451c5.563,11.146,11.516,22.232,17.805,33.117c6.325,10.948,12.942,21.636,19.763,31.957c-19.926,-2.569,-38.866,-6.152,-56.564,-10.725C133.275,317.204,139.636,299.011,147.387,280.451zM353.22,313.57c6.288,-10.882,12.241,-21.966,17.804,-33.117c7.745,18.546,14.102,36.74,18.987,54.347c-17.686,4.574,-36.625,8.157,-56.554,10.725C340.278,335.205,346.895,324.516,353.22,313.57zM378.375,52.864c23.026,13.297,28.929,56.504,15.953,113.785c-22.938,-5.923,-47.836,-10.243,-74.184,-12.896c-15.459,-21.494,-31.658,-40.895,-48.278,-57.814C314.985,56.068,355.354,39.58,378.375,52.864zM140.024,52.866c23.027,-13.292,63.398,3.197,106.515,43.074c-16.623,16.931,-32.818,36.329,-48.27,57.813c-26.341,2.652,-51.241,6.972,-74.193,12.897c-2.324,-10.249,-4.067,-20.109,-5.209,-29.473c11.161,-4.263,19.112,-15.075,19.112,-27.716c0.0,-11.989,-7.154,-22.332,-17.413,-27.004C124.201,68.184,130.721,58.236,140.024,52.866zM96.306,109.461c0.0,-6.623,5.388,-12.011,12.011,-12.011c6.623,0.0,12.011,5.389,12.011,12.011s-5.388,12.011,-12.011,12.011C101.694,121.472,96.306,116.084,96.306,109.461zM20.851,259.288c0.0,-26.581,34.464,-53.299,90.558,-70.712c6.332,22.798,15.031,46.525,25.929,70.711c-10.891,24.167,-19.593,47.892,-25.929,70.703C55.315,312.578,20.851,285.863,20.851,259.288zM140.026,465.702c-23.017,-13.292,-28.921,-56.501,-15.951,-113.786c22.95,5.926,47.851,10.245,74.194,12.897c15.454,21.489,31.656,40.892,48.281,57.824c-5.007,4.638,-10.017,8.994,-14.989,13.041c-4.894,-3.562,-10.91,-5.67,-17.413,-5.67c-16.354,0.0,-29.661,13.306,-29.661,29.661c0.0,1.66,0.144,3.285,0.407,4.873C170.885,470.073,153.619,473.548,140.026,465.702zM214.146,471.679c-6.623,0.0,-12.011,-5.388,-12.011,-12.011c0.0,-6.623,5.388,-12.011,12.011,-12.011s12.011,5.388,12.011,12.011C226.158,466.291,220.77,471.679,214.146,471.679zM378.377,465.701c-23.022,13.286,-63.391,-3.203,-106.511,-43.074c16.62,-16.92,32.819,-36.32,48.277,-57.814c26.351,-2.653,51.249,-6.973,74.185,-12.896C407.304,409.197,401.401,452.405,378.377,465.701zM475.405,319.659c-6.623,0.0,-12.012,-5.388,-12.012,-12.011c0.0,-6.623,5.389,-12.011,12.012,-12.011c6.623,0.0,12.011,5.389,12.011,12.011C487.417,314.271,482.027,319.659,475.405,319.659z"" style=""fill:#333333;"">
 </path>
</svg>


Question: What is the color of the top-left circle?",Red,Blue,Green,Yellow,D,science
42,"Examine the following SVG code carefully and answer the question based on your interpretation of the rendered image.

<svg id=""Layer_1"" style=""enable-background:new 0 0 512 512;"" version=""1.1"" viewbox=""0 0 512 512"" x=""0px"" xml:space=""preserve"" y=""0px"">
 <path d=""M491.064,293.918c3.224,3.659,5.177,8.472,5.177,13.732c0.0,11.508,-9.331,20.839,-20.839,20.839c-7.448,0.0,-13.99,-3.906,-17.662,-9.79c-2.024,-3.201,-3.177,-6.989,-3.177,-11.049c0.0,-11.508,9.331,-20.839,20.839,-20.839C481.651,286.811,487.252,289.565,491.064,293.918z"" style=""fill:#F95428;"">
 </path>
 <path d=""M230.988,447.39c2.518,3.436,4.001,7.684,4.001,12.273c0.0,11.508,-9.331,20.839,-20.839,20.839c-7.966,0.0,-14.896,-4.471,-18.391,-11.049c-1.565,-2.918,-2.447,-6.248,-2.447,-9.79c0.0,-11.508,9.331,-20.827,20.839,-20.827C221.068,438.835,227.199,442.201,230.988,447.39z"" style=""fill:#2BA5F7;"">
 </path>
 <path d=""M109.251,130.269c-0.306,0.012,-0.612,0.024,-0.93,0.024c-11.508,0.0,-20.839,-9.319,-20.839,-20.827s9.331,-20.839,20.839,-20.839c0.647,0.0,1.283,0.035,1.918,0.094c10.613,0.965,18.909,9.884,18.909,20.744C129.148,120.656,120.323,129.786,109.251,130.269z"" style=""fill:#F7B239;"">
 </path>
 <path d=""M515.201,259.288c0.0,-35.8,-37.73,-67.574,-103.859,-87.846c15.518,-67.397,6.867,-115.955,-24.143,-133.864c-31.007,-17.898,-77.385,-1.106,-127.998,46.025c-50.606,-47.136,-96.982,-63.925,-128.001,-46.025c-13.892,8.022,-23.566,22.722,-28.255,42.717c-13.797,2.536,-24.289,14.645,-24.289,29.165c0.0,13.908,9.624,25.604,22.56,28.796c1.244,10.544,3.202,21.652,5.847,33.184C40.932,191.713,3.201,223.487,3.201,259.288c0.0,35.794,37.728,67.565,103.858,87.835C91.551,414.524,100.201,463.084,131.2,480.986c8.017,4.628,17.179,6.935,27.264,6.935c10.557,0.0,22.126,-2.539,34.437,-7.585c5.393,5.541,12.921,8.993,21.246,8.993c16.354,0.0,29.661,-13.306,29.661,-29.661c0.0,-3.448,-0.598,-6.756,-1.684,-9.836c5.675,-4.594,11.385,-9.563,17.079,-14.863c37.335,34.768,72.36,53.026,100.616,53.023c10.049,0.0,19.248,-2.31,27.382,-7.005c31.007,-17.906,39.658,-66.462,24.144,-133.852c16.41,-5.036,31.254,-10.863,44.298,-17.39c5.25,4.701,12.177,7.566,19.762,7.566c16.354,0.0,29.661,-13.306,29.661,-29.661c0.0,-4.678,-1.093,-9.105,-3.03,-13.044C510.771,283.386,515.201,271.535,515.201,259.288zM497.551,259.288c0.0,7.487,-2.655,14.982,-7.88,22.364c-4.236,-2.333,-9.098,-3.665,-14.266,-3.665c-16.356,0.0,-29.662,13.307,-29.662,29.661c0.0,2.373,0.288,4.68,0.818,6.894c-11.665,5.747,-24.915,10.924,-39.564,15.46c-6.337,-22.832,-15.035,-46.56,-25.922,-70.715c10.885,-24.16,19.582,-47.889,25.918,-70.711C463.086,205.989,497.551,232.707,497.551,259.288zM259.202,410.331c-12.819,-13.048,-25.393,-27.653,-37.57,-43.621c12.395,0.751,24.966,1.137,37.568,1.137c12.603,0.0,25.177,-0.386,37.579,-1.137C284.601,382.682,272.022,397.285,259.202,410.331zM259.203,108.235c12.82,13.044,25.399,27.65,37.58,43.626c-24.823,-1.494,-50.341,-1.494,-75.154,0.0C233.805,135.891,246.382,121.285,259.203,108.235zM371.023,238.12c-5.561,-11.144,-11.514,-22.231,-17.803,-33.124c-6.325,-10.946,-12.942,-21.636,-19.763,-31.957c19.928,2.569,38.865,6.152,56.554,10.725C385.127,201.369,378.77,219.565,371.023,238.12zM207.984,348.012c-9.576,-13.705,-18.822,-28.236,-27.509,-43.272c-8.607,-14.896,-16.567,-30.169,-23.713,-45.452c7.141,-15.271,15.101,-30.546,23.713,-45.462c8.687,-15.037,17.933,-29.567,27.51,-43.272c33.484,-2.884,68.934,-2.885,102.443,0.0c9.576,13.705,18.822,28.235,27.508,43.27c8.611,14.909,16.57,30.185,23.714,45.465c-7.151,15.291,-15.109,30.562,-23.713,45.451c-8.686,15.037,-17.933,29.567,-27.509,43.272C276.918,350.897,241.468,350.896,207.984,348.012zM165.191,204.998c-6.292,10.897,-12.244,21.983,-17.803,33.123c-7.757,-18.572,-14.118,-36.769,-18.997,-54.357c17.699,-4.575,36.64,-8.158,56.564,-10.726C178.135,183.361,171.517,194.051,165.191,204.998zM147.387,280.451c5.563,11.146,11.516,22.232,17.805,33.117c6.325,10.948,12.942,21.636,19.763,31.957c-19.926,-2.569,-38.866,-6.152,-56.564,-10.725C133.275,317.204,139.636,299.011,147.387,280.451zM353.22,313.57c6.288,-10.882,12.241,-21.966,17.804,-33.117c7.745,18.546,14.102,36.74,18.987,54.347c-17.686,4.574,-36.625,8.157,-56.554,10.725C340.278,335.205,346.895,324.516,353.22,313.57zM378.375,52.864c23.026,13.297,28.929,56.504,15.953,113.785c-22.938,-5.923,-47.836,-10.243,-74.184,-12.896c-15.459,-21.494,-31.658,-40.895,-48.278,-57.814C314.985,56.068,355.354,39.58,378.375,52.864zM140.024,52.866c23.027,-13.292,63.398,3.197,106.515,43.074c-16.623,16.931,-32.818,36.329,-48.27,57.813c-26.341,2.652,-51.241,6.972,-74.193,12.897c-2.324,-10.249,-4.067,-20.109,-5.209,-29.473c11.161,-4.263,19.112,-15.075,19.112,-27.716c0.0,-11.989,-7.154,-22.332,-17.413,-27.004C124.201,68.184,130.721,58.236,140.024,52.866zM96.306,109.461c0.0,-6.623,5.388,-12.011,12.011,-12.011c6.623,0.0,12.011,5.389,12.011,12.011s-5.388,12.011,-12.011,12.011C101.694,121.472,96.306,116.084,96.306,109.461zM20.851,259.288c0.0,-26.581,34.464,-53.299,90.558,-70.712c6.332,22.798,15.031,46.525,25.929,70.711c-10.891,24.167,-19.593,47.892,-25.929,70.703C55.315,312.578,20.851,285.863,20.851,259.288zM140.026,465.702c-23.017,-13.292,-28.921,-56.501,-15.951,-113.786c22.95,5.926,47.851,10.245,74.194,12.897c15.454,21.489,31.656,40.892,48.281,57.824c-5.007,4.638,-10.017,8.994,-14.989,13.041c-4.894,-3.562,-10.91,-5.67,-17.413,-5.67c-16.354,0.0,-29.661,13.306,-29.661,29.661c0.0,1.66,0.144,3.285,0.407,4.873C170.885,470.073,153.619,473.548,140.026,465.702zM214.146,471.679c-6.623,0.0,-12.011,-5.388,-12.011,-12.011c0.0,-6.623,5.388,-12.011,12.011,-12.011s12.011,5.388,12.011,12.011C226.158,466.291,220.77,471.679,214.146,471.679zM378.377,465.701c-23.022,13.286,-63.391,-3.203,-106.511,-43.074c16.62,-16.92,32.819,-36.32,48.277,-57.814c26.351,-2.653,51.249,-6.973,74.185,-12.896C407.304,409.197,401.401,452.405,378.377,465.701zM475.405,319.659c-6.623,0.0,-12.012,-5.388,-12.012,-12.011c0.0,-6.623,5.389,-12.011,12.012,-12.011c6.623,0.0,12.011,5.389,12.011,12.011C487.417,314.271,482.027,319.659,475.405,319.659z"" style=""fill:#333333;"">
 </path>
</svg>


Question: How many circles are there in total?",3,2,4,5,A,science
43,"Examine the following SVG code carefully and answer the question based on your interpretation of the rendered image.

<svg id=""Layer_1"" style=""enable-background:new 0 0 512 512;"" version=""1.1"" viewbox=""0 0 512 512"" x=""0px"" xml:space=""preserve"" y=""0px"">
 <path d=""M491.064,293.918c3.224,3.659,5.177,8.472,5.177,13.732c0.0,11.508,-9.331,20.839,-20.839,20.839c-7.448,0.0,-13.99,-3.906,-17.662,-9.79c-2.024,-3.201,-3.177,-6.989,-3.177,-11.049c0.0,-11.508,9.331,-20.839,20.839,-20.839C481.651,286.811,487.252,289.565,491.064,293.918z"" style=""fill:#F95428;"">
 </path>
 <path d=""M230.988,447.39c2.518,3.436,4.001,7.684,4.001,12.273c0.0,11.508,-9.331,20.839,-20.839,20.839c-7.966,0.0,-14.896,-4.471,-18.391,-11.049c-1.565,-2.918,-2.447,-6.248,-2.447,-9.79c0.0,-11.508,9.331,-20.827,20.839,-20.827C221.068,438.835,227.199,442.201,230.988,447.39z"" style=""fill:#2BA5F7;"">
 </path>
 <path d=""M109.251,130.269c-0.306,0.012,-0.612,0.024,-0.93,0.024c-11.508,0.0,-20.839,-9.319,-20.839,-20.827s9.331,-20.839,20.839,-20.839c0.647,0.0,1.283,0.035,1.918,0.094c10.613,0.965,18.909,9.884,18.909,20.744C129.148,120.656,120.323,129.786,109.251,130.269z"" style=""fill:#F7B239;"">
 </path>
 <path d=""M515.201,259.288c0.0,-35.8,-37.73,-67.574,-103.859,-87.846c15.518,-67.397,6.867,-115.955,-24.143,-133.864c-31.007,-17.898,-77.385,-1.106,-127.998,46.025c-50.606,-47.136,-96.982,-63.925,-128.001,-46.025c-13.892,8.022,-23.566,22.722,-28.255,42.717c-13.797,2.536,-24.289,14.645,-24.289,29.165c0.0,13.908,9.624,25.604,22.56,28.796c1.244,10.544,3.202,21.652,5.847,33.184C40.932,191.713,3.201,223.487,3.201,259.288c0.0,35.794,37.728,67.565,103.858,87.835C91.551,414.524,100.201,463.084,131.2,480.986c8.017,4.628,17.179,6.935,27.264,6.935c10.557,0.0,22.126,-2.539,34.437,-7.585c5.393,5.541,12.921,8.993,21.246,8.993c16.354,0.0,29.661,-13.306,29.661,-29.661c0.0,-3.448,-0.598,-6.756,-1.684,-9.836c5.675,-4.594,11.385,-9.563,17.079,-14.863c37.335,34.768,72.36,53.026,100.616,53.023c10.049,0.0,19.248,-2.31,27.382,-7.005c31.007,-17.906,39.658,-66.462,24.144,-133.852c16.41,-5.036,31.254,-10.863,44.298,-17.39c5.25,4.701,12.177,7.566,19.762,7.566c16.354,0.0,29.661,-13.306,29.661,-29.661c0.0,-4.678,-1.093,-9.105,-3.03,-13.044C510.771,283.386,515.201,271.535,515.201,259.288zM497.551,259.288c0.0,7.487,-2.655,14.982,-7.88,22.364c-4.236,-2.333,-9.098,-3.665,-14.266,-3.665c-16.356,0.0,-29.662,13.307,-29.662,29.661c0.0,2.373,0.288,4.68,0.818,6.894c-11.665,5.747,-24.915,10.924,-39.564,15.46c-6.337,-22.832,-15.035,-46.56,-25.922,-70.715c10.885,-24.16,19.582,-47.889,25.918,-70.711C463.086,205.989,497.551,232.707,497.551,259.288zM259.202,410.331c-12.819,-13.048,-25.393,-27.653,-37.57,-43.621c12.395,0.751,24.966,1.137,37.568,1.137c12.603,0.0,25.177,-0.386,37.579,-1.137C284.601,382.682,272.022,397.285,259.202,410.331zM259.203,108.235c12.82,13.044,25.399,27.65,37.58,43.626c-24.823,-1.494,-50.341,-1.494,-75.154,0.0C233.805,135.891,246.382,121.285,259.203,108.235zM371.023,238.12c-5.561,-11.144,-11.514,-22.231,-17.803,-33.124c-6.325,-10.946,-12.942,-21.636,-19.763,-31.957c19.928,2.569,38.865,6.152,56.554,10.725C385.127,201.369,378.77,219.565,371.023,238.12zM207.984,348.012c-9.576,-13.705,-18.822,-28.236,-27.509,-43.272c-8.607,-14.896,-16.567,-30.169,-23.713,-45.452c7.141,-15.271,15.101,-30.546,23.713,-45.462c8.687,-15.037,17.933,-29.567,27.51,-43.272c33.484,-2.884,68.934,-2.885,102.443,0.0c9.576,13.705,18.822,28.235,27.508,43.27c8.611,14.909,16.57,30.185,23.714,45.465c-7.151,15.291,-15.109,30.562,-23.713,45.451c-8.686,15.037,-17.933,29.567,-27.509,43.272C276.918,350.897,241.468,350.896,207.984,348.012zM165.191,204.998c-6.292,10.897,-12.244,21.983,-17.803,33.123c-7.757,-18.572,-14.118,-36.769,-18.997,-54.357c17.699,-4.575,36.64,-8.158,56.564,-10.726C178.135,183.361,171.517,194.051,165.191,204.998zM147.387,280.451c5.563,11.146,11.516,22.232,17.805,33.117c6.325,10.948,12.942,21.636,19.763,31.957c-19.926,-2.569,-38.866,-6.152,-56.564,-10.725C133.275,317.204,139.636,299.011,147.387,280.451zM353.22,313.57c6.288,-10.882,12.241,-21.966,17.804,-33.117c7.745,18.546,14.102,36.74,18.987,54.347c-17.686,4.574,-36.625,8.157,-56.554,10.725C340.278,335.205,346.895,324.516,353.22,313.57zM378.375,52.864c23.026,13.297,28.929,56.504,15.953,113.785c-22.938,-5.923,-47.836,-10.243,-74.184,-12.896c-15.459,-21.494,-31.658,-40.895,-48.278,-57.814C314.985,56.068,355.354,39.58,378.375,52.864zM140.024,52.866c23.027,-13.292,63.398,3.197,106.515,43.074c-16.623,16.931,-32.818,36.329,-48.27,57.813c-26.341,2.652,-51.241,6.972,-74.193,12.897c-2.324,-10.249,-4.067,-20.109,-5.209,-29.473c11.161,-4.263,19.112,-15.075,19.112,-27.716c0.0,-11.989,-7.154,-22.332,-17.413,-27.004C124.201,68.184,130.721,58.236,140.024,52.866zM96.306,109.461c0.0,-6.623,5.388,-12.011,12.011,-12.011c6.623,0.0,12.011,5.389,12.011,12.011s-5.388,12.011,-12.011,12.011C101.694,121.472,96.306,116.084,96.306,109.461zM20.851,259.288c0.0,-26.581,34.464,-53.299,90.558,-70.712c6.332,22.798,15.031,46.525,25.929,70.711c-10.891,24.167,-19.593,47.892,-25.929,70.703C55.315,312.578,20.851,285.863,20.851,259.288zM140.026,465.702c-23.017,-13.292,-28.921,-56.501,-15.951,-113.786c22.95,5.926,47.851,10.245,74.194,12.897c15.454,21.489,31.656,40.892,48.281,57.824c-5.007,4.638,-10.017,8.994,-14.989,13.041c-4.894,-3.562,-10.91,-5.67,-17.413,-5.67c-16.354,0.0,-29.661,13.306,-29.661,29.661c0.0,1.66,0.144,3.285,0.407,4.873C170.885,470.073,153.619,473.548,140.026,465.702zM214.146,471.679c-6.623,0.0,-12.011,-5.388,-12.011,-12.011c0.0,-6.623,5.388,-12.011,12.011,-12.011s12.011,5.388,12.011,12.011C226.158,466.291,220.77,471.679,214.146,471.679zM378.377,465.701c-23.022,13.286,-63.391,-3.203,-106.511,-43.074c16.62,-16.92,32.819,-36.32,48.277,-57.814c26.351,-2.653,51.249,-6.973,74.185,-12.896C407.304,409.197,401.401,452.405,378.377,465.701zM475.405,319.659c-6.623,0.0,-12.012,-5.388,-12.012,-12.011c0.0,-6.623,5.389,-12.011,12.012,-12.011c6.623,0.0,12.011,5.389,12.011,12.011C487.417,314.271,482.027,319.659,475.405,319.659z"" style=""fill:#333333;"">
 </path>
</svg>


Question: What does the object represent?",molecule,planet,star,atom,D,science
44,"Examine the following SVG code carefully and answer the question based on your interpretation of the rendered image.

<svg id=""Layer_1"" style=""enable-background:new 0 0 512 512;"" version=""1.1"" viewbox=""0 0 512 512"" x=""0px"" xml:space=""preserve"" y=""0px"">
 <path d=""M219.114,16.164h-23.861v112.506c-18.331,10.478,-33.861,25.307,-45.206,43.24c-13.048,20.622,-19.945,44.477,-19.945,68.986c0.0,71.246,57.963,129.209,129.209,129.209s129.209,-57.963,129.209,-129.209c0.0,-24.509,-6.896,-48.365,-19.945,-68.986c-11.345,-17.932,-26.876,-32.761,-45.206,-43.24V16.164h-23.861H219.114z"" style=""fill:#EDEEF0;"">
 </path>
 <path d=""M368.573,171.909c-11.345,-17.932,-26.876,-32.761,-45.206,-43.24V16.164h-23.861H259.309v353.941c71.246,0.0,129.209,-57.963,129.209,-129.209C388.519,216.386,381.622,192.531,368.573,171.909z"" style=""fill:#DCDEE2;"">
 </path>
 <path d=""M157.868,212.442c-2.573,9.198,-3.907,18.76,-3.907,28.453c0.0,58.089,47.259,105.347,105.347,105.347s105.347,-47.259,105.347,-105.347c0.0,-9.692,-1.333,-19.255,-3.907,-28.453H157.868z"" style=""fill:#F74D37;"">
 </path>
 <path d=""M360.751,212.442H259.309v133.8c58.089,0.0,105.347,-47.259,105.347,-105.347C364.656,231.203,363.325,221.64,360.751,212.442z"" style=""fill:#B03727;"">
 </path>
 <rect height=""25.11"" style=""fill:#D8D9DD;"" width=""127.88"" x=""195.489"" y=""35.473"">
 </rect>
 <rect height=""25.11"" style=""fill:#B7B9C0;"" width=""63.933"" x=""259.429"" y=""35.473"">
 </rect>
 <rect height=""38.512"" style=""fill:#EDEEF0;"" width=""162.09"" x=""178.179"" y=""4.233328308948627"">
 </rect>
 <rect height=""38.512"" style=""fill:#DCDEE2;"" width=""80.84"" x=""259.429"" y=""4.233328308948627"">
 </rect>
 <circle cx=""202.630"" cy=""279.723"" r=""13.39"" style=""fill:#FFFFFF;"">
 </circle>
 <circle cx=""313.139"" cy=""301.233"" r=""13.39"" style=""fill:#EDEEF0;"">
 </circle>
 <path d=""M130.101,240.896c0.0,7.329,0.623,14.516,1.801,21.516h254.815c1.179,-7.0,1.801,-14.187,1.801,-21.516c0.0,-4.36,-0.228,-8.697,-0.661,-13.0H130.76C130.329,232.199,130.101,236.536,130.101,240.896z"" style=""fill:#444242;"">
 </path>
 <g>
  <rect height=""271.08"" style=""fill:#3A3839;"" width=""23.01"" x=""247.800"" y=""245.153"">
  </rect>
  <polygon points=""89.338,495.311 67.136,489.255 132.629,249.195 155.870,251.434"" style=""fill:#3A3839;"">
  </polygon>
  <polygon points=""429.281,495.311 451.481,489.255 385.990,249.195 362.749,251.434"" style=""fill:#3A3839;"">
  </polygon>
  <path d=""M130.191,245.153c0.194,5.857,0.762,11.621,1.711,17.259h254.815c0.949,-5.638,1.518,-11.401,1.711,-17.259L130.191,245.153L130.191,245.153z"" style=""fill:#3A3839;"">
  </path>
 </g>
</svg>


Question: What is the primary color of the liquid inside the flask?",Red,Green,Blue,Yellow,A,science
45,"Examine the following SVG code carefully and answer the question based on your interpretation of the rendered image.

<svg id=""Layer_1"" style=""enable-background:new 0 0 512 512;"" version=""1.1"" viewbox=""0 0 512 512"" x=""0px"" xml:space=""preserve"" y=""0px"">
 <path d=""M219.114,16.164h-23.861v112.506c-18.331,10.478,-33.861,25.307,-45.206,43.24c-13.048,20.622,-19.945,44.477,-19.945,68.986c0.0,71.246,57.963,129.209,129.209,129.209s129.209,-57.963,129.209,-129.209c0.0,-24.509,-6.896,-48.365,-19.945,-68.986c-11.345,-17.932,-26.876,-32.761,-45.206,-43.24V16.164h-23.861H219.114z"" style=""fill:#EDEEF0;"">
 </path>
 <path d=""M368.573,171.909c-11.345,-17.932,-26.876,-32.761,-45.206,-43.24V16.164h-23.861H259.309v353.941c71.246,0.0,129.209,-57.963,129.209,-129.209C388.519,216.386,381.622,192.531,368.573,171.909z"" style=""fill:#DCDEE2;"">
 </path>
 <path d=""M157.868,212.442c-2.573,9.198,-3.907,18.76,-3.907,28.453c0.0,58.089,47.259,105.347,105.347,105.347s105.347,-47.259,105.347,-105.347c0.0,-9.692,-1.333,-19.255,-3.907,-28.453H157.868z"" style=""fill:#F74D37;"">
 </path>
 <path d=""M360.751,212.442H259.309v133.8c58.089,0.0,105.347,-47.259,105.347,-105.347C364.656,231.203,363.325,221.64,360.751,212.442z"" style=""fill:#B03727;"">
 </path>
 <rect height=""25.11"" style=""fill:#D8D9DD;"" width=""127.88"" x=""195.489"" y=""35.473"">
 </rect>
 <rect height=""25.11"" style=""fill:#B7B9C0;"" width=""63.933"" x=""259.429"" y=""35.473"">
 </rect>
 <rect height=""38.512"" style=""fill:#EDEEF0;"" width=""162.09"" x=""178.179"" y=""4.233328308948627"">
 </rect>
 <rect height=""38.512"" style=""fill:#DCDEE2;"" width=""80.84"" x=""259.429"" y=""4.233328308948627"">
 </rect>
 <circle cx=""202.630"" cy=""279.723"" r=""13.39"" style=""fill:#FFFFFF;"">
 </circle>
 <circle cx=""313.139"" cy=""301.233"" r=""13.39"" style=""fill:#EDEEF0;"">
 </circle>
 <path d=""M130.101,240.896c0.0,7.329,0.623,14.516,1.801,21.516h254.815c1.179,-7.0,1.801,-14.187,1.801,-21.516c0.0,-4.36,-0.228,-8.697,-0.661,-13.0H130.76C130.329,232.199,130.101,236.536,130.101,240.896z"" style=""fill:#444242;"">
 </path>
 <g>
  <rect height=""271.08"" style=""fill:#3A3839;"" width=""23.01"" x=""247.800"" y=""245.153"">
  </rect>
  <polygon points=""89.338,495.311 67.136,489.255 132.629,249.195 155.870,251.434"" style=""fill:#3A3839;"">
  </polygon>
  <polygon points=""429.281,495.311 451.481,489.255 385.990,249.195 362.749,251.434"" style=""fill:#3A3839;"">
  </polygon>
  <path d=""M130.191,245.153c0.194,5.857,0.762,11.621,1.711,17.259h254.815c0.949,-5.638,1.518,-11.401,1.711,-17.259L130.191,245.153L130.191,245.153z"" style=""fill:#3A3839;"">
  </path>
 </g>
</svg>


Question: How many legs does the stand have?",2,3,4,5,B,science
46,"Examine the following SVG code carefully and answer the question based on your interpretation of the rendered image.

<svg id=""Layer_1"" style=""enable-background:new 0 0 512 512;"" version=""1.1"" viewbox=""0 0 512 512"" x=""0px"" xml:space=""preserve"" y=""0px"">
 <path d=""M219.114,16.164h-23.861v112.506c-18.331,10.478,-33.861,25.307,-45.206,43.24c-13.048,20.622,-19.945,44.477,-19.945,68.986c0.0,71.246,57.963,129.209,129.209,129.209s129.209,-57.963,129.209,-129.209c0.0,-24.509,-6.896,-48.365,-19.945,-68.986c-11.345,-17.932,-26.876,-32.761,-45.206,-43.24V16.164h-23.861H219.114z"" style=""fill:#EDEEF0;"">
 </path>
 <path d=""M368.573,171.909c-11.345,-17.932,-26.876,-32.761,-45.206,-43.24V16.164h-23.861H259.309v353.941c71.246,0.0,129.209,-57.963,129.209,-129.209C388.519,216.386,381.622,192.531,368.573,171.909z"" style=""fill:#DCDEE2;"">
 </path>
 <path d=""M157.868,212.442c-2.573,9.198,-3.907,18.76,-3.907,28.453c0.0,58.089,47.259,105.347,105.347,105.347s105.347,-47.259,105.347,-105.347c0.0,-9.692,-1.333,-19.255,-3.907,-28.453H157.868z"" style=""fill:#F74D37;"">
 </path>
 <path d=""M360.751,212.442H259.309v133.8c58.089,0.0,105.347,-47.259,105.347,-105.347C364.656,231.203,363.325,221.64,360.751,212.442z"" style=""fill:#B03727;"">
 </path>
 <rect height=""25.11"" style=""fill:#D8D9DD;"" width=""127.88"" x=""195.489"" y=""35.473"">
 </rect>
 <rect height=""25.11"" style=""fill:#B7B9C0;"" width=""63.933"" x=""259.429"" y=""35.473"">
 </rect>
 <rect height=""38.512"" style=""fill:#EDEEF0;"" width=""162.09"" x=""178.179"" y=""4.233328308948627"">
 </rect>
 <rect height=""38.512"" style=""fill:#DCDEE2;"" width=""80.84"" x=""259.429"" y=""4.233328308948627"">
 </rect>
 <circle cx=""202.630"" cy=""279.723"" r=""13.39"" style=""fill:#FFFFFF;"">
 </circle>
 <circle cx=""313.139"" cy=""301.233"" r=""13.39"" style=""fill:#EDEEF0;"">
 </circle>
 <path d=""M130.101,240.896c0.0,7.329,0.623,14.516,1.801,21.516h254.815c1.179,-7.0,1.801,-14.187,1.801,-21.516c0.0,-4.36,-0.228,-8.697,-0.661,-13.0H130.76C130.329,232.199,130.101,236.536,130.101,240.896z"" style=""fill:#444242;"">
 </path>
 <g>
  <rect height=""271.08"" style=""fill:#3A3839;"" width=""23.01"" x=""247.800"" y=""245.153"">
  </rect>
  <polygon points=""89.338,495.311 67.136,489.255 132.629,249.195 155.870,251.434"" style=""fill:#3A3839;"">
  </polygon>
  <polygon points=""429.281,495.311 451.481,489.255 385.990,249.195 362.749,251.434"" style=""fill:#3A3839;"">
  </polygon>
  <path d=""M130.191,245.153c0.194,5.857,0.762,11.621,1.711,17.259h254.815c0.949,-5.638,1.518,-11.401,1.711,-17.259L130.191,245.153L130.191,245.153z"" style=""fill:#3A3839;"">
  </path>
 </g>
</svg>


Question: What shape is the flask?",Conical,Cylindrical,Cubical,Spherical,D,science
47,"Examine the following SVG code carefully and answer the question based on your interpretation of the rendered image.

<svg id=""Layer_1"" style=""enable-background:new 0 0 512 512;"" version=""1.1"" viewbox=""0 0 512 512"" x=""0px"" xml:space=""preserve"" y=""0px"">
 <path d=""M219.114,16.164h-23.861v112.506c-18.331,10.478,-33.861,25.307,-45.206,43.24c-13.048,20.622,-19.945,44.477,-19.945,68.986c0.0,71.246,57.963,129.209,129.209,129.209s129.209,-57.963,129.209,-129.209c0.0,-24.509,-6.896,-48.365,-19.945,-68.986c-11.345,-17.932,-26.876,-32.761,-45.206,-43.24V16.164h-23.861H219.114z"" style=""fill:#EDEEF0;"">
 </path>
 <path d=""M368.573,171.909c-11.345,-17.932,-26.876,-32.761,-45.206,-43.24V16.164h-23.861H259.309v353.941c71.246,0.0,129.209,-57.963,129.209,-129.209C388.519,216.386,381.622,192.531,368.573,171.909z"" style=""fill:#DCDEE2;"">
 </path>
 <path d=""M157.868,212.442c-2.573,9.198,-3.907,18.76,-3.907,28.453c0.0,58.089,47.259,105.347,105.347,105.347s105.347,-47.259,105.347,-105.347c0.0,-9.692,-1.333,-19.255,-3.907,-28.453H157.868z"" style=""fill:#F74D37;"">
 </path>
 <path d=""M360.751,212.442H259.309v133.8c58.089,0.0,105.347,-47.259,105.347,-105.347C364.656,231.203,363.325,221.64,360.751,212.442z"" style=""fill:#B03727;"">
 </path>
 <rect height=""25.11"" style=""fill:#D8D9DD;"" width=""127.88"" x=""195.489"" y=""35.473"">
 </rect>
 <rect height=""25.11"" style=""fill:#B7B9C0;"" width=""63.933"" x=""259.429"" y=""35.473"">
 </rect>
 <rect height=""38.512"" style=""fill:#EDEEF0;"" width=""162.09"" x=""178.179"" y=""4.233328308948627"">
 </rect>
 <rect height=""38.512"" style=""fill:#DCDEE2;"" width=""80.84"" x=""259.429"" y=""4.233328308948627"">
 </rect>
 <circle cx=""202.630"" cy=""279.723"" r=""13.39"" style=""fill:#FFFFFF;"">
 </circle>
 <circle cx=""313.139"" cy=""301.233"" r=""13.39"" style=""fill:#EDEEF0;"">
 </circle>
 <path d=""M130.101,240.896c0.0,7.329,0.623,14.516,1.801,21.516h254.815c1.179,-7.0,1.801,-14.187,1.801,-21.516c0.0,-4.36,-0.228,-8.697,-0.661,-13.0H130.76C130.329,232.199,130.101,236.536,130.101,240.896z"" style=""fill:#444242;"">
 </path>
 <g>
  <rect height=""271.08"" style=""fill:#3A3839;"" width=""23.01"" x=""247.800"" y=""245.153"">
  </rect>
  <polygon points=""89.338,495.311 67.136,489.255 132.629,249.195 155.870,251.434"" style=""fill:#3A3839;"">
  </polygon>
  <polygon points=""429.281,495.311 451.481,489.255 385.990,249.195 362.749,251.434"" style=""fill:#3A3839;"">
  </polygon>
  <path d=""M130.191,245.153c0.194,5.857,0.762,11.621,1.711,17.259h254.815c0.949,-5.638,1.518,-11.401,1.711,-17.259L130.191,245.153L130.191,245.153z"" style=""fill:#3A3839;"">
  </path>
 </g>
</svg>


Question: What is the object in the image primarily used for?",Cooking,experiments,Gardening,Construction,B,science
64,"Examine the following SVG code carefully and answer the question based on your interpretation of the rendered image.

<svg id=""Layer_1"" style=""enable-background:new 0 0 512 512;"" version=""1.1"" viewbox=""0 0 512 512"" x=""0px"" xml:space=""preserve"" y=""0px"">
 <circle cx=""260.073"" cy=""260.499"" r=""256"" style=""fill:#F2CF61;"">
 </circle>
 <path d=""M255.885,203.355V100.499h-80.0v102.856c-46.6,16.476,-80.0,60.912,-80.0,113.144c0.0,66.268,53.728,120.0,120.0,120.0s120.0,-53.732,120.0,-120.0C335.885,264.255,302.489,219.831,255.885,203.355z"" style=""fill:#F5F5F5;"">
 </path>
 <g>
  <circle cx=""224.073"" cy=""268.499"" r=""8"" style=""fill:#96E652;"">
  </circle>
  <circle cx=""204.073"" cy=""228.499"" r=""8"" style=""fill:#96E652;"">
  </circle>
  <circle cx=""224.073"" cy=""216.499"" r=""8"" style=""fill:#96E652;"">
  </circle>
  <circle cx=""204.073"" cy=""192.499"" r=""12"" style=""fill:#96E652;"">
  </circle>
 </g>
 <path d=""M271.885,88.499c0.0,4.416,-3.584,8.0,-8.0,8.0h-96.0c-4.416,0.0,-8.0,-3.584,-8.0,-8.0l0.0,0.0c0.0,-4.416,3.584,-8.0,8.0,-8.0h96.0C268.301,80.499,271.885,84.083,271.885,88.499L271.885,88.499z"" style=""fill:#F5F5F5;"">
 </path>
 <rect height=""4"" style=""fill:#CCCCCC;"" width=""80"" x=""175.885"" y=""96.499"">
 </rect>
 <path d=""M110.081,279.767c-3.996,11.508,-6.196,23.86,-6.196,36.732c0.0,61.856,50.144,112.0,112.0,112.0s112.0,-50.144,112.0,-112.0c0.0,-0.504,-0.032,-1.0,-0.04,-1.504C260.913,320.859,175.561,277.367,110.081,279.767z"" style=""fill:#96E652;"">
 </path>
 <g>
  <path d=""M387.885,482.271c5.452,-3.148,10.804,-6.448,16.0,-9.98V48.707c-5.196,-3.532,-10.548,-6.832,-16.0,-9.98V482.271z"" style=""fill:#E6E6E6;"">
  </path>
  <path d=""M415.885,140.499c0.0,8.8,-7.204,16.0,-16.0,16.0h-8.0c-8.8,0.0,-16.0,-7.2,-16.0,-16.0v-8.0c0.0,-8.8,7.2,-16.0,16.0,-16.0h8.0c8.796,0.0,16.0,7.2,16.0,16.0V140.499z"" style=""fill:#E6E6E6;"">
  </path>
 </g>
 <path d=""M399.885,116.499h-8.0c8.796,0.0,16.0,7.2,16.0,16.0v8.0c0.0,8.8,-7.204,16.0,-16.0,16.0h8.0c8.796,0.0,16.0,-7.2,16.0,-16.0v-8.0C415.885,123.699,408.681,116.499,399.885,116.499z"" style=""fill:#CCCCCC;"">
 </path>
 <g>
  <rect height=""8"" style=""fill:#E6E6E6;"" width=""112"" x=""263.885"" y=""132.499"">
  </rect>
  <path d=""M263.885,144.499c0.0,4.4,-3.6,8.0,-8.0,8.0h-80.0c-4.4,0.0,-8.0,-3.6,-8.0,-8.0v-16.0c0.0,-4.4,3.6,-8.0,8.0,-8.0h80.0c4.4,0.0,8.0,3.6,8.0,8.0V144.499z"" style=""fill:#E6E6E6;"">
  </path>
 </g>
 <path d=""M255.885,120.499h-12.0c4.4,0.0,8.0,3.6,8.0,8.0v16.0c0.0,4.4,-3.6,8.0,-8.0,8.0h12.0c4.4,0.0,8.0,-3.6,8.0,-8.0v-16.0C263.885,124.099,260.285,120.499,255.885,120.499z"" style=""fill:#CCCCCC;"">
 </path>
</svg>


Question: What is the primary color of the liquid inside the flask?",Red,Blue,Green,Yellow,C,science
65,"Examine the following SVG code carefully and answer the question based on your interpretation of the rendered image.

<svg id=""Layer_1"" style=""enable-background:new 0 0 512 512;"" version=""1.1"" viewbox=""0 0 512 512"" x=""0px"" xml:space=""preserve"" y=""0px"">
 <circle cx=""260.073"" cy=""260.499"" r=""256"" style=""fill:#F2CF61;"">
 </circle>
 <path d=""M255.885,203.355V100.499h-80.0v102.856c-46.6,16.476,-80.0,60.912,-80.0,113.144c0.0,66.268,53.728,120.0,120.0,120.0s120.0,-53.732,120.0,-120.0C335.885,264.255,302.489,219.831,255.885,203.355z"" style=""fill:#F5F5F5;"">
 </path>
 <g>
  <circle cx=""224.073"" cy=""268.499"" r=""8"" style=""fill:#96E652;"">
  </circle>
  <circle cx=""204.073"" cy=""228.499"" r=""8"" style=""fill:#96E652;"">
  </circle>
  <circle cx=""224.073"" cy=""216.499"" r=""8"" style=""fill:#96E652;"">
  </circle>
  <circle cx=""204.073"" cy=""192.499"" r=""12"" style=""fill:#96E652;"">
  </circle>
 </g>
 <path d=""M271.885,88.499c0.0,4.416,-3.584,8.0,-8.0,8.0h-96.0c-4.416,0.0,-8.0,-3.584,-8.0,-8.0l0.0,0.0c0.0,-4.416,3.584,-8.0,8.0,-8.0h96.0C268.301,80.499,271.885,84.083,271.885,88.499L271.885,88.499z"" style=""fill:#F5F5F5;"">
 </path>
 <rect height=""4"" style=""fill:#CCCCCC;"" width=""80"" x=""175.885"" y=""96.499"">
 </rect>
 <path d=""M110.081,279.767c-3.996,11.508,-6.196,23.86,-6.196,36.732c0.0,61.856,50.144,112.0,112.0,112.0s112.0,-50.144,112.0,-112.0c0.0,-0.504,-0.032,-1.0,-0.04,-1.504C260.913,320.859,175.561,277.367,110.081,279.767z"" style=""fill:#96E652;"">
 </path>
 <g>
  <path d=""M387.885,482.271c5.452,-3.148,10.804,-6.448,16.0,-9.98V48.707c-5.196,-3.532,-10.548,-6.832,-16.0,-9.98V482.271z"" style=""fill:#E6E6E6;"">
  </path>
  <path d=""M415.885,140.499c0.0,8.8,-7.204,16.0,-16.0,16.0h-8.0c-8.8,0.0,-16.0,-7.2,-16.0,-16.0v-8.0c0.0,-8.8,7.2,-16.0,16.0,-16.0h8.0c8.796,0.0,16.0,7.2,16.0,16.0V140.499z"" style=""fill:#E6E6E6;"">
  </path>
 </g>
 <path d=""M399.885,116.499h-8.0c8.796,0.0,16.0,7.2,16.0,16.0v8.0c0.0,8.8,-7.204,16.0,-16.0,16.0h8.0c8.796,0.0,16.0,-7.2,16.0,-16.0v-8.0C415.885,123.699,408.681,116.499,399.885,116.499z"" style=""fill:#CCCCCC;"">
 </path>
 <g>
  <rect height=""8"" style=""fill:#E6E6E6;"" width=""112"" x=""263.885"" y=""132.499"">
  </rect>
  <path d=""M263.885,144.499c0.0,4.4,-3.6,8.0,-8.0,8.0h-80.0c-4.4,0.0,-8.0,-3.6,-8.0,-8.0v-16.0c0.0,-4.4,3.6,-8.0,8.0,-8.0h80.0c4.4,0.0,8.0,3.6,8.0,8.0V144.499z"" style=""fill:#E6E6E6;"">
  </path>
 </g>
 <path d=""M255.885,120.499h-12.0c4.4,0.0,8.0,3.6,8.0,8.0v16.0c0.0,4.4,-3.6,8.0,-8.0,8.0h12.0c4.4,0.0,8.0,-3.6,8.0,-8.0v-16.0C263.885,124.099,260.285,120.499,255.885,120.499z"" style=""fill:#CCCCCC;"">
 </path>
</svg>


Question: What shape is the flask in the image?",Square,Circular,Triangular,Hexagonal,B,science
66,"Examine the following SVG code carefully and answer the question based on your interpretation of the rendered image.

<svg id=""Layer_1"" style=""enable-background:new 0 0 512 512;"" version=""1.1"" viewbox=""0 0 512 512"" x=""0px"" xml:space=""preserve"" y=""0px"">
 <circle cx=""260.073"" cy=""260.499"" r=""256"" style=""fill:#F2CF61;"">
 </circle>
 <path d=""M255.885,203.355V100.499h-80.0v102.856c-46.6,16.476,-80.0,60.912,-80.0,113.144c0.0,66.268,53.728,120.0,120.0,120.0s120.0,-53.732,120.0,-120.0C335.885,264.255,302.489,219.831,255.885,203.355z"" style=""fill:#F5F5F5;"">
 </path>
 <g>
  <circle cx=""224.073"" cy=""268.499"" r=""8"" style=""fill:#96E652;"">
  </circle>
  <circle cx=""204.073"" cy=""228.499"" r=""8"" style=""fill:#96E652;"">
  </circle>
  <circle cx=""224.073"" cy=""216.499"" r=""8"" style=""fill:#96E652;"">
  </circle>
  <circle cx=""204.073"" cy=""192.499"" r=""12"" style=""fill:#96E652;"">
  </circle>
 </g>
 <path d=""M271.885,88.499c0.0,4.416,-3.584,8.0,-8.0,8.0h-96.0c-4.416,0.0,-8.0,-3.584,-8.0,-8.0l0.0,0.0c0.0,-4.416,3.584,-8.0,8.0,-8.0h96.0C268.301,80.499,271.885,84.083,271.885,88.499L271.885,88.499z"" style=""fill:#F5F5F5;"">
 </path>
 <rect height=""4"" style=""fill:#CCCCCC;"" width=""80"" x=""175.885"" y=""96.499"">
 </rect>
 <path d=""M110.081,279.767c-3.996,11.508,-6.196,23.86,-6.196,36.732c0.0,61.856,50.144,112.0,112.0,112.0s112.0,-50.144,112.0,-112.0c0.0,-0.504,-0.032,-1.0,-0.04,-1.504C260.913,320.859,175.561,277.367,110.081,279.767z"" style=""fill:#96E652;"">
 </path>
 <g>
  <path d=""M387.885,482.271c5.452,-3.148,10.804,-6.448,16.0,-9.98V48.707c-5.196,-3.532,-10.548,-6.832,-16.0,-9.98V482.271z"" style=""fill:#E6E6E6;"">
  </path>
  <path d=""M415.885,140.499c0.0,8.8,-7.204,16.0,-16.0,16.0h-8.0c-8.8,0.0,-16.0,-7.2,-16.0,-16.0v-8.0c0.0,-8.8,7.2,-16.0,16.0,-16.0h8.0c8.796,0.0,16.0,7.2,16.0,16.0V140.499z"" style=""fill:#E6E6E6;"">
  </path>
 </g>
 <path d=""M399.885,116.499h-8.0c8.796,0.0,16.0,7.2,16.0,16.0v8.0c0.0,8.8,-7.204,16.0,-16.0,16.0h8.0c8.796,0.0,16.0,-7.2,16.0,-16.0v-8.0C415.885,123.699,408.681,116.499,399.885,116.499z"" style=""fill:#CCCCCC;"">
 </path>
 <g>
  <rect height=""8"" style=""fill:#E6E6E6;"" width=""112"" x=""263.885"" y=""132.499"">
  </rect>
  <path d=""M263.885,144.499c0.0,4.4,-3.6,8.0,-8.0,8.0h-80.0c-4.4,0.0,-8.0,-3.6,-8.0,-8.0v-16.0c0.0,-4.4,3.6,-8.0,8.0,-8.0h80.0c4.4,0.0,8.0,3.6,8.0,8.0V144.499z"" style=""fill:#E6E6E6;"">
  </path>
 </g>
 <path d=""M255.885,120.499h-12.0c4.4,0.0,8.0,3.6,8.0,8.0v16.0c0.0,4.4,-3.6,8.0,-8.0,8.0h12.0c4.4,0.0,8.0,-3.6,8.0,-8.0v-16.0C263.885,124.099,260.285,120.499,255.885,120.499z"" style=""fill:#CCCCCC;"">
 </path>
</svg>


Question: How many bubbles are visible inside the flask?",One,Two,Three,Four,D,science
67,"Examine the following SVG code carefully and answer the question based on your interpretation of the rendered image.

<svg id=""Layer_1"" style=""enable-background:new 0 0 512 512;"" version=""1.1"" viewbox=""0 0 512 512"" x=""0px"" xml:space=""preserve"" y=""0px"">
 <circle cx=""260.073"" cy=""260.499"" r=""256"" style=""fill:#F2CF61;"">
 </circle>
 <path d=""M255.885,203.355V100.499h-80.0v102.856c-46.6,16.476,-80.0,60.912,-80.0,113.144c0.0,66.268,53.728,120.0,120.0,120.0s120.0,-53.732,120.0,-120.0C335.885,264.255,302.489,219.831,255.885,203.355z"" style=""fill:#F5F5F5;"">
 </path>
 <g>
  <circle cx=""224.073"" cy=""268.499"" r=""8"" style=""fill:#96E652;"">
  </circle>
  <circle cx=""204.073"" cy=""228.499"" r=""8"" style=""fill:#96E652;"">
  </circle>
  <circle cx=""224.073"" cy=""216.499"" r=""8"" style=""fill:#96E652;"">
  </circle>
  <circle cx=""204.073"" cy=""192.499"" r=""12"" style=""fill:#96E652;"">
  </circle>
 </g>
 <path d=""M271.885,88.499c0.0,4.416,-3.584,8.0,-8.0,8.0h-96.0c-4.416,0.0,-8.0,-3.584,-8.0,-8.0l0.0,0.0c0.0,-4.416,3.584,-8.0,8.0,-8.0h96.0C268.301,80.499,271.885,84.083,271.885,88.499L271.885,88.499z"" style=""fill:#F5F5F5;"">
 </path>
 <rect height=""4"" style=""fill:#CCCCCC;"" width=""80"" x=""175.885"" y=""96.499"">
 </rect>
 <path d=""M110.081,279.767c-3.996,11.508,-6.196,23.86,-6.196,36.732c0.0,61.856,50.144,112.0,112.0,112.0s112.0,-50.144,112.0,-112.0c0.0,-0.504,-0.032,-1.0,-0.04,-1.504C260.913,320.859,175.561,277.367,110.081,279.767z"" style=""fill:#96E652;"">
 </path>
 <g>
  <path d=""M387.885,482.271c5.452,-3.148,10.804,-6.448,16.0,-9.98V48.707c-5.196,-3.532,-10.548,-6.832,-16.0,-9.98V482.271z"" style=""fill:#E6E6E6;"">
  </path>
  <path d=""M415.885,140.499c0.0,8.8,-7.204,16.0,-16.0,16.0h-8.0c-8.8,0.0,-16.0,-7.2,-16.0,-16.0v-8.0c0.0,-8.8,7.2,-16.0,16.0,-16.0h8.0c8.796,0.0,16.0,7.2,16.0,16.0V140.499z"" style=""fill:#E6E6E6;"">
  </path>
 </g>
 <path d=""M399.885,116.499h-8.0c8.796,0.0,16.0,7.2,16.0,16.0v8.0c0.0,8.8,-7.204,16.0,-16.0,16.0h8.0c8.796,0.0,16.0,-7.2,16.0,-16.0v-8.0C415.885,123.699,408.681,116.499,399.885,116.499z"" style=""fill:#CCCCCC;"">
 </path>
 <g>
  <rect height=""8"" style=""fill:#E6E6E6;"" width=""112"" x=""263.885"" y=""132.499"">
  </rect>
  <path d=""M263.885,144.499c0.0,4.4,-3.6,8.0,-8.0,8.0h-80.0c-4.4,0.0,-8.0,-3.6,-8.0,-8.0v-16.0c0.0,-4.4,3.6,-8.0,8.0,-8.0h80.0c4.4,0.0,8.0,3.6,8.0,8.0V144.499z"" style=""fill:#E6E6E6;"">
  </path>
 </g>
 <path d=""M255.885,120.499h-12.0c4.4,0.0,8.0,3.6,8.0,8.0v16.0c0.0,4.4,-3.6,8.0,-8.0,8.0h12.0c4.4,0.0,8.0,-3.6,8.0,-8.0v-16.0C263.885,124.099,260.285,120.499,255.885,120.499z"" style=""fill:#CCCCCC;"">
 </path>
</svg>


Question: What type of object is depicted in the image?",Beaker,Flask,tube,Pipette,B,science
80,"Examine the following SVG code carefully and answer the question based on your interpretation of the rendered image.

<svg height=""512"" id=""Capa_1"" style=""enable-background:new 0 0 462.5 462.5;"" version=""1.1"" viewbox=""0 0 462.5 462.5"" width=""512"" x=""0px"" xml:space=""preserve"" y=""0px"">
 <g>
  <path d=""M196.806,207.104V10.424h-110.0v196.68c-47.14,21.06,-80.0,68.35,-80.0,123.32c0.0,74.56,60.44,135.0,135.0,135.0c19.8,0.0,38.6,-4.26,55.54,-11.92l60.65,-191.82C243.796,237.734,222.416,218.544,196.806,207.104z"" style=""fill:#C1E8E6;"">
  </path>
  <path d=""M243.176,303.114l-40.31,112.68c-17.22,12.35,-38.3,19.63,-61.06,19.63c-57.9,0.0,-105.0,-47.1,-105.0,-105.0c0.0,-9.36,1.25,-18.53,3.63,-27.31H243.176z"" style=""fill:#6DA8D6;"">
  </path>
  <path d=""M199.306,17.924h-115.0c-4.143,0.0,-7.5,-3.358,-7.5,-7.5s3.357,-7.5,7.5,-7.5h115.0c4.143,0.0,7.5,3.358,7.5,7.5S203.449,17.924,199.306,17.924z"" style=""fill:#98D9D5;"">
  </path>
  <path d=""M459.896,432.724l-83.8,-234.24V100.424h-95.49v98.06l-83.8,234.24c-2.82,7.88,-2.41,15.12,0.54,20.78c3.77,7.27,11.75,11.92,22.49,11.92h217.03C455.966,465.424,466.326,450.714,459.896,432.724z"" style=""fill:#F2EBD9;"">
  </path>
  <polygon points=""370.936,273.114 428.996,435.424 227.706,435.424 285.766,273.114"" style=""fill:#FFCC75;"">
  </polygon>
  <path d=""M378.599,107.924H278.105c-4.143,0.0,-7.5,-3.358,-7.5,-7.5s3.357,-7.5,7.5,-7.5h100.494c4.143,0.0,7.5,3.358,7.5,7.5S382.742,107.924,378.599,107.924z"" style=""fill:#FFCC75;"">
  </path>
 </g>
</svg>


Question: What is the shape of the object on the left?",Square,Circle,Triangle,Flask,D,science
81,"Examine the following SVG code carefully and answer the question based on your interpretation of the rendered image.

<svg height=""512"" id=""Capa_1"" style=""enable-background:new 0 0 462.5 462.5;"" version=""1.1"" viewbox=""0 0 462.5 462.5"" width=""512"" x=""0px"" xml:space=""preserve"" y=""0px"">
 <g>
  <path d=""M196.806,207.104V10.424h-110.0v196.68c-47.14,21.06,-80.0,68.35,-80.0,123.32c0.0,74.56,60.44,135.0,135.0,135.0c19.8,0.0,38.6,-4.26,55.54,-11.92l60.65,-191.82C243.796,237.734,222.416,218.544,196.806,207.104z"" style=""fill:#C1E8E6;"">
  </path>
  <path d=""M243.176,303.114l-40.31,112.68c-17.22,12.35,-38.3,19.63,-61.06,19.63c-57.9,0.0,-105.0,-47.1,-105.0,-105.0c0.0,-9.36,1.25,-18.53,3.63,-27.31H243.176z"" style=""fill:#6DA8D6;"">
  </path>
  <path d=""M199.306,17.924h-115.0c-4.143,0.0,-7.5,-3.358,-7.5,-7.5s3.357,-7.5,7.5,-7.5h115.0c4.143,0.0,7.5,3.358,7.5,7.5S203.449,17.924,199.306,17.924z"" style=""fill:#98D9D5;"">
  </path>
  <path d=""M459.896,432.724l-83.8,-234.24V100.424h-95.49v98.06l-83.8,234.24c-2.82,7.88,-2.41,15.12,0.54,20.78c3.77,7.27,11.75,11.92,22.49,11.92h217.03C455.966,465.424,466.326,450.714,459.896,432.724z"" style=""fill:#F2EBD9;"">
  </path>
  <polygon points=""370.936,273.114 428.996,435.424 227.706,435.424 285.766,273.114"" style=""fill:#FFCC75;"">
  </polygon>
  <path d=""M378.599,107.924H278.105c-4.143,0.0,-7.5,-3.358,-7.5,-7.5s3.357,-7.5,7.5,-7.5h100.494c4.143,0.0,7.5,3.358,7.5,7.5S382.742,107.924,378.599,107.924z"" style=""fill:#FFCC75;"">
  </path>
 </g>
</svg>


Question: What is the color of the liquid in the left flask?",Red,Blue,Yellow,Green,B,science
82,"Examine the following SVG code carefully and answer the question based on your interpretation of the rendered image.

<svg height=""512"" id=""Capa_1"" style=""enable-background:new 0 0 462.5 462.5;"" version=""1.1"" viewbox=""0 0 462.5 462.5"" width=""512"" x=""0px"" xml:space=""preserve"" y=""0px"">
 <g>
  <path d=""M196.806,207.104V10.424h-110.0v196.68c-47.14,21.06,-80.0,68.35,-80.0,123.32c0.0,74.56,60.44,135.0,135.0,135.0c19.8,0.0,38.6,-4.26,55.54,-11.92l60.65,-191.82C243.796,237.734,222.416,218.544,196.806,207.104z"" style=""fill:#C1E8E6;"">
  </path>
  <path d=""M243.176,303.114l-40.31,112.68c-17.22,12.35,-38.3,19.63,-61.06,19.63c-57.9,0.0,-105.0,-47.1,-105.0,-105.0c0.0,-9.36,1.25,-18.53,3.63,-27.31H243.176z"" style=""fill:#6DA8D6;"">
  </path>
  <path d=""M199.306,17.924h-115.0c-4.143,0.0,-7.5,-3.358,-7.5,-7.5s3.357,-7.5,7.5,-7.5h115.0c4.143,0.0,7.5,3.358,7.5,7.5S203.449,17.924,199.306,17.924z"" style=""fill:#98D9D5;"">
  </path>
  <path d=""M459.896,432.724l-83.8,-234.24V100.424h-95.49v98.06l-83.8,234.24c-2.82,7.88,-2.41,15.12,0.54,20.78c3.77,7.27,11.75,11.92,22.49,11.92h217.03C455.966,465.424,466.326,450.714,459.896,432.724z"" style=""fill:#F2EBD9;"">
  </path>
  <polygon points=""370.936,273.114 428.996,435.424 227.706,435.424 285.766,273.114"" style=""fill:#FFCC75;"">
  </polygon>
  <path d=""M378.599,107.924H278.105c-4.143,0.0,-7.5,-3.358,-7.5,-7.5s3.357,-7.5,7.5,-7.5h100.494c4.143,0.0,7.5,3.358,7.5,7.5S382.742,107.924,378.599,107.924z"" style=""fill:#FFCC75;"">
  </path>
 </g>
</svg>


Question: What is the color of the liquid in the right flask?",Red,Blue,Orange,Yellow,D,science
83,"Examine the following SVG code carefully and answer the question based on your interpretation of the rendered image.

<svg height=""512"" id=""Capa_1"" style=""enable-background:new 0 0 462.5 462.5;"" version=""1.1"" viewbox=""0 0 462.5 462.5"" width=""512"" x=""0px"" xml:space=""preserve"" y=""0px"">
 <g>
  <path d=""M196.806,207.104V10.424h-110.0v196.68c-47.14,21.06,-80.0,68.35,-80.0,123.32c0.0,74.56,60.44,135.0,135.0,135.0c19.8,0.0,38.6,-4.26,55.54,-11.92l60.65,-191.82C243.796,237.734,222.416,218.544,196.806,207.104z"" style=""fill:#C1E8E6;"">
  </path>
  <path d=""M243.176,303.114l-40.31,112.68c-17.22,12.35,-38.3,19.63,-61.06,19.63c-57.9,0.0,-105.0,-47.1,-105.0,-105.0c0.0,-9.36,1.25,-18.53,3.63,-27.31H243.176z"" style=""fill:#6DA8D6;"">
  </path>
  <path d=""M199.306,17.924h-115.0c-4.143,0.0,-7.5,-3.358,-7.5,-7.5s3.357,-7.5,7.5,-7.5h115.0c4.143,0.0,7.5,3.358,7.5,7.5S203.449,17.924,199.306,17.924z"" style=""fill:#98D9D5;"">
  </path>
  <path d=""M459.896,432.724l-83.8,-234.24V100.424h-95.49v98.06l-83.8,234.24c-2.82,7.88,-2.41,15.12,0.54,20.78c3.77,7.27,11.75,11.92,22.49,11.92h217.03C455.966,465.424,466.326,450.714,459.896,432.724z"" style=""fill:#F2EBD9;"">
  </path>
  <polygon points=""370.936,273.114 428.996,435.424 227.706,435.424 285.766,273.114"" style=""fill:#FFCC75;"">
  </polygon>
  <path d=""M378.599,107.924H278.105c-4.143,0.0,-7.5,-3.358,-7.5,-7.5s3.357,-7.5,7.5,-7.5h100.494c4.143,0.0,7.5,3.358,7.5,7.5S382.742,107.924,378.599,107.924z"" style=""fill:#FFCC75;"">
  </path>
 </g>
</svg>


Question: What type of objects are shown in the image?",Books,Flasks,Computers,Cars,B,science
96,"Examine the following SVG code carefully and answer the question based on your interpretation of the rendered image.

<svg id=""Layer_1"" style=""enable-background:new 0 0 512 512;"" version=""1.1"" viewbox=""0 0 512 512"" x=""0px"" xml:space=""preserve"" y=""0px"">
 <path d=""M68.082,152.773l192.019,204.059L452.127,152.773H68.082zM117.458,174.11h285.294L260.101,325.707L117.458,174.11z"" style=""fill:#434A54;"">
 </path>
 <path d=""M78.77,238.119c41.235,0.0,74.674,-33.431,74.674,-74.673c0.0,-41.235,-33.438,-74.666,-74.674,-74.666C37.52,88.78,4.097,122.211,4.097,163.446C4.097,204.688,37.52,238.119,78.77,238.119z"" style=""fill:#DA4453;"">
 </path>
 <path d=""M78.77,142.117c-17.656,0.0,-32.0,14.329,-32.0,32.001c0.0,5.891,4.781,10.664,10.688,10.664c5.875,0.0,10.656,-4.773,10.656,-10.664c0.0,-5.883,4.781,-10.672,10.656,-10.672c5.907,0.0,10.688,-4.773,10.688,-10.665C89.458,146.891,84.677,142.117,78.77,142.117z"" style=""fill:#ED5565;"">
 </path>
 <g>
  <path d=""M355.595,334.129c0.0,-53.018,-43.001,-96.01,-96.025,-96.01c-53.017,0.0,-96.017,42.992,-96.017,96.01c0.0,53.016,43.0,96.001,96.017,96.001C312.594,430.13,355.595,387.144,355.595,334.129z"" style=""fill:#DA4453;"">
  </path>
  <path d=""M441.44,238.119c41.251,0.0,74.657,-33.431,74.657,-74.673c0.0,-41.235,-33.406,-74.666,-74.657,-74.666c-41.25,0.0,-74.688,33.431,-74.688,74.666C366.751,204.688,400.19,238.119,441.44,238.119z"" style=""fill:#DA4453;"">
  </path>
 </g>
 <g>
  <path d=""M441.44,131.445c-17.688,0.0,-32.0,14.328,-32.0,32.001c0.0,5.891,4.781,10.672,10.656,10.672c5.906,0.0,10.688,-4.781,10.688,-10.672c0.0,-5.883,4.781,-10.665,10.656,-10.665s10.656,-4.773,10.656,-10.664C452.096,136.219,447.315,131.445,441.44,131.445z"" style=""fill:#ED5565;"">
  </path>
  <path d=""M259.57,280.799c-29.453,0.0,-53.329,23.876,-53.329,53.33c0.0,5.891,4.767,10.672,10.657,10.672s10.672,-4.781,10.672,-10.672c0.0,-17.642,14.359,-32.001,32.0,-32.001c5.891,0.0,10.681,-4.781,10.681,-10.672C270.25,285.564,265.46,280.799,259.57,280.799z"" style=""fill:#ED5565;"">
  </path>
 </g>
</svg>


Question: How many red circles are present in the image?",1,2,4,3,D,science
97,"Examine the following SVG code carefully and answer the question based on your interpretation of the rendered image.

<svg id=""Layer_1"" style=""enable-background:new 0 0 512 512;"" version=""1.1"" viewbox=""0 0 512 512"" x=""0px"" xml:space=""preserve"" y=""0px"">
 <path d=""M68.082,152.773l192.019,204.059L452.127,152.773H68.082zM117.458,174.11h285.294L260.101,325.707L117.458,174.11z"" style=""fill:#434A54;"">
 </path>
 <path d=""M78.77,238.119c41.235,0.0,74.674,-33.431,74.674,-74.673c0.0,-41.235,-33.438,-74.666,-74.674,-74.666C37.52,88.78,4.097,122.211,4.097,163.446C4.097,204.688,37.52,238.119,78.77,238.119z"" style=""fill:#DA4453;"">
 </path>
 <path d=""M78.77,142.117c-17.656,0.0,-32.0,14.329,-32.0,32.001c0.0,5.891,4.781,10.664,10.688,10.664c5.875,0.0,10.656,-4.773,10.656,-10.664c0.0,-5.883,4.781,-10.672,10.656,-10.672c5.907,0.0,10.688,-4.773,10.688,-10.665C89.458,146.891,84.677,142.117,78.77,142.117z"" style=""fill:#ED5565;"">
 </path>
 <g>
  <path d=""M355.595,334.129c0.0,-53.018,-43.001,-96.01,-96.025,-96.01c-53.017,0.0,-96.017,42.992,-96.017,96.01c0.0,53.016,43.0,96.001,96.017,96.001C312.594,430.13,355.595,387.144,355.595,334.129z"" style=""fill:#DA4453;"">
  </path>
  <path d=""M441.44,238.119c41.251,0.0,74.657,-33.431,74.657,-74.673c0.0,-41.235,-33.406,-74.666,-74.657,-74.666c-41.25,0.0,-74.688,33.431,-74.688,74.666C366.751,204.688,400.19,238.119,441.44,238.119z"" style=""fill:#DA4453;"">
  </path>
 </g>
 <g>
  <path d=""M441.44,131.445c-17.688,0.0,-32.0,14.328,-32.0,32.001c0.0,5.891,4.781,10.672,10.656,10.672c5.906,0.0,10.688,-4.781,10.688,-10.672c0.0,-5.883,4.781,-10.665,10.656,-10.665s10.656,-4.773,10.656,-10.664C452.096,136.219,447.315,131.445,441.44,131.445z"" style=""fill:#ED5565;"">
  </path>
  <path d=""M259.57,280.799c-29.453,0.0,-53.329,23.876,-53.329,53.33c0.0,5.891,4.767,10.672,10.657,10.672s10.672,-4.781,10.672,-10.672c0.0,-17.642,14.359,-32.001,32.0,-32.001c5.891,0.0,10.681,-4.781,10.681,-10.672C270.25,285.564,265.46,280.799,259.57,280.799z"" style=""fill:#ED5565;"">
  </path>
 </g>
</svg>


Question: What shape is formed by the black lines connecting the red circles?",Triangle,Square,Pentagon,Hexagon,A,science
98,"Examine the following SVG code carefully and answer the question based on your interpretation of the rendered image.

<svg id=""Layer_1"" style=""enable-background:new 0 0 512 512;"" version=""1.1"" viewbox=""0 0 512 512"" x=""0px"" xml:space=""preserve"" y=""0px"">
 <path d=""M68.082,152.773l192.019,204.059L452.127,152.773H68.082zM117.458,174.11h285.294L260.101,325.707L117.458,174.11z"" style=""fill:#434A54;"">
 </path>
 <path d=""M78.77,238.119c41.235,0.0,74.674,-33.431,74.674,-74.673c0.0,-41.235,-33.438,-74.666,-74.674,-74.666C37.52,88.78,4.097,122.211,4.097,163.446C4.097,204.688,37.52,238.119,78.77,238.119z"" style=""fill:#DA4453;"">
 </path>
 <path d=""M78.77,142.117c-17.656,0.0,-32.0,14.329,-32.0,32.001c0.0,5.891,4.781,10.664,10.688,10.664c5.875,0.0,10.656,-4.773,10.656,-10.664c0.0,-5.883,4.781,-10.672,10.656,-10.672c5.907,0.0,10.688,-4.773,10.688,-10.665C89.458,146.891,84.677,142.117,78.77,142.117z"" style=""fill:#ED5565;"">
 </path>
 <g>
  <path d=""M355.595,334.129c0.0,-53.018,-43.001,-96.01,-96.025,-96.01c-53.017,0.0,-96.017,42.992,-96.017,96.01c0.0,53.016,43.0,96.001,96.017,96.001C312.594,430.13,355.595,387.144,355.595,334.129z"" style=""fill:#DA4453;"">
  </path>
  <path d=""M441.44,238.119c41.251,0.0,74.657,-33.431,74.657,-74.673c0.0,-41.235,-33.406,-74.666,-74.657,-74.666c-41.25,0.0,-74.688,33.431,-74.688,74.666C366.751,204.688,400.19,238.119,441.44,238.119z"" style=""fill:#DA4453;"">
  </path>
 </g>
 <g>
  <path d=""M441.44,131.445c-17.688,0.0,-32.0,14.328,-32.0,32.001c0.0,5.891,4.781,10.672,10.656,10.672c5.906,0.0,10.688,-4.781,10.688,-10.672c0.0,-5.883,4.781,-10.665,10.656,-10.665s10.656,-4.773,10.656,-10.664C452.096,136.219,447.315,131.445,441.44,131.445z"" style=""fill:#ED5565;"">
  </path>
  <path d=""M259.57,280.799c-29.453,0.0,-53.329,23.876,-53.329,53.33c0.0,5.891,4.767,10.672,10.657,10.672s10.672,-4.781,10.672,-10.672c0.0,-17.642,14.359,-32.001,32.0,-32.001c5.891,0.0,10.681,-4.781,10.681,-10.672C270.25,285.564,265.46,280.799,259.57,280.799z"" style=""fill:#ED5565;"">
  </path>
 </g>
</svg>


Question: What is the color of the lines connecting the circles?",Red,Blue,Black,Green,C,science
99,"Examine the following SVG code carefully and answer the question based on your interpretation of the rendered image.

<svg id=""Layer_1"" style=""enable-background:new 0 0 512 512;"" version=""1.1"" viewbox=""0 0 512 512"" x=""0px"" xml:space=""preserve"" y=""0px"">
 <path d=""M68.082,152.773l192.019,204.059L452.127,152.773H68.082zM117.458,174.11h285.294L260.101,325.707L117.458,174.11z"" style=""fill:#434A54;"">
 </path>
 <path d=""M78.77,238.119c41.235,0.0,74.674,-33.431,74.674,-74.673c0.0,-41.235,-33.438,-74.666,-74.674,-74.666C37.52,88.78,4.097,122.211,4.097,163.446C4.097,204.688,37.52,238.119,78.77,238.119z"" style=""fill:#DA4453;"">
 </path>
 <path d=""M78.77,142.117c-17.656,0.0,-32.0,14.329,-32.0,32.001c0.0,5.891,4.781,10.664,10.688,10.664c5.875,0.0,10.656,-4.773,10.656,-10.664c0.0,-5.883,4.781,-10.672,10.656,-10.672c5.907,0.0,10.688,-4.773,10.688,-10.665C89.458,146.891,84.677,142.117,78.77,142.117z"" style=""fill:#ED5565;"">
 </path>
 <g>
  <path d=""M355.595,334.129c0.0,-53.018,-43.001,-96.01,-96.025,-96.01c-53.017,0.0,-96.017,42.992,-96.017,96.01c0.0,53.016,43.0,96.001,96.017,96.001C312.594,430.13,355.595,387.144,355.595,334.129z"" style=""fill:#DA4453;"">
  </path>
  <path d=""M441.44,238.119c41.251,0.0,74.657,-33.431,74.657,-74.673c0.0,-41.235,-33.406,-74.666,-74.657,-74.666c-41.25,0.0,-74.688,33.431,-74.688,74.666C366.751,204.688,400.19,238.119,441.44,238.119z"" style=""fill:#DA4453;"">
  </path>
 </g>
 <g>
  <path d=""M441.44,131.445c-17.688,0.0,-32.0,14.328,-32.0,32.001c0.0,5.891,4.781,10.672,10.656,10.672c5.906,0.0,10.688,-4.781,10.688,-10.672c0.0,-5.883,4.781,-10.665,10.656,-10.665s10.656,-4.773,10.656,-10.664C452.096,136.219,447.315,131.445,441.44,131.445z"" style=""fill:#ED5565;"">
  </path>
  <path d=""M259.57,280.799c-29.453,0.0,-53.329,23.876,-53.329,53.33c0.0,5.891,4.767,10.672,10.657,10.672s10.672,-4.781,10.672,-10.672c0.0,-17.642,14.359,-32.001,32.0,-32.001c5.891,0.0,10.681,-4.781,10.681,-10.672C270.25,285.564,265.46,280.799,259.57,280.799z"" style=""fill:#ED5565;"">
  </path>
 </g>
</svg>


Question: What does the image represent?",molecule,house,tree,car,A,science
104,"Examine the following SVG code carefully and answer the question based on your interpretation of the rendered image.

<svg id=""Layer_1"" style=""enable-background:new 0 0 512 512;"" version=""1.1"" viewbox=""0 0 512 512"" x=""0px"" xml:space=""preserve"" y=""0px"">
 <rect height=""64"" style=""fill:#434A54;"" width=""179.81"" x=""144.342"" y=""50.970"">
 </rect>
 <polygon points=""325.996,220.892 280.746,266.142 120.214,105.595 165.464,60.345"" style=""fill:#656D78;"">
 </polygon>
 <g>
  <path d=""M165.464,60.345c12.5,12.5,12.5,32.75,0.0,45.25s-32.75,12.5,-45.25,0.0s-12.5,-32.75,0.0,-45.25S152.964,47.845,165.464,60.345z"" style=""fill:#CCD1D9;"">
  </path>
  <path d=""M366.84,285.626c0.0,58.922,-47.781,106.688,-106.688,106.688s-106.656,-47.766,-106.656,-106.688C153.496,226.72,201.246,178.97,260.152,178.97S366.84,226.72,366.84,285.626z"" style=""fill:#CCD1D9;"">
  </path>
 </g>
 <g>
  <path d=""M516.152,392.314c0.0,11.781,-9.531,21.312,-21.312,21.312H25.496C13.714,413.626,4.152,404.095,4.152,392.314V306.97c0.0,-11.781,9.562,-21.344,21.344,-21.344h469.344c11.781,0.0,21.312,9.562,21.312,21.344V392.314z"" style=""fill:#E6E9ED;"">
  </path>
  <rect height=""87.66"" style=""fill:#E6E9ED;"" width=""287.91"" x=""111.432"" y=""370.970"">
  </rect>
 </g>
 <g>
  <path d=""M89.496,466.97C60.09,466.97,36.152,443.048,36.152,413.626c0.0,-29.406,23.938,-53.312,53.344,-53.312s53.344,23.906,53.344,53.312C142.84,443.048,118.902,466.97,89.496,466.97z"" style=""fill:#CCD1D9;"">
  </path>
  <path d=""M430.84,466.97c-29.406,0.0,-53.344,-23.922,-53.344,-53.344c0.0,-29.406,23.938,-53.312,53.344,-53.312S484.152,384.22,484.152,413.626C484.152,443.048,460.246,466.97,430.84,466.97z"" style=""fill:#CCD1D9;"">
  </path>
  <path d=""M260.152,466.97c-29.406,0.0,-53.312,-23.922,-53.312,-53.344c0.0,-29.406,23.906,-53.312,53.312,-53.312s53.344,23.906,53.344,53.312C313.496,443.048,289.558,466.97,260.152,466.97z"" style=""fill:#CCD1D9;"">
  </path>
 </g>
 <g>
  <path d=""M89.496,402.97c-5.875,0.0,-10.656,4.781,-10.656,10.656c0.0,5.906,4.781,10.688,10.656,10.688c5.906,0.0,10.656,-4.781,10.656,-10.688C100.152,407.751,95.402,402.97,89.496,402.97z"" style=""fill:#434A54;"">
  </path>
  <path d=""M430.84,402.97c-5.906,0.0,-10.688,4.781,-10.688,10.656c0.0,5.906,4.781,10.688,10.688,10.688c5.875,0.0,10.656,-4.781,10.656,-10.688C441.496,407.751,436.714,402.97,430.84,402.97z"" style=""fill:#434A54;"">
  </path>
  <path d=""M260.152,402.97c-5.875,0.0,-10.656,4.781,-10.656,10.656c0.0,5.906,4.781,10.688,10.656,10.688c5.906,0.0,10.688,-4.781,10.688,-10.688C270.84,407.751,266.058,402.97,260.152,402.97z"" style=""fill:#434A54;"">
  </path>
  <path d=""M430.84,349.626H89.496c-35.344,0.0,-64.0,28.656,-64.0,64.0c0.0,35.359,28.656,64.0,64.0,64.0h341.344c35.344,0.0,64.0,-28.641,64.0,-64.0C494.84,378.282,466.183,349.626,430.84,349.626zM89.496,456.314c-23.531,0.0,-42.656,-19.156,-42.656,-42.688C46.84,390.11,65.965,370.97,89.496,370.97S132.152,390.111,132.152,413.626C132.152,437.158,113.027,456.314,89.496,456.314zM212.777,456.314H136.902c10.203,-11.344,16.594,-26.219,16.594,-42.688c0.0,-16.453,-6.375,-31.312,-16.594,-42.656h75.875C202.558,382.314,196.152,397.173,196.152,413.626C196.152,430.095,202.558,444.97,212.777,456.314zM260.152,456.314c-23.5,0.0,-42.656,-19.156,-42.656,-42.688C217.496,390.111,236.652,370.97,260.152,370.97c23.531,0.0,42.688,19.141,42.688,42.656C302.84,437.158,283.683,456.314,260.152,456.314zM383.433,456.314h-75.875C317.761,444.97,324.152,430.095,324.152,413.626c0.0,-16.453,-6.375,-31.312,-16.594,-42.656h75.875c-10.219,11.344,-16.594,26.203,-16.594,42.656C366.84,430.095,373.23,444.97,383.433,456.314zM430.84,456.314c-23.531,0.0,-42.688,-19.156,-42.688,-42.688C388.152,390.111,407.308,370.97,430.84,370.97s42.656,19.141,42.656,42.656C473.496,437.158,454.371,456.314,430.84,456.314z"" style=""fill:#434A54;"">
  </path>
  <path d=""M398.84,93.626c-5.906,0.0,-10.688,4.781,-10.688,10.688h-56.656v-0.016H324.152V61.626h7.344H388.152l0.0,0.0c0.0,5.906,4.781,10.688,10.688,10.688c5.875,0.0,10.656,-4.781,10.656,-10.688c0.0,-11.781,-9.562,-21.312,-21.344,-21.312h-64.0c-11.781,0.0,-21.312,9.531,-21.312,21.312v42.688c0.0,11.781,9.531,21.312,21.312,21.312h64.0c11.781,0.0,21.344,-9.531,21.344,-21.312C409.496,98.408,404.714,93.626,398.84,93.626z"" style=""fill:#434A54;"">
  </path>
 </g>
</svg>


Question: What shape are the wheels of the object?",Square,Triangle,Hexagon,Circle,D,science
105,"Examine the following SVG code carefully and answer the question based on your interpretation of the rendered image.

<svg id=""Layer_1"" style=""enable-background:new 0 0 512 512;"" version=""1.1"" viewbox=""0 0 512 512"" x=""0px"" xml:space=""preserve"" y=""0px"">
 <rect height=""64"" style=""fill:#434A54;"" width=""179.81"" x=""144.342"" y=""50.970"">
 </rect>
 <polygon points=""325.996,220.892 280.746,266.142 120.214,105.595 165.464,60.345"" style=""fill:#656D78;"">
 </polygon>
 <g>
  <path d=""M165.464,60.345c12.5,12.5,12.5,32.75,0.0,45.25s-32.75,12.5,-45.25,0.0s-12.5,-32.75,0.0,-45.25S152.964,47.845,165.464,60.345z"" style=""fill:#CCD1D9;"">
  </path>
  <path d=""M366.84,285.626c0.0,58.922,-47.781,106.688,-106.688,106.688s-106.656,-47.766,-106.656,-106.688C153.496,226.72,201.246,178.97,260.152,178.97S366.84,226.72,366.84,285.626z"" style=""fill:#CCD1D9;"">
  </path>
 </g>
 <g>
  <path d=""M516.152,392.314c0.0,11.781,-9.531,21.312,-21.312,21.312H25.496C13.714,413.626,4.152,404.095,4.152,392.314V306.97c0.0,-11.781,9.562,-21.344,21.344,-21.344h469.344c11.781,0.0,21.312,9.562,21.312,21.344V392.314z"" style=""fill:#E6E9ED;"">
  </path>
  <rect height=""87.66"" style=""fill:#E6E9ED;"" width=""287.91"" x=""111.432"" y=""370.970"">
  </rect>
 </g>
 <g>
  <path d=""M89.496,466.97C60.09,466.97,36.152,443.048,36.152,413.626c0.0,-29.406,23.938,-53.312,53.344,-53.312s53.344,23.906,53.344,53.312C142.84,443.048,118.902,466.97,89.496,466.97z"" style=""fill:#CCD1D9;"">
  </path>
  <path d=""M430.84,466.97c-29.406,0.0,-53.344,-23.922,-53.344,-53.344c0.0,-29.406,23.938,-53.312,53.344,-53.312S484.152,384.22,484.152,413.626C484.152,443.048,460.246,466.97,430.84,466.97z"" style=""fill:#CCD1D9;"">
  </path>
  <path d=""M260.152,466.97c-29.406,0.0,-53.312,-23.922,-53.312,-53.344c0.0,-29.406,23.906,-53.312,53.312,-53.312s53.344,23.906,53.344,53.312C313.496,443.048,289.558,466.97,260.152,466.97z"" style=""fill:#CCD1D9;"">
  </path>
 </g>
 <g>
  <path d=""M89.496,402.97c-5.875,0.0,-10.656,4.781,-10.656,10.656c0.0,5.906,4.781,10.688,10.656,10.688c5.906,0.0,10.656,-4.781,10.656,-10.688C100.152,407.751,95.402,402.97,89.496,402.97z"" style=""fill:#434A54;"">
  </path>
  <path d=""M430.84,402.97c-5.906,0.0,-10.688,4.781,-10.688,10.656c0.0,5.906,4.781,10.688,10.688,10.688c5.875,0.0,10.656,-4.781,10.656,-10.688C441.496,407.751,436.714,402.97,430.84,402.97z"" style=""fill:#434A54;"">
  </path>
  <path d=""M260.152,402.97c-5.875,0.0,-10.656,4.781,-10.656,10.656c0.0,5.906,4.781,10.688,10.656,10.688c5.906,0.0,10.688,-4.781,10.688,-10.688C270.84,407.751,266.058,402.97,260.152,402.97z"" style=""fill:#434A54;"">
  </path>
  <path d=""M430.84,349.626H89.496c-35.344,0.0,-64.0,28.656,-64.0,64.0c0.0,35.359,28.656,64.0,64.0,64.0h341.344c35.344,0.0,64.0,-28.641,64.0,-64.0C494.84,378.282,466.183,349.626,430.84,349.626zM89.496,456.314c-23.531,0.0,-42.656,-19.156,-42.656,-42.688C46.84,390.11,65.965,370.97,89.496,370.97S132.152,390.111,132.152,413.626C132.152,437.158,113.027,456.314,89.496,456.314zM212.777,456.314H136.902c10.203,-11.344,16.594,-26.219,16.594,-42.688c0.0,-16.453,-6.375,-31.312,-16.594,-42.656h75.875C202.558,382.314,196.152,397.173,196.152,413.626C196.152,430.095,202.558,444.97,212.777,456.314zM260.152,456.314c-23.5,0.0,-42.656,-19.156,-42.656,-42.688C217.496,390.111,236.652,370.97,260.152,370.97c23.531,0.0,42.688,19.141,42.688,42.656C302.84,437.158,283.683,456.314,260.152,456.314zM383.433,456.314h-75.875C317.761,444.97,324.152,430.095,324.152,413.626c0.0,-16.453,-6.375,-31.312,-16.594,-42.656h75.875c-10.219,11.344,-16.594,26.203,-16.594,42.656C366.84,430.095,373.23,444.97,383.433,456.314zM430.84,456.314c-23.531,0.0,-42.688,-19.156,-42.688,-42.688C388.152,390.111,407.308,370.97,430.84,370.97s42.656,19.141,42.656,42.656C473.496,437.158,454.371,456.314,430.84,456.314z"" style=""fill:#434A54;"">
  </path>
  <path d=""M398.84,93.626c-5.906,0.0,-10.688,4.781,-10.688,10.688h-56.656v-0.016H324.152V61.626h7.344H388.152l0.0,0.0c0.0,5.906,4.781,10.688,10.688,10.688c5.875,0.0,10.656,-4.781,10.656,-10.688c0.0,-11.781,-9.562,-21.312,-21.344,-21.312h-64.0c-11.781,0.0,-21.312,9.531,-21.312,21.312v42.688c0.0,11.781,9.531,21.312,21.312,21.312h64.0c11.781,0.0,21.344,-9.531,21.344,-21.312C409.496,98.408,404.714,93.626,398.84,93.626z"" style=""fill:#434A54;"">
  </path>
 </g>
</svg>


Question: What is the color of the arm of the object?",Red,Blue,Green,Gray,D,science
106,"Examine the following SVG code carefully and answer the question based on your interpretation of the rendered image.

<svg id=""Layer_1"" style=""enable-background:new 0 0 512 512;"" version=""1.1"" viewbox=""0 0 512 512"" x=""0px"" xml:space=""preserve"" y=""0px"">
 <rect height=""64"" style=""fill:#434A54;"" width=""179.81"" x=""144.342"" y=""50.970"">
 </rect>
 <polygon points=""325.996,220.892 280.746,266.142 120.214,105.595 165.464,60.345"" style=""fill:#656D78;"">
 </polygon>
 <g>
  <path d=""M165.464,60.345c12.5,12.5,12.5,32.75,0.0,45.25s-32.75,12.5,-45.25,0.0s-12.5,-32.75,0.0,-45.25S152.964,47.845,165.464,60.345z"" style=""fill:#CCD1D9;"">
  </path>
  <path d=""M366.84,285.626c0.0,58.922,-47.781,106.688,-106.688,106.688s-106.656,-47.766,-106.656,-106.688C153.496,226.72,201.246,178.97,260.152,178.97S366.84,226.72,366.84,285.626z"" style=""fill:#CCD1D9;"">
  </path>
 </g>
 <g>
  <path d=""M516.152,392.314c0.0,11.781,-9.531,21.312,-21.312,21.312H25.496C13.714,413.626,4.152,404.095,4.152,392.314V306.97c0.0,-11.781,9.562,-21.344,21.344,-21.344h469.344c11.781,0.0,21.312,9.562,21.312,21.344V392.314z"" style=""fill:#E6E9ED;"">
  </path>
  <rect height=""87.66"" style=""fill:#E6E9ED;"" width=""287.91"" x=""111.432"" y=""370.970"">
  </rect>
 </g>
 <g>
  <path d=""M89.496,466.97C60.09,466.97,36.152,443.048,36.152,413.626c0.0,-29.406,23.938,-53.312,53.344,-53.312s53.344,23.906,53.344,53.312C142.84,443.048,118.902,466.97,89.496,466.97z"" style=""fill:#CCD1D9;"">
  </path>
  <path d=""M430.84,466.97c-29.406,0.0,-53.344,-23.922,-53.344,-53.344c0.0,-29.406,23.938,-53.312,53.344,-53.312S484.152,384.22,484.152,413.626C484.152,443.048,460.246,466.97,430.84,466.97z"" style=""fill:#CCD1D9;"">
  </path>
  <path d=""M260.152,466.97c-29.406,0.0,-53.312,-23.922,-53.312,-53.344c0.0,-29.406,23.906,-53.312,53.312,-53.312s53.344,23.906,53.344,53.312C313.496,443.048,289.558,466.97,260.152,466.97z"" style=""fill:#CCD1D9;"">
  </path>
 </g>
 <g>
  <path d=""M89.496,402.97c-5.875,0.0,-10.656,4.781,-10.656,10.656c0.0,5.906,4.781,10.688,10.656,10.688c5.906,0.0,10.656,-4.781,10.656,-10.688C100.152,407.751,95.402,402.97,89.496,402.97z"" style=""fill:#434A54;"">
  </path>
  <path d=""M430.84,402.97c-5.906,0.0,-10.688,4.781,-10.688,10.656c0.0,5.906,4.781,10.688,10.688,10.688c5.875,0.0,10.656,-4.781,10.656,-10.688C441.496,407.751,436.714,402.97,430.84,402.97z"" style=""fill:#434A54;"">
  </path>
  <path d=""M260.152,402.97c-5.875,0.0,-10.656,4.781,-10.656,10.656c0.0,5.906,4.781,10.688,10.656,10.688c5.906,0.0,10.688,-4.781,10.688,-10.688C270.84,407.751,266.058,402.97,260.152,402.97z"" style=""fill:#434A54;"">
  </path>
  <path d=""M430.84,349.626H89.496c-35.344,0.0,-64.0,28.656,-64.0,64.0c0.0,35.359,28.656,64.0,64.0,64.0h341.344c35.344,0.0,64.0,-28.641,64.0,-64.0C494.84,378.282,466.183,349.626,430.84,349.626zM89.496,456.314c-23.531,0.0,-42.656,-19.156,-42.656,-42.688C46.84,390.11,65.965,370.97,89.496,370.97S132.152,390.111,132.152,413.626C132.152,437.158,113.027,456.314,89.496,456.314zM212.777,456.314H136.902c10.203,-11.344,16.594,-26.219,16.594,-42.688c0.0,-16.453,-6.375,-31.312,-16.594,-42.656h75.875C202.558,382.314,196.152,397.173,196.152,413.626C196.152,430.095,202.558,444.97,212.777,456.314zM260.152,456.314c-23.5,0.0,-42.656,-19.156,-42.656,-42.688C217.496,390.111,236.652,370.97,260.152,370.97c23.531,0.0,42.688,19.141,42.688,42.656C302.84,437.158,283.683,456.314,260.152,456.314zM383.433,456.314h-75.875C317.761,444.97,324.152,430.095,324.152,413.626c0.0,-16.453,-6.375,-31.312,-16.594,-42.656h75.875c-10.219,11.344,-16.594,26.203,-16.594,42.656C366.84,430.095,373.23,444.97,383.433,456.314zM430.84,456.314c-23.531,0.0,-42.688,-19.156,-42.688,-42.688C388.152,390.111,407.308,370.97,430.84,370.97s42.656,19.141,42.656,42.656C473.496,437.158,454.371,456.314,430.84,456.314z"" style=""fill:#434A54;"">
  </path>
  <path d=""M398.84,93.626c-5.906,0.0,-10.688,4.781,-10.688,10.688h-56.656v-0.016H324.152V61.626h7.344H388.152l0.0,0.0c0.0,5.906,4.781,10.688,10.688,10.688c5.875,0.0,10.656,-4.781,10.656,-10.688c0.0,-11.781,-9.562,-21.312,-21.344,-21.312h-64.0c-11.781,0.0,-21.312,9.531,-21.312,21.312v42.688c0.0,11.781,9.531,21.312,21.312,21.312h64.0c11.781,0.0,21.344,-9.531,21.344,-21.312C409.496,98.408,404.714,93.626,398.84,93.626z"" style=""fill:#434A54;"">
  </path>
 </g>
</svg>


Question: How many wheels does the object have?",Three,Two,Four,Five,A,science
107,"Examine the following SVG code carefully and answer the question based on your interpretation of the rendered image.

<svg id=""Layer_1"" style=""enable-background:new 0 0 512 512;"" version=""1.1"" viewbox=""0 0 512 512"" x=""0px"" xml:space=""preserve"" y=""0px"">
 <rect height=""64"" style=""fill:#434A54;"" width=""179.81"" x=""144.342"" y=""50.970"">
 </rect>
 <polygon points=""325.996,220.892 280.746,266.142 120.214,105.595 165.464,60.345"" style=""fill:#656D78;"">
 </polygon>
 <g>
  <path d=""M165.464,60.345c12.5,12.5,12.5,32.75,0.0,45.25s-32.75,12.5,-45.25,0.0s-12.5,-32.75,0.0,-45.25S152.964,47.845,165.464,60.345z"" style=""fill:#CCD1D9;"">
  </path>
  <path d=""M366.84,285.626c0.0,58.922,-47.781,106.688,-106.688,106.688s-106.656,-47.766,-106.656,-106.688C153.496,226.72,201.246,178.97,260.152,178.97S366.84,226.72,366.84,285.626z"" style=""fill:#CCD1D9;"">
  </path>
 </g>
 <g>
  <path d=""M516.152,392.314c0.0,11.781,-9.531,21.312,-21.312,21.312H25.496C13.714,413.626,4.152,404.095,4.152,392.314V306.97c0.0,-11.781,9.562,-21.344,21.344,-21.344h469.344c11.781,0.0,21.312,9.562,21.312,21.344V392.314z"" style=""fill:#E6E9ED;"">
  </path>
  <rect height=""87.66"" style=""fill:#E6E9ED;"" width=""287.91"" x=""111.432"" y=""370.970"">
  </rect>
 </g>
 <g>
  <path d=""M89.496,466.97C60.09,466.97,36.152,443.048,36.152,413.626c0.0,-29.406,23.938,-53.312,53.344,-53.312s53.344,23.906,53.344,53.312C142.84,443.048,118.902,466.97,89.496,466.97z"" style=""fill:#CCD1D9;"">
  </path>
  <path d=""M430.84,466.97c-29.406,0.0,-53.344,-23.922,-53.344,-53.344c0.0,-29.406,23.938,-53.312,53.344,-53.312S484.152,384.22,484.152,413.626C484.152,443.048,460.246,466.97,430.84,466.97z"" style=""fill:#CCD1D9;"">
  </path>
  <path d=""M260.152,466.97c-29.406,0.0,-53.312,-23.922,-53.312,-53.344c0.0,-29.406,23.906,-53.312,53.312,-53.312s53.344,23.906,53.344,53.312C313.496,443.048,289.558,466.97,260.152,466.97z"" style=""fill:#CCD1D9;"">
  </path>
 </g>
 <g>
  <path d=""M89.496,402.97c-5.875,0.0,-10.656,4.781,-10.656,10.656c0.0,5.906,4.781,10.688,10.656,10.688c5.906,0.0,10.656,-4.781,10.656,-10.688C100.152,407.751,95.402,402.97,89.496,402.97z"" style=""fill:#434A54;"">
  </path>
  <path d=""M430.84,402.97c-5.906,0.0,-10.688,4.781,-10.688,10.656c0.0,5.906,4.781,10.688,10.688,10.688c5.875,0.0,10.656,-4.781,10.656,-10.688C441.496,407.751,436.714,402.97,430.84,402.97z"" style=""fill:#434A54;"">
  </path>
  <path d=""M260.152,402.97c-5.875,0.0,-10.656,4.781,-10.656,10.656c0.0,5.906,4.781,10.688,10.656,10.688c5.906,0.0,10.688,-4.781,10.688,-10.688C270.84,407.751,266.058,402.97,260.152,402.97z"" style=""fill:#434A54;"">
  </path>
  <path d=""M430.84,349.626H89.496c-35.344,0.0,-64.0,28.656,-64.0,64.0c0.0,35.359,28.656,64.0,64.0,64.0h341.344c35.344,0.0,64.0,-28.641,64.0,-64.0C494.84,378.282,466.183,349.626,430.84,349.626zM89.496,456.314c-23.531,0.0,-42.656,-19.156,-42.656,-42.688C46.84,390.11,65.965,370.97,89.496,370.97S132.152,390.111,132.152,413.626C132.152,437.158,113.027,456.314,89.496,456.314zM212.777,456.314H136.902c10.203,-11.344,16.594,-26.219,16.594,-42.688c0.0,-16.453,-6.375,-31.312,-16.594,-42.656h75.875C202.558,382.314,196.152,397.173,196.152,413.626C196.152,430.095,202.558,444.97,212.777,456.314zM260.152,456.314c-23.5,0.0,-42.656,-19.156,-42.656,-42.688C217.496,390.111,236.652,370.97,260.152,370.97c23.531,0.0,42.688,19.141,42.688,42.656C302.84,437.158,283.683,456.314,260.152,456.314zM383.433,456.314h-75.875C317.761,444.97,324.152,430.095,324.152,413.626c0.0,-16.453,-6.375,-31.312,-16.594,-42.656h75.875c-10.219,11.344,-16.594,26.203,-16.594,42.656C366.84,430.095,373.23,444.97,383.433,456.314zM430.84,456.314c-23.531,0.0,-42.688,-19.156,-42.688,-42.688C388.152,390.111,407.308,370.97,430.84,370.97s42.656,19.141,42.656,42.656C473.496,437.158,454.371,456.314,430.84,456.314z"" style=""fill:#434A54;"">
  </path>
  <path d=""M398.84,93.626c-5.906,0.0,-10.688,4.781,-10.688,10.688h-56.656v-0.016H324.152V61.626h7.344H388.152l0.0,0.0c0.0,5.906,4.781,10.688,10.688,10.688c5.875,0.0,10.656,-4.781,10.656,-10.688c0.0,-11.781,-9.562,-21.312,-21.344,-21.312h-64.0c-11.781,0.0,-21.312,9.531,-21.312,21.312v42.688c0.0,11.781,9.531,21.312,21.312,21.312h64.0c11.781,0.0,21.344,-9.531,21.344,-21.312C409.496,98.408,404.714,93.626,398.84,93.626z"" style=""fill:#434A54;"">
  </path>
 </g>
</svg>


Question: What is the object in the image?",Car,Robot,Airplane,Boat,B,science
124,"Examine the following SVG code carefully and answer the question based on your interpretation of the rendered image.

<svg id=""Layer_1"" style=""enable-background:new 0 0 512 512;"" version=""1.1"" viewbox=""0 0 512 512"" x=""0px"" xml:space=""preserve"" y=""0px"">
 <path d=""M499.246,507.405H22.556C12.846,507.405,4.901,499.461,4.901,489.75s7.945,-17.655,17.655,-17.655h476.69c9.71,0.0,17.655,7.945,17.655,17.655S508.956,507.405,499.246,507.405"" style=""fill:#ECF0F1;"">
 </path>
 <g>
  <rect height=""203.034"" style=""fill:#BDC3C7;"" width=""17.655"" x=""22.556"" y=""269.061"">
  </rect>
  <rect height=""203.034"" style=""fill:#BDC3C7;"" width=""17.655"" x=""481.591"" y=""269.061"">
  </rect>
 </g>
 <g>
  <path d=""M154.97,48.371H66.694c-5.297,0.0,-8.828,-3.531,-8.828,-8.828V21.888c0.0,-5.297,3.531,-8.828,8.828,-8.828h88.276c5.297,0.0,8.828,3.531,8.828,8.828V39.543C163.798,44.84,160.267,48.371,154.97,48.371"" style=""fill:#90BAE1;"">
  </path>
  <path d=""M305.039,48.371h-88.276c-5.297,0.0,-8.828,-3.531,-8.828,-8.828V21.888c0.0,-5.297,3.531,-8.828,8.828,-8.828h88.276c5.297,0.0,8.828,3.531,8.828,8.828V39.543C313.867,44.84,310.335,48.371,305.039,48.371"" style=""fill:#90BAE1;"">
  </path>
  <path d=""M455.108,48.371h-88.276c-5.297,0.0,-8.828,-3.531,-8.828,-8.828V21.888c0.0,-5.297,3.531,-8.828,8.828,-8.828h88.276c5.297,0.0,8.828,3.531,8.828,8.828V39.543C463.935,44.84,460.404,48.371,455.108,48.371"" style=""fill:#90BAE1;"">
  </path>
 </g>
 <g>
  <polygon points=""225.591,216.095 296.211,216.095 296.211,48.371 225.591,48.371"" style=""fill:#B0D3F0;"">
  </polygon>
  <path d=""M225.591,286.716v114.759c0.0,19.421,15.89,35.31,35.31,35.31s35.31,-15.89,35.31,-35.31V286.716H225.591z"" style=""fill:#B0D3F0;"">
  </path>
  <polygon points=""375.660,216.095 446.280,216.095 446.280,48.371 375.660,48.371"" style=""fill:#B0D3F0;"">
  </polygon>
  <path d=""M375.66,286.716v114.759c0.0,19.421,15.89,35.31,35.31,35.31c19.421,0.0,35.31,-15.89,35.31,-35.31V286.716H375.66z"" style=""fill:#B0D3F0;"">
  </path>
  <path d=""M75.522,286.716v118.29c0.0,17.655,15.89,31.779,35.31,31.779s35.31,-14.124,35.31,-31.779v-118.29H75.522z"" style=""fill:#B0D3F0;"">
  </path>
  <polygon points=""75.522,216.095 146.142,216.095 146.142,48.371 75.522,48.371"" style=""fill:#B0D3F0;"">
  </polygon>
 </g>
 <g>
  <path d=""M75.522,330.854v70.621c0.0,19.421,15.89,35.31,35.31,35.31s35.31,-15.89,35.31,-35.31v-70.621H75.522z"" style=""fill:#51E570;"">
  </path>
  <path d=""M225.591,374.992v26.483c0.0,19.421,15.89,35.31,35.31,35.31s35.31,-15.89,35.31,-35.31v-26.483H225.591z"" style=""fill:#51E570;"">
  </path>
  <path d=""M375.66,357.336v44.138c0.0,19.421,15.89,35.31,35.31,35.31c19.421,0.0,35.31,-15.89,35.31,-35.31v-44.138H375.66z"" style=""fill:#51E570;"">
  </path>
 </g>
 <g>
  <path d=""M146.142,286.716H75.522c-9.71,0.0,-17.655,-7.945,-17.655,-17.655v-35.31c0.0,-9.71,7.945,-17.655,17.655,-17.655h70.621c9.71,0.0,17.655,7.945,17.655,17.655v35.31C163.798,278.771,155.853,286.716,146.142,286.716"" style=""fill:#ECF0F1;"">
  </path>
  <path d=""M296.211,286.716H225.591c-9.71,0.0,-17.655,-7.945,-17.655,-17.655v-35.31c0.0,-9.71,7.945,-17.655,17.655,-17.655h70.621c9.71,0.0,17.655,7.945,17.655,17.655v35.31C313.867,278.771,305.922,286.716,296.211,286.716"" style=""fill:#ECF0F1;"">
  </path>
  <path d=""M446.28,286.716h-70.621c-9.71,0.0,-17.655,-7.945,-17.655,-17.655v-35.31c0.0,-9.71,7.945,-17.655,17.655,-17.655h70.621c9.71,0.0,17.655,7.945,17.655,17.655v35.31C463.935,278.771,455.991,286.716,446.28,286.716"" style=""fill:#ECF0F1;"">
  </path>
 </g>
 <g>
  <path d=""M57.867,269.061v-35.31l0.0,0.0h-35.31C12.846,233.75,4.901,241.695,4.901,251.405s7.945,17.655,17.655,17.655H57.867L57.867,269.061"" style=""fill:#BDC3C7;"">
  </path>
  <path d=""M163.798,269.061h44.138l0.0,0.0v-35.31l0.0,0.0h-44.138l0.0,0.0V269.061L163.798,269.061"" style=""fill:#BDC3C7;"">
  </path>
  <path d=""M313.867,269.061h44.138l0.0,0.0v-35.31l0.0,0.0h-44.138l0.0,0.0V269.061L313.867,269.061"" style=""fill:#BDC3C7;"">
  </path>
  <path d=""M499.246,233.75h-35.31l0.0,0.0v35.31l0.0,0.0h35.31c9.71,0.0,17.655,-7.945,17.655,-17.655S508.956,233.75,499.246,233.75"" style=""fill:#BDC3C7;"">
  </path>
 </g>
</svg>


Question: How many test tubes are there in the image?",One,Two,Three,Four,C,science
125,"Examine the following SVG code carefully and answer the question based on your interpretation of the rendered image.

<svg id=""Layer_1"" style=""enable-background:new 0 0 512 512;"" version=""1.1"" viewbox=""0 0 512 512"" x=""0px"" xml:space=""preserve"" y=""0px"">
 <path d=""M499.246,507.405H22.556C12.846,507.405,4.901,499.461,4.901,489.75s7.945,-17.655,17.655,-17.655h476.69c9.71,0.0,17.655,7.945,17.655,17.655S508.956,507.405,499.246,507.405"" style=""fill:#ECF0F1;"">
 </path>
 <g>
  <rect height=""203.034"" style=""fill:#BDC3C7;"" width=""17.655"" x=""22.556"" y=""269.061"">
  </rect>
  <rect height=""203.034"" style=""fill:#BDC3C7;"" width=""17.655"" x=""481.591"" y=""269.061"">
  </rect>
 </g>
 <g>
  <path d=""M154.97,48.371H66.694c-5.297,0.0,-8.828,-3.531,-8.828,-8.828V21.888c0.0,-5.297,3.531,-8.828,8.828,-8.828h88.276c5.297,0.0,8.828,3.531,8.828,8.828V39.543C163.798,44.84,160.267,48.371,154.97,48.371"" style=""fill:#90BAE1;"">
  </path>
  <path d=""M305.039,48.371h-88.276c-5.297,0.0,-8.828,-3.531,-8.828,-8.828V21.888c0.0,-5.297,3.531,-8.828,8.828,-8.828h88.276c5.297,0.0,8.828,3.531,8.828,8.828V39.543C313.867,44.84,310.335,48.371,305.039,48.371"" style=""fill:#90BAE1;"">
  </path>
  <path d=""M455.108,48.371h-88.276c-5.297,0.0,-8.828,-3.531,-8.828,-8.828V21.888c0.0,-5.297,3.531,-8.828,8.828,-8.828h88.276c5.297,0.0,8.828,3.531,8.828,8.828V39.543C463.935,44.84,460.404,48.371,455.108,48.371"" style=""fill:#90BAE1;"">
  </path>
 </g>
 <g>
  <polygon points=""225.591,216.095 296.211,216.095 296.211,48.371 225.591,48.371"" style=""fill:#B0D3F0;"">
  </polygon>
  <path d=""M225.591,286.716v114.759c0.0,19.421,15.89,35.31,35.31,35.31s35.31,-15.89,35.31,-35.31V286.716H225.591z"" style=""fill:#B0D3F0;"">
  </path>
  <polygon points=""375.660,216.095 446.280,216.095 446.280,48.371 375.660,48.371"" style=""fill:#B0D3F0;"">
  </polygon>
  <path d=""M375.66,286.716v114.759c0.0,19.421,15.89,35.31,35.31,35.31c19.421,0.0,35.31,-15.89,35.31,-35.31V286.716H375.66z"" style=""fill:#B0D3F0;"">
  </path>
  <path d=""M75.522,286.716v118.29c0.0,17.655,15.89,31.779,35.31,31.779s35.31,-14.124,35.31,-31.779v-118.29H75.522z"" style=""fill:#B0D3F0;"">
  </path>
  <polygon points=""75.522,216.095 146.142,216.095 146.142,48.371 75.522,48.371"" style=""fill:#B0D3F0;"">
  </polygon>
 </g>
 <g>
  <path d=""M75.522,330.854v70.621c0.0,19.421,15.89,35.31,35.31,35.31s35.31,-15.89,35.31,-35.31v-70.621H75.522z"" style=""fill:#51E570;"">
  </path>
  <path d=""M225.591,374.992v26.483c0.0,19.421,15.89,35.31,35.31,35.31s35.31,-15.89,35.31,-35.31v-26.483H225.591z"" style=""fill:#51E570;"">
  </path>
  <path d=""M375.66,357.336v44.138c0.0,19.421,15.89,35.31,35.31,35.31c19.421,0.0,35.31,-15.89,35.31,-35.31v-44.138H375.66z"" style=""fill:#51E570;"">
  </path>
 </g>
 <g>
  <path d=""M146.142,286.716H75.522c-9.71,0.0,-17.655,-7.945,-17.655,-17.655v-35.31c0.0,-9.71,7.945,-17.655,17.655,-17.655h70.621c9.71,0.0,17.655,7.945,17.655,17.655v35.31C163.798,278.771,155.853,286.716,146.142,286.716"" style=""fill:#ECF0F1;"">
  </path>
  <path d=""M296.211,286.716H225.591c-9.71,0.0,-17.655,-7.945,-17.655,-17.655v-35.31c0.0,-9.71,7.945,-17.655,17.655,-17.655h70.621c9.71,0.0,17.655,7.945,17.655,17.655v35.31C313.867,278.771,305.922,286.716,296.211,286.716"" style=""fill:#ECF0F1;"">
  </path>
  <path d=""M446.28,286.716h-70.621c-9.71,0.0,-17.655,-7.945,-17.655,-17.655v-35.31c0.0,-9.71,7.945,-17.655,17.655,-17.655h70.621c9.71,0.0,17.655,7.945,17.655,17.655v35.31C463.935,278.771,455.991,286.716,446.28,286.716"" style=""fill:#ECF0F1;"">
  </path>
 </g>
 <g>
  <path d=""M57.867,269.061v-35.31l0.0,0.0h-35.31C12.846,233.75,4.901,241.695,4.901,251.405s7.945,17.655,17.655,17.655H57.867L57.867,269.061"" style=""fill:#BDC3C7;"">
  </path>
  <path d=""M163.798,269.061h44.138l0.0,0.0v-35.31l0.0,0.0h-44.138l0.0,0.0V269.061L163.798,269.061"" style=""fill:#BDC3C7;"">
  </path>
  <path d=""M313.867,269.061h44.138l0.0,0.0v-35.31l0.0,0.0h-44.138l0.0,0.0V269.061L313.867,269.061"" style=""fill:#BDC3C7;"">
  </path>
  <path d=""M499.246,233.75h-35.31l0.0,0.0v35.31l0.0,0.0h35.31c9.71,0.0,17.655,-7.945,17.655,-17.655S508.956,233.75,499.246,233.75"" style=""fill:#BDC3C7;"">
  </path>
 </g>
</svg>


Question: What color is the liquid inside the test tubes?",Red,Blue,Yellow,Green,D,science
126,"Examine the following SVG code carefully and answer the question based on your interpretation of the rendered image.

<svg id=""Layer_1"" style=""enable-background:new 0 0 512 512;"" version=""1.1"" viewbox=""0 0 512 512"" x=""0px"" xml:space=""preserve"" y=""0px"">
 <path d=""M499.246,507.405H22.556C12.846,507.405,4.901,499.461,4.901,489.75s7.945,-17.655,17.655,-17.655h476.69c9.71,0.0,17.655,7.945,17.655,17.655S508.956,507.405,499.246,507.405"" style=""fill:#ECF0F1;"">
 </path>
 <g>
  <rect height=""203.034"" style=""fill:#BDC3C7;"" width=""17.655"" x=""22.556"" y=""269.061"">
  </rect>
  <rect height=""203.034"" style=""fill:#BDC3C7;"" width=""17.655"" x=""481.591"" y=""269.061"">
  </rect>
 </g>
 <g>
  <path d=""M154.97,48.371H66.694c-5.297,0.0,-8.828,-3.531,-8.828,-8.828V21.888c0.0,-5.297,3.531,-8.828,8.828,-8.828h88.276c5.297,0.0,8.828,3.531,8.828,8.828V39.543C163.798,44.84,160.267,48.371,154.97,48.371"" style=""fill:#90BAE1;"">
  </path>
  <path d=""M305.039,48.371h-88.276c-5.297,0.0,-8.828,-3.531,-8.828,-8.828V21.888c0.0,-5.297,3.531,-8.828,8.828,-8.828h88.276c5.297,0.0,8.828,3.531,8.828,8.828V39.543C313.867,44.84,310.335,48.371,305.039,48.371"" style=""fill:#90BAE1;"">
  </path>
  <path d=""M455.108,48.371h-88.276c-5.297,0.0,-8.828,-3.531,-8.828,-8.828V21.888c0.0,-5.297,3.531,-8.828,8.828,-8.828h88.276c5.297,0.0,8.828,3.531,8.828,8.828V39.543C463.935,44.84,460.404,48.371,455.108,48.371"" style=""fill:#90BAE1;"">
  </path>
 </g>
 <g>
  <polygon points=""225.591,216.095 296.211,216.095 296.211,48.371 225.591,48.371"" style=""fill:#B0D3F0;"">
  </polygon>
  <path d=""M225.591,286.716v114.759c0.0,19.421,15.89,35.31,35.31,35.31s35.31,-15.89,35.31,-35.31V286.716H225.591z"" style=""fill:#B0D3F0;"">
  </path>
  <polygon points=""375.660,216.095 446.280,216.095 446.280,48.371 375.660,48.371"" style=""fill:#B0D3F0;"">
  </polygon>
  <path d=""M375.66,286.716v114.759c0.0,19.421,15.89,35.31,35.31,35.31c19.421,0.0,35.31,-15.89,35.31,-35.31V286.716H375.66z"" style=""fill:#B0D3F0;"">
  </path>
  <path d=""M75.522,286.716v118.29c0.0,17.655,15.89,31.779,35.31,31.779s35.31,-14.124,35.31,-31.779v-118.29H75.522z"" style=""fill:#B0D3F0;"">
  </path>
  <polygon points=""75.522,216.095 146.142,216.095 146.142,48.371 75.522,48.371"" style=""fill:#B0D3F0;"">
  </polygon>
 </g>
 <g>
  <path d=""M75.522,330.854v70.621c0.0,19.421,15.89,35.31,35.31,35.31s35.31,-15.89,35.31,-35.31v-70.621H75.522z"" style=""fill:#51E570;"">
  </path>
  <path d=""M225.591,374.992v26.483c0.0,19.421,15.89,35.31,35.31,35.31s35.31,-15.89,35.31,-35.31v-26.483H225.591z"" style=""fill:#51E570;"">
  </path>
  <path d=""M375.66,357.336v44.138c0.0,19.421,15.89,35.31,35.31,35.31c19.421,0.0,35.31,-15.89,35.31,-35.31v-44.138H375.66z"" style=""fill:#51E570;"">
  </path>
 </g>
 <g>
  <path d=""M146.142,286.716H75.522c-9.71,0.0,-17.655,-7.945,-17.655,-17.655v-35.31c0.0,-9.71,7.945,-17.655,17.655,-17.655h70.621c9.71,0.0,17.655,7.945,17.655,17.655v35.31C163.798,278.771,155.853,286.716,146.142,286.716"" style=""fill:#ECF0F1;"">
  </path>
  <path d=""M296.211,286.716H225.591c-9.71,0.0,-17.655,-7.945,-17.655,-17.655v-35.31c0.0,-9.71,7.945,-17.655,17.655,-17.655h70.621c9.71,0.0,17.655,7.945,17.655,17.655v35.31C313.867,278.771,305.922,286.716,296.211,286.716"" style=""fill:#ECF0F1;"">
  </path>
  <path d=""M446.28,286.716h-70.621c-9.71,0.0,-17.655,-7.945,-17.655,-17.655v-35.31c0.0,-9.71,7.945,-17.655,17.655,-17.655h70.621c9.71,0.0,17.655,7.945,17.655,17.655v35.31C463.935,278.771,455.991,286.716,446.28,286.716"" style=""fill:#ECF0F1;"">
  </path>
 </g>
 <g>
  <path d=""M57.867,269.061v-35.31l0.0,0.0h-35.31C12.846,233.75,4.901,241.695,4.901,251.405s7.945,17.655,17.655,17.655H57.867L57.867,269.061"" style=""fill:#BDC3C7;"">
  </path>
  <path d=""M163.798,269.061h44.138l0.0,0.0v-35.31l0.0,0.0h-44.138l0.0,0.0V269.061L163.798,269.061"" style=""fill:#BDC3C7;"">
  </path>
  <path d=""M313.867,269.061h44.138l0.0,0.0v-35.31l0.0,0.0h-44.138l0.0,0.0V269.061L313.867,269.061"" style=""fill:#BDC3C7;"">
  </path>
  <path d=""M499.246,233.75h-35.31l0.0,0.0v35.31l0.0,0.0h35.31c9.71,0.0,17.655,-7.945,17.655,-17.655S508.956,233.75,499.246,233.75"" style=""fill:#BDC3C7;"">
  </path>
 </g>
</svg>


Question: What is the color of the top part of the test tubes?",Blue,Green,Red,Yellow,A,science
127,"Examine the following SVG code carefully and answer the question based on your interpretation of the rendered image.

<svg id=""Layer_1"" style=""enable-background:new 0 0 512 512;"" version=""1.1"" viewbox=""0 0 512 512"" x=""0px"" xml:space=""preserve"" y=""0px"">
 <path d=""M499.246,507.405H22.556C12.846,507.405,4.901,499.461,4.901,489.75s7.945,-17.655,17.655,-17.655h476.69c9.71,0.0,17.655,7.945,17.655,17.655S508.956,507.405,499.246,507.405"" style=""fill:#ECF0F1;"">
 </path>
 <g>
  <rect height=""203.034"" style=""fill:#BDC3C7;"" width=""17.655"" x=""22.556"" y=""269.061"">
  </rect>
  <rect height=""203.034"" style=""fill:#BDC3C7;"" width=""17.655"" x=""481.591"" y=""269.061"">
  </rect>
 </g>
 <g>
  <path d=""M154.97,48.371H66.694c-5.297,0.0,-8.828,-3.531,-8.828,-8.828V21.888c0.0,-5.297,3.531,-8.828,8.828,-8.828h88.276c5.297,0.0,8.828,3.531,8.828,8.828V39.543C163.798,44.84,160.267,48.371,154.97,48.371"" style=""fill:#90BAE1;"">
  </path>
  <path d=""M305.039,48.371h-88.276c-5.297,0.0,-8.828,-3.531,-8.828,-8.828V21.888c0.0,-5.297,3.531,-8.828,8.828,-8.828h88.276c5.297,0.0,8.828,3.531,8.828,8.828V39.543C313.867,44.84,310.335,48.371,305.039,48.371"" style=""fill:#90BAE1;"">
  </path>
  <path d=""M455.108,48.371h-88.276c-5.297,0.0,-8.828,-3.531,-8.828,-8.828V21.888c0.0,-5.297,3.531,-8.828,8.828,-8.828h88.276c5.297,0.0,8.828,3.531,8.828,8.828V39.543C463.935,44.84,460.404,48.371,455.108,48.371"" style=""fill:#90BAE1;"">
  </path>
 </g>
 <g>
  <polygon points=""225.591,216.095 296.211,216.095 296.211,48.371 225.591,48.371"" style=""fill:#B0D3F0;"">
  </polygon>
  <path d=""M225.591,286.716v114.759c0.0,19.421,15.89,35.31,35.31,35.31s35.31,-15.89,35.31,-35.31V286.716H225.591z"" style=""fill:#B0D3F0;"">
  </path>
  <polygon points=""375.660,216.095 446.280,216.095 446.280,48.371 375.660,48.371"" style=""fill:#B0D3F0;"">
  </polygon>
  <path d=""M375.66,286.716v114.759c0.0,19.421,15.89,35.31,35.31,35.31c19.421,0.0,35.31,-15.89,35.31,-35.31V286.716H375.66z"" style=""fill:#B0D3F0;"">
  </path>
  <path d=""M75.522,286.716v118.29c0.0,17.655,15.89,31.779,35.31,31.779s35.31,-14.124,35.31,-31.779v-118.29H75.522z"" style=""fill:#B0D3F0;"">
  </path>
  <polygon points=""75.522,216.095 146.142,216.095 146.142,48.371 75.522,48.371"" style=""fill:#B0D3F0;"">
  </polygon>
 </g>
 <g>
  <path d=""M75.522,330.854v70.621c0.0,19.421,15.89,35.31,35.31,35.31s35.31,-15.89,35.31,-35.31v-70.621H75.522z"" style=""fill:#51E570;"">
  </path>
  <path d=""M225.591,374.992v26.483c0.0,19.421,15.89,35.31,35.31,35.31s35.31,-15.89,35.31,-35.31v-26.483H225.591z"" style=""fill:#51E570;"">
  </path>
  <path d=""M375.66,357.336v44.138c0.0,19.421,15.89,35.31,35.31,35.31c19.421,0.0,35.31,-15.89,35.31,-35.31v-44.138H375.66z"" style=""fill:#51E570;"">
  </path>
 </g>
 <g>
  <path d=""M146.142,286.716H75.522c-9.71,0.0,-17.655,-7.945,-17.655,-17.655v-35.31c0.0,-9.71,7.945,-17.655,17.655,-17.655h70.621c9.71,0.0,17.655,7.945,17.655,17.655v35.31C163.798,278.771,155.853,286.716,146.142,286.716"" style=""fill:#ECF0F1;"">
  </path>
  <path d=""M296.211,286.716H225.591c-9.71,0.0,-17.655,-7.945,-17.655,-17.655v-35.31c0.0,-9.71,7.945,-17.655,17.655,-17.655h70.621c9.71,0.0,17.655,7.945,17.655,17.655v35.31C313.867,278.771,305.922,286.716,296.211,286.716"" style=""fill:#ECF0F1;"">
  </path>
  <path d=""M446.28,286.716h-70.621c-9.71,0.0,-17.655,-7.945,-17.655,-17.655v-35.31c0.0,-9.71,7.945,-17.655,17.655,-17.655h70.621c9.71,0.0,17.655,7.945,17.655,17.655v35.31C463.935,278.771,455.991,286.716,446.28,286.716"" style=""fill:#ECF0F1;"">
  </path>
 </g>
 <g>
  <path d=""M57.867,269.061v-35.31l0.0,0.0h-35.31C12.846,233.75,4.901,241.695,4.901,251.405s7.945,17.655,17.655,17.655H57.867L57.867,269.061"" style=""fill:#BDC3C7;"">
  </path>
  <path d=""M163.798,269.061h44.138l0.0,0.0v-35.31l0.0,0.0h-44.138l0.0,0.0V269.061L163.798,269.061"" style=""fill:#BDC3C7;"">
  </path>
  <path d=""M313.867,269.061h44.138l0.0,0.0v-35.31l0.0,0.0h-44.138l0.0,0.0V269.061L313.867,269.061"" style=""fill:#BDC3C7;"">
  </path>
  <path d=""M499.246,233.75h-35.31l0.0,0.0v35.31l0.0,0.0h35.31c9.71,0.0,17.655,-7.945,17.655,-17.655S508.956,233.75,499.246,233.75"" style=""fill:#BDC3C7;"">
  </path>
 </g>
</svg>


Question: What is the object in the image?",Beakers,tubes,Flasks,Pipettes,B,science
144,"Examine the following SVG code carefully and answer the question based on your interpretation of the rendered image.

<svg id=""Layer_1"" style=""enable-background:new 0 0 496 496;"" version=""1.1"" viewbox=""0 0 496 496"" x=""0px"" xml:space=""preserve"" y=""0px"">
 <g>
  <g>
   <g>
    <path d=""M484.312,195.36v-16.0h-16.0v16.0h-32.376C432.128,105.304,364.872,32.152,275.352,21.016C272.552,10.872,263.336,3.36,252.312,3.36s-20.24,7.512,-23.04,17.656C139.752,32.152,72.496,105.304,68.688,195.36H36.312v-8.0H20.312v8.0H4.312v16.0h16.2c3.264,95.568,64.568,176.632,149.728,208.96C144.16,425.08,124.312,447.928,124.312,475.36v8.0h-16.0v16.0h288.0v-16.0h-16.0v-8.0c0.0,-27.432,-19.848,-50.28,-45.928,-55.04C419.544,387.992,480.848,306.928,484.112,211.36H500.312v-16.0H484.312zM420.312,203.36c0.0,92.632,-75.368,168.0,-168.0,168.0c-43.44,0.0,-82.96,-16.72,-112.808,-43.872l24.984,-24.984c7.072,8.2,15.48,14.92,25.192,19.84c11.84,6.008,24.888,8.984,38.472,8.976c16.28,0.0,33.296,-4.32,49.88,-12.792C282.024,321.52,286.936,323.36,292.312,323.36c13.232,0.0,24.0,-10.768,24.0,-24.0c0.0,-1.816,-0.24,-3.576,-0.624,-5.28c1.32,-2.312,2.544,-4.72,3.56,-7.312c10.056,-10.832,18.728,-22.976,25.76,-36.296c19.616,-37.184,24.6,-78.192,13.68,-112.504c-2.368,-7.432,-5.48,-14.248,-9.152,-20.52l27.304,-27.304C403.992,120.008,420.312,159.736,420.312,203.36zM190.544,138.576C192.4,139.04,194.312,139.36,196.312,139.36c12.6,0.0,22.848,-9.792,23.816,-22.152c18.888,5.664,40.208,24.184,57.344,49.68l-9.0,9.0C263.704,173.08,258.232,171.36,252.312,171.36c-17.648,0.0,-32.0,14.352,-32.0,32.0c0.0,5.92,1.72,11.392,4.536,16.152l-19.376,19.376c-1.536,-2.576,-3.032,-5.2,-4.472,-7.888c-14.592,-27.272,-21.736,-56.304,-20.432,-78.568C183.648,147.6,186.984,143.0,190.544,138.576zM188.312,115.36c0.0,-4.416,3.584,-8.0,8.0,-8.0s8.0,3.584,8.0,8.0s-3.584,8.0,-8.0,8.0S188.312,119.776,188.312,115.36zM292.312,275.36c-12.6,0.0,-22.848,9.792,-23.816,22.152c-17.704,-5.312,-37.552,-21.888,-54.08,-44.944l21.736,-21.736C240.92,233.64,246.392,235.36,252.312,235.36c17.648,0.0,32.0,-14.352,32.0,-32.0c0.0,-5.92,-1.72,-11.392,-4.536,-16.152l6.28,-6.28c0.52,0.936,1.064,1.84,1.568,2.792c18.408,34.408,24.96,71.576,17.648,94.44c-0.224,0.232,-0.456,0.456,-0.68,0.688C300.984,276.68,296.816,275.36,292.312,275.36zM300.312,299.36c0.0,4.416,-3.584,8.0,-8.0,8.0c-4.416,0.0,-8.0,-3.584,-8.0,-8.0c0.0,-4.416,3.584,-8.0,8.0,-8.0C296.728,291.36,300.312,294.944,300.312,299.36zM256.856,310.168c-21.264,7.352,-42.384,6.816,-59.944,-2.088c-8.144,-4.128,-15.208,-9.848,-21.088,-16.912l27.16,-27.16C219.208,286.0,238.32,302.344,256.856,310.168zM236.312,203.36c0.0,-8.824,7.176,-16.0,16.0,-16.0c8.824,0.0,16.0,7.176,16.0,16.0c0.0,8.824,-7.176,16.0,-16.0,16.0C243.488,219.36,236.312,212.184,236.312,203.36zM301.744,176.168c-1.272,-2.376,-2.6,-4.688,-3.936,-6.984l40.008,-40.008c2.184,4.256,4.088,8.792,5.632,13.648c9.624,30.248,5.04,66.768,-12.592,100.176c-2.048,3.888,-4.248,7.664,-6.592,11.328C323.8,230.768,316.16,203.128,301.744,176.168zM288.976,155.384c-17.192,-24.752,-38.08,-43.08,-58.216,-51.248c26.536,-14.704,54.368,-16.936,76.96,-5.496c8.144,4.128,15.208,9.848,21.088,16.912L288.976,155.384zM186.888,238.544c2.208,4.12,4.552,8.08,6.96,11.96l-27.032,27.032c-2.192,-4.248,-4.096,-8.792,-5.64,-13.648c-8.056,-25.312,-6.024,-54.992,5.144,-83.592C169.48,198.848,176.368,218.88,186.888,238.544zM252.312,19.36c4.416,0.0,8.0,3.584,8.0,8.0s-3.584,8.0,-8.0,8.0c-4.416,0.0,-8.0,-3.584,-8.0,-8.0S247.896,19.36,252.312,19.36zM230.368,37.0C234.096,45.44,242.512,51.36,252.312,51.36s18.216,-5.92,21.944,-14.36c35.208,4.568,66.688,19.512,91.272,41.824l-25.384,25.384c-7.072,-8.2,-15.48,-14.92,-25.192,-19.84c-30.8,-15.632,-68.944,-10.776,-103.256,12.72C207.52,93.568,202.192,91.36,196.312,91.36c-13.232,0.0,-24.0,10.768,-24.0,24.0c0.0,1.816,0.24,3.568,0.624,5.272c-4.248,7.416,-6.936,16.32,-8.04,26.352c-1.848,3.032,-3.616,6.12,-5.28,9.272c-19.616,37.176,-24.6,78.184,-13.688,112.496c2.368,7.44,5.488,14.248,9.16,20.528l-26.896,26.896C101.032,286.32,84.312,246.8,84.312,203.36C84.312,118.104,146.664,47.856,230.368,37.0zM364.312,475.36v8.0H140.312v-8.0c0.0,-22.056,17.944,-40.0,40.0,-40.0h144.0C346.368,435.36,364.312,453.304,364.312,475.36zM252.312,419.36c-116.416,0.0,-211.568,-92.592,-215.8,-208.0h32.0c4.208,97.76,85.024,176.0,183.8,176.0s179.592,-78.24,183.8,-176.0h32.0C463.88,326.768,368.728,419.36,252.312,419.36z"">
    </path>
    <rect height=""16"" width=""16"" x=""244.312"" y=""451.360"">
    </rect>
    <rect height=""16"" width=""16"" x=""276.312"" y=""451.360"">
    </rect>
    <rect height=""16"" width=""16"" x=""212.312"" y=""451.360"">
    </rect>
   </g>
  </g>
 </g>
</svg>


Question: What shape is the outermost part of the object?",Square,Triangle,Circle,Hexagon,C,science
145,"Examine the following SVG code carefully and answer the question based on your interpretation of the rendered image.

<svg id=""Layer_1"" style=""enable-background:new 0 0 496 496;"" version=""1.1"" viewbox=""0 0 496 496"" x=""0px"" xml:space=""preserve"" y=""0px"">
 <g>
  <g>
   <g>
    <path d=""M484.312,195.36v-16.0h-16.0v16.0h-32.376C432.128,105.304,364.872,32.152,275.352,21.016C272.552,10.872,263.336,3.36,252.312,3.36s-20.24,7.512,-23.04,17.656C139.752,32.152,72.496,105.304,68.688,195.36H36.312v-8.0H20.312v8.0H4.312v16.0h16.2c3.264,95.568,64.568,176.632,149.728,208.96C144.16,425.08,124.312,447.928,124.312,475.36v8.0h-16.0v16.0h288.0v-16.0h-16.0v-8.0c0.0,-27.432,-19.848,-50.28,-45.928,-55.04C419.544,387.992,480.848,306.928,484.112,211.36H500.312v-16.0H484.312zM420.312,203.36c0.0,92.632,-75.368,168.0,-168.0,168.0c-43.44,0.0,-82.96,-16.72,-112.808,-43.872l24.984,-24.984c7.072,8.2,15.48,14.92,25.192,19.84c11.84,6.008,24.888,8.984,38.472,8.976c16.28,0.0,33.296,-4.32,49.88,-12.792C282.024,321.52,286.936,323.36,292.312,323.36c13.232,0.0,24.0,-10.768,24.0,-24.0c0.0,-1.816,-0.24,-3.576,-0.624,-5.28c1.32,-2.312,2.544,-4.72,3.56,-7.312c10.056,-10.832,18.728,-22.976,25.76,-36.296c19.616,-37.184,24.6,-78.192,13.68,-112.504c-2.368,-7.432,-5.48,-14.248,-9.152,-20.52l27.304,-27.304C403.992,120.008,420.312,159.736,420.312,203.36zM190.544,138.576C192.4,139.04,194.312,139.36,196.312,139.36c12.6,0.0,22.848,-9.792,23.816,-22.152c18.888,5.664,40.208,24.184,57.344,49.68l-9.0,9.0C263.704,173.08,258.232,171.36,252.312,171.36c-17.648,0.0,-32.0,14.352,-32.0,32.0c0.0,5.92,1.72,11.392,4.536,16.152l-19.376,19.376c-1.536,-2.576,-3.032,-5.2,-4.472,-7.888c-14.592,-27.272,-21.736,-56.304,-20.432,-78.568C183.648,147.6,186.984,143.0,190.544,138.576zM188.312,115.36c0.0,-4.416,3.584,-8.0,8.0,-8.0s8.0,3.584,8.0,8.0s-3.584,8.0,-8.0,8.0S188.312,119.776,188.312,115.36zM292.312,275.36c-12.6,0.0,-22.848,9.792,-23.816,22.152c-17.704,-5.312,-37.552,-21.888,-54.08,-44.944l21.736,-21.736C240.92,233.64,246.392,235.36,252.312,235.36c17.648,0.0,32.0,-14.352,32.0,-32.0c0.0,-5.92,-1.72,-11.392,-4.536,-16.152l6.28,-6.28c0.52,0.936,1.064,1.84,1.568,2.792c18.408,34.408,24.96,71.576,17.648,94.44c-0.224,0.232,-0.456,0.456,-0.68,0.688C300.984,276.68,296.816,275.36,292.312,275.36zM300.312,299.36c0.0,4.416,-3.584,8.0,-8.0,8.0c-4.416,0.0,-8.0,-3.584,-8.0,-8.0c0.0,-4.416,3.584,-8.0,8.0,-8.0C296.728,291.36,300.312,294.944,300.312,299.36zM256.856,310.168c-21.264,7.352,-42.384,6.816,-59.944,-2.088c-8.144,-4.128,-15.208,-9.848,-21.088,-16.912l27.16,-27.16C219.208,286.0,238.32,302.344,256.856,310.168zM236.312,203.36c0.0,-8.824,7.176,-16.0,16.0,-16.0c8.824,0.0,16.0,7.176,16.0,16.0c0.0,8.824,-7.176,16.0,-16.0,16.0C243.488,219.36,236.312,212.184,236.312,203.36zM301.744,176.168c-1.272,-2.376,-2.6,-4.688,-3.936,-6.984l40.008,-40.008c2.184,4.256,4.088,8.792,5.632,13.648c9.624,30.248,5.04,66.768,-12.592,100.176c-2.048,3.888,-4.248,7.664,-6.592,11.328C323.8,230.768,316.16,203.128,301.744,176.168zM288.976,155.384c-17.192,-24.752,-38.08,-43.08,-58.216,-51.248c26.536,-14.704,54.368,-16.936,76.96,-5.496c8.144,4.128,15.208,9.848,21.088,16.912L288.976,155.384zM186.888,238.544c2.208,4.12,4.552,8.08,6.96,11.96l-27.032,27.032c-2.192,-4.248,-4.096,-8.792,-5.64,-13.648c-8.056,-25.312,-6.024,-54.992,5.144,-83.592C169.48,198.848,176.368,218.88,186.888,238.544zM252.312,19.36c4.416,0.0,8.0,3.584,8.0,8.0s-3.584,8.0,-8.0,8.0c-4.416,0.0,-8.0,-3.584,-8.0,-8.0S247.896,19.36,252.312,19.36zM230.368,37.0C234.096,45.44,242.512,51.36,252.312,51.36s18.216,-5.92,21.944,-14.36c35.208,4.568,66.688,19.512,91.272,41.824l-25.384,25.384c-7.072,-8.2,-15.48,-14.92,-25.192,-19.84c-30.8,-15.632,-68.944,-10.776,-103.256,12.72C207.52,93.568,202.192,91.36,196.312,91.36c-13.232,0.0,-24.0,10.768,-24.0,24.0c0.0,1.816,0.24,3.568,0.624,5.272c-4.248,7.416,-6.936,16.32,-8.04,26.352c-1.848,3.032,-3.616,6.12,-5.28,9.272c-19.616,37.176,-24.6,78.184,-13.688,112.496c2.368,7.44,5.488,14.248,9.16,20.528l-26.896,26.896C101.032,286.32,84.312,246.8,84.312,203.36C84.312,118.104,146.664,47.856,230.368,37.0zM364.312,475.36v8.0H140.312v-8.0c0.0,-22.056,17.944,-40.0,40.0,-40.0h144.0C346.368,435.36,364.312,453.304,364.312,475.36zM252.312,419.36c-116.416,0.0,-211.568,-92.592,-215.8,-208.0h32.0c4.208,97.76,85.024,176.0,183.8,176.0s179.592,-78.24,183.8,-176.0h32.0C463.88,326.768,368.728,419.36,252.312,419.36z"">
    </path>
    <rect height=""16"" width=""16"" x=""244.312"" y=""451.360"">
    </rect>
    <rect height=""16"" width=""16"" x=""276.312"" y=""451.360"">
    </rect>
    <rect height=""16"" width=""16"" x=""212.312"" y=""451.360"">
    </rect>
   </g>
  </g>
 </g>
</svg>


Question: How many small circles are inside the object?",2,3,4,5,C,science
146,"Examine the following SVG code carefully and answer the question based on your interpretation of the rendered image.

<svg id=""Layer_1"" style=""enable-background:new 0 0 496 496;"" version=""1.1"" viewbox=""0 0 496 496"" x=""0px"" xml:space=""preserve"" y=""0px"">
 <g>
  <g>
   <g>
    <path d=""M484.312,195.36v-16.0h-16.0v16.0h-32.376C432.128,105.304,364.872,32.152,275.352,21.016C272.552,10.872,263.336,3.36,252.312,3.36s-20.24,7.512,-23.04,17.656C139.752,32.152,72.496,105.304,68.688,195.36H36.312v-8.0H20.312v8.0H4.312v16.0h16.2c3.264,95.568,64.568,176.632,149.728,208.96C144.16,425.08,124.312,447.928,124.312,475.36v8.0h-16.0v16.0h288.0v-16.0h-16.0v-8.0c0.0,-27.432,-19.848,-50.28,-45.928,-55.04C419.544,387.992,480.848,306.928,484.112,211.36H500.312v-16.0H484.312zM420.312,203.36c0.0,92.632,-75.368,168.0,-168.0,168.0c-43.44,0.0,-82.96,-16.72,-112.808,-43.872l24.984,-24.984c7.072,8.2,15.48,14.92,25.192,19.84c11.84,6.008,24.888,8.984,38.472,8.976c16.28,0.0,33.296,-4.32,49.88,-12.792C282.024,321.52,286.936,323.36,292.312,323.36c13.232,0.0,24.0,-10.768,24.0,-24.0c0.0,-1.816,-0.24,-3.576,-0.624,-5.28c1.32,-2.312,2.544,-4.72,3.56,-7.312c10.056,-10.832,18.728,-22.976,25.76,-36.296c19.616,-37.184,24.6,-78.192,13.68,-112.504c-2.368,-7.432,-5.48,-14.248,-9.152,-20.52l27.304,-27.304C403.992,120.008,420.312,159.736,420.312,203.36zM190.544,138.576C192.4,139.04,194.312,139.36,196.312,139.36c12.6,0.0,22.848,-9.792,23.816,-22.152c18.888,5.664,40.208,24.184,57.344,49.68l-9.0,9.0C263.704,173.08,258.232,171.36,252.312,171.36c-17.648,0.0,-32.0,14.352,-32.0,32.0c0.0,5.92,1.72,11.392,4.536,16.152l-19.376,19.376c-1.536,-2.576,-3.032,-5.2,-4.472,-7.888c-14.592,-27.272,-21.736,-56.304,-20.432,-78.568C183.648,147.6,186.984,143.0,190.544,138.576zM188.312,115.36c0.0,-4.416,3.584,-8.0,8.0,-8.0s8.0,3.584,8.0,8.0s-3.584,8.0,-8.0,8.0S188.312,119.776,188.312,115.36zM292.312,275.36c-12.6,0.0,-22.848,9.792,-23.816,22.152c-17.704,-5.312,-37.552,-21.888,-54.08,-44.944l21.736,-21.736C240.92,233.64,246.392,235.36,252.312,235.36c17.648,0.0,32.0,-14.352,32.0,-32.0c0.0,-5.92,-1.72,-11.392,-4.536,-16.152l6.28,-6.28c0.52,0.936,1.064,1.84,1.568,2.792c18.408,34.408,24.96,71.576,17.648,94.44c-0.224,0.232,-0.456,0.456,-0.68,0.688C300.984,276.68,296.816,275.36,292.312,275.36zM300.312,299.36c0.0,4.416,-3.584,8.0,-8.0,8.0c-4.416,0.0,-8.0,-3.584,-8.0,-8.0c0.0,-4.416,3.584,-8.0,8.0,-8.0C296.728,291.36,300.312,294.944,300.312,299.36zM256.856,310.168c-21.264,7.352,-42.384,6.816,-59.944,-2.088c-8.144,-4.128,-15.208,-9.848,-21.088,-16.912l27.16,-27.16C219.208,286.0,238.32,302.344,256.856,310.168zM236.312,203.36c0.0,-8.824,7.176,-16.0,16.0,-16.0c8.824,0.0,16.0,7.176,16.0,16.0c0.0,8.824,-7.176,16.0,-16.0,16.0C243.488,219.36,236.312,212.184,236.312,203.36zM301.744,176.168c-1.272,-2.376,-2.6,-4.688,-3.936,-6.984l40.008,-40.008c2.184,4.256,4.088,8.792,5.632,13.648c9.624,30.248,5.04,66.768,-12.592,100.176c-2.048,3.888,-4.248,7.664,-6.592,11.328C323.8,230.768,316.16,203.128,301.744,176.168zM288.976,155.384c-17.192,-24.752,-38.08,-43.08,-58.216,-51.248c26.536,-14.704,54.368,-16.936,76.96,-5.496c8.144,4.128,15.208,9.848,21.088,16.912L288.976,155.384zM186.888,238.544c2.208,4.12,4.552,8.08,6.96,11.96l-27.032,27.032c-2.192,-4.248,-4.096,-8.792,-5.64,-13.648c-8.056,-25.312,-6.024,-54.992,5.144,-83.592C169.48,198.848,176.368,218.88,186.888,238.544zM252.312,19.36c4.416,0.0,8.0,3.584,8.0,8.0s-3.584,8.0,-8.0,8.0c-4.416,0.0,-8.0,-3.584,-8.0,-8.0S247.896,19.36,252.312,19.36zM230.368,37.0C234.096,45.44,242.512,51.36,252.312,51.36s18.216,-5.92,21.944,-14.36c35.208,4.568,66.688,19.512,91.272,41.824l-25.384,25.384c-7.072,-8.2,-15.48,-14.92,-25.192,-19.84c-30.8,-15.632,-68.944,-10.776,-103.256,12.72C207.52,93.568,202.192,91.36,196.312,91.36c-13.232,0.0,-24.0,10.768,-24.0,24.0c0.0,1.816,0.24,3.568,0.624,5.272c-4.248,7.416,-6.936,16.32,-8.04,26.352c-1.848,3.032,-3.616,6.12,-5.28,9.272c-19.616,37.176,-24.6,78.184,-13.688,112.496c2.368,7.44,5.488,14.248,9.16,20.528l-26.896,26.896C101.032,286.32,84.312,246.8,84.312,203.36C84.312,118.104,146.664,47.856,230.368,37.0zM364.312,475.36v8.0H140.312v-8.0c0.0,-22.056,17.944,-40.0,40.0,-40.0h144.0C346.368,435.36,364.312,453.304,364.312,475.36zM252.312,419.36c-116.416,0.0,-211.568,-92.592,-215.8,-208.0h32.0c4.208,97.76,85.024,176.0,183.8,176.0s179.592,-78.24,183.8,-176.0h32.0C463.88,326.768,368.728,419.36,252.312,419.36z"">
    </path>
    <rect height=""16"" width=""16"" x=""244.312"" y=""451.360"">
    </rect>
    <rect height=""16"" width=""16"" x=""276.312"" y=""451.360"">
    </rect>
    <rect height=""16"" width=""16"" x=""212.312"" y=""451.360"">
    </rect>
   </g>
  </g>
 </g>
</svg>


Question: What is the shape of the base of the object?",Rectangle,Circle,Triangle,Pentagon,A,science
147,"Examine the following SVG code carefully and answer the question based on your interpretation of the rendered image.

<svg id=""Layer_1"" style=""enable-background:new 0 0 496 496;"" version=""1.1"" viewbox=""0 0 496 496"" x=""0px"" xml:space=""preserve"" y=""0px"">
 <g>
  <g>
   <g>
    <path d=""M484.312,195.36v-16.0h-16.0v16.0h-32.376C432.128,105.304,364.872,32.152,275.352,21.016C272.552,10.872,263.336,3.36,252.312,3.36s-20.24,7.512,-23.04,17.656C139.752,32.152,72.496,105.304,68.688,195.36H36.312v-8.0H20.312v8.0H4.312v16.0h16.2c3.264,95.568,64.568,176.632,149.728,208.96C144.16,425.08,124.312,447.928,124.312,475.36v8.0h-16.0v16.0h288.0v-16.0h-16.0v-8.0c0.0,-27.432,-19.848,-50.28,-45.928,-55.04C419.544,387.992,480.848,306.928,484.112,211.36H500.312v-16.0H484.312zM420.312,203.36c0.0,92.632,-75.368,168.0,-168.0,168.0c-43.44,0.0,-82.96,-16.72,-112.808,-43.872l24.984,-24.984c7.072,8.2,15.48,14.92,25.192,19.84c11.84,6.008,24.888,8.984,38.472,8.976c16.28,0.0,33.296,-4.32,49.88,-12.792C282.024,321.52,286.936,323.36,292.312,323.36c13.232,0.0,24.0,-10.768,24.0,-24.0c0.0,-1.816,-0.24,-3.576,-0.624,-5.28c1.32,-2.312,2.544,-4.72,3.56,-7.312c10.056,-10.832,18.728,-22.976,25.76,-36.296c19.616,-37.184,24.6,-78.192,13.68,-112.504c-2.368,-7.432,-5.48,-14.248,-9.152,-20.52l27.304,-27.304C403.992,120.008,420.312,159.736,420.312,203.36zM190.544,138.576C192.4,139.04,194.312,139.36,196.312,139.36c12.6,0.0,22.848,-9.792,23.816,-22.152c18.888,5.664,40.208,24.184,57.344,49.68l-9.0,9.0C263.704,173.08,258.232,171.36,252.312,171.36c-17.648,0.0,-32.0,14.352,-32.0,32.0c0.0,5.92,1.72,11.392,4.536,16.152l-19.376,19.376c-1.536,-2.576,-3.032,-5.2,-4.472,-7.888c-14.592,-27.272,-21.736,-56.304,-20.432,-78.568C183.648,147.6,186.984,143.0,190.544,138.576zM188.312,115.36c0.0,-4.416,3.584,-8.0,8.0,-8.0s8.0,3.584,8.0,8.0s-3.584,8.0,-8.0,8.0S188.312,119.776,188.312,115.36zM292.312,275.36c-12.6,0.0,-22.848,9.792,-23.816,22.152c-17.704,-5.312,-37.552,-21.888,-54.08,-44.944l21.736,-21.736C240.92,233.64,246.392,235.36,252.312,235.36c17.648,0.0,32.0,-14.352,32.0,-32.0c0.0,-5.92,-1.72,-11.392,-4.536,-16.152l6.28,-6.28c0.52,0.936,1.064,1.84,1.568,2.792c18.408,34.408,24.96,71.576,17.648,94.44c-0.224,0.232,-0.456,0.456,-0.68,0.688C300.984,276.68,296.816,275.36,292.312,275.36zM300.312,299.36c0.0,4.416,-3.584,8.0,-8.0,8.0c-4.416,0.0,-8.0,-3.584,-8.0,-8.0c0.0,-4.416,3.584,-8.0,8.0,-8.0C296.728,291.36,300.312,294.944,300.312,299.36zM256.856,310.168c-21.264,7.352,-42.384,6.816,-59.944,-2.088c-8.144,-4.128,-15.208,-9.848,-21.088,-16.912l27.16,-27.16C219.208,286.0,238.32,302.344,256.856,310.168zM236.312,203.36c0.0,-8.824,7.176,-16.0,16.0,-16.0c8.824,0.0,16.0,7.176,16.0,16.0c0.0,8.824,-7.176,16.0,-16.0,16.0C243.488,219.36,236.312,212.184,236.312,203.36zM301.744,176.168c-1.272,-2.376,-2.6,-4.688,-3.936,-6.984l40.008,-40.008c2.184,4.256,4.088,8.792,5.632,13.648c9.624,30.248,5.04,66.768,-12.592,100.176c-2.048,3.888,-4.248,7.664,-6.592,11.328C323.8,230.768,316.16,203.128,301.744,176.168zM288.976,155.384c-17.192,-24.752,-38.08,-43.08,-58.216,-51.248c26.536,-14.704,54.368,-16.936,76.96,-5.496c8.144,4.128,15.208,9.848,21.088,16.912L288.976,155.384zM186.888,238.544c2.208,4.12,4.552,8.08,6.96,11.96l-27.032,27.032c-2.192,-4.248,-4.096,-8.792,-5.64,-13.648c-8.056,-25.312,-6.024,-54.992,5.144,-83.592C169.48,198.848,176.368,218.88,186.888,238.544zM252.312,19.36c4.416,0.0,8.0,3.584,8.0,8.0s-3.584,8.0,-8.0,8.0c-4.416,0.0,-8.0,-3.584,-8.0,-8.0S247.896,19.36,252.312,19.36zM230.368,37.0C234.096,45.44,242.512,51.36,252.312,51.36s18.216,-5.92,21.944,-14.36c35.208,4.568,66.688,19.512,91.272,41.824l-25.384,25.384c-7.072,-8.2,-15.48,-14.92,-25.192,-19.84c-30.8,-15.632,-68.944,-10.776,-103.256,12.72C207.52,93.568,202.192,91.36,196.312,91.36c-13.232,0.0,-24.0,10.768,-24.0,24.0c0.0,1.816,0.24,3.568,0.624,5.272c-4.248,7.416,-6.936,16.32,-8.04,26.352c-1.848,3.032,-3.616,6.12,-5.28,9.272c-19.616,37.176,-24.6,78.184,-13.688,112.496c2.368,7.44,5.488,14.248,9.16,20.528l-26.896,26.896C101.032,286.32,84.312,246.8,84.312,203.36C84.312,118.104,146.664,47.856,230.368,37.0zM364.312,475.36v8.0H140.312v-8.0c0.0,-22.056,17.944,-40.0,40.0,-40.0h144.0C346.368,435.36,364.312,453.304,364.312,475.36zM252.312,419.36c-116.416,0.0,-211.568,-92.592,-215.8,-208.0h32.0c4.208,97.76,85.024,176.0,183.8,176.0s179.592,-78.24,183.8,-176.0h32.0C463.88,326.768,368.728,419.36,252.312,419.36z"">
    </path>
    <rect height=""16"" width=""16"" x=""244.312"" y=""451.360"">
    </rect>
    <rect height=""16"" width=""16"" x=""276.312"" y=""451.360"">
    </rect>
    <rect height=""16"" width=""16"" x=""212.312"" y=""451.360"">
    </rect>
   </g>
  </g>
 </g>
</svg>


Question: What is the object in the image?",Telescope,Microscope,Compass,Globe,D,science
48,"Examine the following SVG code carefully and answer the question based on your interpretation of the rendered image.

<svg id=""Layer_1"" style=""enable-background:new 0 0 511.497 511.497;"" version=""1.1"" viewbox=""0 0 511.497 511.497"" x=""0px"" xml:space=""preserve"" y=""0px"">
 <g>
  <g>
   <g>
    <path d=""M139.691,314.517c-23.526,0.0,-42.667,19.14,-42.667,42.667s19.14,42.667,42.667,42.667c23.526,0.0,42.667,-19.14,42.667,-42.667S163.218,314.517,139.691,314.517z"">
    </path>
    <rect height=""34.133"" width=""102.4"" x=""310.360"" y=""280.379"">
    </rect>
    <path d=""M463.958,357.184c0.0,-4.719,3.814,-8.533,8.533,-8.533h42.163c-4.258,-38.34,-36.83,-68.267,-76.297,-68.267h-8.533v42.667c0.0,4.719,-3.814,8.533,-8.533,8.533H301.825c-4.719,0.0,-8.533,-3.814,-8.533,-8.533v-42.667h-40.806c-13.338,-19.533,-31.667,-35.311,-53.06,-45.781v-31.019h8.533c2.961,0.0,5.7,-1.536,7.262,-4.053c1.553,-2.517,1.698,-5.658,0.375,-8.294l-16.171,-32.333V69.064l7.637,-15.266c1.323,-2.637,1.178,-5.777,-0.375,-8.294c-1.562,-2.517,-4.301,-4.053,-7.262,-4.053h-51.2c-2.961,0.0,-5.7,1.536,-7.262,4.053c-1.553,2.517,-1.698,5.658,-0.375,8.294l7.637,15.266v89.839l-16.171,32.333c-1.323,2.637,-1.178,5.777,0.375,8.294c1.562,2.517,4.301,4.053,7.262,4.053h8.533v17.502c-2.833,-0.179,-5.649,-0.435,-8.533,-0.435C64.41,220.65,3.158,281.903,3.158,357.184c0.0,4.719,3.814,8.533,8.533,8.533h8.969c4.403,61.892,56.038,110.933,119.032,110.933c36.642,0.0,69.444,-16.614,91.375,-42.667H438.358c26.573,0.0,50.022,-13.568,63.812,-34.133h-46.746c-4.719,0.0,-8.533,-3.814,-8.533,-8.533s3.814,-8.533,8.533,-8.533h55.253c1.937,-5.444,3.319,-11.136,3.977,-17.067h-42.163C467.772,365.717,463.958,361.903,463.958,357.184zM165.291,203.584H182.358v23.962c-0.136,-0.051,-0.273,-0.077,-0.41,-0.119c-1.877,-0.614,-3.789,-1.126,-5.7,-1.655c-1.459,-0.401,-2.918,-0.785,-4.395,-1.135c-2.176,-0.529,-4.343,-1.067,-6.562,-1.493V203.584zM241.741,365.734c-0.256,3.072,-0.674,6.101,-1.195,9.088c-0.188,1.05,-0.444,2.074,-0.657,3.106c-0.393,1.911,-0.802,3.806,-1.306,5.675c-0.358,1.323,-0.777,2.628,-1.178,3.934c-0.461,1.476,-0.939,2.944,-1.459,4.386c-0.572,1.57,-1.195,3.123,-1.843,4.668c-0.435,1.033,-0.887,2.057,-1.348,3.081c-0.862,1.852,-1.758,3.695,-2.731,5.504c-0.282,0.529,-0.58,1.05,-0.87,1.57c-2.603,4.651,-5.564,9.148,-8.926,13.44c-0.034,0.043,-0.051,0.102,-0.085,0.145c-18.765,23.859,-47.821,39.253,-80.452,39.253c-53.589,0.0,-97.698,-41.387,-102.05,-93.867h8.183c4.719,0.0,8.533,-3.814,8.533,-8.533c0.0,-47.053,38.281,-85.333,85.333,-85.333s85.333,38.281,85.333,85.333c0.0,4.719,3.814,8.533,8.533,8.533h8.183V365.734zM250.625,348.65h-8.883c-4.352,-52.48,-48.461,-93.867,-102.05,-93.867s-97.698,41.387,-102.05,93.867H28.758h-8.235c4.395,-61.909,56.166,-110.933,119.168,-110.933c5.41,0.0,10.701,0.486,15.923,1.186l0.008,0.008c7.526,1.007,14.831,2.739,21.871,5.06c1.408,0.478,2.816,0.947,4.198,1.476c1.476,0.546,2.944,1.118,4.386,1.724c22.588,9.566,41.617,25.865,54.596,46.396c5.094,8.064,9.122,16.657,12.143,25.549c0.239,0.708,0.461,1.425,0.683,2.133c1.178,3.686,2.142,7.433,2.953,11.213c0.179,0.862,0.401,1.715,0.563,2.586c0.853,4.489,1.502,9.028,1.835,13.602H250.625z"">
    </path>
   </g>
  </g>
 </g>
</svg>


Question: What shape is the large wheel at the front of the object?",Square,Triangle,Circle,Hexagon,C,tool
49,"Examine the following SVG code carefully and answer the question based on your interpretation of the rendered image.

<svg id=""Layer_1"" style=""enable-background:new 0 0 511.497 511.497;"" version=""1.1"" viewbox=""0 0 511.497 511.497"" x=""0px"" xml:space=""preserve"" y=""0px"">
 <g>
  <g>
   <g>
    <path d=""M139.691,314.517c-23.526,0.0,-42.667,19.14,-42.667,42.667s19.14,42.667,42.667,42.667c23.526,0.0,42.667,-19.14,42.667,-42.667S163.218,314.517,139.691,314.517z"">
    </path>
    <rect height=""34.133"" width=""102.4"" x=""310.360"" y=""280.379"">
    </rect>
    <path d=""M463.958,357.184c0.0,-4.719,3.814,-8.533,8.533,-8.533h42.163c-4.258,-38.34,-36.83,-68.267,-76.297,-68.267h-8.533v42.667c0.0,4.719,-3.814,8.533,-8.533,8.533H301.825c-4.719,0.0,-8.533,-3.814,-8.533,-8.533v-42.667h-40.806c-13.338,-19.533,-31.667,-35.311,-53.06,-45.781v-31.019h8.533c2.961,0.0,5.7,-1.536,7.262,-4.053c1.553,-2.517,1.698,-5.658,0.375,-8.294l-16.171,-32.333V69.064l7.637,-15.266c1.323,-2.637,1.178,-5.777,-0.375,-8.294c-1.562,-2.517,-4.301,-4.053,-7.262,-4.053h-51.2c-2.961,0.0,-5.7,1.536,-7.262,4.053c-1.553,2.517,-1.698,5.658,-0.375,8.294l7.637,15.266v89.839l-16.171,32.333c-1.323,2.637,-1.178,5.777,0.375,8.294c1.562,2.517,4.301,4.053,7.262,4.053h8.533v17.502c-2.833,-0.179,-5.649,-0.435,-8.533,-0.435C64.41,220.65,3.158,281.903,3.158,357.184c0.0,4.719,3.814,8.533,8.533,8.533h8.969c4.403,61.892,56.038,110.933,119.032,110.933c36.642,0.0,69.444,-16.614,91.375,-42.667H438.358c26.573,0.0,50.022,-13.568,63.812,-34.133h-46.746c-4.719,0.0,-8.533,-3.814,-8.533,-8.533s3.814,-8.533,8.533,-8.533h55.253c1.937,-5.444,3.319,-11.136,3.977,-17.067h-42.163C467.772,365.717,463.958,361.903,463.958,357.184zM165.291,203.584H182.358v23.962c-0.136,-0.051,-0.273,-0.077,-0.41,-0.119c-1.877,-0.614,-3.789,-1.126,-5.7,-1.655c-1.459,-0.401,-2.918,-0.785,-4.395,-1.135c-2.176,-0.529,-4.343,-1.067,-6.562,-1.493V203.584zM241.741,365.734c-0.256,3.072,-0.674,6.101,-1.195,9.088c-0.188,1.05,-0.444,2.074,-0.657,3.106c-0.393,1.911,-0.802,3.806,-1.306,5.675c-0.358,1.323,-0.777,2.628,-1.178,3.934c-0.461,1.476,-0.939,2.944,-1.459,4.386c-0.572,1.57,-1.195,3.123,-1.843,4.668c-0.435,1.033,-0.887,2.057,-1.348,3.081c-0.862,1.852,-1.758,3.695,-2.731,5.504c-0.282,0.529,-0.58,1.05,-0.87,1.57c-2.603,4.651,-5.564,9.148,-8.926,13.44c-0.034,0.043,-0.051,0.102,-0.085,0.145c-18.765,23.859,-47.821,39.253,-80.452,39.253c-53.589,0.0,-97.698,-41.387,-102.05,-93.867h8.183c4.719,0.0,8.533,-3.814,8.533,-8.533c0.0,-47.053,38.281,-85.333,85.333,-85.333s85.333,38.281,85.333,85.333c0.0,4.719,3.814,8.533,8.533,8.533h8.183V365.734zM250.625,348.65h-8.883c-4.352,-52.48,-48.461,-93.867,-102.05,-93.867s-97.698,41.387,-102.05,93.867H28.758h-8.235c4.395,-61.909,56.166,-110.933,119.168,-110.933c5.41,0.0,10.701,0.486,15.923,1.186l0.008,0.008c7.526,1.007,14.831,2.739,21.871,5.06c1.408,0.478,2.816,0.947,4.198,1.476c1.476,0.546,2.944,1.118,4.386,1.724c22.588,9.566,41.617,25.865,54.596,46.396c5.094,8.064,9.122,16.657,12.143,25.549c0.239,0.708,0.461,1.425,0.683,2.133c1.178,3.686,2.142,7.433,2.953,11.213c0.179,0.862,0.401,1.715,0.563,2.586c0.853,4.489,1.502,9.028,1.835,13.602H250.625z"">
    </path>
   </g>
  </g>
 </g>
</svg>


Question: What is the shape of the handle on the object?",Circle,Triangle,Rectangle,Pentagon,C,tool
50,"Examine the following SVG code carefully and answer the question based on your interpretation of the rendered image.

<svg id=""Layer_1"" style=""enable-background:new 0 0 511.497 511.497;"" version=""1.1"" viewbox=""0 0 511.497 511.497"" x=""0px"" xml:space=""preserve"" y=""0px"">
 <g>
  <g>
   <g>
    <path d=""M139.691,314.517c-23.526,0.0,-42.667,19.14,-42.667,42.667s19.14,42.667,42.667,42.667c23.526,0.0,42.667,-19.14,42.667,-42.667S163.218,314.517,139.691,314.517z"">
    </path>
    <rect height=""34.133"" width=""102.4"" x=""310.360"" y=""280.379"">
    </rect>
    <path d=""M463.958,357.184c0.0,-4.719,3.814,-8.533,8.533,-8.533h42.163c-4.258,-38.34,-36.83,-68.267,-76.297,-68.267h-8.533v42.667c0.0,4.719,-3.814,8.533,-8.533,8.533H301.825c-4.719,0.0,-8.533,-3.814,-8.533,-8.533v-42.667h-40.806c-13.338,-19.533,-31.667,-35.311,-53.06,-45.781v-31.019h8.533c2.961,0.0,5.7,-1.536,7.262,-4.053c1.553,-2.517,1.698,-5.658,0.375,-8.294l-16.171,-32.333V69.064l7.637,-15.266c1.323,-2.637,1.178,-5.777,-0.375,-8.294c-1.562,-2.517,-4.301,-4.053,-7.262,-4.053h-51.2c-2.961,0.0,-5.7,1.536,-7.262,4.053c-1.553,2.517,-1.698,5.658,-0.375,8.294l7.637,15.266v89.839l-16.171,32.333c-1.323,2.637,-1.178,5.777,0.375,8.294c1.562,2.517,4.301,4.053,7.262,4.053h8.533v17.502c-2.833,-0.179,-5.649,-0.435,-8.533,-0.435C64.41,220.65,3.158,281.903,3.158,357.184c0.0,4.719,3.814,8.533,8.533,8.533h8.969c4.403,61.892,56.038,110.933,119.032,110.933c36.642,0.0,69.444,-16.614,91.375,-42.667H438.358c26.573,0.0,50.022,-13.568,63.812,-34.133h-46.746c-4.719,0.0,-8.533,-3.814,-8.533,-8.533s3.814,-8.533,8.533,-8.533h55.253c1.937,-5.444,3.319,-11.136,3.977,-17.067h-42.163C467.772,365.717,463.958,361.903,463.958,357.184zM165.291,203.584H182.358v23.962c-0.136,-0.051,-0.273,-0.077,-0.41,-0.119c-1.877,-0.614,-3.789,-1.126,-5.7,-1.655c-1.459,-0.401,-2.918,-0.785,-4.395,-1.135c-2.176,-0.529,-4.343,-1.067,-6.562,-1.493V203.584zM241.741,365.734c-0.256,3.072,-0.674,6.101,-1.195,9.088c-0.188,1.05,-0.444,2.074,-0.657,3.106c-0.393,1.911,-0.802,3.806,-1.306,5.675c-0.358,1.323,-0.777,2.628,-1.178,3.934c-0.461,1.476,-0.939,2.944,-1.459,4.386c-0.572,1.57,-1.195,3.123,-1.843,4.668c-0.435,1.033,-0.887,2.057,-1.348,3.081c-0.862,1.852,-1.758,3.695,-2.731,5.504c-0.282,0.529,-0.58,1.05,-0.87,1.57c-2.603,4.651,-5.564,9.148,-8.926,13.44c-0.034,0.043,-0.051,0.102,-0.085,0.145c-18.765,23.859,-47.821,39.253,-80.452,39.253c-53.589,0.0,-97.698,-41.387,-102.05,-93.867h8.183c4.719,0.0,8.533,-3.814,8.533,-8.533c0.0,-47.053,38.281,-85.333,85.333,-85.333s85.333,38.281,85.333,85.333c0.0,4.719,3.814,8.533,8.533,8.533h8.183V365.734zM250.625,348.65h-8.883c-4.352,-52.48,-48.461,-93.867,-102.05,-93.867s-97.698,41.387,-102.05,93.867H28.758h-8.235c4.395,-61.909,56.166,-110.933,119.168,-110.933c5.41,0.0,10.701,0.486,15.923,1.186l0.008,0.008c7.526,1.007,14.831,2.739,21.871,5.06c1.408,0.478,2.816,0.947,4.198,1.476c1.476,0.546,2.944,1.118,4.386,1.724c22.588,9.566,41.617,25.865,54.596,46.396c5.094,8.064,9.122,16.657,12.143,25.549c0.239,0.708,0.461,1.425,0.683,2.133c1.178,3.686,2.142,7.433,2.953,11.213c0.179,0.862,0.401,1.715,0.563,2.586c0.853,4.489,1.502,9.028,1.835,13.602H250.625z"">
    </path>
   </g>
  </g>
 </g>
</svg>


Question: How many wheels does the object have?",One,Two,Three,Four,A,tool
51,"Examine the following SVG code carefully and answer the question based on your interpretation of the rendered image.

<svg id=""Layer_1"" style=""enable-background:new 0 0 511.497 511.497;"" version=""1.1"" viewbox=""0 0 511.497 511.497"" x=""0px"" xml:space=""preserve"" y=""0px"">
 <g>
  <g>
   <g>
    <path d=""M139.691,314.517c-23.526,0.0,-42.667,19.14,-42.667,42.667s19.14,42.667,42.667,42.667c23.526,0.0,42.667,-19.14,42.667,-42.667S163.218,314.517,139.691,314.517z"">
    </path>
    <rect height=""34.133"" width=""102.4"" x=""310.360"" y=""280.379"">
    </rect>
    <path d=""M463.958,357.184c0.0,-4.719,3.814,-8.533,8.533,-8.533h42.163c-4.258,-38.34,-36.83,-68.267,-76.297,-68.267h-8.533v42.667c0.0,4.719,-3.814,8.533,-8.533,8.533H301.825c-4.719,0.0,-8.533,-3.814,-8.533,-8.533v-42.667h-40.806c-13.338,-19.533,-31.667,-35.311,-53.06,-45.781v-31.019h8.533c2.961,0.0,5.7,-1.536,7.262,-4.053c1.553,-2.517,1.698,-5.658,0.375,-8.294l-16.171,-32.333V69.064l7.637,-15.266c1.323,-2.637,1.178,-5.777,-0.375,-8.294c-1.562,-2.517,-4.301,-4.053,-7.262,-4.053h-51.2c-2.961,0.0,-5.7,1.536,-7.262,4.053c-1.553,2.517,-1.698,5.658,-0.375,8.294l7.637,15.266v89.839l-16.171,32.333c-1.323,2.637,-1.178,5.777,0.375,8.294c1.562,2.517,4.301,4.053,7.262,4.053h8.533v17.502c-2.833,-0.179,-5.649,-0.435,-8.533,-0.435C64.41,220.65,3.158,281.903,3.158,357.184c0.0,4.719,3.814,8.533,8.533,8.533h8.969c4.403,61.892,56.038,110.933,119.032,110.933c36.642,0.0,69.444,-16.614,91.375,-42.667H438.358c26.573,0.0,50.022,-13.568,63.812,-34.133h-46.746c-4.719,0.0,-8.533,-3.814,-8.533,-8.533s3.814,-8.533,8.533,-8.533h55.253c1.937,-5.444,3.319,-11.136,3.977,-17.067h-42.163C467.772,365.717,463.958,361.903,463.958,357.184zM165.291,203.584H182.358v23.962c-0.136,-0.051,-0.273,-0.077,-0.41,-0.119c-1.877,-0.614,-3.789,-1.126,-5.7,-1.655c-1.459,-0.401,-2.918,-0.785,-4.395,-1.135c-2.176,-0.529,-4.343,-1.067,-6.562,-1.493V203.584zM241.741,365.734c-0.256,3.072,-0.674,6.101,-1.195,9.088c-0.188,1.05,-0.444,2.074,-0.657,3.106c-0.393,1.911,-0.802,3.806,-1.306,5.675c-0.358,1.323,-0.777,2.628,-1.178,3.934c-0.461,1.476,-0.939,2.944,-1.459,4.386c-0.572,1.57,-1.195,3.123,-1.843,4.668c-0.435,1.033,-0.887,2.057,-1.348,3.081c-0.862,1.852,-1.758,3.695,-2.731,5.504c-0.282,0.529,-0.58,1.05,-0.87,1.57c-2.603,4.651,-5.564,9.148,-8.926,13.44c-0.034,0.043,-0.051,0.102,-0.085,0.145c-18.765,23.859,-47.821,39.253,-80.452,39.253c-53.589,0.0,-97.698,-41.387,-102.05,-93.867h8.183c4.719,0.0,8.533,-3.814,8.533,-8.533c0.0,-47.053,38.281,-85.333,85.333,-85.333s85.333,38.281,85.333,85.333c0.0,4.719,3.814,8.533,8.533,8.533h8.183V365.734zM250.625,348.65h-8.883c-4.352,-52.48,-48.461,-93.867,-102.05,-93.867s-97.698,41.387,-102.05,93.867H28.758h-8.235c4.395,-61.909,56.166,-110.933,119.168,-110.933c5.41,0.0,10.701,0.486,15.923,1.186l0.008,0.008c7.526,1.007,14.831,2.739,21.871,5.06c1.408,0.478,2.816,0.947,4.198,1.476c1.476,0.546,2.944,1.118,4.386,1.724c22.588,9.566,41.617,25.865,54.596,46.396c5.094,8.064,9.122,16.657,12.143,25.549c0.239,0.708,0.461,1.425,0.683,2.133c1.178,3.686,2.142,7.433,2.953,11.213c0.179,0.862,0.401,1.715,0.563,2.586c0.853,4.489,1.502,9.028,1.835,13.602H250.625z"">
    </path>
   </g>
  </g>
 </g>
</svg>


Question: What type of object is depicted in the image?",Saw,Airplane,Car,Boat,A,tool
60,"Examine the following SVG code carefully and answer the question based on your interpretation of the rendered image.

<svg height=""448.013px"" id=""Capa_1"" style=""enable-background:new 0 0 448.013 448.013;"" version=""1.1"" viewbox=""0 0 448.013 448.013"" width=""448.013px"" x=""0px"" xml:space=""preserve"" y=""0px"">
 <g>
  <path d=""M226.453,451.832c45.23,0.0,81.894,-51.227,81.894,-113.994c0.0,-4.533,-0.239,-37.581,-0.612,-47.144h-70.925V100.639c26.421,-4.59,46.799,-33.402,46.799,-68.391c0.0,-2.754,-0.162,-28.429,-0.411,-28.429H175.676c-0.249,0.0,-0.412,25.666,-0.412,28.42c0.0,33.029,18.159,60.578,42.41,67.435v191.021H145.162c-0.373,9.562,-0.612,42.726,-0.612,47.258C144.56,400.72,181.222,451.832,226.453,451.832zM189.216,35.978c0.0,-2.046,0.125,-3.471,0.306,-3.471h79.857c0.182,0.0,0.306,1.062,0.306,3.108c0.0,28.353,-18.006,52.441,-40.229,52.441C207.233,88.055,189.216,64.34,189.216,35.978zM228.442,377.952c-2.515,0.0,-4.657,-12.393,-5.537,-29.883c-0.277,-5.46,-0.44,-11.389,-0.44,-17.633c0.0,-7.421,0.229,-14.363,0.612,-20.617h10.719c0.383,6.264,0.612,13.196,0.612,20.617c0.0,6.244,-0.163,12.173,-0.439,17.633C233.099,365.559,230.957,377.952,228.442,377.952z"">
  </path>
 </g>
</svg>


Question: What shape is the handle of the object?",Circular,Triangular,Rectangular,Shield-shaped,D,tool
61,"Examine the following SVG code carefully and answer the question based on your interpretation of the rendered image.

<svg height=""448.013px"" id=""Capa_1"" style=""enable-background:new 0 0 448.013 448.013;"" version=""1.1"" viewbox=""0 0 448.013 448.013"" width=""448.013px"" x=""0px"" xml:space=""preserve"" y=""0px"">
 <g>
  <path d=""M226.453,451.832c45.23,0.0,81.894,-51.227,81.894,-113.994c0.0,-4.533,-0.239,-37.581,-0.612,-47.144h-70.925V100.639c26.421,-4.59,46.799,-33.402,46.799,-68.391c0.0,-2.754,-0.162,-28.429,-0.411,-28.429H175.676c-0.249,0.0,-0.412,25.666,-0.412,28.42c0.0,33.029,18.159,60.578,42.41,67.435v191.021H145.162c-0.373,9.562,-0.612,42.726,-0.612,47.258C144.56,400.72,181.222,451.832,226.453,451.832zM189.216,35.978c0.0,-2.046,0.125,-3.471,0.306,-3.471h79.857c0.182,0.0,0.306,1.062,0.306,3.108c0.0,28.353,-18.006,52.441,-40.229,52.441C207.233,88.055,189.216,64.34,189.216,35.978zM228.442,377.952c-2.515,0.0,-4.657,-12.393,-5.537,-29.883c-0.277,-5.46,-0.44,-11.389,-0.44,-17.633c0.0,-7.421,0.229,-14.363,0.612,-20.617h10.719c0.383,6.264,0.612,13.196,0.612,20.617c0.0,6.244,-0.163,12.173,-0.439,17.633C233.099,365.559,230.957,377.952,228.442,377.952z"">
  </path>
 </g>
</svg>


Question: What is the shape of the blade of the object?",Square,Circular,Triangular,Shield-shaped,D,tool
62,"Examine the following SVG code carefully and answer the question based on your interpretation of the rendered image.

<svg height=""448.013px"" id=""Capa_1"" style=""enable-background:new 0 0 448.013 448.013;"" version=""1.1"" viewbox=""0 0 448.013 448.013"" width=""448.013px"" x=""0px"" xml:space=""preserve"" y=""0px"">
 <g>
  <path d=""M226.453,451.832c45.23,0.0,81.894,-51.227,81.894,-113.994c0.0,-4.533,-0.239,-37.581,-0.612,-47.144h-70.925V100.639c26.421,-4.59,46.799,-33.402,46.799,-68.391c0.0,-2.754,-0.162,-28.429,-0.411,-28.429H175.676c-0.249,0.0,-0.412,25.666,-0.412,28.42c0.0,33.029,18.159,60.578,42.41,67.435v191.021H145.162c-0.373,9.562,-0.612,42.726,-0.612,47.258C144.56,400.72,181.222,451.832,226.453,451.832zM189.216,35.978c0.0,-2.046,0.125,-3.471,0.306,-3.471h79.857c0.182,0.0,0.306,1.062,0.306,3.108c0.0,28.353,-18.006,52.441,-40.229,52.441C207.233,88.055,189.216,64.34,189.216,35.978zM228.442,377.952c-2.515,0.0,-4.657,-12.393,-5.537,-29.883c-0.277,-5.46,-0.44,-11.389,-0.44,-17.633c0.0,-7.421,0.229,-14.363,0.612,-20.617h10.719c0.383,6.264,0.612,13.196,0.612,20.617c0.0,6.244,-0.163,12.173,-0.439,17.633C233.099,365.559,230.957,377.952,228.442,377.952z"">
  </path>
 </g>
</svg>


Question: What is the color of the object in the image?",Red,Blue,Black,Green,C,tool
63,"Examine the following SVG code carefully and answer the question based on your interpretation of the rendered image.

<svg height=""448.013px"" id=""Capa_1"" style=""enable-background:new 0 0 448.013 448.013;"" version=""1.1"" viewbox=""0 0 448.013 448.013"" width=""448.013px"" x=""0px"" xml:space=""preserve"" y=""0px"">
 <g>
  <path d=""M226.453,451.832c45.23,0.0,81.894,-51.227,81.894,-113.994c0.0,-4.533,-0.239,-37.581,-0.612,-47.144h-70.925V100.639c26.421,-4.59,46.799,-33.402,46.799,-68.391c0.0,-2.754,-0.162,-28.429,-0.411,-28.429H175.676c-0.249,0.0,-0.412,25.666,-0.412,28.42c0.0,33.029,18.159,60.578,42.41,67.435v191.021H145.162c-0.373,9.562,-0.612,42.726,-0.612,47.258C144.56,400.72,181.222,451.832,226.453,451.832zM189.216,35.978c0.0,-2.046,0.125,-3.471,0.306,-3.471h79.857c0.182,0.0,0.306,1.062,0.306,3.108c0.0,28.353,-18.006,52.441,-40.229,52.441C207.233,88.055,189.216,64.34,189.216,35.978zM228.442,377.952c-2.515,0.0,-4.657,-12.393,-5.537,-29.883c-0.277,-5.46,-0.44,-11.389,-0.44,-17.633c0.0,-7.421,0.229,-14.363,0.612,-20.617h10.719c0.383,6.264,0.612,13.196,0.612,20.617c0.0,6.244,-0.163,12.173,-0.439,17.633C233.099,365.559,230.957,377.952,228.442,377.952z"">
  </path>
 </g>
</svg>


Question: What is the object in the image?",Shovel,Hammer,Wrench,Screwdriver,A,tool
68,"Examine the following SVG code carefully and answer the question based on your interpretation of the rendered image.

<svg id=""Capa_1"" style=""enable-background:new 0 0 536.136 536.136;"" version=""1.1"" viewbox=""0 0 536.136 536.136"" x=""0px"" xml:space=""preserve"" y=""0px"">
 <path d=""M451.319,437.506c0.0,-11.028,-8.972,-20.0,-20.0,-20.0c0.0,0.0,-67.001,0.0,-89.334,0.0c-7.0,0.0,-11.572,-7.127,-11.572,-7.127l-1.141,-2.389c-4.384,-9.188,-15.793,-16.384,-25.973,-16.384h-11.063c0.0,0.0,-3.935,0.647,-3.935,-3.519c0.0,-84.312,0.0,-251.807,0.0,-337.249c0.0,-4.168,4.601,-4.304,4.601,-4.304h17.149c5.514,0.0,10.0,-4.486,10.0,-10.0V15.201c0.0,-5.514,-4.486,-10.0,-10.0,-10.0h-78.499c-5.514,0.0,-10.0,4.486,-10.0,10.0v21.334c0.0,5.514,4.486,10.0,10.0,10.0h17.266c0.0,0.0,4.483,0.053,4.483,4.304c0.0,85.442,0.0,252.936,0.0,337.249c0.0,4.25,-3.734,3.519,-3.734,3.519H238.304c-10.18,0.0,-21.589,7.196,-25.973,16.384l-1.449,3.035c0.0,0.0,-5.728,6.48,-13.395,6.48c-22.301,0.0,-87.202,0.0,-87.202,0.0c-11.028,0.0,-20.0,8.972,-20.0,20.0v31.925c0.0,2.176,2.829,27.833,5.093,41.43c1.332,8.004,2.758,14.409,4.236,19.04c1.093,3.423,3.651,11.436,9.901,11.436c8.879,0.0,11.751,-11.558,14.792,-23.794c1.242,-5.0,1.848,-15.671,5.087,-15.67c3.239,0.001,3.844,10.67,5.086,15.669c3.041,12.236,5.912,23.795,14.792,23.795c8.878,0.0,11.749,-11.558,14.788,-23.795c1.241,-4.998,1.842,-15.667,5.083,-15.668c3.241,-0.001,3.843,10.67,5.085,15.668c3.04,12.236,5.912,23.795,14.791,23.795c8.878,0.0,11.749,-11.558,14.789,-23.794c1.242,-4.999,1.844,-15.669,5.085,-15.669c3.241,0.0,3.842,10.67,5.084,15.668c3.04,12.237,5.911,23.795,14.789,23.795s11.749,-11.558,14.788,-23.795c1.241,-4.998,1.842,-15.667,5.083,-15.668c3.241,-0.001,3.843,10.67,5.085,15.668c3.04,12.237,5.911,23.795,14.79,23.795c8.878,0.0,11.749,-11.558,14.788,-23.795c1.241,-4.998,1.842,-15.668,5.083,-15.667c3.242,0.001,3.841,10.67,5.082,15.667c3.039,12.236,5.91,23.795,14.787,23.795c8.877,0.0,11.748,-11.558,14.787,-23.795c1.241,-4.998,1.841,-15.667,5.082,-15.667c3.241,0.0,3.843,10.67,5.084,15.668c3.04,12.236,5.91,23.794,14.788,23.794c8.878,0.0,11.749,-11.558,14.789,-23.795c1.241,-4.998,1.842,-15.668,5.083,-15.668c3.241,0.0,3.842,10.669,5.084,15.668c3.04,12.236,5.911,23.795,14.79,23.795c8.878,0.0,11.749,-11.559,14.789,-23.796c1.241,-4.997,1.842,-15.666,5.083,-15.666c3.241,0.0,3.842,10.669,5.083,15.667c3.039,12.237,5.91,23.795,14.788,23.795c10.636,0.0,14.689,-18.009,19.255,-43.449c0.865,-4.822,4.582,-22.551,4.582,-28.457V437.506z"">
 </path>
</svg>


Question: What is the shape of the handle in the image?",Circular,Square,T-shaped,Triangular,C,tool
69,"Examine the following SVG code carefully and answer the question based on your interpretation of the rendered image.

<svg id=""Capa_1"" style=""enable-background:new 0 0 536.136 536.136;"" version=""1.1"" viewbox=""0 0 536.136 536.136"" x=""0px"" xml:space=""preserve"" y=""0px"">
 <path d=""M451.319,437.506c0.0,-11.028,-8.972,-20.0,-20.0,-20.0c0.0,0.0,-67.001,0.0,-89.334,0.0c-7.0,0.0,-11.572,-7.127,-11.572,-7.127l-1.141,-2.389c-4.384,-9.188,-15.793,-16.384,-25.973,-16.384h-11.063c0.0,0.0,-3.935,0.647,-3.935,-3.519c0.0,-84.312,0.0,-251.807,0.0,-337.249c0.0,-4.168,4.601,-4.304,4.601,-4.304h17.149c5.514,0.0,10.0,-4.486,10.0,-10.0V15.201c0.0,-5.514,-4.486,-10.0,-10.0,-10.0h-78.499c-5.514,0.0,-10.0,4.486,-10.0,10.0v21.334c0.0,5.514,4.486,10.0,10.0,10.0h17.266c0.0,0.0,4.483,0.053,4.483,4.304c0.0,85.442,0.0,252.936,0.0,337.249c0.0,4.25,-3.734,3.519,-3.734,3.519H238.304c-10.18,0.0,-21.589,7.196,-25.973,16.384l-1.449,3.035c0.0,0.0,-5.728,6.48,-13.395,6.48c-22.301,0.0,-87.202,0.0,-87.202,0.0c-11.028,0.0,-20.0,8.972,-20.0,20.0v31.925c0.0,2.176,2.829,27.833,5.093,41.43c1.332,8.004,2.758,14.409,4.236,19.04c1.093,3.423,3.651,11.436,9.901,11.436c8.879,0.0,11.751,-11.558,14.792,-23.794c1.242,-5.0,1.848,-15.671,5.087,-15.67c3.239,0.001,3.844,10.67,5.086,15.669c3.041,12.236,5.912,23.795,14.792,23.795c8.878,0.0,11.749,-11.558,14.788,-23.795c1.241,-4.998,1.842,-15.667,5.083,-15.668c3.241,-0.001,3.843,10.67,5.085,15.668c3.04,12.236,5.912,23.795,14.791,23.795c8.878,0.0,11.749,-11.558,14.789,-23.794c1.242,-4.999,1.844,-15.669,5.085,-15.669c3.241,0.0,3.842,10.67,5.084,15.668c3.04,12.237,5.911,23.795,14.789,23.795s11.749,-11.558,14.788,-23.795c1.241,-4.998,1.842,-15.667,5.083,-15.668c3.241,-0.001,3.843,10.67,5.085,15.668c3.04,12.237,5.911,23.795,14.79,23.795c8.878,0.0,11.749,-11.558,14.788,-23.795c1.241,-4.998,1.842,-15.668,5.083,-15.667c3.242,0.001,3.841,10.67,5.082,15.667c3.039,12.236,5.91,23.795,14.787,23.795c8.877,0.0,11.748,-11.558,14.787,-23.795c1.241,-4.998,1.841,-15.667,5.082,-15.667c3.241,0.0,3.843,10.67,5.084,15.668c3.04,12.236,5.91,23.794,14.788,23.794c8.878,0.0,11.749,-11.558,14.789,-23.795c1.241,-4.998,1.842,-15.668,5.083,-15.668c3.241,0.0,3.842,10.669,5.084,15.668c3.04,12.236,5.911,23.795,14.79,23.795c8.878,0.0,11.749,-11.559,14.789,-23.796c1.241,-4.997,1.842,-15.666,5.083,-15.666c3.241,0.0,3.842,10.669,5.083,15.667c3.039,12.237,5.91,23.795,14.788,23.795c10.636,0.0,14.689,-18.009,19.255,-43.449c0.865,-4.822,4.582,-22.551,4.582,-28.457V437.506z"">
 </path>
</svg>


Question: How many prongs does the object in the image have?",9,7,11,13,A,tool
70,"Examine the following SVG code carefully and answer the question based on your interpretation of the rendered image.

<svg id=""Capa_1"" style=""enable-background:new 0 0 536.136 536.136;"" version=""1.1"" viewbox=""0 0 536.136 536.136"" x=""0px"" xml:space=""preserve"" y=""0px"">
 <path d=""M451.319,437.506c0.0,-11.028,-8.972,-20.0,-20.0,-20.0c0.0,0.0,-67.001,0.0,-89.334,0.0c-7.0,0.0,-11.572,-7.127,-11.572,-7.127l-1.141,-2.389c-4.384,-9.188,-15.793,-16.384,-25.973,-16.384h-11.063c0.0,0.0,-3.935,0.647,-3.935,-3.519c0.0,-84.312,0.0,-251.807,0.0,-337.249c0.0,-4.168,4.601,-4.304,4.601,-4.304h17.149c5.514,0.0,10.0,-4.486,10.0,-10.0V15.201c0.0,-5.514,-4.486,-10.0,-10.0,-10.0h-78.499c-5.514,0.0,-10.0,4.486,-10.0,10.0v21.334c0.0,5.514,4.486,10.0,10.0,10.0h17.266c0.0,0.0,4.483,0.053,4.483,4.304c0.0,85.442,0.0,252.936,0.0,337.249c0.0,4.25,-3.734,3.519,-3.734,3.519H238.304c-10.18,0.0,-21.589,7.196,-25.973,16.384l-1.449,3.035c0.0,0.0,-5.728,6.48,-13.395,6.48c-22.301,0.0,-87.202,0.0,-87.202,0.0c-11.028,0.0,-20.0,8.972,-20.0,20.0v31.925c0.0,2.176,2.829,27.833,5.093,41.43c1.332,8.004,2.758,14.409,4.236,19.04c1.093,3.423,3.651,11.436,9.901,11.436c8.879,0.0,11.751,-11.558,14.792,-23.794c1.242,-5.0,1.848,-15.671,5.087,-15.67c3.239,0.001,3.844,10.67,5.086,15.669c3.041,12.236,5.912,23.795,14.792,23.795c8.878,0.0,11.749,-11.558,14.788,-23.795c1.241,-4.998,1.842,-15.667,5.083,-15.668c3.241,-0.001,3.843,10.67,5.085,15.668c3.04,12.236,5.912,23.795,14.791,23.795c8.878,0.0,11.749,-11.558,14.789,-23.794c1.242,-4.999,1.844,-15.669,5.085,-15.669c3.241,0.0,3.842,10.67,5.084,15.668c3.04,12.237,5.911,23.795,14.789,23.795s11.749,-11.558,14.788,-23.795c1.241,-4.998,1.842,-15.667,5.083,-15.668c3.241,-0.001,3.843,10.67,5.085,15.668c3.04,12.237,5.911,23.795,14.79,23.795c8.878,0.0,11.749,-11.558,14.788,-23.795c1.241,-4.998,1.842,-15.668,5.083,-15.667c3.242,0.001,3.841,10.67,5.082,15.667c3.039,12.236,5.91,23.795,14.787,23.795c8.877,0.0,11.748,-11.558,14.787,-23.795c1.241,-4.998,1.841,-15.667,5.082,-15.667c3.241,0.0,3.843,10.67,5.084,15.668c3.04,12.236,5.91,23.794,14.788,23.794c8.878,0.0,11.749,-11.558,14.789,-23.795c1.241,-4.998,1.842,-15.668,5.083,-15.668c3.241,0.0,3.842,10.669,5.084,15.668c3.04,12.236,5.911,23.795,14.79,23.795c8.878,0.0,11.749,-11.559,14.789,-23.796c1.241,-4.997,1.842,-15.666,5.083,-15.666c3.241,0.0,3.842,10.669,5.083,15.667c3.039,12.237,5.91,23.795,14.788,23.795c10.636,0.0,14.689,-18.009,19.255,-43.449c0.865,-4.822,4.582,-22.551,4.582,-28.457V437.506z"">
 </path>
</svg>


Question: What is the color of the object in the image?",Red,Blue,Black,Green,C,tool
71,"Examine the following SVG code carefully and answer the question based on your interpretation of the rendered image.

<svg id=""Capa_1"" style=""enable-background:new 0 0 536.136 536.136;"" version=""1.1"" viewbox=""0 0 536.136 536.136"" x=""0px"" xml:space=""preserve"" y=""0px"">
 <path d=""M451.319,437.506c0.0,-11.028,-8.972,-20.0,-20.0,-20.0c0.0,0.0,-67.001,0.0,-89.334,0.0c-7.0,0.0,-11.572,-7.127,-11.572,-7.127l-1.141,-2.389c-4.384,-9.188,-15.793,-16.384,-25.973,-16.384h-11.063c0.0,0.0,-3.935,0.647,-3.935,-3.519c0.0,-84.312,0.0,-251.807,0.0,-337.249c0.0,-4.168,4.601,-4.304,4.601,-4.304h17.149c5.514,0.0,10.0,-4.486,10.0,-10.0V15.201c0.0,-5.514,-4.486,-10.0,-10.0,-10.0h-78.499c-5.514,0.0,-10.0,4.486,-10.0,10.0v21.334c0.0,5.514,4.486,10.0,10.0,10.0h17.266c0.0,0.0,4.483,0.053,4.483,4.304c0.0,85.442,0.0,252.936,0.0,337.249c0.0,4.25,-3.734,3.519,-3.734,3.519H238.304c-10.18,0.0,-21.589,7.196,-25.973,16.384l-1.449,3.035c0.0,0.0,-5.728,6.48,-13.395,6.48c-22.301,0.0,-87.202,0.0,-87.202,0.0c-11.028,0.0,-20.0,8.972,-20.0,20.0v31.925c0.0,2.176,2.829,27.833,5.093,41.43c1.332,8.004,2.758,14.409,4.236,19.04c1.093,3.423,3.651,11.436,9.901,11.436c8.879,0.0,11.751,-11.558,14.792,-23.794c1.242,-5.0,1.848,-15.671,5.087,-15.67c3.239,0.001,3.844,10.67,5.086,15.669c3.041,12.236,5.912,23.795,14.792,23.795c8.878,0.0,11.749,-11.558,14.788,-23.795c1.241,-4.998,1.842,-15.667,5.083,-15.668c3.241,-0.001,3.843,10.67,5.085,15.668c3.04,12.236,5.912,23.795,14.791,23.795c8.878,0.0,11.749,-11.558,14.789,-23.794c1.242,-4.999,1.844,-15.669,5.085,-15.669c3.241,0.0,3.842,10.67,5.084,15.668c3.04,12.237,5.911,23.795,14.789,23.795s11.749,-11.558,14.788,-23.795c1.241,-4.998,1.842,-15.667,5.083,-15.668c3.241,-0.001,3.843,10.67,5.085,15.668c3.04,12.237,5.911,23.795,14.79,23.795c8.878,0.0,11.749,-11.558,14.788,-23.795c1.241,-4.998,1.842,-15.668,5.083,-15.667c3.242,0.001,3.841,10.67,5.082,15.667c3.039,12.236,5.91,23.795,14.787,23.795c8.877,0.0,11.748,-11.558,14.787,-23.795c1.241,-4.998,1.841,-15.667,5.082,-15.667c3.241,0.0,3.843,10.67,5.084,15.668c3.04,12.236,5.91,23.794,14.788,23.794c8.878,0.0,11.749,-11.558,14.789,-23.795c1.241,-4.998,1.842,-15.668,5.083,-15.668c3.241,0.0,3.842,10.669,5.084,15.668c3.04,12.236,5.911,23.795,14.79,23.795c8.878,0.0,11.749,-11.559,14.789,-23.796c1.241,-4.997,1.842,-15.666,5.083,-15.666c3.241,0.0,3.842,10.669,5.083,15.667c3.039,12.237,5.91,23.795,14.788,23.795c10.636,0.0,14.689,-18.009,19.255,-43.449c0.865,-4.822,4.582,-22.551,4.582,-28.457V437.506z"">
 </path>
</svg>


Question: What is the object in the image?",rake,shovel,broom,fork,A,tool
84,"Examine the following SVG code carefully and answer the question based on your interpretation of the rendered image.

<svg id=""Layer_1"" style=""enable-background:new 0 0 512.003 512.003;"" version=""1.1"" viewbox=""0 0 512.003 512.003"" x=""0px"" xml:space=""preserve"" y=""0px"">
 <circle cx=""258.800"" cy=""261.035"" r=""256"" style=""fill:#273B7A;"">
 </circle>
 <path d=""M514.707,267.872L380.689,133.854l-33.832,16.713l-64.21,64.21l13.491,13.493L129.559,390.276L256.288,517.006c0.838,0.009,1.67,0.033,2.51,0.033C397.898,517.035,511.083,406.095,514.707,267.872z"" style=""fill:#121149;"">
 </path>
 <path d=""M226.539,384.72c-21.235,21.235,-96.978,5.554,-96.978,5.554s-15.681,-75.743,5.554,-96.978l77.791,-77.791c6.16,-6.16,16.144,-6.16,22.302,0.0l69.122,69.122c6.16,6.16,6.16,16.144,0.0,22.302L226.539,384.72z"" style=""fill:#FFFFFF;"">
 </path>
 <path d=""M269.481,249.78L129.464,389.797c0.062,0.314,0.097,0.478,0.097,0.478s75.743,15.681,96.978,-5.554l77.791,-77.791c6.16,-6.16,6.16,-16.144,0.0,-22.302L269.481,249.78z"" style=""fill:#D0D1D3;"">
 </path>
 <path d=""M214.559,305.274L214.559,305.274c3.937,3.937,10.319,3.937,14.257,0.0l77.936,-77.936c3.937,-3.937,3.937,-10.319,0.0,-14.257l0.0,0.0c-3.937,-3.937,-10.319,-3.937,-14.257,0.0l-77.936,77.936C210.623,294.955,210.623,301.338,214.559,305.274z"" style=""fill:#A6A8AA;"">
 </path>
 <path d=""M306.754,213.081c-0.098,-0.098,-0.215,-0.164,-0.315,-0.259l-92.136,92.136c0.093,0.102,0.16,0.217,0.259,0.315c3.937,3.937,10.319,3.937,14.257,0.0l77.936,-77.936C310.691,223.4,310.691,217.019,306.754,213.081L306.754,213.081z"" style=""fill:#808183;"">
 </path>
 <path d=""M328.868,141.682l-46.032,63.798c-3.029,4.198,-2.565,9.973,1.095,13.633l16.791,16.791c3.66,3.66,9.435,4.124,13.633,1.095l63.798,-46.032c18.227,-13.152,20.766,-39.177,5.329,-54.615l0.0,0.0C368.044,120.914,342.018,123.454,328.868,141.682zM368.29,151.545c4.072,4.072,3.972,10.774,-0.224,14.969c-4.196,4.196,-10.897,4.296,-14.969,0.224c-4.072,-4.072,-3.972,-10.774,0.224,-14.969C357.517,147.574,364.217,147.473,368.29,151.545z"" style=""fill:#FFC61B;"">
 </path>
 <path d=""M383.481,136.354L383.481,136.354c-0.097,-0.097,-0.198,-0.184,-0.295,-0.279l-15.213,15.213c0.102,0.093,0.219,0.159,0.317,0.257c4.072,4.072,3.972,10.774,-0.224,14.969s-10.897,4.296,-14.969,0.224c-0.098,-0.098,-0.164,-0.215,-0.257,-0.317l-60.8,60.8l8.683,8.683c3.66,3.66,9.435,4.124,13.633,1.095l63.798,-46.032C396.381,177.817,398.921,151.791,383.481,136.354z"" style=""fill:#E09112;"">
 </path>
</svg>


Question: What is the primary color of the handle of the object?",Red,Yellow,Blue,Green,B,tool
85,"Examine the following SVG code carefully and answer the question based on your interpretation of the rendered image.

<svg id=""Layer_1"" style=""enable-background:new 0 0 512.003 512.003;"" version=""1.1"" viewbox=""0 0 512.003 512.003"" x=""0px"" xml:space=""preserve"" y=""0px"">
 <circle cx=""258.800"" cy=""261.035"" r=""256"" style=""fill:#273B7A;"">
 </circle>
 <path d=""M514.707,267.872L380.689,133.854l-33.832,16.713l-64.21,64.21l13.491,13.493L129.559,390.276L256.288,517.006c0.838,0.009,1.67,0.033,2.51,0.033C397.898,517.035,511.083,406.095,514.707,267.872z"" style=""fill:#121149;"">
 </path>
 <path d=""M226.539,384.72c-21.235,21.235,-96.978,5.554,-96.978,5.554s-15.681,-75.743,5.554,-96.978l77.791,-77.791c6.16,-6.16,16.144,-6.16,22.302,0.0l69.122,69.122c6.16,6.16,6.16,16.144,0.0,22.302L226.539,384.72z"" style=""fill:#FFFFFF;"">
 </path>
 <path d=""M269.481,249.78L129.464,389.797c0.062,0.314,0.097,0.478,0.097,0.478s75.743,15.681,96.978,-5.554l77.791,-77.791c6.16,-6.16,6.16,-16.144,0.0,-22.302L269.481,249.78z"" style=""fill:#D0D1D3;"">
 </path>
 <path d=""M214.559,305.274L214.559,305.274c3.937,3.937,10.319,3.937,14.257,0.0l77.936,-77.936c3.937,-3.937,3.937,-10.319,0.0,-14.257l0.0,0.0c-3.937,-3.937,-10.319,-3.937,-14.257,0.0l-77.936,77.936C210.623,294.955,210.623,301.338,214.559,305.274z"" style=""fill:#A6A8AA;"">
 </path>
 <path d=""M306.754,213.081c-0.098,-0.098,-0.215,-0.164,-0.315,-0.259l-92.136,92.136c0.093,0.102,0.16,0.217,0.259,0.315c3.937,3.937,10.319,3.937,14.257,0.0l77.936,-77.936C310.691,223.4,310.691,217.019,306.754,213.081L306.754,213.081z"" style=""fill:#808183;"">
 </path>
 <path d=""M328.868,141.682l-46.032,63.798c-3.029,4.198,-2.565,9.973,1.095,13.633l16.791,16.791c3.66,3.66,9.435,4.124,13.633,1.095l63.798,-46.032c18.227,-13.152,20.766,-39.177,5.329,-54.615l0.0,0.0C368.044,120.914,342.018,123.454,328.868,141.682zM368.29,151.545c4.072,4.072,3.972,10.774,-0.224,14.969c-4.196,4.196,-10.897,4.296,-14.969,0.224c-4.072,-4.072,-3.972,-10.774,0.224,-14.969C357.517,147.574,364.217,147.473,368.29,151.545z"" style=""fill:#FFC61B;"">
 </path>
 <path d=""M383.481,136.354L383.481,136.354c-0.097,-0.097,-0.198,-0.184,-0.295,-0.279l-15.213,15.213c0.102,0.093,0.219,0.159,0.317,0.257c4.072,4.072,3.972,10.774,-0.224,14.969s-10.897,4.296,-14.969,0.224c-0.098,-0.098,-0.164,-0.215,-0.257,-0.317l-60.8,60.8l8.683,8.683c3.66,3.66,9.435,4.124,13.633,1.095l63.798,-46.032C396.381,177.817,398.921,151.791,383.481,136.354z"" style=""fill:#E09112;"">
 </path>
</svg>


Question: What shape is the handle of the object?",Circular,Triangular,Rectangular,Rounded,D,tool
86,"Examine the following SVG code carefully and answer the question based on your interpretation of the rendered image.

<svg id=""Layer_1"" style=""enable-background:new 0 0 512.003 512.003;"" version=""1.1"" viewbox=""0 0 512.003 512.003"" x=""0px"" xml:space=""preserve"" y=""0px"">
 <circle cx=""258.800"" cy=""261.035"" r=""256"" style=""fill:#273B7A;"">
 </circle>
 <path d=""M514.707,267.872L380.689,133.854l-33.832,16.713l-64.21,64.21l13.491,13.493L129.559,390.276L256.288,517.006c0.838,0.009,1.67,0.033,2.51,0.033C397.898,517.035,511.083,406.095,514.707,267.872z"" style=""fill:#121149;"">
 </path>
 <path d=""M226.539,384.72c-21.235,21.235,-96.978,5.554,-96.978,5.554s-15.681,-75.743,5.554,-96.978l77.791,-77.791c6.16,-6.16,16.144,-6.16,22.302,0.0l69.122,69.122c6.16,6.16,6.16,16.144,0.0,22.302L226.539,384.72z"" style=""fill:#FFFFFF;"">
 </path>
 <path d=""M269.481,249.78L129.464,389.797c0.062,0.314,0.097,0.478,0.097,0.478s75.743,15.681,96.978,-5.554l77.791,-77.791c6.16,-6.16,6.16,-16.144,0.0,-22.302L269.481,249.78z"" style=""fill:#D0D1D3;"">
 </path>
 <path d=""M214.559,305.274L214.559,305.274c3.937,3.937,10.319,3.937,14.257,0.0l77.936,-77.936c3.937,-3.937,3.937,-10.319,0.0,-14.257l0.0,0.0c-3.937,-3.937,-10.319,-3.937,-14.257,0.0l-77.936,77.936C210.623,294.955,210.623,301.338,214.559,305.274z"" style=""fill:#A6A8AA;"">
 </path>
 <path d=""M306.754,213.081c-0.098,-0.098,-0.215,-0.164,-0.315,-0.259l-92.136,92.136c0.093,0.102,0.16,0.217,0.259,0.315c3.937,3.937,10.319,3.937,14.257,0.0l77.936,-77.936C310.691,223.4,310.691,217.019,306.754,213.081L306.754,213.081z"" style=""fill:#808183;"">
 </path>
 <path d=""M328.868,141.682l-46.032,63.798c-3.029,4.198,-2.565,9.973,1.095,13.633l16.791,16.791c3.66,3.66,9.435,4.124,13.633,1.095l63.798,-46.032c18.227,-13.152,20.766,-39.177,5.329,-54.615l0.0,0.0C368.044,120.914,342.018,123.454,328.868,141.682zM368.29,151.545c4.072,4.072,3.972,10.774,-0.224,14.969c-4.196,4.196,-10.897,4.296,-14.969,0.224c-4.072,-4.072,-3.972,-10.774,0.224,-14.969C357.517,147.574,364.217,147.473,368.29,151.545z"" style=""fill:#FFC61B;"">
 </path>
 <path d=""M383.481,136.354L383.481,136.354c-0.097,-0.097,-0.198,-0.184,-0.295,-0.279l-15.213,15.213c0.102,0.093,0.219,0.159,0.317,0.257c4.072,4.072,3.972,10.774,-0.224,14.969s-10.897,4.296,-14.969,0.224c-0.098,-0.098,-0.164,-0.215,-0.257,-0.317l-60.8,60.8l8.683,8.683c3.66,3.66,9.435,4.124,13.633,1.095l63.798,-46.032C396.381,177.817,398.921,151.791,383.481,136.354z"" style=""fill:#E09112;"">
 </path>
</svg>


Question: What is the background color of the image?",Red,Green,Yellow,Blue,D,tool
87,"Examine the following SVG code carefully and answer the question based on your interpretation of the rendered image.

<svg id=""Layer_1"" style=""enable-background:new 0 0 512.003 512.003;"" version=""1.1"" viewbox=""0 0 512.003 512.003"" x=""0px"" xml:space=""preserve"" y=""0px"">
 <circle cx=""258.800"" cy=""261.035"" r=""256"" style=""fill:#273B7A;"">
 </circle>
 <path d=""M514.707,267.872L380.689,133.854l-33.832,16.713l-64.21,64.21l13.491,13.493L129.559,390.276L256.288,517.006c0.838,0.009,1.67,0.033,2.51,0.033C397.898,517.035,511.083,406.095,514.707,267.872z"" style=""fill:#121149;"">
 </path>
 <path d=""M226.539,384.72c-21.235,21.235,-96.978,5.554,-96.978,5.554s-15.681,-75.743,5.554,-96.978l77.791,-77.791c6.16,-6.16,16.144,-6.16,22.302,0.0l69.122,69.122c6.16,6.16,6.16,16.144,0.0,22.302L226.539,384.72z"" style=""fill:#FFFFFF;"">
 </path>
 <path d=""M269.481,249.78L129.464,389.797c0.062,0.314,0.097,0.478,0.097,0.478s75.743,15.681,96.978,-5.554l77.791,-77.791c6.16,-6.16,6.16,-16.144,0.0,-22.302L269.481,249.78z"" style=""fill:#D0D1D3;"">
 </path>
 <path d=""M214.559,305.274L214.559,305.274c3.937,3.937,10.319,3.937,14.257,0.0l77.936,-77.936c3.937,-3.937,3.937,-10.319,0.0,-14.257l0.0,0.0c-3.937,-3.937,-10.319,-3.937,-14.257,0.0l-77.936,77.936C210.623,294.955,210.623,301.338,214.559,305.274z"" style=""fill:#A6A8AA;"">
 </path>
 <path d=""M306.754,213.081c-0.098,-0.098,-0.215,-0.164,-0.315,-0.259l-92.136,92.136c0.093,0.102,0.16,0.217,0.259,0.315c3.937,3.937,10.319,3.937,14.257,0.0l77.936,-77.936C310.691,223.4,310.691,217.019,306.754,213.081L306.754,213.081z"" style=""fill:#808183;"">
 </path>
 <path d=""M328.868,141.682l-46.032,63.798c-3.029,4.198,-2.565,9.973,1.095,13.633l16.791,16.791c3.66,3.66,9.435,4.124,13.633,1.095l63.798,-46.032c18.227,-13.152,20.766,-39.177,5.329,-54.615l0.0,0.0C368.044,120.914,342.018,123.454,328.868,141.682zM368.29,151.545c4.072,4.072,3.972,10.774,-0.224,14.969c-4.196,4.196,-10.897,4.296,-14.969,0.224c-4.072,-4.072,-3.972,-10.774,0.224,-14.969C357.517,147.574,364.217,147.473,368.29,151.545z"" style=""fill:#FFC61B;"">
 </path>
 <path d=""M383.481,136.354L383.481,136.354c-0.097,-0.097,-0.198,-0.184,-0.295,-0.279l-15.213,15.213c0.102,0.093,0.219,0.159,0.317,0.257c4.072,4.072,3.972,10.774,-0.224,14.969s-10.897,4.296,-14.969,0.224c-0.098,-0.098,-0.164,-0.215,-0.257,-0.317l-60.8,60.8l8.683,8.683c3.66,3.66,9.435,4.124,13.633,1.095l63.798,-46.032C396.381,177.817,398.921,151.791,383.481,136.354z"" style=""fill:#E09112;"">
 </path>
</svg>


Question: What is the object in the image?",Hammer,Screwdriver,Shovel,Wrench,C,tool
88,"Examine the following SVG code carefully and answer the question based on your interpretation of the rendered image.

<svg id=""Capa_1"" style=""enable-background:new 0 0 297.5 297.5;"" version=""1.1"" viewbox=""0 0 297.5 297.5"" x=""0px"" xml:space=""preserve"" y=""0px"">
 <g id=""XMLID_21_"">
  <g>
   <path d=""M95.052,170.841v40.02c0.0,6.58,-3.53,13.19,-8.42,19.16c-2.1,-0.28,-4.23,-0.42,-6.37,-0.42c-10.28,0.0,-19.79,3.19,-27.53,8.57c-8.47,-7.69,-16.24,-17.54,-16.24,-27.31v-40.02h19.91v30.45c0.0,5.18,4.19,9.37,9.37,9.37c5.17,0.0,9.37,-4.19,9.37,-9.37v-30.45H95.052z"" style=""fill:#06A3B6;"">
   </path>
   <path d=""M232.332,265.351H53.792c4.07,-9.93,14.4,-17.01,26.47,-17.01c3.65,0.0,7.21,0.65,10.59,1.92c2.45,0.92,5.17,0.78,7.51,-0.4c2.33,-1.17,4.07,-3.27,4.79,-5.79c3.3,-11.52,14.55,-19.56,27.35,-19.56c0.77,0.0,1.6,0.04,2.53,0.11c3.54,0.3,6.95,-1.46,8.79,-4.51c2.78,-4.64,8.07,-7.52,13.8,-7.52c8.65,0.0,15.7,6.44,15.76,14.37c-0.01,0.1,-0.01,0.21,-0.01,0.31c-0.03,2.81,1.21,5.48,3.37,7.28c2.15,1.8,5.0,2.53,7.76,2.0c0.45,-0.08,0.9,-0.12,1.35,-0.12c3.09,0.0,5.76,2.01,6.22,4.68c0.87,5.08,5.68,8.5,10.77,7.66c1.69,-0.29,3.38,-0.43,5.03,-0.43C217.942,248.341,228.272,255.421,232.332,265.351z"" style=""fill:#C7A488;"">
   </path>
   <path d=""M289.922,265.351c5.18,0.0,9.37,4.2,9.37,9.37c0.0,5.18,-4.19,9.37,-9.37,9.37H11.662c-5.17,0.0,-9.37,-4.19,-9.37,-9.37c0.0,-5.17,4.2,-9.37,9.37,-9.37H34.242c1.07,-4.85,2.96,-9.41,5.52,-13.56c-10.99,-10.05,-22.01,-24.28,-22.01,-40.93v-49.39c0.0,-5.17,4.2,-9.37,9.37,-9.37h29.28V27.381c0.0,-5.18,4.19,-9.37,9.37,-9.37c5.17,0.0,9.37,4.19,9.37,9.37V152.101h29.28c5.17,0.0,9.37,4.2,9.37,9.37v47.26c4.82,-1.77,10.0,-2.79,15.36,-2.94c6.49,-7.47,16.19,-11.93,26.47,-11.93c15.83,0.0,29.19,10.3,33.24,24.31c7.02,1.37,13.01,5.57,16.57,11.44c0.14,-0.01,0.29,-0.01,0.44,-0.01c22.59,0.0,41.51,15.36,46.02,35.75H289.922zM53.792,265.351h178.54c-4.06,-9.93,-14.39,-17.01,-26.46,-17.01c-1.65,0.0,-3.34,0.14,-5.03,0.43c-5.09,0.84,-9.9,-2.58,-10.77,-7.66c-0.46,-2.67,-3.13,-4.68,-6.22,-4.68c-0.45,0.0,-0.9,0.04,-1.35,0.12c-2.76,0.53,-5.61,-0.2,-7.76,-2.0c-2.16,-1.8,-3.4,-4.47,-3.37,-7.28c0.0,-0.1,0.0,-0.21,0.01,-0.31c-0.06,-7.93,-7.11,-14.37,-15.76,-14.37c-5.73,0.0,-11.02,2.88,-13.8,7.52c-1.84,3.05,-5.25,4.81,-8.79,4.51c-0.93,-0.07,-1.76,-0.11,-2.53,-0.11c-12.8,0.0,-24.05,8.04,-27.35,19.56c-0.72,2.52,-2.46,4.62,-4.79,5.79c-2.34,1.18,-5.06,1.32,-7.51,0.4c-3.38,-1.27,-6.94,-1.92,-10.59,-1.92C68.192,248.341,57.862,255.421,53.792,265.351zM95.052,210.861v-40.02H75.142v30.45c0.0,5.18,-4.2,9.37,-9.37,9.37c-5.18,0.0,-9.37,-4.19,-9.37,-9.37v-30.45H36.492v40.02c0.0,9.77,7.77,19.62,16.24,27.31c7.74,-5.38,17.25,-8.57,27.53,-8.57c2.14,0.0,4.27,0.14,6.37,0.42C91.522,224.051,95.052,217.441,95.052,210.861z"">
   </path>
  </g>
 </g>
</svg>


Question: What is the primary color of the handle of the object?",Red,Blue,Green,Black,D,tool
89,"Examine the following SVG code carefully and answer the question based on your interpretation of the rendered image.

<svg id=""Capa_1"" style=""enable-background:new 0 0 297.5 297.5;"" version=""1.1"" viewbox=""0 0 297.5 297.5"" x=""0px"" xml:space=""preserve"" y=""0px"">
 <g id=""XMLID_21_"">
  <g>
   <path d=""M95.052,170.841v40.02c0.0,6.58,-3.53,13.19,-8.42,19.16c-2.1,-0.28,-4.23,-0.42,-6.37,-0.42c-10.28,0.0,-19.79,3.19,-27.53,8.57c-8.47,-7.69,-16.24,-17.54,-16.24,-27.31v-40.02h19.91v30.45c0.0,5.18,4.19,9.37,9.37,9.37c5.17,0.0,9.37,-4.19,9.37,-9.37v-30.45H95.052z"" style=""fill:#06A3B6;"">
   </path>
   <path d=""M232.332,265.351H53.792c4.07,-9.93,14.4,-17.01,26.47,-17.01c3.65,0.0,7.21,0.65,10.59,1.92c2.45,0.92,5.17,0.78,7.51,-0.4c2.33,-1.17,4.07,-3.27,4.79,-5.79c3.3,-11.52,14.55,-19.56,27.35,-19.56c0.77,0.0,1.6,0.04,2.53,0.11c3.54,0.3,6.95,-1.46,8.79,-4.51c2.78,-4.64,8.07,-7.52,13.8,-7.52c8.65,0.0,15.7,6.44,15.76,14.37c-0.01,0.1,-0.01,0.21,-0.01,0.31c-0.03,2.81,1.21,5.48,3.37,7.28c2.15,1.8,5.0,2.53,7.76,2.0c0.45,-0.08,0.9,-0.12,1.35,-0.12c3.09,0.0,5.76,2.01,6.22,4.68c0.87,5.08,5.68,8.5,10.77,7.66c1.69,-0.29,3.38,-0.43,5.03,-0.43C217.942,248.341,228.272,255.421,232.332,265.351z"" style=""fill:#C7A488;"">
   </path>
   <path d=""M289.922,265.351c5.18,0.0,9.37,4.2,9.37,9.37c0.0,5.18,-4.19,9.37,-9.37,9.37H11.662c-5.17,0.0,-9.37,-4.19,-9.37,-9.37c0.0,-5.17,4.2,-9.37,9.37,-9.37H34.242c1.07,-4.85,2.96,-9.41,5.52,-13.56c-10.99,-10.05,-22.01,-24.28,-22.01,-40.93v-49.39c0.0,-5.17,4.2,-9.37,9.37,-9.37h29.28V27.381c0.0,-5.18,4.19,-9.37,9.37,-9.37c5.17,0.0,9.37,4.19,9.37,9.37V152.101h29.28c5.17,0.0,9.37,4.2,9.37,9.37v47.26c4.82,-1.77,10.0,-2.79,15.36,-2.94c6.49,-7.47,16.19,-11.93,26.47,-11.93c15.83,0.0,29.19,10.3,33.24,24.31c7.02,1.37,13.01,5.57,16.57,11.44c0.14,-0.01,0.29,-0.01,0.44,-0.01c22.59,0.0,41.51,15.36,46.02,35.75H289.922zM53.792,265.351h178.54c-4.06,-9.93,-14.39,-17.01,-26.46,-17.01c-1.65,0.0,-3.34,0.14,-5.03,0.43c-5.09,0.84,-9.9,-2.58,-10.77,-7.66c-0.46,-2.67,-3.13,-4.68,-6.22,-4.68c-0.45,0.0,-0.9,0.04,-1.35,0.12c-2.76,0.53,-5.61,-0.2,-7.76,-2.0c-2.16,-1.8,-3.4,-4.47,-3.37,-7.28c0.0,-0.1,0.0,-0.21,0.01,-0.31c-0.06,-7.93,-7.11,-14.37,-15.76,-14.37c-5.73,0.0,-11.02,2.88,-13.8,7.52c-1.84,3.05,-5.25,4.81,-8.79,4.51c-0.93,-0.07,-1.76,-0.11,-2.53,-0.11c-12.8,0.0,-24.05,8.04,-27.35,19.56c-0.72,2.52,-2.46,4.62,-4.79,5.79c-2.34,1.18,-5.06,1.32,-7.51,0.4c-3.38,-1.27,-6.94,-1.92,-10.59,-1.92C68.192,248.341,57.862,255.421,53.792,265.351zM95.052,210.861v-40.02H75.142v30.45c0.0,5.18,-4.2,9.37,-9.37,9.37c-5.18,0.0,-9.37,-4.19,-9.37,-9.37v-30.45H36.492v40.02c0.0,9.77,7.77,19.62,16.24,27.31c7.74,-5.38,17.25,-8.57,27.53,-8.57c2.14,0.0,4.27,0.14,6.37,0.42C91.522,224.051,95.052,217.441,95.052,210.861z"">
   </path>
  </g>
 </g>
</svg>


Question: What shape is the blade of the object?",Circular,Square,Triangular,Shield-shaped,D,tool
90,"Examine the following SVG code carefully and answer the question based on your interpretation of the rendered image.

<svg id=""Capa_1"" style=""enable-background:new 0 0 297.5 297.5;"" version=""1.1"" viewbox=""0 0 297.5 297.5"" x=""0px"" xml:space=""preserve"" y=""0px"">
 <g id=""XMLID_21_"">
  <g>
   <path d=""M95.052,170.841v40.02c0.0,6.58,-3.53,13.19,-8.42,19.16c-2.1,-0.28,-4.23,-0.42,-6.37,-0.42c-10.28,0.0,-19.79,3.19,-27.53,8.57c-8.47,-7.69,-16.24,-17.54,-16.24,-27.31v-40.02h19.91v30.45c0.0,5.18,4.19,9.37,9.37,9.37c5.17,0.0,9.37,-4.19,9.37,-9.37v-30.45H95.052z"" style=""fill:#06A3B6;"">
   </path>
   <path d=""M232.332,265.351H53.792c4.07,-9.93,14.4,-17.01,26.47,-17.01c3.65,0.0,7.21,0.65,10.59,1.92c2.45,0.92,5.17,0.78,7.51,-0.4c2.33,-1.17,4.07,-3.27,4.79,-5.79c3.3,-11.52,14.55,-19.56,27.35,-19.56c0.77,0.0,1.6,0.04,2.53,0.11c3.54,0.3,6.95,-1.46,8.79,-4.51c2.78,-4.64,8.07,-7.52,13.8,-7.52c8.65,0.0,15.7,6.44,15.76,14.37c-0.01,0.1,-0.01,0.21,-0.01,0.31c-0.03,2.81,1.21,5.48,3.37,7.28c2.15,1.8,5.0,2.53,7.76,2.0c0.45,-0.08,0.9,-0.12,1.35,-0.12c3.09,0.0,5.76,2.01,6.22,4.68c0.87,5.08,5.68,8.5,10.77,7.66c1.69,-0.29,3.38,-0.43,5.03,-0.43C217.942,248.341,228.272,255.421,232.332,265.351z"" style=""fill:#C7A488;"">
   </path>
   <path d=""M289.922,265.351c5.18,0.0,9.37,4.2,9.37,9.37c0.0,5.18,-4.19,9.37,-9.37,9.37H11.662c-5.17,0.0,-9.37,-4.19,-9.37,-9.37c0.0,-5.17,4.2,-9.37,9.37,-9.37H34.242c1.07,-4.85,2.96,-9.41,5.52,-13.56c-10.99,-10.05,-22.01,-24.28,-22.01,-40.93v-49.39c0.0,-5.17,4.2,-9.37,9.37,-9.37h29.28V27.381c0.0,-5.18,4.19,-9.37,9.37,-9.37c5.17,0.0,9.37,4.19,9.37,9.37V152.101h29.28c5.17,0.0,9.37,4.2,9.37,9.37v47.26c4.82,-1.77,10.0,-2.79,15.36,-2.94c6.49,-7.47,16.19,-11.93,26.47,-11.93c15.83,0.0,29.19,10.3,33.24,24.31c7.02,1.37,13.01,5.57,16.57,11.44c0.14,-0.01,0.29,-0.01,0.44,-0.01c22.59,0.0,41.51,15.36,46.02,35.75H289.922zM53.792,265.351h178.54c-4.06,-9.93,-14.39,-17.01,-26.46,-17.01c-1.65,0.0,-3.34,0.14,-5.03,0.43c-5.09,0.84,-9.9,-2.58,-10.77,-7.66c-0.46,-2.67,-3.13,-4.68,-6.22,-4.68c-0.45,0.0,-0.9,0.04,-1.35,0.12c-2.76,0.53,-5.61,-0.2,-7.76,-2.0c-2.16,-1.8,-3.4,-4.47,-3.37,-7.28c0.0,-0.1,0.0,-0.21,0.01,-0.31c-0.06,-7.93,-7.11,-14.37,-15.76,-14.37c-5.73,0.0,-11.02,2.88,-13.8,7.52c-1.84,3.05,-5.25,4.81,-8.79,4.51c-0.93,-0.07,-1.76,-0.11,-2.53,-0.11c-12.8,0.0,-24.05,8.04,-27.35,19.56c-0.72,2.52,-2.46,4.62,-4.79,5.79c-2.34,1.18,-5.06,1.32,-7.51,0.4c-3.38,-1.27,-6.94,-1.92,-10.59,-1.92C68.192,248.341,57.862,255.421,53.792,265.351zM95.052,210.861v-40.02H75.142v30.45c0.0,5.18,-4.2,9.37,-9.37,9.37c-5.18,0.0,-9.37,-4.19,-9.37,-9.37v-30.45H36.492v40.02c0.0,9.77,7.77,19.62,16.24,27.31c7.74,-5.38,17.25,-8.57,27.53,-8.57c2.14,0.0,4.27,0.14,6.37,0.42C91.522,224.051,95.052,217.441,95.052,210.861z"">
   </path>
  </g>
 </g>
</svg>


Question: What is the color of the material being moved by the object?",Green,Brown,Yellow,Blue,B,tool
91,"Examine the following SVG code carefully and answer the question based on your interpretation of the rendered image.

<svg id=""Capa_1"" style=""enable-background:new 0 0 297.5 297.5;"" version=""1.1"" viewbox=""0 0 297.5 297.5"" x=""0px"" xml:space=""preserve"" y=""0px"">
 <g id=""XMLID_21_"">
  <g>
   <path d=""M95.052,170.841v40.02c0.0,6.58,-3.53,13.19,-8.42,19.16c-2.1,-0.28,-4.23,-0.42,-6.37,-0.42c-10.28,0.0,-19.79,3.19,-27.53,8.57c-8.47,-7.69,-16.24,-17.54,-16.24,-27.31v-40.02h19.91v30.45c0.0,5.18,4.19,9.37,9.37,9.37c5.17,0.0,9.37,-4.19,9.37,-9.37v-30.45H95.052z"" style=""fill:#06A3B6;"">
   </path>
   <path d=""M232.332,265.351H53.792c4.07,-9.93,14.4,-17.01,26.47,-17.01c3.65,0.0,7.21,0.65,10.59,1.92c2.45,0.92,5.17,0.78,7.51,-0.4c2.33,-1.17,4.07,-3.27,4.79,-5.79c3.3,-11.52,14.55,-19.56,27.35,-19.56c0.77,0.0,1.6,0.04,2.53,0.11c3.54,0.3,6.95,-1.46,8.79,-4.51c2.78,-4.64,8.07,-7.52,13.8,-7.52c8.65,0.0,15.7,6.44,15.76,14.37c-0.01,0.1,-0.01,0.21,-0.01,0.31c-0.03,2.81,1.21,5.48,3.37,7.28c2.15,1.8,5.0,2.53,7.76,2.0c0.45,-0.08,0.9,-0.12,1.35,-0.12c3.09,0.0,5.76,2.01,6.22,4.68c0.87,5.08,5.68,8.5,10.77,7.66c1.69,-0.29,3.38,-0.43,5.03,-0.43C217.942,248.341,228.272,255.421,232.332,265.351z"" style=""fill:#C7A488;"">
   </path>
   <path d=""M289.922,265.351c5.18,0.0,9.37,4.2,9.37,9.37c0.0,5.18,-4.19,9.37,-9.37,9.37H11.662c-5.17,0.0,-9.37,-4.19,-9.37,-9.37c0.0,-5.17,4.2,-9.37,9.37,-9.37H34.242c1.07,-4.85,2.96,-9.41,5.52,-13.56c-10.99,-10.05,-22.01,-24.28,-22.01,-40.93v-49.39c0.0,-5.17,4.2,-9.37,9.37,-9.37h29.28V27.381c0.0,-5.18,4.19,-9.37,9.37,-9.37c5.17,0.0,9.37,4.19,9.37,9.37V152.101h29.28c5.17,0.0,9.37,4.2,9.37,9.37v47.26c4.82,-1.77,10.0,-2.79,15.36,-2.94c6.49,-7.47,16.19,-11.93,26.47,-11.93c15.83,0.0,29.19,10.3,33.24,24.31c7.02,1.37,13.01,5.57,16.57,11.44c0.14,-0.01,0.29,-0.01,0.44,-0.01c22.59,0.0,41.51,15.36,46.02,35.75H289.922zM53.792,265.351h178.54c-4.06,-9.93,-14.39,-17.01,-26.46,-17.01c-1.65,0.0,-3.34,0.14,-5.03,0.43c-5.09,0.84,-9.9,-2.58,-10.77,-7.66c-0.46,-2.67,-3.13,-4.68,-6.22,-4.68c-0.45,0.0,-0.9,0.04,-1.35,0.12c-2.76,0.53,-5.61,-0.2,-7.76,-2.0c-2.16,-1.8,-3.4,-4.47,-3.37,-7.28c0.0,-0.1,0.0,-0.21,0.01,-0.31c-0.06,-7.93,-7.11,-14.37,-15.76,-14.37c-5.73,0.0,-11.02,2.88,-13.8,7.52c-1.84,3.05,-5.25,4.81,-8.79,4.51c-0.93,-0.07,-1.76,-0.11,-2.53,-0.11c-12.8,0.0,-24.05,8.04,-27.35,19.56c-0.72,2.52,-2.46,4.62,-4.79,5.79c-2.34,1.18,-5.06,1.32,-7.51,0.4c-3.38,-1.27,-6.94,-1.92,-10.59,-1.92C68.192,248.341,57.862,255.421,53.792,265.351zM95.052,210.861v-40.02H75.142v30.45c0.0,5.18,-4.2,9.37,-9.37,9.37c-5.18,0.0,-9.37,-4.19,-9.37,-9.37v-30.45H36.492v40.02c0.0,9.77,7.77,19.62,16.24,27.31c7.74,-5.38,17.25,-8.57,27.53,-8.57c2.14,0.0,4.27,0.14,6.37,0.42C91.522,224.051,95.052,217.441,95.052,210.861z"">
   </path>
  </g>
 </g>
</svg>


Question: What is the object in the image?",rake,shovel,broom,hoe,B,tool
100,"Examine the following SVG code carefully and answer the question based on your interpretation of the rendered image.

<svg id=""Layer_1"" style=""enable-background:new 0 0 505.839 505.839;"" version=""1.1"" viewbox=""0 0 505.839 505.839"" x=""0px"" xml:space=""preserve"" y=""0px"">
 <g>
  <path d=""M70.99,501.865L11.488,442.364c-10.039,-10.039,-10.039,-26.322,0.0,-36.361l125.614,-125.614l95.872,95.863L107.36,501.865C97.312,511.904,81.029,511.904,70.99,501.865"" style=""fill:#434C6D;"">
  </path>
  <path d=""M392.747,200.498C476.578,116.667,526.653,30.824,504.592,8.763C482.53,-13.29,396.688,36.776,312.857,120.607L145.095,288.379l79.89,79.881L392.747,200.498z"" style=""fill:#C7D6D8;"">
  </path>
  <path d=""M89.173,456.139L57.219,424.185l31.954,-31.954l31.954,31.954L89.173,456.139z"" style=""fill:#252E49;"">
  </path>
  <g>
   <path d=""M288.9,313.493c-0.741,0.0,-1.481,-0.091,-2.231,-0.274l-127.817,-31.954c-4.891,-1.225,-7.872,-6.19,-6.647,-11.081c1.225,-4.91,6.208,-7.881,11.09,-6.656l127.817,31.954c4.891,1.225,7.872,6.19,6.647,11.081C296.717,310.723,292.996,313.493,288.9,313.493"" style=""fill:#E8EDEE;"">
   </path>
   <path d=""M344.824,257.573c-0.741,0.0,-1.481,-0.091,-2.231,-0.274l-127.817,-31.954c-4.901,-1.225,-7.872,-6.19,-6.656,-11.081c1.234,-4.91,6.208,-7.872,11.09,-6.656l127.826,31.954c4.891,1.225,7.872,6.19,6.647,11.081C352.641,254.802,348.92,257.573,344.824,257.573"" style=""fill:#E8EDEE;"">
   </path>
   <path d=""M400.743,201.653c-0.741,0.0,-1.481,-0.091,-2.231,-0.274l-127.817,-31.954c-4.901,-1.225,-7.872,-6.19,-6.656,-11.081c1.234,-4.91,6.208,-7.872,11.09,-6.656l127.826,31.954c4.891,1.225,7.872,6.19,6.647,11.081C408.561,198.883,404.839,201.653,400.743,201.653"" style=""fill:#E8EDEE;"">
   </path>
   <path d=""M456.668,145.734c-0.741,0.0,-1.481,-0.091,-2.231,-0.274l-127.817,-31.954c-4.901,-1.225,-7.872,-6.19,-6.656,-11.081c1.234,-4.91,6.226,-7.863,11.09,-6.656l127.826,31.954c4.891,1.225,7.872,6.19,6.647,11.081C464.485,142.963,460.764,145.734,456.668,145.734"" style=""fill:#E8EDEE;"">
   </path>
   <path d=""M488.624,81.823c-0.494,0.0,-1.006,-0.037,-1.518,-0.128l-95.863,-15.982c-4.974,-0.832,-8.338,-5.541,-7.515,-10.514c0.832,-4.983,5.522,-8.393,10.523,-7.515l95.872,15.982c4.974,0.823,8.338,5.541,7.506,10.514C496.889,78.651,493.012,81.823,488.624,81.823"" style=""fill:#E8EDEE;"">
   </path>
  </g>
 </g>
</svg>


Question: What is the primary color of the handle of the object?",Red,Blue,Green,Yellow,B,tool
101,"Examine the following SVG code carefully and answer the question based on your interpretation of the rendered image.

<svg id=""Layer_1"" style=""enable-background:new 0 0 505.839 505.839;"" version=""1.1"" viewbox=""0 0 505.839 505.839"" x=""0px"" xml:space=""preserve"" y=""0px"">
 <g>
  <path d=""M70.99,501.865L11.488,442.364c-10.039,-10.039,-10.039,-26.322,0.0,-36.361l125.614,-125.614l95.872,95.863L107.36,501.865C97.312,511.904,81.029,511.904,70.99,501.865"" style=""fill:#434C6D;"">
  </path>
  <path d=""M392.747,200.498C476.578,116.667,526.653,30.824,504.592,8.763C482.53,-13.29,396.688,36.776,312.857,120.607L145.095,288.379l79.89,79.881L392.747,200.498z"" style=""fill:#C7D6D8;"">
  </path>
  <path d=""M89.173,456.139L57.219,424.185l31.954,-31.954l31.954,31.954L89.173,456.139z"" style=""fill:#252E49;"">
  </path>
  <g>
   <path d=""M288.9,313.493c-0.741,0.0,-1.481,-0.091,-2.231,-0.274l-127.817,-31.954c-4.891,-1.225,-7.872,-6.19,-6.647,-11.081c1.225,-4.91,6.208,-7.881,11.09,-6.656l127.817,31.954c4.891,1.225,7.872,6.19,6.647,11.081C296.717,310.723,292.996,313.493,288.9,313.493"" style=""fill:#E8EDEE;"">
   </path>
   <path d=""M344.824,257.573c-0.741,0.0,-1.481,-0.091,-2.231,-0.274l-127.817,-31.954c-4.901,-1.225,-7.872,-6.19,-6.656,-11.081c1.234,-4.91,6.208,-7.872,11.09,-6.656l127.826,31.954c4.891,1.225,7.872,6.19,6.647,11.081C352.641,254.802,348.92,257.573,344.824,257.573"" style=""fill:#E8EDEE;"">
   </path>
   <path d=""M400.743,201.653c-0.741,0.0,-1.481,-0.091,-2.231,-0.274l-127.817,-31.954c-4.901,-1.225,-7.872,-6.19,-6.656,-11.081c1.234,-4.91,6.208,-7.872,11.09,-6.656l127.826,31.954c4.891,1.225,7.872,6.19,6.647,11.081C408.561,198.883,404.839,201.653,400.743,201.653"" style=""fill:#E8EDEE;"">
   </path>
   <path d=""M456.668,145.734c-0.741,0.0,-1.481,-0.091,-2.231,-0.274l-127.817,-31.954c-4.901,-1.225,-7.872,-6.19,-6.656,-11.081c1.234,-4.91,6.226,-7.863,11.09,-6.656l127.826,31.954c4.891,1.225,7.872,6.19,6.647,11.081C464.485,142.963,460.764,145.734,456.668,145.734"" style=""fill:#E8EDEE;"">
   </path>
   <path d=""M488.624,81.823c-0.494,0.0,-1.006,-0.037,-1.518,-0.128l-95.863,-15.982c-4.974,-0.832,-8.338,-5.541,-7.515,-10.514c0.832,-4.983,5.522,-8.393,10.523,-7.515l95.872,15.982c4.974,0.823,8.338,5.541,7.506,10.514C496.889,78.651,493.012,81.823,488.624,81.823"" style=""fill:#E8EDEE;"">
   </path>
  </g>
 </g>
</svg>


Question: How many stripes are present on the object?",2,3,4,5,D,tool
102,"Examine the following SVG code carefully and answer the question based on your interpretation of the rendered image.

<svg id=""Layer_1"" style=""enable-background:new 0 0 505.839 505.839;"" version=""1.1"" viewbox=""0 0 505.839 505.839"" x=""0px"" xml:space=""preserve"" y=""0px"">
 <g>
  <path d=""M70.99,501.865L11.488,442.364c-10.039,-10.039,-10.039,-26.322,0.0,-36.361l125.614,-125.614l95.872,95.863L107.36,501.865C97.312,511.904,81.029,511.904,70.99,501.865"" style=""fill:#434C6D;"">
  </path>
  <path d=""M392.747,200.498C476.578,116.667,526.653,30.824,504.592,8.763C482.53,-13.29,396.688,36.776,312.857,120.607L145.095,288.379l79.89,79.881L392.747,200.498z"" style=""fill:#C7D6D8;"">
  </path>
  <path d=""M89.173,456.139L57.219,424.185l31.954,-31.954l31.954,31.954L89.173,456.139z"" style=""fill:#252E49;"">
  </path>
  <g>
   <path d=""M288.9,313.493c-0.741,0.0,-1.481,-0.091,-2.231,-0.274l-127.817,-31.954c-4.891,-1.225,-7.872,-6.19,-6.647,-11.081c1.225,-4.91,6.208,-7.881,11.09,-6.656l127.817,31.954c4.891,1.225,7.872,6.19,6.647,11.081C296.717,310.723,292.996,313.493,288.9,313.493"" style=""fill:#E8EDEE;"">
   </path>
   <path d=""M344.824,257.573c-0.741,0.0,-1.481,-0.091,-2.231,-0.274l-127.817,-31.954c-4.901,-1.225,-7.872,-6.19,-6.656,-11.081c1.234,-4.91,6.208,-7.872,11.09,-6.656l127.826,31.954c4.891,1.225,7.872,6.19,6.647,11.081C352.641,254.802,348.92,257.573,344.824,257.573"" style=""fill:#E8EDEE;"">
   </path>
   <path d=""M400.743,201.653c-0.741,0.0,-1.481,-0.091,-2.231,-0.274l-127.817,-31.954c-4.901,-1.225,-7.872,-6.19,-6.656,-11.081c1.234,-4.91,6.208,-7.872,11.09,-6.656l127.826,31.954c4.891,1.225,7.872,6.19,6.647,11.081C408.561,198.883,404.839,201.653,400.743,201.653"" style=""fill:#E8EDEE;"">
   </path>
   <path d=""M456.668,145.734c-0.741,0.0,-1.481,-0.091,-2.231,-0.274l-127.817,-31.954c-4.901,-1.225,-7.872,-6.19,-6.656,-11.081c1.234,-4.91,6.226,-7.863,11.09,-6.656l127.826,31.954c4.891,1.225,7.872,6.19,6.647,11.081C464.485,142.963,460.764,145.734,456.668,145.734"" style=""fill:#E8EDEE;"">
   </path>
   <path d=""M488.624,81.823c-0.494,0.0,-1.006,-0.037,-1.518,-0.128l-95.863,-15.982c-4.974,-0.832,-8.338,-5.541,-7.515,-10.514c0.832,-4.983,5.522,-8.393,10.523,-7.515l95.872,15.982c4.974,0.823,8.338,5.541,7.506,10.514C496.889,78.651,493.012,81.823,488.624,81.823"" style=""fill:#E8EDEE;"">
   </path>
  </g>
 </g>
</svg>


Question: What shape is present on the handle of the object?",Rectangle,Circle,Triangle,Hexagon,A,tool
103,"Examine the following SVG code carefully and answer the question based on your interpretation of the rendered image.

<svg id=""Layer_1"" style=""enable-background:new 0 0 505.839 505.839;"" version=""1.1"" viewbox=""0 0 505.839 505.839"" x=""0px"" xml:space=""preserve"" y=""0px"">
 <g>
  <path d=""M70.99,501.865L11.488,442.364c-10.039,-10.039,-10.039,-26.322,0.0,-36.361l125.614,-125.614l95.872,95.863L107.36,501.865C97.312,511.904,81.029,511.904,70.99,501.865"" style=""fill:#434C6D;"">
  </path>
  <path d=""M392.747,200.498C476.578,116.667,526.653,30.824,504.592,8.763C482.53,-13.29,396.688,36.776,312.857,120.607L145.095,288.379l79.89,79.881L392.747,200.498z"" style=""fill:#C7D6D8;"">
  </path>
  <path d=""M89.173,456.139L57.219,424.185l31.954,-31.954l31.954,31.954L89.173,456.139z"" style=""fill:#252E49;"">
  </path>
  <g>
   <path d=""M288.9,313.493c-0.741,0.0,-1.481,-0.091,-2.231,-0.274l-127.817,-31.954c-4.891,-1.225,-7.872,-6.19,-6.647,-11.081c1.225,-4.91,6.208,-7.881,11.09,-6.656l127.817,31.954c4.891,1.225,7.872,6.19,6.647,11.081C296.717,310.723,292.996,313.493,288.9,313.493"" style=""fill:#E8EDEE;"">
   </path>
   <path d=""M344.824,257.573c-0.741,0.0,-1.481,-0.091,-2.231,-0.274l-127.817,-31.954c-4.901,-1.225,-7.872,-6.19,-6.656,-11.081c1.234,-4.91,6.208,-7.872,11.09,-6.656l127.826,31.954c4.891,1.225,7.872,6.19,6.647,11.081C352.641,254.802,348.92,257.573,344.824,257.573"" style=""fill:#E8EDEE;"">
   </path>
   <path d=""M400.743,201.653c-0.741,0.0,-1.481,-0.091,-2.231,-0.274l-127.817,-31.954c-4.901,-1.225,-7.872,-6.19,-6.656,-11.081c1.234,-4.91,6.208,-7.872,11.09,-6.656l127.826,31.954c4.891,1.225,7.872,6.19,6.647,11.081C408.561,198.883,404.839,201.653,400.743,201.653"" style=""fill:#E8EDEE;"">
   </path>
   <path d=""M456.668,145.734c-0.741,0.0,-1.481,-0.091,-2.231,-0.274l-127.817,-31.954c-4.901,-1.225,-7.872,-6.19,-6.656,-11.081c1.234,-4.91,6.226,-7.863,11.09,-6.656l127.826,31.954c4.891,1.225,7.872,6.19,6.647,11.081C464.485,142.963,460.764,145.734,456.668,145.734"" style=""fill:#E8EDEE;"">
   </path>
   <path d=""M488.624,81.823c-0.494,0.0,-1.006,-0.037,-1.518,-0.128l-95.863,-15.982c-4.974,-0.832,-8.338,-5.541,-7.515,-10.514c0.832,-4.983,5.522,-8.393,10.523,-7.515l95.872,15.982c4.974,0.823,8.338,5.541,7.506,10.514C496.889,78.651,493.012,81.823,488.624,81.823"" style=""fill:#E8EDEE;"">
   </path>
  </g>
 </g>
</svg>


Question: What is the object in the image?",File,Knife,Screwdriver,Hammer,A,tool
108,"Examine the following SVG code carefully and answer the question based on your interpretation of the rendered image.

<svg id=""Layer_1"" style=""enable-background:new 0 0 512 512;"" version=""1.1"" viewbox=""0 0 512 512"" x=""0px"" xml:space=""preserve"" y=""0px"">
 <circle cx=""260.475"" cy=""258.985"" r=""256"" style=""fill:#324A5E;"">
 </circle>
 <path d=""M516.475,258.985c0.0,-0.876,-0.024,-1.746,-0.033,-2.62L358.729,98.796L223.125,293.463l-60.787,105.427l116.172,115.453C411.479,505.086,516.475,394.305,516.475,258.985z"" style=""fill:#2B3B4E;"">
 </path>
 <path d=""M343.44,405.229H177.512c-11.781,0.0,-21.333,-9.55,-21.333,-21.333V113.674c0.0,-11.781,9.55,-21.333,21.333,-21.333h165.928c11.781,0.0,21.333,9.55,21.333,21.333v270.224C364.773,395.679,355.221,405.229,343.44,405.229z"" style=""fill:#F9B54C;"">
 </path>
 <path d=""M343.44,92.34h-82.963v312.889h82.963c11.781,0.0,21.333,-9.55,21.333,-21.333V113.674C364.773,101.892,355.221,92.34,343.44,92.34z"" style=""fill:#F4A200;"">
 </path>
 <rect height=""69.525"" style=""fill:#90DFAA;"" width=""170.667"" x=""175.142"" y=""111.303"">
 </rect>
 <rect height=""69.525"" style=""fill:#70C187;"" width=""85.333"" x=""260.475"" y=""111.303"">
 </rect>
 <g>
  <rect height=""29.636"" style=""fill:#E6F3FF;"" width=""33.185"" x=""175.142"" y=""209.285"">
  </rect>
  <rect height=""29.636"" style=""fill:#E6F3FF;"" width=""33.185"" x=""175.142"" y=""255.089"">
  </rect>
  <rect height=""29.636"" style=""fill:#E6F3FF;"" width=""33.185"" x=""175.142"" y=""299.531"">
  </rect>
  <rect height=""29.636"" style=""fill:#E6F3FF;"" width=""33.185"" x=""175.142"" y=""343.991"">
  </rect>
  <rect height=""29.636"" style=""fill:#E6F3FF;"" width=""33.185"" x=""220.963"" y=""209.285"">
  </rect>
  <rect height=""29.636"" style=""fill:#E6F3FF;"" width=""33.185"" x=""220.963"" y=""255.089"">
  </rect>
  <rect height=""29.636"" style=""fill:#E6F3FF;"" width=""33.185"" x=""220.963"" y=""299.531"">
  </rect>
  <rect height=""29.636"" style=""fill:#E6F3FF;"" width=""33.185"" x=""220.963"" y=""343.991"">
  </rect>
  <rect height=""29.636"" style=""fill:#E6F3FF;"" width=""33.185"" x=""266.802"" y=""209.285"">
  </rect>
  <rect height=""29.636"" style=""fill:#E6F3FF;"" width=""33.185"" x=""266.802"" y=""255.089"">
  </rect>
  <rect height=""29.636"" style=""fill:#E6F3FF;"" width=""33.185"" x=""266.802"" y=""299.531"">
  </rect>
  <rect height=""29.636"" style=""fill:#E6F3FF;"" width=""33.185"" x=""266.802"" y=""343.991"">
  </rect>
  <rect height=""29.636"" style=""fill:#E6F3FF;"" width=""33.185"" x=""312.623"" y=""209.285"">
  </rect>
  <rect height=""29.636"" style=""fill:#E6F3FF;"" width=""33.185"" x=""312.623"" y=""255.089"">
  </rect>
  <rect height=""29.636"" style=""fill:#E6F3FF;"" width=""33.185"" x=""312.623"" y=""299.531"">
  </rect>
  <rect height=""29.636"" style=""fill:#E6F3FF;"" width=""33.185"" x=""312.623"" y=""343.991"">
  </rect>
 </g>
</svg>


Question: What is the shape of the object in the image?",Circular,Rectangular,Triangular,Hexagonal,B,tool
109,"Examine the following SVG code carefully and answer the question based on your interpretation of the rendered image.

<svg id=""Layer_1"" style=""enable-background:new 0 0 512 512;"" version=""1.1"" viewbox=""0 0 512 512"" x=""0px"" xml:space=""preserve"" y=""0px"">
 <circle cx=""260.475"" cy=""258.985"" r=""256"" style=""fill:#324A5E;"">
 </circle>
 <path d=""M516.475,258.985c0.0,-0.876,-0.024,-1.746,-0.033,-2.62L358.729,98.796L223.125,293.463l-60.787,105.427l116.172,115.453C411.479,505.086,516.475,394.305,516.475,258.985z"" style=""fill:#2B3B4E;"">
 </path>
 <path d=""M343.44,405.229H177.512c-11.781,0.0,-21.333,-9.55,-21.333,-21.333V113.674c0.0,-11.781,9.55,-21.333,21.333,-21.333h165.928c11.781,0.0,21.333,9.55,21.333,21.333v270.224C364.773,395.679,355.221,405.229,343.44,405.229z"" style=""fill:#F9B54C;"">
 </path>
 <path d=""M343.44,92.34h-82.963v312.889h82.963c11.781,0.0,21.333,-9.55,21.333,-21.333V113.674C364.773,101.892,355.221,92.34,343.44,92.34z"" style=""fill:#F4A200;"">
 </path>
 <rect height=""69.525"" style=""fill:#90DFAA;"" width=""170.667"" x=""175.142"" y=""111.303"">
 </rect>
 <rect height=""69.525"" style=""fill:#70C187;"" width=""85.333"" x=""260.475"" y=""111.303"">
 </rect>
 <g>
  <rect height=""29.636"" style=""fill:#E6F3FF;"" width=""33.185"" x=""175.142"" y=""209.285"">
  </rect>
  <rect height=""29.636"" style=""fill:#E6F3FF;"" width=""33.185"" x=""175.142"" y=""255.089"">
  </rect>
  <rect height=""29.636"" style=""fill:#E6F3FF;"" width=""33.185"" x=""175.142"" y=""299.531"">
  </rect>
  <rect height=""29.636"" style=""fill:#E6F3FF;"" width=""33.185"" x=""175.142"" y=""343.991"">
  </rect>
  <rect height=""29.636"" style=""fill:#E6F3FF;"" width=""33.185"" x=""220.963"" y=""209.285"">
  </rect>
  <rect height=""29.636"" style=""fill:#E6F3FF;"" width=""33.185"" x=""220.963"" y=""255.089"">
  </rect>
  <rect height=""29.636"" style=""fill:#E6F3FF;"" width=""33.185"" x=""220.963"" y=""299.531"">
  </rect>
  <rect height=""29.636"" style=""fill:#E6F3FF;"" width=""33.185"" x=""220.963"" y=""343.991"">
  </rect>
  <rect height=""29.636"" style=""fill:#E6F3FF;"" width=""33.185"" x=""266.802"" y=""209.285"">
  </rect>
  <rect height=""29.636"" style=""fill:#E6F3FF;"" width=""33.185"" x=""266.802"" y=""255.089"">
  </rect>
  <rect height=""29.636"" style=""fill:#E6F3FF;"" width=""33.185"" x=""266.802"" y=""299.531"">
  </rect>
  <rect height=""29.636"" style=""fill:#E6F3FF;"" width=""33.185"" x=""266.802"" y=""343.991"">
  </rect>
  <rect height=""29.636"" style=""fill:#E6F3FF;"" width=""33.185"" x=""312.623"" y=""209.285"">
  </rect>
  <rect height=""29.636"" style=""fill:#E6F3FF;"" width=""33.185"" x=""312.623"" y=""255.089"">
  </rect>
  <rect height=""29.636"" style=""fill:#E6F3FF;"" width=""33.185"" x=""312.623"" y=""299.531"">
  </rect>
  <rect height=""29.636"" style=""fill:#E6F3FF;"" width=""33.185"" x=""312.623"" y=""343.991"">
  </rect>
 </g>
</svg>


Question: What color is the border of the object in the image?",Red,Blue,Green,Yellow,D,tool
110,"Examine the following SVG code carefully and answer the question based on your interpretation of the rendered image.

<svg id=""Layer_1"" style=""enable-background:new 0 0 512 512;"" version=""1.1"" viewbox=""0 0 512 512"" x=""0px"" xml:space=""preserve"" y=""0px"">
 <circle cx=""260.475"" cy=""258.985"" r=""256"" style=""fill:#324A5E;"">
 </circle>
 <path d=""M516.475,258.985c0.0,-0.876,-0.024,-1.746,-0.033,-2.62L358.729,98.796L223.125,293.463l-60.787,105.427l116.172,115.453C411.479,505.086,516.475,394.305,516.475,258.985z"" style=""fill:#2B3B4E;"">
 </path>
 <path d=""M343.44,405.229H177.512c-11.781,0.0,-21.333,-9.55,-21.333,-21.333V113.674c0.0,-11.781,9.55,-21.333,21.333,-21.333h165.928c11.781,0.0,21.333,9.55,21.333,21.333v270.224C364.773,395.679,355.221,405.229,343.44,405.229z"" style=""fill:#F9B54C;"">
 </path>
 <path d=""M343.44,92.34h-82.963v312.889h82.963c11.781,0.0,21.333,-9.55,21.333,-21.333V113.674C364.773,101.892,355.221,92.34,343.44,92.34z"" style=""fill:#F4A200;"">
 </path>
 <rect height=""69.525"" style=""fill:#90DFAA;"" width=""170.667"" x=""175.142"" y=""111.303"">
 </rect>
 <rect height=""69.525"" style=""fill:#70C187;"" width=""85.333"" x=""260.475"" y=""111.303"">
 </rect>
 <g>
  <rect height=""29.636"" style=""fill:#E6F3FF;"" width=""33.185"" x=""175.142"" y=""209.285"">
  </rect>
  <rect height=""29.636"" style=""fill:#E6F3FF;"" width=""33.185"" x=""175.142"" y=""255.089"">
  </rect>
  <rect height=""29.636"" style=""fill:#E6F3FF;"" width=""33.185"" x=""175.142"" y=""299.531"">
  </rect>
  <rect height=""29.636"" style=""fill:#E6F3FF;"" width=""33.185"" x=""175.142"" y=""343.991"">
  </rect>
  <rect height=""29.636"" style=""fill:#E6F3FF;"" width=""33.185"" x=""220.963"" y=""209.285"">
  </rect>
  <rect height=""29.636"" style=""fill:#E6F3FF;"" width=""33.185"" x=""220.963"" y=""255.089"">
  </rect>
  <rect height=""29.636"" style=""fill:#E6F3FF;"" width=""33.185"" x=""220.963"" y=""299.531"">
  </rect>
  <rect height=""29.636"" style=""fill:#E6F3FF;"" width=""33.185"" x=""220.963"" y=""343.991"">
  </rect>
  <rect height=""29.636"" style=""fill:#E6F3FF;"" width=""33.185"" x=""266.802"" y=""209.285"">
  </rect>
  <rect height=""29.636"" style=""fill:#E6F3FF;"" width=""33.185"" x=""266.802"" y=""255.089"">
  </rect>
  <rect height=""29.636"" style=""fill:#E6F3FF;"" width=""33.185"" x=""266.802"" y=""299.531"">
  </rect>
  <rect height=""29.636"" style=""fill:#E6F3FF;"" width=""33.185"" x=""266.802"" y=""343.991"">
  </rect>
  <rect height=""29.636"" style=""fill:#E6F3FF;"" width=""33.185"" x=""312.623"" y=""209.285"">
  </rect>
  <rect height=""29.636"" style=""fill:#E6F3FF;"" width=""33.185"" x=""312.623"" y=""255.089"">
  </rect>
  <rect height=""29.636"" style=""fill:#E6F3FF;"" width=""33.185"" x=""312.623"" y=""299.531"">
  </rect>
  <rect height=""29.636"" style=""fill:#E6F3FF;"" width=""33.185"" x=""312.623"" y=""343.991"">
  </rect>
 </g>
</svg>


Question: How many rows of buttons are there on the object in the image?",2,3,4,5,C,tool
111,"Examine the following SVG code carefully and answer the question based on your interpretation of the rendered image.

<svg id=""Layer_1"" style=""enable-background:new 0 0 512 512;"" version=""1.1"" viewbox=""0 0 512 512"" x=""0px"" xml:space=""preserve"" y=""0px"">
 <circle cx=""260.475"" cy=""258.985"" r=""256"" style=""fill:#324A5E;"">
 </circle>
 <path d=""M516.475,258.985c0.0,-0.876,-0.024,-1.746,-0.033,-2.62L358.729,98.796L223.125,293.463l-60.787,105.427l116.172,115.453C411.479,505.086,516.475,394.305,516.475,258.985z"" style=""fill:#2B3B4E;"">
 </path>
 <path d=""M343.44,405.229H177.512c-11.781,0.0,-21.333,-9.55,-21.333,-21.333V113.674c0.0,-11.781,9.55,-21.333,21.333,-21.333h165.928c11.781,0.0,21.333,9.55,21.333,21.333v270.224C364.773,395.679,355.221,405.229,343.44,405.229z"" style=""fill:#F9B54C;"">
 </path>
 <path d=""M343.44,92.34h-82.963v312.889h82.963c11.781,0.0,21.333,-9.55,21.333,-21.333V113.674C364.773,101.892,355.221,92.34,343.44,92.34z"" style=""fill:#F4A200;"">
 </path>
 <rect height=""69.525"" style=""fill:#90DFAA;"" width=""170.667"" x=""175.142"" y=""111.303"">
 </rect>
 <rect height=""69.525"" style=""fill:#70C187;"" width=""85.333"" x=""260.475"" y=""111.303"">
 </rect>
 <g>
  <rect height=""29.636"" style=""fill:#E6F3FF;"" width=""33.185"" x=""175.142"" y=""209.285"">
  </rect>
  <rect height=""29.636"" style=""fill:#E6F3FF;"" width=""33.185"" x=""175.142"" y=""255.089"">
  </rect>
  <rect height=""29.636"" style=""fill:#E6F3FF;"" width=""33.185"" x=""175.142"" y=""299.531"">
  </rect>
  <rect height=""29.636"" style=""fill:#E6F3FF;"" width=""33.185"" x=""175.142"" y=""343.991"">
  </rect>
  <rect height=""29.636"" style=""fill:#E6F3FF;"" width=""33.185"" x=""220.963"" y=""209.285"">
  </rect>
  <rect height=""29.636"" style=""fill:#E6F3FF;"" width=""33.185"" x=""220.963"" y=""255.089"">
  </rect>
  <rect height=""29.636"" style=""fill:#E6F3FF;"" width=""33.185"" x=""220.963"" y=""299.531"">
  </rect>
  <rect height=""29.636"" style=""fill:#E6F3FF;"" width=""33.185"" x=""220.963"" y=""343.991"">
  </rect>
  <rect height=""29.636"" style=""fill:#E6F3FF;"" width=""33.185"" x=""266.802"" y=""209.285"">
  </rect>
  <rect height=""29.636"" style=""fill:#E6F3FF;"" width=""33.185"" x=""266.802"" y=""255.089"">
  </rect>
  <rect height=""29.636"" style=""fill:#E6F3FF;"" width=""33.185"" x=""266.802"" y=""299.531"">
  </rect>
  <rect height=""29.636"" style=""fill:#E6F3FF;"" width=""33.185"" x=""266.802"" y=""343.991"">
  </rect>
  <rect height=""29.636"" style=""fill:#E6F3FF;"" width=""33.185"" x=""312.623"" y=""209.285"">
  </rect>
  <rect height=""29.636"" style=""fill:#E6F3FF;"" width=""33.185"" x=""312.623"" y=""255.089"">
  </rect>
  <rect height=""29.636"" style=""fill:#E6F3FF;"" width=""33.185"" x=""312.623"" y=""299.531"">
  </rect>
  <rect height=""29.636"" style=""fill:#E6F3FF;"" width=""33.185"" x=""312.623"" y=""343.991"">
  </rect>
 </g>
</svg>


Question: What is the object in the image?",Calculator,phone,control,Keyboard,A,tool
112,"Examine the following SVG code carefully and answer the question based on your interpretation of the rendered image.

<svg id=""Layer_1"" style=""enable-background:new 0 0 512 512;"" version=""1.1"" viewbox=""0 0 512 512"" x=""0px"" xml:space=""preserve"" y=""0px"">
 <path d=""M461.339,26.913l-7.377,-8.054c0.0,0.0,-87.338,-40.27,-137.562,9.953c-9.429,9.429,-15.896,21.474,-17.371,35.484l-8.974,85.234c-4.73,24.72,-21.435,51.422,-39.74,68.348L28.293,423.056c-20.394,18.859,-16.362,55.803,3.725,75.892l0.0,0.0c20.087,20.087,56.114,23.2,74.774,2.609l210.176,-229.272c13.047,-14.396,33.873,-29.627,52.194,-35.911c22.312,-7.654,52.876,-18.109,72.753,-24.789c10.965,-3.685,15.134,-16.619,9.151,-28.151L390.227,65.657l69.769,-30.069C463.506,34.528,464.199,30.034,461.339,26.913zM89.036,471.725c-8.646,8.646,-22.665,8.646,-31.311,0.0s-8.646,-22.665,0.0,-31.311c8.646,-8.646,22.665,-8.646,31.311,0.0C97.681,449.061,97.681,463.08,89.036,471.725z"" style=""fill:#C7C5CB;"">
 </path>
 <path d=""M120.714,448.066c-1.595,-9.511,-6.053,-18.629,-13.376,-25.953c-7.037,-7.037,-15.875,-11.621,-25.472,-13.323l186.018,-171.904c23.841,-22.047,42.078,-53.654,47.595,-82.492l0.205,-1.071l9.087,-86.318c0.778,-7.387,4.119,-14.079,9.931,-19.892c11.877,-11.876,27.885,-17.649,48.942,-17.649c7.228,0.0,14.342,0.711,20.993,1.798l-28.014,12.074c-11.964,5.156,-17.05,19.374,-11.07,30.949l59.714,115.597c-19.543,6.607,-45.218,15.392,-64.503,22.007c-21.13,7.248,-45.824,24.109,-62.929,42.963L120.714,448.066z"" style=""fill:#D8D8DA;"">
 </path>
 <g>
  <path d=""M501.483,87.494L501.483,87.494c-1.021,-2.097,-3.475,-3.093,-5.583,-2.267l-78.654,32.733l-27.018,-52.303l69.769,-30.069c3.509,-1.059,4.203,-5.554,1.344,-8.675l-7.377,-8.054c0.0,0.0,-3.698,-1.704,-9.999,-3.972c-0.512,0.97,-1.373,1.735,-2.57,2.097l-66.009,27.523c-10.883,4.537,-15.57,17.401,-10.159,27.876l50.792,98.323l3.028,6.134c3.828,7.755,-0.008,17.111,-8.182,19.936c-19.157,6.623,-43.077,15.081,-60.305,20.991c-18.321,6.284,-39.147,21.515,-52.194,35.911L88.189,482.952c-15.755,17.385,-43.888,17.873,-64.355,5.515c2.318,3.813,5.056,7.352,8.184,10.479l0.0,0.0c20.087,20.087,56.114,23.2,74.774,2.609l210.176,-229.272c13.047,-14.396,33.873,-29.627,52.194,-35.911c22.312,-7.654,52.876,-18.109,72.753,-24.789c10.965,-3.685,15.134,-16.619,9.151,-28.151l-3.502,-6.778c9.777,-3.919,35.606,-18.719,54.584,-60.104C506.319,107.454,506.002,96.772,501.483,87.494z"" style=""fill:#AEADB3;"">
  </path>
  <path d=""M358.396,200.636l-30.888,-61.706c-2.676,-5.346,-0.508,-11.849,4.84,-14.52l33.746,-16.854c5.342,-2.668,11.835,-0.504,14.507,4.836l30.888,61.706c2.676,5.346,0.508,11.849,-4.84,14.52l-33.746,16.854C367.562,208.14,361.068,205.976,358.396,200.636z"" style=""fill:#AEADB3;"">
  </path>
 </g>
 <g>
  <path d=""M384.91,120.998c-0.114,0.052,-0.234,0.101,-0.343,0.156l-52.631,26.412c-0.026,0.013,-0.056,0.03,-0.083,0.044l7.239,14.461c0.039,-0.019,0.079,-0.032,0.116,-0.052c0.042,-0.022,0.086,-0.045,0.133,-0.07l52.329,-26.262l0.174,-0.076c0.105,-0.047,0.202,-0.105,0.303,-0.155L384.91,120.998z"" style=""fill:#D8D8DA;"">
  </path>
  <path d=""M399.896,150.936c-0.072,0.033,-0.143,0.063,-0.218,0.1l-52.631,26.413c-0.069,0.035,-0.135,0.074,-0.203,0.11l7.237,14.458c0.076,-0.038,0.153,-0.065,0.229,-0.106c0.058,-0.03,0.113,-0.063,0.17,-0.094l52.278,-26.237c0.076,-0.033,0.151,-0.067,0.203,-0.092c0.059,-0.028,0.114,-0.063,0.173,-0.093L399.896,150.936z"" style=""fill:#D8D8DA;"">
  </path>
 </g>
</svg>


Question: What is the primary color of the object?",Red,Blue,Gray,Green,C,tool
113,"Examine the following SVG code carefully and answer the question based on your interpretation of the rendered image.

<svg id=""Layer_1"" style=""enable-background:new 0 0 512 512;"" version=""1.1"" viewbox=""0 0 512 512"" x=""0px"" xml:space=""preserve"" y=""0px"">
 <path d=""M461.339,26.913l-7.377,-8.054c0.0,0.0,-87.338,-40.27,-137.562,9.953c-9.429,9.429,-15.896,21.474,-17.371,35.484l-8.974,85.234c-4.73,24.72,-21.435,51.422,-39.74,68.348L28.293,423.056c-20.394,18.859,-16.362,55.803,3.725,75.892l0.0,0.0c20.087,20.087,56.114,23.2,74.774,2.609l210.176,-229.272c13.047,-14.396,33.873,-29.627,52.194,-35.911c22.312,-7.654,52.876,-18.109,72.753,-24.789c10.965,-3.685,15.134,-16.619,9.151,-28.151L390.227,65.657l69.769,-30.069C463.506,34.528,464.199,30.034,461.339,26.913zM89.036,471.725c-8.646,8.646,-22.665,8.646,-31.311,0.0s-8.646,-22.665,0.0,-31.311c8.646,-8.646,22.665,-8.646,31.311,0.0C97.681,449.061,97.681,463.08,89.036,471.725z"" style=""fill:#C7C5CB;"">
 </path>
 <path d=""M120.714,448.066c-1.595,-9.511,-6.053,-18.629,-13.376,-25.953c-7.037,-7.037,-15.875,-11.621,-25.472,-13.323l186.018,-171.904c23.841,-22.047,42.078,-53.654,47.595,-82.492l0.205,-1.071l9.087,-86.318c0.778,-7.387,4.119,-14.079,9.931,-19.892c11.877,-11.876,27.885,-17.649,48.942,-17.649c7.228,0.0,14.342,0.711,20.993,1.798l-28.014,12.074c-11.964,5.156,-17.05,19.374,-11.07,30.949l59.714,115.597c-19.543,6.607,-45.218,15.392,-64.503,22.007c-21.13,7.248,-45.824,24.109,-62.929,42.963L120.714,448.066z"" style=""fill:#D8D8DA;"">
 </path>
 <g>
  <path d=""M501.483,87.494L501.483,87.494c-1.021,-2.097,-3.475,-3.093,-5.583,-2.267l-78.654,32.733l-27.018,-52.303l69.769,-30.069c3.509,-1.059,4.203,-5.554,1.344,-8.675l-7.377,-8.054c0.0,0.0,-3.698,-1.704,-9.999,-3.972c-0.512,0.97,-1.373,1.735,-2.57,2.097l-66.009,27.523c-10.883,4.537,-15.57,17.401,-10.159,27.876l50.792,98.323l3.028,6.134c3.828,7.755,-0.008,17.111,-8.182,19.936c-19.157,6.623,-43.077,15.081,-60.305,20.991c-18.321,6.284,-39.147,21.515,-52.194,35.911L88.189,482.952c-15.755,17.385,-43.888,17.873,-64.355,5.515c2.318,3.813,5.056,7.352,8.184,10.479l0.0,0.0c20.087,20.087,56.114,23.2,74.774,2.609l210.176,-229.272c13.047,-14.396,33.873,-29.627,52.194,-35.911c22.312,-7.654,52.876,-18.109,72.753,-24.789c10.965,-3.685,15.134,-16.619,9.151,-28.151l-3.502,-6.778c9.777,-3.919,35.606,-18.719,54.584,-60.104C506.319,107.454,506.002,96.772,501.483,87.494z"" style=""fill:#AEADB3;"">
  </path>
  <path d=""M358.396,200.636l-30.888,-61.706c-2.676,-5.346,-0.508,-11.849,4.84,-14.52l33.746,-16.854c5.342,-2.668,11.835,-0.504,14.507,4.836l30.888,61.706c2.676,5.346,0.508,11.849,-4.84,14.52l-33.746,16.854C367.562,208.14,361.068,205.976,358.396,200.636z"" style=""fill:#AEADB3;"">
  </path>
 </g>
 <g>
  <path d=""M384.91,120.998c-0.114,0.052,-0.234,0.101,-0.343,0.156l-52.631,26.412c-0.026,0.013,-0.056,0.03,-0.083,0.044l7.239,14.461c0.039,-0.019,0.079,-0.032,0.116,-0.052c0.042,-0.022,0.086,-0.045,0.133,-0.07l52.329,-26.262l0.174,-0.076c0.105,-0.047,0.202,-0.105,0.303,-0.155L384.91,120.998z"" style=""fill:#D8D8DA;"">
  </path>
  <path d=""M399.896,150.936c-0.072,0.033,-0.143,0.063,-0.218,0.1l-52.631,26.413c-0.069,0.035,-0.135,0.074,-0.203,0.11l7.237,14.458c0.076,-0.038,0.153,-0.065,0.229,-0.106c0.058,-0.03,0.113,-0.063,0.17,-0.094l52.278,-26.237c0.076,-0.033,0.151,-0.067,0.203,-0.092c0.059,-0.028,0.114,-0.063,0.173,-0.093L399.896,150.936z"" style=""fill:#D8D8DA;"">
  </path>
 </g>
</svg>


Question: What shape is the hole at the bottom of the object?",Circle,Square,Triangle,Hexagon,A,tool
114,"Examine the following SVG code carefully and answer the question based on your interpretation of the rendered image.

<svg id=""Layer_1"" style=""enable-background:new 0 0 512 512;"" version=""1.1"" viewbox=""0 0 512 512"" x=""0px"" xml:space=""preserve"" y=""0px"">
 <path d=""M461.339,26.913l-7.377,-8.054c0.0,0.0,-87.338,-40.27,-137.562,9.953c-9.429,9.429,-15.896,21.474,-17.371,35.484l-8.974,85.234c-4.73,24.72,-21.435,51.422,-39.74,68.348L28.293,423.056c-20.394,18.859,-16.362,55.803,3.725,75.892l0.0,0.0c20.087,20.087,56.114,23.2,74.774,2.609l210.176,-229.272c13.047,-14.396,33.873,-29.627,52.194,-35.911c22.312,-7.654,52.876,-18.109,72.753,-24.789c10.965,-3.685,15.134,-16.619,9.151,-28.151L390.227,65.657l69.769,-30.069C463.506,34.528,464.199,30.034,461.339,26.913zM89.036,471.725c-8.646,8.646,-22.665,8.646,-31.311,0.0s-8.646,-22.665,0.0,-31.311c8.646,-8.646,22.665,-8.646,31.311,0.0C97.681,449.061,97.681,463.08,89.036,471.725z"" style=""fill:#C7C5CB;"">
 </path>
 <path d=""M120.714,448.066c-1.595,-9.511,-6.053,-18.629,-13.376,-25.953c-7.037,-7.037,-15.875,-11.621,-25.472,-13.323l186.018,-171.904c23.841,-22.047,42.078,-53.654,47.595,-82.492l0.205,-1.071l9.087,-86.318c0.778,-7.387,4.119,-14.079,9.931,-19.892c11.877,-11.876,27.885,-17.649,48.942,-17.649c7.228,0.0,14.342,0.711,20.993,1.798l-28.014,12.074c-11.964,5.156,-17.05,19.374,-11.07,30.949l59.714,115.597c-19.543,6.607,-45.218,15.392,-64.503,22.007c-21.13,7.248,-45.824,24.109,-62.929,42.963L120.714,448.066z"" style=""fill:#D8D8DA;"">
 </path>
 <g>
  <path d=""M501.483,87.494L501.483,87.494c-1.021,-2.097,-3.475,-3.093,-5.583,-2.267l-78.654,32.733l-27.018,-52.303l69.769,-30.069c3.509,-1.059,4.203,-5.554,1.344,-8.675l-7.377,-8.054c0.0,0.0,-3.698,-1.704,-9.999,-3.972c-0.512,0.97,-1.373,1.735,-2.57,2.097l-66.009,27.523c-10.883,4.537,-15.57,17.401,-10.159,27.876l50.792,98.323l3.028,6.134c3.828,7.755,-0.008,17.111,-8.182,19.936c-19.157,6.623,-43.077,15.081,-60.305,20.991c-18.321,6.284,-39.147,21.515,-52.194,35.911L88.189,482.952c-15.755,17.385,-43.888,17.873,-64.355,5.515c2.318,3.813,5.056,7.352,8.184,10.479l0.0,0.0c20.087,20.087,56.114,23.2,74.774,2.609l210.176,-229.272c13.047,-14.396,33.873,-29.627,52.194,-35.911c22.312,-7.654,52.876,-18.109,72.753,-24.789c10.965,-3.685,15.134,-16.619,9.151,-28.151l-3.502,-6.778c9.777,-3.919,35.606,-18.719,54.584,-60.104C506.319,107.454,506.002,96.772,501.483,87.494z"" style=""fill:#AEADB3;"">
  </path>
  <path d=""M358.396,200.636l-30.888,-61.706c-2.676,-5.346,-0.508,-11.849,4.84,-14.52l33.746,-16.854c5.342,-2.668,11.835,-0.504,14.507,4.836l30.888,61.706c2.676,5.346,0.508,11.849,-4.84,14.52l-33.746,16.854C367.562,208.14,361.068,205.976,358.396,200.636z"" style=""fill:#AEADB3;"">
  </path>
 </g>
 <g>
  <path d=""M384.91,120.998c-0.114,0.052,-0.234,0.101,-0.343,0.156l-52.631,26.412c-0.026,0.013,-0.056,0.03,-0.083,0.044l7.239,14.461c0.039,-0.019,0.079,-0.032,0.116,-0.052c0.042,-0.022,0.086,-0.045,0.133,-0.07l52.329,-26.262l0.174,-0.076c0.105,-0.047,0.202,-0.105,0.303,-0.155L384.91,120.998z"" style=""fill:#D8D8DA;"">
  </path>
  <path d=""M399.896,150.936c-0.072,0.033,-0.143,0.063,-0.218,0.1l-52.631,26.413c-0.069,0.035,-0.135,0.074,-0.203,0.11l7.237,14.458c0.076,-0.038,0.153,-0.065,0.229,-0.106c0.058,-0.03,0.113,-0.063,0.17,-0.094l52.278,-26.237c0.076,-0.033,0.151,-0.067,0.203,-0.092c0.059,-0.028,0.114,-0.063,0.173,-0.093L399.896,150.936z"" style=""fill:#D8D8DA;"">
  </path>
 </g>
</svg>


Question: What is the shape of the adjustable part of the object?",Square,Circular,Crescent,Hexagonal,C,tool
115,"Examine the following SVG code carefully and answer the question based on your interpretation of the rendered image.

<svg id=""Layer_1"" style=""enable-background:new 0 0 512 512;"" version=""1.1"" viewbox=""0 0 512 512"" x=""0px"" xml:space=""preserve"" y=""0px"">
 <path d=""M461.339,26.913l-7.377,-8.054c0.0,0.0,-87.338,-40.27,-137.562,9.953c-9.429,9.429,-15.896,21.474,-17.371,35.484l-8.974,85.234c-4.73,24.72,-21.435,51.422,-39.74,68.348L28.293,423.056c-20.394,18.859,-16.362,55.803,3.725,75.892l0.0,0.0c20.087,20.087,56.114,23.2,74.774,2.609l210.176,-229.272c13.047,-14.396,33.873,-29.627,52.194,-35.911c22.312,-7.654,52.876,-18.109,72.753,-24.789c10.965,-3.685,15.134,-16.619,9.151,-28.151L390.227,65.657l69.769,-30.069C463.506,34.528,464.199,30.034,461.339,26.913zM89.036,471.725c-8.646,8.646,-22.665,8.646,-31.311,0.0s-8.646,-22.665,0.0,-31.311c8.646,-8.646,22.665,-8.646,31.311,0.0C97.681,449.061,97.681,463.08,89.036,471.725z"" style=""fill:#C7C5CB;"">
 </path>
 <path d=""M120.714,448.066c-1.595,-9.511,-6.053,-18.629,-13.376,-25.953c-7.037,-7.037,-15.875,-11.621,-25.472,-13.323l186.018,-171.904c23.841,-22.047,42.078,-53.654,47.595,-82.492l0.205,-1.071l9.087,-86.318c0.778,-7.387,4.119,-14.079,9.931,-19.892c11.877,-11.876,27.885,-17.649,48.942,-17.649c7.228,0.0,14.342,0.711,20.993,1.798l-28.014,12.074c-11.964,5.156,-17.05,19.374,-11.07,30.949l59.714,115.597c-19.543,6.607,-45.218,15.392,-64.503,22.007c-21.13,7.248,-45.824,24.109,-62.929,42.963L120.714,448.066z"" style=""fill:#D8D8DA;"">
 </path>
 <g>
  <path d=""M501.483,87.494L501.483,87.494c-1.021,-2.097,-3.475,-3.093,-5.583,-2.267l-78.654,32.733l-27.018,-52.303l69.769,-30.069c3.509,-1.059,4.203,-5.554,1.344,-8.675l-7.377,-8.054c0.0,0.0,-3.698,-1.704,-9.999,-3.972c-0.512,0.97,-1.373,1.735,-2.57,2.097l-66.009,27.523c-10.883,4.537,-15.57,17.401,-10.159,27.876l50.792,98.323l3.028,6.134c3.828,7.755,-0.008,17.111,-8.182,19.936c-19.157,6.623,-43.077,15.081,-60.305,20.991c-18.321,6.284,-39.147,21.515,-52.194,35.911L88.189,482.952c-15.755,17.385,-43.888,17.873,-64.355,5.515c2.318,3.813,5.056,7.352,8.184,10.479l0.0,0.0c20.087,20.087,56.114,23.2,74.774,2.609l210.176,-229.272c13.047,-14.396,33.873,-29.627,52.194,-35.911c22.312,-7.654,52.876,-18.109,72.753,-24.789c10.965,-3.685,15.134,-16.619,9.151,-28.151l-3.502,-6.778c9.777,-3.919,35.606,-18.719,54.584,-60.104C506.319,107.454,506.002,96.772,501.483,87.494z"" style=""fill:#AEADB3;"">
  </path>
  <path d=""M358.396,200.636l-30.888,-61.706c-2.676,-5.346,-0.508,-11.849,4.84,-14.52l33.746,-16.854c5.342,-2.668,11.835,-0.504,14.507,4.836l30.888,61.706c2.676,5.346,0.508,11.849,-4.84,14.52l-33.746,16.854C367.562,208.14,361.068,205.976,358.396,200.636z"" style=""fill:#AEADB3;"">
  </path>
 </g>
 <g>
  <path d=""M384.91,120.998c-0.114,0.052,-0.234,0.101,-0.343,0.156l-52.631,26.412c-0.026,0.013,-0.056,0.03,-0.083,0.044l7.239,14.461c0.039,-0.019,0.079,-0.032,0.116,-0.052c0.042,-0.022,0.086,-0.045,0.133,-0.07l52.329,-26.262l0.174,-0.076c0.105,-0.047,0.202,-0.105,0.303,-0.155L384.91,120.998z"" style=""fill:#D8D8DA;"">
  </path>
  <path d=""M399.896,150.936c-0.072,0.033,-0.143,0.063,-0.218,0.1l-52.631,26.413c-0.069,0.035,-0.135,0.074,-0.203,0.11l7.237,14.458c0.076,-0.038,0.153,-0.065,0.229,-0.106c0.058,-0.03,0.113,-0.063,0.17,-0.094l52.278,-26.237c0.076,-0.033,0.151,-0.067,0.203,-0.092c0.059,-0.028,0.114,-0.063,0.173,-0.093L399.896,150.936z"" style=""fill:#D8D8DA;"">
  </path>
 </g>
</svg>


Question: What is the object in the image?",Hammer,Screwdriver,Wrench,Pliers,C,tool
124,"Examine the following SVG code carefully and answer the question based on your interpretation of the rendered image.

<svg enable-background=""new 0 0 64 64"" id=""Layer_1"" version=""1.1"" viewbox=""0 0 64 64"" x=""0px"" xml:space=""preserve"" y=""0px"">
 <path d=""M63.884,29.829l-2.205,-2.205c-0.968,-0.967,-2.655,-0.965,-3.619,0.0l-0.395,0.395L37.031,7.387l0.394,-0.394c0.483,-0.482,0.751,-1.125,0.751,-1.809c0.0,-0.685,-0.266,-1.328,-0.75,-1.812L35.223,1.17C34.741,0.686,34.098,0.42,33.414,0.42c0.0,0.0,0.0,0.0,-0.001,0.0c-0.684,0.0,-1.327,0.266,-1.81,0.75L18.375,14.396c-0.483,0.483,-0.75,1.127,-0.75,1.81c0.0,0.683,0.267,1.327,0.75,1.81l2.205,2.205c0.499,0.499,1.154,0.748,1.809,0.748c0.655,0.0,1.31,-0.249,1.809,-0.748l0.396,-0.396l7.405,7.405L1.84,57.389c-0.767,0.765,-1.207,1.826,-1.207,2.912c0.0,0.955,0.322,1.859,0.915,2.588l0.293,0.325C2.608,63.98,3.668,64.42,4.751,64.42c1.098,0.0,2.132,-0.428,2.912,-1.206l30.159,-30.16l7.405,7.405l-0.395,0.395c-0.484,0.482,-0.75,1.125,-0.75,1.81c0.0,0.684,0.266,1.327,0.749,1.811l2.205,2.203c0.482,0.483,1.125,0.75,1.81,0.75c0.684,0.0,1.326,-0.266,1.809,-0.75L63.884,33.449C64.881,32.451,64.881,30.827,63.884,29.829zM21.995,18.807l-2.205,-2.205c-0.105,-0.105,-0.164,-0.246,-0.164,-0.395c0.0,-0.149,0.059,-0.29,0.164,-0.396L33.017,2.583C33.123,2.478,33.263,2.42,33.413,2.42h0.001c0.149,0.0,0.289,0.058,0.395,0.164l2.204,2.204c0.107,0.106,0.164,0.246,0.164,0.396c0.0,0.149,-0.058,0.289,-0.163,0.394l-5.744,5.745l-6.383,6.382v0.002l-1.101,1.102C22.565,19.025,22.212,19.024,21.995,18.807zM36.409,31.64L6.25,61.798c-0.772,0.77,-2.062,0.846,-2.959,0.036L3.252,61.795c-0.399,-0.397,-0.619,-0.928,-0.619,-1.495c0.0,-0.558,0.226,-1.103,0.62,-1.496l30.16,-30.16l1.497,1.498L36.409,31.64zM46.641,39.044l-10.316,-10.316l-2.204,-2.205h-0.0l-8.112,-8.112l5.617,-5.619l3.992,-3.991l20.633,20.633l-3.991,3.991L46.641,39.044zM62.47,32.035L49.242,45.262c-0.212,0.212,-0.579,0.211,-0.79,-0.0l-2.205,-2.203c-0.105,-0.105,-0.163,-0.246,-0.163,-0.396c0.0,-0.149,0.058,-0.29,0.163,-0.395l6.614,-6.615l5.512,-5.511v-0.002l1.102,-1.101c0.105,-0.105,0.246,-0.164,0.396,-0.164c0.149,0.0,0.29,0.058,0.396,0.164l2.205,2.205C62.688,31.461,62.688,31.817,62.47,32.035z"" id=""Hammer_1_"">
 </path>
</svg>


Question: What shape is the head of the object?",Circular,Rectangular,Triangular,Hexagonal,B,tool
125,"Examine the following SVG code carefully and answer the question based on your interpretation of the rendered image.

<svg enable-background=""new 0 0 64 64"" id=""Layer_1"" version=""1.1"" viewbox=""0 0 64 64"" x=""0px"" xml:space=""preserve"" y=""0px"">
 <path d=""M63.884,29.829l-2.205,-2.205c-0.968,-0.967,-2.655,-0.965,-3.619,0.0l-0.395,0.395L37.031,7.387l0.394,-0.394c0.483,-0.482,0.751,-1.125,0.751,-1.809c0.0,-0.685,-0.266,-1.328,-0.75,-1.812L35.223,1.17C34.741,0.686,34.098,0.42,33.414,0.42c0.0,0.0,0.0,0.0,-0.001,0.0c-0.684,0.0,-1.327,0.266,-1.81,0.75L18.375,14.396c-0.483,0.483,-0.75,1.127,-0.75,1.81c0.0,0.683,0.267,1.327,0.75,1.81l2.205,2.205c0.499,0.499,1.154,0.748,1.809,0.748c0.655,0.0,1.31,-0.249,1.809,-0.748l0.396,-0.396l7.405,7.405L1.84,57.389c-0.767,0.765,-1.207,1.826,-1.207,2.912c0.0,0.955,0.322,1.859,0.915,2.588l0.293,0.325C2.608,63.98,3.668,64.42,4.751,64.42c1.098,0.0,2.132,-0.428,2.912,-1.206l30.159,-30.16l7.405,7.405l-0.395,0.395c-0.484,0.482,-0.75,1.125,-0.75,1.81c0.0,0.684,0.266,1.327,0.749,1.811l2.205,2.203c0.482,0.483,1.125,0.75,1.81,0.75c0.684,0.0,1.326,-0.266,1.809,-0.75L63.884,33.449C64.881,32.451,64.881,30.827,63.884,29.829zM21.995,18.807l-2.205,-2.205c-0.105,-0.105,-0.164,-0.246,-0.164,-0.395c0.0,-0.149,0.059,-0.29,0.164,-0.396L33.017,2.583C33.123,2.478,33.263,2.42,33.413,2.42h0.001c0.149,0.0,0.289,0.058,0.395,0.164l2.204,2.204c0.107,0.106,0.164,0.246,0.164,0.396c0.0,0.149,-0.058,0.289,-0.163,0.394l-5.744,5.745l-6.383,6.382v0.002l-1.101,1.102C22.565,19.025,22.212,19.024,21.995,18.807zM36.409,31.64L6.25,61.798c-0.772,0.77,-2.062,0.846,-2.959,0.036L3.252,61.795c-0.399,-0.397,-0.619,-0.928,-0.619,-1.495c0.0,-0.558,0.226,-1.103,0.62,-1.496l30.16,-30.16l1.497,1.498L36.409,31.64zM46.641,39.044l-10.316,-10.316l-2.204,-2.205h-0.0l-8.112,-8.112l5.617,-5.619l3.992,-3.991l20.633,20.633l-3.991,3.991L46.641,39.044zM62.47,32.035L49.242,45.262c-0.212,0.212,-0.579,0.211,-0.79,-0.0l-2.205,-2.203c-0.105,-0.105,-0.163,-0.246,-0.163,-0.396c0.0,-0.149,0.058,-0.29,0.163,-0.395l6.614,-6.615l5.512,-5.511v-0.002l1.102,-1.101c0.105,-0.105,0.246,-0.164,0.396,-0.164c0.149,0.0,0.29,0.058,0.396,0.164l2.205,2.205C62.688,31.461,62.688,31.817,62.47,32.035z"" id=""Hammer_1_"">
 </path>
</svg>


Question: What is the orientation of the handle relative to the head?",Parallel,Perpendicular,Diagonal,Curved,B,tool
126,"Examine the following SVG code carefully and answer the question based on your interpretation of the rendered image.

<svg enable-background=""new 0 0 64 64"" id=""Layer_1"" version=""1.1"" viewbox=""0 0 64 64"" x=""0px"" xml:space=""preserve"" y=""0px"">
 <path d=""M63.884,29.829l-2.205,-2.205c-0.968,-0.967,-2.655,-0.965,-3.619,0.0l-0.395,0.395L37.031,7.387l0.394,-0.394c0.483,-0.482,0.751,-1.125,0.751,-1.809c0.0,-0.685,-0.266,-1.328,-0.75,-1.812L35.223,1.17C34.741,0.686,34.098,0.42,33.414,0.42c0.0,0.0,0.0,0.0,-0.001,0.0c-0.684,0.0,-1.327,0.266,-1.81,0.75L18.375,14.396c-0.483,0.483,-0.75,1.127,-0.75,1.81c0.0,0.683,0.267,1.327,0.75,1.81l2.205,2.205c0.499,0.499,1.154,0.748,1.809,0.748c0.655,0.0,1.31,-0.249,1.809,-0.748l0.396,-0.396l7.405,7.405L1.84,57.389c-0.767,0.765,-1.207,1.826,-1.207,2.912c0.0,0.955,0.322,1.859,0.915,2.588l0.293,0.325C2.608,63.98,3.668,64.42,4.751,64.42c1.098,0.0,2.132,-0.428,2.912,-1.206l30.159,-30.16l7.405,7.405l-0.395,0.395c-0.484,0.482,-0.75,1.125,-0.75,1.81c0.0,0.684,0.266,1.327,0.749,1.811l2.205,2.203c0.482,0.483,1.125,0.75,1.81,0.75c0.684,0.0,1.326,-0.266,1.809,-0.75L63.884,33.449C64.881,32.451,64.881,30.827,63.884,29.829zM21.995,18.807l-2.205,-2.205c-0.105,-0.105,-0.164,-0.246,-0.164,-0.395c0.0,-0.149,0.059,-0.29,0.164,-0.396L33.017,2.583C33.123,2.478,33.263,2.42,33.413,2.42h0.001c0.149,0.0,0.289,0.058,0.395,0.164l2.204,2.204c0.107,0.106,0.164,0.246,0.164,0.396c0.0,0.149,-0.058,0.289,-0.163,0.394l-5.744,5.745l-6.383,6.382v0.002l-1.101,1.102C22.565,19.025,22.212,19.024,21.995,18.807zM36.409,31.64L6.25,61.798c-0.772,0.77,-2.062,0.846,-2.959,0.036L3.252,61.795c-0.399,-0.397,-0.619,-0.928,-0.619,-1.495c0.0,-0.558,0.226,-1.103,0.62,-1.496l30.16,-30.16l1.497,1.498L36.409,31.64zM46.641,39.044l-10.316,-10.316l-2.204,-2.205h-0.0l-8.112,-8.112l5.617,-5.619l3.992,-3.991l20.633,20.633l-3.991,3.991L46.641,39.044zM62.47,32.035L49.242,45.262c-0.212,0.212,-0.579,0.211,-0.79,-0.0l-2.205,-2.203c-0.105,-0.105,-0.163,-0.246,-0.163,-0.396c0.0,-0.149,0.058,-0.29,0.163,-0.395l6.614,-6.615l5.512,-5.511v-0.002l1.102,-1.101c0.105,-0.105,0.246,-0.164,0.396,-0.164c0.149,0.0,0.29,0.058,0.396,0.164l2.205,2.205C62.688,31.461,62.688,31.817,62.47,32.035z"" id=""Hammer_1_"">
 </path>
</svg>


Question: What is the primary function of this object?",Writing,Cutting,Measuring,Hammering,D,tool
127,"Examine the following SVG code carefully and answer the question based on your interpretation of the rendered image.

<svg enable-background=""new 0 0 64 64"" id=""Layer_1"" version=""1.1"" viewbox=""0 0 64 64"" x=""0px"" xml:space=""preserve"" y=""0px"">
 <path d=""M63.884,29.829l-2.205,-2.205c-0.968,-0.967,-2.655,-0.965,-3.619,0.0l-0.395,0.395L37.031,7.387l0.394,-0.394c0.483,-0.482,0.751,-1.125,0.751,-1.809c0.0,-0.685,-0.266,-1.328,-0.75,-1.812L35.223,1.17C34.741,0.686,34.098,0.42,33.414,0.42c0.0,0.0,0.0,0.0,-0.001,0.0c-0.684,0.0,-1.327,0.266,-1.81,0.75L18.375,14.396c-0.483,0.483,-0.75,1.127,-0.75,1.81c0.0,0.683,0.267,1.327,0.75,1.81l2.205,2.205c0.499,0.499,1.154,0.748,1.809,0.748c0.655,0.0,1.31,-0.249,1.809,-0.748l0.396,-0.396l7.405,7.405L1.84,57.389c-0.767,0.765,-1.207,1.826,-1.207,2.912c0.0,0.955,0.322,1.859,0.915,2.588l0.293,0.325C2.608,63.98,3.668,64.42,4.751,64.42c1.098,0.0,2.132,-0.428,2.912,-1.206l30.159,-30.16l7.405,7.405l-0.395,0.395c-0.484,0.482,-0.75,1.125,-0.75,1.81c0.0,0.684,0.266,1.327,0.749,1.811l2.205,2.203c0.482,0.483,1.125,0.75,1.81,0.75c0.684,0.0,1.326,-0.266,1.809,-0.75L63.884,33.449C64.881,32.451,64.881,30.827,63.884,29.829zM21.995,18.807l-2.205,-2.205c-0.105,-0.105,-0.164,-0.246,-0.164,-0.395c0.0,-0.149,0.059,-0.29,0.164,-0.396L33.017,2.583C33.123,2.478,33.263,2.42,33.413,2.42h0.001c0.149,0.0,0.289,0.058,0.395,0.164l2.204,2.204c0.107,0.106,0.164,0.246,0.164,0.396c0.0,0.149,-0.058,0.289,-0.163,0.394l-5.744,5.745l-6.383,6.382v0.002l-1.101,1.102C22.565,19.025,22.212,19.024,21.995,18.807zM36.409,31.64L6.25,61.798c-0.772,0.77,-2.062,0.846,-2.959,0.036L3.252,61.795c-0.399,-0.397,-0.619,-0.928,-0.619,-1.495c0.0,-0.558,0.226,-1.103,0.62,-1.496l30.16,-30.16l1.497,1.498L36.409,31.64zM46.641,39.044l-10.316,-10.316l-2.204,-2.205h-0.0l-8.112,-8.112l5.617,-5.619l3.992,-3.991l20.633,20.633l-3.991,3.991L46.641,39.044zM62.47,32.035L49.242,45.262c-0.212,0.212,-0.579,0.211,-0.79,-0.0l-2.205,-2.203c-0.105,-0.105,-0.163,-0.246,-0.163,-0.396c0.0,-0.149,0.058,-0.29,0.163,-0.395l6.614,-6.615l5.512,-5.511v-0.002l1.102,-1.101c0.105,-0.105,0.246,-0.164,0.396,-0.164c0.149,0.0,0.29,0.058,0.396,0.164l2.205,2.205C62.688,31.461,62.688,31.817,62.47,32.035z"" id=""Hammer_1_"">
 </path>
</svg>


Question: What is the semantic name of the whole object?",Screwdriver,Hammer,Wrench,Pliers,B,tool
128,"Examine the following SVG code carefully and answer the question based on your interpretation of the rendered image.

<svg id=""Layer_1"" style=""enable-background:new 0 0 511.986 511.986;"" version=""1.1"" viewbox=""0 0 511.986 511.986"" x=""0px"" xml:space=""preserve"" y=""0px"">
 <path d=""M206.758,237.243L16.483,427.52c-16.656,16.655,-16.656,43.67,0.0,60.326c16.656,16.672,43.671,16.672,60.327,0.0l190.276,-190.275L206.758,237.243z"" style=""fill:#5D9CEC;"">
 </path>
 <polygon points=""340.763,193.744 310.607,163.573 221.836,252.321 252.007,282.492"" style=""fill:#CCD1D9;"">
 </polygon>
 <g>
  <path d=""M334.998,214.642l-45.249,-45.256c0.0,0.0,15.077,-15.078,45.249,-45.241c25.922,-25.93,-73.584,-100.263,-75.475,-105.622c-1.266,-3.633,209.455,4.578,181.05,150.863l-30.172,30.17C410.401,199.556,370.356,179.018,334.998,214.642z"" style=""fill:#E6E9ED;"">
  </path>
  <polygon points=""455.650,274.969 425.495,244.805 485.821,184.471 515.977,214.642"" style=""fill:#E6E9ED;"">
  </polygon>
 </g>
 <polygon points=""440.573,229.719 410.401,199.556 440.573,169.386 470.743,199.556"" style=""fill:#CCD1D9;"">
 </polygon>
 <path d=""M236.899,267.383l-15.078,-15.078L39.091,435.034c-4.171,4.172,-4.171,10.922,0.0,15.094c2.078,2.078,4.812,3.125,7.531,3.125c2.734,0.0,5.469,-1.047,7.547,-3.125L236.899,267.383z"" style=""fill:#4A89DC;"">
 </path>
</svg>


Question: What is the primary color of the handle of the object?",Red,Blue,Green,Yellow,B,tool
129,"Examine the following SVG code carefully and answer the question based on your interpretation of the rendered image.

<svg id=""Layer_1"" style=""enable-background:new 0 0 511.986 511.986;"" version=""1.1"" viewbox=""0 0 511.986 511.986"" x=""0px"" xml:space=""preserve"" y=""0px"">
 <path d=""M206.758,237.243L16.483,427.52c-16.656,16.655,-16.656,43.67,0.0,60.326c16.656,16.672,43.671,16.672,60.327,0.0l190.276,-190.275L206.758,237.243z"" style=""fill:#5D9CEC;"">
 </path>
 <polygon points=""340.763,193.744 310.607,163.573 221.836,252.321 252.007,282.492"" style=""fill:#CCD1D9;"">
 </polygon>
 <g>
  <path d=""M334.998,214.642l-45.249,-45.256c0.0,0.0,15.077,-15.078,45.249,-45.241c25.922,-25.93,-73.584,-100.263,-75.475,-105.622c-1.266,-3.633,209.455,4.578,181.05,150.863l-30.172,30.17C410.401,199.556,370.356,179.018,334.998,214.642z"" style=""fill:#E6E9ED;"">
  </path>
  <polygon points=""455.650,274.969 425.495,244.805 485.821,184.471 515.977,214.642"" style=""fill:#E6E9ED;"">
  </polygon>
 </g>
 <polygon points=""440.573,229.719 410.401,199.556 440.573,169.386 470.743,199.556"" style=""fill:#CCD1D9;"">
 </polygon>
 <path d=""M236.899,267.383l-15.078,-15.078L39.091,435.034c-4.171,4.172,-4.171,10.922,0.0,15.094c2.078,2.078,4.812,3.125,7.531,3.125c2.734,0.0,5.469,-1.047,7.547,-3.125L236.899,267.383z"" style=""fill:#4A89DC;"">
 </path>
</svg>


Question: What shape is the head of the object?",Circular,Square,Rectangular,Triangular,A,tool
130,"Examine the following SVG code carefully and answer the question based on your interpretation of the rendered image.

<svg id=""Layer_1"" style=""enable-background:new 0 0 511.986 511.986;"" version=""1.1"" viewbox=""0 0 511.986 511.986"" x=""0px"" xml:space=""preserve"" y=""0px"">
 <path d=""M206.758,237.243L16.483,427.52c-16.656,16.655,-16.656,43.67,0.0,60.326c16.656,16.672,43.671,16.672,60.327,0.0l190.276,-190.275L206.758,237.243z"" style=""fill:#5D9CEC;"">
 </path>
 <polygon points=""340.763,193.744 310.607,163.573 221.836,252.321 252.007,282.492"" style=""fill:#CCD1D9;"">
 </polygon>
 <g>
  <path d=""M334.998,214.642l-45.249,-45.256c0.0,0.0,15.077,-15.078,45.249,-45.241c25.922,-25.93,-73.584,-100.263,-75.475,-105.622c-1.266,-3.633,209.455,4.578,181.05,150.863l-30.172,30.17C410.401,199.556,370.356,179.018,334.998,214.642z"" style=""fill:#E6E9ED;"">
  </path>
  <polygon points=""455.650,274.969 425.495,244.805 485.821,184.471 515.977,214.642"" style=""fill:#E6E9ED;"">
  </polygon>
 </g>
 <polygon points=""440.573,229.719 410.401,199.556 440.573,169.386 470.743,199.556"" style=""fill:#CCD1D9;"">
 </polygon>
 <path d=""M236.899,267.383l-15.078,-15.078L39.091,435.034c-4.171,4.172,-4.171,10.922,0.0,15.094c2.078,2.078,4.812,3.125,7.531,3.125c2.734,0.0,5.469,-1.047,7.547,-3.125L236.899,267.383z"" style=""fill:#4A89DC;"">
 </path>
</svg>


Question: What is the object primarily used for?",Hammering,Cutting,Measuring,Writing,A,tool
131,"Examine the following SVG code carefully and answer the question based on your interpretation of the rendered image.

<svg id=""Layer_1"" style=""enable-background:new 0 0 511.986 511.986;"" version=""1.1"" viewbox=""0 0 511.986 511.986"" x=""0px"" xml:space=""preserve"" y=""0px"">
 <path d=""M206.758,237.243L16.483,427.52c-16.656,16.655,-16.656,43.67,0.0,60.326c16.656,16.672,43.671,16.672,60.327,0.0l190.276,-190.275L206.758,237.243z"" style=""fill:#5D9CEC;"">
 </path>
 <polygon points=""340.763,193.744 310.607,163.573 221.836,252.321 252.007,282.492"" style=""fill:#CCD1D9;"">
 </polygon>
 <g>
  <path d=""M334.998,214.642l-45.249,-45.256c0.0,0.0,15.077,-15.078,45.249,-45.241c25.922,-25.93,-73.584,-100.263,-75.475,-105.622c-1.266,-3.633,209.455,4.578,181.05,150.863l-30.172,30.17C410.401,199.556,370.356,179.018,334.998,214.642z"" style=""fill:#E6E9ED;"">
  </path>
  <polygon points=""455.650,274.969 425.495,244.805 485.821,184.471 515.977,214.642"" style=""fill:#E6E9ED;"">
  </polygon>
 </g>
 <polygon points=""440.573,229.719 410.401,199.556 440.573,169.386 470.743,199.556"" style=""fill:#CCD1D9;"">
 </polygon>
 <path d=""M236.899,267.383l-15.078,-15.078L39.091,435.034c-4.171,4.172,-4.171,10.922,0.0,15.094c2.078,2.078,4.812,3.125,7.531,3.125c2.734,0.0,5.469,-1.047,7.547,-3.125L236.899,267.383z"" style=""fill:#4A89DC;"">
 </path>
</svg>


Question: What is the object in the image?",Screwdriver,Wrench,Hammer,Pliers,C,tool
168,"Examine the following SVG code carefully and answer the question based on your interpretation of the rendered image.

<svg id=""Layer_1"" style=""enable-background:new 0 0 512 512;"" version=""1.1"" viewbox=""0 0 512 512"" x=""0px"" xml:space=""preserve"" y=""0px"">
 <path d=""M212.723,156.834v-24.024c13.268,0.0,24.024,-10.755,24.024,-24.024l8.008,-96.094h32.032l8.008,96.094c0.0,13.268,10.756,24.024,24.024,24.024v24.024"" style=""fill:#889EBD;"">
 </path>
 <rect height=""24.028"" style=""fill:#6A86AC;"" width=""160.158"" x=""180.691"" y=""156.828"">
 </rect>
 <path d=""M355.694,509.177H165.846c-13.914,0.0,-25.193,-11.28,-25.193,-25.194V206.051c0.0,-13.914,11.28,-25.193,25.193,-25.193h189.848c13.914,0.0,25.194,11.28,25.194,25.193v277.933C380.887,497.898,369.608,509.177,355.694,509.177z"" style=""fill:#AACD4C;"">
 </path>
 <path d=""M358.588,509.177h-75.518c-12.316,0.0,-22.299,-9.984,-22.299,-22.299V203.157c0.0,-12.316,9.983,-22.299,22.299,-22.299h75.518c12.316,0.0,22.299,9.983,22.299,22.299v283.721C380.887,499.194,370.904,509.177,358.588,509.177z"" style=""fill:#95C11F;"">
 </path>
 <rect height=""200.197"" style=""fill:#FFFFFF;"" width=""128.124"" x=""196.703"" y=""244.923"">
 </rect>
 <g>
  <path d=""M356.23,173.1h-7.624v-24.024h-32.032v-24.024h-7.758c-8.969,0.0,-16.266,-7.297,-16.266,-16.266L283.925,4.935h-46.309l-8.6,103.208l-0.027,0.643c0.0,8.969,-7.297,16.266,-16.266,16.266h-7.758v24.024h-32.032v24.024h-7.624c-17.873,0.0,-32.415,14.542,-32.415,32.415v279.005c0.0,17.873,14.542,32.415,32.415,32.415H356.23c17.873,0.0,32.415,-14.542,32.415,-32.415V205.515C388.645,187.64,374.103,173.1,356.23,173.1zM220.481,139.61c13.681,-3.444,23.865,-15.781,24.022,-30.479l7.389,-88.68h17.756l7.39,88.68c0.155,14.698,10.34,27.035,24.022,30.479v9.466h-80.577v-9.466H220.481zM188.45,164.591H333.09v8.509H188.45V164.591zM373.13,484.52c0.0,9.318,-7.582,16.9,-16.9,16.9H165.31c-9.318,0.0,-16.9,-7.582,-16.9,-16.9V205.515c0.0,-9.319,7.582,-16.9,16.9,-16.9H356.23c9.318,0.0,16.9,7.582,16.9,16.9V484.52z"" style=""fill:#1D1D1B;"">
  </path>
  <path d=""M332.59,452.873h-143.64V237.162h143.64V452.873zM204.465,437.358h112.61V252.677h-112.61V437.358z"" style=""fill:#1D1D1B;"">
  </path>
  <rect height=""15.515"" style=""fill:#1D1D1B;"" width=""64.063"" x=""228.736"" y=""277.205"">
  </rect>
  <rect height=""15.515"" style=""fill:#1D1D1B;"" width=""64.063"" x=""228.736"" y=""309.229"">
  </rect>
  <rect height=""15.515"" style=""fill:#1D1D1B;"" width=""64.063"" x=""228.736"" y=""341.262"">
  </rect>
  <rect height=""15.515"" style=""fill:#1D1D1B;"" width=""16.015"" x=""228.736"" y=""405.329"">
  </rect>
  <rect height=""15.515"" style=""fill:#1D1D1B;"" width=""16.016"" x=""252.764"" y=""405.329"">
  </rect>
  <rect height=""15.515"" style=""fill:#1D1D1B;"" width=""16.015"" x=""276.782"" y=""405.329"">
  </rect>
 </g>
</svg>


Question: What is the primary color of the object in the image?",Red,Blue,Yellow,Green,D,tool
169,"Examine the following SVG code carefully and answer the question based on your interpretation of the rendered image.

<svg id=""Layer_1"" style=""enable-background:new 0 0 512 512;"" version=""1.1"" viewbox=""0 0 512 512"" x=""0px"" xml:space=""preserve"" y=""0px"">
 <path d=""M212.723,156.834v-24.024c13.268,0.0,24.024,-10.755,24.024,-24.024l8.008,-96.094h32.032l8.008,96.094c0.0,13.268,10.756,24.024,24.024,24.024v24.024"" style=""fill:#889EBD;"">
 </path>
 <rect height=""24.028"" style=""fill:#6A86AC;"" width=""160.158"" x=""180.691"" y=""156.828"">
 </rect>
 <path d=""M355.694,509.177H165.846c-13.914,0.0,-25.193,-11.28,-25.193,-25.194V206.051c0.0,-13.914,11.28,-25.193,25.193,-25.193h189.848c13.914,0.0,25.194,11.28,25.194,25.193v277.933C380.887,497.898,369.608,509.177,355.694,509.177z"" style=""fill:#AACD4C;"">
 </path>
 <path d=""M358.588,509.177h-75.518c-12.316,0.0,-22.299,-9.984,-22.299,-22.299V203.157c0.0,-12.316,9.983,-22.299,22.299,-22.299h75.518c12.316,0.0,22.299,9.983,22.299,22.299v283.721C380.887,499.194,370.904,509.177,358.588,509.177z"" style=""fill:#95C11F;"">
 </path>
 <rect height=""200.197"" style=""fill:#FFFFFF;"" width=""128.124"" x=""196.703"" y=""244.923"">
 </rect>
 <g>
  <path d=""M356.23,173.1h-7.624v-24.024h-32.032v-24.024h-7.758c-8.969,0.0,-16.266,-7.297,-16.266,-16.266L283.925,4.935h-46.309l-8.6,103.208l-0.027,0.643c0.0,8.969,-7.297,16.266,-16.266,16.266h-7.758v24.024h-32.032v24.024h-7.624c-17.873,0.0,-32.415,14.542,-32.415,32.415v279.005c0.0,17.873,14.542,32.415,32.415,32.415H356.23c17.873,0.0,32.415,-14.542,32.415,-32.415V205.515C388.645,187.64,374.103,173.1,356.23,173.1zM220.481,139.61c13.681,-3.444,23.865,-15.781,24.022,-30.479l7.389,-88.68h17.756l7.39,88.68c0.155,14.698,10.34,27.035,24.022,30.479v9.466h-80.577v-9.466H220.481zM188.45,164.591H333.09v8.509H188.45V164.591zM373.13,484.52c0.0,9.318,-7.582,16.9,-16.9,16.9H165.31c-9.318,0.0,-16.9,-7.582,-16.9,-16.9V205.515c0.0,-9.319,7.582,-16.9,16.9,-16.9H356.23c9.318,0.0,16.9,7.582,16.9,16.9V484.52z"" style=""fill:#1D1D1B;"">
  </path>
  <path d=""M332.59,452.873h-143.64V237.162h143.64V452.873zM204.465,437.358h112.61V252.677h-112.61V437.358z"" style=""fill:#1D1D1B;"">
  </path>
  <rect height=""15.515"" style=""fill:#1D1D1B;"" width=""64.063"" x=""228.736"" y=""277.205"">
  </rect>
  <rect height=""15.515"" style=""fill:#1D1D1B;"" width=""64.063"" x=""228.736"" y=""309.229"">
  </rect>
  <rect height=""15.515"" style=""fill:#1D1D1B;"" width=""64.063"" x=""228.736"" y=""341.262"">
  </rect>
  <rect height=""15.515"" style=""fill:#1D1D1B;"" width=""16.015"" x=""228.736"" y=""405.329"">
  </rect>
  <rect height=""15.515"" style=""fill:#1D1D1B;"" width=""16.016"" x=""252.764"" y=""405.329"">
  </rect>
  <rect height=""15.515"" style=""fill:#1D1D1B;"" width=""16.015"" x=""276.782"" y=""405.329"">
  </rect>
 </g>
</svg>


Question: What shape is the label on the object?",Circle,Square,Rectangle,Triangle,C,tool
170,"Examine the following SVG code carefully and answer the question based on your interpretation of the rendered image.

<svg id=""Layer_1"" style=""enable-background:new 0 0 512 512;"" version=""1.1"" viewbox=""0 0 512 512"" x=""0px"" xml:space=""preserve"" y=""0px"">
 <path d=""M212.723,156.834v-24.024c13.268,0.0,24.024,-10.755,24.024,-24.024l8.008,-96.094h32.032l8.008,96.094c0.0,13.268,10.756,24.024,24.024,24.024v24.024"" style=""fill:#889EBD;"">
 </path>
 <rect height=""24.028"" style=""fill:#6A86AC;"" width=""160.158"" x=""180.691"" y=""156.828"">
 </rect>
 <path d=""M355.694,509.177H165.846c-13.914,0.0,-25.193,-11.28,-25.193,-25.194V206.051c0.0,-13.914,11.28,-25.193,25.193,-25.193h189.848c13.914,0.0,25.194,11.28,25.194,25.193v277.933C380.887,497.898,369.608,509.177,355.694,509.177z"" style=""fill:#AACD4C;"">
 </path>
 <path d=""M358.588,509.177h-75.518c-12.316,0.0,-22.299,-9.984,-22.299,-22.299V203.157c0.0,-12.316,9.983,-22.299,22.299,-22.299h75.518c12.316,0.0,22.299,9.983,22.299,22.299v283.721C380.887,499.194,370.904,509.177,358.588,509.177z"" style=""fill:#95C11F;"">
 </path>
 <rect height=""200.197"" style=""fill:#FFFFFF;"" width=""128.124"" x=""196.703"" y=""244.923"">
 </rect>
 <g>
  <path d=""M356.23,173.1h-7.624v-24.024h-32.032v-24.024h-7.758c-8.969,0.0,-16.266,-7.297,-16.266,-16.266L283.925,4.935h-46.309l-8.6,103.208l-0.027,0.643c0.0,8.969,-7.297,16.266,-16.266,16.266h-7.758v24.024h-32.032v24.024h-7.624c-17.873,0.0,-32.415,14.542,-32.415,32.415v279.005c0.0,17.873,14.542,32.415,32.415,32.415H356.23c17.873,0.0,32.415,-14.542,32.415,-32.415V205.515C388.645,187.64,374.103,173.1,356.23,173.1zM220.481,139.61c13.681,-3.444,23.865,-15.781,24.022,-30.479l7.389,-88.68h17.756l7.39,88.68c0.155,14.698,10.34,27.035,24.022,30.479v9.466h-80.577v-9.466H220.481zM188.45,164.591H333.09v8.509H188.45V164.591zM373.13,484.52c0.0,9.318,-7.582,16.9,-16.9,16.9H165.31c-9.318,0.0,-16.9,-7.582,-16.9,-16.9V205.515c0.0,-9.319,7.582,-16.9,16.9,-16.9H356.23c9.318,0.0,16.9,7.582,16.9,16.9V484.52z"" style=""fill:#1D1D1B;"">
  </path>
  <path d=""M332.59,452.873h-143.64V237.162h143.64V452.873zM204.465,437.358h112.61V252.677h-112.61V437.358z"" style=""fill:#1D1D1B;"">
  </path>
  <rect height=""15.515"" style=""fill:#1D1D1B;"" width=""64.063"" x=""228.736"" y=""277.205"">
  </rect>
  <rect height=""15.515"" style=""fill:#1D1D1B;"" width=""64.063"" x=""228.736"" y=""309.229"">
  </rect>
  <rect height=""15.515"" style=""fill:#1D1D1B;"" width=""64.063"" x=""228.736"" y=""341.262"">
  </rect>
  <rect height=""15.515"" style=""fill:#1D1D1B;"" width=""16.015"" x=""228.736"" y=""405.329"">
  </rect>
  <rect height=""15.515"" style=""fill:#1D1D1B;"" width=""16.016"" x=""252.764"" y=""405.329"">
  </rect>
  <rect height=""15.515"" style=""fill:#1D1D1B;"" width=""16.015"" x=""276.782"" y=""405.329"">
  </rect>
 </g>
</svg>


Question: What is the color of the cap of the object?",Black,Blue,Red,White,B,tool
171,"Examine the following SVG code carefully and answer the question based on your interpretation of the rendered image.

<svg id=""Layer_1"" style=""enable-background:new 0 0 512 512;"" version=""1.1"" viewbox=""0 0 512 512"" x=""0px"" xml:space=""preserve"" y=""0px"">
 <path d=""M212.723,156.834v-24.024c13.268,0.0,24.024,-10.755,24.024,-24.024l8.008,-96.094h32.032l8.008,96.094c0.0,13.268,10.756,24.024,24.024,24.024v24.024"" style=""fill:#889EBD;"">
 </path>
 <rect height=""24.028"" style=""fill:#6A86AC;"" width=""160.158"" x=""180.691"" y=""156.828"">
 </rect>
 <path d=""M355.694,509.177H165.846c-13.914,0.0,-25.193,-11.28,-25.193,-25.194V206.051c0.0,-13.914,11.28,-25.193,25.193,-25.193h189.848c13.914,0.0,25.194,11.28,25.194,25.193v277.933C380.887,497.898,369.608,509.177,355.694,509.177z"" style=""fill:#AACD4C;"">
 </path>
 <path d=""M358.588,509.177h-75.518c-12.316,0.0,-22.299,-9.984,-22.299,-22.299V203.157c0.0,-12.316,9.983,-22.299,22.299,-22.299h75.518c12.316,0.0,22.299,9.983,22.299,22.299v283.721C380.887,499.194,370.904,509.177,358.588,509.177z"" style=""fill:#95C11F;"">
 </path>
 <rect height=""200.197"" style=""fill:#FFFFFF;"" width=""128.124"" x=""196.703"" y=""244.923"">
 </rect>
 <g>
  <path d=""M356.23,173.1h-7.624v-24.024h-32.032v-24.024h-7.758c-8.969,0.0,-16.266,-7.297,-16.266,-16.266L283.925,4.935h-46.309l-8.6,103.208l-0.027,0.643c0.0,8.969,-7.297,16.266,-16.266,16.266h-7.758v24.024h-32.032v24.024h-7.624c-17.873,0.0,-32.415,14.542,-32.415,32.415v279.005c0.0,17.873,14.542,32.415,32.415,32.415H356.23c17.873,0.0,32.415,-14.542,32.415,-32.415V205.515C388.645,187.64,374.103,173.1,356.23,173.1zM220.481,139.61c13.681,-3.444,23.865,-15.781,24.022,-30.479l7.389,-88.68h17.756l7.39,88.68c0.155,14.698,10.34,27.035,24.022,30.479v9.466h-80.577v-9.466H220.481zM188.45,164.591H333.09v8.509H188.45V164.591zM373.13,484.52c0.0,9.318,-7.582,16.9,-16.9,16.9H165.31c-9.318,0.0,-16.9,-7.582,-16.9,-16.9V205.515c0.0,-9.319,7.582,-16.9,16.9,-16.9H356.23c9.318,0.0,16.9,7.582,16.9,16.9V484.52z"" style=""fill:#1D1D1B;"">
  </path>
  <path d=""M332.59,452.873h-143.64V237.162h143.64V452.873zM204.465,437.358h112.61V252.677h-112.61V437.358z"" style=""fill:#1D1D1B;"">
  </path>
  <rect height=""15.515"" style=""fill:#1D1D1B;"" width=""64.063"" x=""228.736"" y=""277.205"">
  </rect>
  <rect height=""15.515"" style=""fill:#1D1D1B;"" width=""64.063"" x=""228.736"" y=""309.229"">
  </rect>
  <rect height=""15.515"" style=""fill:#1D1D1B;"" width=""64.063"" x=""228.736"" y=""341.262"">
  </rect>
  <rect height=""15.515"" style=""fill:#1D1D1B;"" width=""16.015"" x=""228.736"" y=""405.329"">
  </rect>
  <rect height=""15.515"" style=""fill:#1D1D1B;"" width=""16.016"" x=""252.764"" y=""405.329"">
  </rect>
  <rect height=""15.515"" style=""fill:#1D1D1B;"" width=""16.015"" x=""276.782"" y=""405.329"">
  </rect>
 </g>
</svg>


Question: What type of object is shown in the image?",Bottle,Box,Can,Tube,A,tool
172,"Examine the following SVG code carefully and answer the question based on your interpretation of the rendered image.

<svg height=""192.336px"" id=""Capa_1"" style=""enable-background:new 0 0 192.335 192.336;"" version=""1.1"" viewbox=""0 0 192.335 192.336"" width=""192.335px"" x=""0px"" xml:space=""preserve"" y=""0px"">
 <g>
  <g>
   <path d=""M180.643,34.121c-0.139,-2.01,-2.304,-3.606,-4.118,-2.904c-1.793,-2.323,-4.499,-4.16,-6.597,-6.076c-4.918,-4.492,-9.935,-8.877,-15.162,-13.006c-3.294,-2.602,-12.336,-10.323,-18.151,-9.26c-0.092,-0.119,-0.179,-0.24,-0.284,-0.356c-1.383,-1.513,-4.344,-0.396,-4.173,1.728c0.162,2.027,-4.168,5.982,-5.526,7.428c-4.752,5.056,-10.077,9.599,-15.356,14.088C98.875,36.304,85.897,46.182,72.774,55.801c-11.677,8.559,-23.844,16.2,-34.543,26.037c-8.341,7.67,-17.06,16.851,-21.632,27.356c-4.663,10.714,-3.046,23.665,-2.166,34.949c0.12,1.533,1.393,2.183,2.52,1.997c9.35,12.575,27.758,31.612,44.236,26.699c10.756,-3.206,20.306,-12.798,28.495,-20.017c5.969,-5.263,11.975,-10.427,18.062,-15.549c14.503,-12.202,28.769,-24.697,42.921,-37.305c6.229,-5.55,12.437,-11.134,18.483,-16.885c2.089,-1.987,5.443,-4.44,6.409,-7.455c0.458,-0.028,0.907,-0.142,1.224,-0.369c3.312,-2.366,2.847,-8.179,3.053,-11.809C180.393,53.665,181.322,43.931,180.643,34.121zM65.775,131.758c-0.611,10.749,-0.21,21.488,-0.178,32.245c-1.989,1.181,-4.061,2.215,-6.232,2.988c0.665,-4.618,-0.643,-9.924,-1.088,-14.373c-0.793,-7.936,-1.227,-15.848,-0.168,-23.774c0.134,-1.005,-0.658,-2.032,-1.45,-2.528c-7.772,-4.865,-15.046,-10.502,-22.303,-16.092c-0.626,-0.481,-5.298,-4.86,-8.291,-5.837c1.77,-2.48,3.672,-4.887,5.671,-7.225c11.008,8.852,22.637,16.848,33.064,26.436c0.987,0.908,2.309,1.086,3.496,0.451c11.246,-6.018,20.478,-15.139,29.037,-24.459c1.088,-1.185,1.158,-2.977,0.0,-4.154c-6.733,-6.84,-13.057,-14.08,-19.731,-20.978c-1.719,-1.777,-5.55,-6.869,-9.153,-8.271c6.563,-4.623,13.12,-9.252,19.536,-14.109c12.781,-9.676,25.466,-19.597,37.267,-30.462c2.561,-2.358,10.105,-8.322,11.941,-13.645c1.589,0.803,3.296,1.452,4.805,2.345c4.757,2.817,9.057,6.406,13.271,9.959c3.975,3.351,7.779,6.901,11.626,10.397c1.648,1.499,3.387,3.559,5.401,4.841c-15.429,17.443,-31.752,34.026,-48.797,49.898c-17.288,16.098,-35.21,32.38,-55.452,44.674c-0.009,0.005,-0.013,0.015,-0.022,0.021C67.036,129.852,65.853,130.386,65.775,131.758zM174.056,58.117c-0.174,2.315,-0.271,4.613,-0.402,6.93c-0.077,1.14,-0.168,2.278,-0.274,3.416c-0.072,0.83,-0.14,1.433,-0.196,1.862c-0.424,0.335,-0.7,0.84,-0.734,1.486c-0.971,0.296,-1.785,1.088,-1.843,2.385c0.084,-1.927,0.479,-1.755,-1.325,0.18c-1.675,1.799,-3.479,3.484,-5.26,5.177c-5.358,5.09,-10.872,10.019,-16.383,14.943c-12.925,11.549,-26.017,22.915,-39.197,34.171c-0.657,0.562,-1.31,1.133,-1.965,1.698c-0.146,-4.126,-0.51,-8.233,-1.0,-12.333c-0.064,-1.731,-0.082,-3.469,-0.02,-5.22c0.033,-0.959,-0.644,-1.413,-1.355,-1.4c6.609,-5.74,12.926,-11.783,19.114,-17.417c18.074,-16.456,35.298,-33.831,51.553,-52.083C174.768,47.316,174.462,52.71,174.056,58.117z"">
   </path>
   <path d=""M98.512,168.546c-1.688,-0.978,-3.481,0.614,-3.113,2.393c0.902,4.354,3.779,7.559,-0.968,10.964c-3.434,2.464,-7.554,1.953,-7.596,-2.783c-0.03,-3.276,-4.754,-3.181,-5.016,0.0c-0.243,2.952,-1.844,5.723,-5.183,5.118c-3.96,-0.719,-3.265,-4.796,-2.504,-7.631c0.471,-1.757,-1.799,-2.504,-2.773,-1.169c-3.579,4.903,-1.644,11.22,4.082,13.136c3.693,1.234,6.661,-0.228,8.657,-2.738c2.665,2.752,7.262,3.191,11.632,1.232C102.331,184.108,105.848,172.787,98.512,168.546z"">
   </path>
   <path d=""M125.859,132.143c-2.741,0.097,-3.581,4.43,-0.672,4.966c3.092,0.572,8.256,1.439,6.179,5.8c-1.884,3.956,-6.755,4.227,-10.382,2.842c-0.336,-0.134,-0.656,-0.283,-1.013,-0.397c-2.692,-0.864,-4.576,3.444,-1.944,4.612c0.199,0.088,0.405,0.162,0.607,0.244l-0.005,0.01c0.22,0.067,0.414,0.162,0.624,0.239c0.0,0.0,0.007,0.003,0.01,0.004c1.282,0.471,2.419,1.103,3.531,1.82c-1.197,1.817,-3.169,2.838,-5.342,3.45c-0.864,0.244,-4.488,0.689,-4.826,0.014c-0.786,-1.568,-3.425,-0.465,-2.84,1.196c1.165,3.313,4.938,3.571,7.988,3.069c4.783,-0.787,8.611,-3.367,10.396,-7.944c0.11,-0.284,0.137,-0.569,0.105,-0.846c3.301,-0.714,6.216,-2.672,7.908,-6.21C139.655,137.764,132.866,131.896,125.859,132.143z"">
   </path>
   <path d=""M132.417,161.349c-2.327,-0.039,-3.548,3.559,-1.246,4.6c3.814,1.726,9.101,3.191,6.055,8.36c-2.815,4.777,-8.857,4.02,-12.485,0.827c-0.002,0.003,-0.005,0.005,-0.007,0.008c-0.17,-0.134,-0.334,-0.275,-0.508,-0.405c-2.325,-1.733,-5.201,2.08,-3.077,3.988c0.427,0.384,0.874,0.735,1.332,1.068c3.151,2.851,3.095,6.715,-0.848,9.229c-5.381,3.433,-7.504,-2.561,-7.613,-6.993c-0.042,-1.693,-2.349,-1.587,-2.553,0.0c-0.484,3.774,-0.216,8.596,3.325,10.921c2.832,1.859,6.198,1.35,9.099,-0.063c3.07,-1.495,5.378,-4.615,5.825,-7.988c0.102,-0.771,0.066,-1.502,-0.026,-2.211c4.381,0.536,8.816,-1.01,11.722,-5.259C146.316,170.267,140.899,161.492,132.417,161.349z"">
   </path>
  </g>
 </g>
</svg>


Question: What shape is the main body of the object?",Circular,Cuboid,Triangular,Oval,B,tool
173,"Examine the following SVG code carefully and answer the question based on your interpretation of the rendered image.

<svg height=""192.336px"" id=""Capa_1"" style=""enable-background:new 0 0 192.335 192.336;"" version=""1.1"" viewbox=""0 0 192.335 192.336"" width=""192.335px"" x=""0px"" xml:space=""preserve"" y=""0px"">
 <g>
  <g>
   <path d=""M180.643,34.121c-0.139,-2.01,-2.304,-3.606,-4.118,-2.904c-1.793,-2.323,-4.499,-4.16,-6.597,-6.076c-4.918,-4.492,-9.935,-8.877,-15.162,-13.006c-3.294,-2.602,-12.336,-10.323,-18.151,-9.26c-0.092,-0.119,-0.179,-0.24,-0.284,-0.356c-1.383,-1.513,-4.344,-0.396,-4.173,1.728c0.162,2.027,-4.168,5.982,-5.526,7.428c-4.752,5.056,-10.077,9.599,-15.356,14.088C98.875,36.304,85.897,46.182,72.774,55.801c-11.677,8.559,-23.844,16.2,-34.543,26.037c-8.341,7.67,-17.06,16.851,-21.632,27.356c-4.663,10.714,-3.046,23.665,-2.166,34.949c0.12,1.533,1.393,2.183,2.52,1.997c9.35,12.575,27.758,31.612,44.236,26.699c10.756,-3.206,20.306,-12.798,28.495,-20.017c5.969,-5.263,11.975,-10.427,18.062,-15.549c14.503,-12.202,28.769,-24.697,42.921,-37.305c6.229,-5.55,12.437,-11.134,18.483,-16.885c2.089,-1.987,5.443,-4.44,6.409,-7.455c0.458,-0.028,0.907,-0.142,1.224,-0.369c3.312,-2.366,2.847,-8.179,3.053,-11.809C180.393,53.665,181.322,43.931,180.643,34.121zM65.775,131.758c-0.611,10.749,-0.21,21.488,-0.178,32.245c-1.989,1.181,-4.061,2.215,-6.232,2.988c0.665,-4.618,-0.643,-9.924,-1.088,-14.373c-0.793,-7.936,-1.227,-15.848,-0.168,-23.774c0.134,-1.005,-0.658,-2.032,-1.45,-2.528c-7.772,-4.865,-15.046,-10.502,-22.303,-16.092c-0.626,-0.481,-5.298,-4.86,-8.291,-5.837c1.77,-2.48,3.672,-4.887,5.671,-7.225c11.008,8.852,22.637,16.848,33.064,26.436c0.987,0.908,2.309,1.086,3.496,0.451c11.246,-6.018,20.478,-15.139,29.037,-24.459c1.088,-1.185,1.158,-2.977,0.0,-4.154c-6.733,-6.84,-13.057,-14.08,-19.731,-20.978c-1.719,-1.777,-5.55,-6.869,-9.153,-8.271c6.563,-4.623,13.12,-9.252,19.536,-14.109c12.781,-9.676,25.466,-19.597,37.267,-30.462c2.561,-2.358,10.105,-8.322,11.941,-13.645c1.589,0.803,3.296,1.452,4.805,2.345c4.757,2.817,9.057,6.406,13.271,9.959c3.975,3.351,7.779,6.901,11.626,10.397c1.648,1.499,3.387,3.559,5.401,4.841c-15.429,17.443,-31.752,34.026,-48.797,49.898c-17.288,16.098,-35.21,32.38,-55.452,44.674c-0.009,0.005,-0.013,0.015,-0.022,0.021C67.036,129.852,65.853,130.386,65.775,131.758zM174.056,58.117c-0.174,2.315,-0.271,4.613,-0.402,6.93c-0.077,1.14,-0.168,2.278,-0.274,3.416c-0.072,0.83,-0.14,1.433,-0.196,1.862c-0.424,0.335,-0.7,0.84,-0.734,1.486c-0.971,0.296,-1.785,1.088,-1.843,2.385c0.084,-1.927,0.479,-1.755,-1.325,0.18c-1.675,1.799,-3.479,3.484,-5.26,5.177c-5.358,5.09,-10.872,10.019,-16.383,14.943c-12.925,11.549,-26.017,22.915,-39.197,34.171c-0.657,0.562,-1.31,1.133,-1.965,1.698c-0.146,-4.126,-0.51,-8.233,-1.0,-12.333c-0.064,-1.731,-0.082,-3.469,-0.02,-5.22c0.033,-0.959,-0.644,-1.413,-1.355,-1.4c6.609,-5.74,12.926,-11.783,19.114,-17.417c18.074,-16.456,35.298,-33.831,51.553,-52.083C174.768,47.316,174.462,52.71,174.056,58.117z"">
   </path>
   <path d=""M98.512,168.546c-1.688,-0.978,-3.481,0.614,-3.113,2.393c0.902,4.354,3.779,7.559,-0.968,10.964c-3.434,2.464,-7.554,1.953,-7.596,-2.783c-0.03,-3.276,-4.754,-3.181,-5.016,0.0c-0.243,2.952,-1.844,5.723,-5.183,5.118c-3.96,-0.719,-3.265,-4.796,-2.504,-7.631c0.471,-1.757,-1.799,-2.504,-2.773,-1.169c-3.579,4.903,-1.644,11.22,4.082,13.136c3.693,1.234,6.661,-0.228,8.657,-2.738c2.665,2.752,7.262,3.191,11.632,1.232C102.331,184.108,105.848,172.787,98.512,168.546z"">
   </path>
   <path d=""M125.859,132.143c-2.741,0.097,-3.581,4.43,-0.672,4.966c3.092,0.572,8.256,1.439,6.179,5.8c-1.884,3.956,-6.755,4.227,-10.382,2.842c-0.336,-0.134,-0.656,-0.283,-1.013,-0.397c-2.692,-0.864,-4.576,3.444,-1.944,4.612c0.199,0.088,0.405,0.162,0.607,0.244l-0.005,0.01c0.22,0.067,0.414,0.162,0.624,0.239c0.0,0.0,0.007,0.003,0.01,0.004c1.282,0.471,2.419,1.103,3.531,1.82c-1.197,1.817,-3.169,2.838,-5.342,3.45c-0.864,0.244,-4.488,0.689,-4.826,0.014c-0.786,-1.568,-3.425,-0.465,-2.84,1.196c1.165,3.313,4.938,3.571,7.988,3.069c4.783,-0.787,8.611,-3.367,10.396,-7.944c0.11,-0.284,0.137,-0.569,0.105,-0.846c3.301,-0.714,6.216,-2.672,7.908,-6.21C139.655,137.764,132.866,131.896,125.859,132.143z"">
   </path>
   <path d=""M132.417,161.349c-2.327,-0.039,-3.548,3.559,-1.246,4.6c3.814,1.726,9.101,3.191,6.055,8.36c-2.815,4.777,-8.857,4.02,-12.485,0.827c-0.002,0.003,-0.005,0.005,-0.007,0.008c-0.17,-0.134,-0.334,-0.275,-0.508,-0.405c-2.325,-1.733,-5.201,2.08,-3.077,3.988c0.427,0.384,0.874,0.735,1.332,1.068c3.151,2.851,3.095,6.715,-0.848,9.229c-5.381,3.433,-7.504,-2.561,-7.613,-6.993c-0.042,-1.693,-2.349,-1.587,-2.553,0.0c-0.484,3.774,-0.216,8.596,3.325,10.921c2.832,1.859,6.198,1.35,9.099,-0.063c3.07,-1.495,5.378,-4.615,5.825,-7.988c0.102,-0.771,0.066,-1.502,-0.026,-2.211c4.381,0.536,8.816,-1.01,11.722,-5.259C146.316,170.267,140.899,161.492,132.417,161.349z"">
   </path>
  </g>
 </g>
</svg>


Question: What is the object doing in the image?",Writing,Erasing,Drawing,Cutting,B,tool
174,"Examine the following SVG code carefully and answer the question based on your interpretation of the rendered image.

<svg height=""192.336px"" id=""Capa_1"" style=""enable-background:new 0 0 192.335 192.336;"" version=""1.1"" viewbox=""0 0 192.335 192.336"" width=""192.335px"" x=""0px"" xml:space=""preserve"" y=""0px"">
 <g>
  <g>
   <path d=""M180.643,34.121c-0.139,-2.01,-2.304,-3.606,-4.118,-2.904c-1.793,-2.323,-4.499,-4.16,-6.597,-6.076c-4.918,-4.492,-9.935,-8.877,-15.162,-13.006c-3.294,-2.602,-12.336,-10.323,-18.151,-9.26c-0.092,-0.119,-0.179,-0.24,-0.284,-0.356c-1.383,-1.513,-4.344,-0.396,-4.173,1.728c0.162,2.027,-4.168,5.982,-5.526,7.428c-4.752,5.056,-10.077,9.599,-15.356,14.088C98.875,36.304,85.897,46.182,72.774,55.801c-11.677,8.559,-23.844,16.2,-34.543,26.037c-8.341,7.67,-17.06,16.851,-21.632,27.356c-4.663,10.714,-3.046,23.665,-2.166,34.949c0.12,1.533,1.393,2.183,2.52,1.997c9.35,12.575,27.758,31.612,44.236,26.699c10.756,-3.206,20.306,-12.798,28.495,-20.017c5.969,-5.263,11.975,-10.427,18.062,-15.549c14.503,-12.202,28.769,-24.697,42.921,-37.305c6.229,-5.55,12.437,-11.134,18.483,-16.885c2.089,-1.987,5.443,-4.44,6.409,-7.455c0.458,-0.028,0.907,-0.142,1.224,-0.369c3.312,-2.366,2.847,-8.179,3.053,-11.809C180.393,53.665,181.322,43.931,180.643,34.121zM65.775,131.758c-0.611,10.749,-0.21,21.488,-0.178,32.245c-1.989,1.181,-4.061,2.215,-6.232,2.988c0.665,-4.618,-0.643,-9.924,-1.088,-14.373c-0.793,-7.936,-1.227,-15.848,-0.168,-23.774c0.134,-1.005,-0.658,-2.032,-1.45,-2.528c-7.772,-4.865,-15.046,-10.502,-22.303,-16.092c-0.626,-0.481,-5.298,-4.86,-8.291,-5.837c1.77,-2.48,3.672,-4.887,5.671,-7.225c11.008,8.852,22.637,16.848,33.064,26.436c0.987,0.908,2.309,1.086,3.496,0.451c11.246,-6.018,20.478,-15.139,29.037,-24.459c1.088,-1.185,1.158,-2.977,0.0,-4.154c-6.733,-6.84,-13.057,-14.08,-19.731,-20.978c-1.719,-1.777,-5.55,-6.869,-9.153,-8.271c6.563,-4.623,13.12,-9.252,19.536,-14.109c12.781,-9.676,25.466,-19.597,37.267,-30.462c2.561,-2.358,10.105,-8.322,11.941,-13.645c1.589,0.803,3.296,1.452,4.805,2.345c4.757,2.817,9.057,6.406,13.271,9.959c3.975,3.351,7.779,6.901,11.626,10.397c1.648,1.499,3.387,3.559,5.401,4.841c-15.429,17.443,-31.752,34.026,-48.797,49.898c-17.288,16.098,-35.21,32.38,-55.452,44.674c-0.009,0.005,-0.013,0.015,-0.022,0.021C67.036,129.852,65.853,130.386,65.775,131.758zM174.056,58.117c-0.174,2.315,-0.271,4.613,-0.402,6.93c-0.077,1.14,-0.168,2.278,-0.274,3.416c-0.072,0.83,-0.14,1.433,-0.196,1.862c-0.424,0.335,-0.7,0.84,-0.734,1.486c-0.971,0.296,-1.785,1.088,-1.843,2.385c0.084,-1.927,0.479,-1.755,-1.325,0.18c-1.675,1.799,-3.479,3.484,-5.26,5.177c-5.358,5.09,-10.872,10.019,-16.383,14.943c-12.925,11.549,-26.017,22.915,-39.197,34.171c-0.657,0.562,-1.31,1.133,-1.965,1.698c-0.146,-4.126,-0.51,-8.233,-1.0,-12.333c-0.064,-1.731,-0.082,-3.469,-0.02,-5.22c0.033,-0.959,-0.644,-1.413,-1.355,-1.4c6.609,-5.74,12.926,-11.783,19.114,-17.417c18.074,-16.456,35.298,-33.831,51.553,-52.083C174.768,47.316,174.462,52.71,174.056,58.117z"">
   </path>
   <path d=""M98.512,168.546c-1.688,-0.978,-3.481,0.614,-3.113,2.393c0.902,4.354,3.779,7.559,-0.968,10.964c-3.434,2.464,-7.554,1.953,-7.596,-2.783c-0.03,-3.276,-4.754,-3.181,-5.016,0.0c-0.243,2.952,-1.844,5.723,-5.183,5.118c-3.96,-0.719,-3.265,-4.796,-2.504,-7.631c0.471,-1.757,-1.799,-2.504,-2.773,-1.169c-3.579,4.903,-1.644,11.22,4.082,13.136c3.693,1.234,6.661,-0.228,8.657,-2.738c2.665,2.752,7.262,3.191,11.632,1.232C102.331,184.108,105.848,172.787,98.512,168.546z"">
   </path>
   <path d=""M125.859,132.143c-2.741,0.097,-3.581,4.43,-0.672,4.966c3.092,0.572,8.256,1.439,6.179,5.8c-1.884,3.956,-6.755,4.227,-10.382,2.842c-0.336,-0.134,-0.656,-0.283,-1.013,-0.397c-2.692,-0.864,-4.576,3.444,-1.944,4.612c0.199,0.088,0.405,0.162,0.607,0.244l-0.005,0.01c0.22,0.067,0.414,0.162,0.624,0.239c0.0,0.0,0.007,0.003,0.01,0.004c1.282,0.471,2.419,1.103,3.531,1.82c-1.197,1.817,-3.169,2.838,-5.342,3.45c-0.864,0.244,-4.488,0.689,-4.826,0.014c-0.786,-1.568,-3.425,-0.465,-2.84,1.196c1.165,3.313,4.938,3.571,7.988,3.069c4.783,-0.787,8.611,-3.367,10.396,-7.944c0.11,-0.284,0.137,-0.569,0.105,-0.846c3.301,-0.714,6.216,-2.672,7.908,-6.21C139.655,137.764,132.866,131.896,125.859,132.143z"">
   </path>
   <path d=""M132.417,161.349c-2.327,-0.039,-3.548,3.559,-1.246,4.6c3.814,1.726,9.101,3.191,6.055,8.36c-2.815,4.777,-8.857,4.02,-12.485,0.827c-0.002,0.003,-0.005,0.005,-0.007,0.008c-0.17,-0.134,-0.334,-0.275,-0.508,-0.405c-2.325,-1.733,-5.201,2.08,-3.077,3.988c0.427,0.384,0.874,0.735,1.332,1.068c3.151,2.851,3.095,6.715,-0.848,9.229c-5.381,3.433,-7.504,-2.561,-7.613,-6.993c-0.042,-1.693,-2.349,-1.587,-2.553,0.0c-0.484,3.774,-0.216,8.596,3.325,10.921c2.832,1.859,6.198,1.35,9.099,-0.063c3.07,-1.495,5.378,-4.615,5.825,-7.988c0.102,-0.771,0.066,-1.502,-0.026,-2.211c4.381,0.536,8.816,-1.01,11.722,-5.259C146.316,170.267,140.899,161.492,132.417,161.349z"">
   </path>
  </g>
 </g>
</svg>


Question: What is the color of the object in the image?",Red,Blue,Green,White,D,tool
175,"Examine the following SVG code carefully and answer the question based on your interpretation of the rendered image.

<svg height=""192.336px"" id=""Capa_1"" style=""enable-background:new 0 0 192.335 192.336;"" version=""1.1"" viewbox=""0 0 192.335 192.336"" width=""192.335px"" x=""0px"" xml:space=""preserve"" y=""0px"">
 <g>
  <g>
   <path d=""M180.643,34.121c-0.139,-2.01,-2.304,-3.606,-4.118,-2.904c-1.793,-2.323,-4.499,-4.16,-6.597,-6.076c-4.918,-4.492,-9.935,-8.877,-15.162,-13.006c-3.294,-2.602,-12.336,-10.323,-18.151,-9.26c-0.092,-0.119,-0.179,-0.24,-0.284,-0.356c-1.383,-1.513,-4.344,-0.396,-4.173,1.728c0.162,2.027,-4.168,5.982,-5.526,7.428c-4.752,5.056,-10.077,9.599,-15.356,14.088C98.875,36.304,85.897,46.182,72.774,55.801c-11.677,8.559,-23.844,16.2,-34.543,26.037c-8.341,7.67,-17.06,16.851,-21.632,27.356c-4.663,10.714,-3.046,23.665,-2.166,34.949c0.12,1.533,1.393,2.183,2.52,1.997c9.35,12.575,27.758,31.612,44.236,26.699c10.756,-3.206,20.306,-12.798,28.495,-20.017c5.969,-5.263,11.975,-10.427,18.062,-15.549c14.503,-12.202,28.769,-24.697,42.921,-37.305c6.229,-5.55,12.437,-11.134,18.483,-16.885c2.089,-1.987,5.443,-4.44,6.409,-7.455c0.458,-0.028,0.907,-0.142,1.224,-0.369c3.312,-2.366,2.847,-8.179,3.053,-11.809C180.393,53.665,181.322,43.931,180.643,34.121zM65.775,131.758c-0.611,10.749,-0.21,21.488,-0.178,32.245c-1.989,1.181,-4.061,2.215,-6.232,2.988c0.665,-4.618,-0.643,-9.924,-1.088,-14.373c-0.793,-7.936,-1.227,-15.848,-0.168,-23.774c0.134,-1.005,-0.658,-2.032,-1.45,-2.528c-7.772,-4.865,-15.046,-10.502,-22.303,-16.092c-0.626,-0.481,-5.298,-4.86,-8.291,-5.837c1.77,-2.48,3.672,-4.887,5.671,-7.225c11.008,8.852,22.637,16.848,33.064,26.436c0.987,0.908,2.309,1.086,3.496,0.451c11.246,-6.018,20.478,-15.139,29.037,-24.459c1.088,-1.185,1.158,-2.977,0.0,-4.154c-6.733,-6.84,-13.057,-14.08,-19.731,-20.978c-1.719,-1.777,-5.55,-6.869,-9.153,-8.271c6.563,-4.623,13.12,-9.252,19.536,-14.109c12.781,-9.676,25.466,-19.597,37.267,-30.462c2.561,-2.358,10.105,-8.322,11.941,-13.645c1.589,0.803,3.296,1.452,4.805,2.345c4.757,2.817,9.057,6.406,13.271,9.959c3.975,3.351,7.779,6.901,11.626,10.397c1.648,1.499,3.387,3.559,5.401,4.841c-15.429,17.443,-31.752,34.026,-48.797,49.898c-17.288,16.098,-35.21,32.38,-55.452,44.674c-0.009,0.005,-0.013,0.015,-0.022,0.021C67.036,129.852,65.853,130.386,65.775,131.758zM174.056,58.117c-0.174,2.315,-0.271,4.613,-0.402,6.93c-0.077,1.14,-0.168,2.278,-0.274,3.416c-0.072,0.83,-0.14,1.433,-0.196,1.862c-0.424,0.335,-0.7,0.84,-0.734,1.486c-0.971,0.296,-1.785,1.088,-1.843,2.385c0.084,-1.927,0.479,-1.755,-1.325,0.18c-1.675,1.799,-3.479,3.484,-5.26,5.177c-5.358,5.09,-10.872,10.019,-16.383,14.943c-12.925,11.549,-26.017,22.915,-39.197,34.171c-0.657,0.562,-1.31,1.133,-1.965,1.698c-0.146,-4.126,-0.51,-8.233,-1.0,-12.333c-0.064,-1.731,-0.082,-3.469,-0.02,-5.22c0.033,-0.959,-0.644,-1.413,-1.355,-1.4c6.609,-5.74,12.926,-11.783,19.114,-17.417c18.074,-16.456,35.298,-33.831,51.553,-52.083C174.768,47.316,174.462,52.71,174.056,58.117z"">
   </path>
   <path d=""M98.512,168.546c-1.688,-0.978,-3.481,0.614,-3.113,2.393c0.902,4.354,3.779,7.559,-0.968,10.964c-3.434,2.464,-7.554,1.953,-7.596,-2.783c-0.03,-3.276,-4.754,-3.181,-5.016,0.0c-0.243,2.952,-1.844,5.723,-5.183,5.118c-3.96,-0.719,-3.265,-4.796,-2.504,-7.631c0.471,-1.757,-1.799,-2.504,-2.773,-1.169c-3.579,4.903,-1.644,11.22,4.082,13.136c3.693,1.234,6.661,-0.228,8.657,-2.738c2.665,2.752,7.262,3.191,11.632,1.232C102.331,184.108,105.848,172.787,98.512,168.546z"">
   </path>
   <path d=""M125.859,132.143c-2.741,0.097,-3.581,4.43,-0.672,4.966c3.092,0.572,8.256,1.439,6.179,5.8c-1.884,3.956,-6.755,4.227,-10.382,2.842c-0.336,-0.134,-0.656,-0.283,-1.013,-0.397c-2.692,-0.864,-4.576,3.444,-1.944,4.612c0.199,0.088,0.405,0.162,0.607,0.244l-0.005,0.01c0.22,0.067,0.414,0.162,0.624,0.239c0.0,0.0,0.007,0.003,0.01,0.004c1.282,0.471,2.419,1.103,3.531,1.82c-1.197,1.817,-3.169,2.838,-5.342,3.45c-0.864,0.244,-4.488,0.689,-4.826,0.014c-0.786,-1.568,-3.425,-0.465,-2.84,1.196c1.165,3.313,4.938,3.571,7.988,3.069c4.783,-0.787,8.611,-3.367,10.396,-7.944c0.11,-0.284,0.137,-0.569,0.105,-0.846c3.301,-0.714,6.216,-2.672,7.908,-6.21C139.655,137.764,132.866,131.896,125.859,132.143z"">
   </path>
   <path d=""M132.417,161.349c-2.327,-0.039,-3.548,3.559,-1.246,4.6c3.814,1.726,9.101,3.191,6.055,8.36c-2.815,4.777,-8.857,4.02,-12.485,0.827c-0.002,0.003,-0.005,0.005,-0.007,0.008c-0.17,-0.134,-0.334,-0.275,-0.508,-0.405c-2.325,-1.733,-5.201,2.08,-3.077,3.988c0.427,0.384,0.874,0.735,1.332,1.068c3.151,2.851,3.095,6.715,-0.848,9.229c-5.381,3.433,-7.504,-2.561,-7.613,-6.993c-0.042,-1.693,-2.349,-1.587,-2.553,0.0c-0.484,3.774,-0.216,8.596,3.325,10.921c2.832,1.859,6.198,1.35,9.099,-0.063c3.07,-1.495,5.378,-4.615,5.825,-7.988c0.102,-0.771,0.066,-1.502,-0.026,-2.211c4.381,0.536,8.816,-1.01,11.722,-5.259C146.316,170.267,140.899,161.492,132.417,161.349z"">
   </path>
  </g>
 </g>
</svg>


Question: What is the object in the image?",Pencil,Ruler,Eraser,Sharpener,C,tool
176,"Examine the following SVG code carefully and answer the question based on your interpretation of the rendered image.

<svg id=""Layer_1"" style=""enable-background:new 0 0 490 490;"" version=""1.1"" viewbox=""0 0 490 490"" x=""0px"" xml:space=""preserve"" y=""0px"">
 <g>
  <g id=""XMLID_42_"">
   <g>
    <polygon points=""12.603,397.689 12.603,327.689 12.603,247.689 12.603,167.689 12.603,97.689 12.603,12.689 152.603,12.689 152.603,482.689 12.603,482.689"" style=""fill:#CCCCCC;"">
    </polygon>
    <rect height=""90"" style=""fill:#F2F2F2;"" width=""140"" x=""342.603"" y=""232.689"">
    </rect>
    <rect height=""160"" style=""fill:#31C0D8;"" width=""140"" x=""342.603"" y=""322.689"">
    </rect>
    <polygon points=""287.603,422.689 287.603,482.689 207.603,482.689 207.603,422.689 247.603,422.689"" style=""fill:#E6E6E6;"">
    </polygon>
    <polygon points=""247.603,12.689 287.603,112.689 247.603,112.689 207.603,112.689"" style=""fill:#E6E6E6;"">
    </polygon>
    <rect height=""310"" style=""fill:#FFBD48;"" width=""40"" x=""247.603"" y=""112.689"">
    </rect>
    <rect height=""310"" style=""fill:#FFD248;"" width=""40"" x=""207.603"" y=""112.689"">
    </rect>
   </g>
   <g>
    <path d=""M152.603,2.689H12.603C7.08,2.689,2.603,7.166,2.603,12.689v470.0c0.0,5.523,4.477,10.0,10.0,10.0h140.0c5.523,0.0,10.0,-4.477,10.0,-10.0V12.689C162.603,7.166,158.126,2.689,152.603,2.689zM142.603,472.689H22.603v-65.0h50.0v-20.0H22.603v-50.0h50.0v-20.0H22.603v-60.0h50.0v-20.0H22.603v-60.0h50.0v-20.0H22.603v-50.0h50.0V87.689H22.603V22.689h120.0V472.689z"">
    </path>
    <path d=""M296.888,108.975l-40.0,-100.0C255.369,5.178,251.692,2.689,247.603,2.689s-7.766,2.489,-9.285,6.286l-40.0,100.0c-0.479,1.199,-0.708,2.459,-0.708,3.714H197.603v370.0c0.0,5.523,4.477,10.0,10.0,10.0h80.0c5.523,0.0,10.0,-4.477,10.0,-10.0V112.689h-0.007C297.596,111.434,297.367,110.174,296.888,108.975zM217.603,122.689h20.0v290.0h-20.0V122.689zM257.603,122.689h20.0v290.0h-20.0V122.689zM247.603,39.615L272.832,102.689H222.373L247.603,39.615zM217.603,472.689v-40.0h60.0v40.0H217.603z"">
    </path>
    <path d=""M482.603,222.689H342.603c-5.523,0.0,-10.0,4.477,-10.0,10.0v250.0c0.0,5.523,4.477,10.0,10.0,10.0h140.0c5.523,0.0,10.0,-4.477,10.0,-10.0V232.689C492.603,227.166,488.126,222.689,482.603,222.689zM472.603,242.689v70.0H352.603v-70.0H472.603zM352.603,472.689V332.689h120.0v140.0H352.603z"">
    </path>
    <rect height=""20"" width=""20"" x=""432.603"" y=""392.689"">
    </rect>
    <rect height=""20"" width=""50"" x=""402.603"" y=""432.689"">
    </rect>
   </g>
  </g>
 </g>
</svg>


Question: What shape is the object on the left?",Circle,Triangle,Rectangle,Hexagon,C,tool
177,"Examine the following SVG code carefully and answer the question based on your interpretation of the rendered image.

<svg id=""Layer_1"" style=""enable-background:new 0 0 490 490;"" version=""1.1"" viewbox=""0 0 490 490"" x=""0px"" xml:space=""preserve"" y=""0px"">
 <g>
  <g id=""XMLID_42_"">
   <g>
    <polygon points=""12.603,397.689 12.603,327.689 12.603,247.689 12.603,167.689 12.603,97.689 12.603,12.689 152.603,12.689 152.603,482.689 12.603,482.689"" style=""fill:#CCCCCC;"">
    </polygon>
    <rect height=""90"" style=""fill:#F2F2F2;"" width=""140"" x=""342.603"" y=""232.689"">
    </rect>
    <rect height=""160"" style=""fill:#31C0D8;"" width=""140"" x=""342.603"" y=""322.689"">
    </rect>
    <polygon points=""287.603,422.689 287.603,482.689 207.603,482.689 207.603,422.689 247.603,422.689"" style=""fill:#E6E6E6;"">
    </polygon>
    <polygon points=""247.603,12.689 287.603,112.689 247.603,112.689 207.603,112.689"" style=""fill:#E6E6E6;"">
    </polygon>
    <rect height=""310"" style=""fill:#FFBD48;"" width=""40"" x=""247.603"" y=""112.689"">
    </rect>
    <rect height=""310"" style=""fill:#FFD248;"" width=""40"" x=""207.603"" y=""112.689"">
    </rect>
   </g>
   <g>
    <path d=""M152.603,2.689H12.603C7.08,2.689,2.603,7.166,2.603,12.689v470.0c0.0,5.523,4.477,10.0,10.0,10.0h140.0c5.523,0.0,10.0,-4.477,10.0,-10.0V12.689C162.603,7.166,158.126,2.689,152.603,2.689zM142.603,472.689H22.603v-65.0h50.0v-20.0H22.603v-50.0h50.0v-20.0H22.603v-60.0h50.0v-20.0H22.603v-60.0h50.0v-20.0H22.603v-50.0h50.0V87.689H22.603V22.689h120.0V472.689z"">
    </path>
    <path d=""M296.888,108.975l-40.0,-100.0C255.369,5.178,251.692,2.689,247.603,2.689s-7.766,2.489,-9.285,6.286l-40.0,100.0c-0.479,1.199,-0.708,2.459,-0.708,3.714H197.603v370.0c0.0,5.523,4.477,10.0,10.0,10.0h80.0c5.523,0.0,10.0,-4.477,10.0,-10.0V112.689h-0.007C297.596,111.434,297.367,110.174,296.888,108.975zM217.603,122.689h20.0v290.0h-20.0V122.689zM257.603,122.689h20.0v290.0h-20.0V122.689zM247.603,39.615L272.832,102.689H222.373L247.603,39.615zM217.603,472.689v-40.0h60.0v40.0H217.603z"">
    </path>
    <path d=""M482.603,222.689H342.603c-5.523,0.0,-10.0,4.477,-10.0,10.0v250.0c0.0,5.523,4.477,10.0,10.0,10.0h140.0c5.523,0.0,10.0,-4.477,10.0,-10.0V232.689C492.603,227.166,488.126,222.689,482.603,222.689zM472.603,242.689v70.0H352.603v-70.0H472.603zM352.603,472.689V332.689h120.0v140.0H352.603z"">
    </path>
    <rect height=""20"" width=""20"" x=""432.603"" y=""392.689"">
    </rect>
    <rect height=""20"" width=""50"" x=""402.603"" y=""432.689"">
    </rect>
   </g>
  </g>
 </g>
</svg>


Question: What color is the middle object?",Red,Yellow,Blue,Green,B,tool
178,"Examine the following SVG code carefully and answer the question based on your interpretation of the rendered image.

<svg id=""Layer_1"" style=""enable-background:new 0 0 490 490;"" version=""1.1"" viewbox=""0 0 490 490"" x=""0px"" xml:space=""preserve"" y=""0px"">
 <g>
  <g id=""XMLID_42_"">
   <g>
    <polygon points=""12.603,397.689 12.603,327.689 12.603,247.689 12.603,167.689 12.603,97.689 12.603,12.689 152.603,12.689 152.603,482.689 12.603,482.689"" style=""fill:#CCCCCC;"">
    </polygon>
    <rect height=""90"" style=""fill:#F2F2F2;"" width=""140"" x=""342.603"" y=""232.689"">
    </rect>
    <rect height=""160"" style=""fill:#31C0D8;"" width=""140"" x=""342.603"" y=""322.689"">
    </rect>
    <polygon points=""287.603,422.689 287.603,482.689 207.603,482.689 207.603,422.689 247.603,422.689"" style=""fill:#E6E6E6;"">
    </polygon>
    <polygon points=""247.603,12.689 287.603,112.689 247.603,112.689 207.603,112.689"" style=""fill:#E6E6E6;"">
    </polygon>
    <rect height=""310"" style=""fill:#FFBD48;"" width=""40"" x=""247.603"" y=""112.689"">
    </rect>
    <rect height=""310"" style=""fill:#FFD248;"" width=""40"" x=""207.603"" y=""112.689"">
    </rect>
   </g>
   <g>
    <path d=""M152.603,2.689H12.603C7.08,2.689,2.603,7.166,2.603,12.689v470.0c0.0,5.523,4.477,10.0,10.0,10.0h140.0c5.523,0.0,10.0,-4.477,10.0,-10.0V12.689C162.603,7.166,158.126,2.689,152.603,2.689zM142.603,472.689H22.603v-65.0h50.0v-20.0H22.603v-50.0h50.0v-20.0H22.603v-60.0h50.0v-20.0H22.603v-60.0h50.0v-20.0H22.603v-50.0h50.0V87.689H22.603V22.689h120.0V472.689z"">
    </path>
    <path d=""M296.888,108.975l-40.0,-100.0C255.369,5.178,251.692,2.689,247.603,2.689s-7.766,2.489,-9.285,6.286l-40.0,100.0c-0.479,1.199,-0.708,2.459,-0.708,3.714H197.603v370.0c0.0,5.523,4.477,10.0,10.0,10.0h80.0c5.523,0.0,10.0,-4.477,10.0,-10.0V112.689h-0.007C297.596,111.434,297.367,110.174,296.888,108.975zM217.603,122.689h20.0v290.0h-20.0V122.689zM257.603,122.689h20.0v290.0h-20.0V122.689zM247.603,39.615L272.832,102.689H222.373L247.603,39.615zM217.603,472.689v-40.0h60.0v40.0H217.603z"">
    </path>
    <path d=""M482.603,222.689H342.603c-5.523,0.0,-10.0,4.477,-10.0,10.0v250.0c0.0,5.523,4.477,10.0,10.0,10.0h140.0c5.523,0.0,10.0,-4.477,10.0,-10.0V232.689C492.603,227.166,488.126,222.689,482.603,222.689zM472.603,242.689v70.0H352.603v-70.0H472.603zM352.603,472.689V332.689h120.0v140.0H352.603z"">
    </path>
    <rect height=""20"" width=""20"" x=""432.603"" y=""392.689"">
    </rect>
    <rect height=""20"" width=""50"" x=""402.603"" y=""432.689"">
    </rect>
   </g>
  </g>
 </g>
</svg>


Question: What is the shape of the top part of the middle object?",Square,Circle,Triangle,Pentagon,C,tool
179,"Examine the following SVG code carefully and answer the question based on your interpretation of the rendered image.

<svg id=""Layer_1"" style=""enable-background:new 0 0 490 490;"" version=""1.1"" viewbox=""0 0 490 490"" x=""0px"" xml:space=""preserve"" y=""0px"">
 <g>
  <g id=""XMLID_42_"">
   <g>
    <polygon points=""12.603,397.689 12.603,327.689 12.603,247.689 12.603,167.689 12.603,97.689 12.603,12.689 152.603,12.689 152.603,482.689 12.603,482.689"" style=""fill:#CCCCCC;"">
    </polygon>
    <rect height=""90"" style=""fill:#F2F2F2;"" width=""140"" x=""342.603"" y=""232.689"">
    </rect>
    <rect height=""160"" style=""fill:#31C0D8;"" width=""140"" x=""342.603"" y=""322.689"">
    </rect>
    <polygon points=""287.603,422.689 287.603,482.689 207.603,482.689 207.603,422.689 247.603,422.689"" style=""fill:#E6E6E6;"">
    </polygon>
    <polygon points=""247.603,12.689 287.603,112.689 247.603,112.689 207.603,112.689"" style=""fill:#E6E6E6;"">
    </polygon>
    <rect height=""310"" style=""fill:#FFBD48;"" width=""40"" x=""247.603"" y=""112.689"">
    </rect>
    <rect height=""310"" style=""fill:#FFD248;"" width=""40"" x=""207.603"" y=""112.689"">
    </rect>
   </g>
   <g>
    <path d=""M152.603,2.689H12.603C7.08,2.689,2.603,7.166,2.603,12.689v470.0c0.0,5.523,4.477,10.0,10.0,10.0h140.0c5.523,0.0,10.0,-4.477,10.0,-10.0V12.689C162.603,7.166,158.126,2.689,152.603,2.689zM142.603,472.689H22.603v-65.0h50.0v-20.0H22.603v-50.0h50.0v-20.0H22.603v-60.0h50.0v-20.0H22.603v-60.0h50.0v-20.0H22.603v-50.0h50.0V87.689H22.603V22.689h120.0V472.689z"">
    </path>
    <path d=""M296.888,108.975l-40.0,-100.0C255.369,5.178,251.692,2.689,247.603,2.689s-7.766,2.489,-9.285,6.286l-40.0,100.0c-0.479,1.199,-0.708,2.459,-0.708,3.714H197.603v370.0c0.0,5.523,4.477,10.0,10.0,10.0h80.0c5.523,0.0,10.0,-4.477,10.0,-10.0V112.689h-0.007C297.596,111.434,297.367,110.174,296.888,108.975zM217.603,122.689h20.0v290.0h-20.0V122.689zM257.603,122.689h20.0v290.0h-20.0V122.689zM247.603,39.615L272.832,102.689H222.373L247.603,39.615zM217.603,472.689v-40.0h60.0v40.0H217.603z"">
    </path>
    <path d=""M482.603,222.689H342.603c-5.523,0.0,-10.0,4.477,-10.0,10.0v250.0c0.0,5.523,4.477,10.0,10.0,10.0h140.0c5.523,0.0,10.0,-4.477,10.0,-10.0V232.689C492.603,227.166,488.126,222.689,482.603,222.689zM472.603,242.689v70.0H352.603v-70.0H472.603zM352.603,472.689V332.689h120.0v140.0H352.603z"">
    </path>
    <rect height=""20"" width=""20"" x=""432.603"" y=""392.689"">
    </rect>
    <rect height=""20"" width=""50"" x=""402.603"" y=""432.689"">
    </rect>
   </g>
  </g>
 </g>
</svg>


Question: What is the right object?",Eraser,Pencil,Ruler,Pen,A,tool
180,"Examine the following SVG code carefully and answer the question based on your interpretation of the rendered image.

<svg id=""Layer_1"" style=""enable-background:new 0 0 512 512;"" version=""1.1"" viewbox=""0 0 512 512"" x=""0px"" xml:space=""preserve"" y=""0px"">
 <circle cx=""260.376"" cy=""260.879"" r=""256"" style=""fill:#FFC61B;"">
 </circle>
 <path d=""M515.605,280.849L357.934,123.177l-101.969,151.68l-0.117,-0.116l-91.683,125.319L280.223,516.119C405.743,506.494,505.922,406.351,515.605,280.849z"" style=""fill:#EAA22F;"">
 </path>
 <path d=""M329.548,260.879c0.0,-29.232,12.809,-53.92,30.384,-61.914v-69.925c0.0,-5.734,-5.113,-10.383,-11.421,-10.383H172.241c-6.308,0.0,-11.421,4.648,-11.421,10.383v69.925c17.575,7.994,30.384,32.682,30.384,61.914s-12.809,53.92,-30.384,61.914v69.925c0.0,5.734,5.113,10.383,11.421,10.383h176.269c6.308,0.0,11.421,-4.648,11.421,-10.383v-69.925C342.356,314.799,329.548,290.111,329.548,260.879z"" style=""fill:#273B7A;"">
 </path>
 <path d=""M359.932,198.965v-69.927c0.0,-5.734,-5.113,-10.381,-11.421,-10.381H260.376v284.444h88.135c6.308,0.0,11.421,-4.648,11.421,-10.383v-69.925c-17.575,-7.994,-30.384,-32.682,-30.384,-61.914S342.356,206.959,359.932,198.965z"" style=""fill:#121149;"">
 </path>
 <path d=""M260.376,346.212L260.376,346.212c23.326,0.0,42.236,-18.909,42.236,-42.236v-185.32h-84.471v185.32C218.14,327.303,237.05,346.212,260.376,346.212z"" style=""fill:#FFFFFF;"">
 </path>
 <path d=""M260.376,118.657v227.556c23.326,0.0,42.236,-18.909,42.236,-42.236v-185.32H260.376z"" style=""fill:#D0D1D3;"">
 </path>
 <circle cx=""274.598"" cy=""303.546"" r=""14.222"" style=""fill:#386895;"">
 </circle>
</svg>


Question: What is the primary color of the background in the image?",Yellow,Blue,Red,Green,A,tool
181,"Examine the following SVG code carefully and answer the question based on your interpretation of the rendered image.

<svg id=""Layer_1"" style=""enable-background:new 0 0 512 512;"" version=""1.1"" viewbox=""0 0 512 512"" x=""0px"" xml:space=""preserve"" y=""0px"">
 <circle cx=""260.376"" cy=""260.879"" r=""256"" style=""fill:#FFC61B;"">
 </circle>
 <path d=""M515.605,280.849L357.934,123.177l-101.969,151.68l-0.117,-0.116l-91.683,125.319L280.223,516.119C405.743,506.494,505.922,406.351,515.605,280.849z"" style=""fill:#EAA22F;"">
 </path>
 <path d=""M329.548,260.879c0.0,-29.232,12.809,-53.92,30.384,-61.914v-69.925c0.0,-5.734,-5.113,-10.383,-11.421,-10.383H172.241c-6.308,0.0,-11.421,4.648,-11.421,10.383v69.925c17.575,7.994,30.384,32.682,30.384,61.914s-12.809,53.92,-30.384,61.914v69.925c0.0,5.734,5.113,10.383,11.421,10.383h176.269c6.308,0.0,11.421,-4.648,11.421,-10.383v-69.925C342.356,314.799,329.548,290.111,329.548,260.879z"" style=""fill:#273B7A;"">
 </path>
 <path d=""M359.932,198.965v-69.927c0.0,-5.734,-5.113,-10.381,-11.421,-10.381H260.376v284.444h88.135c6.308,0.0,11.421,-4.648,11.421,-10.383v-69.925c-17.575,-7.994,-30.384,-32.682,-30.384,-61.914S342.356,206.959,359.932,198.965z"" style=""fill:#121149;"">
 </path>
 <path d=""M260.376,346.212L260.376,346.212c23.326,0.0,42.236,-18.909,42.236,-42.236v-185.32h-84.471v185.32C218.14,327.303,237.05,346.212,260.376,346.212z"" style=""fill:#FFFFFF;"">
 </path>
 <path d=""M260.376,118.657v227.556c23.326,0.0,42.236,-18.909,42.236,-42.236v-185.32H260.376z"" style=""fill:#D0D1D3;"">
 </path>
 <circle cx=""274.598"" cy=""303.546"" r=""14.222"" style=""fill:#386895;"">
 </circle>
</svg>


Question: What shape is the background of the object?",Square,Circle,Triangle,Hexagon,B,tool
182,"Examine the following SVG code carefully and answer the question based on your interpretation of the rendered image.

<svg id=""Layer_1"" style=""enable-background:new 0 0 512 512;"" version=""1.1"" viewbox=""0 0 512 512"" x=""0px"" xml:space=""preserve"" y=""0px"">
 <circle cx=""260.376"" cy=""260.879"" r=""256"" style=""fill:#FFC61B;"">
 </circle>
 <path d=""M515.605,280.849L357.934,123.177l-101.969,151.68l-0.117,-0.116l-91.683,125.319L280.223,516.119C405.743,506.494,505.922,406.351,515.605,280.849z"" style=""fill:#EAA22F;"">
 </path>
 <path d=""M329.548,260.879c0.0,-29.232,12.809,-53.92,30.384,-61.914v-69.925c0.0,-5.734,-5.113,-10.383,-11.421,-10.383H172.241c-6.308,0.0,-11.421,4.648,-11.421,10.383v69.925c17.575,7.994,30.384,32.682,30.384,61.914s-12.809,53.92,-30.384,61.914v69.925c0.0,5.734,5.113,10.383,11.421,10.383h176.269c6.308,0.0,11.421,-4.648,11.421,-10.383v-69.925C342.356,314.799,329.548,290.111,329.548,260.879z"" style=""fill:#273B7A;"">
 </path>
 <path d=""M359.932,198.965v-69.927c0.0,-5.734,-5.113,-10.381,-11.421,-10.381H260.376v284.444h88.135c6.308,0.0,11.421,-4.648,11.421,-10.383v-69.925c-17.575,-7.994,-30.384,-32.682,-30.384,-61.914S342.356,206.959,359.932,198.965z"" style=""fill:#121149;"">
 </path>
 <path d=""M260.376,346.212L260.376,346.212c23.326,0.0,42.236,-18.909,42.236,-42.236v-185.32h-84.471v185.32C218.14,327.303,237.05,346.212,260.376,346.212z"" style=""fill:#FFFFFF;"">
 </path>
 <path d=""M260.376,118.657v227.556c23.326,0.0,42.236,-18.909,42.236,-42.236v-185.32H260.376z"" style=""fill:#D0D1D3;"">
 </path>
 <circle cx=""274.598"" cy=""303.546"" r=""14.222"" style=""fill:#386895;"">
 </circle>
</svg>


Question: What is the color of the central left vertical strip in the object?",White,Black,Gray,Blue,A,tool
183,"Examine the following SVG code carefully and answer the question based on your interpretation of the rendered image.

<svg id=""Layer_1"" style=""enable-background:new 0 0 512 512;"" version=""1.1"" viewbox=""0 0 512 512"" x=""0px"" xml:space=""preserve"" y=""0px"">
 <circle cx=""260.376"" cy=""260.879"" r=""256"" style=""fill:#FFC61B;"">
 </circle>
 <path d=""M515.605,280.849L357.934,123.177l-101.969,151.68l-0.117,-0.116l-91.683,125.319L280.223,516.119C405.743,506.494,505.922,406.351,515.605,280.849z"" style=""fill:#EAA22F;"">
 </path>
 <path d=""M329.548,260.879c0.0,-29.232,12.809,-53.92,30.384,-61.914v-69.925c0.0,-5.734,-5.113,-10.383,-11.421,-10.383H172.241c-6.308,0.0,-11.421,4.648,-11.421,10.383v69.925c17.575,7.994,30.384,32.682,30.384,61.914s-12.809,53.92,-30.384,61.914v69.925c0.0,5.734,5.113,10.383,11.421,10.383h176.269c6.308,0.0,11.421,-4.648,11.421,-10.383v-69.925C342.356,314.799,329.548,290.111,329.548,260.879z"" style=""fill:#273B7A;"">
 </path>
 <path d=""M359.932,198.965v-69.927c0.0,-5.734,-5.113,-10.381,-11.421,-10.381H260.376v284.444h88.135c6.308,0.0,11.421,-4.648,11.421,-10.383v-69.925c-17.575,-7.994,-30.384,-32.682,-30.384,-61.914S342.356,206.959,359.932,198.965z"" style=""fill:#121149;"">
 </path>
 <path d=""M260.376,346.212L260.376,346.212c23.326,0.0,42.236,-18.909,42.236,-42.236v-185.32h-84.471v185.32C218.14,327.303,237.05,346.212,260.376,346.212z"" style=""fill:#FFFFFF;"">
 </path>
 <path d=""M260.376,118.657v227.556c23.326,0.0,42.236,-18.909,42.236,-42.236v-185.32H260.376z"" style=""fill:#D0D1D3;"">
 </path>
 <circle cx=""274.598"" cy=""303.546"" r=""14.222"" style=""fill:#386895;"">
 </circle>
</svg>


Question: What is the object in the image?",Pencil,Eraser,Ruler,Sharpener,D,tool
